Time, Rlegs, Llegs, DCL, DCR, GyroX, GyroY, GyroZ, GyroZAvg, AccelX, AccelY, AccelZ, LBEMF, RBEMF, SteerOut
793,253,260,668,0,-256,165,-111,-110,-20,-4,226,53,54,0
4143,253,260,687,0,-257,166,-113,-110,-26,-2,224,52,54,0
7479,253,260,668,0,-258,165,-110,-110,-24,-3,225,53,54,0
10796,253,260,687,0,-256,167,-112,-110,-22,-2,224,52,54,0
17485,253,260,687,0,-256,169,-111,-110,-26,-4,230,52,54,0
20799,253,260,668,0,-258,171,-109,-110,-23,-1,225,53,54,0
24144,253,260,668,0,-254,171,-111,-110,-21,-4,224,53,54,0
27485,253,260,668,0,-254,171,-109,-110,-25,-1,228,53,54,0
30802,253,260,668,0,-255,169,-111,-110,-22,-5,224,53,54,0
34144,253,260,687,0,-257,168,-110,-110,-23,-4,225,52,54,0
37486,253,260,668,0,-256,168,-111,-110,-24,-2,221,53,54,0
40805,253,260,668,0,-255,164,-111,-110,-23,-1,224,53,54,0
44144,253,260,687,0,-257,167,-110,-110,-26,-3,221,52,54,0
47485,253,260,687,0,-257,166,-110,-110,-24,-2,227,52,53,0
50809,253,260,687,0,-257,164,-112,-110,-27,0,227,52,54,0
54144,253,260,668,0,-254,163,-113,-110,-23,-2,228,53,54,0
57486,253,260,668,0,-258,164,-112,-110,-24,-2,225,53,54,0
60812,253,260,687,0,-259,166,-112,-110,-24,-8,226,52,54,0
64165,253,260,687,0,-254,167,-112,-110,-24,0,226,52,54,0
67486,253,260,668,0,-254,169,-109,-110,-21,-3,223,53,54,0
70815,253,260,668,0,-255,170,-112,-110,-22,-5,229,53,54,0
74169,253,260,668,0,-255,168,-112,-110,-25,-1,229,53,53,0
77486,253,260,668,0,-258,169,-111,-110,-22,-3,222,53,54,0
80818,253,260,668,0,-256,168,-111,-110,-22,-2,231,53,54,0
84169,253,260,668,0,-257,168,-111,-110,-22,-7,227,53,54,0
87487,253,260,668,0,-258,169,-113,-111,-23,-3,226,53,54,0
90821,253,260,668,0,-255,168,-113,-111,-21,-4,221,53,54,0
94170,253,260,668,0,-255,166,-111,-111,-22,-4,222,53,54,0
97511,253,260,687,0,-257,169,-112,-111,-22,-7,221,52,54,0
100825,253,260,668,0,-254,165,-112,-111,-24,-3,228,53,54,0
104170,0,0,0,0,-255,167,-112,-111,-23,-6,223,53,54,0
107512,0,0,0,0,-255,168,-109,-111,-27,-4,228,53,53,0
110828,0,0,0,0,-257,170,-112,-111,-22,-6,228,53,54,0
114170,0,0,0,0,-257,165,-111,-111,-22,-7,227,53,54,0
117512,0,0,0,0,-256,165,-111,-111,-22,-3,224,52,53,0
120831,0,0,0,0,-255,166,-111,-111,-19,0,227,53,54,0
124170,0,0,0,0,-257,165,-112,-111,-21,-2,225,53,54,0
127513,0,0,0,0,-257,167,-111,-111,-23,0,226,52,53,0
130835,0,0,0,0,-257,166,-111,-111,-20,-2,228,53,54,0
134171,0,0,0,0,-256,167,-111,-111,-23,-2,223,53,54,0
137513,0,0,0,0,-257,169,-111,-111,-22,-1,225,53,54,0
140838,0,0,0,0,-255,172,-111,-111,-21,-4,225,53,53,0
144193,0,0,0,0,-257,169,-111,-111,-23,-4,226,53,54,0
147513,0,0,0,0,-255,167,-111,-111,-22,-6,227,53,54,0
150841,0,0,0,0,-257,168,-113,-111,-25,-2,231,53,54,0
154195,0,0,0,0,-258,166,-111,-111,-23,-2,230,52,54,0
157514,0,0,0,0,-254,165,-109,-111,-24,-2,226,52,54,0
160844,0,0,0,0,-257,167,-112,-111,-20,-10,224,53,54,0
164196,0,0,0,0,-254,168,-110,-111,-24,-1,224,53,54,0
167514,0,0,0,0,-255,168,-112,-111,-22,-6,227,53,54,0
170847,0,0,0,0,-255,170,-110,-111,-24,-3,225,53,54,0
174196,0,0,0,0,-256,173,-109,-111,-23,-5,225,52,54,0
177515,0,0,0,0,-257,169,-112,-111,-21,-6,221,53,54,0
180850,0,0,0,0,-256,167,-111,-111,-24,-1,226,52,54,0
184196,0,0,0,0,-257,167,-113,-111,-26,1,225,53,54,0
187539,0,0,0,0,-256,163,-111,-111,-22,-2,223,53,54,0
190854,0,0,0,0,-258,164,-111,-111,-20,-5,224,52,53,0
194196,0,0,0,0,-259,166,-112,-111,-19,-2,227,53,54,0
197542,0,0,0,0,-257,166,-113,-111,-23,-1,222,52,54,0
200856,0,0,0,0,-256,167,-109,-111,-24,-2,227,53,54,0
204200,0,0,1062,1062,-255,169,-110,-111,-20,-4,222,0,0,0
207545,0,0,0,0,-258,162,-111,-111,-2,-8,218,78,76,0
210860,0,0,0,0,-251,143,-107,-110,-28,4,218,77,72,0
214200,0,0,0,0,-336,152,-117,-111,-17,1,226,70,69,0
217546,0,1,68,0,-321,168,-130,-111,-3,-13,223,69,67,0
220863,0,1,68,0,-221,156,-89,-111,-31,1,214,69,66,0
224221,0,1,87,0,-242,149,-96,-110,-34,2,217,68,59,0
227545,0,1,350,331,-307,134,-90,-109,-18,3,226,70,55,0
230866,0,1,218,181,-291,105,-94,-109,-38,3,219,77,63,0
234223,0,1,31,31,-338,74,-112,-109,-31,7,222,87,71,0
237546,1,1,0,106,-368,86,-147,-110,-9,0,227,83,67,0
240869,1,1,200,331,-272,101,-145,-111,-26,0,215,78,71,0
244223,1,1,87,68,-228,101,-149,-112,-44,6,213,84,85,0
247546,1,1,143,106,-305,128,-174,-114,-35,1,224,81,83,0
250872,1,1,425,425,-327,147,-163,-116,-15,-7,217,82,82,0
254224,1,1,181,181,-262,135,-153,-117,-33,-7,221,95,95,0
257547,1,1,125,162,-271,107,-150,-118,-40,-10,229,98,96,0
260876,2,2,0,0,-327,93,-146,-119,-15,2,225,98,92,0
264224,2,2,218,425,-244,104,-105,-119,-1,-9,222,93,82,0
267546,2,2,218,237,-110,129,-100,-119,-62,2,237,93,92,0
270879,2,2,181,162,-164,159,-99,-119,-48,3,236,95,96,0
274224,2,2,462,518,-326,201,-131,-119,-19,-7,241,96,93,0
277548,2,3,218,0,-307,214,-134,-120,-24,-1,239,109,105,0
280882,3,3,0,68,-264,306,-164,-122,-17,1,233,115,101,0
284224,3,3,143,218,-259,386,-171,-123,-5,-8,245,97,93,0
287552,3,3,518,406,-186,404,-164,-125,-31,-13,238,93,99,0
290885,3,3,237,143,-192,402,-176,-127,-24,-15,243,108,113,0
294225,4,3,0,237,-242,412,-177,-129,-24,5,238,113,108,0
297554,4,4,275,237,-217,425,-177,-131,-11,-12,246,106,108,0
300888,4,4,368,256,-190,466,-177,-133,-26,-15,237,101,107,0
304225,4,4,200,125,-230,462,-172,-135,-27,-18,232,110,114,0
307557,5,5,0,200,-291,463,-182,-137,-9,-14,238,110,110,0
310892,5,5,256,125,-319,542,-137,-138,-13,-11,224,107,114,0
314249,5,5,368,87,-336,583,-134,-139,-17,-24,235,101,116,0
317561,5,5,425,106,-318,549,-141,-140,-9,-18,234,98,115,0
320895,5,5,687,481,-275,422,-159,-141,-30,-17,224,100,111,0
324252,6,6,143,0,-282,258,-150,-142,-58,-46,224,113,123,0
327564,6,6,162,68,-377,43,-136,-143,-38,-30,231,112,117,0
330898,6,6,631,275,-452,-255,-185,-146,-34,-19,239,98,117,0
334253,6,7,368,0,-429,-514,-187,-149,-80,-12,223,112,122,0
337567,7,7,12,68,-550,-678,-209,-153,-5,12,229,115,112,0
340901,7,7,218,106,-504,-709,-280,-158,-13,32,227,104,110,0
344258,7,7,575,256,-480,-667,-382,-165,-45,21,211,101,118,0
347570,7,8,293,0,-576,-624,-456,-175,-37,37,217,116,122,0
350904,7,8,331,31,-669,-518,-586,-189,-10,42,217,114,114,0
354259,8,8,481,443,-602,-361,-647,-204,-2,55,240,106,108,0
357573,8,8,575,331,-549,-231,-686,-220,-47,32,235,101,114,0
360908,8,9,350,0,-615,-185,-699,-237,-27,17,220,113,117,0
364259,8,9,331,181,-578,-147,-708,-254,5,44,218,114,106,0
367576,9,9,331,537,-457,-87,-649,-270,-19,48,224,114,103,0
370911,9,9,481,350,-422,-89,-580,-285,-12,42,219,106,113,0
374259,9,9,368,331,-427,-203,-484,-297,-28,15,208,112,114,0
377580,9,10,406,125,-491,-322,-439,-308,-10,46,238,110,109,0
380914,10,10,350,631,-503,-361,-317,-313,-18,45,232,113,98,0
384259,10,10,462,425,-545,-403,-228,-316,-37,62,250,107,109,0
387584,10,10,425,443,-636,-463,-186,-317,-21,55,242,109,108,0
390917,10,11,406,275,-742,-442,-179,-317,-12,86,238,110,101,0
394259,11,11,331,687,-661,-276,-133,-316,-49,91,228,114,95,0
397587,11,11,275,462,-728,-159,-95,-314,-24,105,229,117,107,0
400920,11,11,406,406,-866,-80,-139,-313,-13,93,213,110,110,0
404260,11,11,406,500,-915,5,-128,-311,-22,88,228,110,105,0
407589,12,12,256,500,-963,139,-63,-308,-37,68,229,118,105,0
410924,12,12,275,500,-1141,169,16,-302,-23,92,227,117,105,0
414260,12,12,406,425,-1169,174,38,-295,-5,85,222,110,109,0
417593,12,12,331,481,-1088,208,73,-288,-30,95,215,114,106,0
420927,13,13,237,443,-1129,265,123,-280,-16,41,212,119,108,0
424285,13,13,350,406,-1112,308,194,-270,10,68,201,113,110,0
427596,13,13,350,406,-1063,324,253,-257,0,78,199,113,110,0
430930,13,13,256,368,-967,386,310,-242,-17,56,201,118,112,0
434286,14,14,87,331,-978,421,342,-228,-17,52,185,127,114,0
437599,14,14,312,256,-1041,443,398,-209,-6,62,197,115,118,0
440933,14,14,312,350,-1073,497,431,-190,-15,49,176,115,113,0
444286,15,14,162,650,-1124,552,433,-170,-7,87,178,123,113,0
447602,15,15,218,293,-1188,601,414,-148,10,30,181,120,116,0
450936,15,15,293,256,-1188,586,455,-122,-3,26,173,116,118,0
454287,15,15,612,650,-1151,557,467,-93,4,37,170,120,118,0
457605,16,15,0,443,-1136,530,491,-60,35,-15,186,145,129,0
460940,16,16,50,68,-1083,420,522,-23,5,24,176,134,133,0
464287,16,16,200,237,-1078,397,535,14,-11,37,163,126,124,0
467608,17,16,0,462,-1212,378,494,51,14,47,184,140,128,0
470944,17,17,31,87,-1240,362,410,86,23,-1,178,135,132,0
474287,17,17,106,162,-1143,393,414,120,29,11,195,131,128,0
477612,18,17,12,481,-1077,443,412,151,30,34,206,136,127,0
480946,18,18,68,125,-930,432,409,178,32,29,189,133,130,0
484287,18,18,50,31,-861,394,405,205,-51,-24,190,134,135,0
487615,19,18,0,125,-959,389,395,227,-40,-9,171,145,130,0
490950,19,19,0,106,-1088,399,356,245,70,-10,207,144,131,0
494288,19,19,0,68,-844,452,381,263,56,-32,210,141,133,0
497618,20,19,0,31,-581,476,453,283,0,-50,204,152,135,0
500953,20,20,0,143,-394,517,501,303,41,-61,196,147,129,0
504287,21,20,0,50,-273,557,594,324,21,-54,204,150,134,0
507621,21,20,0,12,-195,651,687,350,7,-84,246,148,136,0
510955,21,21,0,0,-120,665,844,380,46,-115,275,144,130,0
514312,22,21,0,125,19,606,931,411,49,-112,271,150,130,0
517624,22,21,0,0,113,542,1051,444,25,-141,262,143,137,0
520959,22,22,0,0,179,471,1131,478,30,-155,273,142,129,0
524316,23,22,0,162,206,467,1176,512,56,-166,326,146,128,0
527627,23,22,0,0,380,548,1229,547,81,-192,330,138,137,0
530962,24,23,0,0,702,591,1190,578,62,-195,320,136,128,0
534320,24,23,0,0,718,526,1118,605,64,-206,329,137,127,0
537631,24,23,0,143,676,352,954,625,67,-189,311,127,129,0
540966,24,23,0,125,632,163,697,636,43,-201,281,122,130,0
544321,25,24,0,0,531,-34,437,638,42,-190,286,123,128,0
547634,25,24,181,218,394,-203,127,628,41,-185,282,111,125,0
550969,25,24,200,218,273,-351,-218,608,37,-157,276,110,125,0
554325,25,25,106,0,227,-412,-443,581,43,-117,263,115,125,0
557637,26,25,0,12,231,-431,-609,548,33,-91,256,117,120,0
560972,26,25,218,331,277,-486,-728,510,11,-79,242,109,119,0
564325,26,26,218,0,257,-535,-742,472,25,-51,227,109,130,0
567640,26,26,162,0,292,-534,-724,433,1,-31,230,112,128,0
570975,27,26,106,181,361,-494,-668,395,-34,-15,208,115,127,0
574325,27,27,312,0,309,-496,-592,361,-17,-13,209,104,128,0
577643,27,27,237,0,335,-509,-499,333,-13,26,203,108,127,0
580978,27,27,406,125,445,-463,-348,309,-41,25,207,110,125,0
584325,28,27,0,87,509,-466,-259,288,-28,51,220,122,127,0
587647,28,28,237,0,575,-452,-155,271,-77,42,189,103,123,0
590981,28,28,368,0,361,-430,-55,256,-67,46,179,96,118,0
594325,28,28,481,237,235,-440,-11,243,-26,71,207,106,119,0
597650,29,29,0,0,236,-490,11,233,-35,92,209,117,118,0
600984,29,29,312,12,301,-459,32,222,-82,86,186,99,115,0
604325,29,29,781,481,190,-380,-41,206,-85,87,191,90,106,0
607653,29,29,556,331,43,-338,-82,188,-16,77,229,102,114,0
610987,29,29,406,350,257,-375,-178,164,2,93,232,110,113,0
614325,30,30,181,162,406,-378,-276,134,-59,75,238,106,107,0
617656,30,30,781,668,363,-384,-352,97,-52,65,236,90,96,0
620991,30,30,743,518,80,-454,-506,52,-28,77,257,92,104,0
624347,30,30,500,443,51,-519,-638,0,-21,79,255,105,108,0
627660,30,31,593,218,115,-495,-707,-58,-45,69,257,100,104,0
630994,31,31,631,631,107,-473,-774,-119,-18,76,248,98,98,0
634351,31,31,650,518,125,-441,-786,-182,-29,84,247,97,104,0
637663,31,31,575,481,186,-426,-827,-245,-15,102,241,101,106,0
640997,31,31,575,556,249,-380,-832,-306,-13,74,245,101,102,0
644350,31,32,837,537,254,-389,-802,-360,-14,93,238,103,103,0
647666,32,32,312,500,230,-426,-790,-407,-28,108,241,115,105,0
651001,32,32,612,612,113,-367,-725,-443,-25,86,238,99,99,0
654351,32,32,631,650,-62,-302,-657,-468,-7,88,231,98,97,0
657670,32,32,875,743,-224,-239,-558,-478,17,104,238,101,108,0
661004,33,33,256,293,-264,-156,-495,-480,50,103,221,118,116,0
664351,33,33,575,518,-195,-47,-387,-473,-11,109,204,101,104,0
667672,33,33,687,537,-231,50,-277,-459,50,107,210,95,103,0
671007,33,33,856,650,-142,97,-94,-439,22,94,203,102,113,0
674351,34,34,237,218,-113,78,-39,-417,53,97,196,119,120,0
677676,34,34,406,406,-55,97,38,-395,18,104,192,110,110,0
681010,34,34,650,350,-145,113,109,-373,13,106,182,97,113,0
684352,34,34,706,443,-241,86,183,-352,13,77,165,110,124,0
687679,35,35,181,125,-306,61,190,-335,27,62,168,122,125,0
691013,35,35,312,312,-270,220,131,-323,16,84,165,115,115,0
694352,35,35,875,500,-190,329,158,-313,-20,66,149,101,121,0
697683,35,35,612,368,-221,351,155,-307,31,52,146,115,128,0
701017,36,36,462,0,-272,295,181,-301,22,91,172,123,133,0
704373,36,36,593,387,-163,368,135,-297,23,66,182,121,132,0
707685,36,37,575,162,-51,418,66,-296,22,75,186,122,144,0
711021,36,37,481,0,148,384,18,-294,33,68,191,127,142,0
714377,37,37,443,237,306,397,-39,-292,21,59,193,129,140,0
717688,37,38,593,0,409,464,-105,-290,-5,31,186,121,140,0
721023,37,38,462,0,384,578,-254,-290,-37,27,192,128,141,0
724377,38,38,12,0,276,670,-412,-291,23,-44,193,136,140,0
727692,38,39,631,68,263,689,-614,-295,35,65,209,119,133,0
731026,38,39,387,31,289,938,-630,-295,-170,47,189,132,135,0
734377,39,39,0,0,-176,993,-900,-301,-36,-4,201,143,138,0
737695,39,40,443,50,-353,1050,-971,-307,-32,48,211,129,134,0
741029,39,40,387,0,-341,1216,-984,-313,-59,4,192,132,138,0
744378,40,40,0,0,-378,1252,-993,-318,-5,24,193,150,144,0
747698,40,41,12,0,-230,1286,-1032,-324,28,-13,185,136,143,0
751033,40,41,387,0,174,1413,-1055,-332,-32,-22,140,132,150,0
754377,41,41,0,0,235,1425,-1050,-340,-78,-55,117,149,148,0
757701,41,42,0,0,7,1389,-1072,-351,-40,-85,141,139,149,0
761036,41,42,368,0,-195,1349,-1053,-364,-38,-92,173,133,153,0
764378,42,43,0,0,-207,1348,-991,-377,-16,-121,163,140,146,0
767704,42,43,125,0,-108,1333,-918,-390,22,-127,147,130,146,0
771039,42,43,143,0,-82,1351,-772,-402,-134,-138,207,129,139,0
774378,43,44,31,0,-345,1505,-657,-414,-133,-249,286,135,133,0
777708,43,44,237,0,-886,1482,-508,-427,-108,-262,319,124,128,0
781066,43,44,237,125,-1146,1232,-264,-434,-6,-325,366,124,114,0
784400,44,45,68,218,-889,866,-31,-436,-39,-331,423,133,109,0
787711,44,45,368,218,-690,369,87,-437,-6,-259,461,117,109,0
791069,44,45,293,143,-348,182,162,-438,52,-248,511,121,113,0
794403,45,45,0,162,248,263,225,-437,-54,-299,396,124,112,0
797714,45,45,331,556,143,-2,235,-433,-76,-251,377,119,107,0
801072,45,46,368,68,-168,-30,178,-433,-41,-222,360,117,117,0
804403,45,46,312,143,-373,72,138,-433,14,-179,321,120,113,0
807717,46,46,200,462,-357,127,43,-438,19,-157,285,126,112,0
811076,46,47,312,0,-55,68,-41,-443,-31,-145,253,120,122,0
814404,46,47,275,87,-5,-14,-155,-450,-13,-101,221,122,116,0
817720,47,47,0,87,106,-84,-190,-456,-20,-64,185,125,116,0
821079,47,47,275,293,249,-146,-163,-460,-54,-46,171,122,121,0
824403,47,48,256,0,147,-243,-186,-463,-63,-31,151,123,127,0
827724,47,48,387,143,-61,-422,-135,-459,-53,-53,152,127,124,0
831082,48,48,0,31,-175,-467,-73,-449,-67,63,147,133,130,0
834404,48,49,312,0,-256,-409,4,-429,-43,20,141,115,123,0
837728,48,49,368,0,-482,-493,-5,-410,-61,24,129,112,119,0
841085,49,49,293,237,-658,-656,-2,-382,-51,43,135,116,119,0
844404,49,49,162,143,-760,-726,27,-350,-69,53,139,123,124,0
847730,49,50,406,0,-889,-844,173,-314,-69,45,148,110,124,0
851087,49,50,387,0,-935,-948,198,-277,-77,83,164,111,117,0
854405,50,50,368,350,-935,-1039,224,-238,-56,83,185,112,113,0
857733,50,50,256,275,-842,-1113,203,-199,-28,118,201,118,117,0
861091,50,51,481,0,-744,-1121,136,-161,-8,99,220,106,116,0
864426,50,51,406,143,-553,-1079,52,-126,-45,113,211,110,108,0
867736,51,51,406,462,-382,-930,-67,-96,-44,132,215,110,107,0
871095,51,51,312,275,-422,-779,-205,-71,-60,123,235,115,117,0
874429,51,52,500,50,-549,-602,-362,-54,-23,126,265,105,113,0
877740,51,52,462,218,-589,-394,-549,-47,-14,116,259,107,104,0
881095,51,52,706,518,-541,-268,-643,-46,-12,123,282,110,104,0
884430,52,52,181,406,-567,-227,-715,-53,-17,127,287,122,110,0
887743,52,53,556,143,-697,-197,-758,-68,-2,112,282,102,108,0
891095,52,53,837,668,-670,-215,-738,-90,15,112,276,103,96,0
894429,52,53,631,612,-651,-319,-744,-116,0,130,268,114,99,0
897746,53,53,200,443,-772,-406,-715,-144,4,120,251,121,108,0
901096,53,53,631,500,-848,-402,-654,-171,31,133,253,98,105,0
904430,53,54,818,556,-838,-409,-606,-197,28,115,240,104,102,0
907749,53,54,556,537,-777,-417,-576,-221,45,139,247,118,103,0
911095,54,54,143,537,-710,-326,-558,-243,34,145,228,124,103,0
914431,54,54,537,500,-685,-141,-472,-259,11,125,220,103,105,0
917753,54,54,743,875,-786,108,-399,-270,7,112,200,108,101,0
921096,55,55,143,387,-899,215,-362,-276,18,118,195,124,111,0
924430,55,55,143,462,-1033,378,-265,-279,6,100,188,124,107,0
927756,55,55,425,462,-1118,573,-86,-276,33,76,189,109,107,0
931096,55,55,612,743,-1131,583,8,-270,29,40,199,115,108,0
934431,56,56,0,331,-1059,555,92,-263,23,71,205,133,114,0
937759,56,56,87,350,-1009,613,298,-252,1,85,196,127,113,0
941097,56,56,331,425,-1102,684,440,-238,2,81,189,114,109,0
944452,56,56,518,725,-1167,717,520,-222,5,78,197,120,109,0
947762,57,57,0,256,-1271,817,584,-203,8,80,181,134,118,0
951117,57,57,293,368,-1241,1021,664,-183,17,64,196,116,112,0
954452,57,57,575,631,-1130,1170,736,-166,18,60,196,122,119,0
957765,58,57,0,406,-1007,1190,834,-146,24,32,199,147,131,0
961121,58,58,50,200,-998,1129,909,-124,-34,3,200,134,126,0
964456,58,58,481,593,-1064,1051,994,-100,-15,27,172,127,121,0
967768,59,58,0,443,-1163,846,1025,-72,18,45,199,138,129,0
971121,59,59,87,125,-1105,687,1002,-42,6,8,202,132,130,0
974456,59,59,143,218,-999,590,978,-10,8,1,187,129,125,0
977771,60,59,50,462,-808,553,953,26,2,-18,191,134,128,0
981122,60,60,0,0,-674,511,906,65,-5,35,174,137,139,0
984457,60,60,50,0,-595,487,858,109,-24,-10,177,134,137,0
987775,61,60,12,406,-665,581,764,153,-22,12,173,136,131,0
991122,61,61,31,0,-636,704,741,199,15,-17,165,135,137,0
994458,61,61,50,0,-507,735,706,244,23,-36,177,134,137,0
997778,62,61,0,12,-411,668,613,287,-3,-21,179,144,136,0
1001122,62,62,0,68,-348,641,568,328,2,-36,160,145,133,0
1004457,62,62,0,0,-329,589,586,368,-9,-41,171,146,138,0
1007781,63,62,0,0,-317,630,602,408,-9,-38,179,151,139,0
1011123,63,63,0,50,-314,721,672,447,17,-91,212,150,134,0
1014457,64,63,0,12,-227,826,744,489,61,-82,222,148,136,0
1017784,64,63,0,0,186,865,874,533,33,-81,222,155,139,0
1021123,64,64,0,0,374,941,926,577,2,-111,238,149,133,0
1024458,65,64,0,68,277,1046,1015,621,6,-147,256,153,133,0
1027787,65,64,0,0,181,1193,1117,668,19,-167,296,147,138,0
1031144,65,65,0,0,225,1198,1185,713,37,-183,317,145,131,0
1034480,66,65,0,125,409,1150,1201,753,57,-178,329,148,130,0
1037791,66,65,0,68,643,1009,1112,788,-12,-220,294,142,133,0
1041148,67,66,0,0,602,790,1008,816,53,-223,333,138,130,0
1044481,67,66,0,0,555,514,847,833,72,-239,344,131,125,0
1047794,67,66,0,218,557,198,540,837,35,-237,328,122,125,0
1051148,67,67,106,0,424,-23,246,828,35,-238,319,115,126,0
1054481,68,67,0,0,254,-237,-1,810,42,-197,311,115,123,0
1057797,68,67,331,312,237,-401,-317,779,45,-175,286,103,120,0
1061148,68,67,200,181,257,-446,-496,741,30,-161,263,110,127,0
1064482,68,68,181,0,207,-489,-621,695,10,-139,246,111,127,0
1067800,69,68,0,0,196,-484,-731,644,17,-104,243,118,124,0
1071148,69,68,293,293,192,-507,-740,590,-26,-112,224,105,121,0
1074482,69,69,237,0,128,-585,-696,536,-26,-98,229,108,126,0
1077804,69,69,406,143,94,-680,-562,487,-9,-52,221,110,124,0
1081149,70,69,0,50,141,-762,-440,443,-14,-55,213,120,129,0
1084482,70,69,31,162,181,-847,-300,403,-24,-21,194,114,123,0
1087807,70,70,275,0,194,-872,-119,371,-56,-3,192,101,123,0
1091149,70,70,556,218,133,-887,-52,343,-27,24,192,102,120,0
1094482,71,70,12,125,111,-863,54,321,-27,15,188,115,125,0
1097810,71,71,68,0,147,-858,107,301,-31,41,175,112,121,0
1101149,71,71,425,31,151,-839,185,285,-54,58,184,93,114,0
1104482,71,71,668,425,105,-764,205,272,-48,60,181,96,109,0
1107814,71,71,443,200,70,-771,211,261,-13,28,193,108,121,0
1111170,72,72,31,0,178,-855,198,249,-44,64,204,114,116,0
1114506,72,72,406,200,232,-851,144,234,-61,90,195,94,105,0
1117816,72,72,837,556,118,-741,48,215,-50,84,235,87,102,0
1121174,72,72,500,350,4,-712,-79,189,-19,105,247,105,113,0
1124507,72,73,537,143,51,-673,-148,157,-73,102,241,103,108,0
1127819,73,73,293,293,17,-575,-314,118,-83,116,233,100,100,0
1131173,73,73,856,668,-151,-517,-406,74,-42,112,244,86,96,0
1134510,73,73,556,406,-238,-524,-537,22,-20,113,255,102,110,0
1137823,73,73,631,425,-73,-518,-712,-36,-35,109,257,98,109,0
1141174,73,73,950,818,94,-499,-788,-98,-51,86,247,97,104,0
1144515,74,74,481,443,141,-515,-867,-160,-9,107,265,106,108,0
1147826,74,74,481,556,300,-553,-928,-220,-18,101,248,106,102,0
1151174,74,74,762,556,359,-547,-906,-275,-63,117,236,91,102,0
1154516,74,74,987,875,263,-535,-853,-319,-37,114,235,95,101,0
1157829,74,75,762,481,139,-479,-763,-350,-22,139,235,107,106,0
1161175,75,75,406,556,83,-427,-685,-372,-8,121,223,110,102,0
1164516,75,75,762,518,40,-350,-534,-378,-22,129,215,91,104,0
1167832,75,75,950,743,-55,-255,-378,-375,1,129,222,97,108,0
1171175,75,75,668,593,-42,-194,-247,-363,20,126,223,112,116,0
1174517,76,76,312,387,93,-193,-151,-345,17,149,216,115,111,0
1177836,76,76,575,537,42,-80,-7,-322,-3,131,198,101,103,0
1181175,76,76,968,725,-73,-26,68,-298,16,123,196,96,109,0
1184517,76,76,650,537,-110,2,166,-275,0,122,178,113,119,0
1187839,77,77,256,293,-173,106,186,-256,38,142,187,118,116,0
1191197,77,77,518,331,-99,272,180,-241,29,118,183,104,114,0
1194517,77,77,912,537,-42,383,246,-229,32,131,170,99,119,0
1197842,77,77,556,387,48,489,247,-220,25,129,155,118,127,0
1201232,78,78,575,537,47,595,183,-216,28,115,157,122,124,0
1204518,78,78,575,425,114,698,105,-216,-16,91,143,122,130,0
1207845,78,78,556,256,41,703,1,-222,-32,105,150,123,139,0
1211200,78,79,556,68,-61,666,-74,-231,34,83,166,123,133,0
1214517,79,79,518,425,-72,633,-123,-241,1,71,160,125,130,0
1217848,79,79,556,218,86,656,-250,-255,12,92,153,123,141,0
1221201,79,80,500,0,236,733,-326,-270,-3,109,161,126,141,0
1224542,80,80,125,0,354,788,-445,-285,16,62,168,130,139,0
1227852,80,81,575,256,470,897,-501,-298,-17,99,178,122,139,0
1231201,80,81,425,0,429,1030,-592,-312,-28,100,182,130,143,0
1234544,81,81,0,0,312,1139,-738,-325,-13,84,178,139,145,0
1237855,81,82,462,0,303,1279,-841,-339,19,88,200,128,140,0
1241202,81,82,312,0,346,1392,-954,-352,-90,69,184,136,142,0
1244544,82,82,0,0,129,1449,-1047,-363,-62,26,229,150,148,0
1247858,82,83,0,0,-223,1554,-1169,-374,-9,42,234,142,145,0
1251201,82,83,256,0,-142,1656,-1234,-386,-31,26,197,139,155,0
1254544,83,83,0,0,70,1702,-1301,-398,-8,-10,170,152,154,0
1257861,83,84,0,0,186,1811,-1336,-411,-58,-89,213,142,158,0
1261202,83,84,275,0,238,1850,-1350,-427,-43,-67,242,138,162,0
1264545,84,85,0,0,204,1829,-1407,-447,-54,-104,236,151,162,0
1267864,84,85,0,0,9,1693,-1473,-471,-50,-155,227,145,166,0
1271202,85,86,0,0,-169,1556,-1449,-500,-135,-215,201,147,157,0
1274545,85,86,0,0,-723,1519,-1370,-531,-135,-257,288,150,157,0
1277868,85,87,0,0,-1523,1468,-1228,-562,-39,-284,298,140,142,0
1281223,86,87,0,0,-1544,1283,-1079,-591,28,-313,330,138,138,0
1284544,86,87,218,0,-1263,1060,-699,-612,15,-310,334,125,131,0
1287871,86,87,256,50,-630,730,-413,-627,31,-360,366,123,118,0
1291227,87,88,0,0,-107,433,-113,-636,-19,-364,353,129,105,0
1294545,87,88,0,181,142,176,236,-634,-42,-349,326,124,95,0
1297874,87,88,443,350,88,-49,401,-627,-39,-314,325,113,102,0
1301227,87,88,200,162,126,-127,478,-620,-25,-280,320,126,112,0
1304545,88,89,0,0,156,-133,397,-615,-30,-241,274,129,107,0
1307877,88,89,368,350,3,-74,290,-612,-9,-196,262,117,102,0
1311227,88,89,256,106,-33,-4,112,-612,-49,-176,221,123,115,0
1314570,89,89,0,106,-249,14,-102,-615,-30,-156,222,131,115,0
1317881,89,90,0,200,-427,-55,-260,-621,-3,-126,221,125,110,0
1321227,89,90,350,87,-304,-226,-352,-628,-52,-105,197,118,116,0
1324573,89,90,143,12,-255,-513,-420,-633,-27,-56,204,129,120,0
1327885,90,90,0,293,-270,-733,-456,-637,-30,-62,194,132,116,0
1331228,90,91,256,0,-264,-961,-452,-638,-37,-4,199,118,123,0
1334574,90,91,293,0,-278,-1109,-397,-634,-67,12,160,116,121,0
1337887,91,91,0,0,-477,-1152,-373,-628,-60,36,143,117,121,0
1341228,91,91,443,275,-643,-1189,-358,-616,-54,35,151,108,117,0
1344574,91,92,462,0,-786,-1228,-377,-601,-33,43,161,107,124,0
1347891,91,92,368,0,-971,-1223,-363,-583,-48,62,176,112,121,0
1351228,92,92,0,0,-1042,-1224,-337,-561,-49,72,173,117,116,0
1354573,92,92,425,443,-983,-1263,-297,-533,-26,105,188,109,108,0
1357893,92,93,462,0,-841,-1265,-286,-504,-24,112,202,107,117,0
1361251,92,93,443,125,-793,-1244,-256,-471,-2,122,212,108,109,0
1364575,93,93,106,143,-661,-1183,-278,-438,-14,129,229,110,108,0
1367896,93,93,406,425,-418,-1089,-297,-405,-42,125,238,110,109,0
1371251,93,94,462,31,-373,-990,-344,-372,-36,137,258,107,114,0
1374574,93,94,443,200,-383,-784,-405,-338,-4,143,247,108,105,0
1377900,93,94,443,218,-326,-556,-436,-307,-42,143,261,108,104,0
1381252,94,94,331,462,-366,-357,-462,-278,-39,149,277,114,107,0
1384575,94,95,481,68,-500,-174,-526,-257,-6,152,265,106,112,0
1387903,94,95,500,218,-501,-46,-540,-240,15,130,263,105,104,0
1391252,94,95,781,612,-420,45,-559,-235,-12,114,246,106,99,0
1394575,95,95,293,406,-538,82,-524,-239,-26,109,237,116,110,0
1397906,95,95,406,406,-696,73,-471,-250,25,112,245,110,110,0
1401252,95,96,537,237,-718,50,-426,-271,17,102,242,103,103,0
1404575,95,96,743,650,-710,-83,-374,-295,14,95,237,108,97,0
1407909,96,96,256,612,-717,-139,-333,-320,3,115,233,118,99,0
1411252,96,96,387,481,-786,-130,-249,-340,14,132,232,111,106,0
1414578,96,96,500,537,-777,-50,-161,-354,8,119,208,105,103,0
1417912,96,97,668,556,-780,-36,-140,-362,4,98,210,112,102,0
1421253,97,97,143,518,-784,50,-118,-363,7,116,205,124,104,0
1424581,97,97,406,443,-750,306,12,-354,-18,96,211,110,108,0
1427916,97,97,462,425,-780,433,143,-339,1,78,192,107,109,0
1431252,97,97,593,725,-804,483,203,-319,23,95,214,116,109,0
1434585,98,98,50,293,-735,600,333,-295,-12,67,210,129,116,0
1437919,98,98,350,406,-844,674,441,-267,-3,68,210,113,110,0
1441277,98,98,331,425,-903,741,560,-237,-2,69,192,114,109,0
1444588,99,99,200,406,-818,800,644,-205,-12,75,205,121,110,0
1447922,99,99,87,293,-815,896,737,-171,-8,74,184,127,116,0
1451310,99,99,706,743,-821,1039,844,-133,-10,50,166,115,113,0
1454591,99,99,500,518,-850,1123,971,-91,-17,53,184,126,125,0
1457926,100,100,0,106,-897,1126,1067,-47,-17,89,201,144,131,0
1461280,100,100,200,275,-958,1173,1125,-3,-22,70,181,126,122,0
1464595,100,100,556,575,-993,1196,1169,42,-41,41,184,123,122,0
1467928,101,101,0,125,-1024,1124,1196,87,-44,18,189,141,130,0
1471286,101,101,162,218,-1099,1073,1202,133,-21,32,178,128,125,0
1474597,101,101,293,181,-1106,996,1200,180,-10,19,185,121,127,0
1477931,102,101,106,368,-990,894,1220,229,-11,-15,207,131,133,0
1481286,102,102,12,0,-899,734,1185,279,3,23,184,136,137,0
1484601,102,102,106,50,-786,582,1114,327,-23,2,189,131,134,0
1487935,103,102,106,406,-829,569,1079,375,-40,14,182,131,131,0
1491287,103,103,0,0,-954,492,1008,423,-13,-33,194,138,140,0
1494603,103,103,68,0,-845,385,879,468,12,-54,201,133,141,0
1497938,104,103,0,0,-668,342,826,511,1,-50,189,137,139,0
1501288,104,104,0,0,-584,268,759,551,-25,-41,178,138,140,0
1504607,104,104,0,0,-616,114,607,585,-24,-30,175,138,141,0
1507941,105,105,0,0,-725,123,491,613,-8,-45,158,146,138,0
1511288,105,105,0,0,-681,214,430,638,71,-32,189,142,137,0
1514610,105,105,0,0,-187,435,413,662,49,-34,195,143,143,0
1517944,106,106,0,0,45,635,429,683,-4,-59,190,150,137,0
1521288,106,106,0,0,25,828,453,702,-20,-75,206,144,140,0
1524613,107,106,0,0,-201,988,524,723,-26,-121,219,145,143,0
1527949,107,107,0,0,-474,1013,615,746,33,-151,289,150,137,0
1531288,107,107,0,0,-544,977,726,768,78,-188,316,146,136,0
1534616,108,107,0,0,41,831,911,792,109,-200,309,148,138,0
1537951,108,108,0,0,478,747,942,815,56,-198,303,144,134,0
1541289,108,108,0,0,520,668,955,835,27,-242,305,140,133,0
1544620,109,108,0,0,395,543,900,849,31,-231,307,144,131,0
1547954,109,109,0,0,535,495,871,859,100,-258,333,133,124,0
1551312,109,109,0,0,733,397,752,862,72,-239,320,125,121,0
1554624,110,109,0,0,640,195,538,856,-21,-238,301,126,123,0
1557957,110,109,125,368,239,-58,309,839,58,-239,319,114,117,0
1561314,110,110,200,0,73,-302,84,811,88,-195,307,110,124,0
1564627,110,110,106,0,237,-488,-215,771,13,-178,270,115,121,0
1567960,111,110,0,106,157,-558,-392,724,0,-152,262,119,115,0
1571314,111,111,218,12,45,-619,-491,672,20,-118,248,109,120,0
1574629,111,111,200,12,116,-719,-488,619,-8,-102,235,110,120,0
1577963,111,111,368,218,187,-763,-428,568,-14,-80,212,112,120,0
1581314,112,111,0,125,192,-819,-336,520,5,-20,209,124,125,0
1584632,112,112,125,0,277,-877,-196,476,-30,6,190,109,123,0
1587967,112,112,237,0,257,-829,-135,435,-42,16,189,103,120,0
1591314,112,112,443,275,120,-766,-78,398,-42,22,191,108,117,0
1594635,113,112,0,143,-7,-779,20,365,-28,61,194,122,124,0
1597970,113,113,12,0,-19,-735,80,336,-45,77,193,115,121,0
1601315,113,113,368,50,-27,-650,84,311,-55,70,189,96,113,0
1604639,113,113,556,350,-22,-620,113,288,-32,76,200,102,113,0
1607973,114,113,31,200,69,-650,125,269,-32,82,213,114,121,0
1611315,114,114,312,87,231,-619,58,252,-77,149,221,99,111,0
1614643,114,114,481,218,211,-429,6,236,-96,102,220,90,104,0
1617976,114,114,687,425,73,-316,-120,219,-27,121,237,95,109,0
1621316,114,114,462,331,134,-243,-232,199,-36,118,227,107,114,0
1624645,115,115,181,143,318,-133,-388,173,-91,99,233,106,108,0
1627980,115,115,443,368,256,-65,-477,144,-40,97,230,92,96,0
1631315,115,115,781,518,211,-40,-561,111,-31,104,251,90,104,0
1634648,115,115,556,425,283,-94,-699,69,-38,70,252,102,109,0
1637983,115,115,612,556,359,-126,-739,24,-39,75,242,99,102,0
1641340,116,116,593,593,399,-127,-778,-28,-31,76,245,100,100,0
1644652,116,116,500,537,412,-166,-801,-83,-28,64,253,105,103,0
1647986,116,116,687,481,423,-187,-776,-137,-34,95,252,95,106,0
1651344,116,116,743,537,374,-146,-761,-189,-42,77,234,92,103,0
1654655,116,117,931,650,237,-161,-706,-238,-27,88,243,98,97,0
1657990,117,117,406,537,152,-215,-699,-283,-36,81,244,110,103,0
1661345,117,117,593,631,72,-267,-663,-321,-46,85,230,100,98,0
1664658,117,117,706,575,-94,-337,-620,-350,-28,92,233,94,101,0
1667992,117,117,987,893,-166,-321,-564,-370,3,85,250,95,100,0
1671349,117,118,650,387,-135,-269,-537,-380,6,75,234,113,111,0
1674662,118,118,406,481,-136,-192,-439,-382,-36,115,216,110,106,0
1677996,118,118,706,556,-239,-49,-387,-378,29,105,240,94,102,0
1681352,118,118,950,762,-206,50,-278,-372,31,109,228,97,107,0
1684664,118,118,725,668,-193,164,-239,-366,4,122,207,109,112,0
1688000,119,119,443,443,-244,324,-197,-362,13,139,226,108,108,0
1691353,119,119,593,518,-190,440,-150,-360,27,135,218,100,104,0
1694668,119,119,987,631,-150,495,-15,-356,6,109,199,95,114,0
1698002,119,119,706,443,-250,467,35,-353,31,109,187,110,124,0
1701353,119,120,1100,537,-278,477,64,-351,30,88,204,110,124,0
1704671,120,120,406,425,-138,426,97,-351,56,75,165,131,130,0
1708005,120,120,593,350,-32,316,112,-350,33,85,168,121,134,0
1711353,120,121,762,125,-41,268,164,-348,-2,87,162,112,130,0
1714674,121,121,518,425,-153,213,168,-347,25,81,130,125,130,0
1718009,121,121,518,275,-146,136,174,-343,31,92,132,125,138,0
1721354,121,122,556,0,-98,81,111,-340,33,76,138,123,142,0
1724677,122,122,462,293,5,56,26,-336,52,65,148,128,137,0
1728012,122,122,425,237,97,58,-55,-330,35,49,166,130,140,0
1731354,122,123,481,0,268,73,-113,-321,39,70,162,127,144,0
1734681,123,123,162,0,447,139,-232,-314,47,30,153,128,149,0
1738015,123,123,350,106,561,279,-322,-306,2,67,171,134,147,0
1741354,123,124,425,0,662,406,-423,-298,28,51,158,130,149,0
1744684,124,124,12,0,720,511,-524,-291,-48,40,176,136,157,0
1748018,124,125,256,0,575,594,-575,-285,-18,25,178,139,151,0
1751375,124,125,368,0,457,721,-658,-280,-27,58,192,133,158,0
1754687,125,125,0,0,367,960,-875,-283,-24,18,177,141,154,0
1758021,125,126,0,0,265,1095,-995,-291,-74,-5,218,148,157,0
1761379,125,126,350,0,105,1245,-1073,-302,-66,46,240,134,163,0
1764690,126,127,0,0,-36,1488,-1114,-315,-66,9,220,151,163,0
1768024,126,127,0,0,-120,1614,-1186,-331,-41,11,227,141,169,0
1771379,126,128,350,0,-143,1784,-1285,-352,-25,-29,212,134,162,0
1774693,127,128,0,0,-30,2033,-1475,-381,25,-9,186,149,166,0
1778028,127,129,0,0,-107,2230,-1448,-409,-82,-154,188,144,157,0
1781380,127,129,50,0,-340,2254,-1462,-441,-151,-222,234,134,154,0
1784696,128,129,0,0,-916,2082,-1330,-471,-118,-233,270,138,146,0
1788031,128,130,162,0,-1198,1993,-1107,-496,-50,-265,303,128,136,0
1791380,128,130,181,0,-1091,1776,-810,-514,-31,-321,318,127,132,0
1794700,129,130,106,68,-764,1215,-484,-523,-22,-333,342,131,117,0
1798034,129,131,256,0,-395,827,-164,-524,-52,-347,361,123,110,0
1801380,129,131,200,68,-82,534,274,-515,-78,-329,354,126,101,0
1804703,130,131,0,125,51,225,516,-500,-79,-347,338,130,98,0
1808038,130,131,200,368,99,55,714,-479,-81,-306,328,126,101,0
1811380,130,131,275,162,116,-40,733,-459,-86,-278,295,122,112,0
1814706,130,132,200,0,-128,25,696,-441,-87,-255,284,126,110,0
1818041,131,132,143,331,-379,73,548,-429,-44,-231,269,129,103,0
1821380,131,132,293,125,-462,5,294,-425,-48,-211,258,121,114,0
1824709,131,132,237,87,-507,-201,105,-427,-43,-140,270,124,116,0
1828044,132,133,0,50,-505,-388,-82,-433,-6,-120,240,134,113,0
1831402,132,133,162,87,-328,-624,-266,-443,-46,-87,221,123,111,0
1834712,132,133,275,12,-135,-921,-395,-453,-49,-67,197,117,115,0
1838047,133,133,200,68,-140,-1115,-488,-465,-56,-32,170,121,112,0
1841405,133,134,50,50,-208,-1231,-550,-475,-45,32,180,129,113,0
1844716,133,134,293,0,-294,-1268,-542,-482,-64,25,158,116,122,0
1848050,133,134,312,0,-488,-1237,-558,-486,-36,26,154,115,121,0
1851406,134,134,312,406,-645,-1199,-555,-487,-52,56,156,115,110,0
1854720,134,135,350,12,-883,-1170,-551,-486,-57,74,172,113,115,0
1858054,134,135,406,68,-1024,-1176,-503,-481,-54,86,160,110,112,0
1861406,134,135,350,68,-1087,-1212,-372,-466,-31,96,163,113,112,0
1864723,135,135,368,387,-1027,-1244,-289,-444,-6,133,180,112,111,0
1868056,135,136,443,0,-929,-1244,-226,-417,-51,106,193,108,116,0
1871406,135,136,425,31,-874,-1243,-134,-386,-27,109,206,109,114,0
1874725,135,136,425,143,-730,-1180,-89,-352,-8,134,221,109,108,0
1878060,136,136,350,462,-523,-1062,-93,-315,-35,132,237,113,107,0
1881407,136,137,256,0,-412,-872,-104,-272,-33,150,248,118,116,0
1884729,136,137,481,87,-469,-665,-145,-231,-23,161,230,106,111,0
1888063,136,137,481,237,-516,-438,-194,-192,-2,148,237,106,103,0
1891406,137,137,425,500,-471,-182,-247,-158,-25,141,244,109,105,0
1894732,137,137,237,293,-538,-69,-279,-132,-3,130,245,119,116,0
1898066,137,138,518,106,-568,26,-334,-117,2,89,256,104,110,0
1901407,137,138,537,293,-555,82,-340,-113,26,127,245,103,100,0
1904735,137,138,706,575,-464,104,-329,-118,-2,100,250,110,101,0
1908069,138,138,275,406,-535,91,-279,-135,4,136,249,117,110,0
1911428,138,139,575,162,-716,84,-266,-160,13,101,246,101,107,0
1914738,138,139,575,387,-798,69,-233,-189,19,125,228,101,95,0
1918096,138,139,650,575,-796,55,-227,-219,23,105,233,113,101,0
1921431,139,139,143,425,-837,107,-183,-247,26,125,215,124,109,0
1924742,139,139,425,425,-856,163,-132,-268,27,129,218,109,109,0
1928099,139,140,743,500,-796,200,-121,-281,-3,127,213,108,105,0
1931431,139,140,556,462,-832,263,-137,-288,10,116,221,118,107,0
1934744,140,140,68,462,-939,351,-95,-289,-11,91,198,128,107,0
1938102,140,140,481,425,-1076,432,-27,-281,13,89,198,106,109,0
1941432,140,140,668,800,-1169,524,36,-268,1,83,192,112,105,0
1944748,141,141,143,331,-1281,585,46,-251,26,104,189,124,114,0
1948105,141,141,181,387,-1278,669,121,-230,20,98,192,122,111,0
1951432,141,141,781,725,-1195,788,290,-204,1,47,186,111,114,0
1954751,141,141,387,500,-1106,776,383,-175,2,64,182,132,126,0
1958109,142,142,0,275,-1068,740,483,-142,-1,91,175,142,122,0
1961432,142,142,218,331,-1077,797,650,-105,-29,46,207,125,119,0
1964755,142,142,518,612,-1134,836,764,-65,-22,58,183,125,120,0
1968112,143,143,0,125,-1228,806,800,-29,-25,69,175,145,130,0
1971432,143,143,125,256,-1225,915,863,6,29,60,186,130,123,0
1974758,143,143,500,518,-1078,1039,989,44,-18,30,201,126,125,0
1978115,144,144,0,68,-1010,1048,1024,81,27,44,168,148,133,0
1981432,144,144,0,87,-845,975,1035,116,-16,30,188,138,132,0
1984761,144,144,125,143,-758,1067,1055,152,-42,20,169,130,129,0
1988115,145,145,0,50,-831,1113,1067,188,-45,1,180,144,134,0
1991433,145,145,12,31,-887,1042,1023,225,-11,-16,182,136,135,0
1994763,145,145,68,50,-791,1009,994,262,1,-29,189,133,134,0
1998123,146,145,0,425,-692,967,955,299,-9,-42,189,140,130,0
2001455,146,146,0,0,-588,866,909,337,-10,-80,207,140,139,0
2004768,146,146,31,0,-632,734,824,373,-40,-24,170,135,141,0
2008123,147,147,0,0,-848,670,722,406,-35,-36,175,144,132,0
2011458,147,147,0,68,-941,616,645,436,36,-56,206,143,133,0
2014770,147,147,0,0,-699,630,646,465,32,-103,225,142,138,0
2018124,148,147,0,50,-437,611,669,494,37,-98,228,150,134,0
2021458,148,148,0,12,5,579,707,524,-22,-108,211,143,136,0
2024773,149,148,0,0,50,468,757,555,-36,-114,210,146,140,0
2028124,149,149,0,0,-114,368,707,582,21,-113,239,149,134,0
2031458,149,149,0,0,-95,618,679,608,22,-131,260,147,134,0
2034776,150,149,0,0,-93,815,711,634,2,-155,266,151,137,0
2038124,150,150,0,0,-216,881,700,660,27,-153,272,147,130,0
2041458,150,150,0,0,-302,901,664,684,87,-194,291,142,130,0
2044779,151,150,0,106,-96,876,634,704,104,-201,307,147,131,0
2048124,151,150,0,200,171,826,549,720,36,-231,320,137,126,0
2051458,151,151,0,0,334,584,474,734,39,-241,343,131,128,0
2054783,152,151,0,0,303,341,396,742,79,-272,326,128,121,0
2058124,152,151,68,312,324,36,288,742,97,-255,310,117,120,0
2061459,152,152,143,0,299,-333,113,734,76,-232,294,113,123,0
2064786,153,152,0,68,234,-490,-55,717,59,-179,287,114,117,0
2068125,153,152,200,443,174,-534,-188,691,39,-182,259,110,113,0
2071459,153,152,218,312,33,-555,-312,657,37,-135,253,109,120,0
2074789,153,153,200,0,-20,-570,-353,621,54,-117,253,110,123,0
2078146,154,153,0,256,97,-579,-363,583,60,-102,239,119,118,0
2081480,154,153,0,106,267,-682,-328,542,14,-87,219,120,126,0
2084793,154,153,181,237,303,-782,-261,501,-13,-51,210,106,119,0
2088149,154,154,537,275,308,-867,-197,463,2,-39,208,103,117,0
2091483,154,154,331,162,351,-916,-150,425,-13,-17,208,114,123,0
2094795,155,154,0,106,393,-945,-122,388,-27,-3,188,122,126,0
2098149,155,155,293,0,384,-962,-74,354,-63,14,176,100,120,0
2101484,155,155,593,350,183,-983,-32,322,-53,50,188,100,113,0
2104799,155,155,406,200,61,-957,-58,290,-19,52,199,110,121,0
2108150,156,155,0,162,97,-942,-112,258,-61,80,200,119,123,0
2111484,156,156,312,0,74,-898,-120,229,-97,97,173,99,118,0
2114802,156,156,687,443,-179,-770,-216,199,-84,95,192,95,108,0
2118150,156,156,406,293,-346,-643,-309,170,-29,68,212,110,116,0
2121485,157,156,50,331,-231,-631,-430,136,-66,106,229,113,114,0
2124805,157,157,293,87,-173,-590,-452,101,-82,91,207,100,111,0
2128151,157,157,800,518,-290,-485,-545,62,-40,107,205,89,104,0
2131485,157,157,537,293,-407,-341,-673,17,-11,70,250,103,116,0
2134808,157,157,518,293,-268,-356,-697,-26,-11,83,254,104,116,0
2138151,158,158,331,181,-59,-374,-676,-68,-35,77,236,98,106,0
2141486,158,158,668,575,-72,-376,-672,-111,-7,79,258,96,101,0
2144812,158,158,687,462,-13,-397,-655,-154,9,71,279,95,107,0
2148151,158,158,687,481,140,-401,-617,-194,-26,83,272,95,106,0
2151486,158,158,687,537,240,-378,-550,-231,-34,105,249,95,103,0
2154816,158,159,1006,481,256,-343,-560,-265,-3,96,267,94,106,0
2158172,159,159,443,462,408,-333,-543,-297,-53,108,229,108,107,0
2161507,159,159,725,500,382,-331,-590,-328,-46,110,231,93,105,0
2164819,159,159,706,537,265,-319,-629,-357,-14,91,228,94,103,0
2168175,159,159,893,762,274,-329,-611,-379,-30,100,216,100,107,0
2171509,160,160,406,425,287,-339,-598,-396,-21,120,218,110,109,0
2174821,160,160,481,650,162,-280,-561,-408,-52,104,224,106,97,0
2178176,160,160,1081,987,-19,-228,-511,-414,-11,131,230,90,95,0
2181509,160,160,875,706,-198,-207,-410,-416,4,125,215,101,110,0
2184824,160,161,725,331,-314,-152,-443,-418,-2,116,221,109,114,0
2188176,161,161,462,575,-347,-75,-377,-420,25,122,231,107,101,0
2191509,161,161,1025,912,-265,-23,-268,-420,37,113,231,93,99,0
2194828,161,161,912,668,-189,31,-156,-419,35,130,230,99,112,0
2198177,161,161,725,650,-85,90,-119,-418,63,110,221,109,113,0
2201510,162,162,818,668,21,222,-15,-414,21,127,229,109,117,0
2204832,162,162,537,556,28,224,36,-411,19,138,217,124,123,0
2208177,162,162,968,500,-6,158,147,-405,7,129,207,101,126,0
2211510,162,163,1175,518,-94,172,266,-395,20,125,190,106,125,0
2214834,163,163,518,612,-166,237,276,-383,22,117,181,125,120,0
2218177,163,163,800,406,-219,270,296,-370,24,129,154,110,131,0
2221510,163,163,800,443,-212,333,280,-355,-2,93,162,110,129,0
2224837,163,164,950,462,-342,383,265,-337,3,101,168,118,128,0
2228177,164,164,312,237,-500,352,228,-316,13,95,152,136,140,0
2231510,164,165,650,12,-591,368,148,-297,52,58,142,118,136,0
2234841,164,165,950,387,-480,426,90,-278,59,97,139,118,132,0
2238198,165,165,256,106,-303,482,26,-256,69,87,152,139,147,0
2241511,165,165,481,106,113,535,-72,-236,77,124,161,127,147,0
2244844,165,166,537,0,483,679,-203,-221,27,72,146,124,147,0
2248202,166,166,275,50,670,843,-322,-211,-23,34,170,138,150,0
2251535,166,167,331,0,767,935,-496,-206,-3,89,164,135,145,0
2254847,166,167,425,0,787,1037,-600,-205,-48,76,161,130,147,0
2258203,167,167,237,87,729,1122,-694,-210,-27,28,147,140,148,0
2261539,167,168,293,0,696,1181,-790,-217,-15,38,158,137,155,0
2264850,167,168,256,0,741,1295,-891,-228,-48,9,142,139,162,0
2268203,168,169,0,0,697,1388,-1055,-242,-61,8,166,151,160,0
2271543,168,169,181,0,434,1477,-1226,-261,-62,-1,173,143,169,0
2274853,169,170,125,0,149,1543,-1286,-282,-91,-20,157,146,163,0
2278203,169,170,0,0,-115,1629,-1319,-304,-24,-34,190,155,165,0
2281544,169,171,162,0,-252,1877,-1419,-331,24,-52,224,144,160,0
2284857,170,171,0,0,-23,2128,-1444,-360,-44,-94,237,152,158,0
2288203,170,171,0,0,260,2287,-1460,-393,-43,-97,235,143,156,0
2291545,170,172,0,0,252,2474,-1391,-423,-46,-137,245,138,146,0
2294860,171,172,0,0,111,2608,-1110,-446,-86,-269,291,140,142,0
2298204,171,173,181,0,-177,2490,-867,-464,-103,-335,315,127,131,0
2301545,171,173,218,0,-698,1837,-189,-465,-90,-371,369,125,122,0
2304863,172,173,50,68,-914,1218,183,-456,-31,-395,391,134,117,0
2308204,172,173,256,162,-707,729,582,-437,3,-356,421,123,112,0
2311545,172,173,218,218,-158,295,967,-408,-48,-402,400,125,109,0
2314866,173,174,0,0,16,43,1159,-377,-86,-351,336,126,108,0
2318204,173,174,218,387,-61,-78,1313,-344,-79,-325,309,125,100,0
2321545,173,174,275,125,-261,-83,1313,-312,-75,-296,307,122,114,0
2324869,173,174,425,406,-410,-72,1221,-283,-29,-259,291,125,110,0
2328225,174,175,0,68,-425,-55,984,-261,-11,-214,279,134,112,0
2331546,174,175,200,125,-174,-172,669,-248,10,-169,249,121,109,0
2334872,174,175,256,68,108,-248,369,-244,-14,-116,228,118,112,0
2338229,175,175,87,368,275,-303,-9,-248,-41,-88,183,127,112,0
2341546,175,176,106,0,180,-375,-245,-259,-67,-57,177,126,119,0
2344876,175,176,237,0,0,-456,-463,-274,-77,-66,165,119,118,0
2348229,175,176,162,0,-221,-560,-643,-292,-57,19,170,123,116,0
2351546,176,176,162,368,-401,-617,-717,-308,-76,12,165,123,112,0
2354879,176,177,350,0,-560,-634,-785,-323,-64,33,157,113,121,0
2358229,176,177,350,0,-697,-705,-875,-334,-69,54,140,113,121,0
2361572,176,177,331,0,-894,-844,-879,-343,-45,40,142,114,120,0
2364882,177,177,312,256,-912,-918,-874,-349,-37,48,154,115,118,0
2368229,177,178,406,0,-925,-984,-813,-350,-56,77,156,110,122,0
2371572,177,178,406,0,-959,-1083,-793,-346,-18,49,163,110,120,0
2374885,177,178,406,12,-842,-1119,-713,-336,-17,85,191,110,115,0
2378229,178,179,293,106,-740,-1134,-683,-319,-13,109,201,116,110,0
2381572,178,179,443,0,-529,-1132,-637,-299,-13,120,216,108,117,0
2384888,178,179,443,125,-429,-1099,-619,-277,-34,121,225,108,109,0
2388230,178,179,706,443,-358,-1031,-597,-251,-24,138,232,110,108,0
2391573,179,179,293,406,-364,-852,-623,-225,-54,154,244,116,110,0
2394892,179,180,368,0,-488,-691,-625,-199,-47,142,252,112,117,0
2398230,179,180,518,200,-650,-551,-686,-177,-19,138,252,104,105,0
2401573,179,180,725,556,-655,-367,-714,-165,-5,135,259,109,102,0
2404895,180,180,218,481,-597,-220,-762,-162,-15,138,265,120,106,0
2408251,180,181,443,200,-679,-118,-788,-180,3,119,268,108,105,0
2411573,180,181,556,350,-753,-48,-802,-211,21,124,260,102,97,0
2414899,180,181,818,706,-649,17,-759,-253,-6,117,252,104,94,0
2418255,181,181,181,425,-651,34,-694,-305,7,119,249,122,109,0
2421573,181,181,425,425,-736,-9,-647,-361,15,116,245,109,109,0
2424901,181,182,575,218,-758,-66,-592,-421,13,122,248,101,104,0
2428255,181,182,725,706,-749,-164,-541,-479,17,107,230,109,94,0
2431573,182,182,162,575,-784,-189,-526,-533,22,107,233,123,101,0
2434904,182,182,181,481,-765,-140,-451,-578,-22,132,211,122,106,0
2438256,182,182,518,556,-885,22,-365,-610,-12,121,214,104,102,0
2441574,182,183,631,518,-1071,114,-323,-632,-14,136,188,114,104,0
2444908,183,183,87,462,-1219,201,-278,-641,8,100,188,127,107,0
2448256,183,183,256,406,-1325,401,-148,-637,-14,99,194,118,110,0
2451598,183,183,725,687,-1412,533,-20,-624,8,73,186,114,116,0
2454911,183,184,312,237,-1425,512,89,-601,4,53,195,136,124,0
2458255,184,184,0,350,-1399,487,229,-571,6,69,215,140,118,0
2461601,184,184,593,687,-1334,561,397,-534,-3,61,201,121,116,0
2464914,184,184,500,556,-1348,539,511,-491,-3,47,163,126,123,0
2468257,185,185,0,218,-1449,484,639,-444,-15,95,190,143,125,0
2471602,185,185,181,293,-1419,607,773,-392,8,43,191,127,121,0
2474918,185,185,537,556,-1343,704,892,-339,-9,52,197,124,123,0
2478257,186,186,0,106,-1287,720,976,-283,17,87,186,145,131,0
2481602,186,186,125,162,-1116,803,1063,-228,-21,43,197,130,128,0
2484921,186,186,500,500,-1127,914,1124,-172,-9,65,158,126,126,0
2488279,187,187,0,50,-1172,970,1171,-115,-3,30,178,146,134,0
2491602,187,187,0,50,-1110,1018,1180,-59,-1,12,164,137,134,0
2494924,187,187,106,106,-1066,991,1155,-4,12,16,179,131,131,0
2498279,188,187,0,425,-945,902,1138,50,5,-11,174,142,130,0
2501602,188,188,0,0,-909,792,1149,105,-4,-52,155,138,141,0
2504928,188,188,87,0,-937,684,1114,162,-12,-32,155,132,138,0
2508280,189,189,0,162,-1027,620,1090,218,28,-25,141,140,128,0
2511603,189,189,0,68,-1038,588,1004,273,9,-19,159,137,133,0
2514930,189,189,0,0,-964,496,915,326,-3,-27,151,137,137,0
2518280,190,189,0,87,-778,362,776,376,-6,-14,155,146,132,0
2521603,190,190,0,12,-668,369,704,422,-15,-55,159,142,136,0
2524933,190,190,0,0,-606,401,658,464,45,-47,183,143,141,0
2528281,191,191,0,0,-257,655,662,505,19,-53,193,149,136,0
2531604,191,191,0,0,19,901,729,546,42,-84,230,147,138,0
2534937,192,191,0,0,307,1065,802,588,45,-141,250,147,141,0
2538281,192,192,0,0,605,1150,942,634,44,-143,258,148,136,0
2541605,192,192,0,0,623,1170,1064,681,24,-193,309,145,133,0
2544940,193,192,0,12,502,1105,1147,728,47,-205,328,149,136,0
2548281,193,193,0,0,406,917,1181,775,76,-230,364,143,131,0
2551608,193,193,0,0,508,715,1160,820,86,-232,375,139,130,0
2554943,194,193,0,87,678,511,1072,858,95,-257,384,140,132,0
2558281,194,193,0,125,807,202,828,885,79,-232,348,129,130,0
2561612,194,194,0,0,765,27,608,901,15,-260,320,124,131,0
2564946,195,194,0,0,591,-153,338,905,44,-216,329,124,130,0
2568305,195,194,162,237,367,-278,-10,892,60,-201,302,112,124,0
2571615,195,195,200,0,306,-307,-262,868,21,-186,261,110,128,0
2574949,195,195,331,125,236,-329,-471,833,14,-159,273,114,125,0
2578306,196,195,0,106,150,-390,-648,789,28,-106,263,124,126,0
2581618,196,196,87,0,206,-460,-681,739,-9,-110,210,111,123,0
2584952,196,196,200,0,181,-519,-699,687,-16,-93,205,105,124,0
2588309,196,196,462,162,53,-634,-685,632,-8,-65,214,107,123,0
2591622,197,197,0,162,114,-744,-591,579,4,-42,201,119,123,0
2594956,197,197,50,0,225,-809,-488,527,-8,-4,188,113,122,0
2598314,197,197,237,0,211,-822,-365,479,-49,18,190,103,121,0
2601624,197,197,481,237,208,-789,-321,433,-12,33,196,106,119,0
2604959,198,198,0,200,300,-735,-260,389,-33,54,209,121,121,0
2608315,198,198,31,0,458,-653,-193,347,-86,70,191,114,125,0
2611627,198,198,275,0,398,-529,-198,306,-84,95,201,101,125,0
2614962,198,198,556,256,217,-404,-192,266,-60,107,215,102,118,0
2618315,199,199,0,0,135,-290,-194,229,-61,108,216,117,118,0
2621631,199,199,87,50,167,-228,-196,194,-50,106,202,111,113,0
2624965,199,199,443,106,181,-158,-182,164,-76,100,200,92,110,0
2628315,199,199,650,406,71,-135,-201,136,-6,92,218,97,110,0
2631634,199,200,425,0,231,-127,-251,107,-24,76,241,109,119,0
2634968,200,200,106,125,479,-117,-277,78,-50,70,224,110,109,0
2638316,200,200,687,593,542,-134,-358,44,-31,84,215,95,100,0
2641638,200,200,687,443,477,-147,-428,5,-35,54,233,95,108,0
2644972,200,201,443,125,464,-220,-535,-40,-12,67,238,108,109,0
2648316,200,201,518,387,502,-266,-663,-94,-45,72,237,104,95,0
2651640,201,201,537,762,442,-327,-704,-152,-32,49,235,103,91,0
2654975,201,201,668,556,333,-356,-738,-212,-24,53,243,96,102,0
2658316,201,201,537,406,324,-345,-791,-273,3,51,249,103,110,0
2661644,201,201,593,518,363,-296,-750,-329,-2,49,249,100,104,0
2664978,201,202,893,575,322,-287,-711,-378,-13,58,258,100,101,0
2668316,202,202,368,650,324,-246,-631,-416,6,73,271,112,97,0
2671647,202,202,593,537,346,-199,-574,-445,10,68,243,100,103,0
2674981,202,202,668,575,336,-108,-532,-461,-8,82,254,96,101,0
2678318,202,202,893,931,208,8,-466,-467,-4,77,251,100,98,0
2681650,203,203,331,481,149,54,-430,-466,-2,105,251,114,106,0
2684985,203,203,443,575,88,117,-397,-458,0,79,250,108,101,0
2688342,203,203,668,500,-62,171,-319,-447,-5,91,244,96,105,0
2691653,203,203,893,781,-168,212,-293,-434,11,77,238,100,106,0
2694988,203,204,650,706,-182,211,-263,-421,42,56,232,113,110,0
2698375,204,204,1643,1812,-73,157,-274,-411,7,96,226,113,104,0
2701657,204,204,1287,987,-33,152,-196,-402,9,98,220,132,148,0
2704991,205,205,668,500,5,-18,-334,-401,-12,124,206,165,158,0
2708342,205,205,725,612,-153,-73,-332,-401,-27,106,237,146,152,0
2711660,205,205,1062,837,-347,-190,-264,-402,9,117,191,144,156,0
2714994,206,206,368,481,-456,-357,-162,-401,-49,85,199,165,159,0
2718343,206,206,800,481,-621,-571,-30,-395,15,110,199,142,159,0
2721664,207,207,518,312,-743,-642,32,-388,19,145,163,141,152,0
2724997,207,207,575,575,-846,-651,108,-379,-1,107,144,154,154,0
2728343,207,207,687,443,-825,-675,172,-367,88,59,100,148,161,0
2731666,208,208,218,143,-514,-618,210,-355,30,132,151,157,161,0
2735000,208,208,762,500,-129,-433,182,-343,14,144,126,144,158,0
2738343,209,209,87,31,116,-130,136,-331,45,127,120,164,167,0
2741669,209,209,368,31,301,18,133,-318,12,131,101,149,167,0
2745004,209,210,481,0,511,251,108,-304,33,60,110,143,158,0
2748344,210,210,162,87,530,620,-109,-294,-15,86,121,160,164,0
2751672,210,211,331,0,514,788,-322,-287,-37,83,126,151,160,0
2755007,211,211,0,0,407,1011,-530,-283,-33,45,117,156,162,0
2758344,211,211,443,162,359,1370,-790,-286,-35,111,91,145,160,0
2761676,211,212,293,0,341,1618,-851,-289,-145,42,114,153,168,0
2765010,212,212,0,0,67,1776,-927,-293,-50,52,149,164,172,0
2768368,212,213,443,0,-99,1918,-961,-300,-52,35,132,145,164,0
2771679,213,213,0,0,39,2187,-1023,-310,-17,-56,186,155,168,0
2775013,213,214,106,0,251,2412,-1067,-323,-142,-50,234,147,157,0
2778372,213,214,218,0,-195,2687,-1117,-340,-77,-97,306,141,155,0
2781682,214,215,87,0,-484,2671,-1207,-361,-9,-151,305,148,139,0
2785016,214,215,237,12,-378,2648,-1055,-380,2,-160,347,140,136,0
2788373,215,215,0,87,-118,2708,-802,-392,-134,-304,399,140,132,0
2791685,215,215,0,237,-439,2488,-673,-400,-57,-369,438,146,124,0
2795020,215,216,312,143,-638,2075,-356,-401,9,-441,445,136,129,0
2798378,216,216,0,50,-484,1442,176,-387,-6,-445,452,146,134,0
2801688,216,217,0,218,-427,991,494,-363,-25,-423,407,142,125,0
2805023,216,217,481,256,-373,598,765,-331,-17,-396,384,127,123,0
2808381,217,217,0,125,-257,266,1071,-291,-10,-344,349,142,130,0
2811692,217,217,0,106,-150,237,1177,-244,-7,-325,311,137,131,0
2815026,217,218,218,0,11,262,1266,-194,14,-260,274,125,126,0
2818381,218,218,50,143,262,251,1166,-149,-69,-178,243,134,129,0
2821695,218,218,0,50,206,223,937,-115,-23,-140,248,142,134,0
2825029,218,219,462,106,183,180,744,-91,-24,-118,161,123,126,0
2828381,219,219,106,87,112,123,480,-77,-69,-108,155,126,127,0
2831699,219,219,143,50,-118,-10,190,-74,-30,-96,135,124,129,0
2835032,219,219,443,143,-338,-258,-114,-83,-37,-90,126,108,124,0
2838381,219,220,556,106,-442,-767,-391,-102,-78,-58,137,118,126,0
2841701,220,220,0,50,-519,-1152,-532,-124,-47,-62,137,136,129,0
2845036,220,220,50,87,-581,-1532,-623,-148,-55,14,145,129,127,0
2848382,220,221,406,0,-586,-1864,-757,-176,-38,1,116,110,122,0
2851704,220,221,593,237,-553,-2101,-842,-205,-57,33,129,116,119,0
2855040,221,221,0,106,-511,-2286,-914,-230,-15,95,152,133,126,0
2858382,221,221,350,218,-366,-2332,-1060,-253,-29,92,163,113,120,0
2861709,221,222,425,0,-197,-2288,-1126,-272,-55,106,180,109,120,0
2865042,221,222,575,331,-169,-2226,-1219,-285,-62,129,183,117,114,0
2868382,222,222,0,237,-256,-2084,-1303,-300,-95,148,203,132,119,0
2871712,222,223,462,12,-459,-1856,-1395,-314,-91,166,215,107,115,0
2875045,222,223,481,162,-643,-1652,-1409,-328,-62,140,217,106,107,0
2878403,223,223,200,537,-824,-1477,-1473,-342,-107,168,221,121,103,0
2881714,223,223,162,350,-979,-1309,-1448,-354,-38,151,257,123,113,0
2885048,223,223,481,462,-1042,-1146,-1423,-364,-27,156,249,106,107,0
2888408,223,224,781,593,-986,-1060,-1384,-369,-15,127,257,106,100,0
2891717,224,224,331,593,-890,-920,-1306,-377,-9,163,278,114,100,0
2895052,224,224,331,593,-834,-710,-1116,-387,-8,182,275,114,100,0
2898407,224,224,612,612,-753,-427,-965,-396,-16,123,251,99,99,0
2901721,224,224,706,893,-805,-411,-844,-411,-21,161,251,110,100,0
2905055,225,225,162,518,-945,-397,-714,-439,4,160,255,123,104,0
2908407,225,225,368,631,-1093,-226,-614,-474,12,191,247,112,98,0
2911724,225,225,537,631,-1116,-56,-448,-512,13,168,237,103,98,0
2915058,225,225,743,893,-1152,24,-275,-554,27,169,229,108,100,0
2918408,225,225,481,612,-1248,170,-139,-595,0,133,227,122,115,0
2921727,226,226,143,406,-1363,334,38,-633,3,156,209,124,110,0
2925061,226,226,443,593,-1561,456,232,-662,41,123,203,108,100,0
2928407,226,226,631,743,-1554,467,358,-681,35,120,205,114,108,0
2931731,227,226,68,537,-1467,487,497,-688,26,114,205,128,119,0
2935064,227,227,125,312,-1379,647,731,-680,62,87,220,125,115,0
2938409,227,227,406,462,-1180,808,884,-659,46,86,198,110,107,0
2941733,227,227,537,631,-1032,835,946,-626,21,113,202,119,114,0
2945068,228,227,0,462,-979,921,1006,-582,16,126,167,134,123,0
2948438,228,228,706,650,-1011,1130,1093,-531,-2,103,158,115,118,0
2951737,228,228,556,518,-1124,1250,1118,-477,-18,80,159,123,125,0
2955072,229,228,0,368,-1219,1273,1165,-417,4,120,164,142,133,0
2958409,229,229,50,181,-1318,1424,1194,-353,10,84,130,134,127,0
2961740,229,229,518,556,-1276,1460,1195,-287,22,82,166,125,123,0
2965074,230,229,0,331,-1058,1369,1181,-217,37,30,166,140,135,0
2968430,230,230,0,106,-767,1272,1152,-146,15,43,187,137,131,0
2971743,230,230,125,200,-703,1253,1153,-72,-4,17,161,130,126,0
2975077,231,230,50,406,-724,1250,1143,4,-22,20,157,134,131,0
2978434,231,231,0,50,-807,1199,1100,82,-15,28,179,142,134,0
2981746,231,231,0,87,-774,1167,1034,158,-24,-30,189,137,132,0
2985080,232,231,0,387,-719,1085,979,235,-13,-25,180,138,132,0
2988434,232,231,0,218,-641,1000,936,309,-24,-36,173,143,141,0
2991749,232,232,0,0,-571,893,875,381,-31,-42,196,139,140,0
2995083,233,232,0,0,-614,853,745,447,-69,-39,169,145,140,0
2998434,233,233,0,0,-1052,807,633,508,-34,-56,184,143,139,0
