Time, Rlegs, Llegs, DCL, DCR, GyroX, GyroY, GyroZ, GyroZAvg, AccelX, AccelY, AccelZ, LBEMF, RBEMF, SteerOut
1226,947,930,0,0,-245,176,-115,-116,-22,-8,226,87,89,0
4541,947,930,0,0,-248,172,-115,-116,-19,-6,226,87,88,0
7875,947,930,0,0,-246,173,-115,-116,-21,-4,227,87,88,0
11226,947,930,0,0,-249,175,-115,-116,-20,-7,222,88,88,0
14544,947,930,0,0,-245,172,-115,-116,-20,-6,227,87,88,0
17879,947,930,0,0,-248,171,-115,-116,-22,-8,229,87,88,0
21226,947,930,0,0,-249,171,-117,-116,-20,-9,228,87,89,0
24547,947,930,0,0,-249,174,-118,-116,-18,-8,229,87,89,0
27882,947,930,0,0,-247,175,-117,-116,-19,-7,224,87,88,0
31226,947,930,0,0,-246,176,-118,-116,-19,-4,231,87,89,0
34550,947,930,0,0,-248,179,-118,-116,-18,-5,230,87,88,0
37884,947,930,0,0,-247,180,-121,-116,-21,-2,227,87,88,0
41226,947,930,0,0,-246,177,-122,-117,-20,-7,227,86,88,0
44553,947,930,0,0,-245,178,-120,-117,-20,-7,226,87,88,0
47889,947,930,0,0,-247,176,-120,-117,-20,-11,222,87,88,0
51227,947,930,0,0,-249,172,-117,-117,-23,-7,223,88,88,0
54556,947,930,0,0,-248,170,-119,-117,-19,-5,228,87,88,0
57891,947,930,0,0,-250,169,-115,-117,-24,-6,223,87,88,0
61227,947,930,0,0,-252,167,-114,-117,-21,-6,227,88,88,0
64560,947,930,0,0,-251,170,-112,-116,-18,-5,225,88,89,0
67894,947,930,0,0,-251,173,-115,-116,-21,-6,225,87,88,0
71249,947,930,0,0,-247,172,-115,-116,-21,-7,230,88,88,0
74563,947,930,0,0,-244,173,-117,-116,-21,-3,227,87,88,0
77897,947,930,0,0,-248,178,-118,-116,-19,-4,223,87,88,0
81252,947,930,0,0,-246,178,-119,-116,-19,-10,226,87,88,0
84566,947,930,0,0,-245,176,-120,-116,-23,-5,226,87,89,0
87901,947,930,0,0,-247,177,-119,-116,-19,-8,225,88,89,0
91252,947,930,0,0,-248,175,-120,-117,-19,-3,225,87,88,0
94569,947,930,0,0,-249,177,-120,-117,-20,-2,227,87,88,0
97904,947,930,0,0,-247,176,-118,-117,-18,-7,227,87,88,0
101253,947,930,0,0,-246,175,-114,-117,-19,-9,230,87,88,0
104627,0,0,0,0,-246,172,-112,-117,-21,-7,226,87,88,0
107907,0,0,0,0,-248,174,-114,-117,-20,-8,231,87,89,0
111252,0,0,0,0,-250,173,-115,-117,-20,-5,227,88,88,0
114576,0,0,0,0,-250,176,-113,-116,-21,-9,226,87,88,0
117910,0,0,0,0,-250,173,-114,-116,-19,-8,231,87,88,0
121253,0,0,0,0,-248,175,-119,-117,-20,-3,232,87,88,0
124580,0,0,0,0,-247,175,-119,-117,-19,-11,227,87,88,0
127913,0,0,0,0,-245,173,-118,-117,-21,-5,229,87,88,0
131253,0,0,0,0,-248,175,-120,-117,-22,-5,228,88,88,0
134582,0,0,0,0,-247,173,-119,-117,-18,-9,227,87,88,0
137916,0,0,0,0,-246,171,-117,-117,-21,-9,227,87,88,0
141254,0,0,0,0,-245,170,-115,-117,-21,-3,228,87,89,0
144585,0,0,0,0,-248,174,-117,-117,-22,-5,222,87,89,0
147942,0,0,0,0,-247,173,-116,-116,-21,-5,228,87,88,0
151275,0,0,0,0,-248,170,-119,-116,-17,-4,232,87,88,0
154588,0,0,0,0,-249,173,-118,-116,-25,-6,228,87,88,0
157944,0,0,0,0,-249,172,-120,-116,-21,-10,229,87,88,0
161279,0,0,0,0,-248,172,-119,-116,-20,-7,225,88,88,0
164592,0,0,0,0,-249,172,-115,-116,-19,-3,229,88,89,0
167947,0,0,0,0,-250,172,-118,-117,-17,-10,225,88,88,0
171278,0,0,0,0,-247,174,-115,-117,-21,-4,229,88,88,0
174595,0,0,0,0,-246,174,-116,-117,-23,-5,228,87,89,0
177950,0,0,0,0,-246,176,-115,-117,-20,-6,229,88,89,0
181279,0,0,0,0,-243,177,-118,-117,-20,-6,227,87,88,0
184599,0,0,0,0,-247,180,-114,-117,-16,-9,229,87,88,0
187953,0,0,0,0,-246,178,-116,-116,-20,-7,223,88,88,0
191279,0,0,0,0,-246,178,-117,-116,-21,-3,226,87,89,0
194601,0,0,0,0,-245,177,-118,-116,-23,-6,228,87,89,0
197957,0,0,0,0,-247,174,-117,-116,-23,-5,221,87,88,0
201279,0,0,0,0,-248,173,-117,-116,-19,-8,233,87,89,0
204604,0,0,0,3800,-245,171,-117,-116,-25,-32,243,226,131,0
207963,1,0,443,2618,-260,47,-101,-116,-146,5,227,189,233,0
211283,1,1,837,950,-985,178,-97,-115,-31,17,291,184,322,0
214608,1,2,743,800,-894,250,-113,-115,-21,-77,284,189,330,0
217965,2,3,612,350,-483,64,-43,-113,126,20,245,212,354,0
221283,2,4,1062,406,129,-318,-103,-113,-134,30,259,204,351,0
224612,3,5,818,500,129,-592,-208,-116,8,-24,252,217,346,0
227969,3,6,1062,725,-295,-799,-352,-123,-173,65,370,220,334,0
231304,4,7,950,687,-1155,-1331,-442,-133,18,61,311,226,336,0
234614,5,8,856,1212,-1235,-2114,-695,-151,-215,79,353,231,308,0
237987,5,9,875,1250,-1753,-2599,-775,-171,-99,55,369,229,305,0
241308,6,10,800,1287,-2278,-3180,-887,-195,-201,122,337,233,287,0
244618,6,11,856,1343,-2930,-3506,-938,-221,-153,325,340,230,284,0
247973,7,12,1006,1400,-3554,-3284,-882,-245,-67,230,256,238,281,0
251308,8,13,575,1343,-3806,-3016,-889,-269,-194,240,269,245,284,0
254620,8,13,893,1587,-4330,-2713,-858,-292,-29,327,167,244,287,0
257973,9,14,837,1512,-4367,-2326,-669,-310,-15,205,266,247,291,0
261307,10,15,537,1456,-4020,-1632,-141,-310,86,195,273,263,294,0
264624,10,16,668,1400,-3443,-1323,168,-301,-69,247,161,272,297,0
267974,11,17,668,1100,-3281,-1051,191,-292,-2,214,173,272,313,0
271308,12,18,143,1175,-3237,-830,438,-274,124,136,127,300,309,0
274627,13,19,425,1306,-2352,-1031,632,-251,-42,152,-8,302,319,0
277974,14,20,500,1025,-2024,-954,896,-219,-8,11,46,298,334,0
281308,15,21,200,800,-1541,-1219,1107,-181,-185,98,-45,314,346,0
284630,16,22,331,725,-2247,-1261,1143,-142,239,-108,23,323,350,0
287974,17,23,200,556,-1411,-1502,1139,-102,95,21,-45,314,359,0
291309,17,24,575,518,-150,-1359,1472,-53,104,-8,73,310,361,0
294633,18,25,612,443,574,-898,1651,1,154,100,170,308,365,0
297974,19,27,668,350,1294,-203,1638,56,106,-133,157,305,354,0
301309,20,28,500,443,2627,501,1413,104,274,-128,84,314,349,0
304637,21,29,518,500,3857,442,1558,156,-5,109,55,313,346,0
307975,22,30,443,406,4252,1332,1576,209,316,158,127,317,351,0
311309,23,31,425,237,6228,2881,1443,258,164,135,30,316,358,0
314640,24,32,612,256,7222,3618,1586,311,155,191,206,306,357,0
317996,25,33,518,256,8534,3975,1677,366,-65,213,57,311,357,0
321330,26,34,556,387,8227,4690,1681,422,-201,130,186,309,350,0
324643,27,35,612,556,6939,5050,1709,477,-302,189,65,306,341,0
327999,28,37,650,443,5063,5185,1515,528,-158,48,197,304,331,0
331334,28,37,781,818,2787,4768,1862,592,-186,183,9,313,327,0
334646,29,39,1062,575,1629,4193,1790,659,-81,105,255,298,340,0
337999,30,40,1456,200,795,3670,1721,727,182,108,273,277,344,0
341334,31,41,1212,162,1782,2043,1648,800,-177,171,385,290,346,0
344649,32,42,1175,275,1167,946,1389,868,-312,0,438,294,342,0
348000,33,43,1137,556,-349,-685,599,914,-485,2,333,296,327,0
351335,34,44,950,387,-3574,-1881,-511,927,108,-57,347,306,336,0
354652,35,45,650,425,-3559,-2753,-1349,913,-68,73,181,322,334,0
358000,36,46,631,312,-3785,-2840,-1937,880,-43,-49,246,323,340,0
361334,37,47,425,293,-4322,-2245,-2782,820,-49,156,240,334,341,0
364656,38,48,275,462,-4986,-949,-3296,738,137,-33,322,342,332,0
368001,39,49,50,425,-4078,444,-3428,635,-42,60,307,354,334,0
371335,40,50,293,556,-3507,2412,-2908,539,138,-223,548,341,327,0
374659,41,51,406,743,-2466,3169,-2314,461,-247,-157,357,335,317,0
378015,42,52,593,950,-2574,3580,-671,426,-112,-458,409,324,306,0
381336,43,53,425,893,-2727,2321,728,429,-177,-465,568,317,292,0
384663,44,54,931,1156,-2962,525,1970,463,-7,-529,642,306,278,0
388001,44,54,1231,1550,-2825,-1556,3513,538,-106,-224,525,290,273,0
391335,45,55,1137,1100,-2287,-2893,4353,638,248,-48,394,295,297,0
394666,46,56,1118,1100,-999,-3263,4934,757,35,122,374,296,297,0
398022,47,57,1006,912,-20,-2921,4907,864,91,59,264,302,307,0
401359,48,58,818,762,608,-1488,4700,959,-1,69,212,312,315,0
404668,49,59,687,331,1109,-874,4583,1051,-140,155,62,319,322,0
408026,50,60,406,631,1148,116,4530,1149,197,16,145,334,322,0
411359,51,61,425,143,2098,-62,4261,1233,-83,-16,8,333,332,0
414672,52,62,575,162,2193,48,4490,1324,111,-148,22,342,331,0
418026,53,63,837,312,3293,-215,4598,1423,52,-51,-54,328,340,0
421359,54,64,275,293,4078,-613,4538,1515,193,1,44,358,341,0
424675,55,65,331,218,5171,-951,4130,1592,62,-49,-84,355,345,0
428026,56,66,256,68,5586,-1003,4196,1670,-32,116,49,359,353,0
431359,57,67,312,143,6318,-1281,3958,1741,-29,-22,-51,356,349,0
434678,58,69,406,200,6008,-1408,3985,1818,-136,229,-22,351,346,0
438026,59,70,425,237,5359,-1193,3392,1866,-59,139,-114,350,344,0
441360,60,71,350,181,4233,-246,3007,1904,-482,160,67,354,331,0
444682,62,72,462,593,2674,875,2298,1922,-151,99,59,348,325,0
448027,63,73,275,1156,1639,1946,1665,1922,-377,161,84,342,295,0
451374,64,73,256,1400,-236,2728,1070,1912,-325,-34,137,341,296,0
454684,65,74,87,1025,-2525,2425,574,1912,-596,-74,93,350,300,0
458027,66,75,350,1437,-5453,1741,450,1942,-168,12,167,336,294,0
461360,67,76,518,1437,-7689,1331,420,1997,-168,152,23,327,294,0
464689,68,77,425,912,-8558,1466,429,2071,-11,270,153,332,306,0
468027,69,78,1100,893,-9316,2409,138,2162,284,309,146,296,323,0
471360,69,79,2037,537,-7600,1880,36,2266,574,-140,714,262,342,0
474691,70,80,2075,256,-3733,-101,443,2387,874,38,924,260,341,0
478049,71,81,2262,575,1032,-2988,628,2498,208,61,624,250,340,0
481384,71,82,2581,425,4783,-4005,1088,2604,99,241,510,249,348,0
484694,72,83,2018,537,5088,-4087,866,2652,288,399,510,281,344,0
488052,73,84,1531,462,5614,-3294,785,2654,376,365,372,307,348,0
491385,74,85,1100,500,7597,-2030,652,2613,364,465,208,330,346,0
494697,75,86,1025,518,8814,-328,478,2518,-202,106,-70,334,345,0
498052,76,87,987,631,8134,1139,362,2393,-467,257,182,336,339,0
501388,77,88,875,725,3875,1631,-342,2228,-383,126,230,342,334,0
504700,78,89,725,687,942,2409,-1195,2037,152,262,35,350,336,0
508052,79,90,518,556,1074,4194,-1347,1848,-235,40,45,361,343,0
511393,81,91,87,387,-321,5815,-1428,1661,-953,-261,-331,368,352,0
514704,82,93,0,650,-5198,6033,-1963,1458,-13,-198,170,373,338,0
518053,83,93,68,950,-7213,6083,-1116,1290,-206,-220,-73,369,322,0
521395,84,94,0,743,-8276,5185,-170,1144,-252,-326,190,369,316,0
524707,85,95,12,1100,-9436,3239,297,1010,-2,-250,121,355,297,0
528053,86,96,256,1156,-9800,490,846,894,35,-253,283,342,294,0
531394,87,97,556,1287,-9377,-926,1644,817,446,-43,352,326,287,0
534711,88,98,1006,762,-7391,-1302,2586,766,331,-199,504,302,299,0
538053,89,99,1118,706,-3624,-2423,3293,745,466,52,471,296,302,0
541395,90,100,1062,481,-972,-2783,4000,746,316,-61,434,299,314,0
544713,91,101,518,331,1372,-3173,4157,770,-250,112,85,312,322,0
548053,91,102,1306,275,1830,-3132,4012,801,33,-62,107,302,325,0
551395,93,103,237,181,2182,-3249,4235,862,-130,126,74,327,330,0
554717,93,104,706,0,2316,-3287,3841,930,125,-26,92,318,340,0
558075,94,105,837,237,3547,-2859,3601,1009,14,166,255,328,344,0
561395,95,106,537,106,4023,-2022,3518,1101,312,30,173,344,351,0
564720,97,107,406,12,5318,-1689,3105,1184,-64,169,42,351,356,0
568078,98,108,87,0,5170,-1004,2143,1238,-250,1,171,352,357,0
571395,99,109,12,68,3739,-402,1304,1265,-240,108,181,356,353,0
574724,100,110,87,237,1713,635,622,1280,175,-28,230,352,344,0
578079,101,111,425,518,2792,1686,-237,1272,-163,69,-29,350,329,0
581396,102,112,87,781,1856,2475,-796,1233,-600,12,153,352,315,0
584726,103,113,31,800,-1062,2895,-1689,1161,-323,-82,9,355,314,0
588078,104,114,293,856,-4291,3065,-2281,1055,-352,-28,89,357,311,0
591410,105,115,312,912,-5873,2932,-2537,949,-219,30,61,354,308,0
594730,106,116,200,931,-7312,3391,-2690,840,139,97,196,344,305,0
598078,107,117,950,875,-6620,4073,-2674,736,185,-7,388,320,308,0
601421,108,118,1381,687,-5011,4103,-2536,642,360,-171,660,297,318,0
604733,109,119,1531,406,-2382,2677,-1992,569,410,-295,870,273,333,0
608079,110,120,1962,443,1373,-5,-879,552,454,-256,969,266,331,0
611422,110,121,2300,556,3900,-1989,-361,578,69,-33,852,264,325,0
614737,111,122,1512,331,4643,-3041,288,629,102,-34,530,290,337,0
618080,112,123,1475,350,4846,-3948,904,702,40,221,371,308,336,0
621422,113,124,1156,237,4837,-3797,978,794,315,42,108,325,342,0
624739,114,125,1025,143,5870,-3275,1082,862,23,398,86,334,347,0
628080,115,126,875,12,6754,-2257,1127,903,33,173,-38,342,356,0
631423,116,127,668,31,6215,-1905,1227,932,-297,-34,34,353,355,0
634742,117,128,593,200,4351,-1953,1052,938,-141,-97,75,357,346,0
638080,119,129,143,256,2177,-1570,637,907,-127,200,75,365,343,0
641423,120,130,218,481,1163,-846,-33,825,-94,-87,34,361,331,0
644745,121,131,181,218,632,-332,-141,718,-139,85,-188,363,345,0
648101,122,132,331,387,-596,392,214,600,-330,-18,32,355,352,0
651423,123,133,331,68,-1805,832,324,480,-79,-9,-123,355,353,0
654748,124,135,331,87,-3070,1242,190,360,-111,38,137,355,352,0
658105,125,136,312,162,-3697,1603,149,233,-68,-19,-116,356,348,0
661437,126,137,12,0,-4249,1893,209,119,-98,194,131,355,340,0
664752,127,138,162,0,-4653,2429,-41,5,26,48,-55,347,336,0
668105,128,139,293,31,-4852,3580,69,-101,-178,135,8,340,322,0
671423,129,140,556,256,-5584,3955,97,-195,-160,-24,-59,326,310,0
674755,130,141,162,256,-6208,3691,195,-256,-168,76,50,331,310,0
678105,131,141,631,687,-6890,3191,446,-283,164,-187,172,306,303,0
681448,132,142,575,781,-6281,2549,886,-275,142,40,316,309,298,0
684758,133,143,518,706,-4982,1576,957,-238,278,-7,285,312,302,0
688106,134,144,556,687,-2425,609,925,-184,222,-158,383,310,303,0
691451,135,145,612,743,-547,-223,965,-101,152,154,261,307,300,0
694761,136,146,968,687,887,-621,968,0,182,-82,301,288,303,0
698106,137,147,893,856,2611,-1664,803,104,111,128,239,309,311,0
701452,137,148,837,612,3307,-1856,905,216,197,-23,237,328,324,0
704764,139,149,275,387,4674,-2139,917,329,1,137,156,342,336,0
708106,140,150,275,200,5450,-2104,744,431,69,-37,246,342,346,0
711451,141,151,68,200,5538,-1975,172,499,-459,118,140,353,346,0
714768,142,152,31,312,3126,-1262,-394,514,-202,-6,319,355,340,0
718107,143,153,68,387,384,-485,-1653,474,111,-24,240,353,336,0
721452,144,154,87,575,233,439,-2520,386,-272,-203,366,352,326,0
724771,145,155,218,968,-675,1254,-3586,245,-774,-135,235,345,305,0
728129,146,156,275,893,-5082,1783,-4062,88,-98,-201,421,342,309,0
731452,147,157,331,1156,-5608,2210,-4187,-76,-132,-31,350,339,295,0
734775,148,158,350,875,-6412,3492,-3996,-236,299,-16,372,336,308,0
738129,149,159,762,893,-4964,4723,-3799,-393,556,-271,659,314,307,0
741453,150,159,1381,1175,-2438,4719,-2840,-515,607,-469,886,281,308,0
744778,151,160,2187,968,1549,2978,-1986,-596,376,-359,852,254,319,0
748130,151,161,1925,987,4169,649,-1454,-641,213,-336,774,268,318,0
751453,152,162,1793,968,5203,-794,-728,-659,-181,-128,491,275,319,0
754780,153,163,1531,687,4394,-2133,-283,-675,-50,-82,332,289,334,0
758130,154,164,968,893,3537,-4138,202,-679,159,48,338,319,323,0
761453,155,165,1100,706,4385,-4756,421,-671,101,102,-39,312,333,0
764784,156,166,893,762,5197,-4699,553,-659,-136,-26,90,323,330,0
768131,157,167,575,406,4795,-4634,832,-639,-36,114,-87,342,351,0
771454,158,168,462,218,3818,-4375,979,-607,-54,82,145,348,361,0
774787,159,170,443,275,3203,-4394,1038,-577,-37,-86,-38,349,358,0
778131,160,171,143,237,2461,-4702,904,-552,-25,-44,90,365,344,0
781456,161,172,256,350,1903,-4594,895,-530,-18,33,-99,359,338,0
784790,162,173,387,406,1251,-4169,657,-523,-193,101,97,352,335,0
788130,163,174,687,162,243,-3698,174,-546,38,16,55,352,348,0
791460,164,175,218,106,-27,-2904,-4,-576,-248,273,-67,361,351,0
794793,166,176,200,162,-1117,-1726,-373,-616,-342,102,15,362,348,0
798131,167,177,275,331,-3409,-354,-805,-672,-228,128,21,358,339,0
801467,168,178,0,162,-5189,667,-1016,-734,-143,29,130,360,348,0
804796,169,179,0,31,-6028,1396,-1127,-794,-155,182,-79,358,338,0
808132,170,180,0,331,-7422,2765,-1270,-862,-127,101,112,345,322,0
811465,171,181,0,425,-8127,3451,-1452,-936,-124,179,-118,341,317,0
814800,172,182,312,443,-8987,4095,-1363,-1002,-168,87,10,323,316,0
818158,173,183,368,556,-9378,4250,-1270,-1047,-62,73,-120,320,310,0
821468,174,184,406,556,-9739,4642,-977,-1065,142,38,40,318,310,0
824803,175,185,406,462,-9100,4431,-839,-1040,289,123,48,318,315,0
828159,176,186,631,350,-7139,4141,-688,-982,409,98,247,306,321,0
831473,177,187,687,387,-4653,3621,-787,-895,173,72,210,303,319,0
834807,178,188,1212,68,-3189,3556,-963,-798,510,57,385,291,320,0
838178,178,189,1700,575,265,3361,-1094,-701,216,163,336,282,326,0
841475,179,190,1456,200,2170,3446,-1262,-616,541,95,281,295,330,0
844809,180,191,1325,12,4761,3329,-1586,-547,184,169,227,302,340,0
848165,181,192,1100,275,7237,3176,-1940,-519,242,-28,75,314,342,0
851478,182,193,762,0,8345,2812,-2127,-523,156,15,152,332,345,0
854812,183,194,781,0,9025,2385,-2317,-550,-310,-104,-6,331,345,0
858165,184,195,293,256,6642,1567,-2825,-616,-358,-10,266,357,343,0
861481,185,196,481,387,4293,812,-3012,-701,-270,-88,148,347,336,0
864816,186,197,556,612,2466,161,-3239,-808,-250,-185,356,343,308,0
868165,187,198,518,1137,1105,-1737,-3314,-925,-363,-197,212,345,296,0
871484,188,199,350,1343,-1278,-2502,-3510,-1052,-619,42,98,354,285,0
874819,189,199,312,1606,-4445,-2456,-3961,-1202,-356,-230,146,354,285,0
878166,190,200,425,1587,-8015,-2271,-4094,-1360,80,-30,428,348,286,0
881489,191,201,912,1493,-7363,-1983,-3197,-1493,577,-92,822,322,291,0
884822,192,202,1306,1212,-4673,-1110,-1845,-1579,578,-164,922,301,306,0
888165,193,203,1793,875,326,43,-668,-1627,280,-163,855,275,324,0
891491,194,204,1887,800,2272,549,1017,-1616,154,-191,870,270,328,0
894826,195,205,1868,856,3117,272,2547,-1542,160,-143,701,271,325,0
898166,195,206,2056,968,3441,-669,3367,-1437,224,-186,674,277,319,0
901494,196,207,1681,893,4114,-1788,3832,-1305,163,203,360,297,323,0
904829,197,208,1493,650,4547,-2580,4052,-1154,145,55,149,307,336,0
908167,198,209,2000,1343,5623,-2998,3833,-1002,107,328,126,330,349,0
911497,199,210,1325,800,5974,-2946,3428,-860,-82,48,146,366,378,0
914833,201,211,1025,687,6035,-2812,3157,-721,76,188,45,382,384,0
918190,202,213,237,256,5505,-2456,3102,-579,-267,128,223,408,391,0
921501,203,214,481,575,4147,-2058,2829,-448,-153,-58,-161,395,374,0
924835,204,215,743,331,3166,-2091,2526,-329,37,99,-101,381,387,0
928192,205,216,856,387,2852,-2640,2061,-234,-297,5,65,375,384,0
931504,207,218,481,0,2322,-2738,1667,-156,-247,187,-146,379,390,0
934838,208,219,406,218,688,-2041,990,-104,6,253,339,383,377,0
938192,209,220,106,331,334,515,1041,-47,-643,-36,-274,399,371,0
941507,211,221,350,293,-2562,1747,590,1,-238,80,-116,386,373,0
944841,212,222,0,106,-4287,2515,721,58,-45,186,162,412,366,0
948193,213,223,0,387,-4991,3339,615,116,-150,-19,-65,383,351,0
951510,214,225,0,518,-5208,3805,572,184,-141,84,187,376,344,0
954844,215,226,0,762,-5824,4044,211,251,-48,-152,-131,375,331,0
958193,216,227,706,556,-6685,4255,627,337,-97,89,3,334,326,0
961513,217,227,762,631,-6652,4622,896,438,92,-187,-68,331,322,0
964848,218,229,650,406,-6582,4504,1390,569,31,45,-12,337,334,0
968193,219,230,387,12,-5804,4375,989,694,189,-104,-94,351,339,0
971516,220,231,387,0,-5110,4012,833,822,1,124,25,351,345,0
974851,221,232,350,462,-5199,4172,917,954,339,-227,-1,337,331,0
978208,223,233,631,0,-3721,4383,1000,1095,23,155,44,339,344,0
981520,223,234,631,218,-3007,5240,1045,1251,213,-9,9,339,345,0
984855,225,235,387,87,-2264,5096,587,1397,78,4,-42,352,352,0
988194,226,236,256,50,-1237,4776,423,1511,193,0,203,359,354,0
991523,227,237,12,31,344,4668,307,1578,155,19,125,356,355,0
994857,228,238,143,31,1061,4208,140,1603,150,-76,338,349,355,0
998194,229,239,668,143,2366,3517,-390,1559,172,-204,220,337,349,0
1001527,230,240,425,425,2851,2515,-309,1470,-268,-482,497,350,334,0
1004861,231,241,275,500,1946,506,-373,1353,-125,-532,349,342,330,0
1008218,232,242,556,1118,575,-1151,-171,1228,23,-523,804,343,297,0
1011529,233,243,987,1475,341,-2292,-528,1085,98,-603,717,320,278,0
1014864,234,244,931,1662,938,-3803,74,967,21,-637,878,321,268,0
1018222,235,245,1193,1587,1855,-4840,917,889,-20,-418,852,307,270,0
1021532,236,245,1418,1700,2309,-4883,1688,843,-61,-463,849,295,280,0
1024867,237,246,1756,1568,2596,-5455,3429,853,-138,-226,669,293,287,0
1028222,237,247,1775,1062,2418,-5532,4547,907,-45,-117,659,292,314,0
1031537,238,248,1625,856,2222,-5809,5816,1010,-69,-5,488,300,325,0
1034871,239,249,1343,931,2548,-5858,6868,1160,-31,167,345,315,321,0
1038227,240,250,1325,856,2630,-5250,7137,1331,31,122,147,316,325,0
1041539,241,251,1268,443,2739,-4640,6870,1514,57,210,126,319,347,0
1044873,242,252,1081,237,2412,-3935,6496,1685,-49,187,129,329,358,0
1048246,243,253,1250,425,2384,-3831,6186,1860,231,84,67,322,366,0
1051543,244,254,1156,162,2649,-3992,6081,2027,-47,182,165,327,364,0
1054877,245,255,1175,275,2819,-4349,5666,2185,-25,195,-22,326,358,0
1058231,246,257,987,406,2382,-4470,5095,2327,-39,115,54,336,351,0
1061546,247,258,1156,556,2479,-4754,4403,2458,87,17,-206,327,343,0
1064880,248,259,1193,87,2585,-5050,3417,2545,-224,29,46,325,352,0
1068231,249,260,968,368,1658,-5228,2716,2602,-185,67,-89,337,353,0
1071548,250,261,1025,331,531,-4972,1964,2620,-205,366,86,334,355,0
1074883,251,262,800,0,-713,-4362,800,2614,-249,138,-51,346,357,0
1078231,252,263,706,462,-2250,-3598,-32,2587,-260,320,33,351,348,0
1081552,253,264,668,593,-3965,-2808,-936,2529,-380,248,11,353,341,0
1084886,254,265,200,406,-6760,-1145,-1862,2439,-321,399,47,361,334,0
1088232,255,266,218,556,-8639,-47,-2472,2329,-226,162,34,360,326,0
1091555,257,267,0,612,-10228,957,-2847,2222,-258,252,-77,363,307,0
1094889,258,268,0,612,-11446,2130,-3085,2112,-13,184,54,361,307,0
1098232,259,269,87,575,-11979,2718,-3054,2007,-99,193,-81,351,309,0
1101558,260,270,0,593,-12476,3470,-2749,1917,161,7,81,351,308,0
1104892,261,271,0,556,-11258,3636,-2280,1858,9,-15,3,345,310,0
1108232,262,272,650,425,-11126,4105,-1947,1807,181,-45,-22,305,317,0
1111561,263,273,743,162,-10395,4077,-1139,1783,92,58,3,300,331,0
1114896,264,274,781,537,-9045,4920,-359,1777,366,-19,121,314,327,0
1118254,265,275,518,68,-7109,4963,-274,1785,120,30,102,312,336,0
1121565,265,276,1118,181,-5992,5031,-289,1774,406,16,136,313,347,0
1124899,266,277,1081,500,-3416,5090,-290,1736,150,26,131,315,330,0
1128257,267,278,1043,125,-2252,5307,-186,1677,274,-44,144,317,350,0
1131568,268,279,856,68,-649,5516,-175,1565,188,208,120,327,353,0
1134903,269,280,706,50,742,5960,-333,1412,230,-31,156,335,354,0
1138257,270,281,800,106,1668,6128,-716,1208,22,275,1,330,351,0
1141571,271,282,668,237,2006,6329,-1077,960,114,67,105,337,344,0
1144905,272,283,537,106,2361,6397,-1546,688,183,37,-6,344,351,0
1148257,273,284,518,218,2696,6153,-1691,421,220,-5,50,345,345,0
1151574,275,285,650,462,3396,5778,-2003,155,324,4,155,338,332,0
1154908,276,286,837,593,5588,5180,-2118,-103,627,-254,484,328,325,0
1158258,276,287,950,518,8137,4415,-2179,-361,506,-217,277,320,327,0
1161577,277,288,1643,275,10058,3210,-2140,-605,452,-379,422,283,340,0
1164912,278,289,1381,256,12253,1224,-1919,-824,501,-295,419,297,341,0
1168258,279,290,1531,237,13885,-185,-1452,-1007,139,-247,262,289,342,0
1171581,280,291,1231,87,14363,-1549,-1054,-1147,347,-220,261,305,350,0
1174915,281,292,1006,256,14226,-3495,-132,-1236,-445,-139,159,317,341,0
1178258,282,293,650,387,11785,-4361,263,-1289,-10,-72,277,336,334,0
1181584,283,294,743,762,9912,-5029,500,-1299,-273,94,112,331,314,0
1184919,284,295,556,500,7239,-4986,989,-1267,-197,117,307,341,328,0
1188274,285,296,1043,387,5297,-4982,1126,-1202,-1014,295,311,333,334,0
1191587,286,297,500,762,-175,-3505,814,-1119,-331,230,586,346,316,0
1194921,287,298,762,462,-4922,-1920,316,-1032,-208,202,354,332,332,0
1198280,288,299,818,518,-5592,-185,-11,-943,248,288,284,345,329,0
1201590,289,300,818,687,-4422,1653,-491,-862,-54,236,195,329,320,0
1204925,290,301,725,462,-3911,3463,-846,-793,-167,62,90,334,332,0
1208283,291,302,743,368,-4577,3355,-1309,-748,-160,-57,47,349,337,0
1211593,292,303,612,293,-5095,3189,-1492,-723,65,-130,18,356,341,0
1214928,293,305,443,312,-3992,2453,-1618,-713,121,-150,124,349,340,0
1218284,294,306,950,0,-3154,2570,-1557,-726,304,-124,181,338,350,0
1221596,295,307,687,0,-1048,2745,-1271,-755,-259,-181,263,352,341,0
1224931,296,308,181,500,-1396,2465,-183,-752,-175,-539,223,362,330,0
1228284,297,309,368,762,-1513,599,365,-731,-51,-409,575,352,283,0
1231601,299,309,350,1156,-1555,-790,1221,-684,-349,-141,367,337,278,0
1234934,299,310,612,1400,-2554,-2396,1956,-617,-165,-303,461,323,265,0
1238284,300,311,537,1175,-2682,-3581,2268,-541,-99,-120,404,327,277,0
1241604,301,312,856,1025,-1929,-4028,2547,-451,178,89,316,310,285,0
1244937,302,313,912,893,-509,-3184,3053,-333,-133,314,273,307,292,0
1248284,303,313,781,1006,-42,-2010,2794,-212,-60,105,212,314,302,0
1251606,304,314,687,781,575,-910,2337,-91,-149,357,254,319,314,0
1254940,305,315,500,931,1339,226,2070,26,-177,170,160,329,306,0
1258284,306,316,687,912,1564,1016,1872,147,-161,86,153,319,307,0
1261609,307,317,875,1175,1825,1106,1617,264,-96,75,108,326,310,0
1264944,308,318,575,856,2249,1231,1867,390,217,-3,160,342,327,0
1268284,309,319,425,687,3197,765,1613,507,208,-43,-25,350,336,0
1271613,310,320,237,575,3725,608,1486,614,51,24,34,360,342,0
1274947,311,321,387,350,4461,269,1220,697,224,-124,28,352,354,0
1278306,312,322,387,350,4724,154,1152,766,-81,46,92,352,354,0
1281616,313,323,387,387,4186,106,598,789,-140,-148,92,352,352,0
1284973,315,325,68,275,1980,-279,222,788,-111,73,68,353,342,0
1288306,316,326,125,500,1245,11,-263,764,86,-46,30,350,330,0
1291619,317,327,125,593,1294,565,-561,716,-560,59,-1,350,325,0
1294978,318,327,0,1062,-2224,1688,-1344,638,-137,-133,181,357,316,0
1298310,319,328,162,1100,-3958,1538,-1934,552,-403,-44,117,346,312,0
1301622,320,329,312,1081,-6257,1203,-2061,478,-317,-150,96,338,313,0
1304981,321,330,143,1287,-9162,531,-2224,409,-106,-96,24,347,302,0
1308310,322,331,593,987,-10757,419,-2103,359,456,-45,321,323,318,0
1311625,323,332,1156,781,-9139,-19,-1798,329,634,96,749,293,329,0
1314984,323,333,2225,612,-4041,-127,-1078,336,800,-95,924,252,338,0
1318310,324,334,2337,556,752,-1166,-333,372,449,-188,901,246,341,0
1321629,325,335,1925,706,3745,-2312,183,429,364,102,870,268,333,0
1324987,326,336,1737,706,5660,-3318,1095,511,-59,193,651,278,333,0
1328311,327,337,1568,556,5099,-3250,1661,603,128,242,313,287,341,0
1331632,327,338,1625,293,4374,-2905,1586,658,438,122,430,302,357,0
1334990,328,339,1493,406,6467,-2156,1730,701,538,319,-53,309,351,0
1338310,329,341,1100,50,8777,-1046,1503,710,-58,92,34,330,354,0
1341635,330,342,893,181,8718,73,1385,692,-370,147,-84,341,347,0
1344993,331,343,875,331,5596,633,999,652,-323,35,204,342,339,0
1348310,333,344,312,387,3922,927,543,590,82,-46,20,356,336,0
1351639,334,345,200,275,3789,1209,513,510,-96,61,152,362,342,0
1354997,335,346,68,106,3296,2382,263,431,-536,-22,-339,369,351,0
1358311,336,347,0,143,827,2969,326,368,-160,74,-36,374,349,0
1361641,337,348,0,143,-1140,3412,357,315,-100,-134,-113,373,349,0
1365012,338,349,181,218,-2510,3550,834,282,-296,12,39,362,345,0
1368332,339,350,0,106,-3392,3341,810,257,-255,-189,50,360,334,0
1371644,341,351,0,406,-4945,2726,739,222,-128,-45,71,357,318,0
1375002,342,352,0,781,-5851,1822,941,201,-257,-326,65,345,298,0
1378335,343,353,68,931,-6915,1001,1641,206,-395,-93,64,336,290,0
1381648,344,354,50,800,-8279,329,1848,225,-3,-68,84,337,297,0
1385002,345,355,537,762,-8354,-576,2118,256,-135,114,-17,311,299,0
1388336,345,355,687,950,-8760,-587,2267,308,173,-18,106,319,305,0
1391651,346,356,762,687,-7806,-619,2223,370,122,94,123,315,303,0
1395002,347,357,837,706,-6110,-1186,1904,438,167,33,139,311,318,0
1398336,348,358,837,368,-4642,-1087,1435,500,67,35,173,311,320,0
1401654,349,359,1137,181,-3326,-1013,1246,581,308,10,209,312,330,0
1405002,350,360,912,425,-915,-1549,858,669,306,-311,317,324,334,0
1408337,351,361,950,331,1171,-2057,552,750,384,26,251,322,339,0
1411657,352,362,856,256,3275,-1573,862,847,341,32,339,327,343,0
1415002,353,363,556,0,6440,-941,924,941,264,148,96,343,359,0
1418337,354,365,368,0,7645,-691,502,1013,-121,131,149,353,353,0
1421660,355,366,350,31,7598,-621,-232,1040,-272,65,8,354,339,0
1425003,356,367,312,462,4767,88,-948,1020,-333,88,139,356,332,0
1428337,357,368,387,443,2752,815,-1902,955,-207,42,190,352,317,0
1431664,358,369,537,1043,1901,1824,-2225,851,-515,108,306,344,301,0
1435003,359,369,500,1343,-1095,2938,-2671,716,-636,-152,270,346,301,0
1438352,361,370,68,1306,-4367,2608,-3003,573,-561,-158,223,351,301,0
1441668,361,371,800,1381,-7391,1656,-3412,412,85,-154,450,328,281,0
1445024,363,372,575,1793,-8273,1704,-3223,264,1,168,381,324,275,0
1448358,363,373,1156,1531,-7309,3025,-2892,131,493,-388,746,309,289,0
1451670,364,374,1625,1325,-4550,3416,-1737,45,595,-467,1057,284,300,0
1455028,365,375,2187,556,1030,1111,-528,12,520,-235,1040,254,341,0
1458361,366,375,2000,743,3951,-706,269,4,-41,-196,889,264,347,0
1461673,367,377,1962,968,4786,-2234,1745,50,-181,35,548,282,319,0
1465028,367,377,1700,1081,3454,-3070,2035,104,143,-132,366,296,329,0
1468363,368,379,1343,687,3704,-3940,2131,159,100,163,237,315,334,0
1471676,369,380,1100,875,4300,-3998,2260,204,320,211,2,330,342,0
1475028,370,381,912,143,5529,-3289,2101,244,-10,290,-117,340,365,0
1478362,371,382,1062,331,5185,-2261,1955,282,72,-2,81,332,355,0
1481680,372,383,987,200,4870,-2696,1689,306,-293,-6,88,336,362,0
1485029,374,384,481,331,3464,-3094,1459,300,-99,-76,97,347,355,0
1488363,375,385,256,687,3019,-3432,1435,287,-221,77,-55,359,336,0
1491683,376,386,312,575,1891,-3474,933,250,-214,16,129,356,342,0
1495029,377,387,556,443,760,-3270,398,191,79,150,-118,343,349,0
1498363,378,388,537,387,457,-2456,7,122,-126,206,113,344,352,0
1501686,379,389,237,312,65,-1068,-537,46,-287,59,-144,360,356,0
1505029,380,391,275,87,-2434,-186,-953,-28,-274,82,198,358,352,0
1508363,381,392,0,0,-4174,407,-1265,-106,-106,81,8,360,348,0
1511690,382,393,68,106,-5293,1937,-1357,-175,-285,180,160,352,334,0
1515029,383,394,275,331,-6918,3212,-1503,-240,-80,-83,-102,341,322,0
1518363,384,395,218,425,-7851,3920,-1276,-306,-203,24,56,344,317,0
1521692,385,396,387,12,-8393,4443,-1395,-379,-24,40,-95,335,323,0
1525050,386,397,537,293,-8974,4788,-1130,-430,-49,147,-32,327,308,0
1528386,387,397,612,387,-9193,4816,-1053,-456,197,5,-34,323,319,0
1531696,388,399,275,443,-8240,4445,-785,-450,314,37,221,325,316,0
1535054,389,399,1006,181,-5708,4086,-758,-415,232,33,76,302,330,0
1538389,390,400,556,237,-4225,3712,-821,-371,285,92,371,310,327,0
1541699,391,401,800,406,-1785,3338,-1156,-323,397,222,243,297,318,0
1545054,392,402,987,481,13,3312,-1482,-276,390,112,432,304,331,0
1548387,393,403,1306,350,2225,3176,-1761,-224,479,113,265,287,338,0
1551702,393,404,1268,443,5559,2740,-1663,-176,275,51,296,305,333,0
1555054,394,405,837,143,7243,2342,-1674,-138,360,-7,72,328,349,0
1558388,395,407,575,0,8844,1800,-2004,-146,89,-12,70,342,349,0
1561705,397,408,425,425,8935,1430,-2257,-200,-370,-24,-19,350,334,0
1565055,398,409,350,50,6852,1012,-2517,-287,-456,-166,203,354,338,0
1568388,399,410,0,293,4248,653,-3007,-435,-140,-84,134,358,325,0
1571708,400,411,87,950,2256,138,-3557,-610,-389,-360,361,352,306,0
1575055,401,411,481,1193,561,-1012,-3544,-788,-590,-301,190,347,293,0
1578402,402,412,275,1306,-2473,-1794,-3954,-982,-613,-168,253,356,287,0
1581712,403,413,218,1437,-6591,-1783,-4335,-1183,-475,-211,167,343,278,0
1585055,404,414,593,1175,-8494,-1771,-4257,-1377,-75,-333,460,339,292,0
1588389,405,415,931,875,-8617,-2270,-4125,-1559,100,-419,428,321,308,0
1591715,406,416,931,518,-6920,-3054,-3309,-1708,1043,-90,980,305,327,0
1595055,407,417,1606,312,-1294,-2344,-1824,-1810,677,98,928,285,338,0
1598389,407,418,2318,200,3109,-499,19,-1838,136,-174,678,263,344,0
1601718,408,419,1681,200,4877,145,2178,-1782,172,-115,849,281,344,0
1605076,409,420,1812,425,5754,-105,3358,-1678,69,-34,566,290,332,0
1608389,410,421,1700,462,6274,-643,3905,-1539,33,106,265,296,330,0
1611721,411,422,2468,443,5569,-1462,4247,-1376,127,58,-26,305,331,0
1615080,412,423,1643,856,5567,-2098,4029,-1211,328,325,99,349,359,0
1618413,413,424,1456,237,6360,-2381,3681,-1054,53,147,-98,359,392,0
1621725,414,425,1250,275,6918,-2065,3516,-897,2,46,-36,370,390,0
1625080,415,427,1156,143,6204,-1816,3146,-759,-354,9,8,375,381,0
1628417,417,428,443,387,4211,-1273,2961,-622,-160,93,-100,397,368,0
1631728,418,429,1025,331,2381,-1418,2425,-511,-42,-58,59,366,371,0
1635081,419,430,912,481,2061,-1816,2185,-410,-406,-2,-158,372,379,0
1638421,420,431,950,200,665,-1596,1858,-328,-256,216,-74,370,378,0
1641731,421,433,968,218,-2295,-1149,1029,-272,-254,163,32,369,377,0
1645082,422,434,743,312,-3709,-386,542,-229,-213,24,-88,381,372,0
1648436,424,435,0,0,-4276,146,321,-183,22,253,358,388,372,0
1651734,425,436,0,31,-5229,2279,113,-133,-631,-183,-209,394,354,0
1655081,426,437,237,406,-7982,3239,342,-67,-71,74,113,375,334,0
1658422,427,438,406,406,-8767,3984,741,7,32,-198,18,366,334,0
1661737,428,439,68,462,-8966,4113,1039,92,-139,119,11,368,331,0
1665081,429,440,143,368,-9086,4404,694,176,-23,-85,5,364,336,0
1668423,431,441,0,481,-9678,4261,733,269,445,82,-40,364,330,0
1671741,432,442,387,462,-7757,4004,1216,386,411,-217,235,351,331,0
1675082,433,443,406,406,-5006,3500,1334,522,319,96,100,334,334,0
1678423,434,444,556,181,-3089,3300,1312,674,327,61,424,326,346,0
1681744,435,445,350,87,-193,3178,1194,822,268,76,180,337,351,0
1685082,436,446,1212,706,1802,2949,591,964,317,-53,293,308,335,0
1688424,437,447,1118,387,4064,2933,324,1109,352,-33,146,313,352,0
1691747,437,449,1381,50,6730,2635,494,1258,139,-98,200,315,354,0
1695103,438,450,1006,125,7838,2219,344,1398,236,-50,32,335,350,0
1698423,439,451,706,106,8773,1747,148,1506,-247,-70,163,351,351,0
1701750,441,452,237,143,6597,990,92,1565,-303,-185,87,360,349,0
1705107,442,453,181,293,4745,569,-516,1549,-92,-347,454,363,341,0
1708424,443,454,200,800,3916,-31,-915,1452,-554,-280,154,362,314,0
1711753,444,455,406,1212,675,-1561,-1739,1293,-669,-231,284,351,292,0
1715107,445,456,256,1456,-3006,-2228,-1972,1109,-646,-216,22,359,279,0
1718424,446,456,125,1700,-5963,-2207,-2293,905,-183,-245,518,366,282,0
1721756,447,457,331,1456,-6742,-2873,-2319,706,11,-300,477,353,293,0
1725107,448,458,912,1400,-6141,-3711,-2468,514,309,-419,615,322,296,0
1728449,449,459,1175,1418,-4083,-4495,-1710,351,651,-49,928,308,295,0
1731760,450,460,1493,1062,1421,-2625,-126,249,490,-97,922,291,314,0
1735107,451,461,1868,556,3945,-1632,1158,192,-96,-174,566,271,341,0
1738450,451,462,2318,537,3159,-1567,2770,203,117,-159,641,263,342,0
1741763,452,463,1943,725,2604,-2078,4128,264,223,216,539,283,332,0
1745108,453,464,1868,800,2765,-2186,5028,363,331,85,142,287,328,0
1748451,454,465,1737,687,3540,-2426,5128,491,129,252,100,294,334,0
1751766,455,466,1606,462,3983,-2539,4735,622,105,155,55,301,346,0
1755108,456,467,912,500,4237,-2267,4272,746,85,60,204,340,346,0
1758451,457,468,743,462,4410,-1918,3715,858,-189,77,53,349,348,0
1761769,458,469,837,593,3206,-1667,3655,962,-235,202,85,344,341,0
1765109,459,470,743,631,2138,-1828,3081,1035,-22,233,-67,349,339,0
1768451,460,471,1081,575,1648,-1331,2594,1083,19,183,46,331,342,0
1771773,461,472,893,462,1387,-850,1797,1118,-304,54,-3,341,348,0
1775130,462,473,1250,275,-22,-605,1220,1133,-82,150,155,338,358,0
1778451,463,474,687,293,-1028,-877,566,1113,-253,249,39,352,357,0
1781776,464,476,481,331,-2625,-186,-295,1062,51,129,-20,363,355,0
1785133,465,477,387,87,-2552,549,-386,1009,-29,275,335,384,352,0
1788465,467,478,0,143,-2377,2798,-308,962,-513,174,-336,376,349,0
1791779,468,479,0,0,-6926,3973,-475,928,-40,-99,149,370,342,0
1795133,469,480,0,162,-7507,4520,279,927,-85,-129,-67,358,331,0
1798452,470,481,31,312,-7374,3827,223,919,56,72,71,354,323,0
1801782,471,482,143,312,-6973,4130,-260,900,-84,-88,-145,348,323,0
1805133,472,483,87,443,-7481,3976,141,900,322,-104,164,351,316,0
1808452,473,484,631,406,-6015,3643,793,921,437,-221,128,322,318,0
1811785,474,485,593,293,-2425,2874,820,963,30,-5,205,324,324,0
1815134,475,486,650,218,-1352,2584,738,1015,172,42,134,321,328,0
1818476,476,487,537,218,-116,2625,895,1097,282,92,398,327,328,0
1821788,477,488,1081,0,2283,2462,199,1165,318,20,184,298,336,0
1825148,477,489,2262,500,4122,2543,-36,1236,290,-32,340,268,330,0
1828479,478,490,1700,218,5441,2242,105,1311,312,-69,261,298,329,0
1831792,479,491,1381,0,7215,720,7,1389,116,6,208,315,341,0
1835134,480,492,837,368,7658,130,154,1447,-239,-44,122,344,337,0
1838480,481,493,650,12,6376,-867,-83,1448,-769,-213,341,354,340,0
1841795,482,494,518,125,1875,-2140,-389,1400,51,6,145,361,334,0
1845134,484,495,293,631,355,-2651,-1193,1276,-42,-281,360,357,323,0
1848480,485,496,312,968,96,-2740,-1784,1091,-394,-73,205,356,305,0
1851798,486,497,293,725,-2363,-2508,-2784,847,-642,-90,336,357,302,0
1855158,487,498,181,1156,-5217,-1882,-3306,584,-736,-167,65,363,295,0
1858480,488,498,181,1456,-8777,-920,-4281,302,-50,49,353,363,295,0
1861801,489,499,200,1212,-9646,-136,-4453,29,487,-8,507,360,306,0
1865158,490,500,875,1287,-6177,915,-3728,-202,750,-35,984,324,302,0
1868481,491,501,1268,912,-212,2218,-2669,-400,506,-135,863,303,322,0
1871805,492,502,1737,631,4450,2390,-1060,-529,96,-239,811,278,337,0
1875158,493,503,1662,837,5545,1283,47,-609,-22,-233,672,282,326,0
1878481,493,504,1906,856,5357,-177,1058,-632,-132,-21,615,285,325,0
1881808,494,505,1868,1006,4146,-1914,1967,-609,-39,41,343,287,317,0
1885158,495,506,1718,968,3423,-2859,2061,-562,188,5,105,295,319,0
1888482,496,507,1362,875,3805,-3422,2189,-484,324,271,124,314,324,0
1891811,497,508,1306,462,5648,-3440,2122,-406,-52,79,-133,317,346,0
1895158,498,509,1306,350,5510,-3293,2150,-329,-146,239,-10,319,354,0
1898482,499,510,1025,368,4155,-3263,2109,-249,-277,134,113,334,353,0
1901814,500,511,612,650,2422,-2860,1956,-196,245,54,249,356,338,0
1905159,501,512,0,706,2904,-3087,2308,-131,-137,11,-16,392,335,0
1908483,503,513,0,743,2918,-2562,2024,-60,-336,-119,-403,378,333,0
1911817,504,514,0,575,-69,-2778,2166,3,-273,-105,-114,376,342,0
1915159,505,515,50,368,-1634,-2628,1765,33,113,63,35,370,353,0
1918486,506,517,181,143,-1156,-1813,1527,55,-283,225,215,363,349,0
1921820,507,518,256,162,-1205,-212,1233,71,-396,80,-209,359,348,0
1925159,508,519,218,143,-3236,947,987,74,-214,131,16,361,349,0
1928489,509,520,218,162,-5107,1660,528,84,-113,-70,35,361,348,0
1931824,510,521,0,50,-6084,2690,628,105,-166,245,24,359,337,0
1935160,511,522,218,237,-6935,3691,596,120,-53,70,-68,344,327,0
1938492,512,523,350,500,-7306,4355,434,133,-137,28,-117,337,313,0
1941827,513,524,443,556,-7621,4478,292,138,-36,-38,-94,332,310,0
1945184,514,525,368,481,-7525,4664,542,157,-40,52,-58,336,314,0
1948496,515,526,781,68,-7561,4907,752,193,259,-215,11,314,320,0
1951831,516,527,631,0,-6377,4350,811,255,221,213,122,322,327,0
1955186,517,528,968,0,-4631,4030,740,334,327,-64,220,304,324,0
1958499,518,529,1062,0,-2697,3710,384,433,196,177,356,299,327,0
1961833,519,530,950,368,-306,3220,19,537,358,-37,271,289,320,0
1965206,520,531,1925,0,1946,2899,-400,658,319,78,414,270,331,0
1968502,521,532,1512,0,4240,2152,-453,783,347,94,281,276,342,0
1971836,521,533,1531,500,6706,1116,-794,875,178,-42,331,291,330,0
1975193,522,534,1587,50,7934,159,-936,929,96,32,168,304,338,0
1978506,523,535,987,0,8373,-1224,-1111,928,-384,-163,189,320,344,0
1981840,524,536,612,0,5399,-1982,-1112,891,-477,-37,143,340,350,0
1985194,525,537,650,218,2242,-2904,-1440,813,67,-154,168,354,329,0
1988508,526,538,706,406,779,-3778,-2429,676,173,-196,191,351,319,0
1991843,528,539,425,462,924,-4396,-3216,511,-375,-15,379,350,316,0
1995193,529,539,331,1025,-1676,-3835,-3533,332,-643,107,203,355,302,0
1998512,530,540,275,1081,-4824,-1789,-4669,120,-495,-158,357,358,299,0
2001846,531,541,256,1156,-8503,-718,-5293,-112,-85,-217,375,357,295,0
2005194,532,542,762,1081,-8025,-197,-4910,-331,563,-48,867,330,297,0
2008516,533,543,1025,1025,-4538,1609,-4087,-520,695,-3,806,316,300,0
2011849,534,544,1737,650,570,3011,-3046,-687,388,-244,862,294,320,0
2015194,534,545,2206,593,2964,3359,-1830,-807,205,-279,760,269,323,0
2018519,535,546,2206,743,3871,2124,-202,-881,250,-451,740,269,315,0
2021853,536,547,2112,912,4799,409,908,-908,61,-185,692,274,306,0
2025194,537,548,1981,912,5182,-1146,1729,-902,43,25,322,281,306,0
2028521,538,549,1718,1137,5120,-2773,2221,-871,97,133,293,295,310,0
2031856,539,549,1662,1156,5146,-3570,2337,-829,29,235,-95,314,309,0
2035210,540,550,1118,1287,5671,-3847,2564,-765,-151,268,70,329,320,0
2038525,541,551,931,500,5324,-3287,2764,-699,-75,122,-100,339,346,0
2041859,542,553,1250,406,3413,-3008,2906,-626,-128,1,144,338,351,0
2045194,543,554,800,425,2463,-3230,3123,-542,-101,-60,-96,346,350,0
2048529,544,555,950,275,1422,-3953,2766,-465,-56,4,7,338,342,0
2051862,545,556,1025,237,968,-4165,2405,-407,-124,-23,-177,334,344,0
2055220,546,557,931,725,321,-4179,1899,-371,-256,63,176,339,334,0
2058531,547,558,968,500,-1383,-3950,998,-365,-95,92,4,337,346,0
2061865,548,559,893,50,-2033,-3304,261,-380,-67,207,64,341,354,0
2065222,549,560,912,406,-2479,-2278,-306,-402,-408,350,-98,340,351,0
2068534,550,561,593,425,-4745,-1027,-1209,-440,-227,151,88,357,350,0
2071868,551,562,275,143,-6423,-787,-1798,-484,-305,180,-29,357,348,0
2075221,552,563,256,462,-8112,-95,-2241,-540,-143,282,3,358,331,0
2078537,553,564,350,125,-9684,984,-2852,-604,-240,125,-79,353,333,0
2081873,554,565,406,368,-10967,1762,-3024,-669,205,238,38,350,320,0
2085221,555,566,500,368,-10350,2297,-2929,-726,-208,-240,56,345,320,0
2088541,556,567,668,537,-10750,3263,-2943,-783,-56,92,-180,320,311,0
2091876,557,568,781,368,-11555,3350,-2463,-815,239,-145,-24,314,320,0
2095221,558,569,518,518,-10367,3718,-1948,-800,308,-37,28,328,312,0
2098545,559,570,500,406,-7948,3294,-1435,-744,414,28,325,329,318,0
2101878,560,571,481,256,-5982,3604,-1447,-679,245,10,286,330,326,0
2105222,561,572,1043,218,-4265,3710,-1194,-571,307,49,321,300,328,0
2108548,562,573,1343,518,-1638,4721,-899,-433,508,21,371,301,329,0
2111882,563,574,1325,200,1340,4787,-851,-306,346,-29,153,302,346,0
2115222,564,575,1437,218,3915,4439,-1222,-217,292,58,283,296,345,0
2118551,565,576,1137,218,6017,3948,-1614,-172,56,190,58,312,345,0
2121885,566,577,856,200,6700,4022,-2143,-182,347,19,-3,327,346,0
2125222,567,578,556,181,7492,3923,-2226,-245,-73,61,-63,343,347,0
2128554,568,579,275,50,6756,3813,-2735,-359,82,-155,37,358,354,0
2131889,569,580,218,181,7371,3434,-2896,-504,118,-8,-69,361,347,0
2135247,570,581,256,387,8016,3604,-3291,-676,461,-68,109,359,336,0
2138557,571,583,425,275,10371,3166,-3394,-855,-112,-155,-72,350,342,0
2141891,572,583,256,537,9612,2990,-3490,-1044,-323,-15,-116,359,328,0
2145246,573,584,50,706,7686,2192,-3480,-1239,-722,-290,226,368,317,0
2148561,575,585,12,1531,2285,1089,-3639,-1444,-591,-115,336,370,273,0
2151895,576,586,256,1775,-1161,232,-3427,-1648,-635,-515,681,357,260,0
2155251,577,587,331,1775,-3683,-1222,-3299,-1838,-339,-255,636,337,260,0
2158563,578,587,1118,1981,-5694,-3473,-3005,-2007,207,-398,856,311,265,0
2161897,578,588,1531,1850,-4731,-4822,-2413,-2142,419,-177,974,289,272,0
2165255,579,589,1625,1625,-2178,-4864,-1626,-2224,454,26,1058,284,284,0
2168566,580,590,1437,1287,1650,-3926,28,-2231,349,198,1020,294,302,0
2171900,581,591,1325,1006,3174,-3403,1488,-2175,-87,113,752,300,317,0
2175274,582,592,1662,893,2877,-2679,2721,-2052,57,61,535,300,323,0
2178569,583,593,1475,762,2558,-1851,3932,-1873,44,299,295,294,332,0
2181904,583,594,1531,931,2332,-718,4206,-1672,191,-8,205,307,339,0
2185259,585,595,1212,387,2751,-530,4176,-1452,82,306,85,324,352,0
2188572,586,596,968,162,3124,-111,3901,-1236,141,169,56,337,364,0
2191908,587,597,837,143,3505,243,3774,-1026,-159,213,-6,344,365,0
2195259,588,598,912,293,2601,407,3564,-823,-112,-95,33,340,357,0
2198576,589,599,631,368,1911,-53,3474,-637,119,173,66,355,353,0
2201910,590,600,125,293,2661,405,3608,-464,-75,-91,102,366,357,0
2205260,591,601,256,143,3512,524,3406,-312,-239,-187,-280,375,365,0
2208579,592,603,275,0,105,560,3595,-155,-140,116,41,374,366,0
2211913,593,604,0,0,-882,909,3899,3,244,-52,171,373,361,0
2215260,595,605,0,0,-79,1107,4129,160,-236,83,-48,367,357,0
2218582,596,606,0,0,-671,1643,3542,298,-65,135,153,359,347,0
2221917,597,607,87,106,-803,2165,3356,441,-61,132,93,351,334,0
2225260,598,608,12,312,-1227,2683,3528,601,-78,-30,94,339,323,0
2228585,599,609,181,443,-1546,3129,3536,779,-253,191,-16,330,316,0
2231920,600,610,425,237,-2442,3814,3299,952,160,-144,32,333,327,0
2235261,601,611,275,275,-1830,3889,3345,1142,59,63,-87,325,325,0
2238588,602,612,181,575,-1352,3724,3462,1340,28,-37,70,330,309,0
2241923,603,613,462,706,-974,3265,3243,1544,-313,-7,-7,331,302,0
2245281,604,614,387,612,-2045,2661,3065,1746,-52,-120,47,319,307,0
2248592,605,615,537,725,-2833,1617,3234,1956,-89,-240,33,328,318,0
2251926,605,616,856,706,-3534,1027,3789,2184,-13,-136,41,327,319,0
2255282,607,617,275,425,-3852,445,3836,2417,79,88,3,342,334,0
2258595,608,618,125,443,-3259,494,3766,2642,247,-97,40,350,333,0
2261929,609,619,556,162,-1903,345,3686,2860,-171,40,-5,343,348,0
2265285,610,620,31,200,-2321,403,3513,3064,-94,-10,283,355,346,0
2268598,611,621,143,275,-2452,462,3065,3235,130,163,240,349,342,0
2271932,612,622,181,425,-1677,673,2808,3374,22,-166,248,347,334,0
2275286,613,623,31,687,-496,171,2113,3439,-273,-86,217,355,320,0
2278602,614,624,0,725,-2191,-33,2239,3462,9,-144,505,357,318,0
2281936,615,625,68,706,-1681,-350,1550,3426,102,-109,632,353,319,0
2285286,616,626,218,893,57,-66,1151,3339,271,-294,1109,343,307,0
2288604,617,627,312,893,3430,-103,1210,3245,-426,-281,981,338,307,0
2291939,618,627,743,1231,3336,409,1002,3146,-543,-325,835,315,305,0
2295286,619,628,856,1512,1807,-98,839,3050,-329,-303,822,309,290,0
2298608,620,629,912,1587,26,-740,873,2960,-26,-275,871,306,286,0
2301942,621,630,1325,1643,416,-1103,690,2870,-154,-206,533,284,283,0
2305286,621,631,1700,1212,572,-1772,779,2786,-93,-150,488,280,306,0
2308611,622,632,1550,743,505,-2939,1065,2706,7,28,320,288,331,0
2311945,623,633,1456,650,707,-3471,1120,2635,24,89,253,293,336,0
2315286,624,634,1100,537,934,-3691,1299,2563,-64,119,104,312,342,0
2318614,625,635,1550,1175,1183,-3861,1170,2478,15,-1,45,338,358,0
2321949,626,636,1287,818,1085,-3607,931,2378,-96,158,143,352,377,0
2325287,627,637,950,593,1518,-3625,637,2287,276,-4,129,370,389,0
2328617,629,639,387,162,2179,-3488,475,2197,-247,215,152,384,396,0
2331952,630,640,1062,275,1479,-3332,151,2091,134,-133,97,364,390,0
2335308,631,641,818,387,1374,-3771,63,1983,29,79,-128,361,384,0
2338621,632,642,818,500,1692,-3760,-183,1874,92,-83,37,361,378,0
2341955,633,644,650,500,2470,-3970,-524,1753,-100,-86,-219,370,378,0
2345311,634,645,350,0,1875,-4348,-797,1620,-127,195,146,386,401,0
2348624,635,646,237,181,1564,-3681,-611,1500,-507,129,40,392,379,0
2351958,637,647,0,200,75,-1793,-689,1382,-157,160,-124,395,378,0
2355312,638,649,0,0,-2601,-577,-453,1267,-245,178,40,380,359,0
2358627,639,650,0,312,-3823,-124,-220,1142,-53,318,-182,380,355,0
2361961,640,651,0,668,-3996,377,-126,1018,-260,375,216,383,320,0
2365312,641,651,181,968,-4784,1160,-516,884,-236,-29,-7,362,320,0
2368630,642,653,575,668,-6453,2108,172,774,-239,154,67,341,320,0
2371965,643,653,818,1193,-7273,2701,487,680,45,-88,92,328,308,0
2375313,644,654,537,1231,-7404,2971,1033,616,-281,283,9,343,306,0
2378634,646,655,425,706,-7903,3204,1322,570,142,-28,91,349,318,0
2381968,647,656,0,1287,-7343,2746,1349,546,-1,163,5,365,303,0
2385313,648,657,50,893,-6563,2482,1266,516,306,-8,92,353,308,0
2388637,649,658,725,968,-4684,2012,1535,515,76,57,41,334,304,0
2391972,650,659,612,931,-3890,1785,1660,531,65,92,87,340,323,0
2395313,651,660,612,687,-3172,1364,1826,550,-25,48,-48,340,336,0
2398640,652,661,481,293,-2681,1478,1746,574,465,-25,62,347,357,0
2401974,653,662,500,31,-1089,2043,1661,599,-118,304,99,346,371,0
2405313,654,663,443,12,144,2986,452,586,589,-276,124,349,372,0
2408643,655,665,631,0,2117,2519,-251,557,65,-111,120,339,365,0
2412001,656,666,893,0,2913,2081,229,539,418,151,243,325,375,0
2415334,657,667,950,0,4458,2102,263,514,148,115,241,322,364,0
2418647,658,668,668,0,5517,2984,-273,471,378,1,271,337,359,0
2422005,659,669,837,406,6657,2853,-457,416,188,46,3,328,351,0
2425352,660,670,875,556,6514,3167,-173,374,-34,188,224,324,341,0
2428649,661,671,781,593,6092,4596,-426,332,-52,-131,312,329,323,0
2432008,662,672,1118,1100,4781,4875,-301,302,-70,-81,616,311,312,0
2435338,663,673,1512,1287,3790,3807,324,298,-217,-242,683,290,302,0
2438652,663,674,2431,1587,1624,1947,911,321,-267,-476,966,257,270,0
2442011,664,675,2468,1568,-32,214,1559,368,83,-378,1112,255,287,0
2445338,665,675,2431,1718,-325,-1374,1784,430,249,-489,987,257,295,0
2448656,666,676,2356,1062,605,-4303,2625,528,61,-229,878,261,314,0
2452014,666,677,2375,893,909,-5624,3350,658,260,99,484,276,339,0
2455339,667,678,1756,818,1771,-5900,3725,793,-2,152,365,309,343,0
2458659,668,679,1512,518,2648,-5396,3774,933,104,351,174,324,361,0
2462017,669,680,1043,500,3188,-4725,3520,1057,-62,198,110,349,362,0
2465339,670,681,762,575,3324,-4085,2897,1154,51,130,82,364,358,0
2468663,672,683,687,593,4002,-3936,2541,1237,-153,69,245,368,341,0
2472021,673,684,556,725,3340,-3473,2288,1325,-188,136,-31,359,334,0
2475339,674,685,875,687,2702,-3299,1186,1357,-265,124,102,342,336,0
2478665,675,686,837,425,1212,-3314,273,1350,-157,128,-149,344,350,0
2482021,676,687,518,275,519,-2538,-693,1296,-99,259,130,361,358,0
2485340,677,688,650,275,142,-1289,-1505,1208,-249,89,117,354,358,0
2488668,678,689,387,331,-1531,-392,-2055,1101,-169,148,176,368,355,0
2492026,679,690,293,406,-2768,453,-2089,997,-373,139,116,373,351,0
2495361,681,691,0,293,-3744,2461,-2177,881,-524,-108,-62,375,340,0
2498672,682,692,0,312,-7044,3000,-1847,771,-191,45,42,366,339,0
2502030,683,693,162,612,-8117,3455,-1616,663,-14,14,-120,347,323,0
2505364,684,694,275,500,-8269,3849,-1115,574,-48,53,111,341,329,0
2508676,685,695,68,368,-8429,3897,-1321,481,-25,49,-67,352,320,0
2512030,686,696,462,200,-8813,3823,-926,438,148,-20,47,331,329,0
2515364,687,697,537,312,-8093,3438,-605,427,183,-55,-95,327,323,0
2518679,688,698,218,312,-6922,3489,-340,409,131,-60,61,328,323,0
2522030,689,699,368,125,-6251,3226,-283,392,61,31,11,336,333,0
2525364,690,700,368,125,-5907,3190,-456,386,259,108,183,320,333,0
2528681,691,701,200,162,-3860,3280,-838,374,285,-23,39,329,331,0
2532030,692,702,650,350,-2330,3423,-742,356,263,-56,204,322,338,0
2535364,693,703,612,350,-527,3359,-951,340,85,51,37,324,338,0
2538685,694,704,631,181,845,3255,-1381,306,403,-22,180,323,347,0
2542031,695,705,762,143,2936,3145,-1763,241,280,150,108,316,349,0
2545365,696,706,612,143,4507,3113,-1897,153,177,72,322,324,349,0
2548688,697,707,425,218,5803,3205,-2250,34,214,-41,64,334,345,0
2552031,698,709,443,0,7046,3053,-2395,-95,181,-60,135,349,345,0
2555365,699,710,218,0,8380,2552,-2541,-257,189,-56,-70,345,349,0
2558691,700,711,125,0,8983,2043,-2496,-439,-61,-13,171,350,344,0
2562031,701,712,668,500,8683,1803,-2369,-630,-554,-192,63,337,314,0
2565380,702,712,406,1193,5368,852,-1777,-803,-419,-320,541,349,293,0
2568694,703,713,443,1606,3125,-13,-1177,-950,-668,-504,549,331,269,0
2572053,704,714,912,1700,96,-1198,-519,-1057,-377,-451,761,322,264,0
2575387,705,715,1212,1662,-2161,-3121,454,-1122,-283,-358,725,306,266,0
2578698,706,715,1006,2037,-2931,-3899,955,-1164,-19,-290,885,301,262,0
2582055,707,716,1625,1531,-2356,-3957,1335,-1159,178,-110,914,284,289,0
2585390,707,717,2075,1287,-675,-3577,2112,-1102,-15,-89,863,276,302,0
2588701,708,718,1681,931,430,-3328,2932,-988,65,22,724,281,321,0
2592057,709,719,1812,931,1124,-3009,3398,-835,66,148,501,290,321,0
2595390,710,720,1493,856,1872,-2478,4078,-643,162,62,398,307,325,0
2598704,711,721,1625,631,2754,-2129,3896,-456,119,265,133,302,337,0
2602057,712,722,1418,462,2998,-1640,3540,-278,93,77,156,313,348,0
2605391,713,723,1193,237,3507,-1620,3103,-123,104,248,5,325,360,0
2608707,714,724,875,87,3806,-1213,2908,17,115,61,86,342,368,0
2612057,715,725,556,237,4173,-889,2594,133,153,118,-33,359,360,0
2615391,716,726,537,443,4269,-259,2619,256,-61,13,136,360,349,0
2618710,717,727,368,406,4013,-166,2442,362,-57,-226,-263,369,351,0
2622057,718,729,237,293,3153,-503,2046,444,-376,-113,-115,376,357,0
2625391,719,730,31,0,341,-580,2647,538,202,-96,38,387,363,0
2628714,721,731,200,0,463,-97,3209,647,-362,115,-11,362,361,0
2632057,722,732,312,218,-85,715,3189,761,-123,-4,13,356,361,0
2635405,723,733,0,0,-1595,1373,2549,867,-201,120,-106,369,358,0
2638716,724,734,0,0,-3071,1998,2193,958,160,127,301,364,344,0
2642058,725,735,200,425,-2921,2840,2148,1055,-211,133,-60,345,317,0
2645392,726,736,331,425,-4173,4218,2342,1172,-3,50,135,338,317,0
2648720,727,737,68,443,-4176,4773,1984,1289,-1,85,-78,336,316,0
2652058,728,738,0,368,-4405,5150,2033,1411,-53,42,40,342,320,0
2655392,729,739,106,406,-3533,5410,2123,1548,-24,-46,-124,334,318,0
2658723,730,740,425,556,-3684,5223,2491,1701,-41,-123,29,317,310,0
2662082,731,741,256,518,-3400,4224,2360,1854,-240,-73,-28,326,312,0
2665415,732,742,143,631,-4703,3136,2521,2011,-146,-149,90,332,306,0
2668726,733,743,293,668,-5579,2135,2800,2172,-89,-93,60,324,304,0
2672083,734,744,612,725,-6066,1508,3070,2324,426,16,223,324,318,0
2675415,735,745,350,425,-3684,533,3220,2461,268,74,198,338,334,0
2678730,736,746,481,143,-1940,640,3112,2575,365,70,222,331,349,0
2682082,737,747,443,275,109,508,2817,2648,50,73,134,333,342,0
2685416,738,748,350,143,1368,890,2704,2703,199,-73,240,338,349,0
2688732,739,749,612,125,2619,785,2447,2738,140,8,220,324,350,0
2692083,740,750,425,181,3322,694,2135,2739,16,-166,344,334,347,0
2695416,741,751,143,237,3231,-552,1494,2694,103,-175,312,349,344,0
2698736,742,752,331,500,2677,-1372,1049,2620,156,-37,490,339,330,0
2702083,743,753,312,1025,3131,-1649,881,2520,-431,-191,425,340,302,0
2705416,744,754,481,1231,1054,-2009,368,2410,-320,-258,561,331,291,0
2708739,745,755,256,1287,-562,-2236,16,2300,-446,-125,578,341,286,0
2712083,746,755,462,1775,-2653,-1861,-201,2197,-21,-176,846,330,276,0
2715416,747,756,687,1437,-2951,-1077,-692,2084,5,-132,741,318,294,0
2718742,748,757,1212,1606,-2279,-592,-443,1989,144,-166,790,290,285,0
2722083,748,758,1643,1137,-875,-428,143,1912,217,-86,623,283,310,0
2725416,749,759,1700,987,774,-341,860,1862,199,-181,581,280,318,0
2728745,750,760,1418,706,1846,-1087,1931,1859,166,-49,493,295,333,0
2732084,751,761,1325,706,2640,-1935,2434,1852,-7,70,294,300,333,0
2735417,752,762,1043,556,2847,-2467,2665,1835,62,-16,230,315,341,0
2738748,753,763,931,556,3118,-3165,2699,1820,35,222,35,321,341,0
2742105,754,764,800,481,3110,-3156,2507,1819,24,74,107,330,347,0
2745442,755,765,950,200,3505,-2700,2024,1813,49,246,-55,322,362,0
2748752,756,766,781,106,3504,-2347,1809,1803,-25,191,181,331,367,0
2752108,757,767,631,181,4108,-2680,1730,1784,100,19,-126,339,363,0
2755445,758,769,481,87,3893,-2816,1586,1771,-19,33,104,347,352,0
2758755,759,770,406,818,3895,-2594,1446,1753,-167,36,-190,351,329,0
2762109,760,771,593,162,3036,-2782,1112,1721,-83,-1,144,357,348,0
2765444,761,772,162,162,2268,-3073,959,1673,-348,-42,-15,364,348,0
2768758,762,773,12,87,872,-2280,918,1628,-158,229,113,372,352,0
2772109,763,774,387,143,-341,-947,813,1575,-53,232,70,368,349,0
2775465,765,775,0,125,-1473,537,453,1502,-236,203,38,368,350,0
2778761,766,776,0,0,-3207,1231,471,1420,-361,16,179,363,343,0
2782110,767,777,0,218,-4782,1881,211,1326,11,283,137,341,328,0
2785450,768,778,0,537,-5792,3201,157,1234,-121,56,173,347,311,0
2788764,769,779,181,650,-6350,3775,218,1153,-329,222,-44,330,305,0
2792110,770,780,293,631,-7690,4699,301,1078,-59,-33,16,324,306,0
2795451,771,781,237,612,-8108,4910,438,1015,87,34,-28,327,307,0
2798768,772,782,406,612,-7654,5067,678,969,297,-70,67,318,307,0
2802110,773,783,143,631,-6021,4818,840,949,-105,40,-50,332,306,0
2805451,774,783,462,668,-5516,4679,895,944,290,-55,71,315,320,0
2808771,775,785,668,293,-4015,4343,860,943,155,5,118,320,324,0
2812124,775,785,1193,725,-2640,4225,842,958,328,54,189,309,334,0
2815452,776,787,1137,68,67,4091,568,976,234,229,267,312,337,0
2818774,777,788,1193,181,1872,3930,110,985,393,-146,187,309,347,0
2822131,778,789,1343,200,3975,3448,-112,1003,224,6,237,301,346,0
2825452,779,790,987,0,5743,2676,-24,1016,50,-48,139,320,347,0
2828777,780,791,743,0,6164,2085,-204,1006,-152,38,223,333,347,0
2832135,781,792,593,181,5143,1311,-554,961,-454,-175,218,341,347,0
2835452,782,793,331,143,1401,-113,-706,879,-552,-54,475,355,349,0
2838780,783,794,650,12,-873,-979,-807,778,243,-207,400,338,340,0
2842135,784,795,537,1025,-641,-1866,-1787,639,-29,-132,446,344,302,0
2845452,785,796,575,1362,-432,-2468,-1977,492,-437,-289,280,342,284,0
2848784,786,797,406,1156,-2461,-2416,-1859,356,-471,-343,401,349,293,0
2852135,787,797,818,1400,-4411,-2853,-1696,240,135,-414,658,327,296,0
2855477,788,798,968,1287,-3703,-3465,-1325,142,298,-65,924,319,302,0
2858788,789,799,1137,1231,-1011,-2624,-242,80,195,-102,720,310,305,0
2862136,790,800,1287,1137,548,-1206,629,50,181,-132,824,302,310,0
2865478,791,801,1531,1025,1852,-944,1950,66,252,-94,702,289,316,0
2868791,792,802,1868,856,2760,-1198,2923,123,164,-59,539,271,325,0
2872136,792,803,2018,800,3401,-1718,3736,209,-32,80,395,279,328,0
2875479,793,804,1831,931,2891,-2338,4546,323,180,39,269,289,321,0
2878794,794,805,1531,875,3364,-2651,4569,440,86,192,154,305,324,0
2882136,795,806,1381,725,3895,-3015,4411,564,69,114,-6,315,334,0
2885478,796,807,1306,350,4002,-3342,4100,677,58,303,25,319,354,0
2888797,797,808,1606,237,3745,-3035,3752,788,60,210,61,303,360,0
2892137,798,809,1118,256,3565,-2828,3419,890,72,24,131,329,359,0
2895479,799,810,837,425,4246,-3099,3284,986,-156,116,-84,344,350,0
2898800,800,811,1006,593,4042,-2949,3167,1075,66,2,-113,335,341,0
2902157,801,812,1025,593,3631,-3179,2470,1139,-222,109,-113,334,341,0
2905479,802,813,987,556,1977,-3245,1939,1178,-74,201,11,336,343,0
2908803,803,814,481,593,1038,-3055,1367,1195,-84,157,147,363,341,0
2912161,804,816,162,162,530,-1574,1214,1205,0,319,272,380,348,0
2915479,805,817,387,181,778,662,759,1201,-520,-34,-104,368,347,0
2918806,807,818,0,0,-3184,1658,922,1204,-404,-4,-198,374,352,0
2922162,808,819,0,218,-5124,1729,1383,1229,29,-35,247,369,328,0
2925480,809,820,0,312,-5175,2737,1137,1262,-231,322,12,364,323,0
2928810,810,821,0,256,-6220,3713,964,1295,-250,18,84,363,326,0
2932162,811,822,0,687,-7289,4085,1009,1327,77,149,-101,356,303,0
2935480,812,822,368,668,-6964,4331,1276,1374,-56,150,146,336,304,0
2938812,813,823,462,462,-7060,4971,1393,1435,53,-18,-27,331,315,0
2942162,814,824,331,556,-7640,5569,1737,1511,48,-75,60,338,310,0
2945504,815,825,481,350,-7416,5557,1663,1588,184,-23,-97,330,321,0
2948816,816,826,406,162,-6512,5616,1739,1698,411,-70,163,318,331,0
2952176,817,827,987,406,-4254,5043,1415,1804,266,31,61,320,318,0
2955508,818,828,762,312,-2232,4702,1258,1902,171,-39,217,316,340,0
2958819,819,829,743,256,-884,4857,859,1981,302,-73,171,317,343,0
2962163,820,830,1043,143,690,4773,618,2042,395,-62,365,317,349,0
2965508,821,831,987,181,4073,3814,346,2061,368,110,249,304,347,0
2968823,822,833,1343,143,5802,3080,-25,2040,231,90,237,301,349,0
2972163,822,834,1437,0,6993,2655,-254,1971,122,-27,93,312,347,0
2975508,823,835,1231,0,7037,1728,-402,1867,-238,-42,243,323,351,0
2978825,824,836,687,0,4873,912,-723,1728,-250,-92,209,336,351,0
2982163,825,837,875,275,2647,-624,-1229,1548,-188,-170,377,342,326,0
2985509,827,838,668,631,674,-1838,-1447,1360,22,-212,352,337,307,0
2988828,827,839,1118,1100,292,-2852,-1688,1169,-195,-162,475,327,282,0
2992186,828,839,912,1268,-430,-3431,-1396,997,-626,-318,270,338,287,0
2995508,829,840,856,1212,-2642,-4039,-1341,838,-450,-468,292,341,290,0
2998832,831,841,875,1400,-5042,-5072,-1031,699,311,-85,692,340,280,0
