Time, Rlegs, Llegs, DCL, DCR, GyroX, GyroY, GyroZ, GyroZAvg, AccelX, AccelY, AccelZ, LBEMF, RBEMF, SteerOut
521,1303,1336,0,0,-245,178,-118,-119,-16,-1,226,104,105,0
3857,1303,1336,0,0,-247,176,-118,-119,-15,0,228,104,105,0
7191,1303,1336,0,0,-242,178,-121,-119,-16,1,232,104,105,0
10524,1303,1336,0,0,-243,177,-119,-119,-17,0,231,104,105,0
13878,1303,1336,0,0,-244,176,-121,-119,-18,0,233,104,105,0
17214,1303,1336,0,0,-244,175,-120,-119,-20,1,227,104,105,0
20527,1303,1336,0,0,-244,178,-120,-119,-17,0,231,104,105,0
23882,1303,1336,0,0,-244,176,-121,-119,-16,1,236,104,105,0
27217,1303,1336,0,0,-246,180,-119,-119,-17,2,230,104,105,0
30531,1303,1336,0,0,-243,178,-119,-119,-18,0,231,104,105,0
33882,1303,1336,0,0,-243,179,-118,-119,-14,2,234,104,105,0
37218,1303,1336,0,0,-243,181,-118,-119,-17,0,228,104,105,0
40535,1303,1336,0,0,-242,180,-121,-119,-18,-1,222,104,105,0
43882,1303,1336,0,0,-245,178,-118,-119,-18,0,231,104,105,0
47224,1303,1336,0,0,-243,179,-121,-119,-19,0,228,104,105,0
50538,1303,1336,0,0,-245,178,-123,-119,-15,-2,226,104,105,0
53882,1303,1336,0,0,-245,176,-121,-119,-17,0,229,104,105,0
57224,1303,1336,0,0,-245,174,-120,-119,-15,0,234,104,105,0
60540,1303,1336,0,0,-247,177,-122,-120,-20,0,229,104,105,0
63883,1303,1336,0,0,-246,172,-123,-120,-15,1,231,104,105,0
67224,1303,1336,0,0,-245,176,-122,-120,-14,1,232,104,105,0
70544,1303,1336,0,0,-245,174,-123,-120,-14,0,228,104,105,0
73883,1303,1336,0,0,-244,175,-122,-120,-16,1,233,104,105,0
77225,1303,1336,0,0,-243,179,-122,-120,-15,2,226,104,105,0
80547,1303,1336,0,0,-244,180,-121,-120,-18,0,229,104,105,0
83883,1303,1336,0,0,-245,179,-119,-120,-17,0,226,104,105,0
87224,1303,1336,0,0,-243,179,-120,-120,-16,-2,227,104,105,0
90550,1303,1336,0,0,-242,180,-122,-120,-19,0,226,104,105,0
93904,1303,1336,0,0,-242,182,-118,-120,-16,0,232,104,105,0
97225,1303,1336,0,0,-245,179,-121,-120,-18,1,227,104,105,0
100553,1303,1336,0,0,-242,179,-120,-120,-19,-1,231,104,104,0
103975,0,0,0,0,-245,179,-118,-120,-16,0,234,104,105,0
107225,0,0,0,0,-245,178,-120,-120,-17,-1,226,104,105,0
110556,0,0,0,0,-243,174,-117,-120,-17,0,226,104,105,0
113908,0,0,0,0,-244,178,-119,-120,-14,0,219,104,105,0
117225,0,0,0,0,-246,175,-119,-120,-17,0,230,104,105,0
120559,0,0,0,0,-246,177,-120,-120,-16,1,228,104,105,0
123908,0,0,0,0,-245,177,-121,-120,-16,-1,228,104,105,0
127250,0,0,0,0,-245,177,-122,-120,-21,4,234,104,105,0
130563,0,0,0,0,-245,176,-121,-120,-16,-4,227,104,105,0
133909,0,0,0,0,-244,174,-120,-120,-20,0,228,104,105,0
137251,0,0,0,0,-244,178,-120,-120,-18,2,231,104,105,0
140566,0,0,0,0,-246,176,-120,-120,-15,-2,232,104,105,0
143909,0,0,0,0,-244,176,-119,-120,-12,0,231,104,105,0
147251,0,0,0,0,-245,180,-118,-120,-18,1,225,104,105,0
150570,0,0,0,0,-245,181,-116,-120,-19,0,225,104,105,0
153909,0,0,0,0,-244,180,-121,-120,-18,0,230,104,105,0
157252,0,0,0,0,-246,177,-119,-120,-18,0,229,104,105,0
160572,0,0,0,0,-242,178,-120,-120,-18,-2,227,104,105,0
163909,0,0,0,0,-245,176,-122,-120,-16,-2,230,104,105,0
167252,0,0,0,0,-244,176,-122,-120,-17,0,230,104,105,0
170576,0,0,0,0,-244,176,-121,-120,-19,0,229,104,105,0
173930,0,0,0,0,-244,174,-120,-120,-12,1,226,104,105,0
177252,0,0,0,0,-247,176,-121,-120,-17,0,224,104,105,0
180579,0,0,0,0,-245,179,-119,-119,-18,-1,224,104,105,0
183935,0,0,0,0,-245,180,-119,-119,-13,-5,229,104,105,0
187252,0,0,0,0,-243,181,-122,-119,-16,1,226,104,105,0
190582,0,0,0,0,-243,182,-121,-119,-16,0,229,104,105,0
193934,0,0,0,0,-246,181,-122,-120,-15,1,226,104,105,0
197253,0,0,0,0,-246,176,-122,-120,-15,0,224,104,105,0
200586,0,0,0,0,-247,175,-121,-120,-19,-2,225,104,105,0
203937,0,0,3331,3312,-245,173,-121,-120,-16,0,227,104,105,0
207255,0,0,1250,1662,-318,8,-113,-119,-114,34,241,247,225,0
210588,1,1,856,931,-733,-16,-125,-120,5,23,218,268,264,0
213938,2,1,762,875,-931,364,11,-116,99,-17,260,289,299,0
217280,2,2,1212,725,-391,387,265,-104,-13,49,224,281,307,0
220591,3,3,762,537,-248,248,187,-94,33,37,191,305,317,0
223938,4,4,1006,575,5,160,341,-80,-58,-41,307,308,331,0
227311,5,5,781,275,758,18,401,-63,-193,-7,295,311,338,0
230595,6,6,1137,387,521,-15,365,-48,-70,-66,345,308,332,0
233938,6,7,1287,537,861,-357,110,-41,-208,0,370,300,324,0
237284,7,8,1100,875,460,-564,60,-35,-155,-165,346,310,306,0
240598,8,9,1268,987,-58,-1183,-173,-37,-248,212,347,317,316,0
243938,9,9,1100,1418,-861,-1815,-756,-57,-175,17,292,326,309,0
247284,10,10,1268,1381,-1995,-2123,-684,-74,-304,168,406,317,311,0
250601,11,11,1400,1925,-2944,-2578,-823,-96,-255,135,225,326,298,0
253939,12,12,1475,1625,-4111,-3340,-1020,-125,-87,60,390,347,339,0
257284,13,13,1362,2093,-4602,-3745,-896,-149,-270,399,140,369,330,0
260604,14,14,1250,1793,-5919,-3692,-874,-173,62,271,202,375,346,0
263962,15,15,1212,1887,-5917,-3429,-753,-192,-161,240,162,393,357,0
267285,16,16,1025,1418,-6386,-2802,-637,-208,-246,112,213,403,382,0
270608,17,17,968,1156,-6722,-2737,-811,-230,94,144,209,406,396,0
273962,19,18,706,1643,-6651,-2375,-337,-237,42,178,124,420,386,0
277313,20,19,743,1437,-5632,-1785,344,-222,143,159,171,419,398,0
280611,21,21,781,950,-4596,-1630,963,-188,-74,111,93,417,408,0
283962,23,22,612,1006,-4192,-801,1609,-134,204,297,-24,410,405,0
287286,24,23,650,1043,-3053,-50,1809,-74,509,81,139,424,419,0
290614,25,25,762,893,-691,352,2269,0,271,137,181,418,427,0
293963,27,26,725,500,2401,1179,2815,91,156,214,96,420,448,0
297285,28,27,1175,931,3803,2003,2947,187,128,261,295,396,425,0
300618,29,29,1231,668,4755,3208,2219,260,187,133,98,393,423,0
303962,30,30,1625,1437,7140,4433,1537,312,533,-45,111,403,413,0
307286,31,31,1325,893,8152,4200,823,342,366,-28,-76,419,442,0
310621,33,33,1118,312,8132,4440,428,359,-115,454,47,414,457,0
313963,34,34,1475,518,8880,4739,-102,359,-26,-109,14,411,462,0
317290,35,36,1250,331,8021,3680,-269,355,49,39,-18,439,472,0
320623,37,37,1043,481,6416,3129,-311,345,-177,248,-256,434,464,0
323963,38,39,1231,256,5348,3429,-812,311,-359,1,-28,440,476,0
327292,40,40,31,162,4215,3235,-472,290,188,-125,158,463,456,0
330627,41,42,218,0,4647,3688,-513,264,-687,26,-646,453,459,0
333964,43,43,0,425,1217,4496,-98,248,-235,160,-26,470,442,0
337296,44,45,275,162,-457,4854,603,256,119,-136,221,450,440,0
340630,45,46,312,443,1251,5008,1405,296,170,-370,-95,448,425,0
343988,47,47,387,518,2254,3028,1502,341,-440,-276,69,444,437,0
347300,48,49,650,387,886,1523,930,376,-826,-170,443,430,428,0
350633,49,50,912,1100,-3183,127,912,428,-288,-471,637,416,390,0
353991,51,51,1568,2131,-6925,-1521,640,469,-854,-366,303,406,376,0
357303,52,52,1943,2243,-9526,-3137,-39,494,206,-324,1017,386,370,0
360636,53,53,1681,2093,-9015,-4113,-362,514,272,-6,804,400,378,0
363991,54,54,1681,2168,-7792,-5870,-1234,504,370,243,1040,416,390,0
367305,56,56,1250,1981,-5037,-6341,-1719,477,61,44,585,439,400,0
370639,57,57,1175,1681,-4352,-6682,-2379,426,-318,359,322,443,416,0
373997,58,58,1643,2018,-5714,-6182,-2022,383,439,489,663,434,414,0
377309,60,59,1062,1625,-3521,-3581,-1652,357,360,313,505,434,420,0
380643,61,61,537,1175,-3035,-2505,-978,337,-272,535,370,462,428,0
383997,63,62,462,1175,-2102,-776,-1252,287,-86,304,85,466,444,0
387312,64,63,706,1118,-1366,-309,-1021,225,268,55,118,453,447,0
390646,65,65,631,631,-546,-101,-1114,140,113,-79,-37,457,457,0
393998,67,67,837,481,32,-542,-855,57,43,250,103,446,465,0
397315,68,68,743,181,1494,308,-480,-28,151,-144,218,451,481,0
400649,70,69,1043,1062,2636,1258,-1364,-159,521,-246,137,466,465,0
403998,71,71,1418,575,3698,2172,-1918,-311,-362,9,172,430,475,0
407318,73,72,1081,1175,4048,2477,-2099,-446,-232,287,65,448,459,0
410652,74,74,1175,800,4854,2307,-2542,-573,426,20,25,443,463,0
413998,75,75,1512,837,5367,3068,-2992,-693,181,-149,-100,441,477,0
417322,77,77,1475,68,5356,3054,-3084,-802,-309,40,20,427,502,0
420656,78,79,912,556,4451,2517,-2946,-891,-200,152,138,457,476,0
423998,79,80,1756,500,2792,2279,-2884,-973,-75,-2,187,428,479,0
427324,81,82,387,0,1149,2228,-2607,-1045,65,-90,-243,460,476,0
430659,83,83,462,0,490,1670,-1869,-1078,-126,159,-45,456,479,0
433999,84,85,350,31,515,1806,-1977,-1125,-556,94,-90,462,463,0
437327,85,86,312,143,-3038,2519,-2131,-1175,177,-82,289,464,457,0
440662,87,88,275,518,-3618,3887,-1132,-1208,345,84,-156,450,437,0
443999,88,89,218,181,-1532,3595,-40,-1228,161,163,137,469,455,0
447331,90,90,50,387,341,2909,-669,-1293,-186,127,284,462,444,0
450665,91,92,1100,800,827,1802,-1039,-1372,-9,-248,-157,447,447,0
454025,93,93,931,687,763,814,-303,-1410,13,-84,-139,440,453,0
457334,94,95,1418,612,1853,1473,31,-1438,-313,-380,341,430,457,0
460668,95,96,1362,1831,-124,596,434,-1444,-559,-300,542,433,392,0
464024,97,97,1250,2150,-4219,-2123,347,-1432,-360,-219,502,439,391,0
467338,98,98,1175,2112,-6888,-4984,570,-1403,-218,46,883,443,393,0
470671,99,100,1118,2000,-8126,-6482,877,-1337,130,206,715,446,399,0
474025,101,101,725,1925,-6981,-6881,553,-1266,302,546,689,467,403,0
477340,102,102,462,1362,-4660,-6047,-6,-1192,-131,519,380,466,418,0
480675,104,103,0,1793,-3875,-5391,-115,-1133,73,451,489,495,411,0
484025,105,105,406,950,-4451,-2564,141,-1077,247,432,580,469,440,0
487343,107,106,650,537,-3950,778,781,-1022,298,402,492,440,462,0
490678,108,108,875,1100,-2324,2883,1471,-936,493,-9,171,444,448,0
494025,109,109,1062,181,-57,4346,2266,-834,259,68,91,434,481,0
497347,111,111,1662,350,2367,5039,2963,-706,440,-90,328,402,472,0
500682,112,112,2243,743,6402,4879,2647,-597,397,-307,479,386,466,0
504026,113,114,2393,706,8956,3390,1915,-522,199,-352,166,394,468,0
507351,114,115,2112,650,9270,1609,645,-459,104,-32,153,409,471,0
510685,116,116,1925,1118,8802,-683,-307,-409,-86,-132,231,419,446,0
514026,117,118,1962,650,7297,-2953,-1398,-387,-463,45,-13,417,471,0
517353,118,119,1568,1137,5044,-3267,-2153,-375,54,132,236,438,445,0
520687,120,121,1025,1175,3562,-3188,-2433,-357,-41,150,124,467,443,0
524054,121,122,818,687,1659,-2319,-2610,-343,-113,72,-187,469,460,0
527356,123,124,0,275,996,-1476,-2288,-322,21,-61,-153,498,466,0
530691,124,125,368,87,653,-1316,-1526,-280,-247,-267,-163,477,476,0
534026,126,127,387,87,-1237,-2571,-843,-224,-349,-160,221,460,460,0
537359,127,128,537,293,-3940,-3436,-802,-191,-414,-376,-144,468,465,0
540694,129,130,0,631,-6897,-4112,-1016,-161,321,70,-253,490,447,0
544050,130,131,106,500,-5430,-4585,-620,-114,111,236,22,475,438,0
547363,132,132,31,443,-3930,-4243,-861,-105,-44,109,200,479,457,0
550697,133,134,837,631,-3591,-2770,-1092,-138,-43,143,7,461,456,0
554054,135,135,1175,781,-2939,-796,-870,-145,25,336,73,443,464,0
557366,136,137,818,593,-3164,494,-624,-132,-250,319,355,462,458,0
560700,138,138,856,725,-4119,1563,-921,-151,-137,300,551,460,451,0
564055,139,140,1043,818,-4582,2978,-1541,-200,212,163,164,450,446,0
567369,140,141,1212,931,-3195,4107,-1565,-262,262,309,440,441,440,0
570704,142,143,856,1250,-1447,5537,-1061,-306,376,200,657,460,439,0
574087,143,144,1193,743,580,6577,-1241,-363,238,18,209,443,451,0
577372,145,145,50,968,1488,6504,-1365,-433,123,410,248,488,439,0
580707,146,147,312,668,2163,6145,-1237,-489,-266,-48,303,474,439,0
584063,148,148,706,1250,-121,4605,-672,-510,-271,0,226,453,424,0
587376,149,149,443,1081,-1918,3861,-543,-523,154,73,-338,467,433,0
590710,150,151,481,350,-2106,4221,-510,-544,485,10,-165,465,456,0
594063,152,152,1268,706,1196,4783,-1059,-601,280,-504,432,423,453,0
597379,153,154,1531,350,1808,3035,-1400,-691,164,-772,512,409,456,0
600713,154,155,2075,612,1605,508,-1821,-819,808,-289,694,395,457,0
604063,156,157,2131,725,6184,-1969,-2377,-985,134,-254,627,392,451,0
607382,157,158,1962,1156,7839,-2518,-2792,-1155,-337,-322,384,401,428,0
610716,158,159,1906,1868,6300,-3231,-3087,-1312,55,-248,664,420,406,0
614064,159,161,1700,1531,3895,-4391,-3393,-1438,-744,-135,577,447,424,0
617385,161,162,1700,1231,-597,-4769,-3245,-1530,108,176,224,431,440,0
620719,162,163,1193,1362,-1895,-4967,-2816,-1574,116,212,245,458,433,0
624064,164,165,650,350,-1702,-4412,-2786,-1594,165,110,361,462,462,0
627388,165,166,743,462,-1921,-3807,-2453,-1594,-114,191,121,457,456,0
630723,167,168,781,556,-2866,-2666,-2133,-1580,17,126,-12,455,451,0
634064,168,169,612,575,-5018,-1775,-1931,-1568,-115,23,149,464,450,0
637391,170,171,406,106,-6337,-1692,-1255,-1560,20,-120,366,475,459,0
640726,171,172,256,87,-6658,-1565,-721,-1556,-129,-5,-58,467,460,0
644065,172,173,725,687,-5656,-1884,-279,-1540,276,-39,-82,458,444,0
647395,174,175,743,256,-4798,-1229,412,-1495,169,167,195,441,451,0
650730,175,176,1625,631,-3638,122,739,-1453,1,-134,34,419,456,0
654086,176,178,1587,275,-1559,456,1513,-1378,685,-103,311,437,475,0
657398,178,179,1231,575,641,456,1912,-1285,381,-41,203,440,459,0
660732,179,181,1362,556,1510,686,2254,-1187,268,-6,236,449,460,0
664089,181,182,1156,1081,2939,1273,2076,-1103,-66,382,216,460,448,0
667401,182,184,968,706,4543,2379,2050,-1010,1,288,120,470,452,0
670736,184,185,781,706,4749,2913,2056,-897,-27,189,212,480,452,0
674090,185,187,668,725,4107,3694,1877,-790,-311,152,56,471,436,0
677405,187,188,0,1025,3238,4197,1885,-698,-163,355,37,509,420,0
680740,188,189,125,837,2743,4401,1840,-601,23,171,222,484,430,0
684090,190,190,443,1306,2992,3358,1925,-499,223,-116,357,467,421,0
687408,191,192,537,706,3755,2230,1709,-407,-108,-259,-192,462,437,0
690742,193,193,256,612,3393,1234,1971,-324,-150,43,-476,477,458,0
694090,194,195,462,275,2003,1404,1510,-260,-266,189,75,466,460,0
697411,196,196,1418,1850,260,2243,696,-222,-26,-230,318,478,455,0
700745,197,198,1587,1681,-648,2184,-247,-197,241,-449,21,469,464,0
704090,199,199,1493,1418,1497,376,-198,-159,38,-43,171,474,478,0
707414,200,201,2056,1493,1889,-871,-818,-128,-614,6,819,444,458,0
710748,201,202,2225,1606,301,-1767,-2108,-119,181,-246,833,435,452,0
714091,203,204,2225,1362,859,-2995,-2027,-96,-725,-148,409,435,465,0
717417,204,205,2356,1306,-1138,-4135,-2337,-72,-371,299,701,428,468,0
720751,205,206,2581,1643,-2979,-4348,-2482,-44,-120,173,796,432,466,0
724091,207,208,1193,312,-3312,-3612,-2174,-10,13,343,254,465,496,0
727421,208,210,1381,593,-2927,-2757,-2077,12,106,232,169,455,481,0
730755,210,211,856,143,-2614,-1667,-1456,54,208,241,453,483,505,0
734112,211,213,781,218,-2398,-645,-809,105,-243,208,222,487,485,0
737423,213,214,818,331,-3138,127,-224,165,-329,-173,-29,469,479,0
740758,214,216,1137,462,-4008,-480,376,237,576,-299,187,468,472,0
744116,216,217,725,518,-3353,-567,881,303,585,-136,70,474,469,0
747427,217,219,2000,987,-1654,-330,919,355,-168,-31,89,447,469,0
750761,219,221,1118,762,-746,249,1393,407,-182,103,158,478,481,0
754116,220,222,1456,331,1324,642,2034,458,483,160,167,476,504,0
757430,222,224,1043,481,2698,1087,2118,501,337,-52,229,482,480,0
760764,223,225,893,593,2747,1411,1799,510,-198,292,145,490,474,0
764116,225,227,987,1137,3450,2243,1807,506,-500,222,87,485,445,0
767434,227,228,50,706,3279,3370,2111,502,-576,157,213,519,468,0
770768,228,229,575,1700,1430,3481,2273,508,-116,330,249,507,431,0
774117,230,231,218,1193,288,2774,2351,517,258,46,568,495,427,0
777436,231,232,743,1531,-228,2021,2379,528,193,-96,298,483,425,0
780771,233,234,725,743,1048,956,2009,532,-70,-62,-223,468,451,0
784116,235,235,0,781,1217,595,2050,537,-217,209,-123,493,449,0
787439,236,237,387,368,570,1097,1905,539,-239,153,-9,486,471,0
790774,238,238,275,500,-520,1600,1167,515,-427,-274,-236,476,464,0
794117,239,240,612,443,-2226,1395,456,476,158,-213,-260,474,467,0
797443,240,241,931,612,-2114,870,431,428,323,150,-16,472,473,0
800777,242,243,1325,781,-326,28,-159,376,22,28,509,451,464,0
804117,243,244,1831,481,645,-435,-580,336,274,-91,506,424,480,0
807447,245,246,1718,837,1954,-1249,-606,325,200,19,403,414,461,0
810804,246,247,1793,1025,2586,-2064,-733,308,-316,3,519,426,451,0
814139,247,248,1306,968,1131,-2381,-1079,300,-338,77,384,452,454,0
817449,249,250,1268,743,-223,-2307,-758,342,-196,107,139,454,466,0
820835,250,251,818,256,-1600,-1735,-902,377,148,205,106,469,483,0
824142,252,253,706,0,-1981,-1301,-860,423,-50,73,424,459,507,0
827452,253,255,593,0,-1832,-845,-553,484,-334,-111,242,465,489,0
830812,255,256,256,0,-2185,-372,2,552,-378,72,-44,467,478,0
834142,256,258,875,0,-3293,-5,-77,614,127,-142,48,450,469,0
837456,258,259,125,200,-3585,-172,97,663,364,5,352,474,454,0
840814,259,261,1043,125,-2062,1127,227,695,-351,154,147,425,442,0
844142,260,262,1343,612,-1831,2702,318,712,9,-9,269,425,432,0
847460,262,263,1250,875,261,3718,699,722,694,-81,490,439,443,0
850817,263,265,1681,1043,3539,4920,1709,748,-432,-151,256,432,434,0
854143,264,266,1156,781,2577,4672,2066,784,-467,-366,509,460,448,0
857462,266,268,893,1043,748,3136,2494,818,-329,-385,669,458,418,0
860820,267,269,612,1812,-1423,565,2912,846,-660,-212,499,489,393,0
864143,269,270,537,1625,-3866,-1055,3072,875,-329,-53,451,477,403,0
867466,270,271,668,1643,-5318,-2151,2834,908,520,160,586,486,418,0
870851,272,273,762,912,-3429,-3057,2695,935,319,486,543,466,442,0
874143,274,274,0,612,-1649,-2406,2309,942,-296,5,162,497,458,0
877468,275,275,256,725,-1943,-1828,1662,923,-111,84,-232,477,452,0
880825,277,277,537,537,-2932,-1156,1111,884,-41,9,-248,462,462,0
884143,278,278,350,743,-1665,-1093,777,834,-24,-337,47,472,451,0
887471,279,280,443,575,-2163,-2303,788,796,287,-281,-46,467,444,0
890830,281,281,612,537,-2751,-3370,824,757,460,350,92,458,462,0
894144,282,283,387,218,669,-2223,630,717,70,347,288,470,463,0
897475,284,284,631,368,3191,-1105,808,706,-92,-43,105,456,470,0
900830,285,286,1025,181,1336,242,284,701,316,81,-63,451,480,0
904168,287,287,968,575,1762,1023,-92,684,430,39,70,438,459,0
907478,288,289,1268,556,4238,1207,-288,680,123,62,536,438,460,0
910834,289,290,1025,837,5827,1275,-235,691,-72,-124,170,467,461,0
914168,291,292,1025,650,5422,1452,-94,707,-35,153,-157,451,455,0
917482,292,293,968,68,4754,1130,115,734,-189,68,110,454,486,0
920834,294,295,200,0,2781,770,105,771,-209,-58,219,470,481,0
924168,295,296,668,331,1611,453,225,801,-149,-24,-45,445,447,0
927485,297,298,0,0,972,677,385,842,-312,159,-314,482,461,0
930834,298,299,443,312,-514,1607,837,895,2,-126,101,457,448,0
934169,300,301,0,0,-1151,1762,1122,947,252,-34,528,476,449,0
937487,301,302,650,125,-418,2373,1506,994,-39,-36,33,430,442,0
940835,302,303,556,575,-178,3062,1092,1031,-194,-94,202,451,434,0
944169,304,305,500,368,-1212,3217,596,1046,-457,-212,378,438,429,0
947491,305,306,1231,631,-1761,3577,533,1056,-155,-551,509,424,440,0
950835,306,307,1287,1512,-1343,3321,861,1073,-389,-593,847,437,409,0
954170,308,309,1212,1662,-2558,1754,879,1078,-632,-440,845,425,385,0
957494,309,310,1231,2093,-4359,-92,656,1045,-438,-315,694,440,378,0
960835,310,311,1212,2056,-5807,-2154,372,992,-60,-83,889,457,396,0
964169,312,312,1081,1906,-6052,-3543,273,923,175,-11,760,448,404,0
967497,313,313,1006,1568,-4917,-4026,545,849,42,226,352,452,422,0
970835,315,315,575,1100,-3808,-3832,578,771,-289,313,200,460,432,0
974170,316,316,312,1081,-3520,-3562,161,688,270,84,223,474,433,0
977501,318,318,0,631,-3489,-3156,-245,596,144,-97,-80,499,457,0
980856,319,319,256,462,-4209,-2483,-292,514,255,-233,-16,477,466,0
984191,321,321,387,237,-3775,-2176,-181,457,-15,9,82,454,462,0
987504,322,322,593,368,-2166,-2061,-50,421,430,71,259,459,471,0
990860,323,324,931,143,881,-1281,329,407,332,-181,64,441,467,0
994225,325,325,1100,518,2903,-320,460,396,-138,164,-32,447,478,0
997507,326,326,1306,912,3224,586,-6,370,132,198,161,436,457,0
1000860,328,328,1043,818,3470,1586,-676,330,509,-24,259,450,462,0
1004195,329,329,893,762,4951,2191,-959,274,393,-1,26,458,465,0
1007510,331,331,818,481,6141,3074,-964,235,-5,311,44,462,464,0
1010861,332,333,1175,518,7093,3462,-944,209,-303,93,190,443,462,0
1014195,333,334,1118,200,6265,3246,-1147,182,-256,-137,-158,446,479,0
1017513,335,335,1006,668,4279,2998,-1017,157,-117,-54,-181,452,470,0
1020861,336,337,0,0,2727,3039,-940,131,-208,166,235,485,465,0
1024196,338,339,50,0,1584,3080,-756,104,-162,-34,191,462,454,0
1027517,339,340,425,368,107,3274,-221,94,-135,-9,-293,458,445,0
1030862,341,341,162,312,-1523,3614,426,100,39,232,-147,456,448,0
1034196,342,343,143,200,-1889,3835,577,106,1,127,11,457,438,0
1037519,343,344,743,462,-1606,3763,1010,111,56,-155,100,441,440,0
1040861,345,346,500,162,229,3658,1215,114,26,-420,-9,438,440,0
1044223,346,347,1250,725,1455,2680,1454,113,-275,-405,308,439,451,0
1047523,348,348,1437,1250,903,1349,1633,130,-163,-302,595,429,423,0
1050862,349,350,2075,1325,-594,437,1748,166,-624,-475,372,395,419,0
1054196,350,351,1756,1737,-2986,-948,1532,197,-201,-423,842,412,397,0
1057526,351,352,1681,1906,-5268,-2891,952,200,-133,-237,938,416,388,0
1060883,353,353,1287,2037,-6509,-4578,574,190,-109,-31,591,437,397,0
1064219,354,355,931,1550,-6644,-5808,375,181,214,226,982,456,407,0
1067529,356,356,968,1775,-5151,-5809,-172,164,125,-68,501,470,411,0
1070887,357,357,331,1212,-4728,-5547,-1163,119,-245,275,95,473,426,0
1074220,359,359,68,1062,-4913,-4377,-1186,65,-109,423,304,487,434,0
1077533,360,360,275,893,-4734,-3259,-1251,8,337,168,370,476,443,0
1080887,362,361,0,650,-3432,-1677,-863,-23,-21,135,197,475,456,0
1084220,363,363,668,650,-2665,-434,-367,-27,-113,145,16,455,456,0
1087535,364,364,612,462,-1928,994,20,-17,-50,145,42,458,466,0
1090887,366,366,762,125,580,1737,382,0,581,-223,120,450,484,0
1094220,367,367,1062,837,2379,1643,173,7,458,-175,62,449,461,0
1097539,369,369,612,875,3750,2332,-251,-11,-4,163,143,457,443,0
1100887,370,370,1043,818,5083,2796,-633,-45,105,97,285,450,462,0
1104221,371,372,912,481,5826,2382,-1112,-79,315,-186,-60,457,464,0
1107542,373,373,1212,762,6572,2015,-1465,-104,90,-24,-91,441,465,0
1110887,374,375,1381,143,7471,1240,-1500,-121,-219,305,8,432,482,0
1114220,376,376,1306,706,6753,1038,-1640,-142,-274,-186,51,436,468,0
1117545,377,378,725,443,4910,1022,-1794,-168,-76,-280,-90,467,466,0
1120887,379,379,350,350,3055,1192,-1740,-187,-180,128,-137,462,462,0
1124221,380,381,256,143,1587,1502,-1380,-198,-30,107,177,467,457,0
1127549,382,382,181,106,1315,1871,-602,-188,-20,-250,-75,471,459,0
1130888,383,384,537,12,736,1971,-99,-167,-331,-200,-324,452,464,0
1134221,384,385,350,350,-959,1502,-361,-172,-207,-10,-4,462,446,0
1137551,386,387,181,350,-1965,911,-12,-185,140,99,259,455,430,0
1140909,387,388,706,556,-164,1110,-31,-204,2,-381,224,443,435,0
1144245,389,389,1268,837,30,892,279,-227,-62,-76,39,422,445,0
1147555,390,391,837,800,143,588,286,-256,-344,16,252,445,431,0
1150913,391,392,818,706,-1032,889,205,-295,-373,-176,388,462,452,0
1154246,393,394,818,1062,-3533,622,-2,-346,-624,-206,279,446,417,0
1157558,394,395,1362,2093,-6170,-1020,-468,-416,-164,-132,938,433,378,0
1160913,395,396,1643,1962,-8170,-2732,-815,-489,-100,-101,772,418,385,0
1164249,397,397,1006,2150,-8935,-4002,-849,-545,-2,72,657,452,391,0
1167561,398,398,893,2037,-8194,-4532,-1112,-598,102,192,696,458,397,0
1170913,400,399,350,1831,-6116,-5146,-1255,-649,413,286,598,472,409,0
1174254,401,401,687,1231,-4405,-4227,-1087,-677,-187,231,375,454,425,0
1177564,403,402,0,856,-3843,-2082,-346,-652,-152,341,15,480,445,0
1180913,404,404,462,743,-3610,-77,38,-614,207,157,253,466,451,0
1184255,406,405,200,500,-3155,1243,519,-558,236,-114,372,464,464,0
1187568,407,406,575,687,-1787,2176,1151,-495,273,90,76,444,454,0
1190914,408,408,556,87,1142,2852,1781,-428,349,-94,-44,461,486,0
1194255,410,409,1718,1343,3538,3185,1676,-377,568,-90,144,446,482,0
1197572,411,411,1418,743,5395,3954,960,-358,36,-94,146,478,514,0
1200914,413,413,1250,537,7018,3169,756,-340,-301,-86,145,471,509,0
1204255,414,414,2000,1006,7060,1665,-99,-335,150,-49,301,447,500,0
1207575,416,416,1362,668,7364,-43,-1263,-355,377,-241,185,465,502,0
1210914,417,418,2356,706,8119,-1380,-1313,-361,-166,52,-151,428,500,0
1214256,419,419,1193,856,6425,-1905,-1457,-361,-480,285,-73,474,492,0
1217577,420,421,968,293,4098,-2376,-1960,-376,-38,312,52,477,497,0
1220935,422,423,893,237,1742,-2719,-2073,-389,-191,157,102,465,484,0
1224256,423,424,368,0,1009,-1776,-2225,-403,-41,-90,7,493,508,0
1227581,425,426,0,0,1351,-158,-565,-366,-131,276,-199,504,487,0
1230939,426,427,331,331,858,-578,-447,-337,-26,-366,102,495,479,0
1234256,428,429,237,237,-2072,-2300,-168,-323,-320,23,85,484,468,0
1237583,429,430,368,237,-2885,-2993,-373,-332,-93,-394,5,477,468,0
1240940,431,432,387,0,-2535,-2981,-150,-325,215,93,132,476,485,0
1244257,432,433,1062,762,-2352,-2441,-777,-349,188,340,197,465,465,0
1247587,434,435,800,743,-2152,255,-817,-374,-160,287,322,479,466,0
1250940,435,436,931,818,-2947,2075,-652,-403,-354,97,350,472,462,0
1254280,437,438,893,1137,-4229,3175,-1193,-449,-397,395,111,474,445,0
1257590,438,439,931,1625,-6024,4108,-1763,-510,107,187,572,472,419,0
1260939,440,441,931,1643,-5742,4234,-1393,-554,-115,-60,838,472,418,0
1264282,441,442,1268,1981,-6347,3446,-1182,-576,-410,-107,334,454,400,0
1267593,443,443,200,1568,-7563,531,-796,-576,52,16,346,496,423,0
1270940,444,444,593,1718,-6860,-1312,47,-548,149,151,308,475,415,0
1274283,446,446,331,1025,-4851,-1970,786,-488,497,-11,267,473,436,0
1277596,447,447,593,687,-2946,-391,1627,-398,166,3,20,475,470,0
1280940,449,449,425,293,-3339,1637,1675,-312,176,77,208,468,475,0
1284283,450,450,1025,687,-1263,2402,1356,-259,537,-281,393,452,470,0
1287599,452,452,1793,387,3217,1247,1934,-199,753,-408,133,411,470,0
1290971,453,453,2150,893,5785,695,1917,-156,307,-139,132,407,474,0
1294283,454,455,2375,650,7565,741,2102,-126,367,-132,635,395,471,0
1297603,455,456,1981,537,9210,-476,2001,-119,-181,-229,413,416,477,0
1300941,457,458,1831,575,8381,-1396,1459,-126,-211,28,155,424,475,0
1304283,458,459,1587,1381,6817,-2496,564,-138,230,80,360,437,432,0
1307606,459,461,1793,1437,4716,-2804,-269,-170,-219,95,317,442,429,0
1310962,461,462,1268,1287,3055,-2491,-350,-178,43,444,-3,454,437,0
1314284,462,463,1887,1343,1214,-2625,-704,-161,-46,254,190,437,450,0
1317609,464,465,293,443,-1797,-2576,-1150,-156,-293,40,202,481,457,0
1320965,465,466,612,612,-3234,-2050,-908,-138,-464,103,6,464,448,0
1324284,467,468,331,443,-4935,-1327,-683,-99,-360,54,-132,479,457,0
1327612,468,469,406,631,-6652,-1774,-290,-43,-198,-172,53,475,447,0
1330965,470,471,350,518,-7843,-2757,-573,8,351,-94,345,462,437,0
1334284,471,472,556,968,-6639,-2416,22,26,320,-88,-11,467,429,0
1337616,473,473,856,650,-3901,-972,1016,72,111,9,2,451,446,0
1340993,474,475,2075,1100,-3182,82,988,108,-174,77,114,411,447,0
1344308,475,477,1981,350,-2763,1299,1530,167,171,47,382,416,471,0
1347619,476,478,1718,518,460,2864,2694,256,15,21,265,430,462,0
1350966,478,479,1587,837,1005,3640,2691,365,532,78,375,437,461,0
1354313,479,481,1081,687,2695,4301,2393,465,337,503,336,464,453,0
1357622,481,482,1381,1081,6241,5346,2124,552,-191,388,197,464,448,0
1360966,482,484,1231,1193,6657,5907,2038,653,-293,135,201,456,426,0
1364312,484,485,743,1531,5218,5406,2093,773,-576,-127,321,482,424,0
1367625,485,486,387,1418,1142,3622,2682,901,-797,-185,154,486,415,0
1370966,487,488,631,1643,-2923,1804,2581,1018,-118,-241,264,473,403,0
1374312,488,489,725,1343,-4412,-439,2582,1124,653,285,454,468,419,0
1377628,490,490,893,950,-1251,-1526,2272,1193,166,192,140,459,440,0
1380967,491,492,762,218,846,-740,2543,1248,-486,135,-580,466,479,0
1384313,493,493,106,650,-1389,554,1925,1257,-305,-3,-221,485,456,0
1387632,494,495,462,125,-3486,848,949,1235,281,-562,252,466,468,0
1390990,495,496,1081,1043,-1817,-454,995,1224,136,-536,322,464,450,0
1394312,497,498,1437,668,272,-2324,1118,1198,414,144,323,429,454,0
1397635,498,499,1868,556,3841,-2415,226,1145,405,112,561,422,476,0
1400990,499,501,1868,462,6223,-2780,234,1087,160,-36,502,422,465,0
1404313,501,502,2318,593,7548,-3319,706,1046,-469,115,191,398,474,0
1407638,502,504,1793,950,5011,-3129,-210,994,-300,150,454,426,455,0
1410990,504,505,1418,1137,3453,-3085,-28,976,-324,231,359,446,445,0
1414313,505,506,1287,818,1320,-2324,178,990,-431,216,203,453,462,0
1417641,507,508,575,200,-1032,-829,-234,993,164,167,275,466,454,0
1420991,508,509,931,612,-1623,-230,-314,1005,221,42,290,447,448,0
1424313,509,511,687,256,-2394,375,-261,1033,-562,149,43,460,451,0
1427644,511,512,106,162,-4245,1272,-292,1052,-468,171,-51,475,456,0
1430991,512,514,593,593,-5568,1877,-335,1063,27,-166,-58,465,433,0
1434314,514,515,631,218,-6042,1733,62,1074,620,-132,468,447,453,0
1437647,515,516,593,481,-3072,2353,957,1122,-334,-95,-8,449,439,0
1440991,516,518,1512,743,-2458,2727,1228,1160,243,-88,-7,441,450,0
1444316,518,519,1362,518,-1195,2538,1232,1167,801,-3,497,433,462,0
1447651,519,521,1643,537,2522,3181,2033,1199,-460,218,147,434,461,0
1450991,521,522,931,893,2838,3711,2183,1220,-156,229,219,456,442,0
1454319,522,524,1193,818,4070,3872,1722,1189,-152,31,472,458,446,0
1457654,524,525,1025,1643,4196,3194,1997,1168,-784,-218,407,467,402,0
1460992,525,526,1043,2187,707,1456,2216,1162,-901,-98,453,466,389,0
1464324,526,527,968,2187,-3256,-200,2470,1173,-264,71,678,470,389,0
1467657,528,528,293,1756,-5806,-2574,2450,1186,614,309,664,475,397,0
1471016,529,530,500,1043,-3782,-3135,1779,1176,293,140,103,480,435,0
1474326,531,531,687,743,-1785,-2675,1623,1143,-379,316,-164,454,451,0
1477661,532,533,331,593,-2457,-1110,956,1092,-227,99,70,473,459,0
1481019,534,534,312,575,-3580,-654,239,1019,217,-415,-52,474,460,0
1484329,535,536,293,537,-3125,-1204,-228,941,217,-490,-114,475,462,0
1487663,537,537,106,612,-3174,-2252,238,869,297,294,138,485,458,0
1491019,538,538,912,668,-571,-1511,162,814,98,345,382,457,470,0
1494332,540,540,1250,350,2839,-355,74,786,432,25,170,439,487,0
1497667,541,542,950,612,4007,483,190,761,251,-118,26,455,473,0
1501025,542,543,1531,725,4131,546,182,732,202,149,526,440,467,0
1504336,544,545,1437,556,5356,706,-34,724,-32,146,595,429,460,0
1507671,545,546,1137,800,5919,513,80,719,-286,-142,224,445,447,0
1511025,547,547,912,1118,4952,295,296,706,-332,276,23,457,446,0
1514343,548,549,781,406,3019,6,354,724,-114,228,260,455,459,0
1517673,549,550,612,612,998,-136,548,742,67,-71,213,464,448,0
1521026,551,552,312,0,960,123,757,760,-62,-111,-169,464,465,0
1524342,552,553,406,68,671,706,820,793,-458,223,-10,459,461,0
1527677,554,555,500,256,-1760,1425,1440,848,-220,-143,214,454,451,0
1531026,555,556,406,743,-2911,1425,1672,908,253,-202,36,459,425,0
1534346,557,558,312,162,-1488,1339,2362,991,-176,38,-75,448,440,0
1537679,558,559,800,406,-961,1713,2457,1078,106,-1,134,438,443,0
1541026,559,560,912,931,-651,1632,2109,1142,166,-315,207,457,440,0
1544348,561,562,1287,593,1195,1534,2268,1183,-2,119,155,437,458,0
1547683,562,563,1212,368,3299,2848,2609,1226,-83,-179,462,441,470,0
1551026,564,565,931,1081,2932,3738,2597,1269,-574,-313,685,456,432,0
1554351,565,566,762,1512,821,3398,2767,1292,-578,-213,499,465,409,0
1557686,567,567,668,2018,-3014,1151,2193,1292,-932,-64,590,470,382,0
1561027,568,568,762,1962,-6748,-397,2294,1310,-145,175,649,465,401,0
1564355,570,570,425,1231,-8208,-1353,2023,1311,548,25,516,484,425,0
1567689,571,571,593,1100,-5445,-2355,1762,1297,-75,150,309,459,432,0
1571027,573,572,0,931,-3540,-1682,1209,1257,-303,230,153,486,441,0
1574358,574,574,312,725,-3729,-1314,709,1203,-4,114,-24,474,452,0
1577692,575,575,387,556,-4418,-407,-110,1144,95,-68,-210,470,461,0
1581027,577,577,387,687,-2911,-627,-251,1085,-793,-16,-137,470,454,0
1584361,578,578,500,443,-4017,-1389,-90,1053,550,-79,250,464,467,0
1587695,580,580,500,631,-1527,-542,-62,1043,1126,-49,430,448,457,0
1591052,581,581,1118,575,3415,847,343,1061,249,-22,143,446,475,0
1594365,583,583,1006,218,5003,1792,742,1077,-267,197,120,436,478,0
1597699,584,584,1325,125,3762,1917,184,1077,526,80,589,419,483,0
1601053,585,586,1512,425,5731,1722,-175,1070,510,-136,193,425,467,0
1604367,587,587,1531,781,7929,1074,-203,1057,-3,216,38,440,464,0
1607702,588,589,1400,912,8252,76,-559,1034,-250,-7,235,431,457,0
1611053,589,590,1362,856,7043,-14,-588,1017,-180,-103,-27,449,460,0
1614371,591,592,387,350,5447,-167,-92,1012,-138,68,-127,460,462,0
1617705,592,593,125,275,4005,59,-167,997,-178,147,190,474,450,0
1621053,594,595,518,181,2767,460,95,989,-141,116,138,453,455,0
1624374,595,596,368,0,1127,1163,733,995,-289,-74,-303,461,469,0
1627708,597,597,406,200,-503,1453,1539,1019,-44,-45,-229,459,454,0
1631054,598,599,481,125,-1211,920,1340,1035,-105,-158,97,455,458,0
1634377,600,600,387,481,-2067,505,1521,1038,-8,-52,157,460,439,0
1637711,601,602,293,556,-2086,951,1269,1025,-78,79,3,449,435,0
1641053,602,603,1081,856,-2179,1301,1134,987,-123,190,344,448,444,0
1644381,604,605,668,256,-2127,1788,863,937,-419,21,425,454,460,0
1647715,605,606,818,593,-2980,2791,523,888,-501,-382,223,446,442,0
1651054,606,607,575,1306,-4497,2484,242,824,-685,-243,421,475,420,0
1654383,608,609,950,2225,-6312,550,-736,720,-296,-267,936,455,387,0
1657718,609,610,1025,2112,-8038,-815,-1321,597,-55,-241,688,451,393,0
1661054,611,611,1175,1831,-8350,-2265,-1083,477,-295,130,695,443,408,0
1664387,612,612,481,1362,-7796,-3125,-1050,376,234,-93,592,465,418,0
1667721,614,613,368,1306,-5775,-3396,-1106,269,341,-124,526,471,421,0
1671079,615,615,537,837,-3750,-2965,-530,190,-130,155,142,462,446,0
1674390,617,616,0,837,-2694,-2657,-196,128,-206,224,80,479,446,0
1677724,618,618,350,462,-1308,-1833,-211,84,446,-51,285,456,450,0
1681082,619,619,200,612,-628,-753,-212,55,510,-166,208,480,458,0
1684393,621,621,537,256,577,718,465,73,126,-45,140,446,461,0
1687727,622,622,1962,1437,3410,1401,769,105,185,37,64,449,477,0
1691083,624,624,1268,987,5370,1627,742,131,400,-117,224,470,485,0
1694396,625,625,1493,1250,6506,2449,314,143,316,-169,57,474,487,0
1697731,627,627,612,537,7063,2251,24,133,-135,-135,78,505,509,0
1701088,628,629,1362,743,6727,1350,-534,93,-214,183,415,481,498,0
1704399,630,630,1512,668,6796,195,-1313,46,-6,72,402,457,502,0
1707735,631,632,1137,1043,5963,-640,-1548,3,-426,-120,-119,477,466,0
1711091,633,633,1062,1381,3087,-952,-1280,-29,-307,78,-162,481,464,0
1714403,634,635,425,856,741,-1141,-851,-38,-281,229,240,490,451,0
1717737,636,636,518,443,-1897,-1077,-766,-44,-135,27,133,469,473,0
1721092,637,638,293,462,-3643,-733,-806,-66,116,-234,-5,497,472,0
1724407,639,639,275,518,-5567,-218,168,-56,-406,190,-303,482,469,0
1727740,640,641,462,200,-7173,-417,461,-44,-27,37,42,472,470,0
1731092,642,642,368,575,-5963,-771,588,-49,639,-202,515,477,466,0
1734409,644,644,293,350,-2620,-1278,1300,-56,158,-235,162,481,462,0
1737743,645,645,1025,1193,-1930,-1539,1474,-52,-326,191,13,467,458,0
1741092,646,647,968,256,-1931,-1095,1305,-59,272,13,466,470,492,0
1744412,648,649,1250,781,876,612,1572,-49,-80,340,512,455,480,0
1747747,649,650,1437,612,1845,2572,1717,-31,-44,83,202,445,473,0
1751092,651,651,1193,1287,1627,4037,1483,-12,-329,44,258,458,453,0
1754415,652,653,762,1437,708,4252,1694,24,-326,165,887,481,429,0
1757750,654,654,0,1718,-1378,3492,1574,65,-463,38,801,507,414,0
1761093,655,655,443,2356,-4289,1952,1486,135,-341,-75,527,498,396,0
1764419,657,657,387,1306,-6097,-673,1479,222,10,-31,420,470,421,0
1767753,658,658,725,1587,-4871,-1847,1516,304,647,-88,501,468,422,0
1771093,660,659,293,1100,-1814,-2356,1513,384,-27,70,-7,475,448,0
1774422,661,661,500,668,-2783,-1224,1433,463,42,98,-125,464,455,0
1777757,663,662,50,462,-4397,-187,1182,516,193,-388,-79,488,482,0
1781113,664,664,425,537,-2509,-374,1006,554,381,-230,235,468,462,0
1784425,666,665,706,781,480,-656,1487,607,653,-26,589,453,465,0
1787759,667,667,1212,612,4457,11,1465,659,48,-91,308,441,473,0
1791118,668,668,1868,875,6656,1015,1416,689,148,-162,110,422,475,0
1794428,670,670,1531,425,7099,274,991,696,307,-211,377,424,483,0
1797763,671,671,856,500,7284,-380,425,686,289,-337,216,460,479,0
1801118,673,673,818,575,6864,-764,212,683,-435,262,88,462,475,0
1804431,674,675,818,1100,5125,-755,-133,678,-322,343,5,462,447,0
1807766,676,676,1118,968,2710,-511,-324,685,58,-179,58,462,454,0
1811146,677,677,443,650,1164,-667,-437,712,1,20,-143,473,462,0
1814435,679,679,0,181,-113,-319,-298,751,-174,293,56,484,471,0
1817769,680,680,293,293,-1217,329,-29,790,-438,83,78,465,465,0
1821118,681,682,125,0,-2881,763,285,826,-541,-131,-330,474,481,0
1824438,683,683,593,481,-6244,370,519,866,113,-56,-153,449,455,0
1827772,684,685,350,125,-5971,-40,1049,924,-16,80,75,462,458,0
1831119,686,686,256,312,-4931,-113,1554,967,597,-205,406,451,448,0
1834441,687,688,537,237,-1530,-631,1472,999,193,-260,-53,452,452,0
1837776,689,689,1137,518,-559,-1235,1403,1024,-45,96,214,445,462,0
1841119,690,691,1081,875,462,-770,1635,1035,44,250,379,448,443,0
1844444,691,692,1175,256,2468,1104,2056,1053,-158,154,-13,443,476,0
1847779,693,694,537,800,1857,2374,2007,1075,-197,180,246,461,447,0
1851119,694,695,593,1231,874,2475,1609,1076,-665,366,329,474,424,0
1854447,696,696,518,1756,-1645,2141,1157,1058,-269,58,817,462,396,0
1857782,697,697,575,1943,-3800,1529,1095,1046,-108,-170,699,475,402,0
1861167,699,699,275,1400,-5497,497,964,1024,-269,93,589,476,416,0
1864451,700,700,443,1662,-4814,-712,779,999,452,266,409,467,402,0
1867786,702,701,106,1362,-2272,-1121,479,967,136,142,382,485,418,0
1871144,703,703,650,837,-1228,-776,528,938,-553,103,-184,456,446,0
1874454,705,704,0,800,-3486,195,457,904,488,85,-112,479,448,0
1877788,706,705,181,950,-1331,764,-87,854,445,-166,552,465,440,0
1881144,708,707,312,556,1449,1015,507,825,724,-217,626,458,461,0
1884457,709,708,856,462,5378,1369,1019,820,369,-90,231,429,466,0
1887791,710,710,1475,406,8219,1992,1011,821,30,-264,80,411,468,0
1891144,711,711,1250,931,8263,1467,753,798,-57,-267,187,439,456,0
1894460,713,713,837,762,6363,603,-191,746,-181,0,276,445,449,0
1897795,714,714,1006,650,5883,-105,-596,683,138,-28,398,452,471,0
1901145,716,716,1043,1400,5490,-779,-920,623,-40,-24,103,450,431,0
1904463,717,717,818,1081,2753,-753,-1313,569,-194,-149,-6,462,448,0
1907798,719,718,950,1250,197,-889,-1388,519,-546,159,181,455,455,0
1911145,720,720,293,275,-1909,-1301,-1535,475,-99,-14,162,465,466,0
1914467,721,721,368,593,-3908,-1546,-1188,448,-42,-127,-150,461,449,0
1917801,723,723,556,106,-5116,-1027,-578,444,-597,149,-271,451,475,0
1921145,724,724,500,350,-6826,-607,-473,438,71,-144,121,454,462,0
1924470,726,726,0,125,-8153,-1143,-275,431,393,-116,117,476,458,0
1927804,727,727,650,725,-7121,-1644,54,423,208,7,128,446,442,0
1931145,729,729,68,350,-4952,-1574,885,435,-150,154,192,461,446,0
1934474,730,730,443,50,-2712,-1508,909,430,47,-89,256,441,462,0
1937808,731,732,1381,650,-1800,-1424,938,411,582,-126,128,432,455,0
1941146,733,733,856,350,-98,-979,1430,410,-254,251,49,444,471,0
1944476,734,735,1156,312,374,946,1787,422,94,-1,563,428,457,0
1947834,735,736,1381,837,1349,2281,2054,435,299,17,427,432,445,0
1951167,737,737,968,1043,3063,3159,2384,445,13,410,383,454,450,0
1954479,738,739,631,1400,3998,3857,2924,474,-126,227,585,472,415,0
1957838,739,740,1100,1906,3355,3889,2994,517,-433,-95,609,463,404,0
1961170,741,741,200,1306,355,2656,2996,575,-484,67,291,480,421,0
1964483,743,743,0,1212,-2893,379,2868,630,-220,46,299,476,410,0
1967841,744,744,762,1606,-3812,-1146,2690,684,464,-15,437,450,405,0
1971171,745,745,687,1100,-2165,-1875,2661,743,114,-47,-28,454,432,0
1974486,747,747,406,312,-1045,-882,2862,817,-536,247,-305,453,458,0
1977845,748,748,237,593,-2768,141,2370,875,-131,-201,37,478,459,0
1981172,750,750,125,275,-3325,26,1903,920,667,-298,287,468,460,0
1984489,751,751,1175,875,227,-235,1952,984,563,42,446,443,459,0
1987848,752,753,1362,912,3925,511,2106,1034,11,231,370,433,441,0
1991171,754,754,1681,406,6617,1036,1756,1057,286,-242,169,416,484,0
1994492,755,756,1756,781,6480,588,1466,1071,172,-318,143,412,464,0
1997850,756,757,1868,762,6053,-176,968,1078,25,-44,630,422,465,0
2001171,758,758,1643,1025,6207,-1227,186,1089,-537,-124,408,418,451,0
2004496,759,760,1250,743,3956,-2239,-471,1093,-191,210,-36,439,450,0
2007854,760,761,1118,1043,1836,-2103,-997,1091,-258,206,117,462,450,0
2011171,762,763,518,125,-139,-2006,-1426,1087,-87,98,341,453,458,0
2014499,763,764,331,331,-1926,-1645,-1554,1082,-227,6,57,463,447,0
2017854,765,766,312,0,-2779,-921,-1414,1086,-478,-177,-222,464,466,0
2021172,766,767,481,162,-4628,-501,-1509,1076,-344,-170,42,455,456,0
2024502,768,769,12,162,-6936,-386,-1046,1061,199,-66,444,480,440,0
2027858,769,770,893,968,-6827,-209,-689,1055,392,-17,268,433,413,0
2031193,770,771,762,668,-4521,416,415,1076,239,-29,46,440,429,0
2034505,772,773,1493,800,-1888,1433,1364,1117,98,-122,176,426,447,0
2037862,773,774,1812,743,-109,1847,1611,1140,170,-233,154,409,450,0
2041197,774,776,1437,537,1404,1728,2046,1175,-20,101,109,445,461,0
2044508,776,777,987,368,2474,2873,1978,1208,40,-33,554,453,470,0
2047862,777,779,1156,1062,3828,4127,1590,1213,-110,38,448,460,433,0
2051197,779,780,818,931,4647,4820,1629,1208,-484,-20,260,462,440,0
2054511,780,781,631,1643,2169,3609,1716,1197,-702,-93,457,472,402,0
2057863,782,782,556,2037,-1843,1284,2277,1194,-744,-359,477,476,397,0
2061197,783,784,406,1437,-5900,-1211,2217,1172,109,-50,211,469,398,0
2064515,785,785,612,1662,-6670,-3535,1971,1140,464,166,226,474,402,0
2067863,786,786,800,1100,-3393,-4362,1921,1106,218,98,272,448,432,0
2071198,787,787,425,575,-1507,-3987,1917,1077,-243,64,-186,468,460,0
2074519,789,789,650,406,-3433,-2357,1287,1033,-262,277,-336,456,469,0
2077863,790,790,50,706,-3856,-1393,569,967,-440,18,-125,488,453,0
2081198,792,792,350,593,-4056,-1951,686,899,1088,-141,215,472,459,0
2084521,793,793,1100,950,-1048,-2043,360,837,910,20,481,447,455,0
2087863,795,795,950,500,3804,-149,838,803,122,319,484,455,479,0
2091198,796,796,1362,743,5979,1531,1065,776,-161,43,271,433,466,0
2094524,797,798,1568,387,4969,2349,233,717,342,-231,440,422,469,0
2097864,799,799,1400,893,5570,2197,-121,658,107,-29,259,431,458,0
2101198,800,801,1493,631,6919,2103,-321,603,-193,278,173,426,456,0
2104527,802,802,1325,1006,6863,1638,-635,552,-367,-15,106,451,452,0
2107913,803,804,818,556,4923,1333,-912,518,-343,-63,-91,453,451,0
2111219,804,805,518,912,2449,750,-759,509,-252,174,224,469,432,0
2114532,806,807,500,893,-98,436,-844,514,-312,136,180,454,433,0
2117888,807,808,687,162,-1538,456,-422,545,32,3,185,444,456,0
2121222,809,809,818,837,-1979,1491,280,603,-401,231,-71,437,436,0
2124534,810,811,312,368,-3276,2052,580,665,-322,90,85,464,445,0
2127888,812,812,87,893,-5745,2065,829,738,289,-138,106,460,417,0
2131223,813,813,481,743,-5489,2042,1327,812,533,-380,136,455,441,0
2134538,814,815,1100,556,-2060,1050,1921,894,-48,-23,390,447,460,0
2137889,816,816,1025,743,-758,403,1431,925,315,-282,619,451,466,0
2141224,817,818,1531,106,331,594,1553,931,178,107,466,424,484,0
2144540,818,819,1493,706,4102,1884,2273,952,-396,-72,298,426,452,0
2147889,820,821,1062,1081,3460,2444,2594,969,-606,-504,688,449,432,0
2151224,821,822,1175,1700,475,31,1884,966,-676,-467,439,443,399,0
2154543,823,823,481,2018,-3546,-1868,1700,970,-550,-23,430,480,398,0
2157917,824,824,687,1756,-5929,-3340,1379,962,-154,-203,964,470,413,0
2161224,826,826,181,1868,-6485,-3931,163,913,695,238,490,481,391,0
2164547,827,827,425,1287,-3380,-3950,-17,842,-200,490,322,468,422,0
2167889,829,828,631,1475,-2316,-2841,22,773,-542,400,22,457,428,0
2171224,830,830,350,1025,-3077,-1608,-956,682,183,185,-60,472,436,0
2174550,831,831,331,987,-3036,-886,-1611,571,-60,-29,-66,473,438,0
2177890,833,832,443,800,-2728,-256,-1529,463,-258,-64,-110,467,464,0
2181225,834,834,200,293,-3550,-1152,-1411,379,472,-108,182,480,475,0
2184553,836,835,1418,1193,-824,-1315,-1661,309,1109,-7,362,462,490,0
2187911,838,837,593,1006,3560,-195,-1055,255,-296,155,164,506,500,0
2191247,839,839,950,425,4394,1629,-1444,199,-373,170,-84,487,515,0
2194557,841,841,725,856,2336,2210,-2186,104,-150,340,85,499,508,0
2197915,842,842,1362,875,2449,2168,-2465,-5,351,96,264,481,507,0
2201248,844,844,1043,518,3833,2867,-2856,-102,258,-11,123,482,510,0
2204559,845,845,1118,631,4777,2754,-2650,-181,-116,-225,-330,478,504,0
2207915,847,847,856,200,3062,1976,-2509,-249,-345,9,-201,467,502,0
2211248,848,849,1175,12,133,1680,-2546,-309,49,86,308,450,496,0
2214563,850,850,293,125,-264,1484,-2443,-357,-44,-58,273,481,490,0
2217915,851,852,706,87,-590,1462,-1912,-393,-68,232,-253,475,492,0
2221248,853,854,612,200,-1767,2617,-1621,-417,-312,-172,-330,464,470,0
2224566,854,855,331,237,-3975,2880,-1425,-448,754,129,261,479,468,0
2227916,856,857,462,668,-1623,3840,-391,-469,524,-328,377,472,445,0
2231249,857,858,631,12,1623,3000,186,-482,25,-420,187,463,480,0
2234570,859,860,575,668,2616,1600,-682,-529,-341,-404,-32,475,470,0
2237915,860,861,1775,593,1613,440,-572,-588,50,-62,503,427,474,0
2241249,861,863,1700,668,354,678,414,-635,-922,-324,325,431,454,0
2244573,863,864,1606,1568,-3617,-305,576,-662,-201,-271,509,436,422,0
2247915,864,865,1081,2431,-5219,-2454,-73,-713,-156,93,549,480,392,0
2251248,866,866,987,2000,-5557,-4584,-216,-791,59,-133,1048,469,415,0
2254575,867,868,668,2206,-5761,-5556,52,-870,411,-34,755,486,404,0
2257916,869,869,275,1381,-4589,-6016,-114,-932,-101,308,525,492,433,0
2261249,870,870,87,1625,-2783,-5689,-544,-1003,-504,460,175,502,420,0
2264579,872,871,87,1325,-3832,-4762,-493,-1061,-39,157,162,486,436,0
2267916,874,873,50,1081,-5131,-3340,-265,-1074,240,319,336,488,449,0
2271250,875,875,293,462,-3704,-928,-287,-1083,161,208,222,475,466,0
2274582,877,876,875,893,-1646,947,508,-1068,695,-71,184,460,459,0
2277941,878,878,1025,331,1596,1985,1353,-996,648,-101,102,436,473,0
2281304,879,879,1418,743,4173,2762,2108,-879,149,-161,159,446,482,0
2284585,881,881,781,818,5109,3561,1471,-786,114,239,90,464,478,0
2287941,882,882,1587,1118,6779,4402,1024,-709,337,-274,178,437,462,0
2291277,883,884,968,668,7393,4187,-21,-658,223,-324,-26,470,470,0
2294588,885,885,1062,481,6747,2965,-899,-653,-93,156,85,449,480,0
2297941,886,887,1793,631,6293,1738,-1134,-644,-332,195,342,426,472,0
2301278,888,888,1156,575,4505,403,-1540,-623,-88,-111,232,444,475,0
2304591,889,890,1662,1250,2725,112,-1907,-606,-256,239,-235,433,455,0
2307941,890,891,237,443,824,229,-2093,-582,-185,168,-102,484,457,0
2311283,892,893,200,87,-592,590,-1882,-558,94,-29,164,470,460,0
2314596,893,894,950,312,-615,1458,-1577,-529,-194,-106,-10,446,464,0
2317942,895,895,200,162,-979,1842,-818,-475,-573,-153,-317,470,472,0
2321283,896,897,125,0,-4233,914,-284,-408,-143,-23,-38,474,472,0
2324598,898,898,500,931,-4878,34,-221,-355,201,-430,19,454,431,0
2327942,899,900,368,0,-3784,-449,-3,-304,502,-263,38,461,468,0
2331311,901,901,931,1118,-619,-839,-155,-264,-92,77,-75,456,446,0
2334601,902,903,931,556,-619,-744,107,-249,143,101,360,456,460,0
2337942,904,904,1175,781,128,234,611,-236,-140,72,486,443,464,0
2341284,905,906,1118,612,874,1926,571,-196,-559,53,0,446,457,0
2344604,906,907,1250,987,-1706,2141,801,-154,-374,-192,361,439,437,0
2347964,908,908,612,1775,-3715,1024,715,-144,-142,-296,522,473,411,0
2351284,909,910,481,1681,-6253,-1208,907,-134,-121,-226,478,480,400,0
2354607,911,911,668,1850,-7597,-2656,879,-104,31,66,423,470,407,0
2357964,912,912,0,1437,-7678,-3694,916,-69,455,220,642,500,414,0
2361284,914,913,68,1568,-3864,-4340,983,-40,248,90,408,487,423,0
2364611,915,915,537,856,-1843,-4086,1274,3,-370,268,68,462,445,0
2367967,917,916,143,631,-2372,-2502,1489,66,-151,318,152,467,457,0
2371284,918,918,593,537,-1629,602,1309,123,629,-37,453,459,462,0
2374615,920,919,537,331,1115,1862,1843,189,953,-314,523,446,473,0
2377968,921,921,1531,143,4690,2264,2573,278,231,26,321,409,483,0
2381285,922,922,2093,837,7788,2569,2850,351,-61,-177,434,394,461,0
2384618,923,924,1850,706,8236,2390,2435,385,514,-396,504,407,452,0
2387968,925,925,1756,1043,8600,1825,1877,378,91,-4,292,412,450,0
2391310,926,927,1493,1193,7863,355,192,338,-253,-84,400,426,426,0
2394620,927,928,1587,1531,5769,-1415,-961,276,21,-210,174,437,424,0
2397968,929,929,1081,1906,3945,-2409,-1358,234,-443,189,-10,448,404,0
2401312,930,931,1306,1362,697,-1950,-2048,198,-196,-41,308,452,433,0
2404623,932,932,912,1306,-1686,-1991,-2067,169,-215,-136,191,473,436,0
2407968,933,934,481,368,-3830,-2067,-1697,164,58,-173,-198,471,461,0
2411311,935,935,0,181,-6181,-2154,-1242,185,-263,184,-12,486,471,0
2414627,936,936,443,743,-6904,-1829,-1137,215,-301,88,49,457,441,0
2417969,937,938,275,143,-7375,-1845,-1419,229,-137,-131,-251,482,473,0
2421311,939,939,256,500,-9039,-2365,-1307,237,179,-229,-140,467,454,0
2424630,940,941,481,687,-7855,-2655,-620,244,547,169,653,455,428,0
2427969,942,942,762,593,-4789,-2291,138,257,279,-47,363,440,449,0
2431311,943,944,1550,781,-2294,-1137,873,291,135,224,-100,423,448,0
2434633,944,945,1850,143,-903,204,1466,337,408,-63,402,407,482,0
2437990,946,947,1662,518,1028,1157,2382,416,44,330,486,417,462,0
2441311,947,948,1550,818,1928,2744,2911,504,137,143,103,423,446,0
2444636,948,950,1456,1043,3072,3532,2827,573,348,462,174,444,450,0
2447993,950,951,875,968,5053,4284,2897,646,32,306,361,459,438,0
2451312,951,952,1118,893,6000,5378,3033,716,-101,17,169,462,458,0
2454639,953,954,406,575,6063,5620,2998,787,98,163,-104,484,459,0
2457994,954,955,425,875,6279,5348,3189,858,-267,63,51,484,444,0
2461312,956,957,500,1268,4171,4212,3547,942,-125,-19,450,464,407,0
2464643,957,958,425,1175,2106,2684,3435,1020,76,-269,316,468,412,0
2467994,959,959,687,1025,1348,592,3376,1095,238,-99,-202,454,436,0
2471313,960,961,575,275,1712,-813,3695,1171,-309,137,-178,460,460,0
2474646,962,962,0,87,668,194,3052,1220,-263,87,-13,478,470,0
2477994,963,964,556,706,-2461,1825,1476,1225,124,-119,49,461,437,0
2481336,964,965,706,1212,-2684,1520,942,1197,539,-127,167,468,425,0
2484649,966,967,1025,1268,-166,14,866,1143,-147,-289,99,451,438,0
2487994,967,968,1587,706,-1666,-1307,119,1058,-229,-386,376,421,452,0
2491340,968,969,2431,1493,-3887,-3095,-1124,947,900,-53,769,392,426,0
2494652,970,971,2300,1306,-91,-4162,-1124,853,-360,-150,1015,399,436,0
2497995,971,972,2506,987,470,-4302,-1057,814,-22,55,462,388,453,0
2501340,972,973,2225,1268,-125,-4660,-1400,800,161,193,741,403,438,0
2504655,973,975,1756,350,952,-4615,-665,822,-239,427,429,419,462,0
2507996,975,976,1118,650,680,-3216,-667,865,121,298,241,437,446,0
2511342,976,978,912,237,-954,-2192,-696,908,198,6,243,448,452,0
2514659,977,979,1043,256,-2032,-1934,-426,948,215,-27,240,441,451,0
2518017,979,981,743,181,-3282,-799,-565,969,-350,267,48,457,455,0
2521341,980,982,818,312,-3945,-624,-591,986,-77,85,125,453,448,0
2524662,982,983,331,612,-3564,-714,-262,1022,21,42,94,479,432,0
2528018,983,985,818,368,-3401,-12,-25,1062,114,-220,-37,453,445,0
2531341,985,986,631,725,-2117,734,901,1110,382,-79,-7,472,451,0
2534665,986,988,1493,875,-778,742,675,1126,288,-290,52,442,459,0
2538019,987,989,931,387,-972,547,890,1127,-224,-34,87,472,469,0
2541341,989,991,1212,462,219,1419,1963,1142,-322,23,197,457,465,0
2544668,990,992,1137,406,1020,1943,2073,1133,-145,314,121,461,468,0
2548019,992,994,725,800,1860,2248,1430,1086,451,45,282,483,447,0
2551343,993,995,706,481,3950,3064,1526,1046,55,75,183,484,464,0
2554671,995,996,462,950,3765,3771,1886,1014,-538,154,-72,482,440,0
2558019,997,998,0,556,2526,3797,1584,969,-264,193,-60,510,445,0
2561342,998,999,106,818,1343,3660,1451,921,169,47,458,485,431,0
2564675,1000,1001,668,1043,1739,3111,1525,869,170,-24,425,471,435,0
2568019,1001,1002,537,350,2483,2146,942,787,-9,-166,-71,462,456,0
2571344,1003,1003,256,762,2547,1285,1121,715,-32,109,-228,477,450,0
2574678,1004,1005,462,312,2497,1263,982,640,-232,113,102,466,458,0
2578050,1005,1006,706,893,964,1690,-142,520,-572,-260,-27,484,458,0
2581347,1007,1008,668,968,-2452,1757,-948,395,299,-371,67,470,438,0
2584681,1008,1009,1100,818,-1851,820,-1044,316,464,-9,486,447,446,0
2588020,1010,1010,1137,1475,233,-618,-1214,249,-488,-60,701,445,427,0
2591350,1011,1012,1587,1156,-1320,-2016,-2030,159,572,-302,751,421,428,0
2594684,1012,1013,2150,1137,48,-2667,-2278,84,173,4,779,407,445,0
2598020,1014,1015,1887,818,941,-3357,-2050,55,-343,54,663,405,446,0
2601353,1015,1016,2206,875,-90,-3420,-2193,21,180,2,465,404,459,0
2604687,1016,1017,1456,275,644,-3136,-1529,7,99,316,445,419,466,0
2608045,1017,1019,1437,0,1415,-2538,-1341,8,-357,252,358,420,473,0
2611356,1019,1020,1156,668,828,-1773,-731,6,-477,208,164,435,445,0
2614691,1020,1022,1043,143,-375,-839,-796,2,67,44,259,441,457,0
2618048,1022,1023,593,350,-1562,-137,-614,5,61,-61,108,449,446,0
2621360,1023,1025,1025,200,-3011,2,-536,1,-176,-116,58,442,454,0
2624694,1025,1026,893,650,-3394,219,-112,16,-17,187,72,449,430,0
2628080,1026,1027,1156,1156,-2684,949,-280,25,527,1,131,460,444,0
2631363,1027,1029,1606,593,-2397,1590,549,51,-116,-200,42,436,458,0
2634697,1029,1030,593,593,-1560,1607,709,74,-490,-221,-60,474,458,0
2638053,1030,1032,1081,293,-1601,903,789,70,501,26,222,464,474,0
2641366,1032,1033,481,575,-648,1329,1072,82,316,-37,230,480,459,0
2644700,1033,1035,1006,481,-75,2079,1394,98,60,15,103,468,464,0
2648054,1035,1036,593,687,565,2753,1109,72,-126,257,234,474,453,0
2651370,1036,1038,837,931,1934,3038,1004,38,-146,-27,96,477,440,0
2654704,1038,1039,0,1212,1144,2324,1257,33,-400,-182,433,497,410,0
2658054,1039,1040,631,1550,-1100,857,1456,31,-483,-161,304,473,408,0
2661373,1041,1041,387,1643,-3600,-406,1421,16,74,67,167,470,403,0
2664707,1042,1043,537,1175,-3204,-1775,1405,10,390,94,307,462,412,0
2668054,1044,1044,800,631,-1061,-1864,1455,11,18,48,-179,448,457,0
2671375,1045,1046,443,350,-315,-862,1327,4,-171,-93,-455,467,456,0
2674710,1047,1047,350,12,-1408,129,609,-5,243,-147,-71,472,474,0
2678055,1048,1049,1718,1381,-1669,-76,298,-31,350,-286,528,462,464,0
2681379,1049,1050,1287,1137,974,-576,280,-53,497,-31,724,485,477,0
2684714,1051,1052,1775,1043,4225,-180,667,-27,527,77,239,459,482,0
2688055,1052,1053,1737,931,6446,1259,694,23,54,195,303,461,488,0
2691382,1054,1055,2168,1493,6028,2106,-156,51,-221,-176,668,438,458,0
2694716,1055,1056,2281,1700,5263,1852,-658,68,28,-154,618,432,447,0
2698055,1057,1058,2112,1737,5505,128,-1188,94,-428,102,273,441,445,0
2701385,1058,1059,2131,1418,3301,-1121,-1916,106,-466,2,547,440,462,0
2704719,1059,1061,1681,893,-422,-2346,-2107,104,-222,101,428,439,465,0
2708055,1061,1062,1062,1343,-3177,-2865,-2103,107,158,286,88,472,441,0
2711388,1062,1064,1025,1006,-3580,-2018,-2427,79,-209,210,39,474,459,0
2714723,1064,1065,0,387,-4169,-1247,-2596,39,-318,-187,190,518,476,0
2718082,1065,1067,462,293,-5477,-1177,-1232,24,-451,11,218,504,481,0
2721391,1067,1068,387,331,-5823,-665,-1199,11,52,-13,-66,492,479,0
2724726,1069,1070,650,912,-5102,-273,-940,1,36,56,-26,478,448,0
2728081,1070,1071,1531,912,-4134,263,144,22,215,-92,110,456,473,0
2731395,1072,1073,1268,575,-2794,607,419,39,13,-200,257,470,475,0
2734729,1073,1074,1475,725,-1398,685,768,72,109,-208,182,459,483,0
2738081,1075,1076,406,443,343,1459,1273,94,283,343,261,500,482,0
2741398,1076,1077,912,500,1385,2672,1125,107,450,136,352,489,495,0
2744733,1078,1079,537,612,2892,3603,887,110,-131,183,280,509,473,0
2748082,1079,1080,987,1325,3715,4139,978,107,-508,59,47,485,451,0
2751401,1081,1082,706,893,2282,4092,1304,104,-579,-216,1,484,458,0
2754735,1082,1083,462,1325,158,2763,1628,121,-382,89,364,482,420,0
2758082,1084,1084,331,1718,-3128,234,1813,146,-35,-71,498,489,415,0
2761405,1085,1086,706,1062,-3559,-1842,1495,153,646,-147,130,469,434,0
2764739,1087,1087,800,425,-673,-2784,1490,154,-19,165,-343,448,468,0
2768082,1088,1089,237,331,1009,-1517,1949,171,-607,195,-161,494,473,0
2771407,1090,1090,350,162,-1172,-254,667,148,-268,-27,-17,472,482,0
2774742,1091,1092,593,350,-2455,-3,433,116,107,-312,-327,475,472,0
2778083,1093,1093,593,631,-2232,-881,149,79,208,-102,-9,474,472,0
2781411,1094,1095,1100,706,-44,-1039,162,65,227,260,386,463,468,0
2784746,1096,1096,800,800,2481,-565,-60,54,426,-42,468,463,463,0
2788082,1097,1098,1831,612,5213,63,-294,36,52,-137,307,424,473,0
2791414,1099,1099,2075,818,5860,-45,-577,-2,11,-56,421,411,462,0
2794748,1100,1101,1887,387,5691,-1194,-804,-49,-181,52,461,405,469,0
2798106,1101,1102,1512,931,3955,-1837,-631,-64,-469,325,54,441,456,0
2801417,1103,1104,462,650,1182,-1444,-585,-61,-340,100,109,472,446,0
2804751,1104,1105,556,181,-909,-1169,-783,-49,78,115,134,467,471,0
2808107,1106,1107,275,181,-1948,-603,-707,-11,-125,52,259,466,455,0
2811420,1107,1108,350,181,-2709,368,-609,35,-457,116,-42,462,455,0
2814755,1108,1110,968,481,-4101,1345,-637,81,-171,17,37,445,455,0
2818111,1110,1111,181,593,-6340,2212,-771,133,367,68,491,471,433,0
2821424,1111,1112,556,668,-5657,2594,-364,202,635,-428,488,451,429,0
2824758,1113,1114,687,518,-1947,3108,762,265,124,-117,67,444,437,0
2828116,1114,1115,1887,837,829,3458,1511,349,436,-182,425,405,445,0
2831427,1115,1117,2056,762,1964,3589,1609,429,215,-21,457,412,449,0
2834761,1117,1118,1812,687,4036,4634,2034,488,-458,-184,291,425,453,0
2838120,1118,1119,1718,1625,4439,4858,2523,554,-341,-433,615,430,419,0
2841430,1119,1121,1381,1512,2184,2879,2303,602,-992,-459,432,448,409,0
2844764,1121,1122,275,1962,-1860,261,2444,638,-766,-230,353,491,385,0
2848120,1122,1123,537,2056,-5697,-3254,2195,672,-336,53,505,493,396,0
2851434,1124,1124,650,1606,-6545,-5049,1414,688,711,-19,509,472,421,0
2854767,1125,1126,706,1662,-4910,-5518,1068,691,41,88,64,469,418,0
2858120,1127,1127,312,893,-3066,-4331,1586,700,-589,125,-199,474,443,0
2861436,1128,1128,931,1156,-4077,-3293,973,679,-178,184,205,457,445,0
2864771,1130,1130,0,425,-4749,-3250,316,633,391,-207,53,494,468,0
2868120,1131,1131,668,856,-3132,-2882,-47,584,-420,-267,-393,471,461,0
2871439,1133,1133,481,575,-5125,-4008,249,546,332,180,103,465,460,0
2874774,1134,1134,575,87,-3159,-4050,-4,485,1023,208,668,460,486,0
2878120,1136,1136,1006,368,3877,-1682,691,485,249,49,287,452,486,0
2881443,1137,1137,1156,593,5272,131,1191,509,-451,164,-172,444,474,0
2884777,1138,1139,1456,406,3050,1464,211,511,201,314,309,428,468,0
2888121,1140,1141,818,350,5015,1998,-72,504,232,272,435,462,471,0
2891446,1141,1142,1325,575,7246,2836,-414,493,163,14,-40,451,475,0
2894781,1143,1144,500,725,8003,3507,-337,491,-200,-100,-336,479,467,0
2898120,1144,1145,1700,612,6134,3304,-726,487,-284,115,204,431,473,0
2901449,1146,1147,706,0,4482,2593,-712,490,-244,-48,126,459,473,0
2904783,1147,1148,537,0,2573,2201,-640,489,62,61,-29,452,477,0
2908121,1148,1150,237,143,3043,2779,-223,501,-164,102,-234,484,457,0
2911452,1150,1151,275,0,2306,3602,-101,522,-176,123,-120,466,467,0
2914787,1151,1153,406,706,-319,4248,192,550,-73,-24,-57,459,427,0
2918146,1153,1154,293,237,-1581,4182,1060,602,-44,-59,-203,465,452,0
2921455,1154,1155,762,425,-888,4244,1313,663,-97,-29,138,440,442,0
2924791,1156,1157,256,500,-1038,3923,1007,719,-164,-59,533,467,438,0
2928146,1157,1158,1062,1062,-1873,3967,667,751,-619,-373,62,449,433,0
2931459,1159,1159,1231,856,-4840,3573,789,752,-227,-317,399,440,444,0
2934794,1160,1161,1081,781,-6370,2762,705,727,-33,-199,768,432,432,0
2938146,1161,1162,1212,1643,-6941,783,-62,674,-245,-538,702,441,402,0
2941462,1163,1163,1531,1887,-7366,-782,-379,599,241,-318,830,424,405,0
2944797,1164,1165,1868,1756,-6209,-2520,150,525,25,-383,982,406,412,0
2948146,1165,1166,1775,1606,-3650,-5157,1157,489,170,-108,537,427,420,0
2951466,1167,1167,218,1081,-2180,-6258,1118,447,-124,108,405,479,433,0
2954800,1168,1169,162,1118,-1472,-7155,506,395,-400,463,286,482,431,0
2958146,1170,1170,425,575,-1485,-6496,626,370,-106,-96,-62,468,460,0
2961469,1171,1171,293,950,-2297,-5411,696,358,78,142,-23,475,440,0
2964803,1173,1173,256,237,-2032,-3874,901,337,-70,350,139,477,462,0
2968147,1174,1174,593,593,-804,-1917,758,330,325,109,308,459,459,0
2971472,1175,1176,481,350,1096,-604,952,350,554,-139,316,465,456,0
2974806,1177,1177,1006,350,3755,489,1426,396,53,39,-35,452,487,0
2978147,1178,1179,1100,87,5213,1057,1305,429,-13,174,39,447,485,0
2981475,1180,1180,1287,1212,5254,1420,590,448,313,-37,153,437,441,0
2984810,1181,1182,762,612,5987,2053,212,433,92,-61,-67,465,457,0
2988147,1183,1183,725,1062,7069,2937,-436,382,63,-24,-188,467,449,0
2991479,1184,1185,631,537,7302,3408,-337,365,-356,164,129,472,461,0
2994813,1186,1186,368,350,5916,2894,-45,366,-530,4,301,486,471,0
2998172,1187,1188,968,931,2243,2200,20,379,-312,-23,-204,454,440,0
