Time, Rlegs, Llegs, DCL, DCR, GyroX, GyroY, GyroZ, GyroZAvg, AccelX, AccelY, AccelZ, LBEMF, RBEMF, SteerOut
2126,642,648,1231,0,-253,167,-114,-113,-21,0,225,76,77,0
5461,642,648,1231,0,-253,169,-113,-113,-25,-5,226,76,77,0
8808,642,648,1231,0,-256,169,-114,-113,-24,-3,225,76,77,0
12130,642,648,1231,0,-254,171,-112,-113,-20,-5,225,76,77,0
15463,642,648,1231,0,-251,171,-113,-113,-21,-4,227,76,77,0
18809,642,648,1231,0,-251,171,-112,-113,-23,-7,227,76,77,0
22133,642,648,1231,0,-252,173,-113,-113,-21,-3,228,76,77,0
25467,642,648,1231,0,-255,171,-115,-113,-18,-4,224,76,77,0
28809,642,648,1231,0,-252,168,-112,-113,-22,-3,223,76,77,0
32136,642,648,1231,0,-253,169,-114,-113,-22,-5,225,76,77,0
35470,642,648,1231,0,-255,167,-113,-113,-20,-6,223,76,77,0
38809,642,648,1231,0,-252,166,-114,-113,-20,-2,226,76,77,0
42139,642,648,1231,0,-256,167,-115,-113,-18,-4,229,76,77,0
45474,642,648,1231,0,-251,171,-113,-113,-23,-4,226,76,77,0
48810,642,648,1231,0,-253,171,-111,-113,-21,-5,225,76,77,0
52142,642,648,1231,0,-250,173,-113,-113,-27,0,227,76,77,0
55476,642,648,1231,0,-250,172,-114,-113,-21,-5,223,76,77,0
58831,642,648,1231,0,-252,175,-115,-113,-19,-2,225,76,77,0
62145,642,648,1231,0,-252,174,-114,-113,-24,-5,228,76,77,0
65480,642,648,1231,0,-253,171,-113,-113,-22,-6,223,76,77,0
68834,642,648,1231,0,-254,167,-116,-113,-23,-3,225,76,77,0
72148,642,648,1231,0,-252,170,-114,-113,-24,-6,219,76,77,0
75483,642,648,1231,0,-255,168,-113,-113,-17,-8,228,76,77,0
78835,642,648,1231,0,-252,166,-116,-113,-23,-3,224,76,77,0
82151,642,648,1231,0,-252,169,-112,-113,-22,-5,229,76,77,0
85486,642,648,1231,0,-255,170,-113,-113,-24,-4,229,76,77,0
88835,642,648,1231,0,-251,169,-114,-113,-22,-6,224,76,77,0
92155,642,648,1231,0,-252,170,-113,-113,-22,-2,224,76,77,0
95489,642,648,1231,0,-249,170,-113,-113,-21,-3,225,76,77,0
98835,642,648,1231,0,-251,169,-112,-113,-25,-2,225,76,77,0
102423,642,648,1231,0,-253,169,-115,-113,-22,-4,223,76,77,0
105492,0,0,0,0,-254,167,-114,-113,-22,-2,223,76,77,0
108835,0,0,0,0,-254,167,-112,-113,-24,-2,225,76,77,0
112161,0,0,0,0,-253,170,-112,-113,-22,-3,223,76,77,0
115495,0,0,0,0,-254,170,-113,-113,-24,-1,227,76,77,0
118836,0,0,0,0,-254,167,-113,-113,-21,-4,222,76,77,0
122164,0,0,0,0,-254,173,-115,-113,-20,-5,225,76,77,0
125499,0,0,0,0,-252,174,-116,-113,-22,-1,224,76,77,0
128836,0,0,0,0,-251,174,-113,-113,-25,-1,227,76,77,0
132167,0,0,0,0,-253,171,-114,-113,-27,-4,225,76,77,0
135503,0,0,0,0,-255,168,-114,-113,-23,-2,222,76,77,0
138857,0,0,0,0,-256,169,-116,-113,-24,-4,225,76,77,0
142171,0,0,0,0,-255,166,-115,-113,-20,-2,227,76,77,0
145505,0,0,0,0,-253,166,-114,-113,-21,-7,223,76,77,0
148861,0,0,0,0,-253,167,-113,-113,-20,-3,225,75,77,0
152174,0,0,0,0,-255,173,-113,-113,-20,-4,226,76,77,0
155508,0,0,0,0,-252,169,-114,-113,-24,-6,226,76,77,0
158861,0,0,0,0,-251,171,-112,-113,-22,0,226,75,77,0
162177,0,0,0,0,-250,170,-111,-113,-24,-3,222,76,77,0
165511,0,0,0,0,-250,168,-111,-113,-22,-5,227,76,77,0
168861,0,0,0,0,-253,168,-113,-113,-22,-4,227,75,77,0
172181,0,0,0,0,-250,169,-114,-113,-21,-6,224,76,77,0
175515,0,0,0,0,-253,169,-115,-113,-22,-6,224,76,77,0
178862,0,0,0,0,-252,171,-114,-113,-25,-3,222,76,77,0
182183,0,0,0,0,-253,171,-113,-113,-22,-4,229,76,77,0
185519,0,0,0,0,-253,169,-115,-113,-21,-4,223,76,77,0
188862,0,0,0,0,-253,171,-114,-113,-20,-4,221,76,77,0
192187,0,0,0,0,-253,169,-115,-113,-23,-5,224,76,77,0
195522,0,0,0,0,-254,169,-113,-113,-21,-5,228,76,77,0
198862,0,0,0,0,-254,169,-114,-113,-23,-4,227,76,77,0
202190,0,0,0,0,-251,169,-116,-113,-22,-7,224,76,77,0
205524,0,0,31,0,-254,168,-113,-113,-94,-26,200,140,149,0
208865,1,1,0,0,-352,47,-154,-114,-66,28,224,154,143,0
212194,1,1,50,50,-548,92,-221,-118,45,1,220,139,139,0
215527,1,1,350,406,-245,71,-147,-119,-8,-2,218,139,136,0
218886,2,1,87,462,23,-9,-68,-118,-64,7,208,153,149,0
222197,2,2,237,368,-83,-88,-28,-115,-67,-6,213,161,154,0
225554,2,2,650,612,-225,-76,-2,-111,-60,1,209,155,157,0
228886,3,2,0,425,-260,-25,55,-106,-15,30,198,174,167,0
232199,3,3,406,425,-260,139,88,-100,-43,13,222,168,167,0
235557,3,3,650,556,-284,259,120,-92,-48,1,252,171,176,0
238890,4,3,0,425,-273,300,98,-86,-18,10,259,190,183,0
242203,4,4,537,331,-299,320,82,-80,-81,65,242,177,188,0
245561,5,4,312,631,-455,442,16,-76,-23,82,251,189,188,0
248890,5,5,931,425,-602,713,50,-70,-34,2,272,172,199,0
252206,6,5,856,293,-698,889,-48,-68,-24,-62,307,176,206,0
255564,6,6,462,218,-674,634,-122,-69,-23,-76,328,185,198,0
258890,6,7,912,331,-766,225,-316,-75,-68,-30,296,177,192,0
262210,7,7,462,275,-791,-125,-303,-81,-39,-76,272,185,195,0
265568,7,7,856,537,-873,-433,-290,-86,-66,-43,336,180,197,0
268891,8,8,537,443,-866,-829,-271,-91,-77,58,293,197,202,0
272212,8,9,725,181,-1131,-1212,-349,-99,-30,74,275,187,200,0
275571,9,9,518,537,-1117,-1219,-408,-108,-15,90,238,198,197,0
278891,9,9,987,762,-1058,-1139,-477,-119,-17,41,266,189,201,0
282216,10,10,406,406,-1045,-1106,-535,-133,-3,114,256,204,204,0
285573,10,11,893,575,-1005,-1098,-572,-147,-43,140,242,194,195,0
288891,11,11,668,912,-936,-938,-606,-162,-7,175,244,206,193,0
292219,11,11,725,987,-995,-778,-556,-176,-12,145,253,203,189,0
295574,12,12,518,893,-1008,-934,-534,-189,-39,154,243,214,194,0
298891,12,13,1081,912,-1019,-1047,-400,-198,-100,175,180,200,193,0
302223,13,13,443,875,-1361,-943,-187,-200,-57,153,150,218,195,0
305578,14,13,537,1100,-1690,-1098,-49,-198,-39,87,186,225,211,0
308913,14,14,743,912,-1788,-1435,266,-186,-157,136,143,230,221,0
312225,15,15,387,781,-2381,-1405,448,-169,-81,196,130,233,212,0
315582,16,15,293,818,-2733,-1249,674,-143,-12,94,163,238,226,0
318916,16,16,500,856,-2699,-1245,845,-110,-101,175,121,243,224,0
322228,17,17,293,781,-3067,-958,916,-76,-29,234,106,254,228,0
325582,18,17,275,818,-3235,-523,1097,-40,-25,115,123,255,242,0
328917,18,18,425,631,-3275,-457,1180,-2,15,24,87,247,236,0
332232,19,19,256,593,-3275,-316,1263,36,5,128,84,256,238,0
335582,20,19,350,631,-3011,22,1461,80,73,49,89,251,252,0
338917,20,20,462,368,-2524,-50,1520,125,25,165,27,245,250,0
342235,21,21,218,443,-2370,71,1474,167,46,89,30,258,246,0
345582,22,22,87,162,-1929,413,1515,212,158,48,53,265,261,0
348917,23,22,218,518,-1136,240,1436,254,92,20,16,258,258,0
352239,23,23,143,68,-458,271,1523,301,199,-53,69,262,266,0
355582,24,24,200,0,587,242,1621,350,153,98,128,249,261,0
358917,25,25,31,68,1714,891,1734,406,150,90,130,258,256,0
362241,26,25,293,31,2740,1793,1934,470,191,-66,81,244,258,0
365583,26,26,275,0,3830,2222,2171,548,113,43,75,245,261,0
368918,27,27,200,218,4348,3020,2311,629,296,37,144,249,248,0
372244,28,28,237,0,5461,3627,2595,720,271,-62,182,231,251,0
375583,28,28,781,50,6233,3659,2867,818,-118,-117,234,218,257,0
378918,29,29,762,406,5419,3364,2799,916,49,-239,397,219,238,0
382247,29,30,987,425,4594,2749,2713,1013,-86,-236,501,207,221,0
385604,30,30,1156,950,3839,1806,2620,1110,-345,-438,676,198,209,0
388939,30,31,1643,1043,1161,-609,1995,1189,-195,-376,769,188,204,0
392251,31,31,1156,875,-473,-2564,1521,1255,-65,-173,770,198,213,0
395607,31,32,1475,1193,-1367,-3695,749,1297,104,-193,722,197,196,0
398943,32,32,1250,1493,-1089,-4091,-272,1306,-44,-49,651,209,196,0
402254,33,33,1343,1325,-907,-3674,-935,1293,80,122,526,214,215,0
405608,33,33,1081,1043,-379,-2762,-1561,1257,87,115,480,228,230,0
408943,34,34,818,725,402,-1631,-2049,1199,-63,174,362,242,247,0
412257,35,35,800,631,620,-1077,-2355,1127,-107,110,241,243,252,0
415608,35,36,1025,631,247,-732,-2521,1040,-61,101,182,247,252,0
418943,36,36,612,425,-223,-732,-2386,951,-32,134,174,253,263,0
422260,37,37,275,368,-537,-655,-2445,854,64,74,43,271,266,0
425609,38,38,556,425,-399,-622,-2490,750,99,123,114,256,263,0
428943,38,39,387,125,253,-522,-2738,635,19,134,-1,265,263,0
432264,39,39,293,237,443,-256,-3034,506,30,27,-44,270,273,0
435609,40,40,31,125,485,-357,-3201,369,-120,25,39,284,279,0
438943,41,41,87,12,68,-557,-3296,227,-110,52,-52,281,285,0
442267,42,42,368,0,-310,-728,-3158,83,-71,-16,15,266,277,0
445610,42,43,181,0,-567,-884,-2880,-54,48,-11,-67,276,271,0
448943,43,44,181,275,-584,-659,-2718,-185,61,-4,-110,276,255,0
452271,44,44,0,518,-444,-303,-2571,-313,-66,72,-5,277,246,0
455609,45,45,0,87,-904,-86,-2693,-442,2,-26,-83,265,253,0
458944,45,46,312,200,-1129,-351,-2396,-564,28,-77,43,257,247,0
462273,46,47,0,50,-1006,-757,-2264,-686,-25,6,14,261,255,0
465631,47,47,50,68,-1116,-838,-2376,-814,16,3,-76,255,254,0
468966,48,48,0,256,-1327,-654,-2418,-950,-98,39,20,262,244,0
472276,48,49,293,0,-2185,-350,-2444,-1094,-125,142,24,242,252,0
475635,49,49,293,0,-3046,315,-2610,-1248,-7,102,35,242,259,0
478967,50,50,106,218,-3018,1391,-2632,-1411,-84,97,125,252,246,0
482279,50,51,387,0,-3280,2195,-2707,-1586,58,151,252,237,245,0
485634,51,51,500,293,-3257,2829,-2736,-1759,163,72,337,231,242,0
488968,52,52,762,275,-1960,3461,-2825,-1932,190,151,467,217,243,0
492283,52,53,931,256,-469,4212,-2675,-2097,281,206,539,208,228,0
495635,53,53,762,875,1461,5208,-2302,-2231,60,13,490,217,211,0
498968,53,54,1343,1006,2690,5362,-1645,-2330,-239,-73,578,202,204,0
502286,54,54,1100,1868,1559,3969,-1226,-2392,-512,-143,711,227,186,0
505635,55,55,893,1550,-791,1730,-677,-2405,-306,-92,810,222,187,0
508968,55,55,1437,1606,-2896,-933,66,-2373,-111,-131,769,209,200,0
512289,56,56,912,1662,-2800,-2313,662,-2304,211,110,766,237,197,0
515635,56,57,1062,1175,-1446,-2873,1087,-2206,194,259,625,245,223,0
518968,57,57,537,950,-215,-2688,1339,-2090,-115,139,299,257,235,0
522292,58,58,406,893,-396,-2239,1363,-1969,-311,154,227,264,238,0
525636,59,59,462,593,-1565,-1750,1197,-1857,-245,199,16,261,254,0
528969,60,59,68,537,-3221,-946,1569,-1732,-93,62,63,266,257,0
532295,60,60,368,425,-3364,-818,1766,-1599,-49,-41,53,266,263,0
535636,61,61,312,462,-3285,-1002,1721,-1459,135,12,98,269,261,0
538969,62,62,181,312,-2412,-1052,1947,-1304,212,-30,74,276,269,0
542299,63,63,0,237,-1178,-1337,2051,-1140,61,-42,78,271,273,0
545657,63,63,350,218,-562,-1512,2019,-973,213,-28,85,267,274,0
548970,64,64,237,200,414,-1805,1742,-820,-38,38,-40,273,275,0
552303,65,65,0,0,350,-1546,1658,-679,-83,137,-135,284,276,0
555661,66,66,0,0,-90,-845,1574,-544,95,32,-43,277,271,0
558994,67,67,0,0,410,-565,1435,-419,-111,63,-25,266,269,0
562306,67,67,181,106,-101,-362,1216,-297,58,-62,4,266,270,0
565661,68,68,31,0,-143,-517,1080,-188,-94,-2,-47,258,271,0
568997,69,69,0,106,-597,-779,973,-87,107,-104,-41,272,254,0
572308,70,70,106,68,329,-713,1125,21,375,40,170,254,256,0
575661,70,70,406,256,2471,-577,1378,140,76,66,124,238,246,0
578997,71,71,200,0,3279,406,1524,264,72,92,-49,249,264,0
582311,72,72,31,106,3417,1379,1365,388,162,105,32,258,254,0
585661,73,73,68,31,3985,2324,1361,513,103,103,160,240,242,0
589003,73,73,425,162,4832,3349,1436,642,149,30,162,237,251,0
592315,74,74,368,387,5277,3884,1542,776,-165,74,241,240,239,0
595661,74,75,556,481,4807,4486,1347,906,-276,71,252,230,218,0
599003,75,75,818,725,2827,5016,1127,1025,-215,-49,379,216,221,0
602318,76,76,1043,1100,1616,4477,925,1126,-141,35,565,214,211,0
605661,76,76,1493,1493,961,3454,702,1199,-183,-125,656,206,206,0
609003,77,77,1062,1362,-147,1572,182,1243,-232,-158,709,213,197,0
612321,77,77,1643,1306,-1378,-190,-289,1255,-133,-154,705,198,216,0
615662,78,78,1250,856,-2028,-1755,-772,1229,-142,-87,630,219,240,0
619003,79,79,893,218,-2284,-3663,-750,1185,-91,106,537,222,258,0
622325,79,80,856,293,-2143,-3859,-713,1129,157,57,375,240,270,0
625684,80,80,443,200,-858,-3288,-734,1064,19,48,321,262,275,0
629004,81,81,500,162,402,-1963,-708,999,80,245,177,259,277,0
632327,81,82,350,0,925,-813,-553,945,-133,102,222,267,278,0
635683,82,83,275,0,913,-151,-542,879,-131,101,98,271,282,0
639004,83,84,387,0,94,198,-593,805,-68,25,73,265,282,0
642331,84,85,0,0,-398,242,-555,734,37,57,98,287,278,0
645687,85,85,0,31,-411,257,-725,650,20,-8,-82,285,268,0
649005,85,86,331,31,-27,132,-875,559,-79,-41,-8,268,268,0
652334,86,87,0,350,-399,307,-909,467,32,58,-69,276,239,0
655687,87,88,0,125,-571,578,-914,384,-83,-25,-54,267,235,0
659005,88,88,12,312,-835,680,-693,311,-144,-50,42,257,241,0
662337,89,89,462,406,-1276,719,-488,247,-11,46,-15,249,236,0
665687,89,90,68,68,-1517,950,-446,188,-46,-78,2,254,238,0
669030,90,90,0,200,-1709,1184,-510,134,-112,66,105,259,247,0
672340,91,91,293,256,-2370,1555,-550,83,-3,62,66,242,244,0
675688,91,92,425,0,-2600,2138,-608,33,116,-3,171,235,245,0
679030,92,93,218,0,-1911,2813,-918,-29,-63,54,195,246,250,0
682343,93,93,443,312,-1644,3528,-1150,-108,218,50,163,234,241,0
685688,93,94,556,0,-601,4321,-1164,-192,-12,-151,324,228,248,0
689031,94,95,425,0,471,4613,-1072,-269,-216,-320,437,235,242,0
692347,95,95,1043,462,-177,3825,-880,-339,-180,-358,535,218,233,0
695688,95,96,556,668,-919,2371,-523,-400,-32,-466,607,228,206,0
699030,96,96,537,1043,-1052,-62,109,-445,-176,-367,746,229,202,0
702350,96,97,1250,1268,-1501,-1650,516,-471,-131,-286,710,219,202,0
705689,97,97,725,1212,-1903,-2722,752,-482,27,-138,593,247,221,0
709031,98,98,181,593,-1248,-2907,876,-484,-16,-123,563,260,238,0
712353,98,99,631,631,-1307,-2557,967,-476,-133,98,407,252,236,0
715710,99,100,425,368,-1675,-1840,960,-451,-136,-34,235,263,250,0
719031,100,100,0,275,-2252,-1440,635,-422,-95,93,267,286,255,0
722356,101,101,0,481,-2729,-1113,589,-380,13,12,108,289,244,0
725713,102,102,0,331,-2809,-772,741,-333,38,-48,144,287,252,0
729032,103,102,0,293,-2196,-951,721,-288,-38,33,55,278,270,0
732359,103,103,0,125,-2040,-810,753,-242,89,49,32,271,263,0
735713,104,104,12,12,-1285,-677,868,-193,-20,-92,-7,269,269,0
739032,105,105,143,68,-807,-784,840,-149,-67,41,-18,262,266,0
742363,106,106,0,12,-1020,-689,781,-108,115,-45,22,258,269,0
745713,106,106,237,0,-575,-822,782,-65,-48,13,-54,257,270,0
749032,107,107,162,256,-580,-797,577,-29,49,24,-58,261,256,0
752366,108,108,0,0,-199,-557,525,9,-16,14,-20,270,262,0
755714,109,109,0,218,84,-507,467,51,-118,43,-66,261,248,0
759056,109,109,125,0,-494,-77,336,89,128,-59,10,253,266,0
762369,110,110,0,31,38,-9,317,128,-47,-56,22,262,258,0
765714,111,111,293,106,-38,-215,314,159,73,-26,18,244,254,0
769060,111,112,331,0,169,-351,342,185,317,-67,123,242,251,0
772372,112,112,143,368,2007,-95,536,216,93,90,142,252,240,0
775714,113,113,143,125,2882,638,833,258,129,130,34,252,253,0
779060,113,114,500,0,3091,1901,851,302,160,-14,150,233,244,0
782375,114,115,631,256,3434,2354,953,351,-27,-30,332,226,246,0
785715,115,115,650,481,3422,2260,901,407,145,-33,365,225,234,0
789060,115,116,912,706,3946,1791,896,471,36,-14,492,211,206,0
792379,116,116,1043,950,4268,1460,896,536,-115,-31,603,204,209,0
795737,116,117,1681,1156,3281,863,504,585,-158,-159,718,186,198,0
799061,117,117,1306,1231,1654,-472,196,619,-264,-183,779,190,194,0
802382,117,118,1718,1306,26,-1442,-220,628,-29,-98,751,194,200,0
805738,118,118,1362,1456,-906,-2185,-834,599,-54,74,687,213,208,0
809061,119,119,1043,1100,-1401,-2571,-1297,542,116,184,607,214,211,0
812386,119,119,1306,1175,-1078,-2221,-1629,468,142,166,541,216,223,0
815738,120,120,1062,818,-270,-1706,-1913,380,79,169,421,229,242,0
819061,120,121,1306,818,59,-776,-2195,282,-147,256,221,232,242,0
822388,121,121,687,593,-512,-81,-2294,180,-72,124,185,249,254,0
825739,122,122,481,537,-784,126,-2372,86,93,29,223,260,257,0
829062,123,123,631,350,-524,8,-2267,-2,9,129,77,252,267,0
832391,123,124,762,331,-608,89,-2153,-93,-2,38,44,261,268,0
835739,124,125,556,31,-665,81,-2155,-183,-28,93,-22,256,268,0
839062,125,125,293,87,-1148,-18,-2314,-279,-56,12,-73,270,281,0
842395,126,126,387,12,-1489,-284,-2390,-380,-42,27,83,265,285,0
845739,127,127,293,68,-1831,-502,-2349,-480,-47,85,-40,270,282,0
849063,127,128,387,0,-2264,-637,-2147,-571,-91,-119,-105,265,272,0
852398,128,129,0,0,-2740,-906,-1874,-654,-21,-2,-24,277,260,0
855739,129,129,87,668,-2960,-720,-1715,-726,-42,-62,-140,269,238,0
859067,130,130,31,275,-3573,-579,-1605,-793,-124,-107,-26,256,243,0
862401,130,131,556,331,-4108,-844,-1343,-849,-29,-2,-62,244,240,0
865740,131,131,256,518,-4674,-1245,-953,-890,200,-88,23,260,246,0
869070,132,132,0,0,-4043,-1435,-937,-929,-65,14,19,259,261,0
872405,133,133,518,200,-4084,-1562,-1067,-972,264,85,9,246,247,0
875740,133,134,406,31,-3917,-1539,-954,-1012,272,-120,38,252,256,0
879073,134,134,125,0,-2015,-1521,-729,-1052,137,148,252,251,263,0
882408,135,135,500,87,-752,-802,-527,-1094,140,103,86,231,253,0
885764,135,136,1062,12,238,557,86,-1118,250,31,287,217,257,0
889077,136,137,650,0,2929,1723,468,-1133,156,82,408,223,250,0
892411,136,137,875,312,4252,2701,872,-1134,55,145,372,227,241,0
895768,137,138,781,387,4880,4088,1067,-1129,160,175,400,232,237,0
899079,138,139,275,387,6169,5227,1034,-1125,125,205,379,243,221,0
902414,138,139,950,706,7211,6079,841,-1114,-219,181,300,235,232,0
905772,139,140,762,1212,7211,6666,657,-1100,-705,-135,431,245,205,0
909083,140,140,406,1475,3454,5592,966,-1063,-760,-255,640,248,191,0
912418,140,141,1025,1643,-586,3281,1245,-998,-617,-273,673,231,182,0
915773,141,141,837,1643,-4015,-94,1622,-907,-230,-97,750,241,198,0
919086,142,142,612,1343,-5549,-1750,1633,-805,127,70,774,253,214,0
922420,142,142,837,1043,-4347,-2547,1318,-704,131,263,450,241,230,0
925773,143,143,706,631,-2821,-2086,1610,-585,-125,206,256,248,252,0
929089,144,144,556,687,-2940,-1230,1402,-469,-300,147,180,256,249,0
932423,145,145,387,762,-3727,-712,594,-377,-314,178,-127,265,245,0
935774,145,145,425,275,-5552,-135,198,-299,201,27,89,263,271,0
939093,146,146,200,368,-3589,230,398,-220,-18,-14,-9,275,266,0
942427,147,147,68,350,-2875,-231,287,-143,35,-23,46,282,267,0
945774,148,148,143,256,-2220,-549,114,-68,111,-37,19,278,272,0
949095,149,149,0,0,-1842,-1030,28,7,81,-19,5,274,279,0
952430,149,149,12,50,-1418,-1086,161,85,332,-87,72,275,273,0
955774,150,150,143,68,344,-1472,35,154,-155,-15,12,268,272,0
959099,151,151,0,0,229,-1434,41,213,-68,67,-90,262,272,0
962433,152,152,0,0,-247,-1066,1,267,-12,51,-48,272,266,0
965775,153,153,0,50,-137,-706,67,319,-80,100,-41,260,257,0
969102,153,153,50,0,-671,-323,-124,357,13,-109,0,257,270,0
972436,154,154,0,106,-644,-409,-270,379,119,-19,-8,270,254,0
975775,155,155,181,200,53,-233,-251,400,244,72,39,250,249,0
979105,155,156,312,0,1365,434,-11,433,403,55,229,243,250,0
982439,156,156,275,200,3376,1019,357,474,65,104,178,245,249,0
985799,157,157,200,181,4421,2068,409,510,239,99,51,249,250,0
989108,157,158,481,0,4887,2921,476,541,187,20,163,234,248,0
992443,158,159,500,68,5576,3381,756,562,-17,90,341,233,256,0
995801,159,159,556,425,5559,3548,854,574,77,-64,386,230,237,0
999112,159,160,1306,1043,5800,2975,837,573,-61,-159,460,216,214,0
1002446,160,160,800,1081,5532,2025,696,561,-298,-1,538,227,212,0
1005800,161,161,912,1287,3719,864,398,542,-407,-250,621,221,201,0
1009116,161,161,1250,1512,1458,-545,-3,515,-528,-284,718,219,205,0
1012449,162,162,556,1193,-1321,-2001,-340,484,-274,-86,696,240,206,0
1015801,163,163,762,800,-3340,-2958,-1015,422,44,40,558,229,227,0
1019118,163,163,931,893,-3323,-3026,-1264,344,210,14,499,236,238,0
1022452,164,164,612,650,-2123,-2380,-1302,252,124,118,454,253,251,0
1025801,165,165,462,162,-541,-971,-1495,155,52,167,301,245,261,0
1029121,165,165,668,200,50,7,-1445,68,51,-68,214,250,275,0
1032455,166,166,237,50,276,537,-1173,-18,-172,117,209,273,283,0
1035802,167,167,350,12,-386,961,-1132,-97,-75,-39,8,267,285,0
1039124,168,168,50,0,-756,852,-930,-145,-19,-65,79,267,277,0
1042459,168,169,331,0,-814,594,-823,-176,-102,100,10,268,275,0
1045801,169,170,368,0,-1191,615,-961,-219,73,-47,-22,266,272,0
1049127,170,171,0,0,-988,536,-863,-255,-33,22,-37,285,279,0
1052462,171,171,0,0,-1118,671,-933,-288,111,11,-78,277,261,0
1055803,172,172,0,218,-1036,1105,-730,-311,-10,-4,-36,263,246,0
1059131,172,173,12,162,-814,1270,-632,-336,-95,36,-35,257,233,0
1062465,173,173,0,387,-1174,1393,-524,-354,-72,-24,-46,264,237,0
1065803,174,174,106,406,-1449,1181,-185,-361,53,-78,53,252,236,0
1069134,174,175,237,0,-1062,988,-69,-363,-22,43,17,245,242,0
1072469,175,175,218,87,-1047,1076,2,-365,78,-63,-43,246,253,0
1075827,176,176,50,162,-528,841,151,-356,30,-14,72,255,249,0
1079137,177,177,31,31,-133,720,28,-347,99,101,89,240,240,0
1082472,177,177,500,68,401,1093,-115,-343,174,-5,110,231,254,0
1085830,178,178,331,0,1914,1913,-55,-344,79,-50,220,240,260,0
1089140,178,179,443,12,2848,2577,0,-355,-112,-36,254,234,241,0
1092476,179,180,368,162,3008,2687,96,-365,-340,-204,313,238,233,0
1095831,180,180,275,631,1095,1750,139,-376,-353,-314,534,243,224,0
1099143,180,181,1025,1193,-842,596,139,-395,-246,-200,577,231,206,0
1102478,181,181,650,1137,-1888,-372,225,-414,-230,-188,689,235,209,0
1105836,182,182,256,1100,-2802,-1406,269,-432,-100,-158,786,256,211,0
1109147,183,183,368,1025,-2944,-2150,133,-450,-13,-19,686,250,215,0
1112481,183,183,500,856,-2536,-2270,-72,-464,-37,15,573,243,224,0
1115840,184,184,331,650,-2003,-1758,-207,-471,-161,-1,544,252,235,0
1119150,185,184,368,818,-2229,-1209,-283,-469,-154,73,333,250,242,0
1122485,185,185,725,856,-2833,-797,-291,-446,-41,4,300,247,240,0
1125839,186,186,0,443,-2722,-514,-119,-411,-65,31,241,277,246,0
1129154,187,187,0,350,-2686,-346,-55,-372,-87,8,168,275,251,0
1132487,188,187,0,781,-2665,-142,24,-324,117,24,128,272,244,0
1135840,189,188,0,425,-1598,-416,-56,-281,-24,31,41,272,263,0
1139156,189,189,106,312,-1526,-520,-223,-251,-42,8,23,264,253,0
1142491,190,189,0,387,-1867,-519,-159,-221,96,11,-54,282,265,0
1145840,191,190,0,331,-1305,-695,-170,-197,-37,-44,-37,272,268,0
1149160,192,191,0,87,-1403,-696,-210,-178,78,-29,8,260,271,0
1152494,192,192,218,0,-1137,-711,-300,-157,-44,20,-40,248,266,0
1155840,193,193,12,87,-1148,-512,-326,-140,28,18,-47,259,255,0
1159163,194,193,12,50,-1122,-237,-431,-125,122,-64,-21,259,273,0
1162497,195,194,293,31,-529,-435,-452,-116,-101,5,-31,244,258,0
1165840,195,195,275,31,-953,-337,-562,-114,30,-65,3,245,258,0
1169166,196,196,0,256,-1051,-315,-615,-117,112,-42,12,264,246,0
1172500,197,197,0,87,-686,-546,-647,-131,108,63,57,255,255,0
1175841,197,197,368,0,-185,-158,-583,-147,220,-16,59,240,261,0
1179169,198,198,293,275,1112,215,-388,-159,144,122,66,244,245,0
1182503,199,199,0,0,2007,848,-198,-170,88,126,80,250,248,0
1185862,199,199,443,68,2630,2185,-103,-174,355,-39,253,236,256,0
1189173,200,200,668,181,4072,2502,257,-163,284,-87,333,224,250,0
1192507,201,201,650,106,4988,2275,609,-142,202,-79,376,209,238,0
1195862,201,201,1175,593,5705,1862,898,-114,59,-122,479,197,228,0
1199176,202,202,2131,1831,5933,1374,1029,-85,-50,-99,546,204,220,0
1202510,202,203,1437,1156,5293,749,1106,-55,-199,-64,620,241,240,0
1205866,203,203,1287,1493,3424,-3,830,-33,-277,-164,680,249,238,0
1209179,204,204,1362,1756,1445,-665,408,-27,-303,-106,844,245,224,0
1212513,204,205,1868,1568,-460,-1599,-171,-41,-270,17,757,234,234,0
1219182,206,206,1100,1381,-1934,-2728,-985,-97,144,157,600,259,244,0
1222516,207,207,1212,1006,-1140,-2490,-1238,-129,-48,200,376,253,264,0
1225866,207,208,1531,481,-1063,-2080,-1028,-153,16,154,235,252,292,0
1229185,208,209,687,0,-1025,-1919,-709,-166,-109,342,191,281,304,0
1232519,209,209,462,425,-1496,-1318,-579,-180,44,42,100,293,295,0
1235866,210,210,293,293,-1752,-835,-409,-191,-22,140,130,302,302,0
1239189,211,211,256,0,-1854,-657,-564,-209,54,-22,-59,288,309,0
1242524,212,212,275,12,-1872,-692,-635,-228,-45,13,61,287,301,0
1245866,213,213,162,0,-2260,-906,-646,-241,32,59,-55,293,304,0
1249191,214,214,0,0,-2369,-880,-645,-256,167,-144,37,299,294,0
1252526,214,215,0,0,-1713,-985,-595,-269,-72,92,-141,291,275,0
1255867,215,216,50,275,-2013,-251,-443,-277,22,1,-62,287,259,0
1259195,216,217,143,12,-2212,109,-468,-282,-50,-75,25,282,273,0
1262529,217,217,0,200,-2431,-291,-262,-280,-24,-133,-34,275,263,0
1265867,218,218,68,162,-2381,-797,241,-259,93,-37,90,270,265,0
1269198,219,219,143,106,-1939,-968,286,-236,-31,30,-94,266,268,0
1272532,219,220,275,0,-2186,-818,303,-209,102,-27,-100,259,265,0
1275888,220,221,331,0,-1852,-1330,243,-182,-138,95,17,256,278,0
1279201,221,221,162,0,-1987,-1251,104,-158,157,83,2,265,276,0
1282535,221,222,556,0,-1436,-816,193,-134,78,63,109,244,264,0
1285892,222,223,518,0,-559,-26,361,-111,95,47,160,246,260,0
1289204,223,224,275,293,-120,630,225,-98,128,89,189,259,258,0
1292540,224,224,256,125,905,1149,257,-86,-47,163,302,244,251,0
1295893,224,225,781,500,1593,1899,260,-86,106,302,303,232,231,0
1299207,225,226,856,818,2539,2684,171,-100,40,238,308,240,226,0
1302542,226,226,875,556,3549,3749,53,-126,-63,254,389,239,240,0
1305893,226,227,668,612,3713,5123,-217,-165,-102,309,287,250,237,0
1309212,227,228,518,1212,3574,5915,-391,-212,-328,151,326,258,221,0
1312546,228,228,537,1231,2635,5859,-12,-238,-472,-80,534,257,220,0
1315892,229,229,218,1081,-204,4323,125,-247,-476,24,508,258,212,0
1319215,229,229,631,1306,-2474,2760,525,-225,-228,-67,476,252,216,0
1322548,230,230,518,1100,-3509,1051,1079,-168,-127,-56,561,258,227,0
1325893,231,231,181,856,-3824,-698,1244,-99,-60,56,380,276,240,0
1329217,231,231,368,518,-3538,-926,1508,-13,-46,174,187,266,258,0
1332551,232,232,237,368,-3049,-638,1682,71,-125,142,148,273,266,0
1335893,233,233,218,312,-3232,168,1497,140,-19,9,92,274,269,0
1339220,234,234,12,0,-3066,610,1530,206,193,-113,135,269,272,0
1342555,235,235,0,0,-1466,583,1533,266,-232,-68,-69,271,272,0
1345893,235,235,200,256,-1946,491,1382,327,54,-113,-4,275,272,0
1349224,236,236,0,12,-1428,-69,1533,395,338,-97,38,279,275,0
1352581,237,237,106,106,80,-360,2016,478,149,-111,253,270,270,0
1355915,238,238,0,0,1690,229,2258,569,79,36,150,279,266,0
1359227,239,239,68,0,2189,688,2339,661,95,61,98,256,277,0
1362585,239,239,443,162,2595,1520,2691,759,235,-26,42,252,267,0
1365918,240,240,125,12,3905,1879,2683,857,-37,-138,147,253,259,0
1369230,241,241,218,312,3896,1747,2680,949,-12,-180,216,248,243,0
1372588,241,241,800,518,3789,1334,2635,1024,120,-339,267,233,248,0
1375918,242,242,368,331,4400,683,2361,1089,-128,-138,306,240,242,0
1379233,243,243,387,631,3321,301,1929,1139,-329,-291,341,239,226,0
1382591,243,243,875,1100,1438,-492,940,1161,-24,-388,545,229,217,0
1385919,244,244,518,687,418,-1535,404,1171,-35,-236,578,232,223,0
1389236,245,245,500,706,106,-2210,-96,1162,-107,-196,520,233,222,0
1392594,245,245,968,931,-602,-2247,-851,1124,-56,-193,538,224,226,0
1395918,246,246,331,687,-742,-2107,-1207,1079,101,-103,557,242,223,0
1399239,247,247,687,518,-59,-1850,-1319,1030,12,-41,459,233,242,0
1402599,247,247,893,406,364,-1120,-1549,973,-22,-2,387,238,264,0
1405919,248,248,181,87,626,-710,-1609,918,-15,-8,394,260,265,0
1409243,249,249,181,0,700,-477,-1738,862,-26,41,254,260,270,0
1412601,249,250,837,50,659,-436,-1491,822,-47,-18,222,241,267,0
1415919,250,251,668,0,625,-486,-1512,787,-60,181,173,250,272,0
1419247,251,251,218,0,375,-307,-1665,735,42,91,65,258,274,0
1422602,252,252,331,87,211,-259,-1759,676,-25,84,102,252,265,0
1425920,253,253,237,87,87,-139,-1984,598,-36,91,24,257,265,0
1429250,253,254,331,181,-65,-31,-2064,500,-15,-24,1,268,260,0
1432606,254,254,0,0,-107,-98,-2021,398,-76,50,17,272,277,0
1435941,255,255,68,0,-524,-20,-2041,287,-63,39,-84,266,276,0
1439253,256,256,125,68,-862,41,-1781,178,-39,-75,-38,263,266,0
1442610,256,257,368,293,-969,77,-1490,85,1,21,-91,266,254,0
1445944,257,257,87,350,-1267,299,-1342,-4,44,17,-82,265,251,0
1449255,258,258,68,331,-1089,368,-1336,-93,-145,-57,25,254,240,0
1452610,259,259,0,462,-1514,143,-1264,-176,-65,13,-19,259,233,0
1455944,259,259,106,368,-1822,86,-1236,-263,108,-26,54,252,238,0
1459259,260,260,0,200,-1272,61,-1184,-363,-15,47,105,258,247,0
1462610,261,261,218,181,-1171,506,-1318,-474,88,56,109,246,248,0
1465945,261,262,481,0,-899,1020,-1288,-588,59,63,128,232,247,0
1469262,262,262,331,125,-395,1278,-1425,-716,-34,156,242,240,251,0
1472611,263,263,575,312,112,2107,-1604,-850,68,125,287,227,241,0
1475945,263,264,818,87,686,2965,-1579,-983,-27,-50,347,214,237,0
1479266,264,264,443,237,1177,3436,-1552,-1114,-343,-73,557,234,245,0
1482611,264,265,950,706,241,2810,-1296,-1229,-258,-305,562,223,220,0
1485945,265,266,762,668,-723,1551,-1095,-1323,-276,-319,675,217,206,0
1489269,266,266,781,1193,-1392,35,-772,-1377,-229,-241,757,216,194,0
1492611,266,267,1062,1212,-2417,-1773,-459,-1403,-136,-150,702,217,193,0
1495945,267,267,612,1100,-2473,-2742,-315,-1410,-18,-28,587,225,199,0
1499272,267,268,1043,987,-1863,-3081,-220,-1391,9,89,521,230,217,0
1502611,268,268,856,1062,-1111,-2536,-22,-1354,-198,127,349,240,229,0
1505946,269,269,350,800,-1636,-1910,98,-1309,-159,162,317,251,227,0
1509275,269,270,875,1025,-2276,-1200,213,-1254,-144,105,225,239,231,0
1512633,270,270,331,893,-2864,-894,272,-1195,-96,137,204,268,238,0
1515967,271,271,462,818,-3221,-578,437,-1127,22,63,141,261,242,0
1519279,272,272,0,387,-2978,-402,790,-1056,144,29,127,275,249,0
1522636,273,272,200,443,-2263,-608,846,-983,49,102,93,259,262,0
1525970,273,273,443,406,-2107,-477,987,-900,92,28,71,262,264,0
1529281,274,274,293,406,-1799,-428,1120,-810,50,25,25,270,264,0
1532636,275,275,0,31,-1583,-616,992,-717,16,32,-26,278,268,0
1535971,276,275,0,256,-1461,-571,1064,-619,81,-72,7,273,272,0
1539284,276,276,275,200,-823,-818,1183,-519,-96,71,-28,271,275,0
1542637,277,277,368,331,-1450,-828,1098,-421,36,52,-23,266,268,0
1545971,278,278,0,106,-1358,-533,952,-335,70,-7,-16,275,264,0
1549287,279,279,0,0,-868,-341,875,-261,-37,113,-83,272,269,0
1552637,279,279,312,218,-976,121,757,-196,145,-70,28,259,264,0
1555971,280,280,50,0,-430,-118,695,-132,32,-31,14,257,273,0
1559291,281,281,0,12,-421,-178,591,-74,105,-31,26,268,259,0
1562637,282,282,143,31,93,-128,520,-19,142,-8,119,252,258,0
1565972,282,283,350,0,1168,-140,583,35,82,101,81,241,251,0
1569294,283,283,368,0,1684,370,697,98,175,37,23,240,263,0
1572638,284,284,87,181,2875,1306,825,164,161,99,86,255,250,0
1575972,285,285,0,0,3675,2071,883,236,105,111,139,246,245,0
1579297,285,285,481,50,4179,2895,939,315,113,28,130,234,257,0
1582638,286,286,500,293,4830,3355,1158,401,-51,54,270,233,244,0
1585972,286,287,818,331,4546,3453,1171,486,12,65,366,216,226,0
1589301,287,287,781,893,4120,3187,937,556,-15,-104,557,218,212,0
1592637,287,288,1737,1175,3475,1981,714,612,-96,-92,665,183,197,0
1596025,288,288,1681,1718,2722,887,482,651,-246,-173,754,196,194,0
1599304,289,289,1287,1437,1422,-331,174,671,-292,-206,839,201,193,0
1602662,289,289,1662,1456,-1059,-2011,-545,664,-132,-120,834,197,208,0
1605995,290,290,1493,1437,-2163,-2970,-912,642,-9,37,749,206,209,0
1609307,290,290,1325,987,-2375,-3431,-1039,611,107,164,640,215,233,0
1612662,291,291,1043,743,-1660,-2733,-1114,573,273,227,469,230,246,0
1615996,292,292,1081,762,-587,-1725,-1034,534,218,175,399,228,245,0
1619310,292,293,1081,650,-24,-871,-1007,494,-29,189,262,244,251,0
1622663,293,293,443,162,-434,0,-1085,446,-51,55,139,262,277,0
1625996,294,294,312,181,-811,380,-1125,386,31,86,181,269,276,0
1629313,294,295,575,275,-1054,592,-1031,328,57,89,40,271,271,0
1632663,295,296,593,162,-1263,766,-1078,263,75,20,-16,270,277,0
1635997,296,297,312,0,-1163,626,-1134,193,-35,86,17,269,279,0
1639316,297,297,256,87,-1322,594,-1340,120,34,26,-83,272,281,0
1642664,298,298,162,31,-1625,508,-1293,46,-90,-10,9,277,284,0
1646025,299,299,0,0,-1968,425,-1207,-27,110,-128,-119,280,279,0
1649320,299,300,0,0,-1948,471,-814,-87,-20,-26,-16,275,260,0
1652664,300,301,162,443,-1914,953,-557,-134,-114,46,-28,265,234,0
1655997,301,301,0,256,-2280,1102,-559,-179,-40,-63,-71,277,244,0
1659323,302,302,12,237,-2460,880,-251,-211,-46,-25,81,257,245,0
1662664,302,303,331,237,-2525,506,-109,-236,91,29,-4,256,245,0
1665997,303,303,0,31,-2284,610,-100,-257,142,-53,-38,258,256,0
1669326,304,304,162,200,-1721,624,-19,-274,-36,-70,22,249,247,0
1672664,305,305,68,31,-1622,241,-278,-301,49,42,18,254,256,0
1675997,305,306,275,0,-1326,171,-430,-336,79,24,-51,243,255,0
1679329,306,306,125,106,-665,400,-350,-373,72,82,93,251,252,0
1679329,306,306,125,106,-665,400,-350,-373,72,82,93,251,252,0
1682688,307,307,218,0,-56,1199,-49,-402,190,12,80,246,263,0
1686021,307,308,406,0,919,1460,51,-430,103,-59,143,236,248,0
1689332,308,309,200,68,1970,1308,24,-465,-27,13,159,247,238,0
1692689,309,309,293,218,2445,1334,-7,-502,127,73,196,242,246,0
1696053,309,310,1156,762,3329,1720,33,-530,-6,0,347,224,229,0
1699335,310,311,443,650,3875,2186,98,-550,-243,-86,441,246,219,0
1702689,311,311,256,1025,3029,1982,515,-549,-502,-138,514,256,215,0
1706025,311,312,818,1287,990,949,677,-533,-511,-172,672,242,201,0
1709339,312,312,331,1268,-1290,-329,796,-491,-364,-81,824,252,202,0
1712689,313,313,218,1081,-3532,-1487,725,-440,-121,114,798,258,212,0
1716031,313,313,818,1306,-3685,-1403,527,-391,-27,98,757,242,216,0
1719343,314,314,725,1043,-3196,-1147,601,-337,-102,170,591,247,230,0
1722690,315,315,87,575,-2710,-205,695,-283,-237,188,375,265,239,0
1726031,316,315,106,650,-3067,344,629,-232,46,104,350,264,251,0
1729346,316,316,368,593,-2693,363,710,-176,-31,37,247,266,254,0
1732690,317,317,518,650,-2216,563,691,-119,52,23,150,258,251,0
1736032,318,318,0,87,-1597,869,735,-64,143,10,120,279,265,0
1739348,319,318,0,368,-609,955,806,-5,-35,55,-64,279,266,0
1742690,320,319,0,181,-379,1146,664,50,151,-47,8,272,276,0
1746059,320,320,12,125,351,884,480,107,-23,28,-66,275,269,0
1749352,321,321,0,0,343,807,272,156,55,-31,-10,266,263,0
1752690,322,322,0,0,423,1201,151,198,108,-70,1,271,262,0
1756032,323,322,125,425,1160,1201,196,230,-96,12,-33,253,253,0
1759355,323,323,143,0,834,1252,227,254,61,-74,-4,252,263,0
1762711,324,324,31,162,903,964,111,275,9,-32,-6,258,251,0
1766032,325,325,162,0,966,781,-38,282,-118,32,-15,251,260,0
1769358,326,325,275,31,599,911,-129,281,168,-111,82,245,258,0
1772715,326,326,87,31,1452,514,1,284,21,-51,69,255,258,0
1776032,327,327,31,181,1885,292,-63,283,51,-100,88,258,250,0
1779361,328,328,50,68,2079,240,-105,288,122,-128,208,241,256,0
1782715,328,328,500,462,2677,-214,-178,296,-6,-87,295,233,235,0
1786033,329,329,256,631,2474,-461,-466,293,57,-138,339,246,226,0
1789365,330,329,256,537,2416,-693,-478,279,-64,-241,403,230,231,0
1792716,330,330,631,818,1840,-1339,-666,257,-86,-170,467,226,216,0
1796057,331,331,668,1212,1081,-1676,-760,232,-30,-200,515,234,205,0
1799367,332,331,668,743,505,-2003,-726,210,3,-125,580,234,230,0
1802716,332,332,462,912,16,-2242,-686,187,54,31,550,245,221,0
1806059,333,333,237,856,-332,-1940,-832,158,0,-16,552,257,224,0
1809371,334,333,893,818,-617,-1480,-745,119,109,95,546,238,242,0
1812716,334,334,593,293,-557,-908,-436,84,8,105,455,238,254,0
1816059,335,335,425,368,-904,-218,-297,50,47,82,387,247,250,0
1819374,336,335,593,631,-1186,219,-48,26,162,17,312,238,252,0
1822717,336,336,856,256,-493,323,155,14,-35,163,221,240,272,0
1826059,337,337,406,162,-526,508,175,1,-2,53,139,248,261,0
1829377,338,338,481,0,-733,558,292,-11,50,36,109,244,271,0
1832717,338,339,781,0,-756,383,188,-24,-78,47,6,244,272,0
1836060,339,339,0,0,-1205,447,144,-42,51,-52,-50,270,272,0
1839380,340,340,181,0,-1204,415,222,-57,-80,18,31,260,270,0
1842738,341,341,0,31,-1172,539,163,-75,-36,56,-46,277,268,0
1846061,341,342,143,125,-1610,599,305,-90,36,-67,-8,266,251,0
1849383,342,343,0,0,-1479,480,654,-91,-57,75,-35,266,260,0
1852741,343,343,0,312,-1838,802,525,-89,126,4,20,260,241,0
1856060,344,344,368,425,-1226,778,695,-76,95,-120,87,238,235,0
1859387,344,344,406,256,-385,340,1158,-45,-41,53,43,236,244,0
1862741,345,345,181,218,-268,364,1254,-12,164,-1,6,248,246,0
1866060,346,346,68,237,310,530,1359,23,199,-73,103,254,245,0
1869390,346,347,481,31,1495,479,1352,62,56,-80,94,232,256,0
1872742,347,347,725,256,2252,413,1425,107,162,-29,170,219,244,0
1876060,348,348,556,162,3428,285,1412,156,27,-14,234,228,249,0
1879394,348,349,406,0,4508,567,1416,200,19,96,229,236,251,0
1882742,349,349,350,87,4655,1690,1409,246,-334,-66,211,239,253,0
1886085,350,350,481,425,3462,2085,1242,288,-598,-101,387,232,235,0
1889396,350,351,387,443,833,1747,849,320,-577,-185,552,237,218,0
1892743,351,351,387,912,-2897,725,535,351,-245,-85,604,237,209,0
1896089,351,352,1137,1193,-3922,123,142,371,-227,-190,669,225,206,0
1899400,352,352,443,968,-4259,-499,-284,383,-115,-60,703,246,218,0
1902742,353,353,256,837,-3866,-1444,-632,387,-103,-56,543,256,225,0
1906089,353,354,1025,856,-3515,-1829,-936,380,-143,68,491,231,224,0
1909403,354,354,1118,1043,-3135,-1349,-1066,368,-183,-55,404,226,230,0
1912743,355,355,350,725,-2824,-1019,-846,368,59,28,376,251,231,0
1916088,356,356,275,593,-1953,-1060,-759,367,-1,23,341,255,238,0
1919406,356,356,350,762,-1006,-1297,-867,354,-141,194,203,267,245,0
1922764,357,357,350,743,-891,-1003,-894,335,-8,68,134,267,246,0
1926089,358,358,256,406,-755,-513,-785,312,59,22,99,256,248,0
1929409,359,358,218,725,-444,-478,-626,288,-71,168,25,258,247,0
1932766,359,359,368,406,-831,-132,-431,269,18,98,22,266,264,0
1936089,360,360,0,125,-774,45,-327,249,-3,42,-9,272,263,0
1939413,361,361,87,125,-793,42,-388,231,-61,-5,-25,265,263,0
1942766,362,361,0,293,-1008,203,-201,221,97,-8,31,283,270,0
1946090,363,362,0,0,-554,-57,-305,204,-48,30,-14,261,279,0
1949416,363,363,0,0,-475,10,-404,186,127,-37,13,267,263,0
1952766,364,364,50,12,-66,65,-414,164,-26,-2,-40,257,259,0
1956089,365,365,0,0,231,-135,-448,130,-90,23,-31,266,261,0
1959419,365,365,162,0,-184,-78,-533,96,159,-54,2,251,266,0
1962767,366,366,237,0,306,-220,-622,55,-53,5,-14,247,266,0
1966090,367,367,0,50,214,-127,-820,-6,25,58,-39,265,257,0
1969422,368,368,0,293,-60,204,-848,-71,147,-32,7,259,244,0
1972768,368,368,256,0,662,73,-780,-138,30,42,60,246,262,0
1976091,369,369,68,106,946,389,-681,-202,173,41,163,256,254,0
1979425,370,370,0,50,1790,1173,-366,-258,190,-13,237,247,241,0
1982767,370,371,743,31,2691,1696,-200,-308,123,30,302,220,242,0
1986095,371,371,950,406,2498,2205,-55,-354,303,-82,420,209,238,0
1989429,372,372,968,518,3831,2229,476,-383,51,-134,649,208,216,0
1992768,372,372,1175,762,4030,1895,483,-407,-108,-171,725,197,219,0
1996097,373,373,1418,1212,3043,1279,406,-421,-142,-181,790,194,205,0
1999431,373,373,1493,1343,1115,21,113,-434,-142,-210,780,206,214,0
2002768,374,374,1137,1212,-93,-793,-208,-445,-96,-146,819,209,205,0
2006100,374,375,1531,1250,-880,-1426,-644,-456,34,-48,727,204,203,0
2009435,375,375,1381,1400,-1139,-1890,-1061,-469,-21,77,551,212,211,0
2012793,376,376,1137,1006,-1099,-2062,-1211,-478,73,105,421,225,232,0
2016104,376,376,875,818,-607,-2126,-1234,-483,9,230,300,239,242,0
2019438,377,377,743,706,-520,-1665,-1242,-496,-21,149,150,246,248,0
2022795,378,378,800,650,-828,-1152,-1255,-511,56,102,150,243,251,0
2026107,378,379,856,443,-930,-800,-1273,-524,2,142,53,256,262,0
2029442,379,379,162,68,-1375,-604,-1173,-533,4,25,3,277,282,0
2032796,380,380,312,68,-1586,-600,-1163,-544,51,70,65,269,282,0
2036110,381,381,368,256,-1513,-491,-1297,-565,11,44,11,266,272,0
2039444,381,382,256,0,-1555,-541,-1463,-598,-89,-67,2,272,270,0
2042801,382,383,181,0,-2060,-861,-1467,-633,-119,29,-26,276,272,0
2046113,383,383,50,0,-2920,-1062,-1454,-667,117,-38,-91,271,287,0
2049447,384,384,0,0,-2589,-1129,-1106,-695,-60,27,42,282,277,0
2052801,385,385,0,181,-2364,-905,-982,-716,-27,158,-81,278,248,0
2056116,385,386,237,462,-2335,-378,-1053,-736,-24,-51,-22,261,233,0
2059451,386,386,0,293,-2390,-237,-866,-750,-135,-37,-9,261,242,0
2062802,387,387,0,181,-2999,-287,-749,-760,69,-34,-4,268,248,0
2066120,388,388,143,237,-3019,-345,-569,-761,120,-107,13,250,245,0
2069454,388,389,181,0,-2531,-656,-519,-758,-52,21,-74,248,258,0
2072802,389,389,50,87,-2819,-695,-607,-751,149,-160,-13,255,253,0
2076123,390,390,106,181,-2157,-872,-611,-744,199,-72,118,252,248,0
2079457,390,391,387,0,-903,-816,-561,-737,66,141,93,237,257,0
2082802,391,391,462,0,-264,17,-316,-725,298,69,214,233,258,0
2086126,392,392,481,31,1360,871,-15,-714,189,-23,325,232,256,0
2089460,392,393,556,0,3217,1799,201,-702,110,45,319,228,248,0
2092802,393,394,612,68,3982,2474,414,-687,77,115,330,225,238,0
2096129,394,394,725,537,4673,3391,535,-685,119,133,400,231,241,0
2099464,394,395,762,725,5578,4653,592,-682,38,297,335,245,231,0
2102803,395,395,387,875,6214,5766,457,-680,-312,31,363,249,223,0
2106132,396,396,275,1137,5529,6288,418,-671,-632,-115,571,255,209,0
2109467,396,397,856,1531,923,4597,127,-660,-730,-257,631,240,188,0
2112803,397,397,875,1925,-3390,2266,103,-637,-494,-238,733,239,183,0
2116135,398,397,462,1606,-6206,-148,224,-597,92,89,822,245,200,0
2119470,398,398,837,1287,-6001,-2118,194,-553,299,73,611,241,217,0
2122828,399,399,612,1118,-3878,-2591,332,-504,90,317,400,253,226,0
2126139,400,399,593,1156,-2490,-2048,718,-443,19,207,309,254,240,0
2129473,401,400,293,781,-2039,-1223,603,-385,-431,89,-80,254,244,0
2132829,401,401,500,631,-3453,-980,412,-332,90,125,141,259,252,0
2136142,402,402,312,593,-3304,-492,714,-273,79,-72,47,269,254,0
2139476,403,402,0,218,-2177,-530,685,-215,-181,-41,45,270,274,0
2142829,404,403,0,125,-2841,-810,396,-162,63,2,63,285,279,0
2146145,405,404,0,50,-2444,-1006,476,-102,168,-119,96,270,273,0
2149479,405,405,275,143,-991,-1021,613,-37,187,-11,64,261,268,0
2152830,406,406,50,0,39,-1102,570,25,123,-19,77,257,270,0
2156149,407,406,0,162,1301,-1340,515,76,-28,70,-43,264,267,0
2159483,407,407,481,68,977,-796,574,125,22,54,-53,250,272,0
2162831,408,408,125,0,1044,-400,388,170,-74,72,-24,253,271,0
2166152,409,409,0,31,975,21,201,203,-64,23,-13,266,258,0
2169486,410,409,106,106,618,599,119,230,112,-73,29,254,270,0
2172830,410,410,331,200,1326,498,177,254,32,1,-6,242,249,0
2176155,411,411,181,125,1749,513,307,279,218,-84,74,250,253,0
2179489,412,412,125,125,3194,645,445,312,225,-21,152,253,253,0
2182831,413,413,106,0,4149,906,572,349,-18,195,81,238,245,0
2186158,413,413,350,106,3872,1852,500,382,-9,137,88,241,254,0
2189492,414,414,237,293,3339,2973,407,405,-47,-63,287,247,244,0
2192863,414,415,1906,1700,3152,3141,479,420,126,25,390,232,227,0
2196161,415,415,1137,1137,3187,3105,280,423,-59,-145,461,257,257,0
2199495,416,416,968,1193,2842,2189,-130,406,-229,-283,678,266,254,0
2202831,417,417,968,1418,1624,1163,-624,370,-349,-263,685,266,242,0
2206164,417,417,1493,1118,-227,34,-1117,316,-104,-294,874,238,258,0
2209499,418,418,1512,1025,-1827,-2253,-1647,250,-68,-116,851,237,263,0
2212855,419,419,1212,1043,-2326,-3316,-1955,176,92,39,623,253,262,0
2216167,420,420,1193,1175,-2164,-3436,-2241,102,207,74,574,254,255,0
2219502,420,421,950,800,-474,-2840,-2258,29,145,286,399,267,275,0
2222859,421,421,875,406,135,-2022,-2132,-44,106,141,200,271,296,0
2226171,422,422,631,462,635,-1558,-1614,-101,-129,370,243,284,293,0
2229505,423,423,256,0,-446,-360,-1250,-150,32,-24,-15,288,308,0
2232864,424,424,87,0,-1067,-12,-970,-203,53,52,85,297,304,0
2236175,425,425,218,0,-1098,-106,-850,-248,17,-66,-27,290,306,0
2239509,426,426,443,50,-1337,-178,-897,-289,63,-83,36,294,299,0
2242892,426,427,312,0,-1067,-344,-851,-338,-96,-62,-107,289,294,0
2246177,427,428,0,0,-1389,-366,-979,-390,14,-99,-113,290,283,0
2249511,428,429,0,106,-2010,-244,-649,-423,-20,82,-73,290,268,0
2252868,429,429,0,368,-2282,70,-589,-456,144,-1,-25,280,254,0
2256180,430,430,50,0,-1711,162,-386,-487,-64,-4,53,271,275,0
2259516,431,431,68,256,-1642,-91,-257,-513,93,6,-20,270,260,0
2262868,431,432,256,0,-1643,-25,-118,-533,182,-74,70,260,264,0
2266184,432,433,162,0,-944,-95,189,-545,-45,-25,-14,265,267,0
2269518,433,433,425,12,-1065,-466,184,-551,53,0,-43,251,273,0
2272868,434,434,0,0,-823,-745,-54,-559,8,76,74,268,274,0
2276187,434,435,387,0,-694,-623,-62,-565,79,157,73,253,261,0
2279521,435,436,537,0,68,595,85,-568,122,9,127,245,260,0
2282868,436,437,0,0,707,1291,43,-576,-14,135,212,266,252,0
2286190,437,437,31,181,954,1814,-242,-597,-3,135,184,256,248,0
2289525,437,438,612,293,1036,2556,-335,-626,81,125,349,241,242,0
2292897,438,439,893,837,1549,3414,-457,-656,11,146,371,238,225,0
2296194,439,439,368,743,2019,4211,-327,-679,-144,94,353,250,230,0
2299528,439,440,706,912,1406,4566,-301,-703,-309,-114,523,248,221,0
2302868,440,440,593,1268,-271,3682,-41,-713,-411,-140,662,254,218,0
2306197,441,441,218,1287,-2506,2176,119,-705,-304,-128,658,258,201,0
2309531,441,441,743,1287,-4497,0,395,-673,62,-55,741,246,217,0
2312869,442,442,462,1100,-4165,-1131,577,-620,145,76,578,261,227,0
2316199,443,443,181,1025,-3044,-1511,651,-549,-3,162,396,276,231,0
2319534,444,443,162,650,-1893,-609,1040,-455,-39,29,310,261,251,0
2322890,445,444,162,462,-1536,-356,1194,-348,-140,44,167,261,261,0
2326203,445,445,368,650,-1674,-227,1128,-242,-103,45,87,266,251,0
2329538,446,446,0,106,-1269,67,1153,-139,4,11,68,291,264,0
2332894,447,447,0,162,-374,-165,990,-58,-116,-3,8,294,261,0
2336206,448,447,0,143,-522,-260,928,9,134,-89,74,285,278,0
2339541,449,448,0,387,222,-608,962,70,137,-30,-19,276,265,0
2342923,449,449,162,87,802,-447,1118,131,270,-73,82,267,271,0
2346209,450,450,0,0,1735,-155,1314,200,130,22,11,272,269,0
2349543,451,451,0,143,2657,77,1432,272,-18,-7,40,275,268,0
2352895,452,451,31,162,2336,499,1370,345,89,-10,81,258,267,0
2356212,453,452,0,0,2492,810,1351,407,-59,85,14,257,265,0
2359547,453,453,125,312,1985,1674,1219,464,19,39,128,253,243,0
2362894,454,453,106,556,2146,2140,1356,518,79,-78,100,254,246,0
2366216,455,454,106,87,2868,2184,1512,574,-66,-1,135,238,255,0
2369550,455,455,518,350,2276,2595,1350,620,-91,-193,297,232,241,0
2372895,456,456,350,481,1590,2621,888,641,-25,-247,369,241,234,0
2376219,457,456,425,500,998,2076,578,654,-101,-279,459,221,233,0
2379553,457,457,987,912,80,1243,25,656,-46,-360,571,207,211,0
2382895,458,457,781,1100,-276,486,-554,641,-82,-430,620,218,217,0
2386223,458,458,950,781,-566,-689,-1306,597,-177,-262,587,209,218,0
2389556,459,459,556,762,-1432,-1913,-1878,537,-17,-233,552,230,219,0
2392895,459,459,1156,781,-1548,-2399,-2441,469,129,-152,498,224,244,0
2396225,460,460,593,293,-828,-2842,-2484,401,40,-27,385,238,254,0
2399559,461,461,387,31,20,-2787,-2386,341,55,100,271,249,268,0
2402917,461,461,706,556,574,-2403,-2056,287,76,133,265,248,256,0
2406228,462,462,593,237,1424,-2057,-1765,241,-107,131,201,254,273,0
2409563,463,463,481,181,993,-1368,-1663,191,-51,19,80,244,260,0
2412920,464,464,87,106,281,-1077,-1556,138,52,34,151,265,264,0
2416231,464,465,481,181,68,-909,-1572,77,-106,36,102,260,260,0
2419567,465,465,106,0,-507,-632,-1570,10,96,11,34,264,275,0
2422920,466,466,0,0,-459,-624,-1582,-59,-44,73,-4,279,271,0
2426236,467,467,0,87,-613,-546,-1788,-147,-62,12,-38,279,265,0
2429569,468,468,312,12,-1224,-471,-1757,-240,-51,-67,-40,269,269,0
2432921,468,469,68,0,-1473,-650,-1558,-324,-78,36,-16,266,264,0
2436238,469,469,256,0,-1929,-599,-1353,-402,59,-27,-70,256,272,0
2439573,470,470,0,162,-1639,-680,-1017,-465,-89,57,1,275,261,0
2442921,471,471,0,200,-1575,-499,-999,-525,-42,104,-75,261,247,0
2446241,471,471,0,218,-1955,277,-1058,-588,88,-23,21,258,246,0
2449575,472,472,106,275,-1637,277,-917,-652,-23,-30,79,252,243,0
2452921,473,473,162,368,-1702,127,-797,-718,24,13,-32,249,238,0
2456244,473,473,312,181,-1819,213,-657,-783,167,-91,36,241,248,0
2459580,474,474,368,68,-748,53,-727,-848,91,51,194,238,254,0
2462921,475,475,275,293,-443,345,-811,-916,144,80,264,243,242,0
2466247,475,476,668,0,-335,1571,-776,-978,326,78,393,222,249,0
2469582,476,476,631,0,1485,2723,-853,-1047,116,90,469,224,260,0
2472921,477,477,706,125,2412,3898,-863,-1121,204,58,480,220,251,0
2476251,477,478,931,12,3686,5149,-1049,-1196,-187,-160,517,208,241,0
2479609,478,478,593,687,3452,5206,-1257,-1263,-522,-335,703,226,221,0
2482943,478,479,1268,856,592,3855,-1157,-1318,-467,-428,706,206,212,0
2486254,479,479,650,1137,-1705,701,-1116,-1353,-238,-403,744,223,197,0
2489612,480,480,912,1306,-3041,-1499,-837,-1362,-98,-269,755,209,188,0
2492946,480,480,1325,1737,-2995,-2967,-517,-1338,232,-30,592,215,193,0
2496258,481,481,593,875,-1715,-3648,-129,-1283,64,77,331,238,223,0
2499615,481,482,1025,950,-146,-3565,-2,-1207,-81,173,313,231,219,0
2502947,482,482,500,987,-73,-3310,303,-1120,-185,176,221,259,233,0
2506260,483,483,537,1006,-701,-2871,204,-1039,-352,188,-21,257,232,0
2509618,484,484,0,668,-2407,-2467,146,-970,-189,95,9,277,234,0
2512947,484,484,462,856,-3271,-2165,372,-903,-169,159,61,261,240,0
2516263,485,485,500,950,-3774,-1655,895,-823,9,55,55,259,235,0
2519622,486,486,162,612,-3556,-1638,1090,-740,34,21,115,277,253,0
2522947,487,486,0,500,-3462,-1760,854,-665,17,59,64,274,259,0
2526267,487,487,387,575,-3665,-1844,745,-592,193,36,77,265,255,0
2529625,488,488,368,818,-2495,-2133,1040,-510,57,69,49,266,242,0
2532947,489,489,125,312,-1885,-2279,1219,-416,-117,109,65,263,253,0
2536270,490,489,0,406,-2193,-2168,1258,-322,-54,49,16,285,264,0
2539629,491,490,0,668,-2498,-2378,1219,-235,-210,132,-90,277,250,0
2542947,491,491,181,518,-3121,-2102,1128,-158,29,100,9,266,248,0
2546273,492,491,0,218,-2894,-1534,1074,-92,125,142,-5,262,264,0
2549630,493,492,0,556,-2272,-1357,907,-33,71,111,15,271,246,0
2552948,494,493,181,387,-2069,-969,886,27,230,11,160,250,255,0
2556276,494,494,293,12,-140,-752,985,86,293,117,237,244,259,0
2559634,495,495,256,0,1560,-310,1209,149,172,125,268,246,262,0
2562948,496,495,218,162,2775,651,1489,216,368,80,144,248,267,0
2566279,496,496,293,50,4678,1666,1895,298,173,147,106,244,257,0
2569638,497,497,312,0,5540,3123,1975,385,193,195,118,243,260,0
2572972,498,497,237,350,6650,4487,2029,473,180,-22,115,247,257,0
2576283,498,498,443,0,7771,5230,1986,561,76,-5,103,236,263,0
2579638,499,499,425,256,8327,5981,1908,648,78,91,16,237,246,0
2582974,500,500,312,537,8949,6636,1680,733,-366,65,16,243,231,0
2586286,500,500,406,275,6825,6764,943,802,-380,14,98,238,245,0
2589638,501,501,425,762,4241,6566,590,857,-350,-32,207,237,219,0
2592972,502,502,668,1193,1871,6011,544,909,-368,-270,425,234,206,0
2596290,502,502,1306,1643,-1617,3520,57,936,-438,-300,621,216,198,0
2599639,503,503,950,1231,-4426,575,-285,944,-119,-277,680,219,204,0
2602973,503,503,1775,1250,-5291,-1956,-631,928,134,-220,768,191,219,0
2606292,504,504,1400,1081,-4115,-5284,-925,899,141,-115,725,211,228,0
2609639,505,504,1475,1156,-2575,-6638,-531,873,219,159,515,207,240,0
2612973,505,505,1025,425,-1005,-6392,-286,858,182,252,443,231,263,0
2616296,506,506,743,462,264,-5022,445,867,51,121,427,246,261,0
2619639,507,507,425,368,657,-3826,630,875,-44,181,306,263,266,0
2622974,507,507,893,781,482,-2576,599,866,124,195,293,254,260,0
2626299,508,508,612,87,380,-1246,549,849,-131,187,202,253,281,0
2629640,509,509,237,125,-421,-220,163,827,-53,149,133,273,279,0
2632974,510,510,500,275,-961,366,-42,803,-26,99,135,259,271,0
2636302,510,511,518,0,-872,397,-175,765,-88,153,57,258,273,0
2639639,511,512,537,0,-1446,567,-332,716,101,47,-5,257,274,0
2642975,512,512,106,0,-1195,512,-386,665,-12,69,29,268,280,0
2646305,513,513,0,31,-756,476,-564,609,207,173,-27,260,256,0
2649661,513,514,462,256,121,1038,-449,560,-126,45,27,249,244,0
2652995,514,515,31,275,975,2051,-375,515,-338,-78,-139,272,243,0
2656308,515,515,12,87,-1095,1942,-115,483,48,-148,-91,257,253,0
2659664,516,516,0,162,-1229,1288,205,462,33,-175,34,271,249,0
2662999,516,517,368,368,-943,425,294,440,-176,33,-24,254,238,0
2666311,517,517,125,0,-1655,403,204,409,100,57,-32,251,260,0
2669665,518,518,0,0,-1459,761,28,363,83,77,37,261,259,0
2672999,519,519,125,125,-924,1059,83,306,13,142,44,251,251,0
2676315,519,520,256,0,-571,1944,5,245,-38,44,117,244,257,0
2679665,520,520,87,181,-483,2540,-218,174,-49,69,179,253,248,0
2682999,521,521,387,0,-634,2992,-343,102,19,99,164,237,259,0
2686318,521,522,406,0,-131,3786,-604,23,-19,44,278,236,248,0
2689665,522,523,256,162,355,4442,-670,-49,-120,-53,373,244,233,0
2693000,523,523,762,781,212,4548,-843,-105,50,-167,547,229,228,0
2696321,523,524,931,1043,41,3017,-1045,-156,-148,-349,655,236,214,0
2699666,524,524,650,912,-924,1198,-1040,-206,-297,-334,735,235,221,0
2703000,524,525,1212,1250,-2121,-629,-784,-232,-186,-295,769,221,203,0
2706324,525,525,912,1250,-2542,-2508,-338,-234,54,-155,676,237,219,0
2709666,526,526,406,1118,-1739,-3291,-77,-216,-1,36,653,264,226,0
2713000,527,527,162,800,-839,-3243,111,-184,-164,116,406,261,227,0
2716328,527,527,443,781,-1080,-2586,197,-161,-155,64,264,262,244,0
2719666,528,528,350,556,-1531,-2046,151,-148,-243,147,189,267,256,0
2723001,529,529,0,650,-2511,-1616,13,-161,-15,167,107,288,251,0
2726331,530,530,0,218,-2525,-454,93,-178,99,-42,146,283,258,0
2729687,531,530,0,218,-1830,-145,157,-192,-6,102,73,274,274,0
2733023,531,531,350,256,-1583,332,75,-206,146,-55,69,267,272,0
2736334,532,532,87,31,-560,367,303,-202,102,-32,22,265,268,0
2739691,533,533,0,12,-81,64,91,-198,112,10,3,281,269,0
2743024,534,534,0,0,50,45,39,-191,166,-40,34,279,264,0
2746337,535,534,125,125,969,-6,-81,-183,-102,85,-81,269,269,0
2749691,535,535,0,0,404,265,-41,-173,98,20,-51,264,267,0
2753024,536,536,87,12,507,482,31,-154,53,-35,6,255,259,0
2756340,537,537,0,87,1099,604,174,-135,-102,37,1,262,255,0
2759691,537,537,50,0,486,999,111,-119,126,-72,86,257,267,0
2763025,538,538,181,181,733,1182,191,-110,166,31,96,250,250,0
2766343,539,539,312,200,1512,1612,405,-104,156,113,75,243,249,0
2769691,540,540,0,0,1937,2089,587,-94,132,-84,147,254,248,0
2773025,540,540,331,256,2526,2226,752,-77,28,61,215,242,246,0
2776347,541,541,293,425,2567,2607,798,-53,99,-54,242,244,237,0
2779691,542,542,368,200,2633,2758,883,-28,-8,-88,313,224,233,0
2783025,542,542,612,631,2685,2603,885,-1,-40,-112,394,227,226,0
2786350,543,543,593,856,1855,2222,579,23,-180,-240,453,228,214,0
2789724,543,543,1493,1043,786,1224,340,45,-32,-254,592,206,230,0
2793026,544,544,725,687,103,-185,39,65,28,-243,604,231,233,0
2796354,545,545,837,856,-233,-1938,-387,74,9,-127,551,225,224,0
2799693,545,545,1325,1137,-352,-2878,-605,81,108,-102,501,215,225,0
2803025,546,546,537,762,-59,-3313,-902,85,29,-46,494,241,229,0
2806356,547,547,1006,518,28,-3139,-1131,83,-45,151,426,232,242,0
2809713,547,547,968,462,-412,-2660,-1098,73,41,82,332,234,261,0
2813026,548,548,687,425,-487,-2142,-800,58,8,136,356,249,263,0
2816360,549,549,893,312,-399,-1183,-650,40,-20,232,256,238,253,0
2819717,549,550,650,275,-383,-424,-771,13,93,79,191,251,255,0
2823050,550,550,368,631,-158,71,-728,-15,-52,34,164,266,252,0
2826363,551,551,237,12,-472,532,-875,-47,-97,95,6,257,269,0
2829717,551,552,406,143,-947,665,-917,-76,9,21,58,264,262,0
2833053,552,553,331,68,-953,595,-981,-110,-26,94,21,268,266,0
2836366,553,553,0,331,-1114,770,-1139,-150,-71,-43,-73,288,268,0
2839746,554,554,0,181,-1488,781,-1092,-187,-56,-16,9,288,264,0
2843059,555,555,0,0,-1801,668,-969,-226,80,-64,-72,282,267,0
2846370,555,556,162,218,-1702,574,-501,-245,15,-81,-53,265,246,0
2849717,556,556,12,425,-1463,669,-361,-257,-48,172,-11,257,235,0
2853059,557,557,0,275,-1582,1025,-492,-270,23,-21,-37,260,243,0
2856372,558,558,293,350,-1226,916,-162,-274,61,-103,130,242,239,0
2859718,558,559,331,12,-598,611,41,-274,49,37,39,240,241,0
2863060,559,559,125,125,-310,728,122,-275,168,-77,21,251,251,0
2866376,560,560,368,181,1022,716,173,-273,69,-134,149,238,248,0
2869718,560,561,462,0,1607,544,175,-274,15,51,220,233,245,0
2873060,561,561,406,200,1849,858,43,-285,99,-15,187,236,247,0
2876379,562,562,293,87,3109,1961,151,-299,-76,-29,295,242,253,0
2879719,562,563,481,0,3162,2770,135,-318,-382,-125,423,232,243,0
2883060,563,563,575,275,1543,2949,-224,-350,-548,-244,480,227,243,0
2886382,564,564,537,706,-1744,2074,-182,-383,-352,-269,714,229,220,0
2889768,564,565,1137,1306,-3162,994,-264,-419,-137,-245,740,225,200,0
2893061,565,565,762,1137,-3294,-2,-191,-443,-111,-256,727,229,209,0
2896385,565,566,1250,1006,-2564,-1243,-98,-457,27,-226,710,219,216,0
2899744,566,566,1175,1343,-1408,-2126,-23,-459,-30,-84,566,223,214,0
2903060,567,567,631,968,-729,-2482,301,-437,-144,39,391,236,218,0
2906389,567,567,1006,1025,-719,-2381,431,-405,-143,12,330,232,231,0
2909743,568,568,668,912,-965,-2614,565,-359,-273,128,243,250,237,0
2913061,569,569,500,1025,-1525,-2649,354,-313,-174,198,181,259,231,0
2916392,570,569,143,912,-1558,-2057,339,-268,66,255,191,262,237,0
2919744,570,570,593,856,-1060,-1827,380,-231,-105,156,37,254,240,0
2923061,571,571,481,893,-1093,-1500,374,-199,-9,159,60,260,238,0
2926395,572,571,12,725,-1192,-1142,670,-154,64,112,9,269,247,0
2929744,573,572,0,500,-936,-1154,849,-105,-110,112,17,278,259,0
2933087,573,573,275,537,-1326,-797,815,-52,-102,49,70,271,257,0
2936398,574,574,200,368,-1743,-960,901,4,17,106,23,275,266,0
2939772,575,574,68,743,-2033,-1412,819,60,74,8,10,272,252,0
2943087,576,575,0,143,-1645,-1613,978,126,136,35,44,268,268,0
2946402,577,576,0,350,-322,-1861,1188,198,-190,26,-43,261,257,0
2949745,577,577,331,143,-1171,-1748,1289,268,122,43,32,258,268,0
2953087,578,578,31,0,-1893,-1235,1149,320,160,31,-7,258,268,0
2956404,579,578,0,106,-656,-981,788,356,-91,2,-67,265,270,0
2959745,579,579,481,0,-794,-698,622,390,-19,-135,-35,250,276,0
2963087,580,580,181,0,-955,-1360,663,416,160,38,34,250,263,0
2966408,581,581,0,0,-382,-1288,655,435,88,41,89,268,260,0
2969745,582,581,87,518,172,-701,672,453,258,-66,192,255,248,0
2973087,582,582,406,0,1434,-275,1129,482,216,143,150,238,269,0
2976412,583,583,275,50,2771,840,1463,523,186,213,115,245,257,0
2979767,584,584,425,218,3519,2400,1309,562,317,157,203,237,248,0
2983088,584,584,650,106,4830,4101,1153,594,39,184,223,225,254,0
2986414,585,585,575,462,5634,5243,1196,627,9,92,208,229,235,0
2989770,585,586,1212,893,5254,6294,1079,667,-159,35,281,221,222,0
2993088,586,586,593,781,4067,6615,788,698,-338,-24,321,238,228,0
2996417,587,587,800,931,1379,6236,685,727,-197,19,404,227,220,0
2999770,587,587,1793,1737,-90,5367,389,746,-66,-273,692,190,193,0
