Time, Rlegs, Llegs, DCL, DCR, GyroX, GyroY, GyroZ, GyroZAvg, AccelX, AccelY, AccelZ, LBEMF, RBEMF, SteerOut
643,1174,1169,0,0,-243,177,-120,-119,-19,-4,226,98,99,0
3991,1174,1169,0,0,-244,179,-119,-119,-18,-3,227,98,100,0
7311,1174,1169,0,0,-242,179,-120,-119,-22,-1,233,98,99,0
10646,1174,1169,0,0,-244,175,-118,-119,-17,-7,229,98,99,0
13991,1174,1169,0,0,-242,177,-117,-119,-18,-7,227,98,99,0
17315,1174,1169,0,0,-245,180,-121,-119,-16,0,228,98,99,0
20649,1174,1169,0,0,-246,177,-119,-119,-18,-2,226,98,99,0
23990,1174,1169,0,0,-243,179,-122,-119,-19,-1,224,98,99,0
27318,1174,1169,0,0,-245,178,-120,-119,-21,-3,231,98,99,0
30652,1174,1169,0,0,-244,177,-121,-119,-21,-3,230,98,100,0
33991,1174,1169,0,0,-247,175,-121,-119,-20,-4,227,98,99,0
37322,1174,1169,0,0,-245,175,-121,-119,-17,-6,230,98,99,0
40655,1174,1169,0,0,-246,175,-121,-120,-18,-5,229,99,99,0
43992,1174,1169,0,0,-245,175,-118,-120,-16,-5,228,98,99,0
47324,1174,1169,0,0,-245,177,-120,-120,-19,-3,226,98,99,0
50659,1174,1169,0,0,-245,176,-119,-120,-17,-4,230,98,99,0
53993,1174,1169,0,0,-245,174,-118,-119,-20,-3,230,98,99,0
57327,1174,1169,0,0,-244,179,-121,-119,-15,-6,226,98,99,0
60663,1174,1169,0,0,-244,177,-118,-119,-19,-4,224,99,99,0
64017,1174,1169,0,0,-245,180,-122,-119,-18,-5,230,98,99,0
67331,1174,1169,0,0,-241,179,-119,-119,-18,-6,231,98,99,0
70665,1174,1169,0,0,-244,181,-120,-119,-14,-4,233,98,99,0
74018,1174,1169,0,0,-241,180,-121,-119,-16,0,225,98,99,0
77334,1174,1169,0,0,-243,181,-119,-119,-19,-4,225,98,99,0
80668,1174,1169,0,0,-243,179,-123,-119,-20,-4,227,98,99,0
84018,1174,1169,0,0,-243,174,-120,-119,-15,-5,229,99,99,0
87338,1174,1169,0,0,-245,175,-120,-119,-14,-7,229,98,99,0
90672,1174,1169,0,0,-244,175,-120,-119,-19,0,230,98,99,0
94018,1174,1169,0,0,-247,174,-119,-119,-19,-4,225,98,99,0
97340,1174,1169,0,0,-243,178,-119,-119,-17,-3,228,98,99,0
100676,1174,1169,0,0,-244,175,-119,-119,-17,-4,233,99,99,0
104019,0,0,0,0,-244,178,-118,-119,-13,-5,227,98,99,0
107343,0,0,0,0,-242,177,-122,-119,-19,-6,226,98,99,0
110678,0,0,0,0,-243,181,-120,-119,-21,1,227,98,99,0
114019,0,0,0,0,-246,181,-122,-119,-17,-4,227,98,99,0
117347,0,0,0,0,-243,178,-118,-119,-20,-3,228,98,99,0
120681,0,0,0,0,-241,180,-122,-120,-22,-1,227,98,99,0
124019,0,0,0,0,-244,180,-120,-120,-18,-3,228,98,99,0
127350,0,0,0,0,-247,178,-121,-120,-18,-5,226,98,99,0
130684,0,0,0,0,-243,175,-118,-120,-21,-3,225,98,99,0
134019,0,0,0,0,-244,178,-117,-119,-18,-5,226,98,99,0
137354,0,0,0,0,-243,178,-118,-119,-17,-7,231,98,99,0
140687,0,0,0,0,-247,176,-118,-119,-15,-3,229,98,99,0
144022,0,0,0,0,-244,180,-120,-119,-17,0,227,98,100,0
147357,0,0,0,0,-242,176,-119,-119,-19,-4,227,98,99,0
150691,0,0,0,0,-243,178,-120,-119,-17,-8,229,98,99,0
154044,0,0,0,0,-242,178,-122,-119,-16,-5,225,98,99,0
157359,0,0,0,0,-242,176,-119,-119,-17,-3,223,98,99,0
160694,0,0,0,0,-245,174,-121,-119,-18,-2,226,99,100,0
164047,0,0,0,0,-242,176,-122,-119,-19,-3,227,98,99,0
167363,0,0,0,0,-243,175,-118,-119,-19,-1,226,98,99,0
170697,0,0,0,0,-244,174,-121,-119,-16,-5,230,98,100,0
174052,0,0,0,0,-246,177,-119,-119,-16,-5,226,98,99,0
177366,0,0,0,0,-246,175,-119,-119,-18,-1,232,98,99,0
180700,0,0,0,0,-245,177,-120,-119,-17,-5,225,98,99,0
184056,0,0,0,0,-246,175,-119,-119,-14,-1,221,98,99,0
187370,0,0,0,0,-245,179,-121,-119,-18,-2,233,98,99,0
190704,0,0,0,0,-243,180,-120,-119,-14,-5,225,98,99,0
194057,0,0,0,0,-243,178,-121,-119,-18,-7,232,99,99,0
197372,0,0,0,0,-243,180,-120,-119,-17,-4,228,98,99,0
200707,0,0,0,0,-244,179,-121,-119,-19,-3,227,98,99,0
204059,0,0,2881,2862,-244,179,-119,-119,-16,-22,222,98,99,0
207375,1,0,406,800,-289,107,-106,-119,-43,47,287,230,225,0
210711,1,1,1081,987,-562,121,-94,-118,-20,-6,248,226,231,0
214060,2,2,518,406,-631,247,-47,-116,32,65,222,256,262,0
217379,2,2,800,500,-442,187,-21,-113,-17,-35,275,257,273,0
220713,3,3,875,856,33,-25,72,-107,20,24,255,269,270,0
224059,4,4,800,518,640,-355,181,-97,-37,81,247,273,288,0
227382,4,5,1250,443,929,-584,44,-92,-81,7,345,265,292,0
230717,5,5,1025,443,770,-701,-69,-91,-62,74,304,271,302,0
234060,6,6,781,312,689,-950,-245,-94,-157,67,338,284,309,0
237385,7,7,1156,443,114,-917,-784,-115,-63,190,388,264,302,0
240719,7,8,1287,518,-139,-1137,-1144,-147,-104,136,420,273,298,0
244061,8,9,1193,500,-481,-1148,-1677,-196,-227,99,343,278,299,0
247388,9,10,1400,968,-1387,-1155,-1984,-254,-92,117,318,283,290,0
250723,10,10,1306,1193,-1868,-1524,-2202,-319,-180,205,235,288,294,0
254082,10,11,1550,1006,-2741,-1868,-2321,-388,8,197,256,291,304,0
257391,11,12,1250,1231,-3347,-2496,-2326,-457,-188,184,156,307,292,0
260727,12,13,1381,1400,-4365,-2899,-2349,-527,-122,117,140,322,305,0
264082,13,14,1362,1587,-4903,-2919,-2149,-590,10,140,138,339,311,0
267395,14,15,1006,1362,-5115,-3209,-2033,-650,25,174,142,358,323,0
270729,15,16,706,1175,-5305,-2942,-1521,-694,-36,293,68,374,333,0
274086,17,17,518,1343,-5664,-2577,-1207,-728,-87,153,123,384,340,0
277398,18,18,368,1100,-6539,-2157,-1143,-760,-66,52,9,392,353,0
280733,19,19,275,1006,-6737,-2071,-806,-781,54,141,253,397,358,0
284085,20,20,706,1268,-6618,-2196,-421,-791,314,88,165,390,360,0
287401,21,21,612,1175,-5183,-1805,721,-764,403,184,232,390,360,0
290735,23,22,856,931,-2804,-561,1651,-709,224,89,203,377,373,0
294086,24,23,893,1118,-2093,635,2075,-640,384,180,119,375,379,0
297404,25,25,800,612,-174,1331,2616,-555,581,-102,383,380,390,0
300739,26,26,875,612,4150,1622,3244,-450,478,8,-15,376,390,0
304087,27,27,1100,218,6360,2270,3810,-327,373,199,250,364,411,0
307408,28,28,1568,556,8162,3290,3777,-205,3,43,183,355,409,0
310742,29,30,1400,762,9475,3784,3413,-95,374,-73,37,364,398,0
314086,30,31,1456,200,10557,3252,2494,-13,268,-39,73,366,417,0
317411,31,32,1643,425,10475,2435,1028,21,158,-54,-16,356,405,0
320745,32,33,2018,1212,11545,1499,53,24,154,29,8,352,379,0
324087,34,35,1062,912,10949,977,-707,2,-441,392,-32,387,379,0
327414,35,36,406,912,8568,1686,-433,-12,-444,32,242,422,379,0
330748,36,37,612,1418,5097,1561,-8,-18,-212,9,370,427,368,0
334087,38,38,125,1418,2469,1737,833,5,-719,259,186,437,368,0
337417,39,39,162,1418,-497,1816,838,34,-462,-78,31,435,368,0
340752,40,40,218,931,-6383,1304,1631,92,-613,-110,-144,426,388,0
344108,42,42,0,481,-9376,1269,2512,195,68,178,-96,429,396,0
347420,43,43,12,331,-10217,753,2953,323,80,-160,258,421,404,0
350755,44,44,218,293,-9465,26,2854,465,-97,-73,53,410,406,0
354111,45,45,612,612,-9276,-333,3053,622,5,31,227,389,389,0
357423,47,47,725,706,-8240,-291,3629,805,369,0,504,383,384,0
360758,48,48,1325,443,-4416,-97,3994,1002,702,-139,339,351,398,0
364112,49,49,1775,481,-21,-637,4255,1208,535,-252,690,327,396,0
367427,50,50,1718,500,3863,-1276,4629,1426,267,174,545,330,395,0
370761,51,52,1943,556,7251,-786,4542,1635,346,95,384,340,414,0
374112,52,53,1381,556,8774,-35,4014,1824,-645,360,154,386,414,0
377430,53,54,1306,1156,6311,1804,3326,1975,-607,-22,560,390,382,0
380764,54,55,1006,2075,1888,1048,2085,2078,-719,-14,470,422,349,0
384113,56,56,687,2187,-2972,183,1251,2153,-746,262,445,423,343,0
387433,57,57,931,2206,-7476,69,549,2195,-182,26,677,410,342,0
390767,58,58,1025,1868,-8155,-681,-39,2207,190,75,560,405,360,0
394113,59,59,875,1718,-6918,-1273,-813,2159,94,239,419,429,384,0
397437,61,61,481,1287,-5399,-1716,-1223,2069,-442,156,186,429,402,0
400772,62,62,406,481,-6829,-1191,-859,1978,-393,62,-582,433,429,0
404113,64,63,575,1025,-8510,-798,-626,1876,-39,-49,-291,424,416,0
407439,65,65,218,968,-7381,-274,-1013,1743,139,5,276,443,419,0
410774,66,66,312,500,-7616,748,-1648,1573,668,-15,197,438,428,0
414113,68,67,425,368,-5186,1769,-1156,1419,547,-172,-75,416,435,0
417443,69,69,1231,293,-379,2241,-868,1285,85,34,356,389,439,0
420802,70,70,1418,350,1179,2499,-1135,1171,162,-89,263,379,436,0
424134,71,72,1400,68,2752,3183,-1436,1094,584,-152,443,385,440,0
427446,72,73,1568,143,5555,2926,-1676,1040,87,-35,385,376,436,0
430804,74,74,1681,387,6526,2063,-2084,997,222,44,186,370,439,0
434137,75,76,1512,218,7531,1073,-2638,928,469,-12,152,379,432,0
437449,76,77,1025,87,8881,616,-2933,837,0,20,-138,405,439,0
440807,77,78,950,762,7830,958,-3219,710,-27,-19,21,425,419,0
444138,79,80,687,68,7601,808,-3323,580,22,-165,-35,423,440,0
447452,80,81,275,162,6721,869,-3462,421,-273,-17,-334,445,435,0
450811,81,83,50,0,5298,793,-3163,244,-251,39,51,451,432,0
454139,83,84,0,0,5375,775,-2489,74,9,-305,27,439,437,0
457456,84,85,181,181,4616,473,-1920,-74,-320,26,-171,428,412,0
460814,85,87,143,0,2649,-188,-1869,-228,-247,-74,-38,430,411,0
464139,87,88,0,200,1365,-855,-2027,-405,398,5,165,424,395,0
467459,88,89,593,518,3448,-256,-2188,-598,202,-110,58,406,394,0
470817,89,91,518,181,4056,538,-1691,-784,-97,37,94,410,396,0
474139,91,92,462,12,4147,629,-1509,-976,-127,-187,-30,397,405,0
477462,92,93,593,162,2934,600,-1411,-1162,-704,111,-12,390,397,0
480820,93,94,1175,1025,-600,1512,-1616,-1338,-757,-255,595,397,389,0
484140,94,95,725,1512,-5348,1223,-1537,-1490,-940,-415,256,421,363,0
487465,96,96,481,1887,-11083,-440,-1937,-1615,-703,-91,195,418,343,0
490821,97,97,800,2356,-13961,-2068,-1988,-1717,-57,-8,597,417,334,0
494139,98,98,706,1962,-13998,-3523,-1755,-1789,480,95,729,422,355,0
497468,100,99,593,1718,-10287,-3961,-1876,-1846,593,179,744,412,368,0
500826,101,101,31,1175,-6226,-4448,-1696,-1874,-187,141,737,442,381,0
504161,102,102,12,1156,-5483,-4841,-861,-1862,109,556,312,459,398,0
507472,104,103,0,1118,-5893,-2217,109,-1832,53,550,204,441,395,0
510830,105,104,275,893,-5767,1436,1174,-1776,387,288,763,424,407,0
514165,106,106,481,837,-3679,3241,1708,-1691,567,-41,328,429,410,0
517475,108,107,725,462,-205,3826,2766,-1553,163,69,259,400,430,0
520830,109,108,1137,500,1725,4028,3180,-1417,538,-19,339,378,428,0
524165,110,110,1306,50,4614,4590,3103,-1293,729,-230,99,369,436,0
527479,111,111,1775,87,8814,4055,2615,-1176,462,-183,283,360,450,0
530831,112,113,1606,200,10605,2139,1827,-1074,-237,-142,77,369,428,0
534165,113,114,1568,0,9981,461,619,-1002,39,-10,-53,376,447,0
537481,115,115,800,368,8447,-1856,-1004,-969,-104,-175,174,401,424,0
540830,116,117,1362,950,7581,-3149,-1988,-948,-215,-18,90,387,393,0
544165,117,118,1156,1137,5972,-3324,-2860,-946,-449,-18,142,398,383,0
547485,118,119,1100,1175,2938,-3782,-4014,-971,-383,158,-62,401,381,0
550831,119,120,1456,1306,-555,-3837,-4457,-1006,-379,97,-20,398,390,0
554165,121,121,875,1006,-3042,-4318,-4823,-1049,44,87,100,413,406,0
557488,122,123,443,725,-4340,-4040,-4661,-1096,-69,123,-88,436,405,0
560831,123,124,0,818,-4819,-3103,-4264,-1151,264,-53,65,455,394,0
564165,125,125,50,575,-4938,-3416,-3559,-1202,88,-136,59,435,407,0
567491,126,127,31,518,-7220,-3982,-3495,-1253,-385,19,-163,436,410,0
570832,128,128,0,0,-8301,-3873,-2948,-1282,149,96,43,439,427,0
574166,129,129,0,425,-7369,-3407,-2343,-1287,519,322,532,424,399,0
577494,130,130,1100,1100,-5564,-1730,-748,-1257,-33,181,104,379,379,0
580852,131,132,1718,500,-5320,46,-78,-1213,922,121,285,346,395,0
584187,132,133,1812,275,-1495,1909,979,-1138,424,240,392,341,407,0
587497,133,134,1625,0,2025,4137,2656,-1004,-40,-17,340,351,423,0
590853,134,135,1868,856,2424,4046,3140,-858,272,-135,346,376,414,0
594190,136,137,1137,687,3863,4151,3115,-700,174,495,233,399,407,0
597500,137,138,1231,275,6934,5355,3001,-544,117,270,362,394,429,0
600856,138,139,1175,762,8710,6153,2909,-399,-197,320,-12,413,419,0
604190,139,141,1025,1081,8433,7064,2454,-263,-995,-8,176,421,386,0
607503,141,142,350,1550,4198,5959,3303,-107,-997,-553,302,441,361,0
610857,142,143,575,2168,-1837,2979,3504,28,-1388,-315,371,429,328,0
614191,143,144,893,1943,-8780,236,3725,141,-259,-259,488,428,356,0
617507,145,145,1062,1625,-11333,-2890,3281,207,1139,123,472,414,368,0
620857,146,146,575,1325,-6287,-3446,3044,249,286,284,205,424,384,0
624191,147,147,837,1081,-3775,-2592,3416,269,-451,370,-233,426,413,0
627510,148,149,593,556,-7282,-724,2335,243,160,-252,-54,439,425,0
630857,150,150,125,668,-9240,-477,2173,214,370,-407,-155,448,419,0
634191,151,151,181,687,-5402,-2070,2308,204,133,223,470,445,418,0
637513,153,153,575,500,-1589,-1640,2635,229,827,159,793,424,428,0
640857,154,154,1437,743,1983,166,3030,305,352,-18,134,378,415,0
644192,155,156,1756,0,5865,850,3145,434,511,-258,157,366,448,0
647516,156,157,1681,0,9315,-706,3249,598,339,207,464,370,446,0
650858,157,158,1568,293,10902,-433,2611,769,-291,308,316,392,444,0
654191,159,160,1118,162,11857,-649,1454,940,251,-179,-53,400,435,0
657519,160,161,1081,462,10314,-1454,691,1101,-52,54,-71,402,419,0
660858,161,163,1362,631,8289,-1972,-402,1239,-279,66,315,403,410,0
664192,162,164,1100,893,6494,-2029,-928,1356,-131,-21,142,417,396,0
667523,164,165,612,1137,4816,-2390,-695,1467,-417,287,138,443,383,0
670879,165,166,218,1156,3062,-1584,-606,1559,-674,97,158,442,376,0
674215,166,167,425,1118,1,-862,-624,1649,-647,-54,-8,431,378,0
677526,168,169,275,706,-4204,-1253,-243,1734,-545,113,157,423,400,0
680882,169,170,50,0,-6226,-1623,-436,1793,-173,142,-39,435,422,0
684216,170,171,0,387,-7748,-1656,-397,1804,-198,207,-76,452,401,0
687529,172,172,143,837,-8782,-616,-195,1801,-95,-124,23,430,393,0
690883,173,174,518,256,-8091,-223,122,1774,489,-104,282,410,408,0
694216,174,175,818,200,-6300,-470,464,1705,183,-81,199,394,411,0
697532,176,176,556,575,-4017,-483,752,1631,114,-50,31,408,391,0
700883,177,177,1437,800,-2979,-713,848,1560,264,-110,342,383,417,0
704216,178,179,1550,406,-1963,60,850,1493,343,340,225,377,422,0
707535,179,180,1568,87,119,1806,897,1430,206,140,476,376,439,0
710883,180,181,1118,762,2646,2791,592,1371,438,130,455,416,419,0
714217,182,183,912,612,4472,4064,-256,1260,-249,449,366,411,411,0
717539,183,184,1025,631,5044,5327,-752,1127,-88,203,376,405,410,0
720883,184,185,762,1306,5088,6134,-985,980,-461,144,243,419,374,0
724217,186,186,312,1943,2998,6147,-559,860,-926,-62,308,443,356,0
727542,187,187,500,2018,-3129,3226,-643,745,-534,-335,513,428,347,0
730884,188,188,537,1737,-6524,65,-104,635,59,-118,418,426,362,0
734217,190,190,837,1137,-7018,-1935,247,570,316,199,-70,410,394,0
737545,191,191,687,1006,-3558,-2567,710,524,-361,317,46,418,401,0
740884,192,192,106,575,-4453,-894,1000,483,-150,-78,-73,449,424,0
744217,194,194,0,106,-6605,564,-56,399,429,-113,-111,444,433,0
747548,195,195,368,593,-4990,-245,23,305,654,-171,321,435,423,0
750905,196,196,1043,612,-2353,-1483,221,214,744,78,416,399,422,0
754217,198,198,1962,818,1963,-656,308,122,664,71,261,387,448,0
757551,199,199,1775,406,6898,733,610,59,211,-99,441,397,470,0
760908,200,201,2093,368,9082,150,1095,48,18,-58,287,396,472,0
764244,201,202,1643,443,9891,-543,699,48,-64,57,336,420,468,0
767555,203,204,1043,631,10772,-878,218,68,-219,-72,141,436,442,0
770909,204,205,1287,1175,8057,-1549,-281,88,-308,20,16,439,429,0
774245,206,206,368,1268,4730,-1703,-590,91,-543,50,186,472,424,0
777558,207,208,406,968,2076,-1678,-389,98,-25,-72,232,470,424,0
780909,209,209,218,1025,760,-1793,-115,114,-502,36,-91,458,415,0
784251,210,210,181,1118,-1891,-836,246,129,-643,2,-129,460,410,0
787562,211,212,237,425,-5528,-276,397,155,-535,145,-190,457,431,0
790909,213,213,162,331,-7874,-747,286,176,47,26,172,445,436,0
794251,214,215,50,181,-9582,-830,553,200,-214,68,190,451,428,0
797564,216,216,87,762,-9717,-480,1280,236,424,-86,176,449,413,0
800910,217,217,762,800,-7373,-524,1693,274,513,-35,335,413,411,0
804251,218,219,968,293,-4761,-688,2045,315,145,-187,248,402,422,0
807568,220,220,537,256,-1686,-553,2554,368,370,71,233,409,424,0
810910,221,221,1775,800,1319,60,2991,435,213,83,427,381,433,0
814252,222,223,1925,462,2474,1773,2928,498,-50,202,279,373,435,0
817571,223,224,1006,275,4501,3230,2668,563,-129,342,300,422,445,0
820910,225,225,818,743,6293,4345,1964,633,213,175,405,432,436,0
824252,226,227,575,875,7015,5502,1986,718,-513,-37,235,445,413,0
827574,227,228,612,1531,5197,5344,2374,823,-1001,-131,306,443,378,0
830932,229,229,481,2000,819,3481,2370,915,-761,-437,634,434,353,0
834252,230,230,1006,1831,-3707,-150,2804,1022,-91,24,375,422,378,0
837577,231,231,950,1812,-6245,-2038,2518,1104,285,153,250,420,374,0
840935,233,233,443,1118,-4411,-3246,2004,1159,-302,263,63,431,395,0
844252,234,234,743,800,-3263,-2264,2354,1211,-505,356,-555,431,428,0
847580,236,235,706,387,-6081,-856,1791,1235,82,-71,-332,433,450,0
850935,237,237,143,143,-6570,-506,1186,1274,115,-200,297,447,447,0
854252,238,238,200,500,-4905,-1214,765,1297,272,-72,323,444,428,0
857583,240,240,443,743,-2342,-896,1052,1323,780,84,293,431,431,0
860935,241,241,1156,575,2029,-180,648,1334,333,-77,499,393,424,0
864253,242,242,1775,181,6582,-135,1600,1365,-10,-132,92,365,450,0
867587,243,244,1343,68,6653,-449,1003,1362,708,7,394,388,440,0
870936,244,245,1662,218,8225,-548,666,1361,349,-177,221,387,448,0
874278,246,247,950,762,9464,-1070,323,1364,-467,370,79,409,403,0
877590,247,248,743,425,7374,-538,-191,1367,-77,105,222,420,421,0
880936,248,249,668,837,6074,-507,-672,1365,-171,142,85,440,415,0
884279,250,251,481,425,4060,-911,-176,1371,-422,310,58,434,421,0
887593,251,252,406,387,2370,-485,-214,1368,75,-34,138,438,423,0
890937,252,253,0,725,1516,-201,-138,1356,-355,-159,19,457,399,0
894279,254,255,312,331,-2172,592,217,1351,-625,-37,-95,421,404,0
897596,255,256,256,0,-5126,622,310,1351,28,-49,309,424,431,0
900937,257,257,0,0,-5854,245,499,1350,317,-146,224,434,422,0
904279,258,259,31,125,-4906,353,1076,1343,17,103,180,420,399,0
907600,259,260,743,500,-3870,571,1574,1339,75,64,169,398,395,0
910958,260,261,387,425,-2690,762,1121,1311,83,-121,53,417,399,0
914279,262,262,481,425,-1394,1173,1150,1267,-137,-26,305,396,399,0
917603,263,264,631,31,-695,1792,1449,1219,188,99,197,388,404,0
920961,264,265,1062,875,50,2441,1281,1167,-12,220,208,403,397,0
924279,265,266,931,856,1650,4038,817,1109,-158,295,473,410,398,0
927606,267,268,893,762,2737,5046,461,1062,-112,-147,502,412,403,0
930961,268,269,743,1362,1575,4684,512,1016,-791,-158,466,420,371,0
934280,269,270,556,1850,-2402,2498,536,959,-456,-267,678,430,345,0
937609,271,271,593,1681,-5483,191,619,904,-234,-297,756,428,354,0
940961,272,272,293,1512,-7878,-1716,650,837,94,-60,357,428,363,0
944279,273,273,818,1418,-5931,-3386,271,767,240,189,258,416,384,0
947612,275,274,106,1156,-3560,-2846,413,717,-177,329,123,449,393,0
950962,276,276,31,293,-4097,-1358,26,644,-171,-31,-278,437,423,0
954304,277,277,331,312,-6225,-1033,-522,572,516,-173,-211,437,438,0
957616,279,278,0,1062,-4800,-1615,-519,518,440,-121,231,447,398,0
960963,280,280,481,106,-2089,-1517,-205,488,151,-72,319,413,433,0
964307,281,281,875,125,286,114,294,464,435,227,537,392,432,0
967619,282,283,1306,368,2877,1587,562,462,373,-62,145,385,435,0
970963,284,284,1156,0,5820,2270,754,435,588,-79,135,377,445,0
974308,285,285,1268,462,8375,1942,951,434,317,-74,404,376,419,0
977622,286,287,931,0,9216,1733,383,425,-359,-144,207,394,433,0
980962,287,288,1081,443,8452,1350,-110,411,-57,-146,129,402,420,0
984308,288,289,1287,856,7871,203,-353,406,-173,51,139,391,398,0
987625,290,291,556,1025,5590,275,-817,402,-514,143,159,414,389,0
990984,291,292,893,1156,3632,1,-821,382,-18,7,163,412,382,0
994308,292,293,743,631,2690,-464,-452,374,-340,179,-51,420,410,0
997628,294,294,0,1043,1240,350,-174,373,-718,30,-110,444,388,0
1000986,295,295,50,462,-994,714,172,372,-253,-138,77,435,413,0
1004309,296,297,87,125,-4216,315,707,384,-560,-58,-11,433,415,0
1007632,298,298,0,0,-6421,25,1089,402,-422,196,-54,445,434,0
1010986,299,299,125,162,-7157,-301,891,397,335,-198,139,415,413,0
1014309,300,301,312,293,-5540,-822,1437,392,127,-80,198,405,390,0
1017636,302,302,706,462,-4179,-931,1972,419,37,10,114,400,397,0
1020986,303,303,556,537,-3360,-763,1809,440,344,-8,222,392,393,0
1024309,304,304,631,387,-1869,-52,1878,453,133,-107,168,388,401,0
1027638,305,306,1043,0,-592,422,2211,482,313,-157,319,366,407,0
1030986,306,307,1512,931,1290,654,2507,535,362,57,410,379,394,0
1034310,307,308,987,837,3668,1803,2466,598,104,167,508,407,399,0
1037641,309,310,556,743,4721,2671,2170,649,-206,-96,562,430,404,0
1040988,310,311,818,1175,3435,2590,2187,701,-794,58,520,416,381,0
1044310,311,312,743,1737,-748,1170,1681,734,-822,-53,550,420,351,0
1047644,313,313,443,1643,-4682,-252,1522,761,-611,-147,750,436,356,0
1050987,314,314,331,1475,-7745,-951,1335,795,-33,-53,497,426,365,0
1054313,315,315,556,1550,-7270,-1850,786,806,254,358,335,430,377,0
1057648,317,316,31,1306,-4865,-1841,526,822,-81,39,277,453,385,0
1060988,318,318,143,350,-4359,-1253,544,855,-525,0,-349,431,420,0
1064317,319,319,387,331,-7380,-855,185,877,103,214,-13,434,437,0
1067651,321,320,218,725,-5971,-448,-264,875,490,107,429,443,416,0
1070988,322,322,556,331,-2444,92,51,868,193,-49,174,409,421,0
1074320,323,323,781,87,-560,380,870,877,439,-10,332,397,434,0
1077654,324,324,1156,575,1530,989,857,881,527,-60,2,393,424,0
1081012,326,326,781,200,4388,1628,528,867,536,-73,108,397,428,0
1084323,327,327,931,312,8079,1501,668,876,324,-92,314,394,427,0
1087657,328,329,593,275,8843,1088,265,888,-213,24,154,412,429,0
1091016,329,330,1025,0,8494,894,-538,882,232,24,-28,405,446,0
1094326,331,331,968,406,9304,-14,-889,880,39,-75,3,392,422,0
1097660,332,333,612,631,8821,-376,-1074,872,-541,58,-58,411,410,0
1101015,333,334,875,1100,6588,-219,-1741,832,22,-204,136,413,385,0
1104330,334,335,500,481,4813,-1153,-1478,791,-145,51,74,433,418,0
1107663,336,336,387,856,3615,-925,-1138,750,-513,-50,-143,423,398,0
1111021,337,337,31,593,2041,-336,-952,698,-144,-136,134,436,406,0
1114333,338,339,0,331,-249,-577,155,669,-181,-137,167,443,404,0
1117667,340,340,0,125,-2438,-876,381,653,-384,94,-81,429,415,0
1121021,341,341,31,481,-4495,-1179,2,608,-50,-44,-9,420,396,0
1124335,342,343,181,0,-6166,-1365,426,560,-181,-72,126,412,406,0
1127671,344,344,256,368,-5673,-1115,585,522,-14,59,-33,408,402,0
1131022,345,345,350,368,-5028,-1024,625,483,67,-42,203,403,402,0
1134339,346,347,593,537,-4448,-211,600,432,-116,18,92,390,393,0
1137673,347,348,725,68,-4199,483,785,378,-35,-42,126,383,402,0
1141022,348,349,1325,856,-3415,701,649,322,-44,-49,368,389,398,0
1144342,350,350,931,743,-2709,1531,63,256,174,183,399,394,404,0
1147676,351,352,1025,593,-944,2401,-463,173,338,2,506,389,412,0
1151022,352,353,1531,818,927,3208,-706,98,-61,142,553,378,400,0
1154345,353,354,1231,931,1101,3849,-420,38,-316,-30,565,394,394,0
1157679,355,355,1100,1568,-965,2507,-496,-19,-531,-392,718,401,360,0
1161023,356,356,350,1812,-3897,586,36,-42,-561,-42,618,425,347,0
1164348,357,357,537,1756,-7511,-1665,268,-50,202,-63,726,431,366,0
1167683,359,359,406,1268,-6449,-2887,335,-57,337,230,497,433,387,0
1171023,360,360,162,762,-3907,-2318,646,-42,-33,337,-70,430,398,0
1174351,361,361,518,743,-3326,-467,782,-9,73,-73,41,427,415,0
1177686,363,362,500,575,-3917,-254,883,16,349,-369,287,428,424,0
1181023,364,364,500,0,-1673,-519,1635,39,533,-170,254,412,452,0
1184355,365,365,987,200,3424,181,2326,85,176,103,340,386,428,0
1187689,366,367,1250,668,4515,951,2534,148,196,-209,81,388,419,0
1191047,367,368,1100,12,5732,1580,2313,199,498,-133,77,396,438,0
1194358,369,369,687,387,10461,629,2562,271,312,-143,180,407,423,0
1197693,370,371,706,406,11425,140,2425,364,-565,155,-5,406,422,0
1201049,371,372,800,68,9303,377,995,423,61,-64,135,417,440,0
1204362,373,373,612,593,7541,78,790,481,49,-27,149,411,412,0
1207696,374,375,537,781,6760,-78,713,558,-460,244,-68,415,402,0
1211049,375,376,368,1081,4713,816,110,607,-61,-4,82,440,386,0
1214364,377,377,200,1287,2801,615,406,656,-551,-35,125,433,375,0
1217699,378,378,162,1118,-241,368,882,713,-428,-166,-138,435,384,0
1221050,379,379,0,650,-3365,678,806,733,-340,-16,-56,446,403,0
1224368,381,381,0,275,-5725,295,1333,763,-245,-230,282,431,407,0
1227702,382,382,0,425,-7247,-38,1690,816,-309,-97,-293,424,399,0
1231050,383,383,106,331,-8594,-325,1461,848,76,90,68,416,404,0
1234371,385,385,106,12,-8782,-516,1786,886,175,-49,416,400,405,0
1237706,386,386,200,462,-7303,-594,2195,935,416,5,292,411,397,0
1241049,387,387,668,462,-5868,-794,2772,1003,145,164,143,386,397,0
1244374,388,388,987,593,-4686,25,2808,1066,384,-55,290,369,390,0
1247708,389,390,1212,387,-1937,780,2997,1139,624,-26,384,357,401,0
1251051,390,391,1587,387,1408,282,3836,1257,315,18,440,375,423,0
1254377,392,392,968,612,4183,-742,4228,1404,437,56,192,392,411,0
1257711,393,393,950,631,6212,-1209,3985,1550,284,55,212,393,410,0
1261050,394,395,1006,293,7467,-491,4240,1696,-355,387,291,406,428,0
1264380,395,396,818,818,6770,1091,4199,1843,-630,136,306,416,400,0
1267715,397,397,537,1156,3703,896,3175,1941,-480,53,540,431,382,0
1271051,398,398,593,1531,-316,430,2402,2007,-895,178,506,412,362,0
1274384,399,399,950,1793,-5856,755,1760,2052,-198,258,400,409,364,0
1277718,400,401,875,1700,-7557,666,803,2057,257,-13,688,408,364,0
1281075,402,402,556,1137,-6231,594,275,2041,-168,156,219,409,378,0
1284387,403,403,668,1006,-5298,531,68,2015,-625,54,196,419,401,0
1287721,404,404,631,968,-7761,389,-2,1964,168,-102,-384,421,403,0
1291079,406,405,143,725,-8477,618,-158,1887,504,147,-236,431,416,0
1294391,407,407,293,275,-4741,853,-805,1782,171,209,617,423,424,0
1297724,408,408,837,256,-3109,1437,-497,1695,981,-145,727,410,441,0
1301079,410,410,668,256,483,1373,625,1634,896,-121,181,403,425,0
1304393,411,411,2056,950,6631,1541,452,1572,288,-85,255,382,441,0
1307727,412,413,1325,725,8725,1474,682,1563,-61,-151,211,421,453,0
1311084,413,414,1306,162,9431,1358,294,1547,79,-120,276,438,483,0
1314396,415,415,1287,462,10722,916,-171,1519,287,-153,157,423,467,0
1317731,416,417,1006,481,10994,44,-681,1495,-284,-95,-98,438,450,0
1321087,418,418,762,1137,9082,-754,-936,1453,-813,204,-70,451,431,0
1324399,419,420,818,1043,5592,-690,-1315,1384,145,-209,249,448,420,0
1327734,420,421,631,1043,4224,-1196,-1465,1313,-209,-19,164,458,420,0
1331088,422,422,31,912,1374,-939,-1223,1233,-621,95,-62,468,421,0
1334403,424,424,87,406,-2126,-601,-562,1163,-487,-30,-99,465,432,0
1337738,425,425,0,0,-3879,-1270,403,1130,-135,8,159,455,455,0
1341088,426,427,0,125,-5425,-1836,-78,1072,-475,-31,-152,456,431,0
1344406,428,428,0,0,-8262,-1837,-172,998,134,-68,-24,447,454,0
1347740,429,429,293,518,-7699,-1924,273,920,434,-50,417,438,426,0
1351088,430,431,256,387,-5348,-1433,749,855,4,-7,296,440,417,0
1354409,432,432,256,87,-5219,-608,690,783,60,39,30,424,433,0
1357744,433,433,481,312,-4554,72,737,686,396,92,327,412,421,0
1361089,434,435,1175,537,-2190,609,781,579,-253,103,121,413,431,0
1364413,436,436,950,218,-2153,1289,624,473,191,242,226,409,448,0
1367747,437,437,725,706,-1056,1748,94,344,397,202,462,421,422,0
1371089,438,439,1231,481,216,2928,-17,212,-57,158,364,410,434,0
1374415,440,440,1006,837,543,3711,170,118,-315,55,379,406,415,0
1377750,441,441,668,1193,674,3168,230,50,-140,-31,563,424,396,0
1381089,442,443,125,1287,-701,1520,325,6,-392,-182,574,453,375,0
1384419,444,444,350,1550,-3376,-258,677,2,-196,52,257,441,377,0
1387753,445,445,368,1306,-4475,-2177,921,22,42,82,324,435,385,0
1391110,446,446,125,1231,-3782,-3114,1310,61,-55,77,-45,448,389,0
1394422,448,448,368,1062,-3079,-1647,1104,95,273,-3,-168,435,414,0
1397756,449,449,462,275,-1826,-443,1094,134,418,-205,443,430,440,0
1401114,450,450,537,181,1520,-1001,1846,217,395,-224,696,426,445,0
1404425,452,452,575,12,4833,-949,2007,295,447,20,148,408,438,0
1407759,453,453,1418,12,8053,358,2312,348,269,112,188,379,454,0
1411114,454,455,1118,312,9464,1604,2020,397,-217,-235,111,395,422,0
1414428,455,456,875,575,8400,902,1673,428,2,-145,324,413,413,0
1417763,457,457,387,743,7788,-152,896,447,345,-93,307,439,404,0
1421114,458,459,875,837,7300,-268,-229,445,-533,68,31,413,399,0
1424432,459,460,1062,1306,4268,-163,-964,436,-524,-107,228,403,374,0
1427766,460,461,1137,1418,551,-649,-1870,407,-291,-8,489,399,368,0
1431114,462,462,837,1475,-3246,-372,-2889,358,-345,72,61,415,381,0
1434435,463,463,593,1212,-5375,-284,-2855,314,-272,96,48,428,395,0
1437769,464,464,556,818,-7351,-98,-3031,258,-307,-153,-139,430,416,0
1441114,466,466,0,181,-9533,-202,-2529,196,-136,-194,-282,453,428,0
1444438,467,467,0,0,-9927,-458,-2527,105,209,-43,258,438,438,0
1447772,469,468,293,706,-8635,-471,-2272,36,443,-109,439,422,400,0
1451115,470,470,256,0,-5616,-552,-1387,-1,-39,99,225,408,436,0
1454441,471,471,725,143,-4945,-417,-726,-32,8,-182,324,383,414,0
1457776,472,472,1250,856,-3979,-270,-126,-59,655,-97,552,371,392,0
1461116,473,474,1343,462,404,262,820,-55,648,-94,373,366,397,0
1464445,474,475,1268,350,4487,921,1223,-40,346,-65,221,370,403,0
1467779,476,476,1175,0,6440,1436,2129,1,210,-92,22,375,423,0
1471137,477,478,856,406,8433,672,2727,67,165,-107,0,414,422,0
1474447,478,479,950,406,8969,280,2568,144,-354,210,-104,409,422,0
1477782,479,480,743,87,8062,915,2399,220,-469,277,103,420,439,0
1481140,481,481,425,875,6966,2697,2262,285,-451,-128,280,437,413,0
1484451,482,483,593,1568,3931,2714,2254,348,-969,-226,389,428,360,0
1487785,483,484,593,1606,-493,1896,2063,403,-765,4,296,428,358,0
1491140,485,485,575,1850,-6301,-257,1739,436,-125,32,771,413,345,0
1494454,486,486,1043,2018,-8027,-1120,1181,444,12,-143,442,404,352,0
1497788,487,487,1156,1550,-8561,-1883,992,434,-203,127,338,393,372,0
1501140,489,488,237,1362,-8709,-2123,1645,451,-573,236,-253,426,382,0
1504457,490,489,443,1250,-10766,-1198,1285,457,-130,434,-531,431,404,0
1507791,491,491,425,1025,-12060,-518,941,429,87,-190,77,432,416,0
1511141,493,492,87,181,-9334,-1294,522,382,678,-247,755,434,445,0
1514461,494,493,350,406,-5693,-1026,976,340,859,9,630,420,433,0
1517795,495,495,1231,200,-765,189,1921,337,537,150,511,389,444,0
1521140,496,496,1718,275,5312,1670,1952,346,419,-167,240,363,440,0
1524463,497,498,1700,293,8540,1581,2026,381,637,-47,277,369,444,0
1527798,499,499,1550,387,11298,570,1973,450,156,-30,437,377,439,0
1531141,500,500,1418,312,12705,168,918,509,-360,102,-34,384,443,0
1534467,501,502,1081,256,11601,136,-80,565,141,56,-23,402,430,0
1537801,502,503,1418,893,10847,-801,-484,640,-434,213,-116,400,412,0
1541141,504,504,631,950,7922,-1053,-1177,693,-420,161,-8,426,409,0
1544470,505,506,687,1193,5998,-1186,-1047,755,-74,-4,93,423,396,0
1547804,506,507,800,1118,5096,-1440,-246,826,-351,46,111,433,400,0
1551162,508,508,0,1118,3248,-97,-250,897,-383,-99,-18,455,378,0
1554473,509,509,50,856,-916,-150,-278,959,-457,-141,212,435,392,0
1557831,510,510,200,743,-5211,-497,333,1013,-438,39,28,427,398,0
1561166,512,512,0,162,-7967,-745,846,1062,-44,-191,-209,442,413,0
1564476,513,513,0,0,-8322,-1099,829,1092,285,188,152,425,425,0
1567835,514,514,312,650,-8053,-922,724,1089,21,-112,51,421,403,0
1571167,515,516,575,481,-7272,-172,1175,1088,100,-56,98,407,396,0
1574479,517,517,481,312,-6593,23,1560,1070,-113,95,181,396,405,0
1577867,518,518,1268,1081,-6608,661,1579,1034,51,-3,46,392,402,0
1581167,519,519,987,893,-5328,555,1433,998,507,184,486,407,412,0
1584483,520,521,1306,293,-3086,554,1174,960,126,160,408,390,428,0
1587842,521,522,1681,256,-1037,1294,947,919,82,103,547,370,430,0
1591167,523,524,1718,350,3080,2788,1078,882,376,-33,415,368,425,0
1594486,524,525,1418,612,5500,3612,1216,856,106,448,309,384,411,0
1597845,525,526,800,968,6670,4113,1108,836,-254,-43,390,417,392,0
1601167,526,527,612,1193,4513,3104,1073,833,-761,-69,257,427,380,0
1604489,528,528,237,1906,-260,1731,1278,842,-818,13,335,447,358,0
1607848,529,529,593,1718,-5227,-121,1434,835,36,19,422,423,363,0
1611167,530,531,650,1025,-6790,-2308,1571,844,684,119,310,420,384,0
1614493,532,532,650,1231,-3905,-2326,1921,875,5,313,-41,436,389,0
1617850,533,533,425,687,-2749,-1403,1793,914,131,-42,-112,432,418,0
1621168,534,534,350,556,-4501,-481,1369,927,-48,-256,2,436,425,0
1624495,536,536,0,256,-3593,-1003,1537,915,720,-180,379,444,425,0
1627850,537,537,893,706,452,-1368,1713,907,671,-46,709,407,417,0
1631168,538,538,1400,575,5509,62,2135,911,166,9,216,380,424,0
1634499,539,540,1437,181,7979,1577,2031,912,533,-276,112,383,434,0
1637855,541,541,1250,518,9584,732,2175,952,-53,-187,238,393,432,0
1641189,542,543,1175,143,8236,-261,1213,992,-52,113,321,397,436,0
1644502,543,544,762,462,6831,-284,112,1011,145,135,202,419,419,0
1647858,544,545,818,1081,7235,-868,-621,1028,-367,-28,49,432,402,0
1651193,546,546,875,1531,3200,17,-1601,1011,-416,191,69,413,378,0
1654505,547,547,1137,1512,1078,-16,-2312,946,-288,16,283,399,379,0
1657858,548,549,1006,1362,-1109,-549,-2604,873,-465,190,41,422,387,0
1661193,549,550,368,443,-4849,-94,-2889,791,-517,88,26,434,414,0
1664509,551,551,312,443,-7041,-486,-2782,694,-130,2,140,421,414,0
1667859,552,553,331,237,-7758,-704,-2229,598,-395,-123,-96,420,409,0
1671193,553,554,0,0,-7966,-33,-2219,502,310,-85,141,439,427,0
1674512,555,555,68,200,-7333,-130,-1702,427,204,-101,394,418,411,0
1677859,556,557,556,537,-6593,-231,-1086,356,-90,62,224,408,393,0
1681193,557,558,800,331,-5154,-226,-472,292,350,-289,157,395,404,0
1684515,558,559,1193,106,-2813,129,37,244,598,-32,336,374,416,0
1687887,560,560,1568,1250,434,1176,923,228,480,-128,382,376,393,0
1691193,561,562,1362,481,4772,1112,1495,238,204,-277,213,387,418,0
1694518,562,563,1118,293,5900,735,1717,262,201,101,49,400,428,0
1697859,563,564,800,331,6577,1617,1737,283,-107,220,196,417,426,0
1701194,564,566,612,406,7011,3094,1775,300,-103,-83,230,443,422,0
1704522,566,567,593,875,6419,3908,1770,321,-589,84,164,428,397,0
1707860,567,568,0,1287,4154,3893,1763,343,-899,-26,264,462,375,0
1711194,569,569,0,1718,-670,1901,1636,354,-747,-172,400,448,352,0
1714524,570,570,612,2112,-5001,33,1788,365,-206,53,439,427,347,0
1717881,571,571,800,1737,-7877,-1589,1603,366,465,-101,594,412,362,0
1721216,572,573,1137,1212,-6041,-3223,1423,350,-176,130,339,394,374,0
1724527,574,574,743,1118,-5537,-3031,1852,352,-724,286,-473,415,395,0
1727884,575,575,312,893,-7267,-1698,1628,360,-192,370,-174,438,407,0
1731219,576,576,125,725,-9632,-635,995,343,323,-379,69,448,416,0
1734531,578,578,50,575,-7919,-1319,926,319,256,-38,81,436,424,0
1737884,579,579,687,406,-5912,-1473,1297,293,1030,232,720,418,433,0
1741219,580,580,1362,387,532,380,1888,288,968,18,528,382,434,0
1744534,582,582,1568,331,5313,1662,2194,289,419,-127,94,376,426,0
1747885,583,583,1606,331,8017,1429,2524,330,740,-166,345,374,442,0
1751220,584,585,1568,275,10321,674,2181,394,216,141,415,376,429,0
1754537,585,586,1343,0,11580,551,1301,454,-214,147,174,388,455,0
1757885,586,587,1793,537,11425,-255,311,514,25,-15,-143,380,431,0
1761219,587,589,1662,687,8606,-1498,-532,570,-443,346,43,387,407,0
1764540,589,590,818,893,6171,-1636,-1474,605,-168,-69,157,416,396,0
1767886,590,591,856,1325,5306,-1622,-630,676,-219,291,-87,430,389,0
1771220,591,592,350,1100,4163,-798,51,764,-566,-12,257,435,379,0
1774543,593,594,331,1137,2152,-136,109,837,-564,-280,113,420,377,0
1777886,594,595,68,706,-2157,-550,-287,898,-635,-91,-4,434,384,0
1781220,595,596,0,256,-8113,-498,186,957,-94,155,70,439,408,0
1784547,597,597,12,425,-9084,-584,399,1003,258,-106,-29,421,399,0
1787886,598,599,481,406,-8966,-1077,892,1046,-180,157,70,412,400,0
1791221,599,600,443,368,-7942,-664,612,1064,369,23,280,414,402,0
1794550,601,601,87,556,-5461,-497,1021,1067,97,95,214,417,392,0
1797935,602,602,1287,1156,-4585,379,1753,1075,-91,-36,25,391,398,0
1801243,603,603,1475,837,-3295,843,1577,1070,355,-144,372,381,415,0
1804554,604,605,1418,406,-1289,311,1491,1063,26,67,447,384,422,0
1807911,605,606,1625,406,198,1568,1487,1054,225,91,391,373,422,0
1811244,607,608,1381,387,3341,2480,1614,1049,554,203,454,386,423,0
1814557,608,609,968,593,6040,3545,1436,1039,-29,151,226,408,412,0
1817911,609,610,762,743,6778,4703,1095,1022,-9,158,234,419,404,0
1821244,611,611,537,1025,6210,4875,1047,999,-511,-330,282,415,389,0
1824559,612,613,368,1831,2734,3340,1279,988,-1060,-91,209,440,362,0
1827911,613,614,125,1550,-2925,239,1301,985,-597,-153,399,448,356,0
1831244,615,615,275,1306,-7931,-2240,1496,974,587,8,459,424,369,0
1834563,616,616,987,1381,-7032,-3418,1333,964,488,284,134,402,381,0
1837911,617,617,631,781,-3058,-2622,1552,982,-529,446,-116,421,413,0
1841245,618,618,181,612,-4495,-755,1298,993,-342,-40,-160,445,422,0
1844566,620,620,68,293,-6601,431,130,957,146,-230,-313,435,423,0
1847911,621,621,518,800,-5005,-761,121,902,458,-11,394,427,412,0
1851245,622,622,500,650,-2917,-1292,379,845,690,75,653,428,420,0
1854569,624,624,1550,725,1629,163,745,789,493,-39,312,409,453,0
1857912,625,625,1775,800,6933,1763,1164,758,280,-117,228,413,465,0
1861245,626,627,1718,462,8315,1212,1173,754,91,-67,363,416,467,0
1864573,628,628,1531,106,8078,908,563,761,62,-1,297,410,486,0
1867912,629,630,1531,425,9324,58,-283,769,-123,-44,225,426,469,0
1871246,630,631,1493,1081,8150,-990,-646,795,-324,100,-13,428,434,0
1874575,632,633,1418,968,5557,-1170,-1254,776,-726,155,45,416,424,0
1877933,633,634,1212,1287,2195,-1508,-1170,737,-103,-8,233,443,423,0
1881246,635,635,68,1025,643,-1727,-963,704,12,-27,115,466,415,0
1884579,636,637,500,1062,-574,-1109,-554,696,-583,126,156,443,397,0
1887937,637,638,0,500,-2217,-23,-556,672,-791,-270,-134,473,427,0
1891270,639,639,143,631,-6474,-557,-654,639,425,-195,288,446,420,0
1894582,640,641,0,162,-8852,-632,-29,611,-41,105,52,455,429,0
1897937,642,642,443,612,-7030,-367,273,600,6,-44,206,430,421,0
1901273,643,643,518,781,-5572,-406,782,593,175,6,286,426,412,0
1904585,644,645,612,556,-4104,-175,897,566,244,-75,259,421,408,0
1907965,646,646,1550,1118,-1363,1276,1515,564,-38,73,270,393,416,0
1911278,647,647,1268,818,63,2307,2040,581,104,283,417,408,432,0
1914589,648,649,1325,425,11,3274,1753,589,156,80,319,405,437,0
1917938,649,650,1137,743,1977,4247,1719,593,349,233,350,415,420,0
1921279,651,651,650,893,4510,5338,1675,600,156,39,408,441,428,0
1924592,652,653,593,818,4750,5770,1875,625,-573,101,197,444,416,0
1927938,654,654,350,1662,1730,4222,2029,655,-824,-194,126,441,371,0
1931279,655,655,125,1718,-2474,1636,2060,680,-465,-308,550,453,368,0
1934596,657,656,668,2187,-6443,-1437,2212,708,-88,-243,493,440,359,0
1937938,658,657,593,1362,-7871,-4202,2178,729,610,-33,175,423,398,0
1941280,659,659,575,856,-4266,-4683,2247,758,-85,257,210,424,409,0
1944598,660,660,706,706,-2916,-3626,2498,788,-144,169,-132,433,433,0
1947938,662,661,387,631,-5711,-1887,1508,794,101,43,-179,434,437,0
1951280,663,663,518,237,-5098,-1769,2043,854,407,-82,274,427,442,0
1954601,665,664,293,275,-2630,-2168,2299,922,501,-330,434,439,440,0
1957938,666,666,1118,443,2967,-1538,2967,1003,685,5,228,395,431,0
1961280,667,667,1268,350,6317,121,2876,1069,214,-132,147,387,436,0
1964604,668,669,1193,0,8191,886,3322,1137,45,-96,156,396,447,0
1967963,670,670,1081,500,9058,449,3403,1207,76,173,306,402,433,0
1971280,671,671,1025,256,9880,397,2281,1260,73,-220,295,405,446,0
1974607,672,673,856,481,9315,79,1468,1315,-359,180,-45,414,418,0
1977964,673,674,1062,1118,6835,292,673,1356,-269,175,138,419,400,0
1981281,675,675,1081,1137,4595,463,-216,1389,-55,-145,250,402,399,0
1984611,676,677,818,800,3136,208,-232,1418,-626,184,81,416,401,0
1987964,677,678,500,800,592,1018,124,1452,-227,188,167,449,417,0
1991282,679,679,0,650,-673,2098,-161,1464,-442,-76,125,451,403,0
1994615,680,680,0,856,-4399,2542,-29,1481,-916,-190,-208,444,392,0
1997964,681,682,350,0,-9034,1808,336,1512,225,11,-60,419,422,0
2001306,683,683,0,143,-8105,1296,818,1538,223,-32,249,426,414,0
2004617,684,685,162,68,-6400,1055,1227,1568,-115,-172,136,413,418,0
2007964,685,686,481,725,-5228,277,1780,1599,209,-83,222,412,383,0
2011307,687,687,575,68,-3686,383,1438,1616,433,-79,396,391,418,0
2014621,688,688,968,312,-1107,1317,1986,1631,50,-7,351,370,405,0
2017992,689,689,1718,1062,2473,1866,2530,1646,187,-310,387,368,403,0
2021307,690,691,1193,518,4048,1683,2519,1670,-153,57,217,396,416,0
2024623,691,692,1268,293,4364,2384,2231,1686,-143,1,406,392,428,0
2027965,692,693,762,931,3601,3037,2119,1700,-171,-408,535,419,394,0
2031307,694,694,612,1625,1526,2292,2033,1705,-795,-197,405,427,373,0
2034627,695,696,556,1756,-1534,602,1724,1695,-422,-112,523,430,366,0
2037965,696,697,275,1381,-5659,-2134,1322,1672,-419,-22,421,445,370,0
2041308,698,698,331,1212,-7256,-3195,1077,1637,212,156,236,426,379,0
2044630,699,699,800,1400,-6291,-3929,758,1592,90,338,327,417,385,0
2047986,700,700,275,931,-4150,-3279,850,1549,-288,184,53,440,405,0
2051308,702,702,181,481,-4967,-1803,767,1495,-220,163,-260,429,413,0
2054633,703,703,293,650,-6431,-1073,150,1452,-33,101,192,439,420,0
2057990,704,704,12,575,-5578,-712,269,1397,84,-121,73,454,424,0
2061308,706,706,106,237,-4520,-1280,384,1337,296,71,209,433,426,0
2064637,707,707,500,200,-2115,-1150,684,1265,702,70,589,412,428,0
2067990,708,708,1250,481,2276,529,1078,1209,366,-107,166,388,429,0
2071308,709,710,1456,143,4909,1809,1044,1138,477,-212,5,377,431,0
2074639,710,711,1475,68,7226,1418,1192,1069,469,70,340,381,440,0
2077990,712,713,1343,162,8733,991,900,1026,8,220,265,388,435,0
2081332,713,714,1137,368,9200,885,1,980,-3,88,58,399,424,0
2084643,714,715,1381,218,9345,18,-362,948,-61,-6,-9,386,432,0
2087991,715,716,1343,856,8561,-675,-1085,921,-410,266,110,404,414,0
2091333,717,718,1175,743,6634,-808,-1620,877,-142,61,-1,397,404,0
2094646,718,719,462,950,5337,-1032,-1402,829,-221,250,-42,435,393,0
2097991,719,720,237,1081,3977,-446,-578,816,-663,71,-26,463,402,0
2101336,721,721,0,987,1456,77,-485,802,-112,-180,132,451,385,0
2104650,722,723,256,500,-1343,-94,87,794,-339,-53,41,424,395,0
2107991,724,724,0,500,-4553,-356,797,794,-359,169,-25,431,395,0
2111336,725,725,31,143,-6190,-784,708,778,104,-62,57,420,414,0
2114653,726,727,256,162,-7422,-1275,1049,755,-31,85,66,408,413,0
2117991,727,728,593,500,-5422,-936,1137,745,141,-90,136,406,395,0
2121336,729,729,200,575,-4170,-599,1485,730,154,127,259,411,391,0
2124656,730,730,443,593,-4526,479,1480,697,-120,-100,91,398,390,0
2128042,731,731,1512,1137,-4224,1138,947,648,349,-74,415,379,399,0
2131337,732,733,1568,593,-2386,1201,763,602,193,226,544,376,412,0
2134659,733,734,1381,275,-678,2126,697,557,114,291,444,386,429,0
2138014,735,735,1081,575,2006,3485,278,503,160,14,512,386,413,0
2141337,736,737,1193,875,3260,3818,151,453,-417,-43,472,396,397,0
2144662,737,738,893,1043,2552,3717,-23,411,-226,-398,533,412,388,0
2148014,738,739,575,1512,-176,1852,38,379,-658,-190,479,429,363,0
2151337,740,740,462,1531,-3759,-1,330,365,-440,17,325,419,362,0
2154665,741,741,706,1962,-6854,-2054,236,346,182,-201,601,422,355,0
2158015,742,742,387,1418,-6445,-3726,384,334,386,304,462,434,379,0
2161339,744,744,312,687,-4290,-3373,589,348,-68,346,14,422,402,0
2164668,745,745,350,1156,-3414,-2298,718,362,-210,420,-24,436,393,0
2168015,746,746,0,762,-4940,-487,-84,347,-53,-38,-172,455,414,0
2171338,748,748,0,181,-4850,-157,-115,322,391,-350,-200,439,429,0
2174671,749,749,218,143,-3296,-704,260,297,444,199,310,427,431,0
2178015,750,750,1137,462,-146,58,738,287,523,25,433,394,430,0
2181340,752,752,931,162,3104,1679,905,278,363,161,59,405,430,0
2184675,753,753,1081,68,6214,2710,888,278,145,-127,110,386,440,0
2188016,754,754,1325,462,7593,1931,1162,314,-31,78,144,389,435,0
2191343,755,756,1118,237,7697,1533,631,345,537,-111,350,400,431,0
2194678,756,757,1156,500,9335,774,-396,367,60,-31,-17,398,417,0
2198016,758,759,1231,556,9087,456,-532,401,-197,189,-33,394,414,0
2201347,759,760,1006,518,7258,576,-1287,404,-298,-70,74,406,416,0
2204681,760,761,1118,950,4872,221,-1502,376,-225,-187,-3,400,393,0
2208016,762,763,781,650,1678,-528,-877,363,-242,312,226,418,409,0
2211350,763,764,0,781,894,149,-770,337,-82,-78,98,445,380,0
2214684,764,765,12,556,-389,513,-169,306,-648,-18,-47,437,392,0
2218041,766,766,0,537,-4081,374,367,296,-365,51,54,437,393,0
2221354,767,767,0,200,-6372,-114,246,271,-13,29,75,429,411,0
2224687,768,769,50,0,-7443,-609,462,250,53,-172,94,419,417,0
2228044,770,770,125,331,-6303,-771,822,229,-61,31,257,415,404,0
2231356,771,771,518,687,-3796,-738,984,213,130,-19,309,394,385,0
2234691,772,773,406,575,-3579,-189,987,215,211,-50,332,400,391,0
2238077,773,774,1793,800,-1724,1028,1279,231,444,-116,387,364,401,0
2241359,774,775,1643,406,356,1359,1353,251,119,7,414,372,422,0
2244694,775,776,1043,687,1113,2497,1606,293,35,146,415,404,407,0
2248050,777,778,837,462,2570,3130,1200,325,216,-152,513,399,403,0
2251363,778,779,1025,931,3175,3370,814,352,-583,-34,385,405,394,0
2254697,779,780,1175,1625,1351,3055,954,380,-570,-242,601,397,357,0
2258049,780,781,837,1756,-1935,1100,834,396,-546,-274,588,415,350,0
2261366,782,782,312,1793,-5410,-1092,641,409,-528,-58,344,427,348,0
2264701,783,783,537,1775,-7967,-3145,301,406,199,144,393,431,365,0
2268050,785,784,106,1175,-7186,-4072,366,399,582,185,493,433,392,0
2271369,786,786,200,781,-4582,-3709,453,391,-69,308,-76,428,397,0
2274704,787,787,500,1006,-3580,-1749,666,414,-245,164,62,428,401,0
2278051,789,788,87,762,-4664,-925,164,423,163,-168,96,434,414,0
2281373,790,790,181,0,-4021,-1402,584,433,574,-269,122,429,440,0
2284707,791,791,443,12,-1745,-1872,811,435,320,165,336,415,438,0
2288051,792,792,1025,537,1611,-951,1265,447,307,181,341,400,426,0
2291376,794,794,575,143,3119,755,1206,457,535,116,-5,408,431,0
2294710,795,795,1081,0,5402,1870,871,447,564,-61,219,386,453,0
2298051,796,797,1493,481,8184,967,1328,469,-107,108,128,380,418,0
2301379,797,798,1268,0,8462,1129,815,507,124,40,96,392,446,0
2304713,798,799,1325,143,9245,1146,-337,513,-8,23,91,389,436,0
2308051,800,801,1287,575,9299,385,-356,542,-271,221,23,391,413,0
2311382,801,802,875,612,8440,171,-965,559,-355,-20,88,413,411,0
2314716,802,803,968,1025,6428,-94,-1498,540,-430,104,-93,408,389,0
2318052,804,804,893,1081,2778,-575,-939,534,-383,255,-51,412,402,0
2321385,805,806,593,687,1070,-570,-478,525,28,-133,52,406,385,0
2324720,806,807,406,837,-749,-741,-29,512,-232,-51,3,416,377,0
2328077,808,808,0,500,-2632,-836,499,520,-126,52,181,437,395,0
2331388,809,809,0,556,-4086,-867,-39,505,-239,-164,-75,425,392,0
2334724,810,811,0,275,-8285,-566,184,485,97,-66,121,423,407,0
2338077,811,812,293,200,-8861,-3,705,476,568,26,298,422,411,0
2341391,813,813,162,706,-6309,-288,816,471,382,54,544,413,384,0
2344726,814,814,331,743,-4700,-157,876,458,-138,108,83,404,382,0
2348105,815,815,1043,1287,-4270,583,811,441,510,42,364,404,391,0
2351395,816,817,1643,968,-1582,1190,958,421,40,18,444,372,392,0
2354729,817,818,1718,481,579,2670,1446,428,75,54,454,368,418,0
2358077,819,819,1212,518,1868,3809,1555,452,347,-95,600,379,416,0
2361398,820,821,1287,537,3778,4576,1204,459,-178,256,325,391,415,0
2364732,821,822,818,743,4490,5931,997,465,-496,-62,518,416,404,0
2368078,822,823,593,1381,2308,4944,877,472,-832,-569,426,428,370,0
2371402,824,824,481,1925,-2593,2143,709,485,-801,-203,522,418,341,0
2374735,825,825,950,2168,-8824,-1821,611,492,-288,-278,648,409,344,0
2378078,826,826,725,1681,-9942,-3924,468,493,861,174,492,416,365,0
2381404,828,827,50,1100,-6593,-4103,589,490,491,422,342,436,396,0
2384739,829,829,537,1118,-3118,-3059,996,516,-529,446,82,426,395,0
2388078,830,830,443,875,-5010,-1658,337,509,19,40,13,431,408,0
2391407,832,831,331,593,-6767,-647,-254,475,228,-270,-266,421,423,0
2394742,833,833,0,200,-5090,-1319,188,442,311,60,459,440,428,0
2398079,834,834,443,481,-2876,-1442,231,411,252,149,459,431,429,0
2401412,836,835,612,425,-267,-192,639,404,603,143,113,406,432,0
2404745,837,837,1812,1212,3230,1872,898,391,309,8,70,395,427,0
2408103,838,838,1887,612,5154,1915,840,391,45,-250,188,407,475,0
2411414,839,840,1962,0,6427,1160,817,427,578,115,401,403,494,0
2414748,841,841,1643,518,8075,573,-494,423,424,-173,273,404,464,0
2418107,842,843,1887,518,8545,-183,-1201,416,318,-60,-47,407,464,0
2421417,843,845,1681,706,8348,-864,-1721,409,41,153,113,418,454,0
2424751,845,846,1175,593,7902,-1557,-2506,360,-219,115,64,429,444,0
2428107,846,847,1362,668,5862,-2015,-2772,288,-248,243,-253,435,456,0
2431421,848,849,0,162,4261,-1757,-2233,219,-418,100,-127,480,445,0
2434755,849,850,31,312,3552,-663,-1664,152,23,-136,346,468,437,0
2438112,851,852,0,125,2445,-572,-1080,119,-189,-366,26,454,431,0
2441423,852,853,0,0,-602,-1378,-170,108,-345,-9,-200,456,451,0
2444758,854,855,12,200,-4254,-1549,-531,69,-300,-45,-7,453,427,0
2448116,855,856,293,762,-4913,-1641,-625,24,454,117,367,438,397,0
2451427,856,857,500,181,-3412,-1186,-726,-25,-131,193,222,427,428,0
2454762,858,858,650,537,-3020,513,-963,-80,-474,92,146,419,409,0
2458144,859,860,1100,987,-3938,1808,-1215,-148,189,47,349,417,407,0
2461430,860,861,1212,706,-3437,2719,-1449,-239,287,-770,571,411,422,0
2464765,861,862,2562,781,-1784,3363,-1303,-328,912,-874,726,339,418,0
2468116,862,864,1662,0,971,3412,-1692,-418,1222,-1423,752,387,444,0
2471433,862,865,0,462,3630,3800,-1074,-483,245,-1508,744,848,435,0
2474769,862,866,3800,1550,2205,2997,1379,-467,-36,-1415,576,75,377,0
2478129,862,867,3800,2693,-170,905,3410,-383,-184,-837,552,79,316,0
2481436,862,868,3800,3181,-2551,-1359,5104,-243,-302,-498,555,119,290,0
2484771,862,869,0,0,-4872,-3395,6569,-52,-3,95,352,846,476,0
2488117,863,869,0,0,-5320,-3603,7334,158,327,-25,236,852,689,0
2491439,863,870,0,0,-3584,-3496,8325,387,-82,176,212,856,716,0
2494774,864,871,3800,3500,-2712,-3131,7876,623,-37,114,-75,274,316,0
2498130,865,872,3800,3368,-2997,-3062,7450,863,-155,181,-78,294,323,0
2501443,866,873,3800,3387,-3552,-2958,6910,1073,-28,562,-240,340,322,0
2504777,867,874,0,0,-3000,-1845,6014,1254,-80,-61,165,863,563,0
2508117,868,875,0,1531,-2003,-1265,5707,1412,-184,89,-11,864,437,0
2511446,869,877,0,1568,-2838,-1228,4514,1525,261,30,300,869,435,0
2514781,871,878,3125,1400,-991,-1745,2769,1586,465,67,10,469,433,0
2518138,872,879,2562,1456,2398,-1348,2065,1625,91,403,-124,499,446,0
2521449,874,881,1493,800,5482,183,1844,1698,-456,553,-66,540,465,0
2524783,876,882,443,631,7168,1444,389,1747,-792,-32,-150,580,474,0
2528141,878,884,875,631,5921,433,-847,1775,67,140,-242,557,474,0
2531453,880,885,687,575,5572,-1062,-1594,1803,-48,267,-324,551,477,0
2534787,881,887,1193,387,5848,-1604,-2511,1811,217,463,444,524,471,0
2538142,883,888,1493,612,6571,-744,-3132,1783,-143,605,332,508,475,0
2541455,885,890,893,237,6741,1148,-4219,1704,75,-61,-16,502,457,0
2544790,886,891,1400,856,5572,2012,-5401,1568,-233,-125,47,475,424,0
2548142,888,893,1737,650,3934,1290,-5704,1396,-439,436,15,441,419,0
2551459,889,894,1587,987,1507,1452,-6021,1224,-282,105,255,449,401,0
2554793,891,895,1512,781,-1497,1500,-6383,1044,235,-222,166,453,412,0
2558143,892,897,1606,556,-3055,893,-6064,877,-413,343,-46,448,424,0
2561462,893,898,1418,612,-4048,813,-6085,717,33,377,-196,458,421,0
2564796,895,899,1287,312,-4615,1195,-5682,578,-207,197,-95,449,437,0
2568171,896,901,1043,1043,-6360,1466,-5248,459,102,81,223,500,420,0
2571466,898,902,1193,743,-5905,2179,-4880,347,-562,174,-284,476,436,0
2574799,900,903,1381,518,-5334,3180,-4640,255,134,178,242,466,448,0
2578143,901,905,856,293,-5052,3734,-3142,190,-98,-50,227,478,444,0
2581469,903,906,1025,631,-5809,1733,-3320,43,844,171,480,485,442,0
2584803,904,907,1212,1212,-2464,890,-4380,-199,328,96,592,459,411,0
2588143,905,909,2112,1568,-1175,1067,-3768,-476,-86,86,881,411,376,0
2591471,907,910,2900,1906,-1591,-958,-3064,-777,-102,-527,905,369,358,0
2594806,908,911,3312,2600,-1700,-5484,-2322,-1079,-588,-302,756,363,337,0
2598177,908,911,3800,2806,-4011,-5707,633,-1319,-16,-547,784,328,337,0
2601475,908,912,0,1550,-5357,-4142,3720,-1449,566,-696,875,848,404,0
2604810,910,913,3800,3631,-5095,-3855,5772,-1502,916,-118,633,80,309,0
2608178,910,914,3800,3725,-2971,-2501,6296,-1521,172,252,487,67,304,0
2611478,910,915,0,0,-3363,-570,6092,-1518,525,387,284,846,809,0
2614812,910,916,3800,3331,-3709,1409,4876,-1544,65,193,219,95,325,0
2618181,910,917,3800,2506,-4015,2238,3685,-1570,-152,229,233,110,385,0
2621481,911,918,0,1343,-4790,2719,2188,-1588,141,60,35,848,447,0
2624816,911,919,3800,1925,-4032,2370,449,-1639,334,104,48,140,421,0
2628181,911,921,3800,1812,-1886,1905,-372,-1708,-423,162,-68,159,427,0
2631484,911,922,0,368,-1153,1833,-666,-1741,-67,105,-64,844,504,0
2634819,912,924,3800,1250,-867,2709,-826,-1741,459,225,-126,177,457,0
2638182,912,925,3800,1081,-839,4682,-936,-1720,-235,255,-5,194,466,0
2641487,912,927,0,725,-866,6754,-2460,-1718,-327,-207,107,852,485,0
2644822,913,928,0,575,-2158,6411,-3226,-1721,727,-108,-106,853,477,0
2648182,913,929,3800,968,610,5044,-2005,-1652,-152,215,239,221,472,0
2651491,914,931,0,0,2474,5792,-1563,-1532,-101,-96,214,854,539,0
2654825,914,933,0,0,3846,5171,-747,-1377,-110,-178,331,853,504,0
2658182,915,934,3800,87,5009,4253,177,-1184,-71,-120,207,256,465,0
2661494,916,936,0,31,5098,3982,15,-984,97,-335,24,856,468,0
2664829,917,937,0,481,4797,3344,665,-773,-117,-20,461,858,444,0
2668182,918,938,3800,481,4592,2778,814,-558,-224,4,158,367,444,0
2671497,919,940,0,0,4560,1948,1610,-330,542,-420,42,861,457,0
2674831,920,941,0,425,6020,1629,2613,-84,251,-610,-25,872,431,0
2678211,922,943,3800,1306,7668,2802,3708,183,76,-465,-278,505,406,0
2681500,924,944,0,612,6158,2109,4055,455,812,-119,152,878,443,0
2684859,925,945,0,256,8386,-1073,3450,661,-237,-62,-140,879,462,0
2688191,928,947,3312,406,9062,-3020,4105,893,-183,-24,406,587,438,0
2691504,929,948,3481,406,8493,-5243,3374,1135,-325,-263,413,594,454,0
2694862,931,949,3350,1025,7338,-10395,2880,1343,-292,-212,268,585,421,0
2698194,933,951,1887,1268,5157,-13100,2797,1526,-119,175,76,647,392,0
2701507,935,952,2018,1381,2419,-12883,2445,1675,596,-532,-23,624,386,0
2704865,937,953,1531,2093,1656,-11789,2135,1722,-841,442,657,650,364,0
2708195,940,954,575,1906,-2828,-10846,1769,1661,-1023,1126,-225,664,369,0
2711510,942,955,331,2037,-6752,-7541,1676,1533,-1128,804,-119,661,362,0
2714869,944,956,968,2262,-14103,-4686,1091,1370,-1177,220,-44,627,366,0
2718195,946,957,1231,2300,-16856,-3394,1063,1213,-526,637,517,597,364,0
2721514,948,958,1812,1850,-15539,80,1993,1123,240,446,503,550,388,0
2724873,950,959,2318,1962,-12020,1687,2386,1083,335,257,532,523,398,0
2728197,952,961,2093,1493,-7619,1671,1348,1056,472,607,742,519,407,0
2731516,953,962,2712,1475,-2575,726,353,1053,683,247,744,486,408,0
2734875,955,963,2618,1756,3599,-509,2,1065,-10,560,306,496,414,0
2738196,956,964,2487,1456,5316,-299,-587,1067,-775,515,-210,503,430,0
2741520,958,966,1850,556,3103,987,-2617,1011,359,417,-121,521,462,0
2744878,960,967,1437,781,4213,861,-2940,949,179,38,-176,543,466,0
2748196,962,969,725,106,6372,1407,-2363,952,-133,1018,279,565,486,0
2751524,963,970,1306,443,5904,2125,-3809,934,46,-176,122,534,468,0
2754878,965,972,368,0,6964,-212,-3886,875,595,-350,29,568,492,0
2758196,967,973,856,350,7774,-2399,-4885,771,758,-308,329,542,473,0
2761526,969,975,425,0,8810,-4601,-4944,640,136,-266,271,527,480,0
2764883,970,976,1043,68,9663,-6124,-4818,484,-281,-71,66,494,450,0
2768217,972,978,1081,800,9559,-5807,-4820,333,-509,149,-368,476,395,0
2771529,973,979,781,275,7589,-4468,-5110,152,-362,139,-114,492,423,0
2774886,975,980,1212,743,2831,-3922,-5540,-45,21,258,335,469,414,0
2778221,977,982,462,725,2426,-3864,-5568,-270,119,1,30,493,399,0
2781532,978,983,725,706,2099,-3110,-4974,-507,-430,59,-127,479,400,0
2784887,980,984,237,893,564,-2095,-4996,-779,-611,-36,-144,489,390,0
2788249,981,985,1043,1868,-3180,-1836,-4787,-1055,-211,97,48,484,376,0
2791535,983,987,575,1493,-6717,-1129,-4796,-1313,183,316,391,493,396,0
2794887,985,988,0,781,-8103,520,-4185,-1572,-143,-58,-86,527,418,0
2798221,986,989,406,1156,-9473,1600,-3657,-1792,-268,-51,-111,486,398,0
2801539,988,990,0,1400,-11609,2049,-3752,-1999,-76,182,-30,524,401,0
2804887,989,992,350,556,-12861,2977,-3006,-2180,-77,48,-107,489,430,0
2808221,991,993,912,762,-13924,3591,-2019,-2320,64,-306,257,443,419,0
2811543,992,994,1362,818,-14956,4031,-1215,-2424,256,-272,29,419,416,0
2814887,993,996,2131,1156,-14876,4044,-335,-2490,1097,-248,116,394,398,0
2818222,995,997,1287,650,-12078,3057,-340,-2553,-30,-49,202,418,420,0
2821546,996,998,1081,893,-10044,2187,241,-2580,1089,-213,523,429,407,0
2824888,997,999,1962,1418,-7344,1891,168,-2608,1019,-347,732,398,395,0
2828222,998,1001,2337,950,-1491,-231,800,-2645,928,140,959,378,404,0
2831549,1000,1002,2093,1268,5196,-1203,2044,-2656,602,355,622,375,387,0
2834888,1001,1003,2243,1306,8705,-1420,2305,-2626,444,228,515,383,401,0
2838223,1002,1004,2243,1175,10870,-1426,2921,-2545,20,104,225,383,408,0
2841553,1003,1006,1775,593,12602,-907,3819,-2426,560,251,219,408,423,0
2844909,1005,1007,1550,668,15114,51,4427,-2269,-355,72,270,425,440,0
2848244,1006,1009,1456,331,14604,832,4238,-2055,-972,215,253,430,442,0
2851555,1007,1010,1456,275,9712,900,3550,-1852,-79,470,409,430,445,0
2854913,1009,1011,1231,631,9496,1370,2331,-1706,174,101,412,442,442,0
2858247,1010,1013,1625,818,10687,1355,1680,-1534,-1137,-131,424,421,416,0
2861559,1011,1014,2243,1193,6224,-398,747,-1389,-307,6,469,388,396,0
2864913,1012,1015,2262,1343,4180,-1482,-520,-1253,-410,-128,602,387,388,0
2868247,1014,1016,2300,1850,1656,-2528,-1379,-1142,-478,-69,438,385,377,0
2871562,1015,1017,1943,1381,-1660,-4739,-2248,-1061,-139,8,501,382,380,0
2874913,1016,1018,2131,1381,-3032,-5746,-2780,-998,-207,134,185,372,380,0
2878248,1017,1020,1793,875,-3976,-5803,-3370,-943,-52,175,84,390,391,0
2881565,1018,1021,1287,743,-3964,-6390,-3423,-877,-41,59,85,417,398,0
2884914,1020,1022,762,1006,-5069,-6081,-3205,-803,-310,22,-188,445,400,0
2888248,1021,1023,368,631,-6844,-5345,-3813,-767,299,88,-89,466,420,0
2891567,1023,1025,462,237,-8043,-5187,-4085,-738,-215,33,268,445,425,0
2894914,1024,1026,218,425,-9038,-4796,-3576,-701,-267,6,-196,458,415,0
2898276,1026,1027,800,1418,-10113,-3999,-3472,-659,282,-63,-335,449,400,0
2901571,1027,1029,725,762,-8786,-3935,-3328,-632,144,8,194,453,419,0
2904914,1029,1030,518,218,-7980,-4039,-3554,-629,58,-193,193,448,448,0
2908248,1030,1032,687,256,-6964,-4002,-2655,-595,403,39,178,439,430,0
2911574,1031,1033,1287,50,-4353,-3615,-2212,-570,250,37,258,423,457,0
2914914,1033,1035,1062,481,-3060,-4012,-2224,-576,263,256,390,419,418,0
2918249,1034,1036,987,125,-929,-3259,-2533,-618,229,190,166,423,437,0
2921577,1035,1037,1025,518,730,-2085,-2471,-684,207,92,212,421,416,0
2924935,1037,1039,1362,818,1274,-2123,-2703,-758,-65,60,371,403,400,0
2928270,1038,1040,912,762,1446,-2152,-3094,-862,-154,420,110,422,398,0
2931581,1039,1041,1137,1100,594,-1054,-2777,-955,-180,-463,617,410,380,0
2934938,1040,1042,2000,1381,109,-268,-884,-1007,-565,-129,86,380,381,0
2938273,1042,1043,1906,1381,-1830,1197,2022,-1008,-74,26,232,369,381,0
2941583,1043,1044,1868,1456,-2742,2792,5328,-913,225,-148,235,371,377,0
2944939,1044,1046,1156,1100,-2671,3906,6655,-797,79,-157,40,425,396,0
2948272,1045,1047,725,1043,-1949,3629,7350,-686,45,135,184,448,399,0
2951587,1047,1048,106,725,-1774,2169,7395,-594,5,-64,109,465,416,0
2954939,1048,1049,1306,1587,-1207,760,7104,-504,15,49,-122,470,439,0
2958272,1050,1051,762,1081,-1548,-311,6509,-412,-113,187,-195,483,450,0
2961590,1051,1052,687,762,-1559,-1073,5749,-305,373,-23,68,487,467,0
2964940,1053,1054,912,556,446,-1998,5677,-180,566,126,198,475,478,0
2968273,1055,1055,425,912,2527,-2493,5637,-27,133,-186,65,485,459,0
2971593,1056,1057,1306,631,2408,-3109,5325,155,-74,-95,189,438,458,0
2974940,1057,1058,2243,875,1633,-3235,5429,367,301,191,528,388,445,0
2978273,1058,1060,2918,725,3262,-2299,5126,598,719,-346,178,368,453,0
2981596,1059,1061,2562,31,4450,-1785,5752,864,363,22,-43,365,468,0
2984939,1061,1063,2131,0,5029,-1878,6537,1174,187,311,380,372,460,0
2988273,1062,1064,2412,31,5600,-651,6842,1495,-209,241,170,357,452,0
2991599,1063,1066,1887,0,5129,9,7529,1830,162,127,291,385,457,0
2994940,1064,1067,2000,181,5395,-504,7692,2190,246,324,-240,395,444,0
2998273,1065,1068,1831,331,5585,310,7080,2539,47,40,278,404,436,0
