Time, Rlegs, Llegs, DCL, DCR, GyroX, GyroY, GyroZ, GyroZAvg, AccelX, AccelY, AccelZ, LBEMF, RBEMF, SteerOut
3118,1077,1058,0,0,-248,172,-118,-117,-22,0,228,91,92,0
6473,1077,1058,0,0,-247,178,-118,-117,-23,0,223,91,92,0
9806,1077,1058,0,0,-248,174,-115,-117,-23,0,226,91,92,0
13122,1077,1058,0,0,-243,175,-117,-117,-23,1,219,91,92,0
16473,1077,1058,0,0,-248,176,-118,-117,-22,0,226,91,92,0
19806,1077,1058,0,0,-248,179,-117,-117,-18,-4,225,91,91,0
23124,1077,1058,0,0,-248,174,-115,-117,-25,0,224,91,92,0
26473,1077,1058,0,0,-248,171,-118,-117,-24,1,228,91,92,0
29806,1077,1058,0,0,-248,170,-118,-117,-20,2,225,91,92,0
33128,1077,1058,0,0,-247,172,-116,-117,-19,1,228,91,92,0
36473,1077,1058,0,0,-250,170,-118,-117,-23,0,227,91,92,0
39807,1077,1058,0,0,-247,174,-116,-117,-20,0,228,91,92,0
43130,1077,1058,0,0,-246,178,-117,-117,-24,0,232,91,91,0
46474,1077,1058,0,0,-246,180,-116,-117,-24,-1,224,91,92,0
49807,1077,1058,0,0,-246,179,-118,-117,-25,2,224,91,92,0
53134,1077,1058,0,0,-248,178,-116,-117,-22,0,224,91,92,0
56474,1077,1058,0,0,-246,177,-118,-117,-23,0,226,91,92,0
59807,1077,1058,0,0,-244,176,-116,-117,-22,0,226,91,92,0
63137,1077,1058,0,0,-248,176,-118,-117,-21,-1,228,91,92,0
66474,1077,1058,0,0,-248,175,-117,-117,-21,0,228,91,92,0
69807,1077,1058,0,0,-249,176,-119,-117,-22,-4,227,91,92,0
73140,1077,1058,0,0,-248,174,-119,-117,-20,0,225,91,92,0
76495,1077,1058,0,0,-248,174,-119,-117,-21,0,227,91,92,0
79810,1077,1058,0,0,-247,173,-116,-117,-21,-2,226,91,92,0
83143,1077,1058,0,0,-247,173,-117,-117,-21,0,231,91,92,0
86499,1077,1058,0,0,-245,176,-118,-117,-23,0,221,91,92,0
89832,1077,1058,0,0,-246,175,-116,-117,-22,0,229,91,92,0
93146,1077,1058,0,0,-247,173,-119,-117,-24,-1,227,91,92,0
96499,1077,1058,0,0,-247,175,-117,-117,-22,1,224,91,92,0
99835,1077,1058,0,0,-247,174,-117,-117,-22,0,230,91,92,0
103150,0,0,743,725,-250,174,-116,-117,-25,1,224,91,92,0
106499,0,0,743,725,-246,173,-117,-117,-24,0,227,91,92,0
109840,0,0,743,725,-247,174,-116,-117,-26,1,230,91,92,0
113153,0,0,743,725,-246,176,-118,-117,-20,0,230,91,92,0
116500,0,0,743,725,-247,173,-118,-117,-23,-2,228,91,92,0
119841,0,0,743,725,-246,176,-116,-117,-23,0,231,91,92,0
123156,0,0,743,725,-248,179,-118,-117,-24,1,225,91,92,0
126501,0,0,743,725,-248,177,-118,-117,-25,1,228,91,92,0
129841,0,0,743,725,-245,178,-119,-117,-25,0,226,91,92,0
133159,0,0,743,725,-247,178,-117,-117,-21,0,228,91,92,0
136500,0,0,743,725,-244,175,-118,-117,-23,-2,226,91,92,0
139842,0,0,743,725,-249,174,-118,-117,-21,-3,225,91,92,0
143163,0,0,743,725,-248,171,-118,-117,-25,1,227,91,92,0
146500,0,0,743,725,-249,172,-119,-117,-20,0,230,91,92,0
149842,0,0,743,725,-247,173,-120,-117,-22,1,231,91,92,0
153167,0,0,743,725,-248,173,-118,-117,-22,1,227,91,92,0
156501,0,0,743,725,-245,173,-119,-117,-20,-2,231,91,92,0
159842,0,0,743,725,-246,176,-118,-117,-23,-1,225,91,92,0
163169,0,0,743,725,-246,176,-116,-117,-23,0,221,91,92,0
166525,0,0,743,725,-248,175,-116,-117,-21,0,227,91,92,0
169842,0,0,743,725,-246,174,-119,-117,-21,1,220,91,92,0
173172,0,0,743,725,-246,174,-117,-117,-25,1,226,91,92,0
176525,0,0,743,725,-248,173,-118,-117,-27,0,229,91,92,0
179843,0,0,743,725,-246,172,-117,-117,-24,1,226,91,92,0
183175,0,0,743,725,-246,177,-119,-117,-21,-1,232,91,92,0
186526,0,0,743,725,-247,177,-118,-117,-20,-2,231,91,92,0
189844,0,0,743,725,-247,178,-119,-117,-19,0,228,91,92,0
193178,0,0,743,725,-245,177,-119,-117,-23,0,224,91,92,0
196526,0,0,743,725,-249,177,-117,-117,-24,0,227,91,92,0
199868,0,0,743,725,-248,176,-119,-117,-23,-1,227,91,92,0
203368,0,0,743,725,-250,178,-118,-117,-23,-3,223,91,92,0
206529,0,0,387,0,-247,174,-119,-117,-63,-32,170,222,250,0
209871,0,1,856,800,-532,-3,-170,-119,-30,-37,235,213,200,0
213185,1,1,462,687,-632,68,-126,-119,28,-45,227,234,222,0
216529,2,2,312,500,-364,-53,-53,-117,55,45,267,242,232,0
219872,2,2,725,500,93,36,177,-108,-62,84,207,236,248,0
223188,3,3,556,593,72,251,429,-91,-21,-38,204,245,243,0
226529,3,4,1250,650,181,132,387,-75,-46,42,244,240,256,0
229872,4,4,893,668,436,6,382,-60,-133,61,239,259,271,0
233191,5,5,650,650,252,167,513,-40,33,39,392,272,272,0
236530,6,6,368,143,954,124,452,-22,-154,56,277,267,279,0
239873,6,7,1062,350,895,9,248,-11,-77,151,348,246,268,0
243194,7,7,743,556,873,252,104,-4,-158,29,297,263,273,0
246551,8,8,612,518,711,186,-101,-3,-286,127,294,270,275,0
249872,8,9,987,725,-837,297,-529,-16,-199,119,339,266,264,0
253199,9,10,912,687,-1563,54,-782,-37,-59,167,298,270,266,0
256554,10,10,893,1156,-2105,-536,-998,-64,-62,78,305,287,273,0
259873,11,11,1025,1325,-2869,-921,-1073,-94,-102,-20,247,280,264,0
263201,12,12,837,987,-3308,-1395,-836,-117,-164,140,149,290,266,0
266555,12,13,1287,1493,-4426,-1782,-828,-139,-118,114,186,302,275,0
269873,13,13,950,1681,-5472,-2222,-617,-154,-109,88,78,320,281,0
273204,14,14,781,1418,-5582,-2568,-432,-164,-115,189,132,329,295,0
276555,15,15,725,1343,-5690,-2614,-173,-166,-27,225,117,332,299,0
279873,16,16,518,1268,-5311,-2742,46,-161,7,47,84,343,303,0
283207,17,17,518,1250,-4998,-2779,267,-149,-27,375,111,343,304,0
286555,18,18,668,1437,-4679,-2636,337,-135,109,179,3,351,310,0
289897,19,19,668,1268,-4135,-2442,735,-108,6,279,143,351,319,0
293211,20,20,650,706,-3483,-1924,1101,-70,84,116,172,352,349,0
296583,22,21,275,537,-2768,-1169,1722,-12,80,234,269,352,354,0
299902,23,22,0,462,-1878,-190,2018,53,420,17,265,352,342,0
303214,24,23,31,593,329,192,2506,135,144,177,49,349,335,0
306556,25,24,462,837,1826,1249,3111,236,305,137,170,342,338,0
309901,26,25,650,612,4108,2512,3519,350,108,151,87,332,350,0
313217,27,26,556,481,5216,3262,3630,467,366,39,176,337,357,0
316556,28,27,481,256,7353,3503,3594,585,19,134,-31,341,369,0
319902,29,28,631,350,8268,4004,3242,690,117,-21,165,333,364,0
323220,30,30,481,425,9214,4040,2722,777,-39,17,-46,341,360,0
326578,31,31,725,500,9875,3571,1965,833,-201,-72,124,328,340,0
329902,32,32,1400,743,9275,2277,1087,853,-214,73,104,312,347,0
333223,33,33,1400,706,7993,1291,574,859,-359,96,320,328,349,0
336579,34,34,1025,1662,5542,453,303,857,-502,-100,107,348,314,0
339903,35,35,1081,1812,1632,76,-248,833,-690,-197,359,345,306,0
343227,36,35,1006,1962,-2296,-829,-331,808,-628,-73,168,349,314,0
346581,37,36,950,1550,-5928,-1920,-551,783,-318,7,369,352,336,0
349903,38,37,856,1418,-8426,-3266,-829,754,-50,149,27,357,343,0
353231,39,39,575,706,-8709,-3772,-855,731,-172,241,125,372,365,0
356580,40,40,612,518,-8805,-3780,-1092,713,-19,-33,-20,386,391,0
359902,41,41,293,406,-8302,-3825,-913,709,451,0,284,383,377,0
363233,43,42,200,106,-6203,-3492,-310,730,529,137,525,388,393,0
366580,44,43,200,612,-3662,-2323,434,778,-49,33,169,372,366,0
369903,45,45,387,575,-2641,-778,1672,856,92,22,476,362,352,0
373237,46,46,537,556,-1648,475,2705,966,704,-133,273,354,353,0
376580,47,47,950,331,1514,1607,3377,1091,555,-134,334,332,365,0
379905,48,48,950,312,6104,2374,3996,1230,18,89,72,332,366,0
383239,49,49,593,237,6588,3207,4432,1373,235,121,277,351,370,0
386581,50,50,593,162,6850,4256,4526,1513,-84,31,49,351,374,0
389932,51,52,1062,593,7314,5918,4275,1639,91,91,122,362,371,0
393242,52,53,856,687,8162,6651,3646,1742,-601,123,93,373,366,0
396581,53,54,687,1193,6180,7097,3797,1838,-695,-128,314,382,339,0
399911,54,55,1025,1793,641,4612,3619,1916,-965,-426,410,364,307,0
403246,56,56,687,1681,-4363,1699,4121,1991,-633,-89,354,366,313,0
406581,57,57,556,1587,-8147,-855,4094,2056,95,6,542,373,318,0
409915,58,57,743,2018,-9267,-3023,2713,2063,518,188,284,379,327,0
413249,59,59,706,1418,-6725,-3680,2499,2044,55,410,292,381,359,0
416606,60,60,893,875,-5320,-3243,2588,2015,-247,102,28,371,372,0
419918,61,61,593,425,-6373,-1937,1930,1961,-266,347,-169,387,396,0
423252,63,62,0,350,-8059,-1249,1280,1889,37,-34,-21,397,380,0
426609,64,63,0,293,-7672,-593,719,1810,-55,-329,-349,395,383,0
429921,65,65,0,31,-8455,-1769,746,1749,385,49,142,391,381,0
433256,66,66,143,143,-6307,-1936,992,1718,719,87,462,375,375,0
436614,67,67,837,331,-2421,-769,1687,1737,313,148,353,354,381,0
439925,68,68,1006,481,1445,1209,2299,1791,16,-83,4,345,373,0
443258,69,69,1193,87,1866,1873,2057,1846,722,-8,233,335,394,0
446615,70,71,1325,0,4124,2040,2171,1921,579,-89,618,328,386,0
449927,71,72,1568,0,8135,1595,2166,1999,-140,17,288,315,393,0
453262,72,73,1925,500,8692,829,1667,2069,209,-86,138,316,376,0
456615,73,74,1606,518,9699,66,1223,2133,286,85,74,333,375,0
459930,74,75,1362,462,11902,-865,465,2174,133,-84,-14,346,378,0
463265,76,77,1212,350,12191,-1336,-89,2205,-199,252,38,354,368,0
466615,77,78,743,912,10858,-1201,-345,2223,-182,103,89,379,354,0
469934,78,79,725,856,9154,-1074,-50,2231,-645,317,-53,380,357,0
473268,79,80,387,800,5702,-884,54,2219,-430,36,166,398,360,0
476615,80,81,256,856,3057,-1465,300,2176,-273,51,97,405,357,0
479937,82,82,256,1025,8,-1431,850,2118,-589,67,11,389,348,0
483271,83,83,0,668,-2300,-1324,1059,2046,-349,-127,179,405,363,0
486615,84,85,125,256,-4826,-1277,1045,1954,-508,68,-2,392,369,0
489940,85,86,50,350,-8052,-819,920,1844,23,79,15,396,364,0
493275,87,87,181,237,-8450,-914,1061,1736,15,40,111,389,370,0
496616,88,88,0,387,-8385,-417,1458,1648,66,103,203,383,362,0
499943,89,89,312,575,-7198,228,1464,1580,251,-25,310,366,352,0
503278,90,90,650,518,-5969,459,1537,1509,-11,-6,158,348,355,0
506616,91,91,837,331,-5263,599,1323,1437,115,-113,345,338,365,0
509946,92,93,1043,312,-3259,824,1028,1340,140,248,478,327,366,0
513281,93,94,1118,0,-1395,1938,1191,1250,594,177,549,323,371,0
516617,94,95,1700,575,1982,2756,894,1193,202,407,452,328,372,0
519950,95,96,1512,312,5760,4379,415,1128,-114,261,565,338,386,0
523284,96,97,1212,725,7624,5285,15,1047,-561,-38,252,354,364,0
526642,97,98,987,1606,5875,5646,191,993,-1155,-218,463,366,317,0
529953,98,99,837,2018,-270,2394,10,953,-923,-480,587,374,295,0
533287,100,100,856,1868,-5417,-645,175,936,-355,-123,562,373,303,0
536642,101,101,762,1737,-8442,-2985,293,922,390,34,539,378,326,0
539957,102,102,668,1400,-5145,-3823,-274,883,468,358,349,383,344,0
543291,103,103,406,1081,-1654,-3187,69,832,-2,308,391,397,361,0
546642,104,104,0,293,-1545,-2320,41,762,-543,-15,-175,406,383,0
549959,106,105,0,331,-5030,-1185,-811,672,291,200,-298,387,381,0
553294,107,106,0,425,-5153,-251,-1247,565,-114,-198,36,396,376,0
556643,108,108,0,237,-4894,-551,-1033,465,188,-119,-57,384,370,0
559962,109,109,237,87,-5101,-1009,-945,383,506,196,399,370,378,0
563297,110,110,500,331,-1834,-37,-659,325,559,-25,289,356,365,0
566643,111,111,762,143,1748,1224,260,318,-59,189,-7,358,391,0
569966,112,112,762,312,1752,2001,-13,321,-1,21,12,358,382,0
573300,114,114,575,0,1248,3035,-427,318,486,58,220,352,389,0
576643,115,115,1193,256,3222,3419,-535,303,174,-170,399,339,389,0
579969,116,116,987,556,5303,2748,-782,277,159,-159,118,350,373,0
583303,117,117,1081,350,6779,1909,-1135,232,478,-191,217,345,384,0
586644,118,118,1250,593,8707,1042,-1469,159,-185,89,118,336,371,0
589973,119,120,931,218,8809,396,-1765,71,-13,-80,126,353,375,0
593307,120,121,593,537,8227,-187,-1966,-22,-375,135,-153,371,358,0
596644,121,122,800,687,6063,-103,-1644,-102,-270,-22,59,376,366,0
599975,122,123,406,687,3121,-420,-1651,-187,-231,-43,83,397,366,0
603310,124,124,406,800,1219,-250,-1446,-278,-279,151,17,397,360,0
606696,125,125,0,462,354,-211,-872,-351,114,-65,199,406,374,0
609978,126,127,0,0,-1050,-120,-650,-419,-537,-72,-87,397,379,0
613313,127,128,0,0,-3468,-135,-355,-471,-184,21,2,386,378,0
616671,129,129,0,200,-5436,-817,-349,-514,-57,-224,122,388,372,0
619982,130,130,0,406,-6249,-1084,-215,-558,115,17,-105,383,361,0
623316,131,131,312,575,-5461,-877,-33,-587,326,46,284,366,352,0
626673,132,132,387,556,-4008,101,-153,-605,-56,107,155,362,353,0
629985,133,133,500,500,-3193,1322,16,-605,206,-30,355,356,356,0
633319,134,135,650,443,-2331,1619,-90,-614,351,-232,461,348,359,0
636677,135,136,1212,162,-522,2180,131,-610,474,-88,528,318,358,0
639989,136,137,1550,443,2555,2943,298,-606,117,-277,681,320,363,0
643323,137,138,893,537,3368,3592,772,-591,-159,-224,696,355,358,0
646680,138,139,1156,1325,2490,2098,820,-557,-562,-519,652,357,332,0
649992,139,140,856,1831,-1455,341,1331,-518,-400,-210,895,373,305,0
653326,140,141,800,1587,-3683,-1504,1315,-478,-302,-103,868,376,318,0
656681,142,142,462,1306,-5927,-2836,819,-427,107,68,630,378,333,0
659994,143,143,425,1081,-5095,-2925,628,-368,174,152,583,380,345,0
663329,144,144,162,762,-3801,-2558,1060,-303,-133,-45,257,394,362,0
666680,145,145,368,912,-3179,-1666,777,-249,-323,191,98,399,370,0
669998,147,146,0,331,-4506,-1510,258,-220,-87,182,49,415,381,0
673332,148,147,0,425,-5241,-833,-6,-229,-7,65,-214,397,376,0
676681,149,149,0,312,-5027,-931,65,-226,16,-109,95,388,366,0
680001,150,150,31,200,-4105,-1342,26,-212,147,38,36,381,372,0
683335,151,151,368,106,-3315,-981,252,-187,446,127,294,363,377,0
686681,152,152,537,368,-1831,238,567,-145,208,-24,91,354,363,0
690004,154,153,181,50,797,572,361,-99,18,207,-161,357,380,0
693339,155,155,575,125,1066,600,118,-49,166,130,232,352,376,0
696682,156,156,425,0,1372,1254,-239,-1,288,98,182,344,378,0
700008,157,157,1212,668,3157,1569,-476,44,110,20,382,338,367,0
703342,158,158,1081,237,4265,1316,-707,74,119,-54,78,345,390,0
706682,159,159,1137,406,5052,806,-1020,93,549,43,192,342,381,0
710010,160,161,1175,556,7011,382,-1353,96,128,27,75,340,373,0
713345,161,162,1043,556,7752,531,-1776,68,177,-21,127,347,373,0
716703,162,163,762,387,8346,216,-2112,22,-78,-23,-149,362,366,0
720014,163,164,1006,687,7403,245,-2042,-29,-251,-31,-33,365,366,0
723348,164,165,837,275,5813,-335,-2171,-86,-227,-57,15,374,388,0
726707,165,166,743,537,2826,-728,-1841,-137,-237,66,106,379,374,0
730017,167,167,368,556,1649,-688,-1478,-182,176,-123,145,383,373,0
733351,168,169,0,0,1228,-753,-1089,-212,-442,23,-13,394,379,0
736707,169,170,68,0,-693,-712,-529,-229,-320,-46,-28,379,376,0
740020,170,171,125,0,-2654,-1221,-386,-238,-405,61,-129,376,374,0
743354,171,172,31,68,-4703,-1101,-322,-252,-33,50,6,381,363,0
746708,173,173,50,612,-4136,-735,-219,-268,413,-24,307,380,350,0
750023,174,174,218,650,-2814,46,-15,-293,-122,230,261,371,348,0
753358,175,175,406,481,-2285,1145,-557,-336,113,-123,328,361,357,0
756708,176,176,762,575,-2160,1819,-685,-399,-114,-64,333,342,352,0
760026,177,178,912,293,-1777,2799,-857,-467,272,-99,567,334,351,0
763361,178,179,1756,668,-412,3909,-933,-521,12,198,662,309,351,0
766708,179,180,1156,612,1311,6074,-762,-565,155,-109,860,341,354,0
770030,180,181,1118,1043,2127,5347,-630,-618,-425,-282,847,343,331,0
773364,181,182,1062,1493,-84,3186,-660,-663,-323,-550,897,346,307,0
776708,182,183,1212,1962,-2573,-751,-413,-684,-326,-160,799,354,298,0
780033,183,183,1025,1925,-5000,-2997,-27,-684,-47,-103,616,364,316,0
783368,184,184,1025,1812,-5153,-4646,-109,-690,206,196,478,364,322,0
786708,185,186,331,856,-4311,-4746,574,-673,267,304,241,401,357,0
790036,187,187,331,725,-3510,-4426,635,-661,-158,186,159,385,364,0
793370,188,188,0,425,-3850,-3499,305,-669,-288,182,-223,406,376,0
796708,189,189,106,612,-5508,-2593,166,-675,-68,151,3,393,366,0
800040,190,190,106,331,-6101,-1961,43,-677,-103,-50,12,393,381,0
803374,192,191,312,368,-6192,-2093,196,-664,41,-107,-124,382,379,0
806730,193,193,0,125,-6008,-2947,369,-637,305,-22,267,385,376,0
810042,194,194,275,143,-4060,-3103,466,-601,394,-13,62,368,375,0
813377,195,195,537,68,-1735,-2497,676,-548,189,87,146,354,379,0
816733,196,196,312,256,-193,-1338,1048,-472,-119,75,-220,366,369,0
820046,197,197,368,31,-281,-49,703,-395,400,140,55,363,381,0
823380,198,199,500,181,1145,743,580,-311,247,61,218,356,373,0
826733,200,200,1437,1081,3078,1747,754,-224,132,182,154,374,393,0
830049,201,201,875,462,4432,2079,818,-130,500,18,136,404,426,0
833384,202,203,950,968,5682,2602,734,-50,-53,263,-93,400,399,0
836733,203,204,1043,331,6005,3690,73,-1,-6,87,29,395,417,0
840052,205,205,1081,650,6463,3902,-693,10,229,2,103,393,400,0
843387,206,207,837,368,7111,3945,-806,2,-258,193,-144,406,415,0
846734,207,208,875,0,7038,3704,-840,-12,139,-32,-57,404,438,0
850055,208,209,1006,181,6074,3307,-1134,-37,-63,-72,-185,397,425,0
853391,210,211,706,0,4622,3201,-1115,-65,-399,-36,71,397,420,0
856734,211,212,143,0,2869,2983,-991,-96,-111,-130,-13,407,427,0
860059,212,213,462,0,1360,2399,-552,-95,163,-208,47,390,404,0
863393,213,215,0,0,1363,2548,-382,-86,-451,72,-167,415,391,0
866734,215,216,0,181,-300,2931,-1,-59,528,-32,240,404,373,0
870062,216,217,106,0,809,3611,441,-16,18,-36,-24,393,386,0
873397,217,218,312,537,2032,3337,779,31,-159,-141,309,398,370,0
876735,218,219,631,518,2807,1572,369,62,-592,-231,151,381,371,0
880065,219,221,912,612,-307,518,159,88,-534,0,573,366,366,0
883422,220,222,1681,818,-2911,77,-83,98,-333,-558,672,325,339,0
886756,221,223,2131,1418,-4444,-982,-70,97,-366,-252,827,321,327,0
890068,222,223,2000,1737,-5183,-2184,-606,81,-100,-393,959,328,326,0
893426,224,225,1531,1381,-5377,-3545,-773,39,-72,-60,978,337,329,0
896760,225,225,1250,1718,-4479,-4233,-953,-10,244,-59,913,352,327,0
900071,226,227,800,1362,-2994,-4865,-1056,-52,-405,106,553,376,346,0
903429,227,228,743,1193,-3896,-5630,-1456,-103,-110,232,477,395,355,0
906759,228,229,968,1156,-4824,-5417,-1783,-160,-159,282,261,383,357,0
910075,229,230,800,987,-4235,-3507,-1325,-207,-89,223,232,392,366,0
913434,231,231,500,762,-3715,-2461,-1054,-252,131,95,305,392,378,0
916788,232,232,312,781,-3551,-1643,-1279,-306,-17,338,-6,398,373,0
920078,233,233,0,237,-3121,-1183,-1220,-366,274,182,31,406,386,0
923437,235,235,0,312,-2016,-901,-1216,-436,-248,-139,38,407,382,0
926760,236,236,87,462,-2736,-993,-1384,-502,-44,13,-202,394,374,0
930081,237,237,143,162,-3193,-889,-1465,-565,246,20,42,391,390,0
933439,238,238,406,312,-1977,-589,-1090,-623,257,-79,61,377,382,0
936760,239,239,612,200,572,-86,-1118,-684,219,107,165,366,388,0
940084,240,241,556,0,1494,405,-1421,-751,-64,95,136,369,384,0
943442,242,242,312,200,1415,1376,-1652,-805,53,79,-54,366,372,0
946761,243,243,500,162,1884,1835,-1689,-836,295,114,262,356,374,0
950088,244,244,1025,556,3049,2291,-1742,-865,-65,198,112,348,373,0
953443,245,245,987,612,3819,2967,-2029,-902,305,74,110,366,386,0
956761,246,247,893,518,4919,3390,-2165,-935,-22,82,-44,371,375,0
960090,247,248,893,312,4726,3900,-2165,-967,153,53,40,371,386,0
963448,248,249,893,575,4812,3811,-2495,-1014,10,-81,-78,371,372,0
966782,250,250,518,331,3422,3922,-2325,-1070,-330,121,-149,375,385,0
970094,251,251,537,293,2080,3777,-2269,-1129,72,-262,3,374,387,0
973451,252,253,987,293,982,2958,-1900,-1188,-344,-43,-118,366,387,0
976787,253,254,912,87,-1525,2208,-1243,-1241,-38,-279,-38,370,398,0
980097,254,255,631,0,-2622,1432,-961,-1295,37,-189,-248,365,387,0
983452,255,256,275,0,-4152,959,-93,-1310,87,110,223,384,384,0
986786,256,258,0,0,-3202,1118,-788,-1339,214,-72,122,401,378,0
990101,258,259,68,331,-2698,1696,-269,-1345,289,222,356,379,349,0
993452,259,260,218,368,-147,3012,477,-1328,740,-192,455,371,347,0
996786,260,261,500,237,3000,1690,622,-1289,246,-120,349,356,354,0
1000104,261,262,1231,218,3938,724,277,-1257,44,-262,365,317,355,0
1003452,262,263,1718,368,5052,-279,574,-1209,-278,-296,402,307,363,0
1006786,263,264,1268,143,2849,114,863,-1149,-734,-417,768,315,359,0
1010106,264,265,1756,1493,-1429,-1002,613,-1084,-328,-206,782,325,323,0
1013453,265,266,931,1625,-4124,-2674,-106,-1032,-10,-295,939,369,316,0
1016787,266,267,1062,1681,-3948,-3814,-855,-1017,14,-1,850,362,313,0
1020110,267,268,893,1437,-3949,-3811,-1024,-1016,314,108,993,371,326,0
1023452,268,269,837,1250,-2724,-3967,-1347,-1018,-191,137,518,374,336,0
1026787,269,270,537,1268,-3504,-4128,-1712,-1034,-432,283,200,390,335,0
1030113,271,271,481,1418,-5338,-3686,-1892,-1055,-80,210,232,409,343,0
1033453,272,272,368,1231,-6189,-2746,-1605,-1062,-48,193,98,399,353,0
1036788,273,273,462,1006,-5583,-1467,-1438,-1061,59,197,190,394,365,0
1040117,274,274,481,725,-5202,-1190,-1081,-1061,-26,14,92,393,380,0
1043474,276,276,0,162,-5326,-962,-1013,-1057,336,17,-26,405,374,0
1046809,277,277,0,0,-3709,-1177,-1045,-1046,122,6,113,397,397,0
1050119,278,278,0,162,-3124,-1240,-1173,-1031,-84,-65,-129,387,374,0
1053478,279,279,575,350,-2956,-932,-1209,-1016,283,74,42,368,380,0
1056812,280,281,556,125,-1492,-288,-1021,-993,146,-18,138,369,376,0
1060123,282,282,612,162,-533,447,-1035,-962,272,-92,-29,366,374,0
1063478,283,283,387,200,775,681,-1158,-931,247,-28,150,362,372,0
1066813,284,284,462,218,1718,1433,-1280,-903,-1,139,43,358,371,0
1070126,285,285,631,125,2094,2048,-1254,-864,299,-28,213,349,376,0
1073478,286,286,1006,612,2786,2559,-1452,-837,98,248,123,349,370,0
1076813,287,287,837,500,4079,3397,-1602,-816,376,99,100,358,376,0
1080130,288,289,893,200,5150,3545,-1912,-816,159,-62,-13,355,376,0
1083480,289,290,1025,612,5073,4059,-2368,-852,202,29,63,364,370,0
1086813,290,291,1100,443,5799,3776,-2700,-906,26,-122,-22,360,379,0
1090132,292,292,1025,368,5396,3516,-2689,-987,-186,160,-17,364,383,0
1093478,293,293,575,368,4595,3153,-2741,-1048,202,-260,-22,372,383,0
1096813,294,295,350,106,3900,2381,-2550,-1119,-342,94,-7,384,381,0
1100135,295,296,68,0,3257,2366,-2795,-1222,38,-273,101,399,387,0
1103479,296,297,0,0,2551,2057,-2631,-1323,-239,28,-117,407,387,0
1106813,298,298,0,31,1448,2953,-2130,-1399,-223,85,38,384,381,0
1110139,299,300,0,68,579,3053,-1651,-1468,120,-272,52,392,379,0
1113479,300,301,143,200,689,2630,-1873,-1554,-125,67,-97,375,356,0
1116814,301,302,125,293,538,2658,-1783,-1628,-6,104,103,376,351,0
1120142,302,303,387,237,1707,2697,-1724,-1679,-150,-350,197,362,354,0
1123500,303,304,762,275,1049,2012,-1049,-1685,-435,-395,287,342,352,0
1126814,304,305,1156,368,-400,-443,-1146,-1689,-550,-503,419,321,347,0
1130145,305,306,1306,425,-2702,-1831,-985,-1678,-232,-405,696,313,344,0
1133532,306,307,2187,1437,-4068,-3225,-1063,-1657,-278,-403,739,302,326,0
1136837,307,308,1887,1475,-4653,-4177,-1511,-1645,153,-251,1018,318,324,0
1140149,308,309,1550,1531,-3615,-5164,-1905,-1655,64,-33,862,336,321,0
1143503,309,310,1137,1400,-3695,-5494,-2320,-1682,-31,-34,900,358,328,0
1146837,310,311,837,1400,-3004,-5306,-2694,-1733,-124,105,505,374,328,0
1150151,311,312,650,1325,-4430,-5163,-3038,-1796,-106,248,534,384,332,0
1153504,313,313,1062,1531,-5136,-4631,-3082,-1860,161,169,506,362,337,0
1156837,314,314,950,1456,-5005,-3085,-2310,-1895,-1,330,314,368,341,0
1160154,315,315,725,1306,-4820,-1798,-1364,-1900,203,257,388,380,349,0
1163504,316,316,331,1081,-4519,-1141,-1297,-1909,151,100,279,401,361,0
1166838,317,317,143,481,-3000,-723,-978,-1907,254,168,124,391,373,0
1170158,319,319,0,500,-2261,-774,-834,-1897,-182,15,142,389,372,0
1173505,320,320,0,162,-2439,-879,-949,-1886,-195,-92,-276,383,374,0
1176838,321,321,162,331,-3319,-823,-712,-1869,202,39,-35,374,365,0
1180161,322,322,218,31,-2675,-465,-569,-1842,135,-4,-120,371,381,0
1183505,323,323,462,462,-1668,3,-897,-1820,266,146,70,374,374,0
1186839,324,324,406,387,-45,240,-974,-1791,20,-42,16,377,378,0
1190165,326,326,725,331,701,832,-1292,-1757,262,33,-12,360,381,0
1193505,327,327,631,200,1604,1276,-1381,-1716,94,17,258,349,372,0
1196838,328,328,1100,331,2039,1578,-1404,-1676,206,89,108,344,385,0
1200167,329,329,931,537,2984,2178,-1675,-1642,288,206,158,353,374,0
1203506,330,330,912,481,3882,2974,-2097,-1628,57,123,-35,354,377,0
1206839,331,331,743,387,4470,3709,-2273,-1612,297,183,86,363,382,0
1210170,332,333,837,68,5520,3904,-2472,-1607,-175,23,-57,358,383,0
1213526,333,334,1100,537,5122,4029,-2527,-1619,-183,0,-21,360,374,0
1216863,334,335,1156,387,4349,3526,-2606,-1649,-177,41,-154,357,382,0
1220174,335,336,1025,631,2942,3494,-2573,-1671,-270,-12,-81,364,369,0
1223530,336,337,1137,406,805,2813,-2272,-1686,47,-123,2,358,381,0
1226894,338,339,687,0,-99,1960,-2002,-1695,-377,247,-43,362,390,0
1230177,339,340,368,0,-2216,1487,-1510,-1709,-99,35,9,363,386,0
1233531,340,341,987,12,-4143,621,-901,-1702,-216,142,-90,346,382,0
1236867,341,342,893,312,-5571,227,-263,-1679,43,-9,98,351,366,0
1240180,342,344,668,331,-5703,-212,207,-1639,436,86,64,363,365,0
1243531,343,345,762,331,-2979,-148,1094,-1558,447,113,591,358,349,0
1246872,344,346,1081,293,-348,-195,1525,-1451,627,-329,563,341,351,0
1250183,345,347,1475,256,1948,-153,2591,-1297,775,-209,816,320,353,0
1253531,346,348,1662,181,6652,-1075,3847,-1093,219,-183,547,310,357,0
1256872,347,349,1437,256,8764,-1725,3699,-882,-100,-39,568,322,353,0
1260187,348,350,1700,537,8264,-1130,3981,-662,-681,79,481,328,358,0
1263531,349,351,1362,1212,4141,796,3509,-480,-877,-385,808,362,338,0
1266873,350,352,912,1943,268,233,2646,-354,-616,-201,797,386,299,0
1270190,351,353,818,2018,-3131,-733,1146,-278,-350,65,1058,391,295,0
1273532,352,354,1081,1775,-4992,-2194,-596,-266,250,232,1046,377,308,0
1276873,354,355,893,1531,-4099,-1918,-1596,-290,-125,285,582,371,321,0
1280193,355,356,987,1250,-3910,-2168,-1866,-319,-60,173,434,366,336,0
1283532,356,357,912,1437,-3843,-1866,-1753,-351,-433,373,78,386,342,0
1286874,357,358,537,1231,-5626,-1421,-2369,-407,-171,148,-64,406,353,0
1290196,358,359,68,687,-6731,-1494,-2891,-470,17,83,-26,411,362,0
1293554,360,360,0,500,-6856,-56,-2789,-526,35,37,-111,402,372,0
1296874,361,361,0,631,-6785,-297,-2633,-568,122,36,64,401,365,0
1300199,362,362,106,312,-6302,-918,-2804,-613,-71,-72,67,393,382,0
1303556,363,364,293,31,-5472,-998,-2984,-662,378,13,-31,383,381,0
1306874,365,365,200,12,-3596,-1113,-3154,-708,176,-51,166,372,382,0
1310202,366,366,312,0,-2943,-967,-2955,-735,156,101,-38,366,384,0
1313557,367,367,331,350,-1803,-200,-3093,-761,347,112,73,381,380,0
1316874,368,368,162,87,-809,646,-3127,-781,-137,149,-34,374,378,0
1320206,369,370,987,725,-1023,1857,-3249,-804,328,49,194,366,380,0
1323557,370,371,856,50,196,2510,-3355,-827,2,-17,197,373,400,0
1326898,371,372,706,425,1360,3124,-2933,-839,64,237,97,381,380,0
1330209,373,373,912,350,2781,3369,-3034,-862,302,-7,71,370,384,0
1333557,374,374,762,593,4027,3810,-3448,-908,-58,109,66,362,371,0
1336900,375,376,631,200,4490,4225,-3670,-975,283,-76,124,369,376,0
1340212,376,377,950,631,5419,3761,-3844,-1067,-124,-82,-81,368,369,0
1343557,377,378,875,293,4862,3175,-3578,-1171,-302,94,-68,372,387,0
1346900,378,379,912,350,3681,2337,-3570,-1289,-166,-42,-187,370,384,0
1350216,379,381,668,237,2025,1660,-3130,-1421,-242,188,32,383,390,0
1353557,381,382,0,0,2126,1404,-3386,-1574,88,-264,-12,392,370,0
1356901,382,383,0,0,2130,1587,-3298,-1758,-160,230,-67,390,394,0
1360219,383,384,0,0,1493,2655,-2955,-1971,-153,110,51,387,373,0
1363558,384,385,500,312,620,2896,-2654,-2169,147,-74,31,372,366,0
1366901,385,386,181,443,1386,2605,-2501,-2372,66,35,50,389,359,0
1370222,387,388,312,612,2808,2301,-2363,-2555,392,-88,116,382,350,0
1373579,388,389,387,256,4470,2231,-2104,-2704,-50,-148,-50,362,353,0
1376901,389,390,593,143,4269,1768,-1715,-2793,294,-310,131,351,359,0
1380225,390,391,837,50,5343,913,-1623,-2825,-256,-243,-5,338,364,0
1383583,391,392,856,593,3917,89,-1161,-2812,-487,-269,322,357,355,0
1386901,392,393,743,837,-45,-2019,-1091,-2787,-892,-436,478,363,342,0
1390228,393,394,1006,1362,-4711,-4292,-1196,-2770,-445,-348,801,349,314,0
1393583,394,395,1343,1737,-7347,-6100,-1846,-2754,105,-108,909,347,310,0
1396902,395,396,856,1606,-7387,-6161,-1424,-2708,154,87,954,373,317,0
1400231,396,397,706,1475,-5124,-5869,-2080,-2686,188,175,975,381,324,0
1403583,398,398,387,1212,-3005,-5288,-2078,-2668,-576,71,182,382,338,0
1406901,399,399,68,1156,-4411,-4972,-2514,-2659,-173,126,555,399,341,0
1410235,400,400,518,1100,-5373,-3817,-1786,-2622,121,285,348,375,344,0
1413583,401,401,200,875,-4182,-487,-439,-2537,57,248,430,388,352,0
1416925,402,402,143,725,-4169,359,-5,-2445,-30,182,-45,391,360,0
1420238,403,403,237,631,-3230,1036,-302,-2358,413,219,198,386,365,0
1423584,405,404,275,500,-1609,1362,459,-2246,-85,-126,-51,368,372,0
1426930,406,405,237,518,-2231,834,122,-2140,29,108,-271,370,371,0
1430241,407,407,106,87,-2716,1188,316,-2025,290,-52,231,377,378,0
1433584,408,408,312,0,-433,2040,477,-1919,251,-171,34,366,389,0
1436929,409,409,481,218,742,1866,118,-1820,158,119,115,357,371,0
1440245,410,410,631,237,1221,1682,-422,-1726,93,-161,-45,349,370,0
1443616,411,411,2431,1662,2415,1835,-603,-1630,180,-115,92,337,378,0
1446931,412,413,1906,706,3668,1131,-747,-1533,-23,211,290,365,413,0
1450247,414,414,1081,575,4169,570,-1029,-1454,-19,-110,31,393,420,0
1453606,415,415,1456,593,5288,-89,-1766,-1397,200,20,138,373,419,0
1456930,416,417,1362,387,6398,-665,-1987,-1361,-13,343,124,378,414,0
1460251,417,418,1512,725,7014,-583,-2444,-1332,247,-8,111,370,396,0
1463608,418,419,1137,706,7080,-671,-3024,-1323,77,-116,-180,406,413,0
1466931,420,421,950,387,6045,-503,-2549,-1311,-377,269,-104,400,414,0
1470254,421,422,950,0,4124,-118,-2337,-1301,-66,-150,149,400,444,0
1473608,422,423,893,200,2642,-1008,-1769,-1278,144,-348,37,403,424,0
1476931,423,425,556,0,1575,-2028,-1036,-1237,-339,156,53,401,413,0
1480257,425,426,481,0,382,-2673,-969,-1201,-20,171,231,389,425,0
1483608,426,427,143,0,-373,-3142,-1149,-1183,-486,-125,-361,407,403,0
1486930,427,429,143,125,-2143,-2819,-1244,-1172,-239,215,40,407,376,0
1490260,429,430,181,50,-3084,-1635,-1099,-1170,38,-195,-28,405,380,0
1493608,430,431,143,443,-2958,-595,-764,-1159,-244,128,175,407,375,0
1496931,431,432,237,687,-2910,361,-1486,-1168,140,126,572,402,362,0
1500264,432,433,443,387,-2853,1534,-2418,-1186,105,24,273,391,378,0
1503610,433,435,1137,425,-3123,2772,-2281,-1213,-155,220,454,354,360,0
1506933,434,436,2056,687,-2313,3899,-2739,-1234,-1,140,555,325,366,0
1510266,436,437,1812,800,-2348,4631,-2852,-1258,-26,-219,754,338,360,0
1513609,437,438,1475,1325,-1875,4750,-2166,-1247,133,-153,919,340,332,0
1516935,438,439,1343,1662,-1692,2725,-2043,-1255,-167,-169,776,347,314,0
1520270,439,440,1812,1587,-1953,394,-1825,-1298,-146,-248,738,338,318,0
1523609,440,441,1587,1925,-3449,-2592,-1385,-1341,-277,102,661,350,316,0
1526938,441,441,1250,2018,-4861,-4011,-1152,-1368,437,109,426,368,327,0
1530273,442,443,912,1681,-4327,-5189,-749,-1406,13,335,234,386,345,0
1533609,443,444,537,987,-4203,-4902,-171,-1415,19,296,-56,406,366,0
1536960,445,445,0,743,-4511,-4692,-249,-1433,58,122,61,428,375,0
1540276,446,446,0,518,-4850,-4104,324,-1437,66,-59,-148,414,371,0
1543633,447,447,425,856,-4309,-3935,1091,-1407,51,-103,48,392,369,0
1546945,448,448,425,500,-4727,-4853,1564,-1345,42,-297,303,392,388,0
1550280,449,450,781,612,-3988,-5132,1931,-1266,486,-4,141,373,382,0
1553637,451,451,668,0,-1798,-4599,2496,-1164,244,64,117,363,415,0
1556948,452,452,556,106,-571,-3310,3104,-1035,184,171,-174,369,393,0
1560282,453,453,425,312,1260,-1157,2968,-887,442,-122,292,376,382,0
1563641,454,455,575,0,3337,-18,2772,-739,196,1,281,368,388,0
1566951,455,456,837,256,4593,627,2924,-571,349,79,227,354,369,0
1570286,456,457,950,181,6656,1172,2818,-388,318,-16,30,368,393,0
1573643,457,458,818,837,8227,2508,2690,-225,150,133,22,391,374,0
1576954,459,459,987,837,8979,3267,1763,-96,219,23,46,366,374,0
1580289,460,461,912,350,9086,3524,881,-14,-5,92,90,370,384,0
1583643,461,462,687,106,10302,3623,867,45,126,-11,-19,382,397,0
1586958,462,463,725,237,10571,3305,713,97,-159,-25,-273,380,390,0
1590293,463,464,912,312,8630,3027,366,145,-349,95,-64,370,386,0
1593643,464,466,950,162,6618,2295,160,189,153,-68,126,384,394,0
1596961,466,467,856,368,6392,2295,208,230,-457,99,-92,373,383,0
1600296,467,468,275,0,4520,2165,206,260,66,-78,219,384,400,0
1603644,468,469,218,125,3825,2138,387,318,-411,265,-176,387,376,0
1606964,469,471,218,0,2443,2723,624,413,-458,1,-35,387,383,0
1610299,470,472,106,425,-98,2510,1197,522,-127,11,-42,393,360,0
1613644,472,473,0,387,-2242,3273,1432,652,-230,218,144,388,346,0
1616968,473,474,0,425,-3400,4238,1129,777,65,17,342,390,344,0
1620302,474,475,0,331,-3403,5032,642,865,-356,177,3,387,349,0
1623644,475,476,331,500,-5073,6262,605,947,-442,-107,-23,381,356,0
1626971,476,477,368,162,-6251,6320,541,1021,-506,-320,123,363,358,0
1630305,477,478,1118,950,-8883,6079,893,1092,-370,-270,389,359,352,0
1633644,478,479,1062,1287,-10785,4143,925,1157,-325,-523,312,362,334,0
1636974,480,480,556,1512,-10941,1598,1068,1214,234,-155,738,373,322,0
1640308,481,481,950,1625,-8153,-473,712,1242,361,-196,1069,352,316,0
1643644,482,482,1681,1362,-4353,-3225,866,1277,324,-268,911,313,330,0
1646977,483,483,1512,1418,-1884,-4888,1472,1312,135,-152,792,322,327,0
1650312,484,484,1362,1643,219,-6547,1788,1334,-172,81,492,346,331,0
1653670,485,485,612,1475,614,-6912,1882,1344,-45,336,541,386,340,0
1656980,486,486,518,1231,235,-5740,1644,1335,-303,316,336,391,353,0
1660314,487,487,218,1118,-665,-3632,919,1286,-230,342,230,407,359,0
1663671,489,488,0,593,-2109,-2140,30,1190,-73,324,227,408,367,0
1666983,490,490,0,518,-2423,-427,-373,1085,-207,147,-77,389,371,0
1670318,491,491,0,0,-2958,295,-461,984,349,149,159,396,385,0
1673670,492,492,350,406,-1518,619,-307,883,334,-40,90,380,377,0
1676986,493,493,556,331,487,1229,4,796,110,68,21,369,381,0
1680321,494,494,687,293,819,1850,533,728,-8,60,-27,362,383,0
1683671,496,496,350,125,539,2455,288,682,73,66,-171,364,376,0
1686990,497,497,443,200,933,2983,-154,650,93,-62,95,359,372,0
1690324,498,498,368,275,1783,3237,-386,611,196,-12,-56,363,368,0
1693671,499,499,687,687,3223,3301,-318,578,180,127,116,366,366,0
1696993,500,500,556,462,4101,3693,-410,554,-48,117,-90,373,378,0
1700328,501,501,837,406,4177,3784,-1048,516,247,38,36,358,381,0
1703671,502,503,1531,293,4271,2600,-1195,472,-107,8,152,337,387,0
1706997,503,504,1268,500,3824,2135,-1465,420,48,41,210,351,376,0
1710331,504,505,1006,668,4027,1359,-1909,349,-262,-65,69,365,367,0
1713673,506,506,500,593,2673,472,-2159,262,-460,8,-2,376,371,0
1716999,507,507,462,518,608,140,-2246,154,-148,-36,49,378,375,0
1720334,508,509,275,500,-1087,-409,-1789,53,-220,34,-28,388,376,0
1723672,509,510,0,0,-1774,-223,-1637,-32,-40,78,-39,400,385,0
1727002,510,511,368,0,-1731,-383,-1810,-109,-181,-11,10,379,386,0
1730337,512,512,0,125,-3022,-24,-1293,-168,-204,62,69,402,376,0
1733696,513,513,0,331,-3641,-149,-1013,-217,338,-142,308,388,365,0
1737006,514,515,181,106,-2361,-776,-523,-261,177,7,289,373,361,0
1740341,515,516,406,537,-362,-458,-189,-296,413,-60,323,361,354,0
1743696,516,517,781,162,1542,-456,-97,-332,137,-160,357,341,358,0
1747009,517,518,725,50,2226,-155,162,-349,247,-286,454,344,364,0
1750343,518,519,1006,143,2419,-22,224,-369,-436,-202,559,329,359,0
1753728,519,520,1550,1025,21,478,32,-414,-173,-384,781,336,348,0
1757013,520,521,1456,1081,-923,450,-405,-483,-8,-264,832,341,345,0
1760346,521,522,1381,1287,-1715,624,-254,-550,-218,-90,892,345,334,0
1763704,522,523,912,1493,-2341,343,-522,-617,-225,-232,729,370,323,0
1767016,524,524,125,1512,-3137,-108,-702,-668,-164,-15,570,396,322,0
1770351,525,525,331,1606,-3744,-1368,-1322,-710,-153,-145,585,385,317,0
1773708,526,526,687,1681,-4326,-2159,-1545,-747,-173,0,177,382,329,0
1780353,528,528,500,1193,-4765,-2199,-999,-797,89,43,5,392,355,0
1783709,530,529,31,706,-4750,-1926,-866,-825,32,282,-168,401,381,0
1787022,531,530,0,368,-4997,-1438,-1089,-875,77,85,175,386,379,0
1790356,532,532,0,443,-4421,-755,-1272,-924,-110,-110,-114,394,375,0
1793709,533,533,0,312,-4622,-848,-1354,-962,5,-144,96,388,366,0
1797025,534,534,181,181,-4066,-1203,-1625,-1000,63,-70,0,373,373,0
1800359,536,535,256,181,-3515,-1525,-1786,-1046,58,32,-29,369,373,0
1803710,537,536,350,406,-2953,-1759,-1731,-1087,326,-104,185,364,377,0
1807028,538,537,350,425,-1170,-1732,-1412,-1099,50,30,-72,364,376,0
1810363,539,539,331,0,-242,-1041,-1209,-1099,60,198,217,365,386,0
1813710,540,540,593,106,-935,472,-1430,-1098,147,61,97,351,377,0
1820366,542,542,968,350,634,2040,-1194,-1061,236,134,184,351,384,0
1827034,544,545,1137,368,4458,2865,-1498,-1021,4,132,179,342,367,0
1830369,545,546,1381,462,5233,2941,-1989,-1032,347,-113,147,329,362,0
1833710,546,547,1587,650,6168,2249,-2450,-1052,87,-147,2,334,368,0
1837038,547,548,1250,556,5971,1664,-2512,-1090,-370,336,28,352,373,0
1840373,548,549,1043,275,4711,1042,-2500,-1137,-83,3,-80,363,388,0
1843710,549,551,1118,0,3362,615,-2530,-1199,-332,228,-28,359,389,0
1847041,551,552,1006,0,1950,210,-2443,-1270,111,-112,-10,361,390,0
1850375,552,553,425,0,702,-300,-2255,-1337,-83,109,-112,360,374,0
1853732,553,554,800,0,-411,41,-1884,-1401,148,77,16,356,383,0
1857044,554,555,837,162,-776,125,-1272,-1448,-18,-66,-97,354,374,0
1860378,555,557,650,443,-1820,-182,-509,-1465,63,102,152,364,359,0
1863735,556,558,443,256,-1702,-90,-102,-1455,463,64,67,375,353,0
1867048,557,559,743,218,-71,309,895,-1419,158,107,405,359,355,0
1870382,558,560,725,181,2106,503,1887,-1344,131,-270,168,360,357,0
1873736,559,561,1306,125,1942,-41,2308,-1250,289,118,647,329,360,0
1877050,560,562,1287,143,3051,473,2401,-1134,62,79,607,330,359,0
1880385,561,563,1493,668,5329,3236,2840,-997,8,231,641,339,351,0
1883736,562,564,1718,987,5886,4992,2622,-871,-566,-256,725,343,350,0
1887054,563,565,1381,1568,2937,4623,2116,-774,-971,-279,768,361,319,0
1890388,564,566,1212,2262,-2556,1719,801,-722,-625,-360,1097,370,282,0
1893736,566,567,781,2225,-5166,-358,-460,-702,-229,-160,963,377,284,0
1897057,567,568,1043,1887,-5637,-1470,-1571,-712,-31,-57,595,363,302,0
1900392,568,569,1137,1812,-4226,-3203,-1871,-728,-60,265,469,358,322,0
1903736,569,570,931,1343,-3519,-3022,-1343,-719,-44,50,304,385,347,0
1907060,570,571,781,1250,-3242,-3783,-1272,-703,-258,204,159,393,352,0
1910394,572,572,237,818,-4257,-3812,-1789,-705,-220,330,-268,402,355,0
1913737,573,573,0,837,-5088,-3583,-1837,-718,-104,182,59,403,354,0
1917063,574,574,181,331,-4965,-2675,-1933,-741,-117,-127,-132,389,381,0
1920398,575,575,50,331,-5478,-3417,-2106,-762,177,-24,-131,396,381,0
1923738,577,576,0,312,-5127,-3991,-2436,-785,99,-266,-8,389,382,0
1927066,578,578,0,0,-4396,-4088,-2206,-817,329,-21,-50,389,390,0
1930401,579,579,237,50,-2059,-3602,-2171,-845,306,144,327,370,380,0
1933758,580,580,556,106,-303,-3002,-1782,-854,-156,10,-57,369,393,0
1937070,581,581,181,0,60,-2116,-1562,-841,212,82,89,373,387,0
1940404,582,583,856,687,110,-300,-1742,-819,164,93,240,373,382,0
1943761,583,584,893,537,966,1115,-1592,-790,467,97,320,371,374,0
1947073,585,585,612,0,2711,1575,-1259,-751,471,124,326,370,404,0
1950407,586,586,631,406,5318,2617,-953,-702,-64,264,62,369,381,0
1953762,587,587,743,556,5966,3760,-1155,-662,401,179,99,363,373,0
1957076,588,589,725,312,6215,4416,-1445,-636,-103,-73,-72,364,370,0
1960410,589,590,912,425,5688,4738,-1616,-628,215,-93,-37,370,380,0
1963761,590,591,837,406,5790,4269,-1482,-635,-91,-63,-82,374,381,0
1967079,591,592,837,218,4506,4411,-1144,-654,-181,-12,-72,374,391,0
1970414,592,593,987,162,2625,3811,-1210,-689,-60,-318,-115,362,390,0
1973762,594,595,350,0,1035,2824,-940,-746,-345,34,-147,364,387,0
1977083,595,596,575,0,-637,2346,-722,-828,-77,-72,-46,352,379,0
1980417,596,597,800,50,-2256,1566,-434,-914,-244,-46,-276,356,380,0
1983763,597,598,800,125,-3916,1187,92,-986,-183,-67,-74,356,376,0
1987086,598,599,537,443,-5022,518,366,-1063,14,-16,-248,370,359,0
1990420,599,600,425,537,-6244,521,840,-1119,146,61,90,376,354,0
1993763,600,602,612,87,-5530,433,1148,-1149,544,-50,224,366,362,0
1997089,601,603,800,87,-3582,80,1536,-1126,-53,-115,328,356,362,0
2000423,602,604,1212,218,-1626,-1638,1847,-1054,546,-77,557,334,355,0
2003763,603,605,1943,556,1145,-1991,2035,-941,757,218,866,315,357,0
2007092,604,606,1925,293,4826,-562,2768,-796,464,58,757,316,371,0
2010451,605,607,2243,575,8760,2254,3533,-644,49,270,826,315,372,0
2013784,606,608,2075,1381,9038,3767,3936,-481,-682,-287,829,324,329,0
2017095,607,609,1681,2037,4672,3472,3654,-311,-960,-340,973,345,294,0
2020454,608,610,1137,2131,-2528,1095,2475,-176,-930,-296,820,374,289,0
2023788,609,611,856,1568,-6216,-746,1615,-66,-138,247,953,389,319,0
2027098,611,612,837,1662,-6391,-1915,239,7,238,-18,710,374,314,0
2030459,612,613,987,1512,-4437,-3132,-298,74,-65,327,338,382,338,0
2033788,613,614,500,818,-3158,-2606,-281,134,-64,377,131,388,355,0
2037102,614,615,593,781,-2046,-2102,-482,187,-675,221,-198,383,357,0
2040460,615,616,87,650,-4453,-1495,-1351,200,-59,173,-86,410,364,0
2043788,617,617,0,612,-4179,-734,-1832,192,-41,-89,-184,402,366,0
2047105,618,618,125,387,-4113,-731,-1897,187,-304,-54,-121,392,378,0
2050463,619,619,0,312,-4619,-1922,-2271,166,186,-27,132,400,382,0
2053788,620,621,368,31,-4069,-2460,-2048,141,99,-76,129,379,381,0
2057109,621,622,368,0,-3310,-2250,-1967,109,360,123,35,379,383,0
2060466,623,623,12,12,-282,-1627,-1650,94,100,-51,150,382,382,0
2063821,624,624,1756,1606,580,-1219,-1327,97,-117,205,-69,373,381,0
2067111,625,625,1156,1081,188,-98,-1619,97,326,220,127,405,409,0
2070470,626,627,631,293,249,1453,-2078,79,48,-68,191,433,435,0
2073789,628,628,593,687,624,1843,-2081,49,77,135,127,419,414,0
2077114,629,630,575,350,1562,1948,-1812,31,415,87,89,420,416,0
2080472,630,631,556,612,3287,2601,-2028,-2,-150,60,-52,421,402,0
2083789,632,632,837,1025,2862,3234,-2057,-44,-124,196,-50,406,396,0
2087118,633,634,1100,687,2994,3207,-2535,-110,230,-29,72,392,414,0
2090475,634,635,762,200,2846,2628,-2446,-189,-182,223,-37,410,424,0
2093810,635,636,537,181,1856,2897,-2398,-276,-372,95,-89,422,425,0
2097121,637,638,0,0,1122,2644,-2224,-371,136,-131,82,417,422,0
2100479,638,639,50,0,428,2602,-2130,-474,-301,-32,-134,412,406,0
2103814,639,640,68,0,-1688,2921,-1701,-575,-118,117,77,411,404,0
2107125,641,642,87,0,-2678,3165,-1261,-672,638,232,129,394,400,0
2110479,642,643,181,518,-1650,3461,-896,-764,-133,133,-118,405,371,0
2113814,643,644,218,481,-1137,3861,-696,-872,214,-19,163,403,373,0
2120480,646,646,781,293,1990,2423,-440,-1147,56,-246,212,357,383,0
2127130,648,649,1587,331,5260,1491,-115,-1352,104,-186,135,334,385,0
2130480,649,650,1306,650,6266,559,2,-1403,-320,-485,548,349,368,0
2133815,650,651,1025,1306,3677,-1735,435,-1397,-460,-292,516,364,333,0
2137134,651,652,1043,1606,218,-4641,754,-1364,-367,-418,686,363,317,0
2143815,653,654,725,1943,-5712,-8331,564,-1286,226,314,871,396,315,0
2147137,654,655,612,1681,-5283,-7304,-192,-1250,259,404,1012,402,329,0
2150481,656,656,0,1306,-3197,-5408,-269,-1201,-403,504,519,423,349,0
2153815,657,657,106,1156,-4396,-4065,-1317,-1183,-295,545,421,413,357,0
2160481,660,659,0,1025,-3449,1090,-649,-1108,32,441,345,402,360,0
2163816,661,660,125,1081,-2547,2774,-246,-1054,105,205,368,392,357,0
2170482,663,663,481,406,-664,4994,-252,-979,19,-100,-119,373,377,0
2173816,664,664,537,237,28,4288,-421,-942,296,-288,-176,370,386,0
2177146,666,665,612,0,1007,3621,-738,-900,-47,36,-6,366,404,0
2180503,667,666,312,218,2367,4330,-1189,-872,184,-139,141,366,387,0
2183837,668,667,406,143,3482,4680,-1760,-871,141,-243,-86,361,391,0
2187150,669,669,800,0,4179,3308,-2158,-875,-20,-324,148,340,383,0
2190506,670,670,1531,668,4263,1718,-2319,-883,101,14,51,337,383,0
2193840,671,671,1587,500,4847,651,-2870,-893,212,-136,283,334,392,0
2197153,672,672,1268,518,5901,-1065,-3211,-917,10,-95,88,351,391,0
2200506,673,674,987,725,6655,-1473,-3001,-936,-122,-124,-29,366,364,0
2203840,674,675,743,762,5794,-1810,-3351,-971,-347,253,-80,379,362,0
2207156,675,676,781,518,3713,-2018,-3393,-1011,-312,115,-2,377,375,0
2210506,676,677,725,687,1538,-2262,-3214,-1058,-178,20,77,396,382,0
2213841,678,678,462,818,15,-2017,-2979,-1112,-467,-26,-92,394,375,0
2217159,679,679,125,781,-1154,-2047,-2621,-1166,-16,-141,167,412,377,0
2220507,680,681,0,0,-2943,-2475,-2583,-1225,-298,-155,-17,424,388,0
2223841,682,682,0,125,-4982,-2604,-2117,-1263,-276,210,-218,407,376,0
2227162,683,683,0,0,-6744,-3313,-1944,-1310,-22,-192,42,386,398,0
2230507,684,684,0,331,-7170,-3802,-1874,-1358,155,75,187,383,365,0
2233841,685,685,50,537,-6180,-3148,-1796,-1411,557,252,306,380,354,0
2237166,686,686,368,575,-3318,-1017,-1409,-1455,1,173,263,363,352,0
2240508,687,688,1025,556,-3060,959,-1210,-1506,311,30,401,344,353,0
2243841,688,689,1550,500,-1692,2043,-887,-1557,326,-19,723,316,356,0
2247169,689,690,1343,200,674,3396,-10,-1594,500,-7,638,311,356,0
2250508,690,691,1981,912,3081,4437,531,-1595,557,103,684,313,354,0
2253842,691,692,1400,612,5650,5718,974,-1559,-19,230,459,344,370,0
2257172,692,693,1268,650,7260,6813,910,-1522,-590,-150,280,351,368,0
2260529,693,694,912,1306,3228,5704,1348,-1439,-895,-276,515,370,333,0
2263864,694,695,706,1812,-2294,2810,1251,-1360,-393,-633,600,381,306,0
2267175,696,696,425,1643,-6548,-1701,1617,-1289,-5,90,554,380,315,0
2270532,697,697,762,1812,-7280,-3108,1017,-1250,112,-46,598,378,322,0
2273866,698,698,668,1418,-6376,-4109,1125,-1204,474,24,284,383,343,0
2277178,699,699,706,1081,-2782,-4116,1655,-1144,141,207,333,381,361,0
2280560,700,700,312,575,-1938,-3940,1369,-1088,-718,-47,-199,398,384,0
2283866,702,702,0,0,-4794,-3500,727,-1042,178,436,-283,407,394,0
2287182,703,703,0,143,-4510,-1998,723,-983,-28,-181,-64,391,375,0
2290533,704,704,237,556,-4358,-2483,826,-902,-192,-98,-47,386,369,0
2297185,706,706,593,350,-2359,-2328,693,-723,691,3,321,367,380,0
2303866,708,709,762,50,3658,-244,2068,-430,-123,30,-4,358,380,0
2307188,710,710,725,0,2540,495,1181,-299,251,187,98,360,387,0
2310533,711,711,518,143,3443,1362,900,-166,241,22,423,355,375,0
2313867,712,712,856,481,5040,1608,890,-33,108,109,106,357,377,0
2317191,713,713,556,462,6931,2090,942,96,513,60,96,373,378,0
2320533,714,715,1268,500,8907,2377,580,208,-64,-115,-11,351,376,0
2323866,715,716,1043,762,8869,2419,19,290,333,104,66,363,362,0
2327194,716,717,893,575,9418,2084,-534,354,-55,28,34,371,372,0
2330534,717,718,706,575,8808,2305,-431,407,-438,100,8,381,372,0
2333867,719,719,125,687,6724,2121,-301,458,-395,-106,42,396,366,0
2337198,720,721,125,800,2170,1651,-105,513,-504,25,1,396,360,0
2340554,721,722,256,781,-1195,1526,407,582,109,-1,177,405,361,0
2343867,722,723,125,312,-1990,1171,945,656,-67,-61,124,392,366,0
2347202,724,724,0,218,-2421,1452,2063,758,-318,147,-231,385,371,0
2350558,725,725,106,237,-3928,1264,2040,850,-54,11,93,377,370,0
2353891,726,726,31,331,-5563,1002,2255,920,-147,-97,-75,381,365,0
2357204,727,727,218,518,-5874,736,2407,979,484,-93,384,371,355,0
2360558,728,728,350,575,-3271,745,2744,1034,110,35,321,364,352,0
2363894,729,729,481,537,-1706,1056,3006,1100,136,81,230,357,354,0
2367208,730,731,875,125,240,971,2818,1146,175,-154,506,336,360,0
2370559,731,732,1137,143,1916,1194,2714,1191,-103,-92,446,322,359,0
2373928,732,733,1850,1043,1938,1356,1793,1197,-479,-137,690,320,347,0
2377210,733,734,1531,1118,-369,2112,1017,1197,-131,-320,743,337,343,0
2380559,734,735,1250,1493,-608,1185,84,1164,-680,-333,806,352,323,0
2383901,735,736,1006,1475,-2461,423,-748,1089,-417,-190,857,365,324,0
2387214,736,737,912,1512,-3180,-1224,-1357,1004,-276,-334,841,370,322,0
2390560,738,738,443,1400,-3451,-2998,-1988,919,-206,9,562,379,328,0
2393901,739,739,837,1493,-3541,-4059,-2485,819,-343,8,504,374,339,0
2397217,740,740,706,1362,-4562,-4049,-2194,725,-75,145,85,381,346,0
2400560,741,741,481,1193,-4844,-3200,-2277,636,-29,223,272,393,355,0
2403901,742,742,650,987,-4702,-2681,-2168,547,-20,106,71,384,366,0
2407220,744,743,0,556,-4501,-1957,-2705,424,-41,350,73,397,369,0
2410560,745,744,0,462,-4653,-1134,-2818,271,-16,39,100,387,374,0
2413902,746,745,0,312,-4518,-1130,-2925,143,-59,-43,-161,386,382,0
2417223,747,747,0,387,-4230,-1602,-2420,39,160,-52,84,386,378,0
2420581,748,748,612,443,-3078,-2288,-2356,-61,308,-6,293,366,375,0
2423902,749,749,687,87,-1183,-2076,-2102,-156,130,171,211,362,394,0
2427226,751,750,387,406,0,-572,-1794,-231,167,113,52,362,377,0
2430585,752,751,350,237,914,589,-1736,-285,261,74,-139,364,386,0
2433902,753,753,406,0,1889,1526,-1610,-319,121,118,290,361,384,0
2437230,754,754,1006,575,2473,2679,-1680,-358,189,104,140,349,372,0
2440585,755,755,762,293,3065,3420,-1826,-406,308,0,197,362,387,0
2443902,756,756,875,443,4440,3581,-1551,-451,168,-35,-16,356,379,0
2447233,757,757,743,331,5590,4157,-1688,-516,3,210,-42,363,385,0
2450585,758,759,1175,500,5059,4419,-2159,-613,184,-81,97,356,376,0
2453903,759,760,1231,368,4695,4151,-2314,-750,201,-59,-50,353,383,0
2457237,761,761,912,406,4942,3265,-2291,-886,152,-47,109,370,381,0
2460586,762,762,312,293,4626,3052,-2117,-1022,-324,-53,-64,386,387,0
2463928,763,763,68,387,3875,2993,-2465,-1174,97,-90,75,399,382,0
2467239,764,765,143,0,2362,2469,-2506,-1339,-245,32,-47,391,385,0
2470586,765,766,125,0,908,3003,-2183,-1501,-110,52,-35,392,392,0
2473928,767,767,0,181,312,2911,-2008,-1651,132,-77,103,384,373,0
2477242,768,768,0,143,-884,2654,-1888,-1795,-120,-4,22,384,375,0
2480586,769,769,181,237,-1273,2599,-1861,-1909,325,-89,174,373,370,0
2483929,770,771,218,312,-491,2280,-1375,-1984,38,-67,197,371,350,0
2487246,771,772,350,200,-199,1925,-1112,-2022,137,-540,230,364,356,0
2490587,772,773,912,312,550,291,-1106,-2033,-222,-428,410,334,350,0
2493928,773,774,931,368,-474,-818,-997,-2022,-41,-420,557,333,347,0
2497249,774,775,1118,462,-1771,-2336,-843,-1986,-233,-525,717,323,342,0
2500607,775,776,1850,987,-3045,-3004,-839,-1934,-44,-329,799,320,350,0
2503929,776,777,1681,1175,-3095,-4000,-1011,-1897,-39,-606,712,329,340,0
2507253,777,778,1775,1287,-3127,-4156,-993,-1857,-26,-389,807,324,334,0
2510611,778,779,1718,1343,-2687,-4257,-1249,-1829,-14,-154,693,327,331,0
2513929,779,780,1193,1418,-3188,-4241,-1198,-1781,-69,-252,674,355,327,0
2517255,780,781,668,1437,-2941,-4850,-1533,-1741,-158,230,461,383,326,0
2520611,781,782,875,1437,-3616,-4877,-1438,-1695,-53,365,413,388,342,0
2523929,783,783,368,1493,-3661,-5061,-1630,-1670,13,265,299,399,339,0
2527258,784,784,706,1231,-3896,-4198,-1754,-1651,-91,381,43,381,353,0
2530611,785,785,68,800,-4143,-3091,-1457,-1631,-89,214,190,395,356,0
2533929,786,786,143,875,-4507,-2553,-1260,-1614,-29,77,157,391,352,0
2537262,788,787,256,856,-5087,-2476,-1053,-1593,-147,235,-39,385,353,0
2540612,789,788,0,743,-5351,-2469,-1025,-1575,220,98,144,386,359,0
2543954,790,789,200,650,-4754,-2290,-614,-1542,74,-159,-101,372,364,0
2547265,791,791,200,31,-3845,-2051,-233,-1492,226,153,105,372,381,0
2550612,792,792,575,143,-3105,-1426,-112,-1447,184,110,-85,368,391,0
2553957,793,793,668,387,-1735,-599,-526,-1410,261,153,39,363,378,0
2557268,794,794,481,0,67,96,-613,-1362,200,-62,20,357,387,0
2560612,795,795,1287,650,1058,723,-672,-1311,288,137,114,350,384,0
2563958,796,797,1006,406,2535,1234,-682,-1261,297,110,336,365,381,0
2567272,798,798,1081,87,4166,2065,-866,-1221,217,202,101,361,398,0
2570613,799,799,856,200,5333,2546,-1012,-1176,442,135,107,357,392,0
2573958,800,800,893,425,6352,3341,-1528,-1145,-90,392,28,355,380,0
2577274,801,802,687,87,6960,4541,-1837,-1135,262,61,84,366,382,0
2580613,802,803,893,218,7845,4426,-2083,-1137,-199,29,-78,371,391,0
2583958,803,804,912,406,7423,4462,-2112,-1144,-117,-70,-117,370,381,0
2587278,804,805,762,293,6339,3991,-2360,-1160,5,-127,-70,378,387,0
2590664,806,807,293,0,4852,3593,-2516,-1195,-72,156,79,383,393,0
2593958,807,808,12,0,4780,3740,-2310,-1233,13,-302,8,382,387,0
2597281,808,809,0,0,4659,3793,-2221,-1268,-306,69,-147,390,384,0
2600636,809,810,181,31,3236,4302,-2062,-1301,-415,32,-45,389,381,0
2603959,810,811,350,50,2113,4058,-1374,-1317,150,-98,69,380,380,0
2607284,812,813,500,443,2109,3666,-1313,-1332,-150,-35,-89,372,359,0
2610636,813,814,31,293,2164,3512,-1152,-1337,219,12,-69,381,351,0
2613959,814,815,106,237,3082,3893,-1402,-1349,-580,-91,-72,377,354,0
2617287,815,816,331,237,398,3437,-790,-1335,-600,-281,189,365,354,0
2620637,816,817,443,331,-2623,1702,-404,-1310,-908,-462,126,359,349,0
2623959,817,818,725,800,-6957,123,42,-1261,-449,-205,383,364,344,0
2627290,818,819,912,950,-10144,-1760,-453,-1230,-393,-492,518,354,336,0
2630636,819,820,1700,1437,-11516,-2954,-1027,-1211,513,-253,1021,328,326,0
2633961,820,821,2206,1587,-8426,-4329,-1063,-1190,54,-293,736,301,318,0
2637294,821,822,1775,1587,-5684,-5864,-960,-1174,448,21,1089,324,318,0
2640637,822,823,1268,1493,-2632,-6698,-1395,-1179,-252,137,516,351,323,0
2643963,823,824,1212,1193,-3289,-8072,-1450,-1191,-8,346,605,354,339,0
2647298,824,825,1231,1250,-2931,-7911,-1432,-1204,211,461,886,353,336,0
2650637,825,826,1362,1718,-1808,-5283,-347,-1195,-43,438,531,362,327,0
2653966,826,827,350,1231,-2092,-3030,33,-1187,11,566,551,396,333,0
2657300,828,828,312,1287,-2149,-869,7,-1183,-56,429,262,382,330,0
2660638,829,829,312,1156,-2200,504,51,-1165,-81,441,255,382,337,0
2663969,830,830,387,931,-2567,1654,-179,-1152,52,192,19,378,349,0
2667303,831,831,462,743,-2570,1955,192,-1125,-7,35,35,374,359,0
2670661,832,832,87,481,-2507,1708,299,-1094,-3,-93,45,394,373,0
2673972,834,833,68,481,-2433,923,698,-1045,157,99,34,379,373,0
2677306,835,834,125,218,-1409,1086,875,-986,-67,151,190,376,387,0
2680665,836,836,181,0,-983,1865,538,-922,93,105,-206,373,387,0
2683994,837,837,1831,1493,-502,2838,-41,-865,146,-64,-38,369,387,0
2687310,838,838,1418,1193,316,2600,-301,-810,-18,-241,-105,391,403,0
2690666,840,840,875,631,601,2268,-542,-761,229,65,12,404,417,0
2693978,841,841,950,68,1672,2259,-881,-715,103,28,183,400,447,0
2697313,842,842,931,425,2725,2169,-1599,-686,5,-74,61,401,428,0
2700670,843,844,1306,725,2987,1950,-2084,-679,142,81,52,381,396,0
2703982,845,845,1212,837,3994,1303,-2768,-696,40,-13,134,386,406,0
2707316,846,847,1587,631,4064,1053,-3176,-731,-284,109,-59,366,417,0
2710672,847,848,1100,0,3334,798,-3348,-792,172,-124,11,392,448,0
2713985,848,849,687,162,2827,587,-3430,-859,-71,15,-82,414,426,0
2717319,849,851,87,0,1747,808,-3475,-931,-350,70,51,426,420,0
2720671,851,852,0,0,892,676,-3648,-1001,110,-280,81,422,404,0
2723988,852,853,106,0,409,593,-2897,-1067,-336,177,-127,409,401,0
2727322,853,855,68,50,-587,684,-2550,-1134,-34,25,122,411,396,0
2730672,855,856,331,0,-713,206,-2248,-1206,370,-83,172,397,405,0
2733991,856,857,331,331,1326,-298,-2339,-1265,163,91,-27,397,381,0
2737326,857,858,575,256,2459,-77,-2200,-1301,-158,50,139,384,385,0
2740672,858,859,668,293,3100,-263,-2112,-1334,210,-161,24,379,383,0
2743994,860,861,743,125,3934,-317,-1686,-1357,-221,107,213,375,376,0
2747329,861,862,1400,425,3433,278,-1584,-1363,-209,-94,294,360,380,0
2750672,862,863,893,631,1482,895,-1658,-1369,-649,-149,459,371,369,0
2753998,863,864,593,1381,-2911,1100,-1947,-1385,-519,-100,876,387,329,0
2757332,864,865,650,1700,-5470,-188,-2342,-1448,-305,-105,860,384,312,0
2760672,865,866,1137,2187,-7450,-1669,-2562,-1529,-170,96,929,374,302,0
2764001,866,867,987,2000,-7936,-3450,-2949,-1621,245,36,1018,382,312,0
2767335,868,868,425,1681,-6238,-3856,-2548,-1702,136,276,536,396,329,0
2770673,869,869,256,1231,-4624,-3942,-2155,-1764,-147,73,539,405,353,0
2774004,870,870,312,1062,-5973,-3905,-1660,-1822,156,171,95,402,362,0
2777338,871,871,368,893,-6161,-2596,-896,-1859,89,260,235,395,367,0
2780697,873,872,50,1081,-6158,-1198,-97,-1884,319,157,410,396,357,0
2784007,874,873,387,650,-5277,4,974,-1881,285,-69,67,378,380,0
2787342,875,875,387,575,-4511,390,1449,-1853,235,-90,398,378,384,0
2790699,876,876,537,443,-2766,895,1293,-1811,336,-208,-62,370,375,0
2794011,877,877,743,0,-523,1112,1290,-1761,323,51,111,359,406,0
2797345,878,878,762,275,1419,1746,1387,-1701,272,-12,82,358,384,0
2800699,879,879,800,181,2598,2841,1441,-1628,365,104,111,356,389,0
2804014,880,881,912,0,4171,3065,781,-1554,31,-226,199,350,386,0
2807349,881,882,1268,0,4562,2765,937,-1460,202,-7,106,331,383,0
2810699,883,883,1400,556,4984,2420,501,-1357,76,-79,95,344,389,0
2814017,884,884,1025,500,5242,2368,-205,-1265,-13,59,63,364,392,0
2817351,885,886,987,650,5826,1967,-809,-1185,401,-123,161,366,384,0
2820699,886,887,1325,481,7116,1111,-1206,-1116,5,-14,47,348,377,0
2824020,887,888,1137,462,7447,1010,-2253,-1078,301,-12,100,358,378,0
2827354,888,889,818,481,7426,417,-2654,-1047,-146,-24,-111,375,377,0
2830699,889,890,725,556,5762,152,-2709,-1041,-193,-54,100,396,389,0
2834023,890,892,481,143,3561,-189,-2865,-1050,17,-309,-75,409,395,0
2837358,892,893,500,293,2150,-858,-2656,-1063,-253,49,-135,392,387,0
2840700,893,894,0,0,337,-813,-2499,-1068,46,-46,156,399,387,0
2844026,894,895,31,50,-410,-776,-2388,-1074,-3,-126,-44,397,380,0
2847361,896,896,50,12,-1397,-856,-1904,-1068,-357,233,-19,396,382,0
2850700,897,898,0,0,-2332,-1034,-2063,-1079,247,-108,65,390,369,0
2854030,898,899,0,143,-2351,-1241,-1650,-1081,-249,161,-95,389,359,0
2857365,899,900,0,200,-2769,-494,-1557,-1078,201,124,277,383,356,0
2860700,900,901,631,462,-2022,-121,-1636,-1069,-203,-11,72,365,358,0
2864033,901,902,687,350,-2576,583,-1548,-1044,-143,-63,172,362,364,0
2867368,903,903,462,12,-2660,983,-1500,-1011,179,-77,419,358,366,0
2870725,904,904,1100,800,-2478,1645,-1510,-966,-120,-30,479,344,360,0
2874036,905,905,1043,762,-2294,2102,-2015,-949,356,-89,890,347,362,0
2877370,906,907,1306,968,-1514,1408,-1948,-942,-224,-308,881,333,351,0
2880728,907,907,1700,1456,-1597,588,-1737,-945,131,-286,1024,312,325,0
2884039,908,908,1381,1756,-1105,-1426,-939,-946,-300,-169,962,329,309,0
2887375,909,909,1156,1756,-2428,-3038,-623,-963,-90,-139,935,357,309,0
2890733,910,910,518,1681,-3320,-4400,-603,-1012,4,141,492,391,329,0
2894043,911,911,575,1606,-3693,-4478,-428,-1071,214,390,432,388,333,0
2897377,912,912,312,1118,-3178,-3815,-242,-1119,-64,184,300,402,359,0
2900762,914,913,0,837,-3707,-2604,-32,-1160,48,348,17,408,370,0
2904046,915,915,0,68,-4238,-1552,-110,-1207,-109,160,140,397,379,0
2907381,916,916,0,218,-4758,-985,-57,-1253,-20,138,-143,397,371,0
2910737,917,917,312,575,-4981,-689,183,-1272,-21,4,0,382,368,0
2914049,918,918,443,368,-5292,-1312,549,-1284,42,-252,-51,375,379,0
2917384,920,919,518,368,-4185,-1598,694,-1278,448,13,83,371,379,0
2920738,921,921,350,68,-1927,-1082,969,-1242,103,244,192,364,379,0
2924053,922,922,462,68,-409,372,1107,-1182,144,58,-236,358,379,0
2927386,923,923,425,0,-6,1381,751,-1121,241,-95,147,360,383,0
2930738,924,924,575,275,660,1734,451,-1036,139,42,126,352,368,0
2934055,925,925,912,462,2327,2049,547,-936,424,111,204,354,378,0
2937390,926,927,743,537,4346,2332,416,-838,-86,109,85,363,374,0
2940737,927,928,1081,481,4919,3069,152,-744,177,164,-30,361,377,0
2944058,928,929,1231,368,5841,3200,-528,-678,-50,93,21,353,383,0
2947394,930,930,1137,500,6179,3151,-868,-627,-44,30,-8,358,376,0
2950738,931,931,687,350,6539,3178,-1259,-591,297,25,63,366,384,0
2954062,932,933,537,368,6417,3078,-1457,-577,-226,250,-162,374,383,0
2957397,933,934,556,0,5451,2963,-1772,-568,-98,-75,-107,373,387,0
2960738,934,935,818,50,3992,1723,-2118,-583,-221,0,-40,375,400,0
2964065,935,936,200,0,2248,1441,-2008,-597,-138,110,86,388,384,0
2967399,937,937,425,0,2046,1559,-2058,-610,-29,-25,20,376,384,0
2970739,938,939,50,0,1348,1796,-1901,-621,-407,112,-99,380,378,0
2974068,939,940,31,50,-532,2041,-1846,-632,171,-248,59,381,364,0
2977402,940,941,143,143,-18,1485,-1588,-634,76,35,112,375,359,0
2980760,941,942,218,200,1112,1850,-1389,-615,-99,82,161,371,356,0
2984072,942,943,537,218,2838,2128,-1468,-600,-299,-243,88,354,355,0
2987406,943,944,706,143,1243,1897,-1117,-581,-476,-306,358,345,359,0
2990763,944,945,950,293,-361,1189,-1375,-594,-312,-376,536,332,351,0
2994075,945,946,1625,1156,-3099,275,-1148,-611,-478,-356,668,332,341,0
2997409,946,947,1437,1250,-4361,-765,-1173,-628,-38,-552,709,342,336,0
3000763,947,948,1062,1400,-4034,-2114,-1100,-649,-237,-232,897,362,328,0
