Time, Rlegs, Llegs, DCL, DCR, GyroX, GyroY, GyroZ, GyroZAvg, AccelX, AccelY, AccelZ, LBEMF, RBEMF, SteerOut
2551,776,800,425,0,-244,179,-116,-117,-20,2,223,83,84,0
5906,776,800,425,0,-244,178,-115,-117,-19,5,227,83,84,0
9235,776,800,425,0,-243,180,-117,-117,-19,3,229,83,84,0
12554,776,800,425,0,-245,184,-118,-117,-20,1,227,83,84,0
15909,776,800,425,0,-245,180,-117,-117,-20,5,227,83,84,0
19235,776,800,443,0,-246,181,-116,-117,-18,4,229,82,84,0
22558,776,800,425,0,-247,178,-118,-117,-16,4,229,83,84,0
25912,776,800,425,0,-247,177,-118,-117,-17,1,222,83,84,0
29236,776,800,425,0,-248,175,-118,-117,-20,3,224,83,84,0
32560,776,800,425,0,-248,174,-117,-117,-17,0,227,83,84,0
35915,776,800,425,0,-248,174,-116,-117,-19,1,225,83,84,0
39236,776,800,425,0,-249,172,-118,-117,-21,4,228,83,84,0
42563,776,800,425,0,-250,172,-117,-117,-18,2,229,83,84,0
45918,776,800,425,0,-252,171,-118,-117,-17,1,231,83,84,0
49236,776,800,443,0,-249,169,-121,-117,-21,3,228,82,84,0
52567,776,800,425,0,-249,169,-119,-117,-19,5,230,83,84,0
55919,776,800,425,0,-250,169,-119,-117,-20,2,229,83,84,0
59237,776,800,425,0,-247,170,-117,-117,-19,4,230,83,84,0
62570,776,800,425,0,-247,171,-117,-117,-19,6,225,83,84,0
65923,776,800,425,0,-247,174,-117,-117,-19,5,224,83,84,0
69258,776,800,425,0,-245,174,-115,-117,-18,2,221,83,84,0
72573,776,800,425,0,-244,177,-115,-117,-21,3,228,83,84,0
75927,776,800,425,0,-246,180,-115,-117,-22,3,227,83,84,0
79261,776,800,406,0,-243,177,-116,-117,-22,2,224,84,84,0
82576,776,800,425,0,-246,180,-116,-116,-16,5,235,83,84,0
85927,776,800,425,0,-246,178,-117,-116,-21,4,227,83,84,0
89261,776,800,425,0,-246,177,-118,-117,-19,3,226,83,84,0
92580,776,800,425,0,-243,178,-119,-117,-22,5,229,83,84,0
95928,776,800,425,0,-248,180,-118,-117,-18,1,227,83,84,0
99262,776,800,425,0,-244,178,-119,-117,-21,3,231,83,84,0
102769,776,800,425,0,-246,175,-118,-117,-22,1,227,83,84,0
105927,0,0,593,575,-246,179,-119,-117,-19,2,226,83,84,0
109262,0,0,593,575,-247,173,-117,-117,-21,6,228,83,84,0
112586,0,0,593,575,-247,173,-118,-117,-21,3,229,83,84,0
115927,0,0,593,575,-248,170,-116,-117,-20,2,225,83,84,0
119262,0,0,593,575,-249,169,-116,-117,-20,4,226,83,84,0
122589,0,0,593,556,-250,168,-117,-117,-19,6,229,83,85,0
125928,0,0,593,575,-251,166,-117,-117,-21,2,218,83,84,0
129262,0,0,593,575,-247,167,-118,-117,-18,2,228,83,84,0
132593,0,0,593,575,-250,170,-119,-117,-16,1,232,83,84,0
135928,0,0,593,575,-249,170,-119,-117,-18,4,225,83,84,0
139263,0,0,593,575,-250,173,-120,-117,-16,3,222,83,84,0
142595,0,0,612,575,-248,175,-118,-117,-19,6,231,82,84,0
145949,0,0,593,575,-247,177,-118,-117,-20,5,232,83,84,0
149284,0,0,593,575,-246,177,-120,-117,-21,2,232,83,84,0
152599,0,0,593,575,-246,180,-117,-117,-19,0,228,83,84,0
155953,0,0,593,575,-244,180,-116,-117,-20,2,230,83,84,0
159287,0,0,593,575,-247,178,-117,-117,-22,4,227,83,84,0
162602,0,0,593,575,-245,179,-116,-117,-19,2,233,83,84,0
165953,0,0,593,575,-247,179,-116,-117,-22,5,225,83,84,0
169288,0,0,593,575,-245,177,-116,-117,-20,4,229,83,84,0
172605,0,0,593,575,-247,177,-116,-117,-21,1,224,83,84,0
175953,0,0,593,575,-247,178,-117,-117,-21,1,230,83,84,0
179288,0,0,593,575,-246,174,-120,-117,-21,1,225,83,84,0
182608,0,0,593,575,-247,175,-118,-117,-21,2,225,83,84,0
185953,0,0,593,575,-248,173,-118,-117,-17,0,227,83,84,0
189288,0,0,612,575,-248,173,-117,-117,-18,5,228,82,84,0
192611,0,0,593,575,-248,171,-119,-117,-23,4,225,83,84,0
195954,0,0,593,575,-247,173,-117,-117,-16,1,222,83,84,0
199288,0,0,593,575,-254,167,-119,-117,-20,2,230,83,84,0
202615,0,0,593,575,-250,169,-116,-117,-20,5,227,83,84,0
205957,0,0,125,0,-249,170,-119,-117,-25,-21,223,163,171,0
209292,0,0,143,275,-370,32,-142,-118,-24,-11,238,178,171,0
212618,1,0,50,556,-522,72,-112,-118,-27,18,236,183,172,0
215957,1,1,500,425,-504,59,-102,-117,40,-6,262,175,179,0
219292,2,1,275,575,-152,34,48,-112,-23,-17,199,187,187,0
222622,2,2,200,331,43,-39,269,-100,30,41,215,191,184,0
225978,2,2,893,631,201,108,485,-81,-49,32,252,186,200,0
229314,3,3,406,312,196,295,528,-61,-7,12,240,196,201,0
232624,3,3,725,518,230,230,513,-41,27,96,251,195,206,0
235982,4,4,518,350,430,302,519,-21,-10,68,232,206,215,0
239315,4,4,968,425,687,599,598,0,-62,40,276,198,227,0
242627,5,5,668,387,791,746,555,21,13,140,296,214,229,0
245982,5,5,575,293,857,763,443,39,-52,141,244,217,232,0
249315,6,6,331,0,715,899,240,50,-115,78,278,214,233,0
252631,6,7,950,143,286,1100,-10,53,-124,47,301,197,224,0
255982,7,7,781,312,-157,1057,-217,50,-66,77,300,206,231,0
259316,7,8,1156,518,-524,603,-537,37,-86,54,321,202,220,0
262634,8,9,556,237,-981,271,-786,16,-61,-23,317,218,235,0
265983,9,9,631,462,-1441,-38,-901,-7,-9,56,281,214,223,0
269316,9,10,931,481,-1589,-785,-1057,-37,0,100,257,214,222,0
272637,10,10,950,706,-1646,-1221,-1241,-72,-109,57,251,213,226,0
275983,10,11,1062,893,-2105,-1434,-1249,-107,-124,57,224,223,216,0
279317,11,11,537,687,-2739,-1703,-1308,-145,-106,165,207,235,227,0
282640,12,12,1043,912,-3072,-1947,-1312,-182,-94,146,188,224,215,0
285983,12,13,781,781,-3578,-2013,-1199,-216,-111,129,176,238,222,0
289316,13,13,706,1231,-3922,-1884,-1018,-244,10,115,219,260,232,0
292644,14,14,537,1006,-3794,-2026,-833,-266,-58,170,103,269,244,0
295984,14,15,893,781,-4000,-1987,-604,-281,-12,153,211,266,256,0
299317,15,15,556,931,-4211,-1669,-483,-293,18,183,149,284,264,0
302647,16,16,143,762,-3829,-1371,-429,-303,-27,131,152,290,257,0
306005,17,17,181,518,-3954,-1000,-376,-311,25,150,205,288,270,0
309317,18,18,312,481,-3943,-633,-302,-316,90,97,70,281,272,0
312650,19,18,500,725,-3272,-296,24,-312,148,121,149,287,275,0
316008,19,19,312,593,-2424,206,302,-298,27,85,79,297,282,0
319341,20,20,312,443,-1773,634,516,-278,52,-38,59,297,290,0
322654,21,21,143,443,-1423,902,626,-256,148,38,103,306,290,0
326009,22,22,143,481,-442,1102,900,-229,196,-4,28,306,288,0
329372,23,23,462,312,1116,1609,1212,-200,210,31,167,284,292,0
332656,24,24,68,162,2159,2038,1429,-170,162,-22,-20,289,300,0
336009,24,25,425,0,3178,2612,1563,-138,212,-5,132,286,301,0
339350,25,25,425,87,4712,3463,1598,-104,137,81,-1,286,304,0
342659,26,26,593,87,5616,3867,1481,-74,15,-59,58,277,304,0
346009,27,27,556,87,6265,4241,1375,-49,318,-85,156,279,304,0
349350,28,28,650,256,7981,3658,1191,-30,110,-160,152,274,295,0
352663,28,29,1081,0,8893,2691,935,-14,-38,-93,296,251,293,0
356009,29,30,1118,143,8442,1217,449,-8,-502,-268,493,249,285,0
359350,30,31,987,650,4957,-1716,-106,-11,-479,-232,575,256,258,0
362666,31,31,1381,1025,1729,-3581,-507,-20,-391,-140,581,251,254,0
366010,31,32,1400,1475,-1111,-5109,-1817,-60,-165,-64,512,250,230,0
369351,32,33,1306,1550,-3335,-5461,-2527,-114,-137,211,541,260,231,0
372669,33,33,1343,1662,-4410,-4602,-3236,-187,179,250,634,258,241,0
376010,34,34,1156,1250,-3765,-2766,-3802,-273,16,283,450,268,263,0
379351,34,35,1268,725,-2791,-1202,-3796,-353,89,279,452,262,275,0
382672,35,35,968,837,-2326,22,-3439,-421,129,251,402,278,285,0
386031,36,36,725,725,-1686,772,-2799,-468,-15,277,311,291,291,0
389351,37,37,650,537,-1909,1359,-2554,-507,42,149,284,295,301,0
392675,38,38,650,631,-1720,1367,-2067,-534,19,111,97,295,296,0
396034,38,39,912,462,-1746,1684,-2020,-565,136,-38,97,297,305,0
399352,39,40,631,368,-1403,1306,-1828,-596,-42,37,-42,312,310,0
402679,40,41,293,0,-1639,1060,-1874,-636,56,-40,-5,314,316,0
406035,41,42,200,0,-2124,1131,-1731,-675,-48,6,-34,319,318,0
409352,42,43,331,0,-1890,1037,-1503,-708,22,-135,-35,312,322,0
412682,43,44,0,0,-2410,1134,-1328,-738,-46,93,-22,323,308,0
416035,44,45,200,125,-2143,1408,-882,-756,62,79,-14,301,289,0
419353,45,46,293,368,-1936,2271,-754,-781,86,-23,73,296,276,0
422685,46,46,68,368,-1420,2293,-719,-812,-45,-97,101,292,276,0
426036,47,47,275,256,-1665,1956,-568,-846,236,-140,149,281,282,0
429377,48,48,350,162,3,1300,-118,-870,111,12,50,277,287,0
432688,48,49,837,143,1171,1027,-79,-900,195,-138,123,267,288,0
436036,49,50,725,162,2505,497,-230,-945,169,57,99,273,287,0
439378,50,51,275,0,3480,398,-356,-1001,104,142,120,281,290,0
442692,51,51,518,162,4094,1170,-249,-1058,176,88,120,268,287,0
446036,52,52,312,162,5598,2022,-153,-1112,-370,-61,163,279,287,0
449379,52,53,668,743,4536,2229,-95,-1162,-343,-107,335,276,256,0
452695,53,54,912,1531,2658,1410,-11,-1205,-608,-241,407,281,232,0
456036,54,54,687,1831,-1144,-527,69,-1240,-647,-52,529,293,232,0
459379,55,55,237,1362,-4401,-1457,-68,-1271,-296,-90,671,301,241,0
462698,56,56,312,1287,-6009,-2536,-178,-1291,-93,9,607,297,245,0
466036,57,57,12,968,-6056,-3127,-193,-1294,-17,165,693,313,262,0
469379,58,57,218,1118,-5448,-2905,-372,-1289,-112,175,414,302,270,0
472701,58,58,425,987,-4954,-2193,-357,-1244,-277,213,290,307,277,0
476057,60,59,0,950,-5634,-863,-288,-1174,-303,162,82,324,279,0
479379,60,60,181,800,-6370,-122,-258,-1081,87,93,142,320,287,0
482704,61,61,0,387,-5242,731,-163,-967,146,100,277,314,293,0
486061,62,62,87,256,-3299,1937,297,-839,315,7,178,309,300,0
489379,63,62,31,462,-1717,2397,470,-717,10,29,95,312,305,0
492708,64,63,0,331,-772,2585,655,-609,321,-77,30,316,312,0
496062,65,64,200,162,909,2921,754,-506,195,-9,167,298,316,0
499380,66,65,218,218,1907,3367,750,-418,256,-38,-12,297,313,0
502711,67,66,256,181,3067,3615,640,-335,282,-103,119,295,315,0
506061,68,67,350,312,4560,3044,485,-262,206,-87,16,290,308,0
509380,68,68,500,12,5319,2431,373,-192,151,-240,180,282,308,0
512714,69,69,443,87,5908,1622,38,-137,51,-109,158,285,304,0
516062,70,70,593,31,6088,244,-303,-99,12,-130,198,277,307,0
519404,71,71,518,31,5914,-650,-646,-78,108,-227,232,281,307,0
522717,72,72,650,556,5686,-1478,-1046,-83,-91,-142,111,274,279,0
526062,72,73,1062,762,4471,-2210,-1992,-122,-134,-176,250,268,268,0
529408,73,73,406,818,2711,-2742,-2578,-180,-150,-99,228,287,265,0
532720,74,74,350,743,994,-3663,-2927,-254,-7,-121,189,290,269,0
536062,75,75,350,856,-306,-4365,-3100,-347,-68,-6,233,295,268,0
539409,76,76,425,950,-1358,-4437,-3218,-445,-138,110,225,291,263,0
542724,77,77,668,987,-2591,-3704,-3375,-543,-88,211,402,294,277,0
546063,77,77,650,893,-3553,-2221,-3408,-638,33,130,283,295,282,0
549408,78,78,668,781,-3937,-1226,-3141,-729,-46,225,338,294,288,0
552727,79,79,218,443,-4450,8,-2783,-811,143,296,317,302,290,0
556085,80,80,500,687,-4184,1221,-2274,-879,117,179,248,303,293,0
559408,81,81,181,218,-3597,1885,-1676,-931,97,143,296,304,302,0
562730,82,82,350,162,-2926,2110,-1244,-972,137,9,133,295,305,0
566086,83,83,293,162,-2307,2113,-790,-995,162,-119,235,298,305,0
569409,83,84,537,106,-1378,1805,-342,-1000,0,-49,-17,301,308,0
572733,84,85,556,125,-720,1365,2,-994,-101,-78,17,300,307,0
576086,85,85,406,50,-872,1146,503,-966,159,-98,37,290,309,0
579409,86,86,68,12,212,921,964,-925,105,-2,88,292,295,0
582736,87,87,50,162,1068,1284,1433,-871,141,93,75,293,287,0
586086,88,88,256,462,2961,2172,1586,-814,49,88,58,282,271,0
589409,88,89,837,368,3446,2992,1794,-753,106,-104,173,267,276,0
592739,89,90,331,0,4259,2953,2128,-695,131,-155,55,278,282,0
596087,90,91,481,0,5470,2322,2444,-634,-23,-140,41,270,286,0
599410,91,91,87,200,5690,2058,2519,-575,-240,-66,106,291,285,0
602743,92,92,387,181,4842,1655,2420,-523,-572,-134,208,275,286,0
606087,92,93,762,425,925,1757,1777,-491,-323,-159,420,271,273,0
609412,93,94,125,556,-1667,1235,1205,-474,-355,-204,505,289,250,0
612746,94,94,106,800,-3050,253,524,-472,-276,-128,643,290,253,0
616087,95,95,743,912,-4292,-512,-410,-497,-141,-151,644,256,247,0
619415,96,96,950,1100,-4317,-1053,-518,-514,-72,-297,552,263,255,0
622749,96,97,1006,1175,-3575,-1522,-636,-525,-188,-108,631,276,267,0
626087,97,97,818,1081,-3328,-2327,-876,-532,-254,-47,405,286,272,0
629418,98,98,593,1043,-4148,-3121,-1170,-536,-141,46,252,298,274,0
632753,99,99,12,743,-4590,-3298,-1200,-511,1,30,379,313,274,0
636088,100,100,0,725,-4339,-3529,-1578,-480,-31,23,197,316,275,0
639421,101,101,0,481,-4040,-3401,-1840,-446,13,134,272,322,288,0
642755,102,101,125,687,-3705,-2991,-1919,-409,66,143,95,307,293,0
646112,103,102,31,762,-2967,-2342,-1749,-363,161,-13,201,312,289,0
649424,104,103,0,593,-2396,-2048,-1793,-314,-49,205,20,315,298,0
652759,104,104,368,462,-2498,-1732,-1713,-261,-34,-21,92,310,305,0
656115,105,105,237,500,-2360,-1387,-1499,-209,-102,109,-50,317,303,0
659439,106,106,368,518,-2689,-1358,-1331,-164,51,-165,19,305,297,0
662762,107,107,0,87,-2627,-1486,-1059,-126,98,28,104,315,304,0
666120,108,108,387,31,-1617,-968,-441,-87,251,-47,102,288,307,0
669431,109,109,181,0,-196,-392,-26,-49,127,43,166,299,311,0
672765,110,110,331,275,553,134,141,-20,252,46,-19,291,310,0
676121,111,111,387,0,2018,1114,324,0,192,70,221,288,309,0
679434,112,111,331,368,3092,2090,416,13,179,89,119,291,305,0
682768,112,112,387,143,4088,2977,573,15,239,55,229,288,301,0
686122,113,113,500,50,5571,3858,665,5,327,91,76,282,306,0
689437,114,114,781,125,7054,4096,746,-15,146,-29,92,267,302,0
692771,115,115,668,293,8022,4148,591,-46,186,-28,159,273,293,0
696121,116,116,1062,462,8741,3445,208,-96,-122,-113,172,252,284,0
699441,116,117,1456,800,7778,2435,-283,-171,-137,-166,245,252,271,0
702775,117,118,1081,968,6054,1063,-596,-266,-280,40,294,272,278,0
706122,118,118,1250,1493,3464,-360,-989,-376,-381,-111,258,263,250,0
709443,119,119,968,1512,366,-959,-1531,-499,-375,-197,430,262,233,0
712778,119,120,1212,1193,-2575,-2522,-1597,-605,-169,99,465,265,250,0
716122,120,120,1025,1006,-4838,-4121,-1938,-703,-163,60,282,275,276,0
719447,121,121,818,1118,-5683,-4687,-2152,-786,160,231,351,286,270,0
722781,122,122,706,1006,-5309,-4667,-2022,-837,156,288,305,292,276,0
726122,123,123,162,631,-4448,-3306,-2022,-884,44,230,385,321,296,0
729450,124,124,293,406,-4067,-2414,-1590,-914,-30,324,162,314,308,0
732784,125,125,181,0,-4318,-1337,-1302,-927,203,169,350,320,315,0
736124,126,126,0,68,-3779,117,-830,-916,176,56,187,316,310,0
739453,127,127,256,0,-2396,797,-253,-887,26,39,226,316,317,0
742787,127,128,162,0,-1824,1357,93,-834,-14,111,6,303,316,0
746123,128,129,293,0,-1272,1859,569,-759,104,-162,146,296,303,0
749457,129,129,350,312,-554,2080,793,-674,236,58,62,293,295,0
752791,130,130,237,106,747,1934,1141,-584,43,91,-73,283,290,0
756148,131,131,443,293,1545,3228,1441,-483,235,13,25,272,280,0
759459,132,132,443,256,2853,3624,1592,-380,150,-33,62,272,282,0
762794,132,133,893,200,3798,3541,1841,-275,-61,-114,109,264,285,0
766148,133,134,481,181,4089,3389,2145,-167,115,-33,62,286,286,0
769463,134,134,125,31,5412,3066,2292,-62,-12,17,93,289,294,0
772797,135,135,387,0,5641,3084,2140,18,-102,-133,140,275,296,0
776149,136,136,368,181,5384,3187,1954,80,-515,39,152,276,286,0
779466,136,137,668,725,2767,3436,1682,128,-623,-290,395,276,257,0
782800,137,138,931,1662,-1192,2487,1356,160,-523,-288,435,280,241,0
786149,138,138,818,1587,-4608,48,585,165,-498,-151,568,286,245,0
789470,139,139,481,1175,-6848,-906,103,151,57,-131,597,288,251,0
792804,140,140,518,931,-7172,-1737,-197,124,67,-159,488,286,264,0
796150,141,141,425,781,-5884,-2699,-384,88,-90,-8,492,291,272,0
799472,141,141,668,800,-5601,-3044,-720,47,-259,148,297,294,287,0
802807,142,142,556,762,-5464,-2881,-1482,-5,-209,82,138,300,289,0
806150,143,143,481,725,-6600,-2534,-1410,-40,-24,175,183,304,291,0
809475,144,144,368,725,-5803,-1953,-1499,-68,173,-55,216,310,291,0
812810,145,145,0,275,-4441,-1806,-1426,-82,154,87,324,319,299,0
816150,146,146,0,106,-2257,-1141,-1430,-78,202,12,161,324,308,0
819479,147,147,0,87,-748,-470,-1234,-67,141,20,199,316,309,0
822813,148,148,0,368,426,-139,-915,-35,3,49,-7,317,310,0
826150,149,149,200,31,629,211,-728,8,105,102,94,298,307,0
829482,150,149,31,387,748,651,-621,52,203,51,-55,307,304,0
832817,151,150,350,162,1484,1336,-208,109,125,2,118,306,316,0
836175,151,151,443,293,2426,2135,53,160,109,12,3,301,309,0
839485,152,152,368,0,3123,2347,178,206,99,-30,75,289,312,0
842819,153,153,331,125,3688,2710,294,242,171,16,178,291,302,0
846178,154,154,462,125,4490,2961,371,261,96,-85,169,284,302,0
849488,155,155,556,125,5141,2805,286,267,246,-159,226,279,302,0
852823,156,156,800,387,6048,1990,369,261,127,-47,172,266,288,0
856179,156,157,1231,518,6781,625,315,246,-120,-191,378,259,281,0
859492,157,158,931,481,6183,-304,67,212,-117,-240,349,259,283,0
862827,158,158,762,725,4641,-1658,-699,145,-461,-156,393,268,270,0
866183,159,159,1081,912,714,-2481,-1163,59,-290,-147,532,256,265,0
869495,159,160,1193,1231,-1139,-3521,-1491,-44,-86,-19,430,266,248,0
872829,160,160,950,1531,-1884,-4145,-1811,-167,-28,124,500,279,248,0
876187,161,161,1137,1081,-3216,-3420,-2044,-303,59,211,529,269,272,0
879499,162,162,1137,1118,-3167,-2542,-2387,-444,34,256,391,269,270,0
882832,162,163,1062,537,-3108,-1365,-2091,-571,30,177,410,273,285,0
886187,163,164,1175,856,-2926,-301,-1847,-681,67,117,279,283,284,0
889501,164,165,687,293,-2446,590,-1632,-774,39,204,232,293,298,0
892835,165,165,556,425,-2432,1457,-1299,-833,120,146,205,300,307,0
896188,166,166,556,387,-1926,1385,-986,-867,-136,64,82,300,309,0
899504,167,167,368,200,-2398,1476,-842,-888,190,-23,102,310,319,0
902839,168,168,518,312,-1992,1009,-554,-893,-121,-57,-52,302,313,0
906188,169,169,0,0,-2352,949,-449,-884,148,-73,72,314,321,0
909507,170,170,0,0,-2124,615,-476,-853,-390,-11,-194,318,312,0
912842,171,171,125,0,-3207,684,-177,-814,66,38,5,305,307,0
916188,171,172,68,143,-3576,852,46,-766,18,54,-32,308,288,0
919511,172,173,462,481,-2813,1179,449,-708,1,98,-4,287,270,0
922845,173,174,0,256,-2202,2110,284,-654,50,71,86,306,282,0
926188,174,174,406,237,-1399,2092,447,-601,25,-53,112,274,283,0
929514,175,175,143,237,-1233,2024,787,-548,183,-210,103,288,283,0
932848,176,176,518,200,-55,1077,1199,-488,32,-27,25,268,285,0
936189,176,177,818,143,1331,704,1029,-436,132,-151,134,268,288,0
939517,177,178,387,0,2378,277,1039,-397,374,-21,115,275,282,0
942851,178,179,556,0,4650,229,1120,-364,81,102,92,266,300,0
946210,179,179,106,0,5750,1146,1376,-327,184,28,142,290,296,0
949521,180,180,575,331,7115,1741,1467,-290,-287,20,176,283,296,0
952855,180,181,687,687,5569,1609,1396,-258,-412,-221,303,293,277,0
956213,181,182,593,1231,2931,579,1225,-229,-795,-290,432,298,248,0
959524,182,183,612,1437,-963,-625,1228,-202,-733,-56,635,297,237,0
962858,183,183,237,1493,-5683,-1706,618,-192,-180,6,754,301,234,0
966214,184,184,312,1137,-6681,-2585,147,-190,26,199,714,297,253,0
969527,185,185,68,987,-6145,-2769,-289,-177,25,287,712,310,261,0
972861,186,185,331,968,-4656,-2113,-757,-164,-129,349,457,296,278,0
976214,187,186,106,725,-4561,-1259,-901,-146,-363,118,242,308,291,0
979530,188,187,0,893,-5684,-593,-987,-120,-332,171,29,321,282,0
982864,189,188,406,837,-6312,316,-998,-87,257,96,276,308,285,0
986214,189,189,406,537,-4418,1255,-743,-36,153,175,209,308,301,0
989533,190,190,387,312,-2896,2191,-346,17,242,-59,148,304,308,0
992867,191,191,0,0,-763,2491,-372,64,105,-3,100,314,316,0
996214,192,192,256,0,213,2467,-193,109,127,-124,-73,295,312,0
999536,193,193,50,0,909,2502,-209,143,73,73,74,306,311,0
1002871,194,193,125,406,1874,2988,-95,170,125,-14,-73,302,303,0
1006215,195,194,31,256,2769,3273,-126,193,220,-133,175,307,311,0
1009539,196,195,425,312,3929,2937,-21,209,172,-168,36,286,308,0
1012874,196,196,518,0,5233,2057,-51,222,117,-221,218,281,316,0
1016215,197,197,481,0,6012,1448,-61,235,153,-109,167,283,312,0
1019543,198,198,350,0,6665,562,-241,233,-62,-203,178,290,312,0
1022877,199,199,425,87,6114,-656,-404,219,128,-102,214,286,304,0
1026215,200,200,443,368,6177,-1624,-594,186,124,-126,125,285,289,0
1029546,200,201,1793,1943,5629,-2051,-1234,139,-238,-238,290,282,258,0
1032880,201,202,1137,1325,2983,-2843,-1961,64,-310,-265,248,317,307,0
1036236,202,203,912,1118,421,-3911,-2371,-34,-16,-140,345,329,302,0
1039549,203,203,687,1062,-760,-4605,-2624,-154,-251,51,174,325,305,0
1042883,204,204,725,1362,-1739,-5209,-2655,-269,-173,109,309,323,289,0
1046240,205,205,687,968,-3124,-4413,-2709,-386,-26,320,296,325,310,0
1049553,206,206,743,800,-3897,-3551,-2644,-504,-93,185,317,322,319,0
1052887,207,207,537,837,-5051,-2191,-2030,-610,54,232,247,333,317,0
1056240,208,208,575,856,-5524,-1034,-1732,-710,154,255,211,331,316,0
1059556,209,209,687,687,-5189,195,-1382,-797,125,219,188,325,325,0
1062890,210,210,443,218,-4463,1138,-735,-858,92,92,256,322,334,0
1066240,211,211,575,181,-3419,1590,-379,-908,205,90,155,315,336,0
1069559,212,212,425,256,-2009,1563,-124,-931,-135,61,132,323,332,0
1072893,213,213,256,0,-1888,1741,349,-925,30,38,117,314,337,0
1076240,214,215,331,0,-1351,1415,734,-893,165,-128,216,310,337,0
1079562,215,215,331,162,-405,1245,1049,-837,391,46,147,310,319,0
1082897,216,216,575,406,1916,1731,1442,-763,-77,168,-61,297,306,0
1086241,217,217,500,106,1894,2955,1625,-682,221,-76,116,285,306,0
1089565,218,218,443,218,3100,2850,1802,-594,2,-89,81,288,300,0
1092900,218,219,818,181,4246,2509,2277,-500,213,-76,164,284,302,0
1096241,219,220,612,181,5521,2230,2616,-407,91,-69,86,295,302,0
1099569,220,221,181,0,6630,1642,2549,-316,48,-82,150,302,301,0
1102903,221,222,275,12,6827,1943,2212,-241,-91,143,129,297,295,0
1106241,222,223,218,256,6556,2609,2209,-165,-754,73,179,300,282,0
1109572,223,223,406,931,3178,3008,2053,-98,-670,-215,424,290,262,0
1112930,223,224,931,1662,-2176,1227,1092,-60,-787,-209,448,296,241,0
1116263,224,225,837,1625,-5802,-244,415,-47,-566,-183,557,301,243,0
1119575,225,225,462,1250,-8256,-851,105,-42,64,7,505,305,263,0
1122933,226,226,593,1137,-7668,-2005,-20,-40,73,-91,513,298,269,0
1126266,227,227,218,875,-6382,-2534,-233,-40,22,115,551,318,283,0
1129579,228,228,331,743,-5137,-2807,-647,-48,-272,49,93,312,290,0
1132937,229,229,218,781,-5975,-2768,-1151,-65,-303,265,99,318,288,0
1136266,230,230,293,650,-6924,-1597,-1268,-66,5,101,-31,314,295,0
1139581,231,231,181,443,-6843,-1262,-1298,-46,205,94,303,320,306,0
1142940,232,231,368,650,-4392,-611,-1234,-10,367,105,278,310,311,0
1146267,233,232,0,312,-2331,196,-939,42,228,5,275,315,313,0
1149585,234,233,0,331,-554,745,-883,97,282,-16,49,316,312,0
1152943,235,234,87,237,1415,1135,-339,171,126,6,116,309,317,0
1156268,236,235,0,200,2197,1600,-132,250,98,100,-60,315,314,0
1159587,236,236,425,125,2697,2110,-104,310,149,27,82,302,318,0
1162945,237,237,406,162,3638,2957,0,364,161,17,64,303,316,0
1166266,238,238,368,31,4589,2998,227,414,86,-173,133,305,323,0
1169591,239,239,31,0,4977,2912,277,446,136,-28,174,307,312,0
1172948,240,240,125,0,5331,2302,202,464,-17,-99,125,302,313,0
1176267,241,241,387,181,5302,1805,9,468,328,-132,287,288,299,0
1179594,242,242,518,350,6037,788,106,461,48,-153,147,281,290,0
1182949,242,243,1137,650,5847,-679,-63,436,-122,-248,378,264,274,0
1186267,243,243,968,987,4168,-1281,-741,380,-283,-217,426,273,272,0
1189597,244,244,593,687,1944,-2316,-1162,298,-392,-153,432,277,272,0
1192985,245,245,1006,1268,-1524,-3650,-1493,201,91,-83,435,276,262,0
1196288,245,246,950,1081,-1889,-4431,-1421,100,-51,16,311,279,256,0
1199601,246,247,818,687,-2405,-4579,-1441,-15,21,66,360,286,277,0
1202958,247,247,743,893,-2784,-3240,-1529,-145,71,242,401,290,282,0
1206292,248,248,800,818,-2839,-2303,-1435,-269,82,216,353,287,286,0
1209603,249,249,781,893,-3132,-915,-1312,-379,33,154,447,288,282,0
1212958,250,250,781,650,-2926,656,-1211,-486,119,143,227,288,295,0
1216293,250,251,1025,462,-2855,1138,-906,-579,26,149,269,291,305,0
1219607,251,252,537,0,-2958,1551,-465,-627,22,24,92,301,315,0
1222959,252,253,837,31,-2995,1617,-173,-646,-7,54,88,285,312,0
1226293,253,254,631,0,-2768,1591,77,-646,175,0,130,296,315,0
1229610,254,255,406,31,-1764,1160,200,-640,-108,40,5,308,312,0
1232959,255,255,275,275,-2265,1302,373,-621,86,-31,-6,315,315,0
1236293,256,256,12,0,-1825,1164,643,-580,-90,-51,-42,311,316,0
1239614,257,257,0,0,-2167,1488,915,-516,262,-96,153,309,303,0
1242959,258,258,0,218,-198,1836,1474,-430,-83,129,26,299,284,0
1246293,258,259,537,406,188,2511,1611,-339,-33,56,62,283,274,0
1249616,259,260,593,331,446,2823,1751,-246,200,-189,130,280,278,0
1252959,260,261,725,331,2314,2167,2259,-146,156,-88,148,273,278,0
1256294,261,261,462,31,3593,1942,2606,-37,243,-208,89,271,294,0
1259620,262,262,500,0,5182,1304,2754,59,27,-73,40,269,298,0
1262960,262,263,800,0,6319,1002,2749,149,77,-89,120,269,296,0
1266293,263,264,687,218,7024,978,2998,246,-218,-42,155,275,284,0
1269623,264,265,312,162,6950,976,2984,339,-559,-26,232,279,271,0
1272980,265,266,256,537,3492,378,2960,424,-588,-293,433,282,251,0
1276315,266,266,275,1100,718,-895,2333,489,-706,-118,443,281,237,0
1279626,266,267,856,1418,-2556,-1841,1680,535,-386,-42,625,284,238,0
1279626,266,267,856,1418,-2556,-1841,1680,535,-386,-42,625,284,238,0
1282984,267,267,631,1400,-5230,-1938,821,560,-216,-84,626,296,255,0
1286318,268,268,575,1118,-5787,-2318,47,558,-176,70,632,299,270,0
1289629,269,269,481,1325,-6040,-2368,-858,534,-168,187,452,304,259,0
1292984,270,270,350,912,-5428,-2043,-1599,507,-272,90,266,311,281,0
1296319,271,271,331,612,-5854,-1946,-2054,479,-306,148,226,296,281,0
1299633,272,271,87,931,-6283,-1540,-2242,455,-56,209,152,309,280,0
1302984,273,272,50,818,-5571,-717,-2051,436,68,42,359,311,286,0
1306319,274,273,162,725,-4273,-65,-1920,421,78,165,222,305,291,0
1309635,274,274,368,631,-3006,409,-1833,411,128,-30,127,310,296,0
1312984,275,275,143,500,-1423,742,-2000,394,-17,171,-61,322,303,0
1316319,276,276,293,481,-977,1100,-2072,370,-19,-68,-56,314,304,0
1319639,277,277,50,293,-1397,1184,-2430,332,78,51,-47,322,309,0
1322985,278,278,312,218,-1146,1301,-2220,291,235,-119,-14,308,313,0
1326319,279,279,12,0,87,1467,-1999,243,110,72,86,308,314,0
1329642,280,280,143,0,916,1688,-1786,192,28,-2,-9,301,316,0
1332985,281,281,0,0,1489,1850,-1850,132,94,14,133,309,314,0
1336320,282,282,200,0,1749,2009,-1874,67,164,-36,-3,298,312,0
1339645,283,283,575,0,2308,2227,-1858,-1,155,-73,296,278,314,0
1342986,283,283,1062,425,3525,1841,-1803,-78,370,-127,201,268,302,0
1346320,284,284,650,106,5235,990,-1728,-160,288,-82,209,274,303,0
1349648,285,285,650,0,6899,435,-1509,-254,156,-39,132,274,312,0
1353007,286,286,687,331,7938,-279,-1408,-348,-179,2,151,272,291,0
1356342,287,287,631,593,6737,-628,-1388,-446,-170,-75,249,275,277,0
1359652,287,288,875,1156,5163,-990,-1352,-559,-407,-134,188,283,252,0
1363011,288,289,725,1137,1846,-1540,-1485,-687,-506,-160,338,291,253,0
1366344,289,289,837,1343,-643,-2053,-1620,-823,-156,60,360,285,258,0
1369655,290,290,650,1156,-2051,-2927,-1597,-959,-178,27,332,279,252,0
1373010,291,291,350,987,-3835,-3084,-1706,-1106,-93,120,408,295,261,0
1376343,292,291,687,1081,-5070,-2843,-1767,-1255,67,301,343,277,272,0
1379658,292,292,1006,856,-5479,-2125,-1511,-1394,80,191,435,276,284,0
1383011,293,293,781,706,-5134,-1432,-966,-1498,183,346,351,288,292,0
1386344,294,294,556,556,-4505,-500,-468,-1565,225,199,275,300,300,0
1389662,295,295,687,462,-3942,665,100,-1587,198,172,404,293,305,0
1393011,296,296,575,368,-2813,1068,678,-1568,138,-24,146,299,310,0
1396344,297,297,275,50,-2225,1263,1120,-1506,99,11,223,299,311,0
1399664,298,298,237,0,-1824,1202,1631,-1405,72,-70,6,301,317,0
1403012,298,299,518,0,-1005,1082,2042,-1277,73,-136,190,284,309,0
1406344,299,300,612,0,-286,1043,2313,-1134,78,-58,-2,279,301,0
1409668,300,301,331,462,637,787,2753,-984,122,106,60,294,287,0
1413012,301,301,425,612,1597,1514,2979,-831,230,19,92,289,279,0
1416345,302,302,237,293,2871,2122,3295,-671,-22,-18,70,283,280,0
1419671,302,303,762,256,3575,2387,3540,-498,102,-106,143,271,282,0
1423012,303,304,612,200,4706,2122,3850,-313,94,-31,50,279,285,0
1426345,304,305,518,143,5559,2019,3975,-113,-127,33,152,284,288,0
1429674,305,305,312,106,5213,2536,3846,76,21,-45,183,279,290,0
1433033,306,306,350,50,5275,2942,3613,251,-409,-99,202,277,293,0
1436345,307,307,425,406,4099,3737,3339,412,-536,-57,397,273,274,0
1439677,307,308,743,762,209,3137,2713,554,-596,-305,418,272,255,0
1443033,308,309,1043,1381,-2822,1354,2199,681,-307,-220,549,274,240,0
1446369,309,309,800,1400,-4395,-256,1458,785,-172,-168,602,287,255,0
1449680,310,310,668,1043,-5284,-1832,615,861,-89,-25,459,278,258,0
1453037,311,311,593,950,-5215,-2578,209,921,-82,-71,487,282,263,0
1456373,311,311,762,818,-4906,-3240,-215,962,-196,58,219,289,286,0
1459684,312,312,762,668,-5080,-3409,-1002,974,-294,78,98,289,294,0
1463036,313,313,556,668,-6081,-3167,-1409,974,80,182,182,300,294,0
1466373,314,314,443,818,-5368,-2895,-1458,970,30,99,158,306,286,0
1469687,315,315,518,781,-3943,-2547,-1677,964,188,122,328,302,288,0
1473038,316,316,237,612,-2325,-2236,-1665,963,105,140,126,317,297,0
1476378,317,317,0,218,-1296,-1668,-1528,965,131,-5,208,328,302,0
1479690,318,318,50,387,-331,-1208,-1455,973,-43,8,11,311,309,0
1483037,319,319,0,275,-245,-857,-1180,991,12,10,139,320,299,0
1486379,320,319,50,387,-386,-403,-1012,1007,44,97,-52,306,304,0
1489693,320,320,425,162,-60,311,-732,1014,110,112,66,302,316,0
1493038,321,321,293,350,403,912,-449,1015,110,-17,-35,309,306,0
1496379,322,322,593,275,1170,1202,-203,1005,142,-56,6,293,310,0
1499696,323,323,0,12,1978,1525,20,985,149,40,58,309,308,0
1503038,324,324,218,0,2502,1797,57,951,-17,-2,7,297,312,0
1506380,325,325,106,50,2578,2472,65,903,226,52,189,303,306,0
1509700,326,326,237,106,4014,3086,272,847,243,-15,100,296,303,0
1513038,327,327,556,218,5281,3355,349,786,183,-72,231,279,297,0
1516379,327,328,1193,256,6236,2948,392,712,110,-79,226,261,295,0
1519703,328,329,762,0,6830,1690,157,624,-177,-44,317,268,299,0
1523091,329,329,1456,1081,5780,680,-241,513,-53,-52,408,252,272,0
1526380,330,330,1062,1006,4400,-679,-522,386,-320,-182,392,257,260,0
1529707,330,331,1268,1250,1007,-2235,-1122,231,-354,-171,490,262,247,0
1533063,331,331,1381,1362,-1594,-3503,-1350,65,-116,177,458,256,257,0
1536380,332,332,1006,1306,-3121,-4387,-1538,-103,-75,205,401,276,260,0
1539710,332,333,1456,1287,-4041,-4036,-1787,-271,90,251,486,268,261,0
1543063,333,334,1250,968,-3739,-3111,-1904,-435,156,336,395,279,278,0
1546380,334,335,1137,762,-3193,-2040,-1854,-578,-34,367,323,285,289,0
1549713,335,335,556,518,-3333,-433,-1495,-693,92,180,355,300,302,0
1553064,336,336,518,481,-3091,514,-1442,-784,52,226,203,302,304,0
1556405,337,337,612,218,-3244,1443,-1288,-843,155,121,273,297,318,0
1559716,338,338,387,425,-2736,1649,-977,-881,-35,137,52,309,307,0
1563063,339,339,181,125,-3040,1781,-760,-898,176,-36,95,320,323,0
1566406,340,340,87,0,-2699,1509,-496,-882,-133,78,-21,307,317,0
1569719,340,341,50,0,-3226,1440,-195,-844,125,-101,91,309,315,0
1573064,341,342,143,0,-2827,1236,26,-797,170,-81,-31,304,309,0
1576407,342,343,518,50,-1779,1164,263,-737,164,12,37,284,293,0
1579722,343,344,275,293,-373,2131,632,-665,-26,82,14,297,280,0
1583065,344,345,368,293,53,2798,778,-593,-56,-59,21,292,280,0
1586407,345,345,481,275,-59,3146,1066,-514,204,-105,201,270,281,0
1589726,345,346,631,200,1770,2612,1698,-424,-9,-80,114,278,285,0
1593065,346,347,575,143,2578,2389,1931,-332,413,-219,154,281,288,0
1596407,347,348,593,106,4404,1905,2142,-242,150,-54,164,280,290,0
1599728,348,349,293,0,6145,1401,1985,-166,64,111,138,280,292,0
1603085,349,350,87,0,6422,2112,2115,-94,96,-114,101,291,287,0
1606407,350,350,331,143,6960,2546,2421,-19,-709,-3,244,278,288,0
1609731,350,351,800,1043,2887,2084,2111,44,-577,-247,379,287,258,0
1613089,351,352,612,1137,-421,396,1835,100,-509,-280,512,297,253,0
1616408,352,353,575,1325,-2678,-1202,1408,135,-308,-138,645,299,243,0
1619735,353,353,518,1418,-5314,-1802,1119,159,15,-109,673,302,254,0
1623089,354,354,500,1250,-5315,-2688,741,170,-105,-81,580,303,263,0
1626408,355,355,0,743,-4981,-3078,248,173,-174,100,621,317,274,0
1629738,356,356,256,462,-4820,-2729,-527,164,-204,102,148,300,289,0
1633090,357,357,143,425,-5398,-2403,-904,152,-125,183,272,306,291,0
1636408,358,357,0,706,-5602,-1435,-1052,154,-126,54,85,316,292,0
1639741,358,358,312,612,-5624,-1333,-1186,159,120,-1,151,313,297,0
1643090,359,359,106,406,-4531,-1122,-1368,165,240,197,208,324,308,0
1646432,360,360,331,425,-3020,-577,-1148,185,127,2,182,312,307,0
1649744,361,361,68,443,-1812,-48,-996,213,-27,68,25,321,301,0
1653090,362,362,368,331,-1601,54,-967,241,-3,-163,-5,305,307,0
1656435,363,363,0,50,-1469,357,-851,261,115,39,100,316,306,0
1659747,364,364,0,12,-978,1027,-643,286,253,-34,20,318,308,0
1663091,365,365,200,50,-43,1689,-460,312,176,6,140,298,306,0
1666436,366,366,200,31,973,2102,-264,334,150,-76,13,298,307,0
1669751,367,367,237,12,1894,2392,-117,354,142,-9,244,296,308,0
1673091,368,367,406,387,2739,2536,24,370,247,-97,95,287,304,0
1676437,368,368,593,12,3781,2467,40,378,186,-122,280,277,308,0
1679755,369,369,837,0,5087,1855,33,378,368,-58,204,264,312,0
1683113,370,370,593,275,6997,920,-64,368,148,-81,211,277,294,0
1686436,371,371,875,256,8225,71,-144,343,78,-6,258,262,295,0
1689757,371,372,1156,593,8231,-1151,-359,308,-225,-31,148,268,282,0
1693114,372,373,968,931,6831,-1707,-565,257,-293,-131,180,278,264,0
1696437,373,373,893,1137,4467,-1879,-909,175,-436,-58,264,282,269,0
1699760,374,374,593,1081,771,-2631,-1226,77,-223,39,256,282,256,0
1703114,375,375,293,1043,-1517,-3079,-1361,-32,-91,78,347,298,258,0
1706438,376,376,687,1043,-2837,-3466,-1385,-137,-160,273,289,277,258,0
1709764,376,376,1062,1343,-4524,-2368,-1568,-252,-78,281,424,273,258,0
1713114,377,377,725,612,-4930,-1362,-1791,-384,116,205,374,291,297,0
1716437,378,378,500,556,-4671,-916,-1331,-491,-24,274,272,303,300,0
1719767,379,379,518,593,-4737,610,-917,-577,123,204,350,302,298,0
1723115,380,380,593,518,-4066,1315,-428,-635,93,130,231,298,302,0
1726438,381,381,537,218,-3055,1686,5,-670,189,88,326,285,302,0
1729770,381,382,687,31,-1564,1685,471,-678,-60,-52,60,293,312,0
1733115,382,383,237,0,-1179,1386,695,-664,-89,-41,78,299,306,0
1736439,383,384,312,0,-1398,1325,1097,-613,117,-21,54,295,310,0
1739774,384,384,425,125,-121,887,1502,-538,91,-69,87,289,305,0
1743115,385,385,462,368,689,891,1666,-453,146,-33,18,287,292,0
1746442,386,386,256,312,1747,901,2056,-352,-23,72,-87,282,279,0
1749777,386,387,631,406,2329,2133,2306,-237,136,-54,141,278,274,0
1753115,387,388,743,293,3339,2409,2567,-121,-24,-86,126,272,280,0
1756445,388,389,425,200,4358,2191,2799,-2,-29,-67,107,289,285,0
1759779,389,389,87,162,4837,2328,3092,124,88,-120,155,291,287,0
1763115,390,390,68,162,6033,2075,3036,245,-386,-52,133,292,287,0
1766448,390,391,575,125,5013,2403,2670,349,-377,-42,314,281,289,0
1769783,391,392,500,331,2545,3190,1884,422,-628,-258,410,285,278,0
1773140,392,393,856,1193,-835,2860,1315,471,-497,-406,525,284,250,0
1776452,393,393,650,1306,-3443,1875,769,499,-288,-344,622,295,260,0
1779786,394,394,481,1025,-4817,89,290,507,-302,-282,560,288,259,0
1783143,395,395,462,1118,-5577,-851,132,510,45,-140,580,289,254,0
1786455,395,396,631,725,-4720,-1957,-54,507,-133,-101,402,296,275,0
1789789,396,397,706,1081,-4302,-3121,-390,497,-193,-51,338,292,272,0
1793143,397,397,725,912,-4694,-3298,-616,482,-44,39,158,291,281,0
1796458,398,398,556,837,-4576,-3455,-848,467,-131,75,145,300,285,0
1799792,399,399,556,743,-4429,-3108,-994,454,-5,41,284,300,290,0
1803149,400,400,181,668,-3831,-3080,-1323,441,57,57,81,320,294,0
1806461,401,401,68,275,-2973,-2753,-1546,431,110,140,202,310,299,0
1809795,402,402,0,50,-1508,-2003,-1457,428,-13,98,-7,318,311,0
1813150,403,403,106,200,-1134,-1642,-1283,431,70,21,137,308,303,0
1816464,404,403,0,406,-1074,-1550,-1285,440,68,142,-36,316,303,0
1819800,405,404,0,518,-954,-1307,-1186,459,46,-18,83,318,297,0
1823150,406,405,68,312,-932,-1018,-1040,468,115,48,12,305,308,0
1826468,406,406,443,143,-529,-638,-698,475,146,-32,117,301,317,0
1829803,407,407,87,68,389,-86,-480,473,194,101,68,304,305,0
1833150,408,408,331,12,1222,210,-348,462,86,-41,24,291,308,0
1836472,409,409,87,87,1797,698,-125,443,135,133,120,304,304,0
1839805,410,410,143,31,2692,1513,46,423,121,52,97,301,307,0
1843150,411,411,218,106,3324,2431,87,392,272,116,204,297,303,0
1846474,412,412,500,256,4399,3160,172,350,202,109,49,282,295,0
1849809,412,413,725,0,5717,3931,261,306,62,192,172,270,296,0
1853182,413,413,1831,1681,5730,4415,311,252,-91,-9,102,280,288,0
1856478,414,414,1193,968,5222,4301,87,182,-183,27,240,298,310,0
1859812,415,415,1062,968,3669,3659,-298,93,22,-95,390,305,310,0
1863151,416,416,1250,1456,2896,2141,-531,-10,-392,-144,457,295,284,0
1866480,417,417,1456,1812,771,-165,-755,-131,-229,-107,621,284,265,0
1869816,418,418,1943,1625,-1739,-2439,-807,-251,-313,-10,541,274,275,0
1873151,418,419,1943,1381,-3799,-3999,-1077,-368,-99,24,592,274,288,0
1876483,419,419,1700,1493,-4914,-5282,-906,-455,110,331,453,287,298,0
1879818,420,420,931,1156,-4476,-5312,-699,-518,21,460,295,312,300,0
1883177,421,421,725,856,-4093,-4118,-520,-558,265,292,351,323,316,0
1886487,422,422,781,593,-3103,-2521,203,-561,256,343,264,320,330,0
1889822,423,423,500,668,-2390,-860,330,-555,438,172,422,335,326,0
1893178,424,425,650,87,-1186,-236,470,-538,-118,47,135,327,341,0
1896490,425,426,293,0,-1578,319,1013,-495,-32,28,47,328,340,0
1899824,426,427,68,0,-1895,298,1320,-434,-163,-45,103,324,337,0
1903177,427,428,0,0,-2171,322,1654,-356,223,-56,154,328,322,0
1906493,428,429,237,0,-958,-413,1859,-267,64,91,-16,315,319,0
1909827,429,429,181,443,-171,493,1796,-169,193,38,-83,318,304,0
1913178,430,430,575,481,1323,1427,1918,-61,-15,50,-78,297,302,0
1916496,431,431,293,0,1548,2376,2244,54,73,-81,105,296,317,0
1919831,432,432,518,87,2102,2174,2505,172,-134,-60,27,300,307,0
1923177,432,433,425,50,1878,2101,2722,297,139,-88,120,305,309,0
1926499,433,434,518,256,2507,1549,3015,429,-29,-84,126,300,298,0
1929834,434,435,200,0,3614,1297,2850,550,15,44,163,301,301,0
1933177,435,436,125,0,3870,1815,2795,659,-35,121,129,305,299,0
1936503,436,437,181,125,4537,3085,2788,761,-208,181,102,302,289,0
1939838,437,438,331,631,3499,3857,2626,854,-379,-120,248,312,296,0
1943178,438,438,331,687,1612,3540,2204,927,-672,-131,207,312,293,0
1946506,439,439,218,818,-2625,3058,1962,987,-383,-92,369,318,286,0
1949840,440,440,425,1231,-4614,2539,1726,1038,-486,-20,364,307,264,0
1953178,441,441,200,1062,-6578,1903,1395,1076,-145,-184,485,319,273,0
1956509,442,442,0,575,-6871,135,1079,1102,-6,64,405,317,283,0
1959843,443,443,275,706,-5902,-621,804,1117,99,-13,452,315,292,0
1963179,444,443,0,518,-4729,-903,1016,1146,-22,151,170,318,302,0
1966512,444,444,200,593,-3997,-733,906,1184,-101,-56,194,319,298,0
1969847,445,445,237,443,-3728,-615,635,1220,-26,-3,53,317,306,0
1973203,446,446,106,256,-2904,-778,438,1258,-16,-133,134,324,316,0
1976515,447,447,200,425,-2707,-1154,685,1304,336,-16,142,319,307,0
1979850,448,448,31,350,-921,-1083,860,1365,423,-146,320,323,306,0
1983207,449,449,350,331,1978,-319,1388,1437,378,25,409,306,307,0
1986519,450,450,200,50,4948,759,2051,1523,273,-108,175,298,306,0
1989853,451,451,162,0,6425,1304,2332,1612,317,-33,119,300,310,0
1993211,452,452,125,0,7990,1595,2500,1683,118,-126,19,302,309,0
1996522,453,453,50,0,8639,1902,2237,1743,-167,-85,271,306,310,0
1999856,454,454,312,125,7369,1751,2019,1791,-206,-321,135,292,302,0
2003212,454,455,837,593,5736,1092,1486,1806,-104,-313,316,280,277,0
2006525,455,455,368,687,4005,559,617,1784,-450,-165,285,289,272,0
2009860,456,456,200,931,1077,-305,-401,1720,-336,-254,488,298,259,0
2013215,457,457,425,931,-1769,-1268,-1438,1617,57,-289,560,286,259,0
2016528,458,457,706,1287,-2578,-2569,-2298,1489,-94,-69,453,271,256,0
2019863,458,458,1006,1306,-3069,-2777,-2964,1337,3,-99,466,276,260,0
2023215,459,459,912,1043,-2934,-2559,-3458,1158,89,120,388,281,274,0
2026531,460,460,875,818,-2308,-2257,-3489,971,-73,-48,202,283,286,0
2029867,461,461,462,293,-2500,-1880,-3307,783,17,190,275,289,298,0
2033216,462,462,331,218,-2522,-1328,-3097,592,16,159,89,296,302,0
2036535,463,463,406,12,-2031,-808,-2425,427,-30,169,249,292,313,0
2039869,464,463,706,518,-1974,-406,-2209,270,42,149,8,292,302,0
2043216,464,464,593,387,-1874,-89,-2106,117,27,31,105,298,309,0
2046538,465,465,518,425,-1858,195,-1936,-24,60,31,-1,302,307,0
2049873,466,466,387,331,-2043,54,-1884,-152,-79,-49,16,309,312,0
2053217,467,467,350,387,-2697,-59,-1871,-272,2,-12,-29,311,309,0
2056541,468,468,68,0,-3137,-486,-1778,-381,-117,-20,22,310,318,0
2059875,469,469,237,0,-3708,-377,-1400,-469,329,-86,177,301,314,0
2063217,470,470,0,0,-2318,-504,-924,-531,193,-4,133,303,311,0
2066544,471,471,50,106,71,90,-358,-567,116,165,135,293,290,0
2069879,472,472,612,481,885,1138,-200,-605,41,71,-22,279,270,0
2073217,472,473,1006,350,1217,2211,185,-628,321,-80,198,258,277,0
2076547,473,473,350,312,3013,2066,583,-630,82,-139,128,277,279,0
2079882,474,474,462,256,4474,1367,1057,-610,65,-60,85,271,282,0
2083238,475,475,406,218,5523,1087,1138,-596,39,-46,278,274,284,0
2086551,475,476,762,218,6160,1342,916,-594,-197,158,199,271,284,0
2089885,476,477,162,0,5499,2379,393,-625,-151,216,302,287,284,0
2093242,477,477,181,368,5383,4279,356,-678,-693,-8,388,286,276,0
2096554,478,478,218,443,1984,4761,-270,-760,-1122,-172,488,284,272,0
2099888,479,479,762,1212,-3876,3540,-743,-861,-439,-425,580,271,231,0
2103243,479,479,1100,1925,-6829,1380,-772,-955,-231,-261,635,271,227,0
2106557,480,480,725,1587,-7139,-779,-703,-1040,75,-123,700,291,245,0
2109892,481,481,312,1175,-5723,-1898,-775,-1111,289,-8,647,297,251,0
2113242,482,482,275,893,-3548,-3028,-670,-1151,-111,169,207,299,266,0
2116561,483,482,1081,1362,-2464,-3128,-273,-1147,-608,76,20,272,257,0
2119895,483,483,837,1156,-3977,-2887,-723,-1125,-220,183,-77,285,268,0
2123242,484,484,725,1156,-5456,-2845,-607,-1072,53,113,142,291,268,0
2126563,485,485,312,931,-4636,-2232,-246,-987,51,102,286,313,280,0
2129898,486,486,331,612,-3738,-2416,-162,-884,64,112,41,312,297,0
2133243,487,487,181,556,-2866,-2268,-470,-790,27,130,167,320,300,0
2136567,488,487,0,518,-2171,-2275,-311,-696,75,13,57,317,302,0
2139902,489,488,0,481,-1608,-2681,-51,-601,47,47,169,317,304,0
2143243,490,489,143,537,-958,-2909,112,-521,-45,131,-97,306,301,0
2146570,491,490,0,312,-958,-2444,591,-434,76,12,110,312,308,0
2149905,492,491,0,368,-719,-2188,910,-340,-23,144,-14,317,305,0
2153243,493,492,143,312,-695,-1595,1205,-242,192,32,146,301,308,0
2156573,493,493,387,275,121,-436,1433,-138,169,172,92,304,310,0
2159908,494,494,125,0,990,612,1839,-22,308,-27,158,302,311,0
2163264,495,495,312,0,2450,1243,2232,102,204,68,279,292,311,0
2166576,496,496,350,50,3924,2012,2586,227,223,90,107,290,306,0
2169911,497,497,612,0,5049,2907,2525,335,208,212,152,276,310,0
2173268,498,498,518,125,5893,3939,2617,428,133,121,-39,281,302,0
2176579,498,499,875,0,7042,4739,2389,509,81,17,124,278,309,0
2179914,499,499,650,293,7318,4811,2106,569,-23,88,120,274,293,0
2183299,500,500,1043,800,6877,4071,1574,600,-261,-95,205,274,287,0
2186583,501,501,1193,593,4721,2325,953,596,-45,-52,323,250,282,0
2189917,501,502,1268,1062,3622,779,652,581,-515,-157,355,262,257,0
2193268,502,503,1531,1268,1151,-926,-133,548,-336,-185,522,248,246,0
2196586,503,503,1456,1400,-2816,-3708,-810,511,-374,-9,502,252,255,0
2199921,504,504,1400,1156,-4768,-5175,-1398,456,-65,-6,385,255,268,0
2203268,504,505,1381,1043,-5522,-5828,-1492,418,-29,307,378,272,274,0
2206589,505,506,1137,725,-4989,-5182,-1660,389,89,241,355,285,291,0
2209923,506,506,837,837,-3987,-3836,-1610,363,97,420,393,301,301,0
2213269,507,507,331,443,-3285,-1887,-1274,345,226,324,455,312,306,0
2216593,508,508,350,331,-2489,331,-1160,333,34,287,368,311,312,0
2219927,509,509,181,687,-2620,1778,-1156,318,60,104,313,320,293,0
2223269,510,510,443,368,-2297,2178,-626,307,-125,36,31,306,310,0
2226595,511,511,106,0,-2905,2471,-333,319,252,-82,185,306,317,0
2229930,512,512,218,0,-1941,2229,-27,337,36,28,64,300,316,0
2233270,512,513,387,0,-1098,2275,9,345,141,-47,32,291,300,0
2236599,513,514,425,237,-222,2750,93,353,38,76,-104,289,283,0
2239957,514,515,575,368,388,3384,84,370,132,66,-8,281,276,0
2243291,515,515,537,406,1054,4299,493,396,48,-120,31,283,290,0
2246602,516,516,331,50,2138,4232,958,427,-108,-47,14,278,293,0
2249960,516,517,593,12,2359,4121,1192,461,320,-148,119,280,295,0
2253294,517,518,425,218,3977,3534,1544,491,-121,-104,59,289,284,0
2256606,518,519,500,106,5431,2515,1573,511,-49,-66,118,285,290,0
2259964,519,520,537,143,5334,2435,1438,519,-22,-58,124,283,288,0
2263294,520,521,218,31,5898,2591,1422,518,-447,170,120,284,278,0
2266608,521,521,256,275,3283,3211,877,488,-560,-127,427,282,281,0
2269966,521,522,762,875,-242,2321,294,428,-532,-228,324,289,267,0
2273294,522,523,575,1081,-3369,743,-439,333,-260,-180,482,299,256,0
2276611,523,524,650,1362,-5916,-937,-648,234,-232,-79,473,295,257,0
2279970,524,524,556,1306,-7198,-2004,-783,128,-74,-86,485,300,260,0
2283295,525,525,331,968,-7240,-2868,-973,23,188,121,490,312,278,0
2286615,526,526,181,518,-5156,-3821,-1063,-75,-243,15,129,304,286,0
2289973,527,527,256,668,-5230,-3995,-1383,-168,-206,183,182,316,294,0
2293295,528,528,0,331,-5791,-3767,-1156,-234,-200,74,-23,326,296,0
2296618,529,529,106,293,-5511,-2570,-782,-279,201,45,320,308,298,0
2299976,530,529,0,387,-3942,-2188,-620,-294,265,180,328,319,309,0
2303295,531,530,125,481,-1936,-1397,-305,-278,176,77,312,307,304,0
2306621,531,531,275,425,142,-75,-154,-239,76,50,85,315,307,0
2309978,532,532,275,481,1140,688,204,-186,75,-79,109,310,299,0
2313296,533,533,425,406,1785,1310,606,-115,206,109,34,302,303,0
2316624,534,534,0,106,2744,1983,946,-35,160,-22,-49,309,303,0
2319982,535,535,125,87,3514,2606,1053,36,240,38,63,302,304,0
2323317,536,536,50,237,4426,2991,1350,115,49,-165,-11,306,296,0
2326628,537,537,312,31,5049,3087,1345,193,64,-76,223,292,307,0
2333320,538,539,1043,237,3999,2340,841,286,21,-157,219,269,296,0
2336631,539,539,706,350,3505,1533,601,306,170,-142,243,271,290,0
2339986,540,540,612,368,3843,270,134,310,-94,-308,324,276,289,0
2343320,541,541,987,556,2936,-929,-918,278,-144,-273,422,256,279,0
2346634,541,542,1175,575,1039,-3114,-1680,223,-43,-112,399,262,278,0
2349986,542,543,1362,781,55,-4239,-2247,138,57,-91,401,257,272,0
2353321,543,543,1081,1062,-282,-4854,-2544,28,-12,9,409,272,273,0
2356638,544,544,1025,1100,-902,-4868,-2694,-92,-115,219,353,275,271,0
2359987,544,545,1362,1100,-1679,-3689,-3176,-240,215,151,455,273,271,0
2363321,545,546,1118,575,-1530,-2664,-2941,-381,-2,345,377,270,283,0
2366640,546,547,875,443,-1504,-1529,-2770,-512,22,178,280,283,290,0
2369987,547,548,875,462,-2096,-227,-2618,-639,87,158,340,283,289,0
2373322,548,548,950,706,-1945,573,-2214,-735,-38,304,187,279,292,0
2376643,548,549,950,612,-2350,1306,-1991,-807,142,87,239,295,297,0
2379987,549,550,725,706,-2185,1561,-1651,-845,-97,161,70,307,292,0
2383322,550,551,575,387,-2632,2017,-1442,-869,36,20,62,315,309,0
2386647,551,552,312,68,-2410,1756,-1335,-887,-66,-4,-14,313,310,0
2390015,552,553,368,0,-2319,1466,-1101,-891,83,-75,26,308,313,0
2393322,553,554,0,0,-2659,1321,-943,-887,-9,12,26,319,309,0
2396650,554,555,0,0,-2504,1177,-715,-866,145,35,-7,322,306,0
2399987,555,556,275,68,-2757,1332,-449,-844,154,-92,42,297,292,0
2403343,556,557,293,425,-1715,1548,43,-818,42,68,19,296,273,0
2406653,557,557,106,425,-1078,2423,-71,-801,116,2,112,290,273,0
2410009,558,558,275,162,-423,2653,19,-791,-26,34,39,281,287,0
2413343,558,559,743,481,-447,2534,372,-774,319,-177,204,272,270,0
2416657,559,560,575,275,1695,2145,840,-754,274,-188,161,281,281,0
2420013,560,561,537,218,3536,1302,885,-746,126,-126,188,283,284,0
2423347,561,561,593,0,4283,702,650,-755,337,-116,238,264,300,0
2426660,561,562,762,12,6270,462,829,-762,-118,53,138,271,295,0
2430013,562,563,912,143,6020,1108,604,-785,-401,-107,297,263,288,0
2433347,563,564,687,875,3881,983,170,-822,-654,-286,490,293,267,0
2436663,564,565,687,1006,-871,-211,-105,-863,-587,-212,518,293,260,0
2440013,565,565,612,1437,-3382,-1338,-637,-909,-149,-77,658,297,253,0
2443347,566,566,368,1212,-4112,-2368,-1044,-960,-71,-101,686,294,249,0
2446667,566,567,650,1025,-4015,-2620,-1005,-996,42,-104,702,295,259,0
2450013,567,568,462,1006,-3244,-3293,-924,-996,-144,136,457,305,260,0
2453348,568,568,575,1381,-2776,-3259,-1111,-978,-590,25,197,299,256,0
2456669,569,569,218,1156,-4284,-2692,-1142,-944,-67,274,183,318,268,0
2460013,570,570,612,1081,-4481,-1959,-896,-892,-64,105,216,297,272,0
2463347,571,571,425,912,-3537,-592,-538,-825,165,291,381,307,281,0
2466672,572,572,0,612,-2322,319,-467,-740,221,265,217,314,297,0
2470014,573,572,31,743,-1055,996,-695,-670,146,296,240,312,290,0
2473349,574,573,0,631,-39,1096,-949,-613,-118,106,-87,318,296,0
2476676,575,574,0,462,-19,1271,-610,-550,-199,-112,-36,315,300,0
2480014,576,575,0,87,-963,1112,-711,-503,13,68,-93,316,320,0
2483349,576,576,200,275,-1230,1065,-585,-459,349,-144,58,314,310,0
2486679,577,577,275,256,169,1107,-688,-429,32,1,-88,310,311,0
2490035,578,578,237,218,588,1016,-676,-405,36,-155,-151,312,313,0
2493372,579,579,125,0,681,666,-832,-390,53,53,19,302,313,0
2496682,580,580,237,0,744,851,-957,-385,72,-29,135,296,311,0
2500038,581,581,218,12,1037,1445,-1108,-390,89,102,197,297,308,0
2503372,582,582,350,50,1634,1664,-1245,-407,177,-137,80,290,306,0
2506685,583,583,500,143,2210,1331,-1315,-434,256,-96,252,282,301,0
2510039,584,584,725,200,3203,870,-1149,-471,328,73,189,270,298,0
2513403,584,584,1475,537,4832,622,-1364,-512,33,-37,340,251,301,0
2516689,585,585,743,425,5030,539,-1537,-560,130,-146,343,274,291,0
2520039,586,586,950,743,4874,-129,-1747,-626,-210,-119,344,263,274,0
2523372,586,587,1268,968,2621,-1116,-1961,-714,-213,-127,464,262,262,0
2526692,587,588,1081,1287,747,-1937,-1996,-804,-229,-100,388,272,261,0
2530039,588,588,1250,1437,-778,-2487,-2029,-888,-86,145,435,263,253,0
2533372,589,589,968,1175,-2279,-2450,-1913,-973,-27,258,488,278,267,0
2536695,590,590,1156,1025,-2756,-2009,-1835,-1050,-44,240,351,268,275,0
2540040,590,591,1231,631,-3186,-1223,-1649,-1106,36,262,451,280,296,0
2543373,591,592,800,162,-3323,-212,-794,-1128,78,236,316,287,305,0
2546698,592,593,743,500,-2868,553,-438,-1122,102,194,264,290,303,0
2550040,593,593,650,350,-2607,1217,-65,-1091,124,37,242,295,311,0
2553373,594,594,556,406,-2071,1039,587,-1041,-127,75,34,300,308,0
2556701,595,595,481,12,-2545,1072,940,-983,152,-144,71,286,311,0
2560040,595,596,725,181,-2069,623,1343,-906,-121,28,97,289,302,0
2563373,596,597,331,0,-2384,170,1579,-821,90,-120,-4,294,307,0
2570061,598,599,218,218,-1305,-415,2101,-652,105,129,152,300,284,0
2573374,599,600,218,481,342,999,2220,-569,-57,-20,26,300,270,0
2576707,600,600,50,406,504,1506,2554,-467,100,-2,81,293,274,0
2580065,601,601,481,293,832,1766,2957,-345,280,-196,192,270,280,0
2583398,601,602,650,181,3038,983,3302,-223,-115,-169,49,277,286,0
2586711,602,603,687,143,3594,662,3471,-92,258,-105,237,275,288,0
2590065,603,604,743,106,4573,734,3507,35,27,-174,182,272,290,0
2593401,604,605,143,0,5710,926,3124,154,-147,220,167,288,290,0
2596714,605,605,537,125,5670,2242,2789,262,-73,28,226,267,289,0
2600066,605,606,725,368,5742,3576,2669,372,-701,94,301,291,294,0
2603407,606,607,406,556,2049,4622,1455,447,-772,-183,434,308,284,0
2606717,607,608,556,1043,-1946,3703,751,505,-726,-348,481,300,258,0
2610065,608,609,631,1418,-5002,2135,225,551,-378,-334,584,296,238,0
2613407,609,609,631,1493,-7195,230,-159,587,-72,-261,689,296,250,0
2616720,610,610,237,1193,-6363,-1377,-496,608,133,-115,529,301,250,0
2620065,611,611,462,1081,-4794,-2709,-818,625,-23,105,382,305,272,0
2623407,612,612,406,593,-3351,-3196,-748,649,-406,109,-9,292,282,0
2626723,612,612,762,856,-3870,-2766,-843,678,-303,79,99,289,284,0
2630067,613,613,537,781,-4856,-2403,-836,713,33,133,116,301,288,0
2633408,614,614,256,556,-3849,-1937,-1222,737,44,119,69,316,300,0
2636727,615,615,50,518,-2760,-1577,-1573,751,59,112,119,327,302,0
2640066,616,616,68,387,-1757,-1533,-1880,752,47,-24,48,321,304,0
2643408,617,617,0,350,-1401,-1651,-1793,754,118,-28,188,327,306,0
2646730,618,618,0,31,-608,-1710,-1681,753,123,-100,0,315,307,0
2650088,619,619,0,50,-8,-1685,-1507,730,138,46,133,317,306,0
2653408,620,620,0,12,872,-1191,-1223,706,134,57,-67,309,308,0
2656733,621,621,12,68,1596,-499,-1011,676,90,27,77,308,305,0
2660091,622,621,0,275,1764,75,-980,627,87,60,-126,311,310,0
2663409,623,622,275,256,2071,898,-956,568,135,9,195,294,311,0
2666736,623,623,350,0,2607,1576,-760,502,140,34,92,290,312,0
2670092,624,624,537,31,3278,1997,-449,439,121,19,203,280,307,0
2673408,625,625,331,31,4043,2594,-239,373,235,90,158,291,307,0
2676740,626,626,500,425,4568,2988,-168,302,39,-49,105,282,286,0
2680092,627,627,1925,1212,4391,3671,-307,223,29,-175,276,259,297,0
2683409,628,628,1156,1175,4408,3094,-579,125,60,-15,306,300,299,0
2686743,628,629,1812,987,4448,1940,-906,4,9,-143,447,281,309,0
2690091,629,630,2093,1437,3712,557,-1248,-137,-279,-172,558,266,285,0
2693434,630,631,1568,1062,1391,-2046,-1547,-294,-389,45,616,278,289,0
2696747,631,631,1568,1400,-1277,-3441,-1856,-461,-230,-122,574,278,287,0
2700091,632,632,1456,1400,-3011,-4591,-1942,-619,-140,182,366,284,287,0
2703435,633,633,1137,1362,-4464,-4807,-1785,-762,32,342,368,301,289,0
2706749,634,634,1006,856,-4782,-3653,-1469,-892,107,314,219,324,316,0
2710092,635,635,650,743,-4860,-1868,-1323,-979,211,173,386,327,322,0
2713435,636,636,481,481,-3963,-90,-596,-1021,120,277,214,336,336,0
2716753,636,637,781,256,-3294,948,-239,-1035,34,199,280,320,332,0
2720120,638,638,387,50,-3107,1593,42,-1029,-96,120,11,323,341,0
2723435,638,639,350,0,-3231,1788,578,-995,187,-66,137,325,338,0
2726755,639,640,762,0,-3430,1475,880,-942,-220,-37,100,303,334,0
2730093,640,641,650,0,-3736,863,1278,-879,267,-38,77,309,328,0
2733435,641,642,556,293,-3066,304,1522,-805,432,-38,39,314,312,0
2736760,642,643,443,200,-547,632,1780,-723,151,252,16,304,301,0
2740114,643,644,537,200,764,1964,1983,-623,-68,-134,9,299,301,0
2743436,644,645,593,200,836,2143,2332,-501,47,-27,82,296,301,0
2746762,645,646,537,181,1361,2013,2729,-357,223,-116,193,299,302,0
2750117,646,647,368,125,3515,1472,3168,-202,7,-108,127,308,305,0
2753436,646,648,856,0,5443,1073,3585,-37,216,-179,154,282,314,0
2756765,647,648,687,143,7001,393,3537,119,-58,-25,89,291,304,0
2760118,648,649,556,256,7388,721,3547,268,54,67,31,298,298,0
2763436,649,650,631,462,8150,2266,3796,419,-324,133,171,312,305,0
2766768,650,651,406,818,6559,2978,3269,551,-605,-62,226,324,286,0
2770118,651,652,481,1287,2588,2588,2835,670,-634,-184,386,320,261,0
2773461,652,653,200,1062,-2300,1448,2445,770,-656,-85,410,319,257,0
2776771,653,653,500,1193,-6209,709,2145,851,-198,9,540,303,266,0
2780118,654,654,143,1231,-7854,-505,1730,913,-71,-32,451,322,264,0
2783464,655,655,237,968,-7515,-1843,800,943,30,-30,479,317,278,0
2786775,656,656,350,856,-5627,-2502,155,957,32,101,317,311,284,0
2790118,657,657,0,556,-4363,-2482,27,976,-437,47,102,331,300,0
2793464,658,657,200,668,-5116,-1916,-220,998,-432,246,-206,319,310,0
2796779,659,658,0,556,-6662,-1563,-771,1012,118,81,54,329,300,0
2800119,660,659,0,425,-6576,-1088,-1178,1024,382,177,217,329,307,0
2803465,661,660,0,181,-3007,122,-920,1053,263,-120,380,318,320,0
2806781,662,661,0,256,-1235,637,-837,1088,369,-113,154,322,311,0
2810118,662,662,518,125,580,1269,-249,1136,477,-122,217,297,318,0
2813465,663,663,368,237,3782,2061,237,1189,243,25,23,305,312,0
2816785,664,664,275,181,5077,2623,463,1245,199,-50,70,310,315,0
2820142,665,665,537,200,6020,3316,563,1281,93,39,226,296,314,0
2823465,666,666,181,0,6282,3868,668,1309,-7,-200,137,299,310,0
2826787,667,667,425,312,5703,3666,623,1328,122,-130,251,286,292,0
2830142,668,668,500,406,5598,2909,658,1330,14,-238,131,282,287,0
2833465,668,669,1062,668,5261,1854,-94,1300,-198,-199,321,268,273,0
2836791,669,669,1062,743,3376,642,-748,1236,-232,-197,420,268,285,0
2840143,670,670,837,856,1416,-1317,-1868,1130,-165,-235,438,280,279,0
2843496,671,671,1156,1231,-440,-3304,-2455,998,-42,-196,438,268,264,0
2846794,672,672,1025,912,-847,-4639,-2671,853,-238,-42,281,275,265,0
2850143,672,672,837,1118,-1546,-4884,-3023,685,-83,18,354,285,270,0
2853466,673,673,631,987,-2041,-4025,-3064,504,13,55,292,296,277,0
2856797,674,674,518,706,-1830,-3492,-2784,318,-96,172,166,302,292,0
2860143,675,675,425,518,-2383,-2457,-2413,131,-59,244,216,307,302,0
2863466,676,676,425,668,-3263,-1166,-2180,-47,61,147,74,307,294,0
2866800,677,677,593,575,-3403,-356,-2082,-223,107,143,265,298,299,0
2870144,678,678,518,462,-3009,410,-1804,-398,28,169,61,302,305,0
2873469,678,679,443,12,-2835,727,-1646,-551,101,-4,145,306,313,0
2876803,679,680,462,425,-2689,772,-1394,-683,106,5,94,305,307,0
2880144,680,681,350,0,-2117,791,-1193,-797,33,-20,147,311,321,0
2883473,681,681,256,125,-1950,890,-1138,-900,-158,29,-83,316,323,0
2886807,682,683,0,0,-2095,723,-929,-983,-160,67,6,312,322,0
2890144,683,683,106,0,-2919,1064,-586,-1026,385,-14,77,306,320,0
2893475,684,684,0,0,-534,1138,-212,-1038,2,49,60,299,302,0
2896810,685,685,125,275,272,2087,73,-1036,213,46,96,289,281,0
2900168,686,686,462,293,1293,3012,269,-1021,196,-142,63,271,280,0
2903479,686,687,762,368,2600,2869,700,-975,124,-157,216,271,276,0
2906813,687,688,406,106,3745,2396,1041,-906,161,-157,73,274,290,0
2910172,688,689,275,0,5247,1472,1265,-837,92,-95,139,281,284,0
2913482,689,689,443,87,6529,1247,1148,-775,-126,-113,143,272,291,0
2916816,690,690,631,125,6396,1274,1130,-732,-432,-18,180,278,289,0
2920172,690,691,575,312,4609,2287,361,-728,-751,-148,481,281,279,0
2923485,691,692,218,668,-615,1774,-78,-745,-767,-327,573,284,244,0
2926820,692,692,275,1100,-4254,498,-718,-785,-330,-265,612,281,237,0
2930177,693,693,293,1343,-6156,-1100,-1359,-849,-19,-91,757,298,242,0
2933488,694,694,500,1231,-5702,-1735,-1351,-910,8,-103,655,287,248,0
2936824,694,694,762,1325,-4176,-2390,-1376,-974,7,-119,610,289,259,0
2940178,695,695,650,1062,-3000,-3441,-1494,-1018,-368,79,282,295,273,0
2943491,696,696,593,1156,-3634,-3620,-1742,-1049,-368,71,39,298,268,0
2946826,697,697,125,781,-5774,-3460,-1753,-1045,-31,126,259,307,272,0
2950178,698,698,556,875,-4943,-2397,-1460,-1014,212,137,273,300,283,0
2953495,699,698,68,668,-3486,-1639,-1306,-971,163,156,358,310,294,0
2956830,700,699,162,443,-2076,-1189,-1299,-917,80,144,117,305,306,0
2960179,701,700,0,518,-920,-857,-1416,-866,167,57,128,314,302,0
2963498,702,701,0,425,112,-697,-1275,-819,32,39,-12,318,307,0
2966832,703,702,443,406,444,-530,-943,-773,-13,-51,86,306,308,0
2970178,703,703,181,237,212,-607,-718,-727,94,110,42,315,312,0
2973501,704,704,575,237,635,-181,-445,-676,53,-60,49,294,312,0
2976835,705,705,106,12,1374,212,-158,-625,78,110,30,303,308,0
2980179,706,706,50,31,1807,480,-119,-577,92,39,11,306,307,0
2983504,707,707,87,12,2227,847,-152,-538,192,66,83,304,308,0
2986839,708,708,31,31,3033,1284,-8,-501,75,-36,8,307,307,0
2990178,709,709,143,106,3753,1846,-36,-467,77,-25,164,301,303,0
2993507,710,710,368,0,4233,2219,45,-436,110,47,31,289,309,0
2996842,710,711,462,106,4644,2618,0,-418,24,49,138,284,303,0
3000179,711,711,612,162,4651,3298,-32,-412,165,53,57,276,300,0
