Time, Rlegs, Llegs, DCL, DCR, GyroX, GyroY, GyroZ, GyroZAvg, AccelX, AccelY, AccelZ, LBEMF, RBEMF, SteerOut
2721,259,260,0,0,-254,165,-112,-111,-17,-1,227,58,59,0
6068,259,260,0,0,-255,164,-115,-111,-19,0,223,58,59,0
9390,259,260,0,0,-260,166,-109,-111,-20,0,227,58,59,0
12724,259,260,0,0,-257,166,-109,-111,-18,0,226,58,59,0
16068,259,260,0,0,-256,167,-111,-111,-21,-1,219,58,59,0
19393,259,260,0,0,-254,168,-109,-111,-19,0,232,58,59,0
22727,259,260,0,0,-254,168,-109,-111,-19,1,220,58,59,0
26068,259,260,0,0,-254,169,-109,-111,-19,0,226,58,59,0
29397,259,260,0,0,-256,168,-108,-111,-21,0,226,58,59,0
32730,259,260,0,0,-255,170,-109,-110,-19,2,227,58,59,0
36068,259,260,0,0,-253,166,-114,-110,-20,-3,223,58,59,0
39399,259,260,0,0,-256,167,-112,-110,-18,-3,227,58,59,0
42733,259,260,0,0,-257,166,-112,-110,-23,-1,228,58,59,0
46069,259,260,0,0,-256,164,-113,-110,-16,0,231,58,59,0
49402,259,260,0,0,-255,167,-112,-110,-17,1,226,58,59,0
52737,259,260,0,0,-255,166,-112,-111,-22,1,225,58,59,0
56090,259,260,0,0,-254,164,-109,-111,-19,0,224,58,59,0
59405,259,260,0,0,-255,170,-109,-111,-18,0,228,58,60,0
62740,259,260,0,0,-257,168,-109,-111,-19,1,226,58,59,0
66093,259,260,0,0,-256,169,-110,-111,-18,0,225,58,59,0
69409,259,260,0,0,-256,168,-113,-111,-15,2,222,58,59,0
72743,259,260,0,0,-256,169,-112,-111,-19,0,224,58,59,0
76094,259,260,0,0,-255,167,-112,-111,-20,0,228,59,59,0
79412,259,260,0,0,-257,166,-111,-110,-18,2,227,58,59,0
82746,259,260,0,0,-256,166,-112,-111,-24,0,231,58,59,0
86094,259,260,0,0,-257,167,-112,-111,-21,0,230,58,59,0
89415,259,260,0,0,-255,168,-110,-111,-17,-1,219,58,59,0
92749,259,260,0,0,-256,168,-111,-111,-19,0,227,58,59,0
96094,259,260,0,0,-256,167,-110,-111,-18,0,227,58,59,0
99419,259,260,0,0,-257,169,-111,-111,-21,-2,224,58,59,0
102753,259,260,0,0,-253,169,-111,-110,-18,-2,227,58,59,0
106094,0,0,0,0,-255,171,-110,-110,-22,-1,223,58,59,0
109422,0,0,0,0,-256,168,-113,-110,-22,0,226,58,59,0
112756,0,0,0,0,-256,166,-112,-110,-20,0,227,58,59,0
116095,0,0,0,0,-257,166,-113,-110,-21,2,222,58,59,0
119425,0,0,0,0,-257,167,-111,-110,-16,2,226,58,59,0
122759,0,0,0,0,-255,167,-110,-110,-20,0,224,58,59,0
126095,0,0,0,0,-256,167,-112,-111,-22,4,228,58,59,0
129428,0,0,0,0,-255,167,-108,-111,-22,0,228,58,59,0
132762,0,0,0,0,-254,164,-112,-111,-19,0,228,58,59,0
136116,0,0,0,0,-256,166,-108,-111,-23,1,225,58,59,0
139431,0,0,0,0,-256,164,-111,-111,-21,1,222,58,59,0
142765,0,0,0,0,-256,167,-113,-111,-20,0,226,58,59,0
146119,0,0,0,0,-255,169,-111,-111,-19,-1,226,58,59,0
149434,0,0,0,0,-258,165,-111,-111,-17,0,227,58,59,0
152769,0,0,0,0,-256,167,-112,-111,-18,-3,224,58,59,0
156120,0,0,0,0,-258,169,-113,-111,-20,1,225,58,59,0
159437,0,0,0,0,-254,168,-111,-111,-20,1,226,58,59,0
162772,0,0,0,0,-255,165,-110,-111,-21,0,227,58,59,0
166120,0,0,0,0,-254,168,-108,-111,-19,0,232,59,60,0
169441,0,0,0,0,-253,170,-108,-111,-21,0,222,58,59,0
172775,0,0,0,0,-254,169,-111,-111,-19,1,222,58,59,0
176120,0,0,0,0,-256,168,-109,-110,-18,0,220,58,59,0
179444,0,0,0,0,-257,168,-112,-110,-20,-2,225,58,59,0
182779,0,0,0,0,-257,165,-113,-110,-21,-2,227,58,59,0
186121,0,0,0,0,-256,166,-115,-111,-17,-3,225,58,59,0
189448,0,0,0,0,-255,166,-112,-111,-20,2,228,58,59,0
192781,0,0,0,0,-257,167,-115,-111,-17,0,230,58,59,0
196121,0,0,0,0,-256,167,-112,-111,-21,0,230,58,59,0
199451,0,0,0,0,-256,168,-111,-111,-18,-1,226,58,59,0
203012,0,0,0,0,-260,168,-111,-111,-18,0,227,58,59,0
206124,0,0,0,0,-255,167,-112,-111,-32,-21,237,69,76,0
209454,0,0,0,0,-262,137,-111,-111,-16,5,214,78,77,0
212811,0,1,0,0,-281,155,-113,-111,-16,-13,225,74,74,0
216146,1,1,0,0,-324,165,-116,-111,-10,9,221,73,72,0
219457,1,1,0,0,-266,169,-108,-111,-16,6,224,68,69,0
222814,1,1,0,0,-222,164,-96,-110,-20,4,216,63,66,0
226149,1,1,0,0,-223,145,-86,-110,-19,4,224,60,63,0
229460,1,1,237,162,-224,141,-80,-109,-31,4,220,60,64,0
232818,1,1,0,12,-280,131,-86,-108,-24,9,230,76,72,0
236149,1,1,50,68,-331,139,-107,-108,-8,2,233,70,69,0
239463,1,1,368,368,-269,147,-91,-107,-19,6,229,69,69,0
242822,1,1,50,50,-232,123,-100,-107,-36,1,225,86,86,0
246150,1,1,12,50,-296,100,-105,-107,-19,6,221,88,86,0
249466,1,1,162,106,-285,107,-99,-106,-14,5,222,80,83,0
252824,1,1,218,181,-230,105,-54,-104,-42,4,221,93,95,0
256150,1,1,106,125,-230,92,-55,-103,-27,7,216,99,98,0
259470,2,2,0,0,-308,70,-51,-101,-16,2,218,102,96,0
262827,2,2,218,293,-269,48,-26,-98,-5,0,218,93,89,0
266150,2,2,181,181,-146,55,12,-94,-31,2,223,95,95,0
269473,2,2,143,125,-145,62,45,-89,-41,3,218,97,98,0
272832,2,2,443,462,-256,119,18,-85,-40,1,224,97,96,0
276151,2,2,293,368,-318,169,13,-82,-32,4,230,105,101,0
279477,3,3,0,0,-310,199,-5,-78,-36,11,233,118,110,0
282832,3,3,0,143,-318,250,-36,-76,-7,1,239,109,97,0
286150,3,3,406,443,-227,285,-55,-74,-17,-1,237,99,97,0
289479,3,3,256,162,-88,283,-72,-73,-47,-4,238,107,112,0
292837,3,3,162,125,-161,278,-106,-73,-36,-12,250,112,114,0
296172,4,4,0,0,-231,293,-151,-74,-7,-4,248,115,110,0
299483,4,4,275,200,-166,338,-164,-75,-33,-2,246,106,110,0
302840,4,4,237,68,-166,382,-183,-78,-49,-7,232,108,117,0
306175,4,4,200,87,-269,392,-222,-81,-20,-6,236,110,116,0
309485,5,5,162,443,-330,392,-236,-85,-14,-7,248,112,113,0
312840,5,5,162,0,-323,453,-204,-88,-11,0,233,112,122,0
316175,5,5,425,31,-354,537,-198,-91,-26,-6,227,98,119,0
319489,5,5,387,87,-267,469,-224,-94,-12,-29,221,100,116,0
322841,5,5,556,293,-194,361,-211,-97,-48,-22,218,107,121,0
326175,6,6,68,0,-223,205,-167,-99,-35,-11,221,117,130,0
329492,6,6,462,106,-351,80,-138,-100,-54,-20,225,107,126,0
332841,6,6,443,106,-377,-88,-143,-102,-39,-38,231,108,126,0
336176,6,7,406,0,-374,-384,-119,-103,-47,-9,228,110,123,0
339495,6,7,350,31,-410,-508,-117,-104,-43,-21,218,113,114,0
342841,7,7,406,331,-390,-542,-149,-106,-52,30,215,110,114,0
346176,7,7,387,106,-386,-492,-226,-110,-54,13,215,111,126,0
349499,7,8,387,200,-493,-466,-312,-116,-37,24,232,111,121,0
352841,7,8,350,31,-504,-422,-414,-126,-13,42,226,113,114,0
356176,8,8,200,406,-470,-274,-536,-140,-30,16,229,121,110,0
359501,8,8,200,218,-443,-168,-573,-156,-34,45,226,121,120,0
362842,8,9,406,0,-520,-83,-649,-174,-14,30,221,110,118,0
366176,8,9,406,143,-531,-72,-737,-196,-7,52,223,110,108,0
369505,9,9,293,462,-479,-70,-756,-219,-3,32,218,116,107,0
372863,9,9,200,218,-494,-102,-731,-242,-11,20,229,121,120,0
376177,9,9,425,331,-533,-247,-715,-266,-7,11,217,109,114,0
379508,9,10,406,106,-568,-414,-664,-287,-24,8,227,110,110,0
382866,10,10,200,462,-685,-529,-637,-307,11,36,231,121,107,0
386201,10,10,143,387,-709,-601,-550,-324,-4,64,245,124,111,0
389511,10,10,443,387,-810,-626,-519,-339,-2,53,231,108,111,0
392867,10,10,706,762,-866,-632,-490,-353,0,72,225,110,107,0
396201,10,11,481,331,-887,-591,-427,-364,30,87,229,122,114,0
399515,11,11,87,406,-855,-469,-359,-372,5,102,228,127,110,0
402868,11,11,406,406,-876,-331,-291,-376,27,83,229,110,110,0
406201,11,11,706,687,-796,-220,-204,-378,6,81,220,110,111,0
409517,11,12,462,237,-785,-140,-139,-376,15,86,236,123,119,0
412867,12,12,218,425,-770,16,7,-369,-10,101,226,120,109,0
416202,12,12,481,443,-845,176,174,-356,12,94,217,106,108,0
419521,12,12,650,706,-787,225,272,-341,8,104,221,113,110,0
422868,13,13,106,237,-858,252,305,-326,-2,88,207,126,119,0
426202,13,13,143,293,-948,389,444,-305,7,117,205,124,116,0
429524,13,13,368,462,-944,491,555,-281,3,96,208,112,107,0
432868,13,13,537,575,-957,496,592,-257,-16,105,196,119,117,0
436202,13,13,331,425,-1028,530,637,-233,-4,90,191,130,125,0
439527,14,14,0,200,-1061,601,735,-206,-24,106,190,132,121,0
442869,14,14,368,312,-1186,651,804,-177,5,83,185,112,115,0
446202,14,14,500,556,-1219,664,819,-147,-10,104,184,121,118,0
449530,15,15,0,350,-1189,685,804,-118,1,62,178,135,129,0
452918,15,15,650,575,-1154,780,797,-86,10,44,176,118,122,0
456203,15,15,612,462,-1025,852,877,-49,0,55,171,120,128,0
459534,15,15,200,312,-1019,787,886,-8,-11,39,173,142,136,0
462890,16,16,0,68,-1006,675,859,35,3,38,173,143,133,0
466226,16,16,500,406,-965,595,861,80,-30,43,175,126,131,0
469537,16,16,237,256,-990,551,820,125,1,34,171,140,139,0
472893,17,17,0,31,-1060,469,733,171,-23,7,170,150,135,0
476226,17,17,68,143,-1022,524,619,214,-11,28,176,133,129,0
479541,17,17,312,312,-977,581,585,255,1,-3,190,136,136,0
482894,18,18,0,0,-922,548,530,294,-3,0,200,152,142,0
486227,18,18,0,0,-816,506,452,329,-56,11,197,143,138,0
489543,19,18,0,237,-921,571,420,362,-1,41,175,143,140,0
492894,19,19,0,0,-1021,633,383,391,-20,-19,195,150,142,0
496227,19,19,0,0,-855,562,344,418,2,-36,204,145,140,0
499547,20,19,0,0,-616,562,327,444,23,-36,241,153,144,0
502894,20,20,0,0,-291,721,428,471,29,-46,220,146,141,0
506227,20,20,0,0,101,967,666,503,24,-63,250,148,142,0
509549,21,20,0,0,270,1091,844,538,-19,-109,215,152,144,0
512895,21,21,0,0,126,989,883,572,4,-121,237,148,138,0
516227,21,21,0,0,20,809,969,607,41,-168,280,145,137,0
519553,22,21,0,0,34,619,1100,641,60,-110,295,150,139,0
522894,22,22,0,50,61,562,1121,670,63,-148,288,143,134,0
526228,23,22,0,50,168,545,1253,701,52,-171,268,142,134,0
529556,23,22,0,0,296,640,1260,731,89,-180,283,147,141,0
532895,23,23,0,0,569,745,1235,756,78,-195,295,138,135,0
536228,24,23,0,50,764,733,1136,774,54,-213,301,134,134,0
539559,24,23,0,12,715,597,987,786,63,-224,304,135,136,0
542916,24,23,0,181,624,433,815,792,52,-234,276,123,127,0
546228,24,24,31,0,529,112,461,783,43,-215,274,119,131,0
549562,25,24,50,106,369,-129,149,763,36,-203,273,118,131,0
552919,25,24,87,125,233,-295,-171,732,35,-174,273,116,130,0
556255,25,25,200,0,132,-436,-474,692,14,-157,272,110,128,0
559565,25,25,406,218,100,-521,-621,648,32,-113,270,115,125,0
562920,26,25,0,50,162,-602,-695,598,24,-107,261,132,134,0
566256,26,26,0,0,294,-709,-700,549,-6,-60,249,129,129,0
569569,26,26,125,0,294,-739,-649,502,-33,-45,217,114,126,0
572920,26,26,425,106,222,-740,-617,456,-19,-19,228,114,131,0
576261,27,26,0,125,268,-740,-549,413,-34,24,230,130,130,0
579572,27,27,237,50,297,-730,-463,375,-23,22,216,119,129,0
582920,27,27,331,87,271,-718,-392,344,-42,54,202,114,127,0
586262,27,27,293,31,170,-720,-314,316,-32,56,204,116,130,0
589575,28,27,0,181,236,-753,-257,291,-16,73,212,116,122,0
592921,28,28,500,181,338,-777,-222,270,-47,85,205,105,122,0
596261,28,28,443,68,337,-688,-228,250,-34,96,194,108,128,0
599579,28,28,368,143,318,-623,-260,230,-68,107,214,112,124,0
602921,28,29,425,0,363,-585,-310,209,-9,92,197,109,117,0
606262,29,29,387,331,386,-480,-365,188,-54,110,211,111,114,0
609582,29,29,443,237,348,-387,-453,160,-4,110,213,108,119,0
612921,29,29,537,256,415,-326,-518,123,-33,130,213,103,118,0
616263,29,29,518,406,521,-253,-641,77,-51,104,223,104,110,0
622942,30,30,350,443,580,-277,-823,-28,-32,70,236,113,108,0
626263,30,30,537,462,584,-337,-929,-92,-62,88,240,103,107,0
629588,30,30,631,481,452,-321,-1018,-158,-30,94,240,98,106,0
632946,30,31,725,350,421,-278,-1073,-231,-20,81,246,109,113,0
636263,31,31,312,443,463,-257,-1157,-307,-14,75,250,115,108,0
639591,31,31,481,537,479,-256,-1132,-381,-26,77,248,106,103,0
642946,31,31,968,818,469,-246,-1073,-450,-32,94,233,96,104,0
646263,31,31,725,668,355,-184,-1042,-513,-2,71,248,109,112,0
649594,31,32,650,368,374,-174,-995,-570,-22,80,258,113,112,0
652946,32,32,331,668,367,-177,-915,-613,-38,91,252,114,96,0
656264,32,32,818,950,174,-166,-807,-642,-20,86,254,104,97,0
659598,32,32,743,781,36,-130,-747,-660,2,98,249,108,106,0
662947,32,32,650,706,-45,-46,-682,-667,18,100,242,113,110,0
666289,33,33,368,368,-141,63,-620,-667,20,122,222,112,112,0
669601,33,33,762,800,-220,156,-520,-661,2,132,233,107,105,0
672946,33,33,668,668,-293,279,-462,-654,8,95,212,112,112,0
676290,33,33,725,575,-286,332,-351,-645,5,110,210,109,117,0
679604,33,33,631,631,-308,377,-299,-635,1,100,190,114,114,0
682947,34,34,518,575,-396,406,-260,-626,0,89,197,120,117,0
686290,34,34,631,518,-496,310,-167,-617,1,103,183,114,120,0
689607,34,34,668,406,-557,266,-116,-608,-5,92,161,112,126,0
692947,34,35,518,200,-596,236,-101,-601,15,110,160,120,121,0
696291,35,35,406,500,-540,225,-52,-595,57,83,157,126,121,0
699610,35,35,518,368,-480,184,1,-588,22,62,139,120,128,0
702968,35,35,875,631,-382,145,53,-579,14,76,115,122,135,0
706290,36,36,143,143,-279,94,87,-568,37,22,117,145,145,0
709614,36,36,200,162,-128,10,80,-556,33,121,157,142,144,0
712972,36,36,518,237,48,33,101,-541,26,134,150,125,140,0
716290,37,37,350,237,151,155,36,-526,12,77,145,134,140,0
719617,37,37,125,125,234,254,-38,-511,65,80,152,146,146,0
722972,37,37,425,181,408,377,-121,-495,2,73,179,130,143,0
726291,38,38,350,200,532,621,-272,-481,-35,97,179,134,142,0
729620,38,38,181,68,472,787,-399,-468,-64,69,187,143,149,0
732973,38,39,312,0,270,917,-538,-456,-43,59,200,136,146,0
736291,39,39,0,0,64,1115,-685,-445,-36,74,187,138,147,0
739624,39,39,181,12,53,1222,-757,-435,-54,42,207,143,152,0
742973,39,40,256,0,127,1318,-829,-425,-71,12,227,139,152,0
746315,40,40,0,0,125,1255,-835,-416,-89,-2,214,147,156,0
749626,40,40,50,0,-100,1142,-820,-408,-88,29,225,150,158,0
752973,40,41,181,0,-235,1177,-891,-403,-46,-10,170,143,163,0
756319,41,41,0,0,-222,1266,-912,-401,-111,-41,173,152,170,0
759629,41,42,0,0,-439,1372,-964,-402,-65,-74,184,146,165,0
762974,41,42,181,0,-688,1486,-1043,-410,-40,-90,232,143,170,0
766319,42,43,0,0,-767,1744,-1065,-420,10,-117,237,155,163,0
769633,42,43,0,0,-603,1935,-1054,-431,8,-185,235,144,161,0
772973,42,43,237,0,-353,2024,-964,-442,-16,-216,251,140,154,0
776319,43,44,0,0,-198,1951,-686,-447,-17,-265,300,145,144,0
779636,43,44,50,0,-204,1831,-476,-448,45,-322,334,134,142,0
782974,43,45,200,0,17,1606,-166,-442,6,-323,370,126,126,0
786320,44,45,0,50,356,1225,169,-427,-20,-306,396,137,118,0
789639,44,45,181,162,491,952,364,-408,-18,-323,389,127,112,0
792997,44,45,218,143,538,660,548,-385,-53,-315,360,125,113,0
796320,45,45,162,500,347,329,703,-360,-53,-277,345,128,110,0
799642,45,46,87,125,73,188,709,-334,-91,-273,292,132,114,0
802998,45,46,256,87,-222,116,586,-314,-45,-243,276,123,116,0
806320,45,46,218,125,-379,97,427,-301,-9,-205,258,125,114,0
809645,46,46,50,387,-274,31,285,-294,-31,-181,237,134,116,0
812997,46,47,237,0,-186,-70,110,-293,-47,-134,228,124,125,0
816320,46,47,275,12,-193,-245,-17,-296,-43,-103,216,122,120,0
819649,47,47,181,387,-69,-400,-133,-304,-56,-74,183,127,116,0
822998,47,47,106,181,-7,-528,-223,-312,-99,-63,178,131,127,0
826321,47,48,237,0,-244,-674,-310,-320,-81,-25,179,124,129,0
829652,47,48,406,125,-421,-806,-359,-328,-41,5,179,126,125,0
832998,48,48,0,68,-415,-855,-348,-330,-81,27,168,139,128,0
836321,48,49,256,0,-617,-839,-384,-329,-104,24,165,118,124,0
839655,48,49,425,0,-902,-880,-440,-326,-63,50,168,109,122,0
842998,48,49,500,125,-1050,-968,-475,-320,-53,63,153,121,125,0
846324,49,49,0,50,-1183,-1035,-441,-310,-90,36,153,132,129,0
849658,49,50,443,181,-1256,-1083,-425,-297,-38,50,171,108,122,0
852998,49,50,725,237,-1209,-1196,-400,-284,-35,83,201,109,119,0
856327,49,50,537,106,-933,-1259,-370,-270,-16,75,189,119,126,0
859661,50,50,12,106,-764,-1244,-329,-252,-16,131,227,131,126,0
862998,50,51,481,0,-599,-1187,-378,-235,-3,120,230,106,120,0
866330,50,51,781,368,-277,-1046,-380,-217,-36,127,229,106,112,0
869665,50,51,537,331,-126,-897,-411,-197,-57,150,235,119,114,0
873023,51,51,87,181,-213,-696,-476,-179,-58,135,249,127,122,0
876333,51,52,518,0,-402,-375,-540,-163,-46,122,258,104,116,0
879668,51,52,800,425,-454,-219,-564,-150,-39,116,252,105,109,0
883026,51,52,443,406,-446,-71,-604,-148,-29,127,265,124,110,0
886337,52,52,12,293,-507,28,-620,-152,-59,119,276,131,116,0
889671,52,52,425,406,-702,59,-627,-167,-1,111,255,109,110,0
893030,52,53,818,500,-801,50,-579,-190,-28,82,255,104,105,0
896340,52,53,481,443,-808,-51,-500,-217,-32,106,246,122,108,0
899675,53,53,143,406,-1005,-136,-479,-249,11,111,251,124,110,0
903032,53,53,518,406,-1048,-162,-402,-284,17,118,224,104,110,0
906343,53,53,743,668,-952,-213,-361,-317,20,88,225,108,112,0
909678,53,54,443,293,-884,-273,-343,-346,29,124,229,124,116,0
913032,54,54,50,462,-842,-165,-346,-370,10,94,230,129,107,0
916346,54,54,350,425,-679,37,-209,-386,-11,144,204,113,109,0
919681,54,54,725,706,-787,180,-224,-396,1,104,216,109,110,0
923033,54,55,350,218,-959,273,-200,-402,-17,139,187,129,120,0
926349,55,55,68,406,-1194,397,-124,-402,5,97,192,128,110,0
929684,55,55,293,443,-1264,534,-13,-395,-12,106,184,116,108,0
933032,55,55,518,481,-1378,506,63,-384,39,74,190,120,122,0
936354,55,56,293,162,-1352,422,106,-369,16,68,184,132,123,0
939687,56,56,0,293,-1325,438,210,-352,6,75,193,134,116,0
943033,56,56,631,668,-1384,548,382,-328,4,65,180,114,112,0
946357,56,56,368,462,-1495,547,413,-301,-8,67,177,128,123,0
949690,57,57,0,143,-1577,563,454,-272,3,89,166,136,124,0
953033,57,57,443,575,-1627,803,579,-240,23,62,188,129,122,0
956359,57,57,387,331,-1509,961,656,-206,27,61,188,132,135,0
959693,58,57,181,256,-1389,943,725,-171,32,51,190,143,139,0
963033,58,58,0,106,-1222,912,799,-135,-11,58,195,144,131,0
966363,58,58,331,500,-1161,956,861,-97,-9,41,178,135,126,0
969697,59,58,0,275,-1202,902,922,-57,2,2,188,141,138,0
973033,59,59,0,12,-1208,790,972,-15,14,-21,202,145,136,0
976365,59,59,331,425,-1105,748,997,29,21,-21,213,135,130,0
979700,59,59,218,237,-834,726,1030,76,46,-55,206,141,140,0
983059,60,60,0,0,-465,639,1084,126,-25,-19,196,154,145,0
986369,60,60,0,0,-447,579,1118,179,-30,-48,216,145,142,0
989703,61,60,0,181,-540,590,1142,233,-23,-32,200,147,143,0
993060,61,61,0,0,-564,623,1144,289,16,-48,220,149,143,0
996372,61,61,0,0,-431,620,1110,343,21,-15,237,148,143,0
999706,62,61,0,200,-248,595,1072,394,-8,-50,207,153,142,0
1003060,62,62,0,0,-141,447,941,439,-64,-61,185,149,146,0
1006375,62,62,0,0,-233,399,937,484,-46,-63,191,148,153,0
1009710,63,63,0,0,-383,520,949,526,-48,-76,166,154,149,0
1013061,63,63,0,0,-619,550,897,565,12,-71,196,150,148,0
1016378,64,63,0,0,-553,632,823,602,42,-103,206,150,151,0
1019713,64,64,0,0,-367,756,845,639,45,-99,226,154,147,0
1023060,64,64,0,0,-94,931,914,674,59,-161,223,148,147,0
1026382,65,64,0,0,-17,1027,902,709,63,-158,215,150,148,0
1029716,65,65,0,0,70,1101,856,742,47,-176,264,145,140,0
1033061,65,65,0,0,107,1082,813,771,60,-188,317,142,138,0
1036385,66,65,0,12,164,939,736,795,108,-196,348,145,136,0
1039719,66,66,0,162,294,710,666,814,53,-230,313,136,128,0
1043061,66,66,0,0,325,329,445,824,49,-233,327,125,128,0
1046388,67,66,0,218,196,71,235,825,59,-223,342,124,125,0
1049723,67,66,12,256,115,-92,64,815,67,-212,324,120,123,0
1053061,67,67,200,0,242,-257,-142,798,49,-206,300,110,124,0
1056391,67,67,162,12,272,-349,-282,775,38,-181,317,112,120,0
1059726,68,67,368,293,247,-399,-374,745,34,-164,288,117,121,0
1063061,68,67,0,162,213,-463,-433,711,40,-156,268,127,128,0
1066394,68,68,143,0,227,-504,-431,675,-2,-119,243,113,126,0
1069729,68,68,518,331,148,-531,-430,636,25,-77,249,109,119,0
1073085,69,68,0,143,143,-587,-429,596,38,-73,229,121,129,0
1076398,69,69,0,0,289,-666,-366,556,-3,-69,197,126,126,0
1079732,69,69,331,106,362,-741,-253,518,-15,-42,176,114,126,0
1083090,69,69,275,68,299,-849,-129,482,18,-29,189,117,128,0
1086401,69,69,218,87,357,-928,-45,449,8,-12,196,120,127,0
1089735,70,70,0,0,441,-1008,44,416,-41,26,184,119,122,0
1093094,70,70,443,143,287,-1100,131,386,-31,13,170,108,124,0
1096404,70,70,275,68,190,-1157,156,355,8,33,195,117,128,0
1099739,70,70,256,218,244,-1162,163,324,-1,62,206,118,120,0
1103095,71,71,331,237,260,-1095,130,293,-58,62,183,114,119,0
1106408,71,71,462,256,69,-1014,72,262,-32,99,202,107,118,0
1109742,71,71,406,200,-21,-893,-26,232,-7,83,222,110,121,0
1113098,71,71,387,256,94,-718,-101,200,-44,121,234,111,118,0
1116410,72,72,443,312,101,-587,-213,163,-53,123,236,108,115,0
1119745,72,72,443,312,11,-428,-320,125,-45,105,245,108,115,0
1123099,72,72,556,312,9,-250,-476,85,-25,112,258,102,115,0
1126413,72,72,556,406,56,-127,-554,41,-53,111,250,102,110,0
1129748,72,73,912,462,117,-80,-643,-7,-26,97,251,99,107,0
1133098,73,73,331,443,273,-117,-761,-59,-21,94,237,114,108,0
1136417,73,73,387,481,456,-174,-873,-113,-36,91,225,111,106,0
1139751,73,73,631,443,587,-234,-922,-167,-35,92,220,98,108,0
1143098,73,73,875,706,725,-330,-1003,-221,-25,84,230,101,110,0
1146420,73,74,593,275,790,-385,-1032,-274,-46,82,231,116,117,0
1149755,74,74,237,462,782,-412,-1042,-321,-95,90,216,119,107,0
1153099,74,74,612,612,467,-336,-1018,-360,-74,99,217,99,99,0
1156423,74,74,968,818,167,-312,-966,-392,-33,109,238,96,104,0
1159758,74,74,668,650,-14,-273,-923,-417,-22,96,244,112,113,0
1163099,75,75,331,500,-154,-144,-835,-434,-40,108,235,114,105,0
1166427,75,75,518,612,-307,-61,-725,-445,-25,96,254,104,99,0
1169761,75,75,950,762,-398,-10,-586,-450,16,110,254,97,107,0
1173100,75,75,706,537,-366,28,-459,-451,24,106,247,110,119,0
1176429,75,75,706,650,-241,85,-325,-447,-3,113,248,110,113,0
1179764,76,76,368,406,-184,163,-227,-441,5,129,244,112,110,0
1183121,76,76,818,668,-214,190,-64,-432,19,99,242,104,112,0
1186433,76,76,725,537,-159,142,58,-422,19,117,220,109,119,0
1189767,76,76,706,556,-191,209,132,-414,1,128,209,110,118,0
1193125,77,77,706,575,-294,326,151,-408,49,131,193,110,117,0
1196436,77,77,631,518,-229,347,201,-403,24,120,182,114,120,0
1199771,77,77,668,312,-202,343,229,-400,42,120,160,112,131,0
1203125,77,77,950,762,-184,414,190,-399,26,122,145,118,128,0
1206439,78,78,331,237,-185,423,92,-401,66,113,157,135,140,0
1209773,78,78,350,218,-180,360,2,-405,-4,108,136,134,141,0
1213125,78,78,931,575,-309,346,-63,-409,-4,120,134,119,138,0
1216443,78,79,687,200,-419,328,-85,-411,17,96,124,132,142,0
1219777,79,79,143,106,-446,301,-169,-413,55,53,107,145,147,0
1223125,79,79,537,200,-181,380,-306,-416,54,75,126,124,142,0
1226445,79,80,743,200,58,534,-372,-417,47,62,145,129,142,0
1229780,80,80,68,12,293,616,-464,-417,39,88,157,149,152,0
1233125,80,81,387,0,444,701,-498,-415,-4,82,144,132,144,0
1236449,80,81,706,125,496,892,-569,-413,-35,55,135,131,146,0
1239783,81,81,0,0,462,1047,-636,-409,1,16,147,153,153,0
1243126,81,82,256,0,467,1127,-749,-405,-36,8,175,139,149,0
1246452,81,82,275,0,557,1204,-787,-401,-23,31,168,138,151,0
1249787,82,82,68,0,429,1253,-807,-395,-60,48,158,149,156,0
1253126,82,83,200,0,136,1355,-848,-389,-38,4,196,142,154,0
1256455,82,83,106,0,26,1485,-910,-385,-57,28,168,147,162,0
1259789,83,84,0,0,-26,1565,-1000,-384,-17,14,201,156,160,0
1263148,83,84,106,0,-1,1714,-1066,-388,-46,-23,227,147,165,0
1266459,84,85,0,0,-44,1868,-1052,-392,-42,-48,240,151,167,0
1269793,84,85,0,0,-48,1953,-1057,-399,-20,-102,232,152,168,0
1273151,84,85,181,0,45,2076,-1037,-408,-7,-153,256,143,170,0
1276461,85,86,0,0,120,2118,-1065,-423,-107,-205,280,151,163,0
1279796,85,86,0,0,-58,2059,-991,-440,-39,-249,313,144,165,0
1283151,85,87,350,0,-136,1979,-779,-454,-26,-334,368,134,153,0
1286466,86,87,0,0,-142,1748,-433,-461,-87,-369,373,142,148,0
1289800,86,87,68,0,-305,1356,-115,-462,-31,-386,388,133,141,0
1293152,86,88,181,0,-214,857,317,-454,-3,-368,397,127,121,0
1296468,87,88,143,125,51,578,641,-438,-30,-355,388,129,114,0
1299802,87,88,125,143,240,416,795,-418,-70,-346,350,130,113,0
1303151,87,88,275,181,125,234,1012,-393,-78,-337,311,122,111,0
1306471,87,89,518,200,-46,150,1026,-368,-50,-273,289,125,110,0
1309806,88,89,0,162,-126,73,969,-343,-37,-237,268,140,112,0
1313151,88,89,181,143,-67,-17,802,-321,-13,-192,237,127,113,0
1316474,88,89,275,106,68,-77,624,-302,-42,-167,201,122,115,0
1319810,89,89,50,425,115,-169,433,-286,-43,-114,185,134,114,0
1323152,89,90,68,0,103,-238,154,-279,-61,-69,180,133,126,0
1326478,89,90,462,181,-39,-280,-11,-274,-87,-72,160,123,122,0
1329813,89,90,237,106,-252,-354,-166,-269,-74,-16,178,135,126,0
1333153,90,91,0,0,-469,-537,-282,-267,-78,-22,166,143,124,0
1336482,90,91,31,0,-651,-650,-361,-263,-63,24,166,130,122,0
1339815,90,91,575,256,-780,-694,-369,-259,-45,33,155,117,118,0
1343152,91,91,50,68,-828,-753,-406,-254,-53,11,141,129,128,0
1346485,91,92,181,162,-946,-865,-430,-248,-50,12,147,122,123,0
1349842,91,92,443,0,-1015,-946,-446,-238,-51,37,160,108,125,0
1353174,91,92,668,125,-1000,-1099,-452,-228,-53,39,164,112,125,0
1356487,92,92,106,125,-1002,-1215,-416,-216,-73,91,180,126,125,0
1359845,92,93,275,0,-1039,-1310,-375,-201,18,107,203,117,120,0
1363177,92,93,500,50,-836,-1332,-361,-184,-36,99,210,105,113,0
1366491,92,93,706,406,-667,-1343,-350,-163,-23,107,230,110,110,0
1369849,93,93,31,162,-501,-1313,-374,-142,-43,117,225,130,123,0
1373177,93,93,293,237,-391,-1145,-366,-120,-40,136,259,116,119,0
1376493,93,94,518,0,-355,-959,-420,-101,-35,131,262,104,116,0
1379851,93,94,612,443,-368,-773,-500,-84,-41,138,252,115,108,0
1383178,93,94,443,293,-449,-466,-565,-68,-49,157,268,124,116,0
1386497,94,94,143,350,-630,-238,-617,-56,-8,132,273,124,113,0
1389856,94,95,818,481,-655,-47,-702,-54,7,121,261,104,106,0
1393177,94,95,575,443,-467,73,-701,-62,-41,107,250,117,108,0
1396500,95,95,125,331,-587,61,-716,-81,-8,115,246,125,114,0
1399858,95,95,406,368,-706,55,-718,-114,29,114,244,110,112,0
1403178,95,95,818,762,-667,23,-636,-153,-11,94,247,104,107,0
1406503,95,96,650,406,-716,-98,-588,-197,-4,100,227,113,110,0
1409860,95,96,481,462,-830,-227,-568,-246,45,137,230,122,107,0
1413178,96,96,218,518,-784,-221,-488,-293,32,115,238,120,104,0
1416506,96,96,743,800,-773,-143,-413,-337,10,127,214,108,105,0
1419861,96,97,425,293,-814,-120,-403,-374,14,123,211,125,116,0
1423178,96,97,350,368,-873,-90,-416,-407,27,122,197,129,112,0
1426510,97,97,143,500,-915,105,-371,-432,3,137,203,124,105,0
1429865,97,97,762,743,-998,356,-228,-444,7,103,191,107,108,0
1433201,97,97,368,518,-1111,363,-177,-449,39,108,187,128,120,0
1436513,97,98,275,275,-1099,358,-118,-447,23,95,212,133,117,0
1439869,98,98,143,462,-1059,495,44,-437,4,92,191,124,107,0
1443203,98,98,650,725,-1155,534,168,-421,13,63,191,113,109,0
1446516,98,98,312,462,-1146,455,228,-402,-2,65,192,131,123,0
1449870,99,99,0,237,-1139,537,364,-378,-2,84,188,137,119,0
1453204,99,99,500,687,-1203,706,498,-349,-20,32,188,126,116,0
1456519,99,99,275,368,-1234,754,632,-315,21,57,201,138,133,0
1459870,100,99,0,443,-1220,739,743,-278,-7,62,219,146,129,0
1463204,100,100,312,500,-1160,834,809,-240,4,96,197,136,126,0
1466522,100,100,350,462,-1165,939,870,-201,3,73,187,134,128,0
1469870,101,100,0,368,-1220,977,947,-160,-8,61,168,147,133,0
1473204,101,101,0,106,-1292,1025,994,-118,-21,28,182,143,131,0
1476525,101,101,350,462,-1333,1072,1007,-75,5,22,190,134,128,0
1479870,102,101,0,256,-1255,1048,1017,-32,24,21,181,150,139,0
1483205,102,102,0,0,-1099,952,1002,12,5,-17,199,153,138,0
1486529,102,102,237,350,-887,911,993,59,12,8,172,140,134,0
1489870,103,102,0,162,-871,898,982,107,-24,-28,161,153,144,0
1493205,103,103,0,0,-974,829,973,157,-3,1,179,147,141,0
1496532,103,103,0,0,-1027,739,872,206,7,-26,192,146,139,0
1499870,104,103,0,218,-954,605,828,254,15,-22,193,152,141,0
1503205,104,104,0,0,-723,486,736,299,29,-59,193,151,147,0
1506535,104,104,0,0,-471,367,677,343,-26,-59,189,148,147,0
1509892,105,104,0,106,-429,283,575,380,-35,-71,182,155,147,0
1513227,105,105,0,0,-540,253,582,417,25,-72,208,154,143,0
1516538,106,105,0,0,-336,313,650,455,13,-106,227,155,145,0
1519895,106,105,0,0,-42,355,704,492,39,-81,231,156,147,0
1523230,106,106,0,0,127,440,739,528,53,-84,232,150,143,0
1526541,107,106,0,0,347,658,768,565,28,-127,268,159,145,0
1529895,107,106,0,0,504,1029,951,608,-4,-155,294,149,138,0
1533230,107,107,0,50,445,1181,1068,653,10,-189,311,147,134,0
1536545,108,107,0,12,412,1169,1150,696,28,-211,329,152,136,0
1539897,108,107,0,50,470,1084,1186,738,41,-224,318,142,134,0
1543230,109,108,0,0,447,948,1147,778,66,-262,354,142,127,0
1546548,109,108,0,237,394,754,1001,808,26,-260,323,141,124,0
1549896,109,108,0,87,265,436,769,826,3,-282,316,128,132,0
1553230,109,108,0,200,119,107,541,836,52,-242,318,123,126,0
1556551,110,109,12,218,21,-175,322,835,50,-226,318,120,125,0
1559896,110,109,162,200,10,-426,-16,819,54,-184,297,112,126,0
1563231,110,109,181,143,28,-562,-156,794,54,-183,264,111,129,0
1566555,110,110,143,0,52,-635,-295,762,9,-134,236,113,125,0
1569896,111,110,12,293,15,-647,-394,724,17,-125,238,120,121,0
1573231,111,110,50,125,20,-651,-436,683,28,-107,229,118,130,0
1576557,111,110,443,331,49,-660,-402,641,0,-59,200,108,130,0
1579897,111,111,237,106,-31,-686,-333,600,31,-46,216,119,126,0
1583231,112,111,0,106,55,-739,-242,561,19,-54,207,126,126,0
1586561,112,111,0,50,208,-813,-106,526,-4,-25,181,122,129,0
1589918,112,111,481,462,198,-956,38,496,7,-15,177,106,123,0
1593253,112,112,293,0,191,-1073,116,468,16,13,191,116,134,0
1596564,113,112,0,12,366,-1120,148,442,-14,36,194,122,131,0
1599921,113,112,68,181,425,-1075,207,418,-38,33,168,112,122,0
1603255,113,113,631,162,194,-1051,236,398,-41,80,178,98,123,0
1606568,113,113,406,106,-20,-954,184,378,-2,84,210,110,126,0
1609922,113,113,256,87,46,-822,90,358,-17,79,223,118,127,0
1613255,114,113,0,200,129,-776,44,338,-44,102,202,117,121,0
1616571,114,114,631,256,48,-684,-50,319,-34,117,207,98,118,0
1619922,114,114,462,200,17,-488,-195,294,-15,104,262,107,121,0
1623255,114,114,406,200,75,-430,-328,264,-21,109,256,110,121,0
1626574,114,114,481,331,111,-359,-458,227,-61,110,243,106,114,0
1629922,115,115,462,443,120,-242,-589,186,-43,110,253,107,108,0
1633255,115,115,500,406,127,-158,-717,140,-9,95,261,105,110,0
1636577,115,115,575,368,273,-136,-779,85,-22,94,247,101,112,0
1639923,115,115,837,706,417,-164,-871,25,-48,80,242,103,110,0
1643257,115,115,743,650,471,-187,-952,-40,-39,81,248,108,113,0
1646580,116,116,218,293,549,-227,-1026,-109,-26,106,258,120,116,0
1649923,116,116,650,481,608,-234,-1056,-178,-81,91,229,97,106,0
1653256,116,116,912,762,492,-209,-1050,-242,-64,111,231,99,107,0
1656584,116,116,706,668,350,-174,-1034,-298,-14,92,243,110,112,0
1659923,117,117,218,406,381,-127,-1026,-347,-27,108,248,120,110,0
1663256,117,117,500,593,342,-49,-960,-387,-70,91,204,105,100,0
1666586,117,117,931,856,142,-23,-853,-413,-54,97,218,98,102,0
1669944,117,117,612,593,-94,-54,-723,-431,-10,70,235,115,116,0
1673257,117,117,575,631,-59,-109,-614,-441,-14,76,210,117,114,0
1676590,118,118,275,350,4,-151,-492,-444,-23,94,196,117,113,0
1679948,118,118,875,762,-137,-224,-333,-441,-14,101,213,101,107,0
1683281,118,118,650,500,-231,-242,-171,-434,2,104,209,113,121,0
1686593,118,118,537,556,-211,-227,-97,-426,45,107,193,119,118,0
1689948,119,119,293,312,-209,-127,8,-419,7,108,183,116,115,0
1693284,119,119,781,650,-249,-47,107,-412,14,127,169,106,113,0
1696596,119,119,612,462,-309,55,191,-407,18,102,177,115,123,0
1699980,119,119,1006,743,-290,103,288,-402,54,108,183,115,129,0
1703289,120,120,500,312,-143,202,317,-396,86,98,175,126,136,0
1706599,120,120,237,312,67,310,242,-395,32,73,169,140,136,0
1709949,120,120,612,312,172,410,209,-396,-2,102,178,120,136,0
1713290,120,121,875,312,143,474,212,-395,6,99,153,122,136,0
1716602,121,121,293,312,44,492,150,-393,28,96,146,137,136,0
1719949,121,121,556,181,45,511,69,-393,4,82,155,123,143,0
1723291,121,122,518,0,84,545,-27,-392,0,53,148,125,140,0
1726606,122,122,312,218,124,515,-90,-389,-15,89,159,136,141,0
1729949,122,122,481,125,127,462,-184,-384,20,92,180,127,146,0
1733291,122,123,500,0,177,501,-230,-377,-7,80,174,126,144,0
1736609,123,123,443,200,209,539,-274,-367,-11,76,167,129,142,0
1739949,123,123,256,50,272,593,-342,-355,-16,84,183,139,150,0
1743291,123,124,425,0,338,660,-427,-344,-6,101,198,130,145,0
1746612,123,124,331,0,387,773,-545,-334,-44,61,216,135,150,0
1749950,124,125,162,0,287,859,-651,-325,-23,35,216,144,147,0
1753291,124,125,275,0,151,841,-699,-315,-98,66,232,138,149,0
1756615,125,125,0,0,-54,864,-715,-304,-13,38,195,142,157,0
1759974,125,126,162,0,-2,960,-748,-295,8,8,182,144,155,0
1763292,125,126,237,0,149,1139,-854,-289,-14,21,193,140,155,0
1766619,126,126,0,0,226,1280,-934,-286,-44,7,202,146,162,0
1769974,126,127,125,0,110,1397,-1002,-287,-46,38,206,146,161,0
1773291,126,127,162,0,-13,1536,-1068,-294,-43,-36,196,144,168,0
1776621,127,128,0,0,-112,1645,-1215,-309,-68,-106,169,154,162,0
1779975,127,128,0,0,-398,1668,-1323,-332,-34,-126,205,149,164,0
1783292,127,129,143,0,-643,1752,-1347,-358,-110,-186,249,145,154,0
1786625,128,129,0,0,-962,1797,-1378,-391,-78,-194,277,153,152,0
1789975,128,129,0,0,-1284,1715,-1298,-426,-57,-271,297,144,150,0
1793317,128,130,0,0,-1341,1474,-1044,-456,-23,-281,291,138,136,0
1796629,129,130,50,0,-1193,1155,-793,-481,27,-317,340,134,130,0
1799975,129,130,237,12,-631,804,-297,-493,8,-345,345,124,120,0
1803317,129,130,143,218,-157,456,68,-497,-26,-364,326,129,109,0
1806632,130,131,143,200,70,162,405,-494,-56,-335,344,129,110,0
1809975,130,131,68,162,16,-30,737,-481,-47,-322,330,133,112,0
1813318,130,131,275,87,-134,-113,815,-463,-20,-275,305,122,116,0
1816635,130,131,237,106,-291,-198,805,-444,1,-243,292,124,115,0
1819975,131,132,12,50,-268,-227,596,-432,-20,-199,287,136,118,0
1823318,131,132,256,68,-292,-268,423,-423,-8,-171,284,123,117,0
1826637,131,132,462,293,-287,-340,224,-419,5,-143,263,123,116,0
1829976,132,132,0,143,-143,-515,-41,-419,-42,-99,248,144,124,0
1833318,132,133,0,0,-164,-675,-188,-422,-36,-71,230,134,123,0
1836641,132,133,256,0,-269,-813,-299,-426,-43,-18,206,118,118,0
1839996,132,133,425,200,-259,-992,-393,-431,-60,-44,187,125,121,0
1843319,133,133,0,106,-266,-1108,-428,-436,-58,34,180,137,126,0
1846644,133,134,237,0,-354,-1090,-404,-438,-63,44,183,119,128,0
1850001,133,134,406,0,-480,-1067,-412,-437,-42,25,168,110,126,0
1853319,133,134,593,106,-512,-1115,-422,-433,-50,69,166,116,126,0
1856647,134,134,68,162,-542,-1143,-382,-425,-70,73,170,128,123,0
1860001,134,135,462,0,-733,-1171,-309,-413,-42,78,178,107,122,0
1863319,134,135,406,0,-751,-1256,-281,-399,-42,70,164,110,118,0
1866650,134,135,612,256,-723,-1327,-166,-381,-46,108,191,115,118,0
1870001,135,135,181,162,-570,-1283,-55,-356,-43,108,188,122,123,0
1873344,135,136,518,0,-546,-1236,0,-327,-15,125,221,104,120,0
1876653,135,136,462,68,-372,-1170,-21,-296,-19,142,223,107,112,0
1880001,135,136,556,293,-179,-956,-1,-263,-36,162,232,118,116,0
1883347,136,136,87,218,-164,-684,17,-224,-61,146,247,127,120,0
1886657,136,137,368,0,-283,-420,18,-182,-31,149,250,112,117,0
1890001,136,137,818,481,-374,-77,-3,-140,-24,151,251,104,106,0
1893347,136,137,575,387,-390,140,49,-96,-26,154,250,117,111,0
1896660,137,137,200,256,-490,316,87,-52,13,129,264,121,118,0
1900002,137,137,443,368,-538,461,138,-16,11,97,255,108,112,0
1903347,137,138,893,425,-525,420,170,14,19,113,250,100,109,0
1906663,137,138,593,406,-577,293,167,28,2,101,250,116,110,0
1910002,137,138,500,387,-670,115,182,32,-16,96,239,121,111,0
1913348,138,138,293,406,-798,22,150,24,-13,91,223,116,110,0
1916667,138,139,837,443,-979,-115,19,1,-1,113,229,103,108,0
1920024,138,139,575,406,-1047,-273,-91,-26,36,132,221,117,110,0
1923348,138,139,537,425,-987,-271,-202,-58,28,151,211,119,109,0
1926669,139,139,256,406,-936,-140,-264,-84,9,132,200,118,110,0
1930026,139,139,706,668,-869,-22,-299,-107,13,120,191,110,112,0
1933348,139,140,462,218,-863,1,-380,-126,-5,125,201,123,120,0
1936673,139,140,481,406,-850,95,-449,-139,-9,122,205,122,110,0
1940025,140,140,181,406,-913,299,-399,-145,-39,73,186,122,110,0
1943348,140,140,631,612,-1048,329,-319,-146,-34,92,190,114,115,0
1946676,140,141,406,237,-1192,292,-296,-143,-28,95,180,126,119,0
1950055,141,141,425,762,-1320,344,-239,-137,-9,82,192,130,112,0
1953349,141,141,331,556,-1356,424,-96,-127,4,93,184,135,123,0
1956679,141,141,350,350,-1339,437,142,-110,10,74,212,134,134,0
1960027,141,142,275,181,-1327,413,240,-89,10,70,199,138,127,0
1963348,142,142,200,593,-1233,488,379,-66,-9,75,205,142,121,0
1966683,142,142,350,350,-1237,595,569,-38,-17,71,200,134,134,0
1970026,142,143,237,125,-1316,754,687,-8,-11,39,193,140,130,0
1973351,143,143,0,218,-1331,912,804,22,8,69,194,143,125,0
1976685,143,143,406,462,-1259,1105,955,53,16,55,201,131,128,0
1980026,143,143,181,256,-1159,1203,1072,87,22,-28,198,143,139,0
1983354,144,144,0,12,-988,1146,1159,123,37,23,185,146,136,0
1986689,144,144,312,425,-763,1140,1305,164,23,-10,190,136,130,0
1990027,144,144,143,218,-589,1137,1387,207,28,18,182,145,141,0
1993357,145,145,0,0,-534,1049,1392,250,42,23,183,153,140,0
1996692,145,145,0,31,-437,1010,1382,293,11,-15,187,143,135,0
2000027,145,145,200,218,-327,1008,1411,336,0,-64,186,142,141,0
2003362,146,146,0,0,-268,939,1360,376,14,-3,181,154,146,0
2006695,146,146,0,0,-193,798,1235,410,-35,-18,153,147,145,0
2010054,147,146,0,237,-358,824,1178,441,11,-8,165,149,140,0
2013364,147,147,0,0,-453,849,1076,470,16,2,178,147,141,0
2016698,147,147,0,0,-434,807,888,492,-8,-21,161,143,143,0
2020055,148,147,0,181,-510,739,745,510,-6,-26,176,153,143,0
2023367,148,148,0,0,-509,773,658,530,15,-83,173,150,145,0
2026701,148,148,0,0,-362,799,568,551,29,-57,205,149,151,0
2030060,149,149,0,0,-49,962,583,576,42,-77,241,154,144,0
2033370,149,149,0,0,210,1126,646,604,35,-124,240,149,148,0
2036705,150,149,0,0,404,1152,756,637,21,-199,263,148,152,0
2040061,150,150,0,0,475,1066,819,674,21,-180,279,153,145,0
2043373,150,150,0,0,360,943,904,717,-12,-208,296,147,145,0
2046708,151,150,0,0,160,845,989,760,27,-191,316,145,147,0
2050061,151,151,0,0,24,768,956,800,85,-232,319,143,140,0
2053377,151,151,0,0,275,654,925,838,72,-228,319,140,139,0
2056711,152,151,0,0,568,543,776,870,29,-251,339,140,142,0
2060061,152,152,0,0,497,401,609,892,35,-258,317,130,133,0
2063380,152,152,0,0,407,243,470,902,13,-242,309,125,129,0
2066714,152,152,31,0,342,63,177,900,39,-241,306,119,130,0
2070061,153,153,68,0,274,-86,-81,886,46,-226,284,117,126,0
2073383,153,153,143,0,238,-227,-286,859,-2,-182,271,113,126,0
2076717,153,153,368,181,73,-353,-529,821,40,-150,278,112,122,0
2080062,153,153,181,68,112,-440,-617,777,14,-138,254,122,128,0
2083386,154,154,0,0,203,-556,-672,726,-15,-102,233,129,125,0
2086721,154,154,0,0,173,-725,-657,672,-17,-71,210,122,122,0
2090062,154,154,425,181,162,-793,-588,617,-10,-43,200,109,122,0
2093389,154,154,256,106,163,-879,-486,561,-3,-13,207,118,126,0
2096724,155,155,0,0,229,-925,-336,507,-5,10,200,125,125,0
2100062,155,155,68,0,268,-887,-262,456,-44,9,192,112,118,0
2103393,155,155,500,181,252,-865,-159,408,-38,48,189,105,122,0
2106727,155,155,256,106,200,-901,-40,362,-17,61,196,118,126,0
2110063,156,156,0,0,295,-892,32,321,-30,73,204,121,122,0
2113397,156,156,143,0,359,-840,1,282,-86,73,173,108,117,0
2116730,156,156,612,293,222,-783,19,246,-74,75,191,99,116,0
2120088,156,156,293,312,112,-799,-37,211,-59,120,222,116,115,0
2123399,156,157,312,0,208,-745,-106,180,-44,102,204,115,116,0
2126733,157,157,87,218,187,-650,-250,149,-94,117,203,111,104,0
2130088,157,157,575,331,-11,-518,-316,119,-49,125,214,101,114,0
2133403,157,157,425,237,-63,-414,-504,85,20,102,228,109,119,0
2136737,157,157,406,406,154,-306,-640,47,-24,107,231,110,110,0
2140088,157,158,837,462,212,-227,-735,4,-49,106,241,103,107,0
2143405,158,158,350,443,234,-161,-867,-46,-10,75,259,113,108,0
2146740,158,158,481,462,363,-164,-1014,-103,-38,81,250,106,107,0
2150089,158,158,612,481,405,-183,-1096,-166,-7,88,239,99,106,0
2153409,158,158,856,837,482,-179,-1133,-232,-33,92,241,102,103,0
2156743,159,159,350,368,561,-191,-1234,-301,11,92,247,113,112,0
2160088,159,159,462,500,701,-187,-1232,-368,-34,83,238,107,105,0
2163412,159,159,631,518,671,-175,-1202,-430,-22,98,227,98,104,0
2166746,159,159,893,856,452,-131,-1173,-486,-38,91,241,100,102,0
2170090,159,159,631,668,289,-109,-1108,-535,-26,68,241,114,112,0
2173415,160,160,275,443,213,-106,-1060,-574,-32,99,242,117,108,0
2176749,160,160,425,668,13,-111,-932,-600,-38,77,230,109,96,0
2180089,160,160,893,931,-145,-142,-811,-617,-4,90,241,100,98,0
2183419,160,160,631,668,-231,-156,-700,-622,-1,98,226,114,112,0
2186753,160,160,631,631,-311,-121,-609,-622,-22,94,239,114,114,0
2190089,161,161,312,368,-391,-69,-515,-617,7,112,233,115,112,0
2193421,161,161,781,781,-353,-12,-377,-608,-9,136,222,106,106,0
2196756,161,161,706,593,-366,47,-239,-597,26,110,209,110,116,0
2200114,161,161,931,931,-337,99,-149,-587,-3,111,208,119,119,0
2203425,162,162,275,443,-331,139,-77,-578,10,103,200,138,129,0
2206760,162,162,537,500,-318,104,-26,-571,5,117,199,124,126,0
2210117,162,162,650,425,-387,91,75,-564,3,102,189,118,130,0
2213428,163,163,500,387,-491,79,140,-558,15,111,175,126,132,0
2216762,163,163,275,387,-507,74,171,-554,53,112,183,138,132,0
2220118,163,163,612,368,-432,153,215,-547,27,96,160,120,133,0
2223431,163,163,762,668,-375,199,226,-541,28,90,156,128,133,0
2226765,164,164,256,181,-328,154,269,-531,-1,64,124,139,143,0
2230123,164,164,462,181,-354,146,250,-520,36,84,143,128,143,0
2233435,164,164,443,256,-244,266,230,-505,27,71,126,129,139,0
2236770,165,165,218,218,-118,407,142,-491,29,83,135,141,141,0
2240127,165,165,350,31,14,486,98,-472,49,53,144,134,151,0
2243437,165,165,443,143,174,596,16,-451,36,95,145,129,145,0
2246772,166,166,293,181,436,734,-62,-430,3,48,169,137,143,0
2250127,166,166,312,50,525,812,-226,-410,4,-11,180,136,150,0
2253441,166,167,293,0,630,849,-344,-389,-50,25,177,137,147,0
2256775,167,167,0,0,462,956,-573,-373,-90,53,189,144,147,0
2260127,167,167,181,87,277,1019,-674,-359,-68,11,200,143,148,0
2263444,167,168,256,0,113,1074,-755,-344,-46,36,200,139,151,0
2266778,168,168,0,0,-47,1164,-839,-331,-77,5,227,148,153,0
2270127,168,169,143,0,-77,1254,-913,-322,-19,57,235,145,155,0
2273447,168,169,200,0,94,1402,-950,-315,-20,6,230,142,158,0
2276782,169,169,0,0,342,1483,-951,-310,-63,-46,226,150,167,0
2280128,169,170,0,0,359,1508,-917,-306,-57,-76,213,143,161,0
2283450,169,170,218,0,368,1552,-927,-306,-44,-92,234,141,167,0
2286785,170,171,0,0,358,1592,-887,-308,-29,-118,231,155,162,0
2290128,170,171,0,0,350,1533,-869,-313,-33,-134,205,140,162,0
2293454,170,171,331,0,166,1428,-844,-321,-90,-138,226,135,160,0
2296789,171,172,0,0,-391,1343,-828,-331,-127,-183,279,142,152,0
2300127,171,172,162,0,-846,1399,-796,-344,-15,-240,313,128,150,0
2303457,171,173,200,0,-813,1334,-789,-361,9,-273,316,126,137,0
2306791,172,173,31,0,-536,1046,-683,-378,-45,-304,323,135,130,0
2310149,172,173,106,0,-477,836,-608,-394,-19,-309,343,131,125,0
2313460,172,173,237,87,-388,674,-514,-409,-47,-320,342,124,116,0
2316795,173,174,218,518,-326,514,-401,-424,-62,-315,331,125,109,0
2320152,173,174,143,68,-336,386,-302,-438,-22,-318,333,129,117,0
2323464,173,174,275,106,-248,223,-185,-449,-40,-297,321,122,115,0
2326798,173,174,425,293,-118,25,-64,-458,-32,-261,291,125,116,0
2330153,174,175,0,0,20,-90,18,-464,-63,-230,265,139,120,0
2333466,174,175,106,0,-26,-225,68,-471,-33,-167,255,126,118,0
2336801,174,175,218,68,-29,-446,94,-476,-41,-126,228,120,112,0
2340153,175,175,68,237,29,-602,97,-480,-90,-108,202,128,119,0
2343469,175,175,0,125,-138,-748,80,-482,-67,-50,201,136,125,0
2346804,175,176,162,0,-343,-880,17,-484,-56,-44,195,123,124,0
2350154,175,176,556,181,-361,-983,-17,-485,-26,20,195,118,122,0
2353473,176,176,0,125,-335,-1014,-54,-485,-74,30,165,133,125,0
2356807,176,177,31,0,-546,-963,-118,-482,-60,47,167,130,125,0
2360154,176,177,462,0,-736,-973,-211,-477,-18,55,167,107,124,0
2363476,176,177,725,162,-792,-1078,-326,-470,-32,80,150,109,123,0
2366810,177,177,200,87,-857,-1119,-360,-460,-29,75,168,121,127,0
2370154,177,178,275,0,-898,-1197,-369,-448,-31,80,174,117,124,0
2373479,177,178,443,0,-806,-1328,-398,-434,-24,91,190,108,120,0
2376813,177,178,743,293,-645,-1430,-423,-419,-21,92,186,108,116,0
2380155,178,178,162,181,-507,-1365,-406,-402,-56,90,215,123,122,0
2383482,178,179,181,0,-502,-1329,-385,-384,-27,126,225,122,120,0
2386817,178,179,500,87,-404,-1162,-480,-370,-38,147,218,105,111,0
2390154,178,179,631,406,-362,-1009,-519,-358,-48,142,235,114,110,0
2393485,179,179,106,200,-406,-841,-547,-347,-58,151,240,126,121,0
2396821,179,179,256,275,-609,-537,-644,-340,-21,159,253,118,117,0
2400175,179,180,593,31,-681,-317,-677,-335,-23,143,260,100,114,0
2403489,179,180,706,462,-662,-181,-689,-330,-16,138,253,110,107,0
2406823,179,180,443,312,-634,-110,-698,-327,-16,134,266,124,115,0
2410179,180,180,237,425,-649,-57,-700,-325,-8,133,262,119,109,0
2413492,180,181,612,181,-664,-20,-665,-324,-15,129,253,99,106,0
2416826,180,181,781,518,-662,-97,-612,-324,-10,128,242,106,104,0
2420179,180,181,462,443,-655,-172,-561,-326,2,135,237,123,108,0
2423495,181,181,218,406,-709,-154,-526,-330,9,125,233,120,110,0
2426829,181,181,575,443,-688,-97,-439,-334,-2,123,214,101,108,0
2430179,181,182,631,368,-745,-112,-412,-341,21,109,222,114,112,0
2433498,181,182,443,481,-737,-99,-370,-351,-3,138,220,124,106,0
2436833,182,182,31,518,-798,83,-341,-362,15,122,212,130,104,0
2440180,182,182,706,781,-824,233,-244,-371,-21,133,199,110,106,0
2443501,182,182,593,706,-954,338,-247,-382,-1,120,210,116,110,0
2446836,182,183,406,256,-1080,464,-206,-392,-38,86,190,126,118,0
2450180,183,183,481,837,-1264,598,-127,-398,10,108,200,127,108,0
2453505,183,183,481,537,-1303,739,75,-396,1,81,180,127,124,0
2456839,183,183,368,518,-1380,686,158,-391,9,77,214,133,125,0
2460180,184,184,0,275,-1327,651,236,-382,11,81,215,139,122,0
2463508,184,184,331,631,-1171,695,411,-365,-9,78,200,135,119,0
2466842,184,184,350,425,-1089,712,536,-342,-5,94,210,134,130,0
2470181,185,185,0,237,-1105,711,652,-311,-10,85,195,137,124,0
2473511,185,185,312,575,-1127,811,795,-275,10,105,190,136,122,0
2476869,185,185,368,406,-1019,1055,863,-237,-12,59,192,133,131,0
2480202,185,185,200,293,-952,1134,944,-195,-18,63,184,142,137,0
2483514,186,186,0,143,-886,1186,1033,-149,-8,34,191,143,129,0
2486873,186,186,331,462,-791,1294,1116,-102,-10,55,185,135,128,0
2490206,186,186,200,237,-863,1257,1159,-53,-29,0,185,142,140,0
2493517,187,187,0,50,-925,1168,1176,-2,-7,-13,192,150,134,0
2496876,187,187,218,462,-895,1151,1203,51,19,35,191,141,128,0
2500205,187,187,162,162,-840,1090,1201,106,27,-22,188,144,144,0
2503521,188,188,0,0,-754,940,1152,162,8,-69,184,155,145,0
2506879,188,188,0,12,-674,776,1144,219,-28,-19,172,145,136,0
2510206,189,188,0,237,-771,757,1108,275,-30,-29,174,144,140,0
2513524,189,189,0,0,-833,725,1079,330,-13,6,163,152,144,0
2516882,189,189,0,0,-695,689,1007,384,0,-25,180,147,145,0
2520206,190,189,0,87,-591,648,926,434,9,-62,182,156,148,0
2523527,190,190,0,0,-452,516,820,478,8,-11,156,154,145,0
2526885,190,190,0,0,-346,333,770,520,1,-28,187,151,150,0
2530206,191,190,0,0,-286,457,685,558,27,-41,171,157,151,0
2533531,191,191,0,0,-151,645,624,591,-11,-34,181,153,143,0
2536888,192,191,0,0,7,749,566,622,-43,-63,197,160,144,0
2540206,192,191,0,0,-157,785,460,647,-55,-95,182,155,143,0
2543533,192,192,0,12,-466,773,313,668,-14,-121,221,156,136,0
2546889,193,192,0,0,-720,869,371,687,32,-131,279,162,139,0
2550207,193,192,0,0,-572,1011,364,706,67,-171,313,157,137,0
2553537,194,193,0,0,-257,1153,419,726,43,-207,332,152,131,0
2556894,194,193,0,68,206,1175,498,745,22,-220,347,154,133,0
2560228,194,193,0,31,377,1047,531,760,34,-268,406,148,135,0
2563540,195,194,0,0,383,770,491,770,51,-301,386,146,128,0
2566897,195,194,0,237,417,536,453,777,33,-258,369,135,124,0
2570232,195,194,0,87,297,263,330,774,34,-259,336,129,132,0
2573543,196,194,0,200,53,-88,47,759,89,-252,339,123,126,0
2576897,196,195,0,125,11,-287,-160,734,115,-231,332,116,125,0
2580232,196,195,181,125,149,-401,-354,698,60,-179,272,106,125,0
2583547,196,195,162,106,179,-453,-596,652,40,-153,242,107,126,0
2586898,196,195,425,518,23,-481,-712,600,52,-150,227,109,120,0
2590232,197,196,0,106,-10,-506,-782,544,41,-114,208,117,126,0
2593550,197,196,106,87,20,-523,-782,484,9,-103,186,110,127,0
2596898,197,196,200,143,-15,-533,-736,425,5,-67,196,105,124,0
2600232,197,197,500,200,-30,-573,-668,367,25,-70,193,105,121,0
2603553,197,197,312,181,27,-642,-499,314,25,-28,200,115,122,0
2606898,198,197,0,68,203,-726,-369,265,24,-29,190,123,128,0
2610232,198,197,143,87,362,-819,-206,223,-19,-16,179,108,127,0
2613556,198,198,593,162,395,-934,-2,187,-23,-4,173,100,123,0
2616898,198,198,368,106,280,-1035,91,155,0,22,189,112,126,0
2620232,199,198,0,68,321,-1099,127,125,-11,24,183,123,128,0
2623560,199,198,106,218,371,-1095,196,100,-54,35,171,110,120,0
2626899,199,199,687,275,155,-1066,183,77,-40,40,175,95,117,0
2630233,199,199,368,256,-36,-1041,131,55,-6,58,204,112,118,0
2633562,199,199,312,181,-14,-978,3,31,-17,77,231,115,122,0
2636920,200,199,50,275,29,-857,-50,8,-59,71,219,113,117,0
2640254,200,200,537,200,-141,-703,-133,-14,-32,87,234,103,121,0
2643565,200,200,518,218,-312,-497,-263,-40,-26,85,265,104,120,0
2646923,200,200,462,312,-289,-335,-330,-65,-17,111,267,107,115,0
2650258,200,200,556,406,-249,-160,-374,-86,-31,102,259,102,110,0
2653569,201,201,462,368,-218,-3,-427,-111,-12,97,268,107,112,0
2656924,201,201,500,443,-128,11,-466,-137,-28,75,262,105,108,0
2660258,201,201,631,443,-30,3,-475,-165,-39,76,241,98,108,0
2663573,201,201,687,425,4,-96,-518,-197,-13,67,254,95,109,0
2666924,201,201,781,612,158,-220,-540,-230,-32,70,256,106,115,0
2670259,202,202,350,293,272,-338,-549,-263,-41,81,253,113,116,0
2673575,202,202,518,518,379,-442,-560,-295,-60,74,240,104,104,0
2676924,202,202,1062,837,375,-496,-532,-322,-59,84,234,91,103,0
2680258,202,202,818,668,370,-587,-465,-338,-47,112,241,104,112,0
2683579,202,202,612,631,319,-654,-477,-347,-63,104,225,115,114,0
2686924,203,203,368,481,187,-660,-483,-351,-65,119,224,112,106,0
2690259,203,203,893,856,21,-658,-430,-346,-40,120,225,100,102,0
2693581,203,203,837,668,-170,-639,-403,-337,-17,119,241,103,112,0
2696926,203,203,631,518,-188,-563,-413,-325,-5,119,231,114,120,0
2700259,204,204,1550,1025,-186,-421,-407,-313,3,121,219,118,146,0
2703585,204,204,575,875,-127,-386,-546,-307,22,142,244,170,154,0
2706925,204,204,856,875,4,-333,-498,-302,-107,155,212,155,154,0
2710260,205,205,762,912,-319,-188,-444,-300,-9,159,210,160,152,0
2713588,205,205,912,706,-978,201,-487,-304,27,134,265,152,163,0
2716946,206,206,481,500,-905,283,-456,-312,29,175,248,159,158,0
2720281,206,206,800,556,-638,255,-334,-322,-19,211,197,142,155,0
2723592,206,206,1175,912,-957,388,-359,-336,2,168,194,138,152,0
2726950,207,207,387,481,-1072,401,-294,-350,24,170,186,164,159,0
2730283,207,207,668,406,-967,316,-205,-362,39,144,113,149,163,0
2733595,208,208,743,518,-708,387,-291,-377,47,149,108,145,157,0
2736950,208,208,612,275,-387,463,-323,-391,52,115,130,152,170,0
2740283,208,209,650,68,-20,482,-325,-401,-1,127,76,150,165,0
2743598,209,209,143,143,99,542,-438,-413,43,143,65,161,161,0
2746950,209,209,706,312,182,610,-536,-426,55,70,65,147,168,0
2750283,210,210,200,31,443,724,-624,-437,-13,115,96,158,167,0
2753601,210,210,106,12,566,827,-838,-453,5,155,102,163,168,0
2756951,210,211,725,181,561,940,-970,-472,4,138,83,146,159,0
2760283,211,211,87,0,571,1059,-1044,-491,-4,134,59,164,169,0
2763604,211,212,237,68,447,1201,-1177,-513,-1,88,68,156,165,0
2766951,211,212,218,0,403,1264,-1249,-537,-39,72,116,157,166,0
2770284,212,212,143,106,237,1411,-1305,-562,-19,117,136,161,163,0
2773607,212,213,293,0,-163,1807,-1368,-588,-33,38,149,153,162,0
2776951,213,213,0,0,-301,2115,-1471,-617,-39,12,206,162,161,0
2780284,213,214,331,68,-462,2351,-1499,-646,75,-41,255,151,149,0
2783610,213,214,293,106,32,2752,-1413,-674,58,-48,314,153,147,0
2786952,214,214,0,181,563,2991,-1212,-697,52,-132,338,157,143,0
2790284,214,215,50,0,1076,3143,-983,-713,-11,-237,352,150,139,0
2793613,215,215,125,293,1226,3198,-591,-716,-60,-282,382,146,137,0
2796952,215,215,237,162,777,3077,-349,-714,-95,-395,479,140,144,0
2800285,215,216,181,0,145,2698,71,-699,13,-494,532,143,142,0
2803618,216,216,143,275,43,1948,485,-671,27,-472,540,145,138,0
2806976,216,216,237,293,224,1444,836,-632,-18,-416,512,140,137,0
2810309,216,217,237,50,386,1200,1053,-582,-21,-430,470,140,134,0
2813620,217,217,0,125,390,1024,1319,-525,-67,-398,366,148,130,0
2816976,217,217,293,406,309,883,1432,-467,-47,-359,314,137,131,0
2820313,217,218,256,12,264,699,1495,-405,-74,-274,274,139,136,0
2823624,218,218,12,237,86,463,1367,-348,-44,-246,224,147,135,0
2826976,218,218,275,162,94,339,1152,-301,-30,-155,175,133,139,0
2830313,218,219,331,0,168,304,951,-260,-61,-142,141,130,138,0
2833626,219,219,50,0,34,168,574,-233,-38,-107,117,129,135,0
2836977,219,219,631,256,-6,-33,258,-219,-58,-97,99,114,134,0
2840318,219,219,481,200,-95,-326,-38,-211,-77,-88,96,122,137,0
2843630,219,220,256,0,-328,-838,-311,-210,-66,-67,111,134,137,0
2846977,220,220,0,31,-441,-1227,-487,-215,-78,-78,112,136,130,0
2850318,220,220,575,462,-524,-1581,-670,-223,-87,-39,116,117,123,0
2853633,220,221,406,12,-775,-1968,-911,-234,-88,-13,121,126,131,0
2856977,221,221,0,87,-891,-2203,-1046,-248,-56,44,124,134,127,0
2860318,221,221,125,125,-928,-2334,-1178,-258,-56,49,139,125,125,0
2863636,221,221,668,443,-817,-2394,-1345,-270,-83,67,152,112,124,0
2866977,221,222,331,0,-783,-2422,-1444,-282,-87,93,173,130,132,0
2870319,222,222,0,162,-784,-2383,-1500,-293,-88,128,183,138,123,0
2873639,222,222,312,237,-798,-2151,-1534,-301,-110,133,208,115,119,0
2876977,222,223,612,218,-874,-1955,-1535,-309,-105,135,220,115,120,0
2880319,222,223,387,200,-1042,-1817,-1518,-313,-126,146,216,127,121,0
2883642,223,223,68,293,-1313,-1509,-1490,-314,-90,174,231,128,116,0
2886998,223,223,781,668,-1398,-1197,-1418,-311,-62,152,262,106,112,0
2890319,223,223,556,556,-1374,-1000,-1331,-309,-62,130,262,118,118,0
2893645,223,224,425,256,-1439,-900,-1237,-310,-40,159,281,125,118,0
2897002,224,224,368,518,-1367,-700,-1167,-315,-11,168,295,112,104,0
2900320,224,224,818,837,-1155,-404,-984,-328,-23,150,285,104,103,0
2903649,224,224,668,668,-1062,-232,-845,-343,8,166,287,112,112,0
2907004,224,225,425,275,-977,-107,-719,-368,3,159,260,125,117,0
2910319,225,225,256,518,-955,157,-538,-400,13,156,251,118,104,0
2913652,225,225,781,875,-1012,436,-295,-435,14,125,239,106,101,0
2917002,225,225,556,556,-1030,422,-190,-474,36,140,230,118,118,0
2920345,225,225,425,537,-1078,356,-115,-519,37,144,242,125,119,0
2923655,226,226,125,350,-955,516,57,-562,45,137,233,125,113,0
2927003,226,226,668,800,-932,626,229,-601,26,125,214,112,105,0
2930345,226,226,518,575,-1001,606,317,-634,29,122,198,120,117,0
2933658,226,226,368,481,-1234,505,432,-657,19,116,189,128,122,0
2937003,227,227,200,256,-1407,568,588,-668,27,115,178,121,118,0
2940346,227,227,612,650,-1490,637,754,-662,61,104,189,115,113,0
2943662,227,227,406,500,-1476,552,839,-644,69,109,168,126,121,0
2947004,228,227,0,350,-1359,545,955,-613,51,98,183,135,129,0
2950346,228,228,387,500,-1198,643,1077,-570,61,64,155,132,126,0
2953666,228,228,387,256,-1061,734,1253,-515,29,106,160,132,139,0
2957003,228,228,275,293,-1066,790,1275,-455,36,131,151,138,137,0
2960346,229,229,200,425,-1001,938,1354,-384,25,78,154,142,130,0
2963668,229,229,425,406,-964,1162,1379,-308,58,57,165,130,131,0
2967025,229,229,200,200,-825,1215,1410,-227,61,49,170,142,142,0
2970346,230,229,0,293,-564,1236,1426,-141,30,69,158,146,137,0
2973672,230,230,331,312,-490,1227,1395,-52,6,45,176,135,136,0
2977029,230,230,162,143,-527,1213,1337,36,-7,5,165,144,145,0
2980347,231,231,0,0,-586,1159,1308,125,-15,20,151,152,138,0
2983675,231,231,162,331,-720,1097,1238,211,-26,20,169,144,135,0
2987028,231,231,106,125,-796,1082,1152,295,22,-15,186,147,146,0
2990347,232,231,0,125,-713,970,1106,376,1,-17,186,157,146,0
2993677,232,232,0,0,-523,855,990,451,-48,-11,191,150,145,0
2997030,233,232,0,87,-549,825,917,521,-55,-36,168,156,148,0
3000348,233,233,0,0,-732,777,809,585,-6,-69,183,161,148,0
