Time, Rlegs, Llegs, DCL, DCR, GyroX, GyroY, GyroZ, GyroZAvg, AccelX, AccelY, AccelZ, LBEMF, RBEMF, SteerOut
3119,1290,1318,2918,0,-245,175,-119,-120,-18,-4,226,101,103,0
6474,1290,1318,2900,0,-244,176,-121,-120,-18,-2,231,102,103,0
9806,1290,1318,2900,0,-243,174,-118,-120,-20,-5,227,102,103,0
13122,1290,1318,2918,0,-246,175,-121,-120,-19,0,224,101,102,0
16477,1290,1318,2900,0,-244,178,-119,-120,-22,0,226,102,103,0
19809,1290,1318,2918,0,-244,179,-120,-120,-18,-5,230,101,102,0
23126,1290,1318,2918,0,-245,181,-122,-120,-20,-1,223,101,103,0
26480,1290,1318,2918,0,-245,179,-120,-120,-18,0,225,101,103,0
29810,1290,1318,2900,0,-243,180,-122,-120,-17,-3,225,102,103,0
33128,1290,1318,2918,0,-243,177,-121,-120,-19,-5,229,101,103,0
36484,1290,1318,2900,0,-243,183,-122,-120,-18,-3,232,102,102,0
39809,1290,1318,2918,0,-243,178,-121,-120,-16,-7,227,101,102,0
43131,1290,1318,2918,0,-243,177,-119,-120,-20,0,224,101,103,0
46487,1290,1318,2918,0,-244,177,-120,-120,-16,-6,227,101,103,0
49810,1290,1318,2918,0,-246,178,-119,-120,-17,0,231,101,102,0
53135,1290,1318,2900,0,-244,179,-121,-120,-16,-2,232,102,102,0
56490,1290,1318,2918,0,-244,178,-120,-120,-19,-5,230,101,102,0
59810,1290,1318,2918,0,-245,178,-121,-120,-18,-4,231,101,103,0
63138,1290,1318,2900,0,-244,179,-123,-120,-22,-3,227,102,103,0
66493,1290,1318,2900,0,-243,179,-120,-120,-19,-3,233,102,103,0
69810,1290,1318,2918,0,-244,181,-120,-120,-21,-1,226,101,103,0
73141,1290,1318,2900,0,-242,178,-120,-120,-16,-5,229,102,102,0
76493,1290,1318,2900,0,-244,180,-120,-120,-18,-3,226,102,103,0
79810,1290,1318,2918,0,-243,177,-120,-120,-17,-2,223,101,102,0
83145,1290,1318,2900,0,-242,176,-120,-120,-20,-3,233,102,103,0
86498,1290,1318,2900,0,-246,175,-121,-120,-20,-4,234,102,102,0
89835,1290,1318,2900,0,-246,170,-122,-120,-18,-2,231,102,103,0
93147,1290,1318,2918,0,-245,174,-120,-120,-15,-5,227,101,103,0
96501,1290,1318,2900,0,-244,175,-120,-120,-20,-5,227,102,102,0
99835,1290,1318,2900,0,-245,175,-117,-120,-20,-2,225,102,102,0
103151,0,0,0,0,-245,176,-119,-120,-18,-2,227,101,102,0
106501,0,0,0,0,-245,179,-121,-120,-18,-6,232,102,103,0
109836,0,0,0,0,-243,179,-119,-120,-18,0,229,102,103,0
113155,0,0,0,0,-245,181,-119,-120,-18,-5,228,102,103,0
116502,0,0,0,0,-244,178,-120,-120,-20,-2,228,102,102,0
119836,0,0,0,0,-244,180,-119,-120,-21,-6,228,102,102,0
123157,0,0,0,0,-243,180,-123,-120,-19,0,229,102,102,0
126502,0,0,0,0,-242,180,-119,-120,-21,-3,230,102,103,0
129836,0,0,0,0,-242,180,-119,-120,-19,-1,231,101,103,0
133160,0,0,0,0,-245,178,-120,-120,-18,-6,234,101,102,0
136502,0,0,0,0,-246,174,-121,-120,-19,-5,227,101,103,0
139837,0,0,0,0,-246,177,-120,-120,-19,-2,229,101,103,0
143164,0,0,0,0,-246,178,-120,-120,-17,-7,231,102,102,0
146503,0,0,0,0,-246,177,-120,-120,-20,-2,223,102,103,0
149837,0,0,0,0,-243,175,-118,-120,-18,-2,231,102,102,0
153168,0,0,0,0,-246,175,-121,-120,-19,-6,230,102,103,0
156503,0,0,0,0,-247,177,-120,-120,-20,0,224,102,103,0
159837,0,0,0,0,-244,177,-120,-120,-19,-5,229,102,102,0
163170,0,0,0,0,-243,173,-121,-120,-18,0,226,102,103,0
166524,0,0,0,0,-245,176,-122,-120,-20,-1,231,101,103,0
169858,0,0,0,0,-246,174,-121,-120,-17,0,228,101,103,0
173173,0,0,0,0,-244,177,-120,-120,-17,-3,227,101,103,0
176527,0,0,0,0,-244,178,-120,-120,-19,-1,231,101,103,0
179862,0,0,0,0,-243,178,-120,-120,-18,0,228,102,102,0
183176,0,0,0,0,-242,182,-121,-120,-16,-2,226,101,103,0
186528,0,0,0,0,-242,181,-120,-120,-21,-1,228,101,102,0
189862,0,0,0,0,-244,184,-120,-120,-19,-6,229,102,103,0
193180,0,0,0,0,-242,182,-119,-120,-22,-3,227,101,103,0
196528,0,0,0,0,-245,179,-121,-120,-19,-6,226,101,102,0
199862,0,0,0,0,-243,177,-120,-120,-20,-4,226,102,102,0
203183,0,0,3800,3800,-245,175,-122,-120,-18,-3,221,0,0,0
206531,0,0,1287,1493,-282,107,-119,-120,-90,-28,258,245,234,0
209865,1,1,856,1156,-695,5,-146,-120,-11,17,272,268,252,0
213187,1,2,968,500,-667,269,-26,-118,-9,16,172,278,287,0
216532,2,3,1325,481,-737,458,46,-112,13,-9,293,275,304,0
219866,3,3,743,668,-680,270,-122,-112,137,-14,313,306,310,0
223190,4,4,968,818,311,-329,-56,-110,-9,73,273,310,318,0
226559,5,5,706,443,671,-402,-135,-111,130,39,362,315,329,0
229866,5,6,1081,237,1615,-744,-128,-111,-216,108,314,311,340,0
233192,6,7,1362,387,1570,-816,-428,-121,-81,124,348,296,332,0
236532,7,8,1175,406,1378,-977,-842,-143,-222,161,324,306,331,0
239867,8,9,1287,875,1191,-1175,-1420,-184,-307,220,322,316,322,0
243195,9,10,1212,1062,-394,-1225,-1706,-234,-110,87,360,320,312,0
246553,10,11,968,1250,-1071,-1590,-1869,-288,-297,171,254,333,302,0
249889,11,11,1006,1943,-2340,-1727,-1873,-343,-140,9,327,347,297,0
253199,12,12,1400,2093,-3583,-2291,-1811,-396,-316,304,163,351,314,0
256557,13,13,1118,2112,-5162,-2363,-1635,-443,-38,31,243,382,329,0
259890,14,14,743,1962,-5710,-3174,-1196,-477,-106,173,163,402,337,0
263203,15,15,556,1793,-6281,-2958,-739,-496,-63,270,182,412,346,0
266556,17,16,631,1906,-6543,-3179,-522,-509,-9,218,168,408,356,0
269890,18,17,218,1718,-6472,-3233,-4,-505,15,198,-20,430,366,0
273206,19,19,668,1850,-6401,-3082,646,-481,-155,274,110,422,375,0
276585,20,20,668,1100,-6638,-2760,942,-448,178,50,189,423,400,0
279891,22,21,443,1025,-6292,-2113,1412,-400,-253,316,199,419,404,0
283209,23,22,762,1381,-6154,-1229,1762,-341,337,286,272,402,385,0
286558,24,23,800,1475,-4264,-483,2024,-274,418,333,-4,416,396,0
289891,26,25,818,987,-1869,982,2763,-184,325,358,220,399,406,0
293212,27,26,1043,481,1807,1798,3218,-80,812,13,259,387,433,0
296558,28,27,1587,537,5195,2083,3453,31,348,157,31,374,446,0
299891,29,29,1475,368,6823,2448,3455,143,183,115,151,380,439,0
303215,30,30,1362,706,8450,2250,3237,248,321,210,-13,401,436,0
306558,31,32,1662,687,9867,2687,2723,336,112,-15,-31,401,437,0
309891,33,33,1306,800,10988,2998,1198,378,-89,64,162,404,431,0
313218,34,35,1212,1156,11591,3002,672,402,-235,49,-182,425,428,0
316558,35,36,1062,650,11060,3282,152,412,-100,142,18,449,455,0
319891,37,37,987,987,8577,3045,374,424,-285,35,97,437,437,0
323222,38,39,912,500,5340,2192,412,436,-298,-70,187,441,447,0
326579,40,40,312,987,2313,1650,999,471,-394,214,-79,448,412,0
329892,41,41,556,575,-461,1296,1284,513,52,32,-12,435,434,0
333224,42,43,612,181,-1705,896,1569,566,-227,179,-16,432,439,0
336583,44,44,256,593,-2847,1397,2138,637,-805,160,-191,451,433,0
339916,45,46,800,612,-5107,2242,2476,727,555,-119,362,422,416,0
343228,46,47,856,612,-4213,2834,3344,858,-40,-192,207,419,416,0
346583,48,48,800,912,-4416,2069,3177,1002,-48,124,343,422,416,0
349919,49,50,1137,368,-2994,1090,2234,1125,476,140,422,404,429,0
353231,50,51,1737,331,-1046,1151,1863,1242,224,-158,589,397,456,0
356584,51,53,2168,706,-489,1882,1861,1358,-700,-260,620,390,436,0
359924,53,54,1643,1325,-3187,366,1130,1450,-63,-175,849,402,403,0
363234,54,55,1812,2093,-4148,-2066,249,1509,-480,83,706,409,378,0
366584,55,56,1756,2093,-5446,-3463,-126,1543,-130,450,749,428,394,0
369925,57,57,1456,1925,-5775,-4017,-773,1541,89,247,620,428,403,0
373237,58,59,856,1568,-4874,-4462,-1109,1523,-182,333,485,460,406,0
376583,60,60,387,1231,-4446,-3750,-1477,1477,-391,416,101,470,425,0
379925,61,61,181,1006,-4181,-1914,-2010,1394,45,254,233,481,437,0
383240,63,63,0,500,-4829,-875,-2168,1297,-180,99,148,491,448,0
386584,64,64,537,725,-6286,-266,-2085,1188,146,-72,-55,462,452,0
389926,66,66,106,537,-4143,174,-1946,1072,324,-89,46,469,446,0
393243,67,67,837,443,-1896,723,-1545,960,344,102,441,446,467,0
396585,68,69,518,143,-382,1950,-948,844,21,26,98,463,467,0
399957,70,70,1306,893,1607,3212,-1372,701,171,131,-35,436,458,0
403247,71,72,1137,518,3098,3438,-1781,537,468,-127,202,445,462,0
406585,73,73,1118,1062,4042,2826,-2070,365,475,-236,262,446,449,0
409926,74,75,1512,593,5178,2162,-2833,175,-170,30,166,425,458,0
413250,75,76,1737,256,6195,1674,-3113,-7,117,54,3,413,476,0
416606,77,78,912,443,7112,674,-3115,-141,-40,31,-83,457,466,0
419926,78,79,1006,462,6097,581,-3383,-268,-258,5,-105,452,465,0
423254,80,81,443,406,4839,735,-3299,-376,-291,71,-38,482,468,0
426610,81,82,68,87,3387,1130,-3110,-485,241,-110,195,477,460,0
429927,83,84,275,31,3471,1630,-2416,-573,33,-265,7,450,447,0
433256,84,85,218,0,2443,1335,-1850,-662,-317,186,-111,469,473,0
436610,86,87,0,0,365,1361,-1876,-761,-460,-51,-171,467,449,0
439927,87,88,218,0,-665,878,-1586,-859,469,-204,180,453,449,0
443259,88,89,575,931,801,317,-1466,-972,360,-182,40,450,415,0
446610,90,91,912,0,2042,504,-1378,-1093,-192,-39,52,416,450,0
449979,91,92,1775,987,1885,619,-1256,-1236,-381,172,63,411,437,0
453263,93,94,1400,950,1028,1188,-1170,-1372,-90,-86,142,431,439,0
456610,94,95,893,856,-363,1909,-860,-1469,-961,225,149,458,444,0
459953,95,96,706,1437,-4835,1442,-837,-1553,-1151,-166,334,468,413,0
463266,97,97,537,2187,-8507,-539,-1303,-1652,-143,-450,633,461,373,0
466611,98,99,837,2000,-10313,-3305,-1099,-1722,-176,-112,797,461,383,0
469953,100,100,575,1775,-11810,-4626,-961,-1760,141,27,683,459,395,0
473269,101,101,818,1943,-9498,-5251,-1004,-1787,533,336,908,462,402,0
476611,103,102,0,1306,-5652,-5081,-727,-1786,-219,-33,351,480,421,0
479953,104,104,518,1043,-6129,-4592,262,-1743,339,496,184,463,435,0
483272,106,105,0,500,-5201,-1133,631,-1677,488,-30,377,479,464,0
486611,107,107,500,500,-3329,2102,1715,-1560,473,52,833,448,448,0
489954,109,108,725,537,-96,3512,3229,-1392,475,-395,405,436,462,0
493275,110,109,1212,706,2045,3564,3762,-1209,689,45,100,410,453,0
496632,111,111,1606,631,5222,4341,4035,-1022,796,-397,362,405,457,0
499954,112,113,1831,443,10483,3983,2990,-880,-68,-291,210,408,466,0
503280,114,114,1756,575,10804,2670,2213,-782,75,-233,5,412,459,0
506636,115,116,1793,481,9675,872,702,-717,280,-336,188,410,464,0
509954,116,117,1400,537,8535,-1172,-862,-688,16,-2,75,431,461,0
513283,118,118,950,1287,7020,-2049,-1581,-673,-362,13,28,455,437,0
516636,119,120,1231,781,5457,-2450,-2539,-664,-7,-66,84,440,448,0
519954,120,121,1475,1531,2798,-2738,-3280,-669,125,-41,18,443,424,0
523285,122,123,1212,912,1247,-2966,-3607,-684,-695,185,5,441,441,0
526636,123,124,106,743,-434,-2327,-3125,-676,-92,-81,33,491,441,0
529954,125,125,443,537,-1143,-1941,-1589,-623,-175,-149,35,457,452,0
533288,126,127,200,256,-1921,-2941,-1240,-564,-781,-154,-40,470,451,0
536637,128,128,162,518,-5117,-3581,-1958,-550,-674,-3,-165,472,453,0
539979,129,130,425,350,-7497,-4063,-1697,-545,343,66,67,458,446,0
543292,131,131,0,368,-5942,-4523,-1193,-524,373,23,255,474,445,0
546637,132,133,575,462,-4947,-4601,-1207,-512,-73,100,67,450,440,0
549982,134,134,837,518,-3998,-3113,-1557,-515,-158,345,-182,445,462,0
553295,135,135,1100,650,-3895,-1802,-1423,-516,255,299,181,431,455,0
556637,136,137,1212,425,-3881,-671,-1203,-515,-510,181,85,441,467,0
559983,138,139,837,312,-5270,-150,-1565,-527,-228,336,249,445,457,0
563298,139,140,1287,987,-5461,784,-2347,-573,742,60,556,437,437,0
566637,140,141,1231,781,-2820,2109,-1964,-609,431,185,548,440,448,0
569983,142,143,1362,1437,-437,4138,-1253,-607,38,511,565,433,413,0
573301,143,144,1118,1006,750,5115,-1555,-621,227,274,516,446,436,0
576660,145,145,1006,1062,2416,5626,-1839,-649,62,374,330,437,434,0
579983,146,147,537,1043,1842,6811,-1402,-661,-720,169,-62,462,419,0
583304,148,148,350,856,-1371,6643,-1005,-670,-200,-144,66,472,429,0
586661,149,149,612,1362,-3287,5157,-377,-690,266,-221,135,458,418,0
589983,150,151,762,631,-3796,3985,489,-694,351,44,148,450,441,0
593307,152,152,706,237,-3286,4797,685,-726,791,107,138,437,462,0
596660,153,154,1737,275,1382,4636,677,-806,455,-788,539,398,460,0
599983,154,155,2168,575,6193,1091,-42,-925,501,-546,640,390,459,0
603311,155,157,2618,387,8482,-1425,-390,-1063,-190,-168,557,382,469,0
606661,157,158,2000,593,10079,-2882,-604,-1176,60,-355,332,399,458,0
609985,158,159,1831,1362,8538,-4186,-1235,-1283,-110,-234,80,424,433,0
613314,159,161,1212,1681,6275,-4745,-1642,-1357,-252,93,143,457,400,0
616661,161,162,1100,1793,3732,-4565,-1941,-1390,-499,-128,429,463,410,0
619984,162,163,1156,1400,-709,-4264,-2524,-1420,288,-55,206,460,431,0
623318,164,165,743,575,-3252,-3810,-2383,-1415,-377,419,92,457,450,0
626662,165,166,518,968,-4511,-3003,-2673,-1396,-109,245,131,469,429,0
629986,167,168,425,481,-5986,-1763,-2893,-1374,196,-148,159,458,439,0
633320,168,169,593,481,-6448,-1314,-2738,-1362,-515,-6,-147,449,439,0
636662,170,171,237,106,-8001,-1283,-2443,-1388,-203,116,-99,468,459,0
639989,171,172,406,68,-10275,-1621,-1629,-1400,574,-300,532,459,461,0
643323,172,173,612,462,-8197,-1580,-1001,-1371,551,-47,195,448,440,0
646662,174,175,1156,650,-6557,-1168,605,-1299,116,297,88,419,430,0
649992,175,176,2150,950,-4031,895,952,-1232,597,182,413,391,439,0
653327,176,178,1943,856,-870,1776,1994,-1132,628,-328,159,418,460,0
656662,178,179,1456,331,1860,1781,3109,-986,2,-88,96,428,472,0
659996,179,181,1268,462,3195,1129,3054,-846,267,86,325,454,465,0
663330,181,182,1043,237,5812,1059,2396,-733,323,198,270,466,477,0
666687,182,184,1118,762,7827,2010,2136,-618,22,-104,-50,462,449,0
669999,184,185,312,575,8362,3056,2496,-466,-285,222,18,489,459,0
673333,185,186,537,1381,8269,3693,2610,-323,-546,205,167,478,417,0
676690,187,188,256,950,6656,3369,2931,-193,-242,-136,186,477,424,0
680002,188,189,425,1456,3569,2790,3326,-40,-161,-245,350,468,397,0
683336,190,190,537,1475,1503,1215,3295,119,-255,-110,403,462,412,0
686695,191,192,800,968,-74,-602,2859,252,229,-68,94,448,423,0
690005,192,193,856,856,-520,-1487,3119,381,-385,229,-281,461,445,0
693339,194,195,556,1062,-1057,-539,3081,489,-581,89,-341,461,434,0
696727,195,196,1643,1512,-2670,340,2330,547,-421,-105,-56,482,473,0
700008,197,197,1400,1606,-4829,85,1194,563,487,-379,157,479,468,0
703343,198,199,1587,1156,-2622,-527,1153,578,586,11,364,469,476,0
706696,200,201,1868,987,1083,25,857,606,-40,215,261,454,485,0
710011,201,202,2150,706,2806,26,-42,617,126,138,664,439,500,0
713346,203,204,2487,987,3197,-929,-483,620,409,-236,555,437,485,0
716696,204,205,2281,1193,3482,-2198,-898,631,-665,259,180,432,474,0
720015,205,207,2243,1287,-301,-2393,-1040,650,-203,327,266,450,469,0
723349,207,208,1437,612,-2231,-2104,-887,683,188,217,555,452,480,0
726697,208,210,931,350,-1865,-1094,-1132,726,362,63,371,479,478,0
730018,210,211,1006,950,-1464,-596,-892,773,-460,342,58,475,462,0
733353,211,213,1081,387,-2540,290,-780,832,-549,382,-9,471,476,0
736697,213,215,481,106,-3830,1346,-547,905,195,-182,429,487,475,0
740021,215,216,237,387,-3764,1426,-366,979,133,-312,279,500,476,0
743355,216,217,893,781,-3524,965,574,1074,-65,-47,34,465,455,0
746724,218,219,1456,800,-3288,1108,1065,1158,-177,72,40,460,479,0
750024,219,221,1493,593,-1349,1443,1143,1225,189,290,499,458,474,0
753359,220,222,1662,462,1095,2273,1491,1253,420,-80,193,449,481,0
756697,222,224,1025,425,2825,3771,1926,1283,148,-97,19,483,483,0
760028,224,225,462,275,4330,4718,1830,1278,-301,336,423,497,491,0
763362,225,227,1025,912,3981,4893,1813,1237,-606,6,473,483,457,0
766698,227,228,256,1737,1640,3013,1929,1202,-540,-534,553,508,413,0
770031,228,229,762,2187,-3499,429,2100,1193,-428,-270,534,497,405,0
773365,230,230,462,1925,-6492,-1696,2231,1196,271,124,474,482,404,0
776723,231,232,856,1531,-6798,-3593,1916,1178,741,180,275,477,425,0
780034,233,233,837,1231,-2652,-3256,2264,1167,-406,233,-169,462,441,0
783368,234,235,762,387,-4018,-1760,1750,1130,-382,35,-270,466,470,0
786723,236,236,462,762,-6477,-830,466,1041,-78,-341,-336,482,466,0
790037,238,238,12,387,-5434,-1852,855,964,567,-34,262,490,470,0
793372,239,239,575,387,-3567,-2894,568,893,815,16,655,460,470,0
796724,240,241,950,462,1537,-877,589,814,308,157,413,471,481,0
803375,243,244,1793,368,6251,435,1065,701,210,159,211,426,486,0
810044,246,247,1475,500,8920,35,-4,637,-330,41,48,443,479,0
813378,248,249,1306,1212,8159,-227,103,613,-198,110,153,452,441,0
816724,249,250,1118,668,6185,-67,-308,605,-14,-9,315,462,470,0
820047,250,251,856,818,4736,-323,-168,615,-251,-3,86,476,462,0
823382,252,253,143,181,3396,-422,186,649,-251,294,10,473,455,0
830050,255,256,200,12,-178,1481,756,748,-147,-106,-13,470,464,0
833384,256,257,425,106,-2714,1385,1074,817,596,-227,272,458,459,0
836725,258,259,462,125,-2720,1225,1290,885,-494,-86,-54,456,458,0
840054,259,260,425,556,-2968,1407,1846,967,79,130,284,458,435,0
843387,261,262,218,612,-1924,1809,1467,1030,171,-185,143,453,432,0
846724,262,263,1268,1062,-1403,1526,1185,1078,13,27,192,438,433,0
850057,264,265,462,631,-483,1862,1609,1111,11,222,395,465,456,0
853391,265,266,1231,762,485,2598,1444,1123,-127,-89,265,440,449,0
856749,266,267,462,818,-751,3081,936,1116,-86,-308,636,481,446,0
860060,268,269,743,1737,-2734,2341,764,1093,-1034,-184,313,466,397,0
863394,269,270,875,1475,-5813,971,284,1042,-603,23,522,459,411,0
866753,271,271,668,1962,-8974,-1054,-149,980,167,-149,844,470,401,0
870063,272,273,612,1418,-8486,-2013,-446,910,35,177,634,473,414,0
873398,274,274,218,1025,-6594,-1840,-594,831,106,261,100,463,420,0
876753,275,275,143,800,-5023,-427,-771,741,-122,355,-23,483,448,0
880066,277,277,68,462,-5795,296,-1266,632,169,-162,109,471,450,0
883400,278,278,200,12,-5838,-291,-1404,528,559,-398,285,464,474,0
886758,280,280,575,387,-536,-587,-1147,422,187,-29,251,444,454,0
890069,281,281,837,162,1455,723,-522,351,387,112,456,430,466,0
893403,283,283,1343,312,3000,2149,-322,326,569,-62,322,419,458,0
896761,284,284,1531,443,7755,2232,13,300,265,-139,61,408,466,0
900072,285,286,1250,443,9570,1625,-91,279,385,-198,240,439,466,0
903407,286,287,1006,425,9906,1129,-744,237,-260,-140,321,452,467,0
906762,288,289,1287,743,9162,181,-1497,167,-398,-24,-37,437,450,0
910075,289,290,1062,818,7581,-541,-1714,80,-606,267,-6,449,446,0
913410,291,291,331,837,5463,-1004,-2161,4,-11,-104,130,472,445,0
916762,292,293,800,837,2988,-1435,-2015,-58,-231,-2,57,463,445,0
920080,294,294,0,687,2243,-1074,-1613,-112,-204,54,-122,483,444,0
923414,295,296,275,668,1172,-343,-1446,-147,-199,-25,44,466,445,0
926762,297,297,331,350,-1193,62,-540,-159,-669,-87,11,447,446,0
930082,298,299,68,0,-3983,-389,-343,-175,-621,112,-88,461,449,0
933416,299,300,368,312,-6500,-675,-542,-208,5,-61,-85,461,448,0
936763,301,301,425,500,-5156,-990,-30,-232,645,-113,377,442,438,0
940085,302,303,293,350,-2655,-1247,617,-246,-8,-76,240,449,430,0
943419,304,304,237,237,-2053,-999,559,-269,-16,67,-39,452,452,0
946763,305,306,1100,631,-1692,-361,362,-316,318,86,227,431,440,0
950088,306,307,1212,481,-565,245,220,-355,-326,353,16,441,464,0
953423,308,309,912,762,-1093,1671,227,-385,-362,162,226,441,449,0
956763,309,310,950,631,-1258,3158,-334,-445,184,-39,470,455,456,0
960091,311,311,837,1475,-1981,3144,-133,-495,-131,-183,575,445,411,0
963427,312,313,500,1606,-3686,1878,58,-522,-238,-246,719,463,404,0
966784,314,314,518,1850,-5956,-396,473,-531,-272,94,440,462,391,0
970095,315,315,462,1325,-7631,-2068,391,-528,144,89,604,466,420,0
973429,317,316,0,1437,-6935,-3383,545,-506,352,-57,514,484,414,0
976788,318,318,256,612,-4234,-3184,1115,-457,-155,50,-224,461,442,0
980098,320,319,68,706,-4344,-2039,1517,-391,-177,465,-17,471,453,0
983432,321,321,331,650,-4678,-398,1292,-327,588,42,562,457,456,0
986788,322,322,875,518,-601,1123,1914,-227,222,-259,643,444,463,0
990101,324,324,1006,256,2649,1076,2427,-108,517,-100,91,421,461,0
993435,325,325,1512,200,5009,1246,2547,7,626,-31,346,394,464,0
996788,326,327,1681,425,8863,1378,2153,90,227,-239,323,416,467,0
1000104,328,328,912,200,11055,685,2039,164,-82,8,95,441,479,0
1003439,329,330,1025,612,11104,-608,1165,200,174,-148,291,435,457,0
1006788,330,331,987,1043,9330,-1417,19,204,-143,25,73,453,434,0
1010108,332,332,1062,1306,7375,-1424,-473,212,-512,303,-57,449,436,0
1013442,333,334,950,1193,5107,-662,-1242,220,173,75,206,455,426,0
1016789,335,335,837,1531,3345,-344,-851,247,-142,-34,233,461,424,0
1020111,336,337,200,987,1543,-274,-321,304,-770,-94,-129,470,428,0
1023446,338,338,293,743,-1976,324,-235,360,-353,-127,-173,465,425,0
1026789,339,339,481,837,-5419,-122,216,417,-248,-174,151,455,436,0
1030114,341,341,125,481,-7599,-830,486,478,-248,42,16,474,439,0
1033448,342,342,12,256,-9571,-603,599,513,12,-43,-296,464,451,0
1036790,343,343,350,668,-10013,-772,892,552,287,20,-2,462,445,0
1040117,345,345,312,481,-8335,-1172,1215,607,622,120,483,448,439,0
1043451,346,346,500,368,-6192,-833,1289,648,141,82,137,438,445,0
1046790,348,348,781,612,-3596,-450,1635,680,382,32,178,448,457,0
1050120,349,349,1118,687,-1511,-389,1913,722,64,-35,345,430,453,0
1053455,350,351,1325,106,189,-117,1820,768,2,149,379,419,468,0
1056811,351,352,1625,762,1592,827,1489,807,523,360,458,419,449,0
1060123,353,354,1793,537,3290,2098,1149,836,355,119,440,410,461,0
1063458,354,355,743,818,4537,3205,1480,893,177,156,357,466,446,0
1066814,356,356,781,1643,5132,4051,1251,936,-637,359,282,464,418,0
1070128,357,358,256,1587,2651,3475,959,964,-804,25,464,477,390,0
1073461,359,359,350,1606,-569,1825,1137,985,-461,-47,580,472,389,0
1076814,360,360,800,1643,-4258,-461,1249,1012,8,41,379,448,403,0
1080130,361,361,931,1362,-4480,-1359,1233,1033,162,191,99,441,418,0
1083464,363,363,781,537,-3826,-1600,1458,1044,-185,168,-153,433,446,0
1086815,364,364,275,725,-5046,-776,1619,1047,38,-76,-418,476,452,0
1090133,366,366,106,143,-5876,-160,1192,1044,389,-196,32,469,467,0
1093468,367,367,1193,818,-4196,41,553,1001,827,-160,381,442,462,0
1096815,369,369,1100,481,914,-42,1196,963,526,-20,679,431,464,0
1100136,370,370,1793,668,4859,-100,1067,917,76,-40,239,410,470,0
1103471,371,372,1737,125,7295,-657,997,881,674,-157,305,413,483,0
1106815,372,373,1550,931,9695,-1465,644,837,375,-189,224,439,456,0
1110139,374,375,1343,856,9931,-1939,389,813,-647,259,121,434,444,0
1113474,375,376,818,1025,8086,-1936,-139,808,-289,302,137,478,451,0
1116816,377,378,443,1118,4877,-1328,-184,817,103,111,172,482,430,0
1120143,378,379,500,0,3133,-1010,53,857,-130,2,116,454,466,0
1123477,380,381,331,668,2045,-635,280,893,-570,26,-26,463,429,0
1130146,383,383,50,406,-2522,385,535,952,-173,-105,-79,462,443,0
1133504,384,385,387,162,-5935,317,663,966,-428,57,62,460,456,0
1136837,386,386,162,537,-6921,270,785,975,-83,-209,23,456,436,0
1140150,387,387,387,743,-5543,107,1628,1007,552,-63,491,444,425,0
1143507,388,389,931,1006,-2745,362,1534,1027,-259,-84,123,456,436,0
1146841,390,390,893,875,-1799,890,1650,1041,17,17,242,442,443,0
1150152,391,392,1381,593,-361,1346,1802,1057,629,-30,410,432,458,0
1153511,392,393,1700,518,1603,1855,1969,1067,273,84,168,415,462,0
1156841,394,395,968,518,1720,3704,1709,1061,-243,304,307,454,462,0
1160155,395,396,1043,743,2160,5226,1218,1042,-552,123,392,450,450,0
1163514,397,397,743,1962,1821,5251,1141,1031,-278,-241,471,466,401,0
1166841,398,399,725,1718,-941,2997,987,1026,-772,-216,553,467,398,0
1170159,400,400,0,1737,-4336,662,1195,1017,-548,-282,424,478,382,0
1173517,401,401,706,1925,-6755,-1862,1152,1014,321,128,654,453,388,0
1176841,403,402,312,1381,-5400,-3667,1170,1021,-84,281,305,458,417,0
1180162,404,404,293,706,-3622,-2933,1500,1032,-375,322,-454,459,437,0
1183521,405,405,293,893,-5021,-1576,528,1010,0,95,-225,475,443,0
1186842,407,407,68,312,-6161,-1539,62,973,257,-381,47,471,458,0
1190165,408,408,818,331,-4021,-2369,-367,916,412,-103,334,447,473,0
1193523,410,410,1587,1493,-761,-1973,334,876,707,283,456,453,458,0
1196842,411,411,1962,912,3868,-405,492,854,436,292,432,449,505,0
1200168,413,413,1287,500,6951,533,895,865,271,77,250,469,511,0
1203524,414,415,1681,462,8242,472,919,856,-29,171,209,464,513,0
1206842,416,416,1137,800,9543,1099,508,839,-418,200,281,477,495,0
1210172,417,418,1100,725,9333,1177,87,810,131,89,138,479,483,0
1213529,419,419,931,1343,7983,870,122,794,-405,-14,72,488,466,0
1216891,421,421,256,593,3289,550,119,785,-635,97,136,499,481,0
1220175,422,422,593,1137,382,433,368,801,-356,147,78,481,452,0
1223532,424,424,368,575,-743,590,1011,839,-561,186,-232,477,466,0
1226867,425,425,481,706,-2035,1146,1284,877,-179,6,-35,471,459,0
1230178,427,427,481,612,-4581,1568,1620,919,-14,116,124,487,464,0
1233532,428,429,368,200,-8067,1417,1843,951,-43,-66,-23,477,470,0
1236867,430,430,387,125,-7872,1481,2410,1010,-209,-149,-101,460,474,0
1240181,431,431,537,987,-7539,1152,3197,1089,814,-3,522,468,444,0
1243533,433,433,968,481,-4799,446,3256,1166,424,-217,426,454,480,0
1246867,434,435,968,556,-1006,-713,3497,1225,171,-173,285,470,476,0
1250184,436,436,312,237,1279,-821,3881,1298,178,34,14,489,493,0
1253532,437,438,931,631,2860,126,3721,1363,323,267,91,472,472,0
1256867,439,439,912,593,3943,1380,3521,1417,-379,230,237,457,474,0
1260187,440,441,425,687,2776,2858,3412,1462,-743,26,410,483,453,0
1263533,442,442,443,1550,237,2882,2882,1498,-413,143,318,482,423,0
1266895,443,443,593,1887,-3003,2432,2657,1543,-188,59,738,475,406,0
1270191,445,445,50,1625,-4212,1331,2466,1585,-54,-98,745,488,404,0
1273534,446,446,481,1137,-3265,1,2174,1622,152,-129,276,465,430,0
1276868,448,447,612,1475,-1715,-402,2214,1654,-278,-38,-362,458,428,0
1280194,449,449,575,500,-1893,-356,1873,1676,69,7,57,460,464,0
1283534,451,450,893,987,-1063,-148,1234,1678,621,-272,589,443,454,0
1286868,452,452,818,912,3491,82,1190,1669,137,-401,309,447,442,0
1290197,453,453,856,387,5681,-382,1343,1694,474,-213,248,445,470,0
1293555,455,455,1512,762,8488,-425,1785,1748,-264,-237,261,425,465,0
1296890,456,456,1475,537,8056,-378,1422,1804,-549,-198,156,427,477,0
1300200,458,458,950,800,5054,-837,601,1812,92,-41,350,455,463,0
1303558,459,459,818,1306,4514,-1606,-30,1796,-92,9,490,462,436,0
1306893,460,460,687,1681,3856,-1595,-469,1753,-583,-103,237,485,432,0
1310203,462,462,1193,1343,452,-985,-1211,1687,-33,-14,-81,442,434,0
1313559,463,463,912,1156,-2366,-617,-2183,1603,-276,105,157,473,460,0
1316893,465,465,0,162,-4457,-765,-2361,1526,-36,-39,334,482,472,0
1320207,466,466,256,0,-5713,-454,-2418,1447,-505,-175,-48,467,496,0
1323559,468,468,425,0,-8503,119,-2310,1371,-215,60,-358,458,482,0
1326894,469,469,612,237,-9942,-7,-2077,1294,383,35,242,448,468,0
1330210,471,471,0,237,-8501,-133,-1168,1226,365,-181,481,473,452,0
1333559,472,472,1062,725,-5728,-204,-115,1183,-143,-215,163,424,442,0
1336894,473,474,631,687,-4859,-179,227,1139,629,-180,111,447,428,0
1340213,475,475,1006,162,-1395,213,446,1095,863,-112,638,411,456,0
1343559,476,477,1718,931,4264,1033,1937,1081,-257,89,180,414,440,0
1346894,477,478,1531,200,4966,1727,3267,1083,706,-233,304,424,479,0
1350216,479,479,1081,481,7120,1385,3329,1085,312,30,117,448,464,0
1353560,480,481,1100,518,8049,2301,3209,1076,-648,474,-10,447,462,0
1356894,482,483,125,1043,7494,3782,3638,1068,-482,89,244,499,434,0
1360220,483,484,331,1700,6579,3907,3969,1076,-743,-35,370,488,399,0
1363560,485,485,500,2150,1356,957,3710,1082,-832,-235,603,479,391,0
1366894,486,486,987,1793,-3379,-1338,3960,1099,-132,18,525,438,395,0
1370223,488,487,968,1925,-5707,-2701,3772,1127,449,118,472,439,388,0
1373582,489,489,931,1287,-3432,-3148,3740,1161,-497,254,118,441,422,0
1376896,490,490,650,912,-3817,-1845,3327,1188,-536,338,-583,456,442,0
1380226,492,491,0,875,-6730,-461,2052,1184,-47,-226,-366,479,444,0
1383581,493,493,481,668,-7138,-1069,1033,1147,-17,-257,-58,465,455,0
1386918,495,494,425,818,-7312,-2256,1246,1127,671,-90,341,452,447,0
1390229,496,496,950,818,-3956,-1709,1072,1122,681,15,254,455,462,0
1393585,498,497,931,593,1758,484,1377,1128,250,238,585,440,474,0
1396918,499,499,1718,762,4057,1050,1973,1148,436,100,395,414,465,0
1400232,500,500,1943,106,5796,985,1773,1148,531,-36,484,402,500,0
1403585,501,502,1887,387,8615,833,935,1132,46,19,317,421,485,0
1406919,503,503,1643,1118,9091,56,782,1138,69,75,154,418,446,0
1410236,504,505,1306,725,6606,-204,307,1149,-694,177,-32,436,451,0
1413586,505,506,1212,1006,2617,-467,64,1165,-490,305,202,457,452,0
1416919,507,508,462,256,933,-950,-1,1203,374,30,173,456,451,0
1420239,508,509,556,368,834,-866,381,1283,-230,53,-64,451,445,0
1423586,510,511,631,350,864,96,939,1386,-375,205,79,447,446,0
1426919,511,512,443,275,-815,676,986,1493,-402,35,-11,457,450,0
1430242,513,513,68,350,-3220,556,782,1589,-39,-121,276,477,446,0
1433586,514,515,668,837,-3555,994,1742,1709,-502,-119,292,445,420,0
1436919,515,516,950,612,-4149,1297,2142,1812,-149,-143,96,430,432,0
1440246,517,517,1625,1418,-3079,1564,1784,1871,338,-50,323,419,430,0
1443586,518,519,1156,575,-502,2418,1434,1909,273,92,514,444,459,0
1446920,520,520,968,856,1829,3928,1929,1955,-311,56,228,454,460,0
1450248,521,522,1268,500,1752,4848,1640,1946,186,-164,361,438,463,0
1453587,522,523,687,1212,1482,5530,1086,1878,-423,-51,330,485,441,0
1456920,524,525,706,1212,141,4519,1148,1810,-879,-266,247,468,425,0
1460251,525,526,875,1887,-2469,2465,844,1736,-731,-146,335,459,389,0
1463608,527,527,781,1981,-5547,-1040,946,1652,-173,-151,679,464,400,0
1466943,528,528,575,1700,-6691,-3405,1048,1561,166,18,545,460,400,0
1470256,530,529,593,1625,-5988,-4788,1246,1484,-5,332,-89,459,420,0
1473611,531,531,481,818,-4825,-4186,1568,1409,-175,339,39,465,447,0
1476948,533,532,0,1062,-4969,-3232,678,1312,130,-47,8,475,434,0
1480259,534,534,500,518,-4503,-2728,481,1210,42,-655,-367,464,463,0
1483612,536,535,237,556,-4189,-3800,991,1137,378,-101,186,462,461,0
1486948,537,537,856,593,-1009,-4068,1437,1118,570,492,782,445,459,0
1490261,538,538,1643,406,2657,-2502,1613,1136,203,180,290,418,484,0
1493612,540,540,1212,425,5363,472,1670,1149,266,-18,-87,441,483,0
1496953,541,541,1175,706,7552,558,1654,1168,449,47,114,443,468,0
1500265,543,543,1175,368,8904,32,1741,1179,-146,6,282,443,470,0
1503612,544,544,650,706,9690,578,387,1129,-436,161,48,471,468,0
1506954,545,546,687,518,9113,1223,247,1082,55,45,-49,469,462,0
1510267,547,547,931,1193,7558,1482,-449,1038,-329,-173,186,456,442,0
1513640,548,549,725,593,3010,1029,-1015,982,-261,57,268,458,449,0
1516954,550,550,481,856,691,561,-647,953,-48,265,116,455,435,0
1520271,551,551,518,1025,532,1313,-618,931,-278,46,-79,453,426,0
1523613,553,553,143,350,-86,2846,-15,931,-906,-54,-158,457,446,0
1526954,554,554,556,762,-4866,3193,403,931,-176,-107,43,451,440,0
1530274,556,556,312,237,-7153,3002,869,929,573,85,255,464,452,0
1533613,557,557,556,800,-5154,2706,1477,945,103,-37,295,435,422,0
1536954,558,559,706,556,-4483,2200,1775,976,-18,2,125,443,435,0
1540277,560,560,612,818,-3494,2147,1654,973,177,-176,46,457,446,0
1543634,561,561,1343,837,-1280,1327,1768,961,403,36,340,434,461,0
1546955,562,563,1325,181,936,1078,2129,972,-197,50,70,435,480,0
1550280,564,564,1081,725,1099,1967,2045,991,-600,152,243,432,451,0
1553637,565,566,1193,706,1135,2631,1911,991,88,-102,561,442,452,0
1556955,567,567,443,1475,-397,1304,1532,987,-251,-451,710,466,411,0
1560283,568,569,856,1981,-2760,-799,1634,1004,-727,-96,479,460,400,0
1563665,569,570,537,1756,-5601,-3257,1135,1004,-129,68,538,478,397,0
1566955,571,571,537,1568,-6163,-4269,487,993,236,240,766,462,407,0
1570287,572,572,743,1812,-4823,-4260,6,963,-125,45,391,451,394,0
1573638,574,574,425,1231,-3963,-2920,-62,929,-513,277,-297,468,425,0
1576979,575,575,312,912,-5750,-1730,-834,864,-76,260,110,474,442,0
1580290,577,576,200,800,-6481,-966,-872,787,755,62,570,464,448,0
1583638,578,578,687,425,-603,376,-554,749,454,-158,309,454,468,0
1586981,580,579,631,650,2414,1851,474,749,428,33,182,441,456,0
1590293,581,581,1362,331,4366,2940,669,739,284,-157,271,417,472,0
1593639,582,582,1362,518,7657,3282,837,720,92,-215,123,433,478,0
1596981,584,584,987,368,9330,2815,457,684,-203,-236,18,437,470,0
1600296,585,585,1081,762,8405,1940,-220,625,152,-76,310,448,465,0
1603639,586,587,1643,725,7515,676,-1414,529,-6,-19,170,434,467,0
1606981,588,588,818,1550,7128,543,-1353,432,-689,214,-224,462,423,0
1610300,590,590,856,1512,4362,872,-1918,360,-429,-111,-95,460,425,0
1613639,591,591,200,987,-131,566,-1812,296,-97,-127,265,470,428,0
1616981,592,592,275,1081,-1449,425,-1151,274,-272,-132,159,466,423,0
1620303,594,594,68,631,-3447,933,-300,296,-252,-213,-240,461,431,0
1623660,595,595,293,725,-4806,732,280,325,-190,24,65,465,442,0
1626982,597,597,143,331,-6717,248,-16,344,-87,41,131,457,447,0
1630306,598,598,275,256,-8320,23,6,345,140,-229,-113,450,451,0
1633664,600,599,256,593,-7172,-473,707,354,346,-102,250,451,449,0
1636982,601,601,406,500,-4601,-853,1315,368,29,41,394,443,438,0
1640309,602,602,1156,818,-3772,-552,1566,371,508,-61,213,428,446,0
1643664,604,604,1475,275,-362,288,1893,374,694,-370,232,411,475,0
1646982,605,605,1381,387,2069,88,2012,386,184,-147,141,416,469,0
1650313,606,607,1775,443,2658,385,2416,406,272,42,329,411,466,0
1653665,608,608,743,781,4442,760,2831,428,-301,182,66,466,464,0
1656982,609,610,762,950,4641,853,2726,449,-308,37,156,465,439,0
1660316,611,611,0,1231,3822,46,2864,479,-372,-144,533,498,424,0
1663664,612,613,0,1550,49,-1964,2607,513,-629,-254,518,496,392,0
1667007,614,614,406,1250,-4119,-3586,2376,536,-342,81,339,453,408,0
1670319,615,615,575,1250,-5958,-4696,1921,560,387,274,616,444,408,0
1673665,617,616,556,1437,-3626,-4143,1503,592,-338,342,459,445,414,0
1677011,618,618,575,931,-3209,-2400,1211,630,-659,322,-391,444,425,0
1680322,619,619,687,875,-5689,-352,837,658,-44,486,-71,454,444,0
1683665,621,621,331,462,-5754,1082,538,701,504,136,487,457,450,0
1687042,622,622,2243,1756,-3056,2683,47,729,686,-227,491,434,460,0
1690325,624,623,1606,1587,819,4151,594,765,712,-60,313,452,469,0
1693665,625,625,2525,725,5762,3689,608,769,305,-326,361,419,515,0
1697011,626,627,2412,631,8235,2043,437,762,57,-181,339,425,504,0
1700328,628,628,1700,462,9414,431,-891,708,-457,-61,446,447,513,0
1703687,629,630,2300,631,8702,-1133,-2008,631,-11,-11,201,431,504,0
1707011,630,632,2018,800,8631,-3233,-2016,575,-613,358,-21,446,479,0
1710331,632,633,1550,1681,5222,-2790,-3010,525,-362,-26,-141,471,448,0
1713688,634,634,275,1175,1337,-1952,-2407,492,-442,311,261,498,450,0
1717012,635,636,331,781,167,-1672,-2058,488,-21,-37,177,495,455,0
1720335,637,637,0,950,-1200,-1660,-1301,504,-381,-207,34,519,462,0
1723689,638,639,143,293,-4161,-2390,-729,517,-521,-107,-49,505,481,0
1727012,640,640,312,706,-7923,-2446,-475,512,-328,28,62,480,459,0
1733689,643,643,481,725,-8892,-2692,-258,471,806,75,456,471,458,0
1737039,645,645,743,1250,-5675,-2642,14,471,-8,64,299,482,455,0
1740341,646,646,1118,800,-3741,-1555,301,458,-4,-17,178,462,479,0
1743689,648,648,856,275,-1842,-426,626,437,354,-213,314,476,507,0
1747012,649,650,1250,406,-529,281,258,396,161,154,186,455,484,0
1750344,650,651,1662,293,-1267,1743,-58,335,-167,271,308,433,490,0
1753690,652,653,1043,762,-121,3296,-40,271,-336,412,150,466,465,0
1757013,653,654,743,500,927,4932,297,205,-213,210,173,482,479,0
1760348,655,656,743,1043,2013,6239,-210,110,438,136,274,482,466,0
1763690,657,657,0,556,3014,6092,-373,13,403,-32,260,504,461,0
1770351,660,660,0,1550,1249,3402,27,-158,-652,-141,-34,496,408,0
1773690,661,661,312,987,-1295,1676,445,-219,-116,-87,256,474,438,0
1777019,663,663,725,575,-2515,619,1005,-247,271,12,28,452,460,0
1783691,666,666,556,275,559,1695,68,-297,15,-307,74,461,476,0
1787023,667,667,1475,837,408,819,-132,-327,555,-254,448,427,461,0
1790357,668,669,1700,481,1446,-1380,-799,-369,716,-215,589,415,464,0
1793715,670,670,1812,1081,4800,-1923,-852,-397,-451,29,458,409,448,0
1797027,671,672,1868,1156,5334,-2297,-1335,-457,213,-360,532,406,428,0
1800360,672,673,1831,1643,4338,-3411,-1049,-509,-34,-42,375,424,418,0
1803718,674,674,1437,1681,2512,-3233,-1433,-567,-694,146,293,429,416,0
1807029,675,676,1212,1250,-906,-2991,-2067,-604,-26,109,315,457,439,0
1810364,677,677,1118,481,-3983,-2707,-1682,-594,280,276,303,462,480,0
1813718,678,679,687,0,-5514,-1459,-1606,-581,-218,217,142,460,484,0
1817032,680,680,481,612,-5474,-514,-1185,-524,-158,240,170,471,448,0
1820367,681,682,443,12,-4820,11,-841,-475,300,-154,131,457,464,0
1823724,682,683,743,350,-4372,13,-654,-431,-68,-304,143,457,462,0
1827035,684,685,481,593,-4429,30,30,-390,-268,-11,327,455,433,0
1830370,685,686,893,331,-3918,325,1320,-326,316,-176,374,433,447,0
1833724,686,687,1362,856,-2471,687,1718,-257,750,-61,179,424,435,0
1837039,688,689,1718,856,667,1668,2428,-157,172,101,204,414,444,0
1840374,689,690,1156,687,4634,2587,3499,-39,-174,212,316,444,453,0
1843725,690,692,893,275,5272,2643,3498,68,145,-16,-56,474,475,0
1847042,692,693,668,575,5271,3047,3435,166,-49,134,-160,470,459,0
1850377,693,695,1118,631,5399,3902,3469,255,-302,313,251,462,456,0
1853725,695,696,425,1306,4402,4282,3380,353,-196,-21,490,483,420,0
1857045,696,698,518,1812,2394,3584,3696,470,-439,-363,549,494,409,0
1860379,698,699,612,1625,-1507,1166,3873,592,-717,-52,138,473,403,0
1863725,700,700,556,1531,-4633,-573,3973,707,44,40,396,461,409,0
1867049,701,701,781,1512,-4124,-2345,3385,820,552,48,399,449,410,0
1870383,702,703,743,893,-2532,-3224,3348,936,-616,114,-108,451,427,0
1873725,704,704,537,781,-4511,-2013,3362,1043,-252,172,-490,462,449,0
1877051,705,706,612,800,-5874,-1060,2477,1119,294,-289,-116,458,448,0
1880386,707,707,0,481,-5063,-1981,1906,1165,82,-182,340,486,449,0
1883725,708,708,912,612,-3582,-3219,2143,1201,670,58,479,442,458,0
1887056,710,710,537,237,925,-2529,2302,1239,300,58,368,461,477,0
1890389,711,711,1193,818,6296,-560,2103,1303,258,171,260,442,462,0
1893725,712,713,1681,350,7469,-316,2439,1383,335,21,202,416,471,0
1897058,714,715,1306,350,7130,-260,1933,1469,305,314,479,436,471,0
1900392,715,716,1287,593,8135,-305,1279,1535,-198,122,480,437,458,0
1903752,716,717,1775,1137,7224,-609,1175,1614,-434,97,-87,427,445,0
1907062,718,719,1568,1043,4169,-544,548,1664,-545,322,155,422,434,0
1910395,719,720,668,725,301,-436,-331,1698,-442,288,343,461,442,0
1913752,721,722,837,950,-790,-370,-731,1740,210,69,199,436,414,0
1917064,722,723,481,706,-1275,496,-849,1766,-534,-10,-85,455,427,0
1920399,723,724,725,687,-3186,1761,-953,1786,-263,58,147,442,428,0
1923751,725,726,293,462,-4156,2063,-797,1798,16,18,327,465,440,0
1927068,726,727,425,631,-4244,2075,-709,1802,-315,-184,73,458,431,0
1930402,728,729,312,575,-4974,2383,572,1841,-429,-4,55,448,434,0
1933752,729,730,987,312,-4985,2492,1024,1872,733,-454,171,428,448,0
1937071,730,731,1362,893,-2140,1796,1170,1867,354,-78,187,433,442,0
1940405,732,733,931,443,1569,1693,1124,1849,-257,124,181,456,466,0
1943752,733,734,1268,443,2064,2076,1549,1821,144,174,408,438,466,0
1947074,735,736,687,575,3265,2836,1196,1749,70,-196,454,469,459,0
1950408,736,737,875,837,3809,3599,1787,1696,-629,-63,213,459,445,0
1953753,738,739,218,1531,1538,2530,1576,1638,-870,-62,346,494,408,0
1957077,739,740,462,1793,-1605,559,1538,1577,-205,-230,548,481,394,0
1960411,741,741,406,1737,-5802,-2111,1340,1514,-247,-36,606,485,398,0
1963753,742,742,650,1793,-6864,-3307,1195,1435,218,161,450,456,395,0
1967080,743,743,556,1550,-5530,-3939,828,1340,221,250,164,461,408,0
1970415,745,745,631,1306,-3647,-3217,987,1247,-415,330,-23,457,421,0
1973753,746,746,275,556,-5654,-2125,289,1150,-217,21,-246,476,461,0
1977083,748,748,556,650,-6066,-1469,-223,1039,108,-457,-352,461,456,0
1980418,749,749,593,387,-3926,-2220,79,936,300,77,491,459,470,0
1983784,751,751,1156,650,-1641,-1819,82,861,738,148,735,444,471,0
1987087,752,752,1306,743,2228,217,461,816,534,7,161,436,466,0
1990421,754,754,1400,200,5734,2038,806,774,162,68,-43,431,479,0
1993778,755,755,1475,575,6078,1711,556,720,532,-118,367,427,475,0
1997090,756,757,1400,125,6769,1237,205,660,-78,75,356,431,483,0
2000425,758,758,1606,818,7518,783,-492,569,-124,161,41,436,462,0
2003782,759,760,1400,368,7087,651,-1093,474,47,-13,49,431,470,0
2007093,760,761,1550,1118,5582,460,-1748,380,-174,-25,14,439,446,0
2010427,762,763,12,181,2827,-137,-1474,297,-458,338,110,480,455,0
2013785,763,764,218,837,1388,10,-1210,242,-24,249,221,469,420,0
2017096,765,766,162,556,948,486,-901,224,-265,-91,119,472,435,0
2020431,766,767,406,443,-1200,1074,-52,245,-771,-26,-245,459,441,0
2023789,768,768,218,575,-4606,973,379,284,-151,154,165,453,434,0
2027099,769,770,368,575,-5275,815,486,329,495,-242,339,461,434,0
2030434,770,771,706,443,-3572,646,1000,385,246,-197,212,443,441,0
2033817,772,773,1193,1137,-2838,699,1251,446,-229,133,155,442,429,0
2037103,773,774,1325,987,-2122,1101,763,452,437,-244,424,435,437,0
2040438,775,775,1568,575,-58,1697,860,447,157,-47,403,422,459,0
2043790,776,777,1343,293,1114,2834,1165,447,-521,24,211,434,474,0
2047106,777,778,931,725,806,4053,1125,447,-585,-5,467,456,451,0
2050441,779,780,575,1025,-386,3698,1128,434,-226,-522,701,475,435,0
2053791,780,781,687,1925,-2248,1785,1100,431,-433,-377,612,469,387,0
2057109,782,782,725,2056,-4924,-534,1149,411,-483,-183,400,467,396,0
2060443,783,783,443,1793,-6961,-3406,982,392,98,71,520,467,395,0
2063791,785,785,650,1418,-6050,-4739,780,368,248,87,515,456,415,0
2067112,786,786,537,1100,-4008,-4524,1149,362,-133,133,2,462,432,0
2070448,788,787,181,950,-3065,-2755,1371,368,76,-169,-239,481,440,0
2073791,789,789,800,443,-3684,-1998,1676,394,-49,30,290,448,467,0
2077116,791,790,0,650,-3009,-2382,1573,413,156,-71,404,482,456,0
2080450,792,792,537,218,254,-2321,1470,450,81,165,-14,446,463,0
2083791,794,793,668,818,1472,-637,1814,513,514,126,7,454,462,0
2087119,795,795,931,518,3717,1395,1575,560,467,57,332,440,462,0
2090453,796,796,1512,293,7429,1534,1638,609,15,-4,105,425,490,0
2093792,798,798,875,50,8204,1000,1323,636,204,-98,100,443,487,0
2097122,799,799,1400,931,7746,924,-277,602,220,-139,303,431,456,0
2100456,800,801,1625,800,6798,151,-995,553,73,-26,135,419,447,0
2103813,802,802,1512,950,6147,-580,-1502,500,-434,389,17,425,455,0
2107126,803,804,1325,687,4087,-888,-2428,439,86,133,226,435,453,0
2110459,804,805,350,143,1769,-1106,-2553,394,-293,74,-38,462,457,0
2113817,806,807,462,687,696,-452,-1688,396,-359,268,-28,456,428,0
2117128,807,808,462,293,-142,743,-724,419,-117,-138,67,456,449,0
2120463,809,809,162,518,-2699,327,-248,449,-59,-156,41,472,437,0
2123816,810,811,631,443,-5994,-517,1,477,-157,-117,53,447,441,0
2127131,812,812,0,575,-7549,-419,96,482,211,-57,173,474,434,0
2130466,813,814,462,556,-5253,-730,725,493,426,-36,415,440,435,0
2133817,814,815,743,1006,-3342,-867,672,499,-416,33,103,466,436,0
2137135,816,816,687,931,-4105,151,410,480,39,51,203,453,440,0
2140469,817,818,1475,743,-1983,1695,575,459,421,-97,468,427,450,0
2143817,819,819,1231,800,-528,2878,523,452,141,66,363,424,447,0
2147138,820,821,1175,556,-752,4208,361,436,-58,98,424,443,460,0
2150472,821,822,1081,443,1261,5237,373,411,-111,167,529,448,466,0
2153817,823,824,556,987,1750,5307,302,385,-49,-177,546,476,437,0
2157141,824,825,950,1812,779,4065,467,365,-650,-198,396,455,393,0
2160475,826,826,0,1681,-3384,960,610,350,-675,-174,331,488,385,0
2163817,827,827,462,2075,-6616,-1883,763,337,83,19,664,466,380,0
2167145,829,828,631,1493,-7040,-4552,1036,339,527,143,571,441,411,0
2170479,830,830,275,1306,-3634,-4475,1385,358,-2,287,-131,460,421,0
2173818,832,831,406,837,-3035,-2968,1631,373,-50,276,-210,453,446,0
2177148,833,833,200,312,-4368,-1669,1198,368,87,-133,227,464,458,0
2180482,835,834,537,518,-2703,-1892,1308,356,899,-304,394,462,463,0
2183839,836,836,2093,1100,1776,-1409,2107,373,584,0,199,426,479,0
2187151,837,837,2037,762,4925,395,2333,400,299,193,344,445,513,0
2190486,839,839,1400,818,7567,1034,1890,402,474,-116,350,463,494,0
2193843,840,841,1831,837,10116,-43,2220,422,65,85,1,456,493,0
2197155,842,842,875,312,11016,-447,1124,406,-462,199,135,491,521,0
2200489,843,844,987,762,9658,-213,-212,358,-164,298,26,485,481,0
2203843,845,845,1043,1025,8794,-406,-201,361,-180,-55,15,482,483,0
2207158,846,847,743,406,6520,-195,-305,382,-451,-47,229,489,491,0
2210491,848,849,631,1156,1568,-218,57,431,-639,85,56,479,451,0
2213843,849,850,518,612,-905,-413,403,519,-234,233,30,485,464,0
2217160,851,851,350,725,-2333,38,756,623,31,-43,211,478,458,0
2220495,852,853,800,650,-3957,315,916,704,-781,-48,-159,470,462,0
2223843,854,854,331,518,-8223,386,1150,763,-114,25,6,479,469,0
2227163,856,856,481,368,-9183,422,1905,830,521,129,137,471,461,0
2230499,857,857,706,762,-5846,395,2344,903,343,-2,364,459,456,0
2233844,858,859,706,668,-4340,-197,2427,976,-134,41,237,484,470,0
2237167,860,861,1025,875,-2725,-534,1871,1012,206,199,323,467,475,0
2240501,861,862,1268,593,-168,-405,1975,1053,306,123,228,454,474,0
2243844,863,864,1287,293,1003,822,1748,1095,375,97,212,453,490,0
2247170,864,865,1343,331,1504,3126,1220,1115,-321,279,161,450,488,0
2250505,866,867,893,950,1908,3844,1088,1132,-509,431,268,474,455,0
2253844,867,868,800,1250,1647,4013,818,1147,-586,210,376,479,439,0
2257173,869,869,443,1531,398,2951,776,1159,-199,-285,599,483,425,0
2260532,870,871,462,1906,-1503,1043,968,1180,-242,-105,679,482,389,0
2263865,872,872,443,1268,-3920,-884,1010,1197,-21,41,354,467,423,0
2267176,873,873,1137,1550,-3665,-2838,1131,1213,-45,238,-50,446,424,0
2270535,875,875,368,893,-3100,-2548,1129,1225,-284,277,-146,471,443,0
2273868,876,876,575,837,-4331,-1172,546,1209,-169,-125,-219,476,462,0
2277179,878,878,443,331,-5117,-740,191,1172,509,-91,102,467,473,0
2280569,879,879,931,1193,-2704,-875,-284,1112,934,114,656,472,458,0
2283869,881,881,968,781,1932,13,215,1082,318,-28,597,454,464,0
2287184,882,882,1475,275,6175,1241,67,1043,-191,-231,127,427,491,0
2290542,883,884,2112,312,6367,1119,263,985,227,-145,315,409,489,0
2293869,885,885,1287,837,6962,661,-324,902,88,-97,517,437,461,0
2297187,886,887,1737,1193,6627,-232,-697,821,-185,37,195,429,442,0
2300545,888,888,1175,893,5574,-818,-992,721,-160,358,131,443,458,0
2303870,889,890,1475,1118,3377,-484,-1678,633,168,-219,250,443,446,0
2307189,890,891,612,406,1410,3,-2020,577,-7,-83,180,464,459,0
2310548,892,893,350,256,-377,399,-1673,531,-585,-22,-37,462,451,0
2313869,893,894,650,331,-2072,981,-1396,497,-715,98,-136,462,463,0
2317192,895,895,575,537,-5658,1378,-756,471,-120,-281,-24,450,452,0
2320551,896,897,31,218,-7292,619,-165,454,399,-103,209,479,453,0
2323871,898,898,387,612,-5794,456,136,434,230,-117,210,460,448,0
2327195,899,900,818,687,-3615,102,909,434,333,7,264,437,428,0
2330580,900,901,1531,1212,-2366,154,609,417,-92,-10,19,440,441,0
2333870,902,903,1662,800,-1046,408,822,383,62,157,318,417,447,0
2337199,903,904,1343,125,2150,1167,1523,358,-123,226,309,434,483,0
2340557,905,906,1100,500,2911,2108,1326,323,197,-26,-3,447,463,0
2343891,906,907,818,518,3708,3174,1275,305,-292,-13,61,462,462,0
2347202,908,909,837,668,3795,4461,1439,288,-663,104,310,477,454,0
2350560,909,910,537,1475,1197,3644,1495,280,-624,-206,448,477,411,0
2353895,911,911,0,2206,-1778,1378,1459,287,-628,-332,422,511,388,0
2357205,912,912,125,1381,-6545,-1877,1729,307,-336,-94,409,484,417,0
2360561,914,914,612,1456,-7564,-3425,1431,327,454,34,202,458,413,0
2363895,915,915,1006,1212,-4773,-4147,1253,341,49,184,273,437,426,0
2367208,916,917,743,762,-3776,-2908,1536,359,-525,299,-220,451,450,0
2370561,918,918,650,762,-6989,-1425,870,355,176,-179,-302,456,450,0
2373895,919,919,406,556,-6692,-1428,824,345,758,-82,252,469,461,0
2377211,921,921,593,293,-1775,-1795,934,339,489,-52,773,443,459,0
2380561,922,922,1456,668,1998,-879,1333,364,584,54,447,428,470,0
2383895,923,924,1943,293,5736,393,1258,397,-200,-162,160,402,474,0
2387215,925,925,2000,556,8249,-5,1874,464,668,-111,69,399,476,0
2390561,926,927,1418,256,9203,-588,1380,501,-199,-56,273,430,476,0
2393896,927,929,1512,612,9015,-507,574,517,-249,81,401,441,457,0
2397218,929,930,1268,1025,8424,-816,48,510,-234,61,261,438,435,0
2400562,930,931,837,1193,6802,-430,-556,503,-588,173,-112,477,442,0
2403896,932,933,706,968,3896,377,-416,512,-611,287,103,468,438,0
2407221,933,934,350,481,1181,516,-388,530,74,-26,346,462,439,0
2410562,935,936,406,725,430,935,-288,574,-174,-134,108,459,426,0
2413897,936,937,537,256,-1509,1708,-391,625,-708,-123,-209,452,451,0
2417224,938,938,200,631,-7027,2016,495,693,-334,103,-151,470,431,0
2420562,939,940,481,0,-8843,1662,873,763,492,20,354,455,466,0
2423897,940,941,237,537,-6973,1258,1072,821,-194,-230,-5,468,436,0
2427227,942,943,237,556,-5536,848,1735,880,-137,58,141,452,419,0
2430583,943,944,1287,1137,-4248,942,1851,934,414,-242,108,437,429,0
2433918,945,945,875,687,-2122,456,2005,968,740,-159,325,443,453,0
2437231,946,947,1381,668,1304,238,2735,1034,-16,108,43,432,454,0
2440587,947,948,1006,481,2010,1100,3039,1103,45,286,197,452,464,0
2443921,949,950,1062,443,3160,1819,2850,1145,189,105,474,449,466,0
2447234,950,951,500,762,4373,2646,2833,1192,-404,-20,151,479,449,0
2450587,952,953,518,1625,3096,2187,2875,1242,-872,-128,193,478,403,0
2453921,953,954,462,1906,143,1056,2655,1280,-378,-71,551,481,388,0
2457237,955,955,200,1381,-4104,-1539,2742,1319,-207,-65,653,464,401,0
2460587,956,956,893,1793,-6096,-3079,2136,1340,139,63,416,443,395,0
2463922,958,958,762,931,-4391,-3344,1561,1335,42,266,88,434,425,0
2467241,959,959,237,743,-2373,-2298,1351,1332,-305,292,-323,462,435,0
2470588,960,960,631,612,-4702,-1253,723,1316,29,-39,-76,457,458,0
2473922,962,962,256,68,-4991,-709,482,1283,375,-225,158,461,471,0
2477243,964,963,537,706,-1437,-409,-83,1253,546,54,491,462,453,0
2480588,965,965,1118,293,1898,248,421,1241,698,116,576,430,474,0
2483922,966,966,1493,743,5282,1152,818,1237,162,-42,78,426,466,0
2487247,968,968,1587,443,8115,1239,765,1219,282,-89,-47,421,466,0
2490588,969,969,1418,837,8473,661,567,1198,41,-87,394,430,461,0
2493923,970,971,1193,743,8022,480,112,1143,-302,-125,293,442,450,0
2497250,972,972,500,856,6472,-154,-512,1083,-750,248,4,463,444,0
2500588,973,974,1081,1175,4424,-126,-1041,1033,-206,42,227,448,427,0
2503951,975,975,0,781,1464,68,-1044,999,-282,-92,317,482,439,0
2507253,976,976,537,1325,-1771,256,-1154,980,-558,-91,43,452,410,0
2510610,977,978,312,387,-4314,118,-925,964,-88,122,-69,464,444,0
2513946,979,979,481,275,-5798,-104,-649,956,-330,16,128,439,450,0
2517256,980,981,387,368,-7584,243,-335,955,-538,30,-272,460,445,0
2520613,982,982,143,275,-10255,377,-238,959,20,-75,207,457,450,0
2523947,983,983,293,800,-8835,354,278,953,525,-261,378,449,422,0
2527259,984,985,762,743,-5768,-353,1339,967,273,57,323,440,425,0
2530614,986,986,1250,837,-4552,-150,1456,979,84,-3,-86,423,445,0
2533948,987,988,1681,725,-2230,-141,1387,968,774,-261,330,416,451,0
2537263,988,989,1793,143,3242,-253,2391,985,-82,-118,289,410,482,0
2540614,990,991,1287,443,4431,114,3190,1022,-289,138,83,437,466,0
2543947,991,992,1362,556,5806,201,2994,1030,-184,282,294,433,460,0
2547266,993,994,481,518,7685,1543,2453,1012,19,-5,245,464,462,0
2550614,994,995,950,1006,7008,2458,3030,1018,-594,-154,222,455,436,0
2553975,996,996,0,1531,4469,2477,2963,1022,-1061,42,343,499,409,0
2557269,997,997,143,2000,-2071,436,2504,1010,-615,49,590,483,384,0
2560614,999,999,387,1531,-6057,-1111,2328,1000,90,164,645,454,393,0
2563948,1000,1000,1062,1625,-6686,-1774,1554,963,102,180,253,434,404,0
2567272,1001,1001,931,1475,-4126,-1515,1191,933,-332,293,289,441,412,0
2570615,1003,1003,537,912,-5107,-737,1230,923,-594,36,-275,462,442,0
2573948,1004,1004,593,537,-8143,-109,860,907,206,-137,-80,459,462,0
2577276,1006,1005,0,875,-5862,144,347,896,502,-55,241,480,444,0
2580614,1007,1007,1400,612,-3123,574,169,886,597,-14,614,431,473,0
2583948,1008,1008,1437,631,846,1194,595,907,466,-129,397,429,472,0
2587279,1010,1010,1587,143,5600,1073,853,921,53,-366,75,405,482,0
2590636,1011,1012,1831,256,6890,302,499,911,381,-245,443,408,476,0
2593972,1012,1013,1943,331,7784,-302,-409,874,89,-32,353,418,488,0
2597282,1014,1015,1306,368,8560,-1237,-793,831,-330,347,-60,436,470,0
2600639,1015,1016,1400,1006,7670,-1616,-1300,787,-87,98,161,447,452,0
2603973,1016,1017,443,706,5471,-1258,-1788,747,124,-256,106,473,443,0
2607285,1018,1019,218,462,3775,-831,-1150,744,-323,303,91,469,440,0
2610640,1019,1020,425,818,2903,-384,-1054,744,-445,33,-54,474,437,0
2613976,1021,1022,687,800,1899,-106,-438,766,-198,-288,-52,444,422,0
2617288,1022,1023,331,312,-1762,-360,-54,793,-744,5,-185,463,448,0
2620640,1024,1025,350,387,-5533,-254,248,821,-95,194,231,462,444,0
2623982,1025,1026,425,500,-6298,-311,133,836,407,-107,291,458,438,0
2627291,1027,1027,50,800,-5255,-639,567,861,483,-30,346,462,422,0
2630640,1028,1029,1062,837,-3670,-276,659,873,-343,17,91,449,445,0
2633982,1029,1030,893,481,-3312,731,748,855,98,58,151,458,464,0
2637295,1031,1032,725,518,-1664,1449,766,833,463,24,308,451,462,0
2640641,1032,1033,1193,481,-470,1846,738,813,-283,146,64,442,464,0
2643982,1034,1035,1231,556,-1182,3126,548,755,-34,402,324,440,460,0
2647298,1035,1036,781,743,-34,4402,435,669,266,152,492,464,450,0
2650641,1037,1037,743,1100,1155,4838,383,587,-50,-208,476,466,447,0
2653982,1038,1039,350,1343,592,3931,788,535,-813,-67,330,472,403,0
2657302,1040,1040,125,1756,-3012,2065,1003,472,-681,-167,382,484,381,0
2660641,1041,1041,631,2000,-6094,-609,1251,419,-96,-127,680,457,384,0
2663983,1042,1042,406,1756,-7279,-3188,1493,387,379,132,536,469,397,0
2667304,1044,1044,293,1306,-4269,-3087,1921,374,121,274,-88,459,421,0
2670662,1045,1045,368,593,-3178,-1561,2186,394,-40,61,8,471,459,0
2673982,1047,1047,593,68,-3758,-899,2280,428,648,-394,338,443,471,0
2677307,1048,1048,2281,1306,686,-976,2839,478,495,-162,554,432,484,0
2680665,1050,1050,1756,987,4862,-18,3301,555,187,-31,-87,444,485,0
2683983,1051,1051,1943,1081,6626,1610,2962,636,386,-208,168,450,496,0
2687311,1052,1053,2131,518,9005,788,2962,724,309,-113,266,440,510,0
2690666,1054,1055,1756,875,10960,-390,2900,796,-306,88,234,460,491,0
2693983,1055,1056,1437,987,10519,-895,896,797,-359,101,273,477,485,0
2697314,1057,1058,1175,837,7483,-1346,20,782,-176,0,176,475,477,0
2700666,1058,1059,1175,1793,3707,-1784,-755,771,-412,36,150,491,442,0
2703984,1060,1061,462,1193,-1052,-1649,-1856,738,-672,101,91,488,433,0
2707318,1061,1062,575,1006,-3642,-1287,-2054,714,-354,-5,-14,482,443,0
2710667,1063,1063,612,800,-5699,-817,-1559,722,196,-6,75,480,470,0
2714009,1065,1065,0,87,-7192,-683,-460,743,-749,-363,-81,500,492,0
2717320,1066,1067,237,518,-9753,-1558,-491,761,-290,65,-105,484,469,0
2720666,1068,1068,462,518,-10784,-1435,-821,749,584,126,184,472,469,0
2724009,1069,1070,743,443,-7798,-1040,235,758,524,-115,360,457,457,0
2727323,1071,1071,1512,1400,-5722,-1268,1165,786,-190,5,344,457,447,0
2730667,1072,1073,1475,668,-4344,-807,1613,833,494,-9,177,443,470,0
2734009,1073,1074,1812,312,888,-398,2190,883,-58,104,196,441,505,0
2737327,1075,1076,1831,312,2983,156,1694,916,340,-160,226,424,489,0
2740667,1076,1077,1681,968,3590,850,1684,945,445,125,259,448,470,0
2744011,1078,1079,987,556,6410,2038,2041,985,-159,527,315,469,476,0
2747331,1079,1080,837,575,7203,2861,2131,1028,-464,182,7,477,475,0
2750667,1080,1082,2506,1081,7536,3529,2041,1075,241,-794,316,404,448,0
2754010,1082,1083,2843,987,8387,2301,2794,1149,497,-1760,674,355,438,0
2757333,1083,1084,2825,1756,7359,-206,3558,1248,-27,-1348,746,388,413,0
2760689,1083,1085,0,2150,4068,-1186,4197,1355,227,-1240,551,838,392,0
2764023,1084,1087,3800,2150,-305,-910,4641,1468,201,-803,483,282,376,0
2767336,1085,1088,3800,2468,-1907,482,5441,1599,-47,-303,183,259,375,0
2770704,1085,1089,3800,2393,-2935,1865,6078,1742,-160,145,133,307,379,0
2774011,1086,1090,0,1512,-3594,3167,7770,1925,292,-137,54,861,442,0
2777340,1088,1091,893,1962,-2251,2901,7821,2101,-146,266,-157,554,433,0
2780693,1089,1093,2300,1681,-1502,2904,6978,2248,158,-46,17,479,448,0
2784011,1091,1094,687,1006,372,3276,5562,2333,25,-397,-176,549,484,0
2787343,1092,1096,1118,1118,11,1024,4431,2369,363,-288,112,526,478,0
2790693,1094,1097,987,1137,554,-1237,4040,2402,-291,230,-20,533,477,0
2794035,1096,1099,912,556,1658,-1585,2568,2390,-662,215,34,521,492,0
2797346,1098,1100,500,1625,1956,-1008,2149,2366,-119,302,-83,543,451,0
2800720,1099,1102,950,1175,2340,-726,594,2357,-132,157,16,510,450,0
2804038,1101,1103,1100,1550,748,-2341,1160,2393,52,97,347,486,430,0
2807349,1102,1105,1437,1343,-615,-3546,1745,2471,-491,139,333,468,441,0
2810693,1104,1106,1100,2093,-3058,-3420,1878,2587,-150,239,203,470,385,0
2814039,1105,1107,1156,2543,-5300,-2761,1190,2689,-89,246,225,483,377,0
2817353,1107,1108,1268,2468,-5418,-2547,47,2739,292,200,160,461,381,0
2820694,1108,1109,668,2506,-3819,-1794,-1469,2707,78,-99,99,493,379,0
2824039,1110,1110,875,3050,-621,-1001,-1846,2665,68,-216,293,482,366,0
2827356,1112,1111,1175,1943,2497,-1256,-1258,2651,-466,-226,564,491,450,0
2830694,1113,1112,1231,1437,2616,-1998,-571,2626,-716,-44,411,488,493,0
2834039,1115,1113,668,3237,-540,-2649,365,2601,303,41,654,502,397,0
2837359,1116,1115,781,1737,21,-2978,1143,2587,35,504,418,496,461,0
2840716,1118,1116,1568,1362,2179,-2633,1275,2558,-580,403,229,454,497,0
2844039,1119,1118,1512,631,2688,-2349,1102,2540,304,215,624,457,520,0
2847362,1121,1120,2206,1043,2632,-2696,724,2510,-186,198,618,436,514,0
2850745,1122,1121,2150,1137,1210,-3151,-106,2442,-906,510,486,424,494,0
2854040,1123,1123,2150,1100,-1209,-3524,-310,2366,-390,655,535,424,480,0
2857366,1125,1124,1812,1475,-1278,-3177,382,2314,-473,321,487,442,460,0
2860717,1126,1126,1887,1906,-3286,-3242,-27,2226,-93,477,132,438,437,0
2864040,1127,1127,1737,1737,-4340,-2553,-1006,2084,-563,699,-36,446,446,0
2867368,1129,1128,1531,2018,-6649,-1945,-1386,1909,-297,180,168,441,431,0
2870718,1130,1130,1212,1868,-8880,-1724,-1693,1711,265,133,-112,474,439,0
2874040,1132,1131,931,1531,-10005,-1617,-1452,1496,-407,424,-137,473,457,0
2877371,1133,1133,1062,1718,-11427,-1789,-1426,1261,-175,390,128,481,462,0
2880718,1135,1134,968,1400,-11797,-2014,-936,989,556,-218,158,486,479,0
2884040,1136,1136,1362,818,-9633,-834,144,749,584,4,-257,465,494,0
2887375,1138,1137,1793,893,-7740,462,69,533,892,-33,-208,442,506,0
2890718,1139,1139,1831,781,-4359,127,403,372,677,351,492,456,512,0
2894043,1141,1141,1550,443,1275,154,1047,266,-154,553,607,455,514,0
2897378,1142,1142,1737,818,1815,2109,171,145,60,296,195,445,494,0
2900718,1144,1144,1437,500,2763,3497,-146,61,105,191,67,436,486,0
2904047,1145,1145,1250,931,4031,3608,-1081,-39,355,-207,128,446,463,0
2907381,1146,1147,1418,106,3476,2894,-1762,-113,-403,237,159,437,491,0
2910719,1148,1149,1137,162,1756,3295,-1193,-186,-337,203,-8,452,488,0
2914050,1149,1150,1268,0,-289,2929,-1385,-284,284,-151,149,445,515,0
2917385,1151,1152,668,0,-251,1606,-852,-370,-47,-8,20,461,489,0
2920743,1152,1153,1137,406,-1019,1570,-1551,-455,-1055,-138,-421,452,475,0
2924053,1154,1155,237,875,-6719,1244,-1824,-514,-145,92,-137,484,434,0
2927388,1155,1156,1137,968,-9115,1043,-2239,-538,362,-355,-22,461,454,0
2930746,1157,1158,462,631,-8812,259,-2067,-545,504,-351,-123,497,472,0
2934056,1158,1159,668,293,-7168,-1019,-1987,-567,-459,-251,-159,486,490,0
2937391,1160,1161,1081,256,-8135,-2191,-1944,-610,-357,-17,42,480,492,0
2940747,1161,1163,1662,500,-9392,-2654,-1874,-680,-225,144,260,449,479,0
2944060,1162,1164,1493,500,-10452,-2734,-1351,-758,232,-260,233,458,479,0
2947394,1164,1166,1418,818,-10107,-2728,-377,-810,276,-378,-74,446,462,0
2950752,1165,1167,2150,762,-9617,-2689,299,-835,774,-172,269,408,450,0
2954063,1166,1169,2506,87,-5492,-1875,1581,-808,681,-601,581,389,470,0
2957398,1168,1170,2581,87,-2507,-2161,2630,-723,776,-545,291,385,470,0
2960752,1169,1171,2487,350,479,-2735,3249,-612,928,-741,431,390,472,0
2964066,1170,1173,2356,0,3462,-2962,3606,-511,534,-525,455,397,480,0
2967400,1171,1175,2562,781,6171,-2867,3723,-394,764,-251,423,402,449,0
2970752,1172,1176,2150,143,10215,-3128,4134,-233,701,-398,314,424,467,0
2974074,1174,1177,1737,987,14656,-3340,4387,-53,256,-51,-129,461,453,0
2977403,1176,1179,1137,612,16135,-2715,4686,146,-68,504,-242,493,457,0
2980753,1177,1180,1081,668,15948,-1412,3763,309,377,165,85,496,470,0
2984072,1179,1182,893,425,15711,-361,2396,428,239,-63,43,490,467,0
2987407,1180,1183,1587,575,16676,-763,2269,528,-224,170,-201,453,459,0
2990753,1182,1185,1831,706,16315,-937,1987,586,42,434,-195,440,452,0
2994076,1183,1186,1812,706,16774,-363,817,609,101,348,11,441,452,0
2997410,1184,1188,2243,443,18028,-329,382,609,-63,60,-340,434,466,0
3000753,1186,1189,1868,368,16600,-969,195,582,-950,-3,-151,413,445,0
