Time, Rlegs, Llegs, DCL, DCR, GyroX, GyroY, GyroZ, GyroZAvg, AccelX, AccelY, AccelZ, LBEMF, RBEMF, SteerOut
2469,783,830,0,0,-249,169,-118,-116,-21,1,224,79,81,0
5809,783,830,0,0,-247,172,-114,-116,-20,4,229,78,80,0
9138,783,830,0,0,-250,171,-115,-116,-24,2,224,80,80,0
12472,783,830,0,0,-249,173,-116,-116,-22,5,227,79,81,0
15810,783,830,0,0,-248,174,-116,-116,-21,2,231,79,81,0
19141,783,830,0,0,-248,177,-117,-116,-18,1,230,80,80,0
22475,783,830,0,0,-250,178,-115,-116,-24,0,232,79,81,0
25831,783,830,0,0,-250,177,-117,-116,-19,2,222,80,81,0
29145,783,830,0,0,-249,175,-118,-116,-23,3,226,80,80,0
32501,783,830,0,0,-249,173,-118,-116,-24,0,227,79,80,0
35831,783,830,0,0,-250,172,-118,-116,-23,3,229,80,80,0
39148,783,830,0,0,-248,173,-116,-116,-21,2,227,80,81,0
42504,783,830,0,0,-249,171,-118,-116,-21,3,228,79,81,0
45835,783,830,0,0,-250,169,-117,-116,-18,1,226,80,81,0
49151,783,830,0,0,-247,173,-115,-116,-24,2,225,79,81,0
52506,783,830,0,0,-248,175,-116,-116,-21,2,227,80,81,0
55835,783,830,0,0,-249,171,-113,-116,-26,1,225,80,81,0
59154,783,830,0,0,-248,173,-116,-116,-22,1,226,80,81,0
62509,783,830,0,0,-248,175,-115,-116,-23,4,224,79,81,0
65835,783,830,0,0,-250,176,-117,-116,-20,2,226,80,81,0
69158,783,830,0,0,-247,171,-119,-116,-21,1,230,80,81,0
72512,783,830,0,0,-251,174,-117,-116,-20,1,225,80,81,0
75836,783,830,0,0,-246,177,-116,-116,-21,2,229,79,81,0
79160,783,830,0,0,-249,172,-119,-116,-21,1,223,80,80,0
82516,783,830,0,0,-249,169,-115,-116,-18,1,230,80,80,0
85836,783,830,0,0,-249,172,-117,-116,-18,2,227,80,81,0
89163,783,830,0,0,-250,174,-115,-116,-20,3,225,79,80,0
92518,783,830,0,0,-248,173,-115,-116,-19,1,228,79,81,0
95836,783,830,0,0,-247,175,-115,-116,-22,2,225,80,81,0
99167,783,830,0,0,-251,174,-115,-116,-24,3,224,80,80,0
102518,0,0,650,631,-249,173,-117,-116,-21,3,227,80,81,0
105836,0,0,668,631,-246,173,-118,-116,-24,2,229,79,81,0
109170,0,0,650,631,-247,174,-118,-116,-21,0,228,80,81,0
112523,0,0,650,631,-248,170,-116,-116,-21,1,229,80,81,0
115858,0,0,650,631,-252,173,-118,-116,-22,1,227,80,81,0
119174,0,0,650,631,-248,174,-116,-116,-25,5,230,80,81,0
122526,0,0,668,650,-251,172,-116,-116,-21,1,228,79,80,0
125861,0,0,650,631,-249,173,-116,-116,-19,1,223,80,81,0
129176,0,0,650,631,-247,173,-117,-116,-20,3,220,80,81,0
132527,0,0,668,650,-248,173,-117,-116,-20,4,232,79,80,0
135861,0,0,650,650,-246,174,-117,-116,-18,2,221,80,80,0
139179,0,0,650,631,-249,172,-116,-116,-23,1,226,80,81,0
142527,0,0,668,650,-248,172,-118,-116,-20,1,223,79,80,0
145862,0,0,650,631,-246,171,-118,-116,-20,4,229,80,81,0
149184,0,0,650,631,-247,171,-119,-116,-19,0,226,80,81,0
152527,0,0,668,631,-247,171,-116,-116,-23,0,228,79,81,0
155862,0,0,650,650,-248,171,-117,-116,-22,3,228,80,80,0
159186,0,0,668,650,-248,174,-114,-116,-23,2,229,79,80,0
162528,0,0,650,631,-246,173,-115,-116,-20,0,228,80,81,0
165862,0,0,650,631,-247,174,-116,-116,-19,2,228,80,81,0
169189,0,0,650,650,-249,178,-116,-116,-19,-2,225,80,80,0
172528,0,0,650,631,-250,175,-117,-116,-15,-1,226,80,81,0
175862,0,0,650,631,-248,177,-119,-116,-25,2,232,80,81,0
179192,0,0,650,631,-250,174,-117,-116,-20,-1,231,80,81,0
182528,0,0,650,631,-250,173,-117,-116,-17,1,227,80,81,0
185863,0,0,650,631,-250,173,-117,-116,-20,1,227,80,81,0
189196,0,0,650,650,-249,171,-118,-116,-23,0,228,80,80,0
192549,0,0,650,631,-252,171,-119,-116,-22,1,227,80,81,0
195884,0,0,650,650,-249,170,-115,-116,-19,1,228,80,80,0
199199,0,0,650,650,-249,172,-117,-116,-23,1,228,80,80,0
202753,0,0,668,650,-249,170,-117,-116,-23,2,229,79,80,0
205891,0,0,0,0,-247,168,-115,-116,-27,-115,237,174,172,0
209202,0,0,162,331,-460,-13,-101,-116,-115,36,235,177,168,0
212556,1,1,50,312,-703,130,-183,-118,24,22,217,183,169,0
215891,1,1,500,443,-366,269,-8,-114,-17,15,232,175,178,0
219206,1,2,856,387,-76,403,42,-110,-61,-2,243,172,181,0
222557,2,2,556,387,-203,419,16,-105,-59,51,244,188,197,0
225891,2,3,1006,406,-427,350,-119,-105,-10,7,277,180,196,0
229208,3,3,331,350,-403,199,-139,-106,-45,-4,254,200,199,0
232557,3,4,762,218,-232,80,-113,-106,-40,36,292,193,206,0
235891,4,4,462,237,-160,-196,-169,-108,-72,-43,323,209,221,0
239212,4,5,781,425,-144,-501,-267,-112,-76,37,286,208,211,0
242557,5,5,631,443,-168,-689,-412,-122,-41,71,273,216,226,0
245891,5,6,725,275,-463,-856,-621,-137,-119,48,296,209,217,0
249215,6,6,331,237,-861,-968,-824,-159,0,116,294,214,219,0
252557,6,7,968,575,-959,-1053,-1010,-187,4,114,249,196,201,0
255891,7,7,650,818,-944,-1200,-1156,-220,-61,113,273,213,204,0
259218,7,8,1081,781,-1033,-1244,-1296,-257,-40,192,282,206,206,0
262557,8,9,1043,856,-1257,-1260,-1405,-297,-32,193,241,208,202,0
265891,9,9,687,818,-1419,-1216,-1349,-335,-117,144,184,211,204,0
269221,9,10,856,743,-1824,-1234,-1253,-371,-111,138,163,218,208,0
272578,10,10,481,856,-2434,-1357,-1253,-407,-39,107,171,238,218,0
275914,10,11,893,931,-2838,-1450,-1082,-437,-143,144,141,232,214,0
279224,11,11,443,743,-3204,-1421,-935,-462,-54,150,143,240,224,0
282582,12,12,518,781,-3407,-1425,-863,-486,-6,108,190,236,222,0
285915,12,13,781,893,-3581,-1384,-697,-504,-64,188,166,238,216,0
289229,13,13,650,1193,-3740,-1125,-473,-515,-97,196,117,263,234,0
292582,14,14,593,856,-3874,-976,-208,-518,-44,98,132,266,252,0
295916,15,15,481,687,-3894,-1053,-79,-516,-80,200,85,272,261,0
299231,15,15,818,950,-4244,-817,133,-509,109,195,125,270,263,0
302583,16,16,800,893,-3941,-613,389,-493,-31,218,123,271,266,0
305916,17,17,200,668,-3400,-366,661,-468,51,211,92,287,262,0
309234,18,18,237,612,-2988,70,1068,-431,113,28,135,285,265,0
312583,19,19,162,443,-2206,56,1383,-385,-44,66,67,289,274,0
315916,19,19,575,668,-1536,431,1798,-325,388,-16,169,283,278,0
319237,20,20,575,575,271,620,2272,-249,175,24,126,283,283,0
322583,21,21,593,537,1597,977,2738,-163,187,31,54,282,285,0
325917,22,22,481,575,2963,1542,3171,-65,237,-62,56,288,283,0
329240,23,23,350,256,4412,1696,3437,41,107,83,25,290,295,0
332583,24,24,462,256,5327,2386,3609,157,256,-41,115,284,295,0
335917,24,25,537,0,7398,2881,3781,280,31,144,30,280,298,0
339243,25,25,500,181,7850,3472,3734,400,194,-95,77,282,299,0
342584,26,26,556,106,8667,3753,3522,516,23,46,146,279,303,0
345917,27,27,837,331,8473,3557,3039,619,-318,-159,186,264,291,0
349247,28,28,1287,762,6709,2771,2178,700,-277,-145,373,256,268,0
352604,28,29,1456,1325,4876,1774,1496,766,-577,-211,609,247,238,0
355917,29,29,1175,1268,1300,-235,74,794,-430,-333,730,246,241,0
359250,30,30,1418,1418,-1333,-2397,-1079,792,-287,-206,780,233,233,0
362609,30,31,1456,1531,-2972,-4077,-2330,755,-127,-62,615,247,227,0
365941,31,31,1137,1737,-3832,-5027,-3741,679,26,37,529,264,232,0
369253,32,32,1231,1550,-3209,-4858,-4276,589,-15,261,470,264,247,0
372609,33,33,1025,912,-2626,-4015,-4664,485,35,228,369,275,281,0
375944,34,34,762,743,-2126,-2528,-4312,390,67,173,412,289,290,0
379257,34,35,575,312,-1715,-1589,-4118,300,-6,349,282,299,297,0
382609,35,35,406,556,-2037,-377,-3911,212,37,124,279,308,300,0
385949,36,36,368,593,-2285,697,-3712,125,-27,276,121,310,298,0
389260,37,37,312,425,-2512,1289,-3500,43,234,5,73,313,307,0
392609,38,38,518,237,-2064,1619,-3422,-41,-135,75,-9,302,317,0
395951,39,39,406,0,-2039,1620,-3407,-133,-35,-17,-39,308,331,0
399263,40,40,181,125,-2585,1384,-3372,-232,-205,64,-52,320,323,0
402609,41,41,218,162,-3109,1174,-3182,-329,23,-89,-130,318,321,0
405951,42,42,0,12,-3199,1105,-2870,-423,-9,98,-7,326,313,0
409266,43,43,31,293,-2851,1305,-2620,-517,-23,131,-172,312,298,0
412610,44,44,0,50,-2843,2151,-2587,-618,2,55,19,313,293,0
415951,45,45,0,200,-2850,2266,-2356,-725,1,-41,-19,298,285,0
419269,46,46,762,200,-3402,2154,-2172,-836,165,-106,56,271,285,0
422610,46,47,650,200,-2581,1765,-1920,-953,92,10,-12,277,285,0
425951,47,47,387,0,-1841,1297,-1875,-1082,312,-167,55,275,298,0
429272,48,48,368,162,-311,647,-1890,-1227,59,88,144,276,287,0
432631,49,49,518,125,447,317,-1953,-1387,193,69,66,268,289,0
435952,50,50,556,181,1766,955,-1732,-1549,222,51,154,266,286,0
439276,50,51,612,0,3099,1550,-1645,-1713,54,158,139,263,280,0
442634,51,52,518,106,3521,1908,-1714,-1884,142,-24,146,268,274,0
445952,52,53,481,518,4372,1600,-1753,-2056,68,52,224,270,252,0
449279,53,53,537,650,4735,1462,-1840,-2223,-61,59,160,267,261,0
452635,53,54,1175,1287,4365,1694,-1502,-2365,-456,-63,417,267,245,0
455952,54,55,556,1456,1036,1041,-907,-2462,-606,-45,534,300,236,0
459283,55,55,275,1325,-2757,-507,-752,-2532,-235,-98,580,299,243,0
462635,56,56,181,1343,-5015,-2122,-272,-2543,-45,32,645,304,242,0
465953,57,57,200,1231,-5316,-2912,-47,-2511,56,250,658,303,248,0
469286,58,57,200,1250,-4463,-2285,194,-2432,143,238,589,303,263,0
472636,59,58,12,987,-2554,-1772,603,-2296,-349,260,290,313,277,0
475977,60,59,0,856,-3792,-697,689,-2141,-193,171,22,323,284,0
479288,61,60,0,818,-5452,130,708,-1973,-111,73,-147,315,286,0
482636,62,61,0,593,-5947,820,938,-1809,303,10,312,323,298,0
485979,63,62,0,87,-3759,1936,1216,-1642,187,-70,279,303,309,0
489291,63,63,312,68,-2009,2608,1945,-1459,480,-22,307,297,310,0
492636,64,64,368,12,174,3136,2206,-1274,437,-129,74,294,313,0
495978,65,65,387,0,2997,3071,2189,-1096,229,-136,148,288,311,0
499296,66,66,293,0,4290,3041,1945,-929,360,-155,230,293,320,0
502636,67,67,518,31,6244,2186,1664,-770,132,-138,185,281,307,0
505978,68,68,725,0,6891,1411,1246,-626,73,-279,180,270,315,0
509299,69,69,593,106,6912,367,772,-502,-61,-54,185,277,303,0
512637,69,69,593,218,6079,-384,97,-410,140,-253,208,277,297,0
515979,70,70,537,481,6090,-1352,-469,-342,-96,-159,289,280,283,0
519301,71,71,518,818,5029,-1644,-1213,-300,-268,-93,232,281,265,0
522658,72,72,537,762,2977,-1999,-2144,-293,-300,-266,328,280,268,0
525979,73,73,518,875,965,-3398,-2380,-299,-41,40,218,281,262,0
529304,73,73,481,668,266,-3803,-2603,-321,14,-75,244,283,273,0
532692,74,74,818,1156,-139,-4008,-2880,-352,-227,96,245,286,268,0
535980,75,75,425,818,-1477,-3515,-3019,-387,-60,88,233,291,270,0
539308,76,76,368,593,-2328,-2600,-3144,-425,-82,118,292,294,282,0
542662,77,77,275,518,-2894,-1939,-3082,-467,-140,334,228,299,286,0
545980,78,77,368,743,-4344,-561,-2863,-505,100,100,274,294,290,0
549311,79,78,293,406,-3906,107,-2618,-533,10,249,178,298,308,0
552662,79,79,837,575,-3848,885,-2253,-549,43,122,186,285,299,0
555980,80,80,631,575,-3136,1376,-1944,-552,-46,100,99,296,299,0
559314,81,81,218,237,-2819,1691,-1835,-562,138,-112,78,302,301,0
562662,82,82,125,31,-2534,1755,-1607,-584,-46,-23,79,307,312,0
566004,83,83,31,50,-2203,1675,-1419,-605,97,-16,49,312,311,0
569317,84,84,500,31,-2099,1756,-1094,-631,100,-156,102,287,312,0
572662,85,85,387,293,-1260,1321,-650,-650,85,54,2,293,298,0
576009,86,86,31,125,-636,1699,-329,-666,146,5,33,294,289,0
579320,87,87,256,0,664,2284,-164,-690,111,-4,93,282,281,0
582663,87,88,612,0,1570,2980,333,-701,274,-163,166,263,283,0
586009,88,88,387,275,3531,2418,673,-702,92,-108,236,275,281,0
589324,89,89,425,181,4868,2026,877,-704,156,-77,101,273,286,0
592663,90,90,556,181,5663,2099,1094,-708,-138,-86,278,266,286,0
596009,90,91,518,87,5215,2360,1098,-734,-479,-160,358,268,275,0
599328,91,92,575,293,3113,2415,960,-773,-451,-196,435,265,264,0
602685,92,92,162,856,821,1553,970,-811,-537,-195,622,287,250,0
606009,93,93,125,1156,-2064,410,843,-846,-369,-196,628,289,234,0
609330,94,94,425,818,-3314,-384,516,-882,-57,-237,698,273,236,0
612686,94,94,556,1043,-3640,-1637,-88,-923,-224,-65,521,266,240,0
616009,95,95,631,931,-3653,-1842,-80,-950,-160,-90,440,262,246,0
619334,96,96,556,987,-3763,-1887,-105,-956,-279,-60,281,284,261,0
622686,97,97,275,612,-3840,-2321,-709,-964,-413,46,134,299,281,0
626010,98,97,368,893,-5539,-2104,-788,-951,51,-71,185,294,282,0
629336,99,98,518,781,-5146,-2209,-782,-908,-103,47,87,302,288,0
632686,99,99,443,725,-4648,-2194,-881,-861,109,30,182,306,291,0
636010,100,100,218,462,-3592,-2099,-864,-807,149,112,140,302,289,0
639339,101,101,143,237,-2705,-1931,-1039,-749,108,36,87,306,301,0
642687,102,102,106,162,-1876,-1749,-861,-682,-104,-12,-11,308,305,0
646011,103,103,87,181,-1505,-1969,-921,-612,-84,54,-9,309,304,0
649343,104,104,31,218,-2079,-1801,-973,-546,90,30,27,312,302,0
652687,105,105,0,237,-1696,-1935,-1138,-493,-44,58,-96,314,301,0
656011,106,106,350,143,-1511,-1546,-984,-442,153,-66,20,295,306,0
659346,107,107,162,368,-681,-1652,-995,-402,-63,83,-32,300,305,0
662687,108,107,0,293,-713,-1334,-969,-372,277,-82,96,310,309,0
666016,109,108,87,68,387,-1258,-1036,-347,39,104,83,288,305,0
669349,109,109,406,68,539,-551,-953,-326,223,18,139,287,305,0
672688,110,110,443,162,1757,339,-804,-307,185,176,173,285,300,0
676018,111,111,518,12,2853,1293,-628,-293,381,128,129,281,308,0
679352,112,112,575,275,4535,2198,-536,-289,189,162,174,278,294,0
682688,113,113,556,387,6204,3472,-361,-290,129,258,74,279,288,0
686021,114,114,593,200,7061,4419,-513,-301,105,63,209,261,282,0
689355,114,115,818,331,7648,4887,-516,-327,-118,13,202,265,275,0
692712,115,115,1175,968,6288,4816,-681,-370,-73,-116,296,246,257,0
696024,116,116,1100,912,4915,3737,-797,-422,-243,-115,492,250,260,0
699359,116,117,1587,1437,3294,2157,-888,-484,-172,-2,460,245,237,0
702715,117,117,1643,1868,789,18,-792,-543,-337,-214,547,242,230,0
706027,118,118,1493,1775,-1494,-1783,-1014,-605,-237,-122,588,250,235,0
709362,119,119,1606,1175,-3539,-3490,-982,-666,-110,75,478,244,251,0
712720,119,120,1175,706,-4669,-4791,-591,-711,137,118,347,267,276,0
716031,120,121,968,800,-4101,-4907,-275,-735,91,262,349,278,287,0
719366,121,121,818,556,-3390,-4050,-20,-733,164,329,258,286,300,0
722721,122,122,481,631,-2263,-2482,469,-716,125,330,323,304,296,0
726034,123,123,293,406,-1661,-1167,594,-694,81,130,196,314,308,0
729368,124,124,537,275,-1666,-171,696,-650,-13,22,254,301,315,0
732721,125,125,368,50,-1632,184,1221,-587,-17,86,47,310,327,0
736037,126,126,143,0,-2020,209,1444,-518,-169,-27,108,306,316,0
739371,127,127,350,68,-2622,-6,1699,-437,114,-5,-103,311,310,0
742722,127,128,31,0,-2194,-187,1667,-358,383,-86,-102,310,301,0
746040,128,129,200,106,-422,260,1670,-274,6,184,-47,301,290,0
749375,129,130,256,200,583,1239,1584,-197,19,-2,-13,298,285,0
752722,130,131,500,237,492,1636,2020,-105,-81,-43,56,285,283,0
756043,131,131,312,50,518,1735,2071,-10,75,-47,47,279,293,0
759378,132,132,350,50,1314,1864,2236,94,-83,-92,187,277,293,0
762722,133,133,331,87,1856,2057,2224,195,30,88,116,278,291,0
766047,133,134,650,293,2274,2287,2059,290,122,70,225,277,280,0
769381,134,135,350,68,3563,2840,1828,377,12,192,181,277,276,0
772723,135,136,462,106,4548,4205,1644,461,5,180,145,271,274,0
776050,136,137,237,0,4786,5284,1279,531,-338,64,297,283,281,0
779384,137,137,668,837,3720,5627,1093,590,-453,-37,243,260,251,0
782723,137,138,1175,1475,1060,4723,1071,643,-537,-266,435,267,235,0
786054,138,139,743,1437,-1542,3080,1172,697,-637,-187,575,290,237,0
789387,139,139,368,1231,-4572,965,1194,745,-373,-349,587,294,248,0
792723,140,140,425,1006,-5954,-1578,1133,797,95,-22,599,291,260,0
796056,141,141,143,931,-4985,-2688,908,841,92,99,389,306,264,0
799391,142,142,331,931,-3738,-2551,997,894,20,79,336,296,280,0
802748,143,143,125,218,-2906,-1873,613,938,-386,228,13,307,302,0
806059,143,143,331,593,-4293,-1183,-1,965,78,112,136,312,298,0
809394,145,144,387,518,-4017,-633,-291,981,24,65,124,309,302,0
812749,145,145,256,593,-2860,-70,-385,1001,-18,-44,82,316,298,0
816063,146,146,68,125,-2549,-318,-714,1009,-93,-51,30,310,307,0
819397,147,147,12,106,-2624,-573,-589,1009,195,-102,62,313,308,0
822749,148,148,350,218,-1351,-729,-261,1010,242,-68,79,295,302,0
826067,149,149,162,106,435,-580,66,1012,52,22,116,300,303,0
829400,150,150,125,50,1112,66,285,1007,24,-15,20,302,306,0
832749,151,151,106,125,1614,722,563,1006,-8,136,-115,303,302,0
836069,152,152,143,181,1659,1581,445,998,170,-141,164,301,299,0
839404,153,153,237,0,2615,1672,459,974,156,-96,250,280,303,0
842749,153,154,856,0,3295,1293,622,948,342,-220,309,263,300,0
846072,154,155,668,0,5089,442,616,914,113,-2,298,273,304,0
849407,155,155,818,406,6330,16,691,884,72,-123,255,265,287,0
852750,156,156,912,706,6534,-240,453,846,-167,-88,483,260,271,0
856075,157,157,931,1156,5225,-498,51,798,-323,-41,466,259,247,0
859410,157,158,668,1118,2733,-917,-639,715,-345,-220,561,273,249,0
862781,158,158,1118,1681,-466,-1838,-1546,602,-130,-146,582,270,240,0
866079,159,159,931,1381,-1630,-2038,-2103,466,-104,-49,447,264,240,0
869413,160,160,1287,1175,-2563,-1740,-2764,310,57,8,626,261,251,0
872750,160,160,1006,1156,-1966,-1428,-3243,145,16,200,469,276,268,0
876082,161,161,1081,800,-1756,-1022,-3312,-15,-97,68,317,272,287,0
879416,162,162,893,631,-1853,-678,-3097,-163,-49,149,241,282,296,0
882775,163,163,668,425,-2217,-399,-2705,-288,-45,122,114,294,307,0
886086,164,164,537,443,-2505,-321,-2299,-394,45,28,160,301,306,0
889419,165,165,200,50,-2457,-434,-2132,-494,54,54,-39,303,311,0
892778,166,166,87,68,-2625,-367,-1908,-590,110,-23,-11,309,310,0
896088,167,167,0,125,-2402,-486,-1905,-687,-95,105,-62,316,307,0
899423,168,168,387,0,-2931,-317,-1998,-785,-29,-39,46,309,317,0
902779,168,169,200,0,-3037,-538,-1709,-866,-190,100,-39,319,316,0
906092,169,170,106,0,-3847,-414,-1513,-945,71,-79,-21,306,307,0
909426,170,171,0,0,-3607,-495,-1342,-1006,18,144,-15,312,293,0
912784,171,172,0,12,-3181,100,-1277,-1046,133,4,82,297,279,0
916095,172,172,237,293,-2206,534,-1235,-1075,-47,4,180,283,280,0
919429,173,173,312,256,-1846,509,-891,-1091,132,-44,14,279,282,0
922787,174,174,350,200,-969,177,-449,-1083,70,-53,131,277,285,0
926098,175,175,331,0,138,-142,-436,-1078,199,15,51,262,285,0
929432,175,176,575,0,1100,-79,-352,-1081,122,8,209,265,283,0
932787,176,177,650,12,2494,253,-96,-1086,126,76,244,261,279,0
936101,177,177,256,218,3412,988,-10,-1095,137,112,151,282,284,0
939435,178,178,612,87,4493,2049,149,-1108,-50,168,316,263,275,0
942788,178,179,256,275,4721,3456,-76,-1124,-94,129,266,282,265,0
946104,179,180,406,650,4259,4185,-188,-1145,-226,57,318,274,245,0
949439,180,181,687,1287,3541,4382,97,-1161,-500,-62,479,277,245,0
952788,181,181,368,1568,617,3487,458,-1166,-632,-224,546,294,230,0
956108,182,182,406,1681,-3102,1795,557,-1170,-382,-250,679,292,224,0
959442,183,182,687,1737,-5633,-295,584,-1166,-121,-42,690,293,237,0
962788,183,183,706,1550,-6597,-2099,652,-1147,170,-8,636,292,247,0
966111,184,184,331,931,-5165,-2508,813,-1102,-9,292,385,296,264,0
969445,185,185,87,668,-4049,-2131,1016,-1022,-326,219,174,309,278,0
972789,186,185,50,762,-5183,-951,925,-927,-112,163,81,311,289,0
976114,187,186,143,725,-5345,-306,789,-816,-152,57,-9,306,291,0
979449,188,187,31,575,-5242,324,783,-690,362,-43,177,312,299,0
982789,189,188,275,275,-2556,453,967,-557,50,78,202,299,315,0
986117,190,189,200,462,-1595,819,1148,-424,163,-6,176,303,305,0
989451,191,190,50,331,-896,889,1263,-300,124,-105,-3,306,307,0
992810,191,191,650,237,816,901,1504,-181,267,-85,62,290,312,0
996120,192,192,237,0,2351,1030,1410,-70,63,119,-25,296,310,0
999456,193,193,162,0,3163,1319,1287,28,113,17,75,300,311,0
1002813,194,194,237,50,3835,1564,1204,126,84,-65,39,296,306,0
1006124,195,195,181,50,4705,1138,1093,222,-25,-24,48,299,306,0
1009458,196,196,312,143,4640,1047,931,305,86,-61,139,292,301,0
1012813,197,197,331,275,5515,433,704,374,88,29,108,291,294,0
1016127,197,198,668,0,5940,369,632,436,139,-83,105,273,300,0
1019461,198,199,593,293,6633,-106,617,495,-288,-64,192,277,293,0
1022814,199,199,575,687,5203,-435,100,537,-63,-115,182,278,272,0
1026130,200,200,593,875,4085,-767,-239,557,-312,-112,357,277,262,0
1029464,201,201,1587,1662,2355,-1442,-876,544,-217,-22,281,277,273,0
1032814,202,202,1025,837,61,-2253,-1124,522,-14,-212,363,307,317,0
1036133,203,203,912,1025,-478,-3266,-1222,495,-62,181,358,313,307,0
1039467,204,204,931,1043,-1186,-3301,-1343,456,22,149,411,312,306,0
1046136,205,205,931,893,-2904,-2543,-1362,362,-67,240,356,312,314,0
1049471,206,207,818,518,-3512,-2086,-1054,331,-116,435,269,318,334,0
1052815,207,208,631,87,-4323,-930,-704,315,126,130,255,328,341,0
1056140,209,209,593,143,-3789,-280,-501,297,90,272,183,330,338,0
1059474,209,210,687,143,-3419,488,-72,280,289,-9,174,325,338,0
1062815,211,211,218,125,-1930,912,152,267,-54,196,102,334,339,0
1066143,212,212,237,0,-1644,1217,556,266,-40,-169,175,333,339,0
1069477,213,213,387,0,-1073,1090,844,272,16,-54,-30,325,336,0
1072815,214,214,0,0,-533,1045,1166,284,168,-33,156,318,318,0
1076146,214,215,368,87,805,1429,1195,289,3,88,10,308,307,0
1079481,215,216,706,218,981,2207,1549,309,-18,-121,74,290,300,0
1082837,216,217,818,181,1338,2524,1612,334,77,-2,187,284,302,0
1086149,217,218,237,0,2194,2748,1688,363,64,-18,120,299,300,0
1089483,218,219,500,0,2903,3250,1706,386,-32,19,266,285,301,0
1092840,219,220,312,50,3376,4008,1528,398,-132,-134,173,295,293,0
1096153,220,221,312,350,3424,4241,1484,404,-400,-41,417,295,293,0
1099487,221,221,312,425,2362,4002,1387,401,-490,-320,342,295,273,0
1102841,221,222,425,968,-1017,2900,1365,399,-510,-369,556,289,244,0
1106156,222,223,443,1231,-3644,1152,1181,396,-508,-318,630,288,230,0
1109491,223,223,387,1381,-5795,-685,762,382,-17,-143,647,291,238,0
1112840,224,224,818,1456,-5716,-1333,326,358,27,-167,540,286,252,0
1116159,225,225,912,1043,-4723,-1689,354,340,-46,-73,420,281,274,0
1119493,226,226,631,781,-4111,-1225,923,347,80,-72,420,296,288,0
1122841,227,227,256,368,-3088,-1601,710,350,-296,-47,117,300,294,0
1126162,227,227,350,631,-3930,-2245,460,345,25,1,128,311,296,0
1129497,228,228,143,556,-3626,-2263,481,357,-53,-1,62,322,300,0
1132841,229,229,200,575,-3171,-2306,342,375,286,-21,138,319,299,0
1136165,230,230,331,350,-1980,-2085,387,414,150,56,148,312,311,0
1139499,231,231,218,350,-923,-1737,456,464,144,-81,12,318,311,0
1142841,232,232,256,181,-646,-1723,405,514,78,14,55,316,320,0
1146168,233,233,0,12,-293,-1454,271,565,90,-34,-38,317,313,0
1149503,234,234,181,0,-186,-1126,195,618,160,-59,28,304,317,0
1152841,235,235,181,106,743,-799,241,668,108,6,-6,304,308,0
1156171,236,236,12,31,1209,-173,520,717,32,-19,88,308,307,0
1159529,237,237,50,50,2012,261,722,762,4,50,78,306,306,0
1162863,238,238,481,200,2035,878,766,801,143,-41,203,283,298,0
1166175,239,239,425,200,2978,1192,843,830,13,138,98,286,298,0
1169533,239,240,687,312,3391,2139,985,856,322,-42,167,288,292,0
1172866,240,241,443,143,4967,2450,1119,874,122,105,237,285,285,0
1176178,241,241,800,518,5652,2630,1070,881,154,-55,266,266,281,0
1179536,242,242,800,800,5871,2001,593,863,-183,-97,417,266,266,0
1182866,243,243,1137,1100,4973,997,197,832,-239,-47,433,248,250,0
1186181,243,244,1531,1025,3383,-283,-82,781,-213,-129,509,243,254,0
1189539,244,244,1175,1550,1145,-1995,-411,717,-209,16,505,262,242,0
1192897,245,245,1362,1775,-880,-2746,-1027,633,-190,52,485,257,235,0
1196184,245,246,1475,1043,-2784,-3292,-1301,539,-31,-23,480,251,258,0
1199542,246,246,1062,1062,-3574,-3590,-1315,450,-49,170,387,273,273,0
1202867,247,247,1006,893,-3901,-2955,-1372,361,120,175,358,276,282,0
1206187,248,248,893,650,-3629,-2055,-1084,283,163,395,434,282,295,0
1209545,249,249,706,537,-2791,-606,-737,218,168,264,232,292,301,0
1212867,250,250,650,631,-2512,472,-506,165,96,172,333,295,296,0
1216191,251,251,481,387,-2255,1122,-329,131,-4,154,80,304,309,0
1219549,252,252,537,293,-2754,1524,-166,115,110,1,51,301,314,0
1222867,252,253,387,0,-2595,1256,-39,103,-61,109,-70,309,321,0
1226194,253,254,368,0,-3008,1253,27,75,-22,-107,-52,310,321,0
1229550,254,255,218,0,-3075,1134,266,61,-45,-64,-111,318,315,0
1232867,255,256,481,237,-3128,1090,478,62,228,-28,-63,304,301,0
1236197,256,257,0,0,-1836,1480,727,70,17,131,33,312,297,0
1239554,257,258,350,237,-1166,2454,849,85,-14,-92,0,293,283,0
1242889,258,259,50,0,-972,2657,1290,114,84,-144,137,293,294,0
1246200,259,259,387,12,-362,2364,1667,151,230,-115,95,275,295,0
1249558,260,260,443,237,1866,1938,2124,205,149,-151,163,272,283,0
1252892,260,261,631,68,3026,1346,2232,266,111,-10,53,278,292,0
1256203,261,262,425,0,4117,1042,2289,332,202,-48,97,273,289,0
1259558,262,263,443,0,5937,1339,2417,400,168,102,135,272,286,0
1262892,263,264,143,0,7102,2071,2652,467,-85,118,83,288,283,0
1266207,264,264,443,462,7244,2586,2730,529,-359,-131,267,272,271,0
1269558,264,265,650,931,4967,1587,2831,594,-456,-216,282,277,246,0
1272892,265,266,500,1137,2794,-142,2671,651,-679,-189,399,269,219,0
1276210,266,266,237,1362,-654,-1569,2586,701,-493,-109,569,283,223,0
1279558,267,267,462,1268,-5032,-2658,1972,728,-273,-24,474,289,246,0
1282892,268,268,368,1100,-5977,-3227,1543,742,-29,62,569,294,255,0
1286213,269,268,237,987,-5653,-3294,1244,763,-68,379,582,301,277,0
1289559,269,269,687,818,-5379,-1988,259,765,-93,125,301,293,286,0
1292893,270,270,462,706,-5251,-1698,-352,756,-404,247,178,305,292,0
1296217,271,271,12,575,-5604,-848,-791,744,-220,119,122,313,283,0
1299559,272,272,500,912,-6167,27,-1028,744,71,51,171,303,281,0
1302893,273,273,12,368,-5057,571,-1272,745,73,114,143,313,294,0
1306219,274,274,31,256,-3923,1405,-1099,752,150,17,101,312,300,0
1309559,275,275,125,181,-2475,1786,-1394,751,-26,81,45,307,304,0
1312894,276,275,68,256,-2322,2357,-1320,744,317,-1,73,310,316,0
1316224,277,277,162,406,-1001,2365,-1371,724,109,33,-39,305,308,0
1319581,278,277,443,143,183,3056,-1087,706,219,-156,60,285,317,0
1322915,279,278,237,237,1410,2849,-1048,683,38,-63,72,296,312,0
1326226,279,279,293,0,1988,2636,-1054,656,343,-226,215,293,319,0
1329584,280,280,462,12,3933,1813,-974,627,210,-145,235,284,308,0
1332918,281,281,537,12,5105,1249,-762,602,225,-209,202,280,308,0
1336229,282,282,781,181,6324,692,-563,576,161,-160,291,267,299,0
1339585,283,283,762,125,7648,-282,-471,546,191,-107,197,268,302,0
1342918,284,284,687,350,8013,-962,-246,516,97,-297,285,272,290,0
1346232,284,285,593,406,7922,-1846,-338,479,-74,-54,251,277,271,0
1349584,285,285,781,987,6354,-2123,-750,415,-380,-230,266,267,256,0
1352919,286,286,462,856,4122,-2917,-796,338,-230,11,401,284,263,0
1356235,287,287,556,1100,1767,-3644,-868,245,-263,-77,326,279,250,0
1359585,288,288,762,1381,-991,-3536,-952,145,-292,137,511,273,240,0
1362919,288,288,912,1287,-3198,-2498,-1539,25,-117,214,488,281,261,0
1366239,289,289,987,1100,-4100,-1683,-1719,-103,72,286,451,277,271,0
1369585,290,290,1006,893,-3642,-544,-1318,-227,93,266,397,276,282,0
1372919,291,291,725,462,-3328,208,-1278,-352,14,172,193,275,289,0
1376242,292,292,593,293,-3410,609,-884,-468,47,97,264,282,298,0
1379585,293,293,481,275,-2977,699,-539,-569,-93,103,149,288,299,0
1386245,294,295,387,425,-2631,251,-154,-727,-64,80,69,309,307,0
1389586,295,295,593,237,-2609,182,-113,-779,5,-50,24,298,317,0
1392920,296,296,387,293,-2665,30,149,-813,-224,62,40,309,314,0
1396248,297,297,181,0,-3290,-16,257,-814,87,-51,-110,304,320,0
1399614,298,298,106,0,-3513,-13,370,-791,130,43,45,306,312,0
1402921,299,299,0,68,-2482,400,596,-748,169,66,-10,307,292,0
1406251,300,300,0,293,-1329,1191,701,-694,-69,-36,195,296,280,0
1409607,301,301,387,237,-259,1240,1048,-621,23,-49,0,275,283,0
1412943,301,302,743,237,56,894,1397,-543,166,-183,106,272,283,0
1416255,302,303,481,0,1656,462,1579,-450,-25,-80,124,270,289,0
1419611,303,303,312,143,2491,173,1603,-359,147,5,76,279,288,0
1422944,304,304,368,162,3368,263,1636,-265,196,31,255,276,287,0
1426258,305,305,650,143,4621,634,1663,-179,137,238,88,277,288,0
1429610,305,306,743,218,5861,1902,1568,-97,19,142,145,272,284,0
1432944,306,307,331,125,5983,2878,1391,-21,-369,94,287,278,273,0
1436262,307,308,425,575,4896,3308,1335,50,-507,-43,353,273,249,0
1439611,308,308,256,1400,2149,2788,1287,114,-610,-146,538,282,221,0
1442944,308,309,1175,1906,-999,1546,1134,167,-668,-185,569,267,212,0
1446265,309,309,837,1793,-4615,114,921,211,-321,-139,669,285,234,0
1449611,310,310,893,1587,-6631,-1560,437,232,-33,66,665,282,245,0
1452944,311,311,312,1006,-6153,-2232,247,251,29,196,533,297,260,0
1456267,312,312,237,818,-4900,-1946,204,280,-162,108,368,301,270,0
1459611,313,312,143,856,-4009,-1570,-161,300,-343,190,175,306,284,0
1462945,314,313,125,743,-5049,-810,-304,318,-69,148,149,307,290,0
1466271,315,314,125,818,-5171,20,-330,337,57,49,131,307,286,0
1469612,316,315,68,593,-4202,362,-250,378,315,-13,240,310,298,0
1472945,317,316,0,500,-2218,429,-276,423,43,-27,102,318,303,0
1476274,317,317,162,106,-1362,424,-180,458,20,15,96,305,308,0
1479612,318,318,31,87,-487,919,-69,496,139,-114,-15,312,309,0
1482945,319,319,350,68,581,993,184,529,134,36,37,295,310,0
1486277,320,320,181,0,1273,1388,323,556,83,10,-56,299,311,0
1489633,321,321,106,12,2052,1572,157,573,66,81,-4,303,308,0
1492970,322,322,143,0,2033,2056,64,580,198,-75,73,301,310,0
1496280,323,323,106,0,3008,1735,3,583,-14,-92,128,303,309,0
1499637,324,324,256,181,3037,1557,-157,574,171,-181,205,295,299,0
1502973,324,325,800,0,3948,885,-322,556,144,26,142,266,300,0
1506284,325,325,706,200,4483,466,-248,536,258,-134,200,271,298,0
1509637,326,326,762,368,5685,-346,-174,512,-56,-67,338,268,289,0
1512973,327,327,818,781,5275,-675,-350,480,5,-115,281,265,267,0
1516287,328,328,818,950,4429,-935,-608,428,-191,-163,416,265,258,0
1519638,328,329,1081,1118,2387,-1647,-958,354,-231,-121,389,267,249,0
1523010,329,329,1118,1456,215,-2167,-1103,270,-173,-115,414,270,252,0
1526290,330,330,725,856,-1114,-2810,-1033,188,33,0,481,275,268,0
1529638,331,331,706,968,-1894,-2965,-1164,100,-37,166,364,276,262,0
1532979,332,332,650,725,-2431,-2400,-1263,9,7,128,422,279,275,0
1536293,332,333,931,800,-2447,-1997,-1120,-74,-24,206,358,280,287,0
1539638,333,333,856,593,-2954,-855,-985,-148,125,157,278,284,298,0
1542979,334,334,725,518,-3030,-250,-794,-215,34,133,319,291,302,0
1546297,335,335,612,406,-3112,379,-572,-273,136,80,134,297,308,0
1552980,337,337,68,0,-2509,1162,-314,-360,88,160,13,310,315,0
1556300,338,338,312,0,-2136,1274,-201,-380,76,-28,124,297,314,0
1559638,339,339,200,0,-1314,1217,58,-386,-160,149,-9,303,318,0
1562980,340,340,162,106,-1793,1352,265,-384,81,-116,12,305,308,0
1566303,341,341,218,0,-1478,1241,634,-359,166,147,40,300,298,0
1569660,341,342,368,331,-84,1655,769,-326,83,-77,58,292,278,0
1572980,342,343,68,31,762,2018,935,-286,-66,22,89,292,278,0
1576307,343,343,350,275,937,2027,1383,-235,152,-88,17,277,281,0
1579663,344,344,518,200,2275,1882,1886,-168,30,-59,111,268,285,0
1582980,345,345,462,87,3180,1567,1940,-101,88,-82,0,271,291,0
1586309,345,346,518,0,3798,1273,2009,-37,101,-69,127,268,287,0
1589664,346,347,537,0,5106,939,2030,20,-90,104,139,267,280,0
1592981,347,348,200,181,5165,1280,1993,72,-127,104,131,285,270,0
1596312,348,349,293,237,4978,1900,1976,129,-431,-5,338,280,283,0
1599663,349,349,312,706,2218,2009,1658,179,-567,-207,328,279,258,0
1603005,349,350,368,931,-785,1263,1310,220,-382,-126,470,276,230,0
1606316,350,351,481,1062,-2554,66,790,249,-438,-76,554,270,223,0
1609664,351,351,650,1118,-4810,-465,541,276,-154,-78,598,279,254,0
1613006,352,352,556,1118,-5437,-897,344,295,-75,-100,631,284,254,0
1616319,353,353,387,856,-5166,-1874,-121,297,-288,98,467,293,268,0
1619664,354,353,331,1062,-5349,-1745,-331,297,-149,100,335,296,273,0
1623007,355,354,200,931,-5293,-1753,-787,292,-252,242,187,303,280,0
1626323,355,355,368,556,-5651,-1208,-987,291,-104,137,178,294,284,0
1629664,356,356,593,781,-5392,-984,-1033,293,59,92,225,298,288,0
1633007,357,357,125,481,-4409,-906,-1222,287,227,51,209,307,288,0
1636326,358,358,0,256,-3256,-221,-1077,290,195,96,164,314,300,0
1639665,359,359,106,143,-1485,-18,-1090,295,59,31,58,308,306,0
1643007,360,360,0,200,-1298,302,-894,302,71,-106,42,314,303,0
1646328,361,361,0,0,-615,234,-987,302,0,-42,-79,318,316,0
1649686,362,361,200,368,-539,580,-904,299,292,-35,38,298,305,0
1653008,363,363,125,0,910,798,-888,289,-12,92,-21,302,309,0
1656332,364,363,125,106,1276,1470,-611,283,121,-80,63,302,303,0
1659690,364,364,350,125,1861,1388,-642,273,134,34,83,290,302,0
1663008,365,365,443,181,2292,1687,-644,259,274,-74,131,285,299,0
1666335,366,366,443,68,3144,1966,-454,243,135,-37,222,285,305,0
1669689,367,367,556,0,4493,1962,-355,224,356,-101,187,279,311,0
1673008,368,368,593,237,5894,1756,-313,194,308,-85,261,277,296,0
1676338,369,369,462,106,7548,858,-165,165,-53,-119,184,268,287,0
1679690,369,370,818,312,7409,259,-339,125,-14,-190,244,265,276,0
1683008,370,371,650,950,6727,-409,-470,67,-193,-135,344,274,242,0
1686341,371,371,762,1212,4315,-1205,-972,-21,-420,-176,338,268,244,0
1689690,372,372,650,1156,1360,-2310,-1146,-118,-287,-197,445,279,252,0
1693033,373,373,893,1175,-989,-3239,-1318,-222,-120,-6,406,266,251,0
1696345,373,373,1025,1381,-3065,-3649,-1594,-335,-86,-12,429,275,256,0
1699690,374,374,912,1118,-3830,-3536,-1686,-450,72,319,438,281,270,0
1703036,375,375,537,612,-3992,-2713,-1946,-572,25,284,367,285,281,0
1706347,376,376,612,406,-3507,-1558,-1461,-670,-19,263,364,281,292,0
1709691,377,377,406,181,-3435,-722,-1299,-751,-68,341,279,292,304,0
1713036,377,378,706,181,-3593,204,-928,-805,136,59,263,292,304,0
1716351,378,379,687,0,-2869,673,-406,-835,5,171,142,293,314,0
1719691,379,380,593,87,-3025,1082,-288,-854,213,-43,90,298,309,0
1723036,380,381,331,12,-2462,924,-35,-852,35,103,73,312,313,0
1726354,381,381,0,143,-2228,931,338,-831,67,-4,-11,316,306,0
1729740,382,382,106,12,-1970,811,460,-792,-146,-5,-33,306,311,0
1733038,383,383,0,0,-2184,564,533,-744,167,26,-100,302,302,0
1736358,384,384,0,106,-1474,857,848,-686,153,105,95,298,290,0
1739714,385,385,125,368,-348,1479,1015,-616,87,184,60,289,276,0
1743036,385,386,800,331,253,1995,1143,-546,98,-63,98,269,278,0
1746360,386,387,368,0,889,1743,1576,-463,86,17,101,276,280,0
1749715,387,387,500,275,1728,1651,1851,-377,200,-58,17,269,281,0
1753037,388,388,275,181,3067,1349,2061,-282,47,-30,139,281,286,0
1756363,389,389,575,162,4023,909,2012,-191,128,-106,69,265,287,0
1759715,389,390,743,162,4672,976,2001,-101,115,65,152,272,287,0
1763038,390,391,293,0,5701,1641,2008,-19,-156,15,162,280,281,0
1766367,391,392,275,181,5023,2560,2136,67,-567,-147,332,281,270,0
1769715,392,392,293,987,2144,2101,1916,147,-538,-205,460,280,243,0
1773038,393,393,668,1662,-737,638,1629,212,-517,-109,516,278,225,0
1776370,393,394,931,1362,-3854,-873,1335,265,-337,-154,725,280,241,0
1779715,394,394,856,1475,-5348,-1557,913,303,-195,-27,672,284,251,0
1783039,395,395,406,1006,-5725,-2159,434,322,47,44,568,292,260,0
1786373,396,396,293,837,-4587,-2428,101,336,-62,188,507,298,269,0
1789715,397,397,237,743,-4413,-2035,-499,335,-336,129,150,301,274,0
1793042,398,398,31,837,-5602,-1641,-924,336,-23,176,195,312,285,0
1796377,399,398,275,725,-5506,-925,-1197,335,-128,53,152,299,291,0
1799716,400,399,181,650,-5244,-287,-1169,339,248,134,270,304,295,0
1803046,401,400,68,443,-3493,205,-1100,355,148,164,184,310,306,0
1809716,402,402,162,125,-910,880,-1108,399,-78,-39,22,305,307,0
1813048,403,403,106,181,-688,806,-1252,406,144,-12,-7,308,304,0
1816383,404,404,50,50,-321,890,-1278,407,202,-46,29,306,306,0
1819740,405,405,31,106,458,786,-1275,396,59,7,-41,307,303,0
1823052,406,406,0,50,580,1187,-1131,373,183,-48,50,309,306,0
1826386,407,407,87,106,1392,1476,-922,353,-34,32,-23,304,303,0
1829744,408,408,387,181,1295,1904,-865,327,173,-66,159,288,299,0
1833055,409,409,50,0,1866,1743,-1033,285,46,21,110,290,303,0
1836390,409,409,406,181,2314,1899,-1008,239,385,-118,229,287,299,0
1839748,410,410,650,50,4128,1461,-958,192,245,-29,237,274,306,0
1843058,411,411,818,312,5495,1112,-782,141,190,-104,190,265,292,0
1846393,412,412,518,462,6312,493,-850,83,120,-64,377,281,284,0
1849749,413,413,800,837,6186,33,-988,16,-91,-106,294,266,264,0
1853072,413,414,2168,2000,4970,-407,-1172,-69,-240,-163,393,262,255,0
1856395,414,414,1306,1643,2246,-1522,-1414,-171,-322,-23,478,292,274,0
1859750,415,415,912,1418,-153,-2410,-1505,-282,-77,-125,464,313,286,0
1863065,416,416,1100,1343,-1766,-3066,-1563,-394,-37,113,536,303,290,0
1866399,417,417,1025,1212,-2697,-3699,-1392,-500,61,286,420,307,297,0
1869750,418,418,875,1175,-3121,-3573,-1072,-596,7,285,479,315,299,0
1873067,419,419,1100,856,-3270,-2995,-817,-688,59,263,301,303,316,0
1876402,420,420,1043,612,-3500,-1572,-43,-750,138,183,363,306,329,0
1879750,421,421,687,518,-3096,-677,435,-787,99,241,245,325,334,0
1883071,422,422,181,125,-3220,258,619,-809,160,36,197,336,339,0
1886405,423,423,368,218,-2892,579,1185,-801,-92,108,-54,326,334,0
1889751,424,424,162,106,-3456,1074,1202,-777,-179,61,149,337,340,0
1893074,425,425,275,106,-3648,869,1470,-734,-51,-110,-60,331,340,0
1896408,426,426,0,0,-3822,355,1848,-661,137,30,118,341,339,0
1899751,427,427,12,256,-2665,426,2068,-567,181,0,-139,327,314,0
1903077,428,428,0,0,-1572,1174,2341,-457,-22,18,155,314,314,0
1906411,429,429,256,50,-555,1831,2542,-341,-158,-31,-106,298,309,0
1909751,430,430,387,106,-788,1740,2794,-219,157,-143,195,291,306,0
1913080,431,431,406,87,902,1512,3063,-89,220,-85,137,290,307,0
1916415,431,432,537,0,3064,1287,3533,55,31,-100,131,283,302,0
1919751,432,433,443,0,4027,1027,3585,206,289,19,150,288,304,0
1923083,433,434,368,0,5357,912,3468,355,120,23,95,292,298,0
1926418,434,435,481,143,6969,2079,3675,509,-127,23,139,286,288,0
1929776,435,436,181,706,7073,2902,3981,669,-340,-53,84,302,258,0
1933087,436,436,593,537,5488,2885,3554,809,-481,-74,310,280,267,0
1936421,436,437,462,875,1940,1949,3087,932,-574,-14,303,287,249,0
1939777,437,438,706,1193,-1547,1215,2786,1052,-436,-152,473,292,250,0
1943090,438,439,500,1193,-4397,547,2252,1154,-254,-21,527,303,250,0
1946424,439,439,387,1118,-6203,-701,1454,1229,-78,-38,435,309,270,0
1949777,440,440,181,875,-5975,-1256,1107,1288,-72,106,458,320,283,0
1953093,441,441,350,800,-5044,-1545,546,1332,-121,93,290,311,287,0
1956427,442,442,0,293,-4404,-1379,94,1365,-236,29,192,322,298,0
1959778,443,443,50,593,-4568,-1072,-226,1395,-378,65,-120,327,298,0
1963096,444,444,0,218,-5883,-356,-717,1417,340,6,89,330,302,0
1966431,445,445,0,0,-3370,-339,-967,1434,23,97,155,314,314,0
1969778,446,446,0,106,-2186,632,-748,1459,432,-52,301,319,308,0
1973100,447,447,87,462,-70,1038,-475,1488,133,-99,109,309,305,0
1976434,448,447,312,425,2046,1235,-231,1514,374,-258,97,313,307,0
1979778,449,448,237,237,4125,1104,176,1545,73,9,56,296,312,0
1983103,449,449,631,162,5195,1648,465,1561,269,-143,142,291,316,0
1986437,450,450,237,0,6543,2173,596,1566,-17,-138,221,296,321,0
1989778,451,451,462,0,6365,2147,593,1565,-54,-161,223,284,311,0
1993107,452,452,706,218,5568,1742,549,1545,126,-306,333,271,297,0
1996441,453,453,743,500,5069,641,215,1514,-142,-263,306,269,282,0
1999778,453,454,1137,743,3679,-209,-509,1453,-374,-449,418,264,269,0
2003109,454,455,968,950,1366,-1525,-1029,1363,-108,-204,449,273,258,0
2006443,455,455,500,800,-408,-2645,-2370,1224,-21,-314,419,282,266,0
2009802,456,456,518,781,-969,-3610,-2850,1062,-166,-59,486,281,267,0
2013112,457,457,593,781,-1689,-4121,-3250,881,-113,175,387,277,267,0
2016447,457,458,912,706,-2088,-3052,-3660,679,128,-23,391,276,271,0
2019803,458,459,800,537,-1320,-2474,-3411,477,-40,220,387,287,285,0
2023116,459,459,837,687,-975,-1549,-3201,266,57,112,258,285,293,0
2026450,460,460,912,575,-802,-499,-2632,72,-60,175,303,281,299,0
2029807,461,461,631,462,-949,29,-2244,-105,2,115,88,296,305,0
2033119,462,462,143,331,-1277,490,-2171,-288,-64,-76,128,306,296,0
2036453,463,463,218,350,-2110,299,-2118,-479,-103,82,-4,302,295,0
2039812,464,464,125,200,-2970,253,-2221,-659,100,-5,105,307,303,0
2043122,465,465,68,68,-2768,3,-2218,-825,-62,25,2,310,310,0
2046457,465,466,575,31,-2867,93,-2234,-982,-86,-38,-21,299,312,0
2049813,466,467,350,31,-3246,-152,-2145,-1119,-163,79,18,311,312,0
2053125,467,468,425,106,-3841,-202,-1730,-1219,195,-46,-38,307,308,0
2056459,468,469,50,0,-3159,-232,-1493,-1300,86,121,6,311,302,0
2059843,469,470,200,125,-2327,178,-1082,-1351,160,-26,62,301,289,0
2063129,470,471,0,87,-1405,751,-1058,-1387,-118,53,105,306,291,0
2066463,471,471,162,256,-1611,1063,-992,-1411,156,56,-6,287,282,0
2069815,472,472,443,200,-783,1036,-566,-1406,247,-139,287,272,285,0
2073131,472,473,800,256,1222,670,-309,-1386,6,-13,90,269,282,0
2076466,473,474,425,0,2102,114,-403,-1375,177,-45,159,273,286,0
2079816,474,475,500,0,3189,-68,-604,-1379,70,28,295,269,280,0
2083135,475,476,312,106,3929,480,-584,-1390,103,131,181,279,290,0
2086469,476,476,931,200,5053,2403,-450,-1409,-151,104,363,262,285,0
2089817,476,477,800,575,4714,3604,-585,-1442,-333,105,370,269,265,0
2093138,477,478,518,650,2711,3874,-871,-1488,-476,-202,522,268,245,0
2096472,478,478,256,1362,-1107,2756,-984,-1537,-482,-144,698,282,223,0
2099816,479,479,556,1400,-3383,1591,-952,-1584,-228,-44,695,266,221,0
2103141,479,480,1212,1662,-5167,242,-981,-1622,-104,-168,738,265,225,0
2106475,480,480,875,1812,-5150,-1894,-906,-1634,73,-9,693,283,233,0
2109817,481,481,687,1493,-4130,-2825,-709,-1624,106,152,483,293,250,0
2113145,482,482,237,950,-3372,-2507,-126,-1554,-233,183,267,301,263,0
2116479,483,482,312,1287,-3935,-2259,-174,-1470,-152,221,30,297,261,0
2119817,484,483,68,987,-5156,-1848,159,-1364,95,107,192,310,277,0
2123147,485,484,350,893,-4620,-1382,599,-1231,153,105,172,295,282,0
2126482,486,485,518,818,-3350,-1068,769,-1100,241,87,260,302,286,0
2129838,486,486,293,462,-1798,-735,985,-969,63,68,76,314,305,0
2133151,487,487,668,275,-887,-340,1159,-851,91,44,190,294,315,0
2136485,488,488,350,0,358,-97,1359,-738,97,-163,29,295,314,0
2139842,489,489,237,125,1173,-428,1456,-625,112,118,-1,301,307,0
2143154,490,490,162,143,1532,145,1494,-512,82,19,-96,305,306,0
2146488,491,491,200,0,2491,501,1397,-399,75,51,-40,298,322,0
2149842,492,492,0,0,2515,1251,1230,-291,250,-149,101,312,313,0
2153157,493,493,50,0,3625,1304,1133,-186,-93,22,39,306,314,0
2156491,494,494,631,256,3550,1755,1113,-84,146,-90,89,291,311,0
2159842,494,495,706,12,4464,1846,1143,5,-46,117,42,287,308,0
2163160,495,495,350,50,4803,2262,989,82,287,22,87,290,306,0
2166495,496,496,387,31,6271,2149,923,145,1,69,56,288,307,0
2169843,497,497,368,331,6613,2170,871,205,-33,-47,76,289,291,0
2173164,498,498,537,443,5982,1896,501,252,-200,-171,214,280,285,0
2176498,499,499,650,837,4796,1288,90,272,-261,-131,247,274,264,0
2179843,499,500,1081,1156,2923,602,-273,274,-377,-199,385,267,247,0
2183168,500,500,1118,1550,478,-1074,-735,263,-424,-60,398,270,247,0
2186501,501,501,725,1118,-2970,-2232,-1197,245,-259,-50,373,275,254,0
2189843,502,502,800,875,-4427,-3186,-1609,213,7,-155,466,271,267,0
2193170,503,503,912,800,-4538,-4138,-1978,165,38,153,414,265,271,0
2196504,503,503,1212,818,-4176,-4108,-2044,119,187,196,411,265,286,0
2199843,504,504,837,593,-3427,-3787,-1873,88,-10,328,348,285,298,0
2203174,505,505,856,462,-3145,-2367,-1450,73,183,253,321,284,305,0
2206508,506,506,668,612,-2396,-1036,-1098,69,146,261,421,294,297,0
2209865,507,507,575,443,-1715,198,-962,69,196,283,304,299,306,0
2213176,508,508,31,143,-1043,1249,-415,85,-60,65,277,312,306,0
2216511,509,509,425,12,-908,1531,9,107,-81,75,64,291,313,0
2219868,510,510,312,87,-1317,1993,159,116,74,-97,208,297,309,0
2223179,511,511,575,293,-456,1953,496,137,11,94,137,299,298,0
2226514,511,512,275,0,11,2172,652,152,212,-100,42,297,302,0
2229868,512,513,687,218,1137,2426,914,162,3,79,10,275,284,0
2233184,513,514,31,0,1839,3128,1151,174,242,-93,6,294,293,0
2236517,514,514,387,256,2955,3554,1645,195,-6,-163,141,275,282,0
2239868,515,515,518,106,3378,3489,1758,214,-27,-146,74,268,290,0
2243186,515,516,650,50,3546,3272,1688,224,13,-160,212,277,293,0
2246520,516,517,706,106,3745,3383,1722,232,72,-65,222,274,290,0
2249869,517,518,387,0,4010,3831,1715,239,-347,-196,220,275,281,0
2253190,518,519,106,162,1896,4029,1300,236,-531,-278,428,290,271,0
2256523,519,519,143,837,-1052,3110,1024,230,-417,-309,274,288,251,0
2259870,519,520,818,1100,-3119,1628,761,218,-286,-280,437,268,237,0
2263192,520,521,256,837,-4771,-40,366,195,-290,-124,443,282,235,0
2266527,521,521,1006,1568,-5725,-1006,49,160,73,-148,409,276,246,0
2269869,522,522,518,706,-5513,-2112,-25,129,35,-36,443,286,276,0
2273196,523,523,537,800,-4585,-2842,-104,97,-55,55,166,285,271,0
2276530,523,524,968,631,-4387,-2788,88,72,-131,-81,229,278,280,0
2279869,524,525,706,650,-4118,-3045,84,59,-98,46,107,292,279,0
2283199,525,525,331,912,-4011,-3621,-151,52,162,55,146,312,281,0
2286557,526,526,425,800,-3025,-3612,-246,52,-26,151,152,307,287,0
2289891,527,527,312,462,-2539,-3629,-459,61,72,48,155,313,305,0
2293202,528,528,0,256,-1897,-3050,-498,83,152,-44,217,321,300,0
2296560,529,529,125,200,-1020,-2589,-421,120,38,128,103,307,303,0
2299894,530,530,50,256,-635,-1883,-190,176,139,55,153,311,300,0
2303205,531,531,256,275,-264,-1289,-59,238,17,107,35,300,299,0
2306563,532,532,181,331,74,-365,265,305,307,22,121,304,296,0
2309894,533,533,50,143,1238,150,548,367,42,121,48,306,301,0
2313208,534,534,237,0,1697,1275,876,429,246,-50,90,296,309,0
2316566,534,535,743,50,2906,1658,967,489,7,147,54,285,306,0
2319894,535,536,293,0,2991,2266,1121,537,158,-39,146,293,309,0
2323212,536,537,312,125,3370,2889,1229,575,39,-33,181,292,302,0
2326570,537,537,575,181,3382,3388,1312,611,210,-118,97,278,299,0
2329895,538,538,762,406,3720,3594,1188,633,170,-82,211,268,287,0
2333215,539,539,1062,743,4206,3501,1160,649,12,-61,289,252,269,0
2336573,539,540,1587,800,3732,3179,842,647,132,-265,385,240,266,0
2339895,540,541,1250,725,3032,1978,363,622,-153,-327,605,242,254,0
2343218,541,541,1362,725,1543,-662,-174,565,-86,-317,552,236,270,0
2346577,541,542,1493,1100,435,-2700,-774,486,-74,-320,602,245,250,0
2349895,542,543,1381,1212,-254,-4387,-1251,394,-78,-94,554,256,249,0
2353221,543,543,912,1418,-543,-5806,-1688,288,-44,84,354,281,254,0
2356577,544,544,856,987,-660,-5839,-1993,172,-3,195,403,284,277,0
2359896,544,545,1137,1137,-661,-5142,-2071,66,-147,321,324,285,269,0
2363225,545,546,668,556,-1522,-3283,-2078,-30,-46,258,251,294,284,0
2366583,546,547,368,556,-1992,-1924,-2065,-118,-112,308,215,310,284,0
2369916,547,547,200,706,-2546,-757,-2175,-197,114,61,171,319,292,0
2373227,548,548,350,743,-2598,98,-2172,-267,-81,221,123,311,290,0
2376586,549,549,350,425,-2917,567,-2086,-331,-7,109,2,311,307,0
2379920,550,550,218,481,-3330,798,-1960,-389,27,95,105,318,304,0
2383231,551,551,331,218,-3286,988,-2112,-458,134,39,32,312,318,0
2386587,552,552,125,200,-2811,1149,-2072,-525,-151,107,126,323,319,0
2389949,553,553,0,0,-2809,1247,-1876,-579,-218,59,-199,314,323,0
2393234,554,554,0,0,-3702,1326,-1645,-623,157,-55,37,314,310,0
2396586,555,555,12,68,-2595,1341,-1407,-653,158,59,-18,295,292,0
2399921,556,556,87,275,-1734,2051,-1441,-682,116,25,155,291,281,0
2403237,556,557,518,293,-947,2499,-991,-700,50,-73,9,284,280,0
2406587,557,558,425,0,-723,2239,-650,-714,254,-167,70,273,282,0
2409921,558,558,256,106,692,1671,-476,-727,44,-40,146,282,290,0
2413241,559,559,331,68,1425,1201,-540,-752,142,13,40,278,292,0
2416587,560,560,575,0,2254,1220,-439,-783,138,-27,200,265,297,0
2419921,560,561,687,237,3485,1312,-372,-822,116,122,147,275,283,0
2423244,561,562,443,0,4749,2034,-377,-864,112,168,157,272,280,0
2426587,562,563,425,293,5438,2877,-292,-908,-176,184,234,273,264,0
2429921,563,563,162,443,5015,3485,-331,-957,-243,78,170,287,272,0
2433247,564,564,931,1250,3041,3333,-337,-1009,-539,-211,401,264,247,0
2436588,564,565,762,1493,251,2313,-423,-1059,-694,-91,470,289,234,0
2439922,565,565,875,1775,-3601,813,-415,-1108,-402,-209,623,283,235,0
2443251,566,566,275,1456,-6729,-1420,-463,-1149,-198,-83,632,299,236,0
2446588,567,567,237,1156,-7065,-2852,-352,-1171,193,169,555,301,252,0
2449923,568,567,387,1250,-5776,-3220,-145,-1170,156,176,510,293,263,0
2453254,569,568,218,1062,-3528,-2846,29,-1145,-357,285,153,302,273,0
2456612,570,569,31,856,-3892,-1996,278,-1098,-22,153,213,312,284,0
2459943,571,570,218,818,-4031,-1400,547,-1028,-254,129,93,302,286,0
2463257,571,571,518,743,-3442,-617,749,-942,277,148,316,302,290,0
2466613,572,572,312,706,-1754,298,770,-853,168,109,217,313,292,0
2469948,573,573,218,68,-113,846,811,-763,114,-44,221,302,310,0
2473259,574,574,218,31,1084,1389,1138,-663,244,-50,106,302,312,0
2476612,575,575,87,0,2575,1278,1378,-552,138,36,33,304,310,0
2476612,575,575,87,0,2575,1278,1378,-552,138,36,33,304,310,0
2479948,576,576,0,0,3293,1936,1543,-436,157,34,-39,311,315,0
2483264,577,577,256,0,4638,2623,1471,-325,-152,-10,13,295,309,0
2486613,578,578,237,50,3862,3353,1284,-223,28,-150,172,296,306,0
2489948,579,578,275,500,3609,3248,1197,-120,-128,-14,151,294,298,0
2493266,579,579,462,237,2939,3167,1107,-20,233,-198,114,284,296,0
2496613,580,580,593,368,3626,2767,1007,69,-79,-61,86,277,289,0
2499948,581,581,762,631,2671,2624,472,135,-301,-320,371,268,275,0
2503269,582,582,725,631,-83,1412,-508,163,158,-452,513,270,275,0
2506613,583,583,1118,725,-250,-410,-957,178,36,-172,523,249,270,0
2509948,583,583,1268,1137,-390,-1646,-1679,157,80,-289,480,257,264,0
2513272,584,584,1212,1137,-382,-3538,-2252,106,-20,-317,515,265,269,0
2516613,585,585,1137,1175,-456,-4496,-2414,46,86,-5,403,269,267,0
2519948,586,586,650,631,-552,-4425,-2575,-17,77,-163,363,279,280,0
2523276,586,587,856,350,-69,-4027,-2358,-77,6,279,271,284,295,0
2526614,587,587,800,593,-243,-3205,-2016,-128,20,128,227,287,298,0
2529948,588,588,762,518,-151,-2488,-1667,-168,-118,228,242,289,302,0
2533279,589,589,612,331,-635,-1570,-1362,-202,-54,217,133,297,312,0
2536636,590,590,425,537,-1209,-1126,-1242,-230,-174,64,172,307,301,0
2539972,591,591,462,518,-1970,-716,-1323,-261,132,39,33,305,302,0
2543282,592,592,0,218,-2994,-219,-1439,-293,-33,28,209,314,302,0
2546639,593,593,68,68,-2960,-311,-1418,-324,58,96,-77,310,310,0
2549972,594,594,68,50,-3011,-158,-1351,-352,134,-71,23,310,311,0
2553285,595,595,12,31,-2841,-132,-1301,-382,-136,103,-102,313,312,0
2556639,596,596,0,0,-3674,58,-1119,-412,184,-155,34,307,308,0
2559973,596,597,106,12,-3081,1,-786,-437,189,148,77,306,295,0
2563288,597,598,143,12,-1279,927,-419,-459,296,82,90,288,279,0
2566639,598,599,256,87,36,1787,-267,-485,-44,40,151,282,275,0
2569973,599,599,368,368,54,2155,165,-503,281,-238,25,276,276,0
2573292,600,600,650,218,1110,1685,564,-509,269,-135,217,261,284,0
2576640,600,601,950,218,2856,983,609,-516,64,-67,77,261,284,0
2579973,601,602,443,0,3491,599,633,-531,238,29,154,272,286,0
2583295,602,603,387,0,5012,696,753,-551,115,126,217,275,287,0
2586640,603,604,368,0,6004,1247,788,-575,156,160,95,276,286,0
2589973,604,604,350,425,7083,2159,873,-593,-298,-6,231,277,273,0
2593298,604,605,406,162,5778,3023,531,-617,-640,-114,267,274,271,0
2596668,605,606,1231,1456,2662,2883,272,-646,-626,-172,467,264,236,0
2599973,606,607,556,1250,-1233,2000,-7,-681,-564,-257,559,284,231,0
2603301,607,607,312,1512,-5116,331,-110,-715,-318,-41,608,297,233,0
2606640,608,608,406,1343,-6588,-623,-272,-739,-39,-72,671,292,242,0
2609974,608,609,837,1137,-6361,-1790,-551,-740,95,146,628,285,253,0
2613304,609,609,912,1268,-4649,-2659,-381,-722,106,202,488,281,262,0
2616662,610,610,743,1325,-3404,-2487,-148,-674,-438,174,242,290,259,0
2619974,611,611,668,1081,-4287,-2219,-635,-624,-256,344,-38,294,272,0
2623307,612,612,12,537,-6086,-1229,-561,-566,-92,141,127,313,285,0
2626665,613,613,0,406,-5559,-670,-630,-505,81,256,164,314,292,0
2629998,614,613,200,631,-4560,165,-559,-449,312,86,285,303,296,0
2633311,615,614,68,406,-1998,52,-721,-408,104,91,110,310,308,0
2636665,616,615,0,518,-960,161,-778,-381,149,-96,111,315,302,0
2640001,617,616,162,218,-165,-91,-606,-357,63,-52,16,300,313,0
2643314,617,617,406,275,522,194,-349,-329,220,-34,30,303,310,0
2646665,618,618,331,237,1532,465,-471,-302,31,0,-69,307,312,0
2650006,619,619,275,50,1851,778,-354,-268,135,55,23,294,306,0
2653317,620,620,162,68,2283,1175,-235,-231,12,24,40,300,305,0
2656665,621,621,162,106,2895,1585,-125,-193,-5,-5,25,300,303,0
2660008,622,622,237,237,2793,2518,-143,-157,89,0,164,296,296,0
2663320,623,623,293,106,3444,2696,-52,-124,12,92,72,293,303,0
2666666,624,624,481,293,3576,3016,-22,-100,338,-152,112,283,293,0
2670008,624,625,593,50,4802,2936,-73,-89,121,60,133,277,290,0
2673323,625,625,687,406,5426,2838,-266,-89,42,-150,258,272,287,0
2676666,626,626,1118,706,5274,2086,-650,-114,-113,-133,427,249,271,0
2680008,627,627,1625,1437,3503,637,-1319,-173,-244,-229,447,275,285,0
2683327,628,628,1268,1343,1322,-972,-1779,-248,-292,-244,626,294,290,0
2686666,629,629,1268,1418,-552,-2567,-2214,-337,-308,-57,567,294,286,0
2690008,629,630,1662,1381,-2521,-4149,-2607,-442,42,-63,567,289,288,0
2693330,630,630,1212,1362,-2690,-4967,-2504,-545,-35,184,468,297,289,0
2696688,631,631,1043,950,-3127,-4676,-2486,-650,72,143,276,306,311,0
2700009,632,632,781,725,-3700,-3553,-2053,-730,81,373,338,320,323,0
2703333,633,633,518,650,-3867,-2177,-1545,-787,271,264,199,334,327,0
2706691,634,635,706,87,-3523,-875,-1061,-820,-99,290,252,324,341,0
2710009,635,635,706,706,-2991,598,-506,-833,174,20,154,324,324,0
2713336,636,637,481,68,-2294,1127,-220,-831,-61,176,146,336,342,0
2716691,637,638,706,162,-2236,1310,119,-810,-87,-10,-68,324,337,0
2720036,638,639,125,0,-3187,1193,599,-779,-139,-26,56,337,337,0
2723339,639,640,0,0,-3677,919,673,-754,169,-149,-45,328,327,0
2726692,640,641,312,12,-2597,639,865,-707,255,157,58,311,311,0
2730009,641,642,406,106,-253,1590,1222,-651,260,110,-44,306,306,0
2733343,642,643,556,50,745,2432,1536,-583,-61,-108,65,298,309,0
2736692,643,644,181,0,604,2304,1788,-510,244,-94,71,302,306,0
2740035,644,645,256,0,2393,2152,2141,-421,111,-120,174,298,312,0
2743346,645,645,481,181,3501,1999,2483,-319,102,-49,-4,286,302,0
2746693,645,646,706,237,4314,1732,2614,-218,101,-172,170,290,299,0
2750035,646,647,575,68,5367,1805,2416,-132,43,125,58,297,308,0
2753349,647,648,237,50,5890,2625,2508,-39,-205,-33,75,299,293,0
2756693,648,649,293,312,5253,3638,2486,49,-483,-58,234,296,279,0
2760035,649,650,143,968,1857,3206,1804,113,-574,-277,211,304,244,0
2763353,650,650,556,1531,-1477,1987,1507,164,-530,-206,502,300,248,0
2766692,651,651,743,1212,-4346,502,1464,214,-343,-123,481,290,265,0
2770035,652,652,537,1325,-7124,-1355,1173,252,90,-253,577,301,259,0
2773355,653,653,331,837,-6375,-2610,994,284,224,132,395,312,269,0
2776692,653,654,425,575,-4293,-3025,940,316,107,105,405,307,283,0
2780036,654,654,218,631,-2711,-3002,455,338,-505,116,44,318,296,0
2783359,655,655,331,425,-4135,-2574,141,363,-118,273,-14,312,307,0
2786715,656,656,181,631,-4565,-1518,-118,401,-77,115,27,320,296,0
2790036,657,657,350,500,-3376,-859,-106,453,239,176,256,311,303,0
2793362,658,658,200,425,-1399,-222,-292,513,268,108,350,319,307,0
2796718,659,659,612,312,331,236,-125,591,296,-66,187,297,313,0
2800036,660,660,200,68,2478,994,244,676,315,-109,181,303,310,0
2803365,661,661,125,143,4392,1379,734,777,119,3,-33,307,306,0
2806718,662,662,0,0,4966,2072,969,871,66,-33,13,315,312,0
2810037,663,663,143,0,4964,2616,629,939,-108,87,21,301,312,0
2813369,664,664,106,218,3739,3149,460,987,-42,-230,197,303,297,0
2816718,665,665,181,443,3611,2781,228,1010,-12,-65,135,299,285,0
2820061,665,666,781,593,3254,2322,40,1018,-6,-287,194,283,277,0
2823371,666,666,556,537,2960,1614,-675,993,-475,-257,363,279,280,0
2826718,667,667,781,575,823,912,-1209,937,71,-288,499,267,278,0
2830064,668,668,687,912,-487,-825,-1923,856,138,-304,629,272,260,0
2833375,669,669,1362,950,-128,-2219,-2076,764,-114,-147,482,252,258,0
2836718,669,669,1043,1343,-610,-3004,-2463,648,-28,-206,488,269,253,0
2840065,670,670,1043,1343,-713,-3478,-2653,518,-42,132,497,269,253,0
2843378,671,671,1137,1118,-836,-3189,-2737,376,44,0,376,269,270,0
2846719,672,672,743,837,-999,-2655,-2721,224,-102,97,354,290,285,0
2850064,673,673,593,256,-1345,-2150,-2163,79,-81,97,241,282,300,0
2853381,673,673,800,612,-1743,-1265,-2123,-68,142,3,246,287,297,0
2856719,674,674,743,537,-1266,-587,-2020,-207,-166,251,202,290,301,0
2860065,675,675,706,575,-1557,184,-1912,-345,82,86,66,292,299,0
2863384,676,676,556,406,-1520,281,-1642,-474,-124,49,134,300,308,0
2866743,677,677,425,443,-1686,424,-1471,-576,-29,14,4,307,306,0
2870066,678,678,462,256,-1709,537,-1333,-665,-63,-17,67,305,316,0
2873387,679,679,0,0,-1816,412,-1478,-757,-73,-7,-33,314,315,0
2876743,680,680,0,0,-2427,395,-1530,-841,-116,23,39,321,323,0
2880066,681,681,0,68,-3030,424,-1182,-909,64,33,-160,323,310,0
2883391,682,682,125,106,-3222,658,-829,-965,152,-89,101,307,308,0
2886743,683,683,0,218,-2187,607,-470,-993,51,172,-41,307,284,0
2890067,684,684,0,350,-1338,1124,-534,-1015,168,19,84,298,277,0
2893394,684,685,293,0,-594,1368,-418,-1024,-6,-41,42,280,289,0
2896743,685,685,518,68,-688,1377,-6,-1021,327,-179,112,268,292,0
2900067,686,686,593,256,1345,743,273,-1003,-5,-181,132,264,282,0
2903398,687,687,518,125,2114,51,102,-996,47,48,72,268,289,0
2906744,687,688,875,125,2746,-38,-15,-1004,206,19,245,265,289,0
2910067,688,689,443,0,4367,581,159,-1022,105,100,182,272,285,0
2913400,689,690,481,0,5380,1556,279,-1044,-69,-5,169,270,282,0
2916743,690,691,331,312,5147,2219,299,-1054,-571,-26,392,278,263,0
2920069,691,691,218,725,1473,1613,82,-1066,-611,-146,428,284,257,0
2923404,691,692,500,1006,-1999,457,-294,-1082,-472,-216,594,269,226,0
2926772,692,692,1118,2131,-4629,-634,-455,-1098,-411,-74,705,270,216,0
2930072,693,693,481,1156,-6554,-1648,-656,-1097,45,-19,711,288,252,0
2933407,694,694,331,1156,-5888,-2195,-783,-1084,160,94,695,296,252,0
2936744,695,695,87,950,-4107,-2647,-850,-1050,-173,286,453,309,263,0
2940075,696,695,462,1268,-3734,-1536,-653,-1006,-163,201,190,289,262,0
2943411,696,696,706,1100,-4362,-992,-433,-942,-123,173,257,292,271,0
2946768,697,697,687,1062,-4250,-571,-17,-860,128,150,323,293,273,0
2950079,698,698,425,800,-2929,235,374,-763,174,171,256,307,287,0
2953414,699,699,12,312,-1567,630,491,-662,-14,57,112,313,297,0
2956772,700,700,106,256,-804,1037,482,-580,141,-43,98,308,300,0
2960082,701,701,106,218,475,675,566,-496,-3,38,-4,308,302,0
2963416,702,701,0,593,718,844,926,-404,152,7,15,314,298,0
2966772,703,702,331,368,1063,751,932,-315,56,99,-34,296,310,0
2970085,704,703,162,368,1516,1446,999,-232,226,-57,40,300,305,0
2973420,705,704,31,143,2780,1690,833,-160,-12,44,-75,307,317,0
2976778,705,705,743,143,2989,1973,796,-94,75,-215,-8,285,317,0
2980089,706,706,293,0,3256,1860,872,-20,-3,-84,61,293,324,0
2983423,707,707,331,0,3170,2083,847,53,89,-81,148,291,313,0
2986778,708,708,387,0,3285,2236,704,112,131,-189,211,288,312,0
2990092,709,709,537,237,3967,1496,472,153,223,-126,133,280,296,0
2993426,710,710,631,387,4565,829,605,186,37,-128,302,275,288,0
2996779,710,711,1118,650,4879,215,410,216,-195,-56,343,265,274,0
3000095,711,711,650,725,2979,-262,-616,210,-141,-322,434,274,270,0
