Time, Rlegs, Llegs, DCL, DCR, GyroX, GyroY, GyroZ, GyroZAvg, AccelX, AccelY, AccelZ, LBEMF, RBEMF, SteerOut
3167,1453,1475,0,0,-245,179,-121,-120,-19,0,226,108,109,0
6480,1453,1475,0,0,-245,181,-121,-120,-20,1,228,108,109,0
9814,1453,1475,0,0,-244,177,-119,-120,-16,0,229,108,109,0
13169,1453,1475,0,0,-247,180,-119,-120,-21,1,230,108,109,0
16483,1453,1475,0,0,-245,175,-119,-120,-18,-2,229,108,109,0
19818,1453,1475,0,0,-244,176,-119,-120,-21,1,232,107,109,0
23169,1453,1475,0,0,-244,176,-119,-120,-20,1,231,108,109,0
26486,1453,1475,0,0,-243,175,-122,-120,-20,2,228,108,109,0
29822,1453,1475,0,0,-245,176,-119,-120,-17,-2,229,108,109,0
33169,1453,1475,0,0,-243,177,-119,-120,-19,-2,232,108,109,0
36490,1453,1475,0,0,-242,178,-118,-120,-17,1,228,108,109,0
39824,1453,1475,0,0,-242,176,-119,-119,-19,0,231,108,109,0
43169,1453,1475,0,0,-245,176,-121,-119,-17,0,229,108,109,0
46493,1453,1475,0,0,-245,176,-122,-120,-20,2,229,108,109,0
49827,1453,1475,0,0,-245,175,-120,-119,-19,0,230,108,109,0
53170,1453,1475,0,0,-243,176,-122,-119,-19,1,228,108,109,0
56496,1453,1475,0,0,-248,178,-119,-119,-21,1,234,108,109,0
59831,1453,1475,0,0,-242,181,-121,-119,-18,1,226,108,109,0
63170,1453,1475,0,0,-243,177,-121,-119,-19,1,229,108,109,0
66499,1453,1475,0,0,-245,181,-121,-120,-17,1,226,108,108,0
69834,1453,1475,0,0,-245,179,-120,-119,-17,1,228,108,109,0
73170,1453,1475,0,0,-245,176,-122,-120,-20,-1,231,107,108,0
76503,1453,1475,0,0,-246,177,-120,-120,-19,0,225,108,108,0
79837,1453,1475,0,0,-245,173,-119,-120,-20,2,229,108,109,0
83171,1453,1475,0,0,-244,177,-121,-120,-20,1,229,108,109,0
86506,1453,1475,0,0,-243,175,-121,-120,-18,0,224,108,109,0
89840,1453,1475,0,0,-244,178,-117,-120,-17,1,231,108,109,0
93196,1453,1475,0,0,-244,178,-120,-120,-14,0,230,108,109,0
96509,1453,1475,0,0,-243,178,-120,-120,-19,0,231,108,109,0
99844,1453,1475,0,0,-245,178,-119,-120,-18,1,230,108,109,0
103264,0,0,725,725,-245,176,-121,-120,-19,1,228,108,108,0
106513,0,0,725,706,-244,177,-119,-120,-18,1,231,108,109,0
109846,0,0,725,706,-246,176,-121,-120,-20,2,224,108,109,0
113197,0,0,725,706,-245,179,-120,-119,-20,2,230,108,109,0
116516,0,0,725,706,-246,178,-120,-120,-20,0,228,108,109,0
119850,0,0,725,706,-244,176,-120,-120,-18,4,226,108,109,0
123197,0,0,725,706,-246,180,-119,-120,-21,0,227,108,109,0
126518,0,0,725,706,-244,180,-121,-120,-16,1,228,108,109,0
129853,0,0,725,706,-243,180,-121,-120,-17,1,223,108,109,0
133197,0,0,725,706,-244,181,-120,-120,-18,-1,229,108,109,0
136522,0,0,725,706,-244,177,-117,-120,-18,0,228,108,109,0
139856,0,0,725,706,-245,174,-119,-120,-21,-2,228,108,109,0
143197,0,0,725,706,-244,175,-119,-120,-16,1,231,108,109,0
146525,0,0,725,706,-244,177,-120,-120,-18,1,229,108,109,0
149860,0,0,725,706,-243,175,-123,-120,-18,3,224,108,109,0
153197,0,0,725,706,-245,174,-119,-120,-20,1,233,108,109,0
156528,0,0,725,706,-246,176,-121,-120,-22,3,226,108,109,0
159863,0,0,725,706,-245,177,-121,-120,-20,2,228,108,109,0
163198,0,0,725,706,-244,178,-122,-120,-18,1,231,108,109,0
166532,0,0,725,706,-244,176,-120,-120,-21,1,225,108,109,0
169866,0,0,725,706,-244,178,-119,-120,-21,1,227,108,109,0
173201,0,0,725,706,-246,178,-122,-120,-18,0,228,108,109,0
176534,0,0,725,706,-247,176,-120,-120,-17,1,227,108,109,0
179870,0,0,725,706,-244,177,-121,-120,-21,0,226,108,109,0
183222,0,0,743,706,-243,176,-119,-120,-13,0,228,107,109,0
186538,0,0,725,706,-245,174,-118,-120,-18,1,227,108,109,0
189872,0,0,725,706,-246,176,-118,-119,-20,2,230,108,109,0
193227,0,0,725,706,-245,172,-122,-119,-20,1,228,108,109,0
196542,0,0,725,706,-247,175,-119,-120,-19,4,227,108,109,0
199875,0,0,725,706,-244,176,-120,-120,-21,0,225,108,109,0
203259,0,0,3800,3800,-244,180,-120,-120,-20,-3,226,0,0,0
206545,0,1,0,0,-258,161,-113,-119,-150,-67,206,851,868,0
209878,1,1,1756,1737,-663,-50,-159,-121,-98,29,206,260,261,0
213234,1,2,987,1062,-940,22,-223,-124,-5,-22,264,333,313,0
216547,2,3,1081,968,-729,78,49,-118,-35,73,155,344,334,0
219882,3,4,1231,575,-611,231,209,-108,149,-36,264,336,355,0
223237,4,5,1325,725,303,-27,223,-97,-97,8,215,347,363,0
226550,5,6,931,0,596,-305,281,-85,144,151,292,338,374,0
229885,6,7,1362,443,1523,-6,240,-74,-121,194,323,331,364,0
233239,7,8,1737,762,1605,-64,105,-67,-128,127,419,327,363,0
236554,8,9,1418,818,1764,-27,-195,-69,-174,176,436,344,360,0
239888,9,10,1437,1212,991,-722,-511,-81,-357,184,462,343,339,0
243238,10,11,1606,1606,59,-1138,-896,-106,-173,156,410,350,334,0
246558,11,12,2337,2581,-789,-1741,-1099,-136,-389,215,307,357,328,0
249892,12,13,1775,1981,-2701,-2153,-1172,-169,-296,252,389,387,360,0
253238,13,14,1756,2018,-3863,-2785,-1151,-201,-278,218,179,404,374,0
256561,15,15,1268,2337,-5408,-2932,-825,-223,-139,189,-32,430,373,0
259894,16,16,912,2112,-7217,-2980,-643,-240,-167,241,146,449,385,0
263239,18,17,575,2056,-7477,-3257,-675,-257,328,224,224,467,404,0
266563,19,18,912,2450,-6793,-3211,-252,-261,-165,420,-33,465,399,0
269898,20,20,181,1381,-6979,-3479,277,-249,-22,250,-70,462,414,0
273239,22,21,275,1081,-6895,-3618,1024,-213,-195,-48,220,457,430,0
276566,23,22,387,931,-7734,-3349,1385,-166,6,164,73,451,438,0
279901,25,24,725,912,-7453,-2684,1217,-124,506,253,86,433,439,0
283239,26,25,650,1081,-5482,-2099,1606,-70,786,309,261,437,430,0
286570,27,26,950,593,-2168,-933,2032,-3,289,174,265,421,456,0
289904,28,28,1681,725,1013,355,2790,87,870,179,308,398,449,0
293260,30,29,2356,1531,3856,1185,2660,174,711,114,302,404,464,0
296573,31,31,2056,1268,5874,2433,2293,249,-29,410,156,420,462,0
299907,32,33,1775,1475,7759,4339,1418,298,-50,283,149,451,467,0
303264,34,34,1737,893,8477,4926,452,315,536,-358,-98,453,498,0
306577,35,36,1250,556,10133,4231,296,328,-176,51,-304,479,500,0
309911,37,37,837,293,9867,4622,-300,323,-29,-126,-269,501,530,0
313292,38,39,575,0,8665,4692,-167,321,-266,355,225,501,530,0
316580,40,41,518,0,8037,4526,-465,311,-242,-51,208,488,512,0
319914,41,42,593,0,6239,4464,-307,309,-521,-195,-384,484,522,0
323265,43,44,481,0,3744,4752,308,317,-294,28,-285,490,503,0
326583,45,45,0,518,2035,5176,785,335,309,306,54,500,472,0
329917,46,47,762,650,2264,5872,1493,375,120,105,121,475,465,0
333265,48,49,181,350,3194,5872,1951,427,-29,-362,-45,506,481,0
336586,49,50,1081,537,3875,5111,2059,484,-219,-449,-81,488,501,0
339921,51,51,1325,1325,2902,2241,2867,570,-515,-510,342,491,475,0
343265,52,53,1868,2093,685,311,2955,668,-1025,-464,577,462,434,0
346590,54,54,687,2450,-4463,-1996,3250,786,-517,-222,900,509,415,0
349924,55,55,931,2843,-10004,-3941,3419,921,-487,-74,194,512,410,0
353265,57,57,818,3012,-13182,-6260,2204,1024,-397,381,203,518,401,0
356592,59,58,350,1550,-13413,-7261,1541,1109,514,489,454,527,479,0
359926,60,59,106,1700,-10318,-6376,352,1156,8,257,561,498,429,0
363266,62,61,87,1568,-9200,-5844,-69,1179,-121,-16,391,499,436,0
366595,63,62,218,1400,-10293,-5765,230,1207,723,607,337,492,445,0
369930,65,63,0,1493,-5882,-2824,-206,1221,99,378,513,519,456,0
373287,67,65,0,1118,-3470,1122,400,1242,113,676,819,488,460,0
376598,68,66,1137,1175,-1647,4139,800,1258,822,-108,590,443,473,0
379933,69,68,1625,1250,3600,5178,1610,1276,1045,-86,149,417,469,0
383291,71,69,1868,1100,8796,5227,1877,1292,519,-72,271,446,519,0
386602,72,71,2412,781,13079,4822,1658,1306,-272,-317,456,433,536,0
389936,73,73,2262,950,11883,2858,390,1268,-317,-147,162,441,511,0
393290,75,75,2056,1062,10405,1158,-1129,1169,-286,34,60,452,505,0
396605,76,76,1850,1212,9709,-604,-2849,993,172,77,33,479,513,0
399940,78,78,1231,1700,7540,-1329,-2626,827,-173,-107,-5,512,487,0
403291,79,79,818,1193,4185,-565,-2730,670,-541,5,-62,504,484,0
406608,81,81,668,1437,1537,-842,-2282,555,-838,305,-97,496,455,0
409942,82,82,1193,1493,-1913,-1126,-2207,472,-37,157,80,484,468,0
413292,84,84,762,725,-3974,-1155,-2389,388,74,-408,50,491,493,0
416611,86,85,256,968,-5553,-1622,-697,375,387,-266,35,518,496,0
419946,87,87,837,687,-6907,-1430,-1522,333,-505,-346,-150,503,511,0
423291,89,89,518,556,-7986,-2106,-705,325,-455,49,-4,504,502,0
426615,90,91,1268,1250,-7526,-2310,-325,325,239,-33,149,510,511,0
429949,92,92,1212,912,-6109,-3322,-277,307,417,286,279,513,529,0
433292,94,94,1081,237,-3228,-2634,-474,267,178,-387,-163,504,549,0
436618,95,96,1475,593,-3399,-1786,161,226,315,257,11,499,530,0
439952,97,97,1268,1193,-2438,-419,321,175,-541,135,57,510,514,0
443292,99,99,875,837,-3854,-606,-490,95,-131,617,-14,515,517,0
446621,100,101,368,781,-4286,76,-824,-19,-280,485,285,516,478,0
449979,102,102,725,743,-2661,1736,-308,-121,64,182,611,481,480,0
453313,104,104,331,1118,-2364,2484,-692,-244,658,178,547,502,460,0
456624,105,105,725,1268,-994,2855,-562,-369,68,204,157,481,452,0
459983,107,107,1081,725,1572,3375,48,-436,-210,233,28,462,481,0
463317,108,108,706,1175,1815,3832,514,-468,227,-111,75,482,457,0
466627,110,110,537,443,1716,4506,867,-452,728,-12,-45,491,480,0
469986,111,111,2018,1268,3083,6460,777,-426,675,-503,250,454,494,0
473317,112,113,2431,968,5911,5946,561,-415,70,-459,625,448,510,0
476631,114,115,2337,781,8272,3127,156,-404,110,-399,767,437,504,0
479990,115,116,2393,1418,10216,-879,-717,-439,-235,-318,387,450,486,0
483317,116,118,2993,2037,9097,-3499,-1505,-511,-253,-464,388,434,453,0
486635,118,119,1925,2150,6472,-5718,-2503,-640,-583,-316,639,475,447,0
489992,119,120,1981,2412,324,-7774,-2916,-789,-822,169,304,488,449,0
493317,121,122,1006,1493,-4157,-7524,-3180,-941,20,437,196,494,452,0
496637,122,123,1212,1587,-5060,-6390,-2514,-1031,197,400,285,499,463,0
499995,124,125,1156,1287,-5614,-4235,-2312,-1068,173,673,575,502,479,0
503318,126,126,256,1043,-5538,-2178,-2141,-1046,130,-23,302,534,492,0
506640,127,128,968,406,-5458,-1034,-1380,-1007,-513,-103,-74,496,510,0
509999,129,129,950,912,-8766,-63,-1170,-958,-318,26,-137,497,499,0
513345,131,131,968,1718,-9245,146,-265,-895,267,-31,61,526,486,0
516644,132,133,1643,1025,-6838,-299,1440,-781,349,-61,569,490,507,0
520000,134,135,2037,556,-2743,-270,1608,-657,-44,-22,137,469,532,0
523318,135,137,2600,350,-1295,575,2430,-559,410,129,463,455,543,0
526646,137,138,1231,218,1443,1572,3831,-392,280,329,-54,512,550,0
530005,139,140,931,387,3695,2171,3617,-257,-98,539,-14,528,541,0
533319,140,142,1493,1268,3920,2690,3155,-148,587,164,270,514,494,0
536650,142,143,0,0,5144,3329,2973,-46,446,211,233,557,520,0
540008,144,145,350,537,6357,4055,3162,66,-262,55,157,517,491,0
543343,145,146,612,1081,6389,4088,2877,151,4,294,155,503,462,0
546653,147,148,256,1043,6956,4487,2738,227,372,143,-16,506,448,0
550009,149,149,0,1043,8932,3918,2682,326,109,197,33,525,464,0
553343,150,151,500,556,8895,2945,2282,423,-336,125,-16,493,474,0
556656,152,152,200,687,7491,2003,2320,505,262,-203,-186,509,483,0
560009,153,154,1250,968,6984,2090,1873,585,-686,-182,-249,511,510,0
563343,155,156,912,856,3009,2647,727,626,-398,46,-178,513,500,0
566659,157,157,1062,1381,-207,2547,-506,608,570,21,-37,521,488,0
570009,158,159,1025,1981,2683,2095,-734,569,-396,-287,355,523,456,0
573344,160,160,856,2037,405,2308,-1660,490,-765,-461,326,516,453,0
576662,161,162,1343,2262,-5357,1792,-2845,377,-267,-564,485,506,457,0
580037,163,163,612,1381,-8617,-203,-2408,284,-490,-159,314,515,474,0
583344,165,164,556,1681,-10167,-1354,-2345,206,-467,-28,168,502,458,0
586667,166,166,706,1568,-10341,-1870,-2151,161,340,-25,223,494,448,0
590010,168,167,950,1006,-9263,-1815,-2492,131,411,-317,204,481,494,0
593344,170,169,218,387,-8013,-2369,-1702,156,-37,81,410,504,511,0
596669,171,171,950,443,-6164,-2765,-223,240,-548,-231,389,481,508,0
600010,173,172,1156,931,-4914,-2912,915,368,-113,-305,285,470,498,0
603344,174,174,2225,1437,-4078,-2325,1922,506,1288,-227,633,443,485,0
606672,175,175,2206,1475,2734,-1093,3592,691,1129,-423,480,460,499,0
610010,177,177,2262,1137,7670,-1332,4376,894,-428,-270,18,457,517,0
613344,178,179,2150,462,8594,-2525,4573,1081,-219,485,305,463,537,0
616675,180,181,1850,912,7947,-966,4873,1269,-242,461,430,479,513,0
620032,181,182,1043,1437,6500,1489,4510,1419,-632,-199,623,538,501,0
623367,183,184,912,2150,4203,2508,4118,1502,-694,5,276,529,447,0
626679,185,185,0,2093,-1428,773,3406,1558,-926,-207,343,540,408,0
630034,187,186,537,2375,-5982,-616,3657,1597,-497,250,439,491,409,0
633370,188,187,800,2000,-9178,-1302,3053,1572,926,209,778,477,429,0
636683,190,189,1306,1887,-5587,-1640,1970,1521,137,71,545,466,435,0
640035,191,190,893,1700,-3908,-1909,1776,1478,-855,107,-254,472,445,0
643370,193,192,200,1100,-6883,-1653,1594,1435,-134,-1,-718,509,477,0
646685,194,193,556,406,-10362,-1525,1986,1398,474,-186,-99,490,514,0
650035,196,195,1550,1550,-7938,-1765,1875,1367,367,69,569,527,543,0
653370,197,197,1306,1306,-7538,-771,1137,1317,384,160,87,556,556,0
656688,199,199,1250,1025,-3302,1632,772,1257,-79,-159,255,543,555,0
660036,201,201,1906,818,492,1446,1053,1219,-49,141,221,508,566,0
663370,203,202,2356,1212,2436,1071,1031,1178,213,206,377,484,561,0
666691,204,204,2300,556,3593,1858,-273,1111,265,188,605,487,580,0
670036,206,206,1531,387,5556,1168,-660,1068,592,-278,-102,498,559,0
673371,207,208,1606,0,6240,43,-747,1060,-457,18,-188,494,573,0
676695,209,210,1212,162,3458,495,-1426,1039,-219,50,-253,515,555,0
680036,211,212,575,0,1468,77,-1461,1045,92,-17,-145,533,555,0
683371,212,213,1325,331,945,-33,-1107,1099,272,38,53,509,546,0
686698,214,215,556,0,1156,734,-34,1174,-134,-61,186,534,551,0
690037,216,217,875,668,79,930,295,1256,366,-105,-39,517,512,0
693371,217,219,1681,950,-2486,1383,535,1340,162,92,83,520,527,0
696701,219,221,1025,406,728,1021,1427,1462,-341,-289,222,539,540,0
700058,221,222,1062,706,1880,-864,1630,1567,-115,61,-43,537,540,0
703394,223,224,781,425,1497,-2022,1013,1605,172,381,-59,552,555,0
706705,224,226,1231,706,2877,-810,1494,1623,931,180,162,528,524,0
710061,226,228,1175,781,5131,-26,1805,1620,246,-133,147,531,520,0
713422,228,229,293,575,4860,177,2057,1572,199,136,411,536,505,0
716707,230,231,0,856,2579,885,1555,1483,-547,337,392,552,474,0
720062,231,232,87,1775,496,2003,1639,1392,-280,293,511,547,441,0
723395,233,234,481,1400,-715,2779,1583,1289,-149,183,188,510,445,0
726711,235,235,537,1043,-2015,1914,1034,1180,-86,119,1,507,464,0
730061,236,237,725,931,-2198,1467,1281,1092,-177,-56,35,497,470,0
733395,238,238,593,818,-2930,1366,1387,1029,124,-200,202,488,476,0
736714,239,240,2018,1325,-4446,2066,1022,946,734,-499,635,470,491,0
740062,241,241,2656,1625,-2039,2120,899,879,1486,-324,651,436,491,0
743395,242,243,2768,1043,5275,648,1523,865,424,-61,831,430,506,0
746718,243,245,2637,1456,11166,-1438,1620,860,-418,-145,866,453,484,0
750062,245,246,2356,1850,9783,-2143,881,838,-372,-269,646,468,479,0
753395,246,247,2337,2525,8102,-3400,828,802,-1174,-352,744,469,443,0
756720,247,249,2543,2450,297,-4215,-781,719,-379,-162,643,474,447,0
760063,249,250,1306,1437,-2854,-3901,-1314,642,-162,206,351,494,471,0
763396,251,252,1062,1606,-3547,-2951,-1891,559,-29,474,101,507,462,0
766724,252,253,1343,762,-4655,-377,-2753,440,296,117,-30,492,507,0
770063,254,255,856,256,-4780,303,-2654,325,-31,165,270,518,534,0
773396,255,257,537,443,-5329,711,-2285,262,-829,118,225,535,508,0
776727,257,258,743,556,-8314,821,-2339,209,-443,-233,-163,524,518,0
780111,259,260,1700,1193,-9429,408,-1362,190,137,-53,-186,503,514,0
783396,260,262,1493,912,-7923,327,-529,218,590,146,169,514,513,0
786730,262,263,1381,725,-4441,405,-283,255,361,-330,183,520,539,0
790087,264,265,1475,856,-2888,-954,-76,287,714,39,397,515,532,0
793423,265,267,1587,556,-633,-841,505,304,-291,428,279,509,532,0
796733,267,269,1437,912,1645,358,1198,332,-323,156,174,517,529,0
800087,269,270,1100,1287,2534,1000,862,343,235,142,-7,535,509,0
803424,271,272,0,0,3496,728,913,326,76,197,-35,563,532,0
806736,272,274,12,0,4785,1318,832,302,426,-94,272,535,507,0
810088,274,275,218,875,5608,1268,937,299,191,216,323,524,473,0
813429,276,277,125,500,5560,1727,823,278,35,63,187,513,477,0
816739,277,278,818,725,7130,1552,687,243,-28,-62,-79,492,481,0
820088,279,280,462,31,8141,1436,590,197,-336,-128,-445,495,502,0
823429,280,282,725,275,8103,1100,625,168,293,72,-103,497,489,0
826742,282,283,1268,725,7311,1267,-49,116,-167,55,-72,494,507,0
830088,284,285,425,1100,4299,1363,-843,40,-181,-96,8,539,487,0
833431,285,286,1156,1662,2622,1141,-1398,-35,-219,-74,115,516,473,0
836747,287,288,350,762,2634,504,-1565,-124,-32,232,-110,543,505,0
840088,289,289,762,1793,1276,1254,-2360,-241,-826,27,-83,521,466,0
843430,290,291,875,1925,-3065,1301,-2645,-356,-989,-30,127,531,459,0
846749,292,292,556,1812,-7511,373,-2580,-465,-423,-216,576,532,465,0
850089,294,294,256,1475,-9701,-225,-2562,-592,40,-58,451,518,453,0
853431,295,295,593,1081,-10600,-566,-2037,-707,-242,205,90,500,474,0
856752,297,297,518,1062,-10946,-188,-1822,-791,-323,-194,123,504,475,0
860110,299,298,293,650,-10203,-25,-1129,-852,879,-12,651,500,497,0
863431,300,300,931,762,-5784,-333,-181,-833,407,-239,660,482,491,0
866755,302,301,968,931,-2725,15,1258,-753,-394,-226,268,480,482,0
870114,303,303,2450,1381,-3014,924,2989,-601,1074,-280,833,431,488,0
873431,304,305,2562,1325,1838,1615,4345,-379,94,-362,345,441,491,0
876759,306,306,2356,406,9652,1009,5150,-135,8,-483,269,436,540,0
880114,307,308,2300,368,9273,1384,5443,106,-218,8,154,455,542,0
883431,309,310,2131,931,7110,2897,5585,353,-919,-115,175,464,512,0
886762,310,311,1325,2168,298,2121,4685,542,-758,-47,596,507,446,0
890114,312,312,931,2581,-3191,485,3830,678,-447,-440,614,528,440,0
893455,314,314,0,1700,-6182,-1573,3834,807,-259,196,584,526,429,0
896766,315,315,893,2056,-7705,-2740,2411,885,621,273,380,488,426,0
900114,317,316,1175,1568,-5817,-3007,1607,919,150,230,261,457,452,0
903457,318,318,1006,1437,-3003,-3301,1365,925,-481,-26,-31,482,459,0
906768,319,319,593,1212,-5757,-3951,638,918,-585,-65,-513,504,471,0
910114,321,321,762,1025,-8451,-4097,591,907,135,-241,-182,495,481,0
913457,323,322,481,1137,-7241,-4283,1220,920,31,172,29,494,475,0
916772,324,324,1606,1193,-6374,-2867,746,914,600,410,35,492,514,0
920115,326,326,1587,1062,-3986,-707,-83,885,1261,-17,286,493,521,0
923458,328,327,781,725,1118,671,370,875,325,-241,146,520,539,0
926775,329,329,1700,612,3705,269,238,864,204,23,136,487,545,0
930115,331,331,1775,556,3215,1700,-669,824,-178,378,430,483,548,0
933458,332,333,1643,725,3337,2509,-1456,780,143,457,280,490,523,0
936778,334,335,1025,350,5604,2565,-1643,755,175,-67,126,493,529,0
940115,336,336,668,143,5722,2483,-1902,739,-312,-44,189,496,524,0
943458,337,338,1193,125,4076,2665,-1762,733,-57,-167,-303,484,525,0
946781,339,340,406,293,2986,2445,-1559,758,-102,15,-310,510,516,0
950137,340,341,575,350,2222,2709,-1371,798,-477,-24,-410,517,513,0
953458,342,343,518,0,-39,3129,-840,852,-152,-6,117,504,519,0
956784,343,345,818,687,-1943,3490,-441,919,414,5,390,504,479,0
960140,345,346,1737,1437,-467,4579,218,989,150,-145,-204,485,485,0
963459,347,348,762,725,853,4253,782,1070,-3,-320,-114,521,507,0
966788,348,350,1381,781,2564,1955,653,1126,132,-109,140,504,520,0
970140,350,351,1737,1025,2719,403,597,1150,582,99,201,485,507,0
973459,352,353,1043,312,4665,584,1139,1147,-263,115,92,506,529,0
976790,353,355,1737,1475,5228,312,1814,1110,-951,-249,49,485,483,0
980168,355,356,425,1643,1689,-1783,1916,1034,-1138,-142,230,513,432,0
983483,357,357,0,2037,-1607,-4985,2419,949,-330,7,511,527,411,0
986794,358,359,331,1887,-6701,-7005,2453,855,-80,506,689,502,419,0
990141,360,360,800,1437,-7388,-6900,2040,745,477,278,207,477,443,0
993486,361,361,518,1437,-5287,-4379,1966,660,-160,221,132,492,443,0
996797,363,363,0,893,-3992,-2705,1335,582,-814,62,80,507,456,0
1000141,364,364,687,875,-6686,-2533,934,491,512,205,371,483,473,0
1003518,366,366,2075,1343,-4813,-1725,1386,459,438,310,896,451,490,0
1006800,367,367,1831,950,1028,1412,2037,472,136,363,131,464,511,0
1010141,369,369,1868,1212,1027,5288,1881,488,911,-581,121,462,497,0
1013487,370,371,2768,912,4370,5193,2129,535,787,-557,824,430,513,0
1016803,371,373,2768,1287,9782,2735,2144,584,-403,151,762,430,493,0
1020142,373,374,2056,781,10156,2101,509,561,336,-373,417,468,520,0
1023487,374,376,2881,1512,10163,-1339,-132,534,-599,-31,500,440,481,0
1026806,375,377,1850,1156,4807,-3908,-878,509,-671,125,311,465,470,0
1030165,377,379,1962,1512,1023,-4383,-1748,443,-495,463,252,459,451,0
1033488,378,380,1625,1306,-759,-3153,-1665,383,48,440,94,477,462,0
1036810,380,381,406,1081,-1594,-2191,-1641,353,155,-104,162,526,474,0
1040165,381,383,800,537,-2056,-1831,-1495,352,-259,-49,92,521,503,0
1043489,383,385,856,725,-3816,-1265,-1501,356,-734,162,-163,518,493,0
1046813,385,386,275,631,-7053,-1155,-1236,377,-802,-201,-167,533,498,0
1050165,387,388,762,1325,-9775,-1824,-1133,397,415,-432,137,537,491,0
1053488,388,389,1306,1100,-9698,-3292,-554,428,895,-98,238,524,519,0
1056816,390,391,762,518,-5531,-3130,-46,470,568,-28,164,537,534,0
1060166,391,393,1306,256,-3854,-2225,289,505,-140,388,288,524,548,0
1063489,393,395,1587,425,-3111,-602,158,524,127,116,493,509,539,0
1066819,395,396,1062,725,-1177,441,479,532,-96,392,214,521,523,0
1070166,396,398,706,143,-470,1433,436,521,-189,221,120,514,512,0
1073489,398,400,650,481,-454,2161,572,518,396,98,449,501,478,0
1076822,400,401,725,725,751,3618,785,524,272,130,407,513,481,0
1080166,401,403,593,687,860,4245,645,509,-79,412,246,504,467,0
1083491,403,404,743,800,2082,4034,278,461,34,113,-92,496,477,0
1086826,404,406,781,1006,3405,3705,126,405,-31,104,-277,494,466,0
1090166,406,407,781,856,4152,3137,-242,322,123,8,34,494,474,0
1093494,408,409,1568,2000,4115,2816,-70,243,79,9,207,526,487,0
1096829,409,410,1737,1381,4749,3164,-212,173,-166,5,-380,533,536,0
1100167,411,412,1456,1325,4738,4032,-957,81,-291,-201,-179,548,539,0
1103498,413,414,818,893,3707,4620,-2373,-34,-40,-361,-249,566,546,0
1106833,415,416,1325,1043,3826,3242,-2328,-136,-42,-84,-136,539,538,0
1110191,416,418,2037,1343,4366,1775,-2722,-264,-110,-166,203,517,522,0
1113501,418,419,1943,1606,4380,-616,-2989,-421,-196,-130,567,506,508,0
1116836,420,421,800,931,2750,-2517,-2381,-554,-517,8,597,521,498,0
1120194,421,422,1081,1531,263,-3308,-2382,-695,-896,-19,77,522,482,0
1123504,423,424,1062,1118,-4038,-3850,-1974,-824,-445,109,-118,523,504,0
1126838,425,426,406,1568,-6387,-3458,-1780,-895,-144,162,-92,542,480,0
1130194,426,427,500,1137,-7445,-2673,-1198,-929,209,249,121,553,503,0
1133508,428,429,650,162,-5843,-1798,-245,-909,22,-292,498,529,539,0
1136842,430,431,1268,1193,-4673,-1850,99,-851,-175,-452,691,526,514,0
1140200,431,432,2056,1475,-4685,-1628,1390,-756,125,-105,751,500,515,0
1143511,433,434,2112,837,-3667,86,1685,-652,546,-174,426,481,533,0
1146845,434,436,2356,950,90,1750,2902,-514,718,52,443,484,527,0
1150201,436,437,2243,1306,4865,3066,3734,-351,474,242,559,490,524,0
1153514,438,439,800,1043,7666,5269,3747,-195,-130,-71,465,551,522,0
1156848,440,441,1456,2075,5967,5063,4096,-32,-1227,-184,425,532,467,0
1160200,441,442,0,1550,959,2788,4412,122,-914,-288,574,581,453,0
1163517,443,444,125,2075,-5929,-930,4528,265,-457,-1,515,545,425,0
1166851,445,445,350,1793,-7517,-2752,4133,386,693,451,416,517,440,0
1170201,446,446,950,1812,-4631,-3407,3181,480,198,545,246,501,455,0
1173520,448,448,818,725,1224,-2219,3390,571,-206,-64,-45,492,497,0
1176854,449,450,781,650,-1345,-1098,2429,633,164,-672,-391,494,501,0
1180201,451,451,575,631,-4176,-1176,1177,652,-272,-149,-435,505,502,0
1183523,453,453,1006,1418,-2243,-2113,1708,681,52,189,200,524,502,0
1186859,454,455,1212,1137,-334,-1870,1317,702,556,147,594,513,517,0
1190201,456,456,1175,762,2938,-547,831,719,217,178,305,515,537,0
1193526,458,458,1437,425,4127,337,1081,749,-156,145,130,501,555,0
1196861,459,460,1643,650,3156,588,330,767,511,-167,-16,490,527,0
1200202,461,462,1681,743,3841,924,-399,757,183,-117,-59,488,522,0
1203530,463,463,200,593,4939,593,-525,747,-268,270,-65,537,516,0
1206864,464,465,781,331,4016,835,-503,761,-389,285,-104,506,514,0
1210201,466,467,856,293,2312,1366,-531,819,-212,-104,441,502,516,0
1213533,468,468,0,312,722,1171,31,892,-164,-120,376,533,515,0
1216867,469,470,631,0,105,1105,399,990,-371,-55,-434,498,530,0
1220226,471,472,575,50,-1912,1437,660,1104,1,23,-404,501,513,0
1223536,473,473,912,706,-3727,2006,1598,1228,662,-91,-197,499,494,0
1226870,474,475,1456,856,-979,1975,2135,1369,578,-67,662,484,500,0
1230227,476,477,1193,443,2718,1438,2050,1495,-532,55,414,498,522,0
1233539,477,479,1418,406,1377,590,1809,1607,-55,337,227,502,524,0
1236875,479,480,687,106,2064,1597,1922,1705,-410,428,270,525,540,0
1240228,481,482,987,1437,2866,3141,1766,1768,-395,19,365,509,469,0
1243542,482,483,1212,2131,-823,2701,922,1793,-662,-53,817,513,448,0
1246878,484,485,481,2300,-4504,1046,566,1768,-771,42,953,536,439,0
1250228,485,486,181,1756,-8938,-379,512,1731,-86,-32,712,526,426,0
1253546,487,487,556,1868,-9500,-1659,115,1644,592,326,425,490,420,0
1256880,489,489,518,1400,-5587,-1407,66,1529,166,560,480,492,445,0
1260228,490,490,518,706,-2786,-157,96,1415,-270,339,-158,492,482,0
1263549,492,491,0,725,-5471,1338,-913,1259,183,-415,-247,527,481,0
1266883,493,493,462,650,-4653,428,-1027,1089,769,-212,476,495,485,0
1270259,495,495,1643,1737,-372,19,-467,933,298,44,582,474,469,0
1273552,496,496,1887,1006,3648,276,-181,798,505,118,461,461,508,0
1276887,498,498,1100,743,6730,1415,-267,690,221,-246,106,503,522,0
1280229,499,500,1437,687,7846,749,-240,577,427,-454,-151,501,525,0
1283555,501,501,1175,668,7706,-329,-435,487,178,-228,198,499,526,0
1286891,503,503,650,762,7889,-485,-1042,418,-234,239,382,527,521,0
1290229,504,505,1212,1175,7515,-928,-964,334,-751,256,15,513,499,0
1293558,506,506,200,612,4303,-1105,-979,263,-200,-232,68,521,499,0
1296893,508,508,556,518,1378,-1043,-735,214,87,-289,181,502,488,0
1300229,509,510,725,368,87,-1166,-327,170,8,-165,-42,493,496,0
1303562,511,511,0,0,-876,-531,442,173,-459,242,-197,517,516,0
1306897,512,513,612,612,-2394,120,1137,221,-709,175,-210,499,483,0
1310254,514,515,537,518,-5418,-1,777,262,39,-336,207,503,488,0
1313565,515,516,162,293,-6113,-592,1371,320,490,-326,304,523,500,0
1316899,517,518,1043,1325,-3873,-785,1921,397,323,48,140,506,491,0
1320258,519,519,1193,931,-1519,-1022,2224,465,-189,117,-117,498,512,0
1323568,520,521,1175,293,-1905,-972,2169,521,391,378,592,499,530,0
1326903,522,523,1268,1193,156,334,2110,566,-145,206,469,494,498,0
1330258,524,524,781,1137,1146,1566,2331,589,-285,258,575,520,501,0
1333571,525,526,631,500,688,3566,1588,572,-158,58,-43,528,519,0
1336906,527,528,0,931,-330,3860,1507,555,-667,-159,66,540,470,0
1340263,529,529,0,1362,-2670,3570,1629,549,-796,227,387,525,431,0
1343574,530,530,0,1812,-6552,1588,1536,537,-350,-29,424,531,423,0
1346909,532,532,31,1475,-6812,-349,1310,523,757,-158,558,502,441,0
1350266,534,533,462,1212,-3815,-1480,1411,538,323,28,125,479,455,0
1353578,535,535,518,518,-1019,-459,1913,580,70,-14,-12,476,476,0
1356912,537,536,575,275,-951,663,1457,610,383,-71,219,473,489,0
1360267,538,538,1793,800,1878,1293,1393,650,832,-325,800,450,503,0
1363581,539,539,2131,1118,7822,728,2267,719,621,-274,447,448,502,0
1366915,541,541,1793,818,10285,94,1938,776,-214,-276,24,450,502,0
1370266,543,543,875,912,9224,-638,1388,848,-251,-67,467,499,497,0
1373584,544,544,1231,1343,7591,-1738,423,893,-73,-1,604,496,490,0
1376918,546,546,1081,1343,6577,-2318,-265,900,-360,-332,103,504,474,0
1380267,547,547,1343,1681,3234,-2572,-1168,869,-661,-13,-2,490,472,0
1383587,549,549,462,837,-2409,-2345,-2102,812,-713,142,134,491,471,0
1386922,550,550,631,631,-4801,-1779,-2728,734,-217,233,339,498,498,0
1390267,552,552,612,518,-6114,-1373,-2932,656,-37,-132,59,499,504,0
1393591,553,554,575,350,-7928,-481,-2876,598,-376,-183,-309,501,497,0
1396925,555,555,575,0,-9799,-674,-2202,560,66,51,-123,485,517,0
1400267,557,557,68,218,-10865,-720,-1775,535,448,235,756,512,504,0
1403594,558,558,1587,1568,-7296,-56,-776,534,341,-80,593,477,478,0
1406928,560,560,1606,1006,-4805,418,247,552,270,-228,298,476,492,0
1410268,561,562,1718,500,-2764,1075,660,558,746,-303,93,470,519,0
1413597,563,563,1475,800,955,506,1460,568,313,-192,68,483,519,0
1416931,564,565,1662,612,2919,788,2030,608,52,226,429,473,513,0
1420289,566,567,1362,575,4383,1751,1768,620,295,295,575,489,515,0
1423600,567,568,1100,1100,7027,3704,1957,621,-161,177,184,519,503,0
1426934,569,570,0,106,7117,4313,2273,623,-494,-96,-77,531,498,0
1430293,571,572,0,687,5555,3640,2292,627,-753,-188,41,526,467,0
1433603,572,573,0,1568,1635,1466,2904,651,-535,178,419,520,420,0
1436938,574,574,387,1343,-1505,-181,3038,673,226,59,629,483,432,0
1440293,575,576,518,1043,-1378,-2254,2318,696,650,-92,156,492,448,0
1443607,577,577,500,687,1720,-3058,2858,738,-503,288,-552,477,467,0
1446941,578,579,950,931,1172,-1641,3214,788,-666,249,-437,469,470,0
1450293,580,580,1231,1156,-2485,-453,1695,793,-74,-133,165,496,500,0
1453610,582,582,612,1081,-4641,-799,586,770,739,-410,22,513,488,0
1456944,583,583,1362,1006,-1918,-1757,1038,759,526,31,214,489,508,0
1460293,585,585,1512,1062,2069,-905,886,727,-188,327,12,481,505,0
1463613,586,587,1681,781,2531,494,-115,677,79,199,560,472,504,0
1466947,588,588,2243,668,2819,244,-384,622,131,182,737,458,526,0
1470321,589,590,1850,0,3905,-643,-472,536,-403,-127,59,449,533,0
1473617,591,591,1025,931,1372,-1083,-772,452,-209,207,-115,477,482,0
1476950,592,593,1193,575,-1087,-902,-377,396,-163,262,413,468,485,0
1480294,594,595,612,443,-2039,-114,-689,362,189,54,468,499,492,0
1483619,595,596,837,50,-1218,-99,-253,362,115,22,-27,487,513,0
1486954,597,598,856,462,-816,367,106,402,-275,195,-126,502,491,0
1490294,598,599,1006,931,-1581,1355,134,472,-203,-342,-73,494,482,0
1493622,600,601,1437,1043,-4130,1730,780,581,385,26,633,485,490,0
1496957,601,603,1718,1400,-3484,2230,1302,714,51,-306,568,486,487,0
1500315,603,604,1681,1212,-1972,2615,1625,854,136,-298,113,488,497,0
1503626,604,606,1962,612,1205,3617,2094,989,496,-299,568,473,513,0
1506961,606,608,1887,931,4647,4900,2978,1137,-126,-460,558,477,512,0
1510319,608,609,762,1606,3689,4059,3034,1256,-477,-429,479,537,476,0
1513629,609,611,1193,1981,331,1820,2535,1328,-444,-261,819,514,440,0
1516963,611,612,0,1868,-1996,142,1888,1366,-686,20,363,537,404,0
1520319,613,613,237,2112,-5324,-1920,1119,1355,-223,90,287,507,407,0
1523632,614,614,668,1887,-6817,-3355,1383,1335,340,98,438,484,419,0
1526967,616,616,1268,1325,-5449,-3890,1343,1322,452,148,128,468,449,0
1530319,617,617,725,1062,-3939,-3309,693,1282,-676,224,-216,481,463,0
1533635,619,619,218,781,-5245,-2346,1,1211,-328,348,-163,508,478,0
1536970,620,620,443,687,-5304,-1698,9,1140,227,-692,32,496,483,0
1540319,622,622,1981,1043,-4034,-3781,257,1057,834,-366,275,504,554,0
1543638,623,624,1887,1137,-2217,-4211,282,971,1265,-6,371,525,549,0
1546973,625,625,1343,1250,2092,-1816,110,902,308,342,91,554,559,0
1550320,627,627,1662,1006,4930,1317,690,835,171,-190,-304,521,556,0
1553643,629,629,1437,556,4114,1575,-70,732,-2,471,325,533,580,0
1556976,630,631,1587,1062,4799,1614,-622,659,262,396,432,541,553,0
1560320,632,633,987,0,6916,1826,-1287,601,-19,33,364,527,571,0
1563645,634,635,668,0,7317,1965,-1097,534,-283,63,148,528,550,0
1566980,635,637,1137,200,4714,2027,-1594,457,-157,-103,351,519,537,0
1570320,637,638,762,275,2624,1340,-1236,422,103,211,162,523,533,0
1573649,639,640,425,0,3533,1731,-880,406,-1058,105,-491,541,557,0
1576983,640,642,743,368,992,2343,-256,413,-76,-49,-259,540,528,0
1580341,642,644,800,425,-2932,3425,223,444,809,-91,135,521,509,0
1583651,644,645,912,1193,-758,3946,973,486,124,-128,96,545,514,0
1587010,646,647,987,612,884,3727,1167,544,-155,-267,368,541,545,0
1590344,647,649,1231,593,1938,2235,1060,585,-172,-65,332,528,530,0
1593654,649,650,1250,1287,1278,1334,1464,628,-663,-45,137,527,509,0
1597013,651,652,1212,1475,319,915,1770,679,-800,100,249,529,499,0
1600345,652,654,1006,1568,-3018,-374,1700,708,-500,-44,394,540,478,0
1603659,654,655,143,1606,-6220,-2494,1174,704,-384,165,691,544,450,0
1607016,656,656,0,2056,-8716,-4311,743,676,132,90,791,538,426,0
1610346,658,658,181,1906,-8633,-4977,203,617,718,137,602,526,434,0
1613661,659,659,650,1512,-5180,-3186,201,530,-420,651,290,501,455,0
1617019,661,661,556,1512,-3800,-1069,-220,428,-541,215,-43,506,455,0
1620345,662,662,462,950,-6451,-353,-762,325,673,272,148,511,485,0
1623664,664,664,706,725,-2963,-296,-703,244,1308,-201,705,482,481,0
1627023,665,665,1943,1400,3006,1091,-142,205,725,-242,615,474,503,0
1630346,667,667,2168,1081,6146,3253,712,184,232,42,233,462,520,0
1633667,668,669,2206,1025,8466,3806,1242,181,-220,-74,438,460,523,0
1637026,670,670,1587,987,9151,2904,444,173,-59,-464,284,493,525,0
1640346,672,672,1306,1081,7122,1394,-1039,141,522,-461,192,508,520,0
1643670,673,674,1250,1006,7457,57,-1439,95,-135,-12,-27,511,508,0
1647029,675,675,1118,1700,6600,-309,-1670,35,-725,329,-177,518,487,0
1650346,677,677,0,987,1884,199,-1663,-25,-554,243,-75,545,479,0
1653674,678,678,762,1400,-651,279,-1765,-83,-348,-264,294,507,473,0
1657029,680,680,706,668,-3492,-94,-1688,-158,163,-140,240,510,512,0
1660346,681,682,725,781,-5263,229,-615,-175,-323,24,-352,509,490,0
1663678,683,683,500,12,-6695,875,40,-154,-378,-109,-472,505,531,0
1667036,685,685,443,181,-8758,762,-121,-117,-245,118,217,508,522,0
1670395,686,687,1268,1268,-9329,189,333,-73,376,-1,394,510,494,0
1673680,688,688,968,950,-7194,-245,880,4,394,114,500,510,511,0
1677037,690,690,1025,518,-3456,-872,1264,82,286,-249,-115,507,534,0
1680372,691,692,1456,856,-2120,-1110,1410,153,616,-276,-6,500,516,0
1683683,693,693,856,331,369,-838,1859,219,-135,226,71,516,544,0
1687037,694,695,1343,1081,2086,-169,2226,282,-87,165,14,506,504,0
1690372,696,697,1212,931,2553,138,1907,311,178,166,463,513,512,0
1693687,698,699,0,481,3622,-126,2324,347,-211,21,435,537,494,0
1697037,699,700,50,762,3350,-598,2286,386,-481,-29,-161,533,479,0
1700372,701,701,481,1287,178,-1176,2053,404,-334,89,130,494,451,0
1703690,702,703,425,968,-1223,-1570,2008,411,71,265,175,497,452,0
1707038,704,704,762,1100,-647,-1856,1627,409,283,52,414,479,461,0
1710372,706,706,68,256,888,-1255,1772,428,235,-44,37,500,490,0
1713693,707,707,837,762,1216,-104,1877,463,-156,233,-163,475,479,0
1717037,709,709,1662,1062,522,1818,1221,495,-96,145,498,473,505,0
1720372,710,711,1475,837,1320,3328,821,514,695,-382,782,483,501,0
1723696,712,712,1812,1231,5361,2965,559,539,564,-368,552,481,496,0
1727038,713,714,2431,1681,8504,2517,323,573,-622,-474,488,448,472,0
1730372,714,715,2787,1868,5004,1535,-1349,553,285,-347,810,429,462,0
1733699,716,717,2356,1925,4409,-838,-2083,492,-600,-105,859,452,459,0
1737066,717,718,1812,1362,2244,-2544,-2584,389,-353,-168,270,467,475,0
1740373,719,719,1118,1587,-1329,-4347,-3560,239,-409,381,-1,488,463,0
1743702,720,721,1137,1006,-3191,-4777,-3246,124,-172,177,425,487,478,0
1747059,722,723,781,818,-3874,-4208,-3369,51,-21,-52,160,506,488,0
1750394,723,724,837,218,-4357,-3198,-2828,7,-225,7,110,503,520,0
1753706,725,726,781,818,-4887,-2300,-2878,-29,-327,-61,-420,506,488,0
1757063,727,727,725,1137,-5765,-1968,-2336,-51,-65,136,-128,509,487,0
1760398,728,729,1531,1118,-6789,-1401,-1730,-49,105,64,470,496,502,0
1763709,730,731,1568,1043,-6347,-1273,-1008,-28,162,16,402,494,506,0
1767063,731,732,1400,968,-4444,-1539,-678,-30,19,-319,-262,519,526,0
1770398,733,734,1456,500,-2979,-1599,-300,-41,330,211,98,500,535,0
1773712,735,736,1212,875,-1233,-1057,3,-37,264,320,-96,513,515,0
1777064,736,737,1043,1212,-510,-396,-349,-58,398,378,241,538,513,0
1780399,738,739,912,1081,560,1592,-491,-101,362,472,152,529,504,0
1783715,740,741,0,12,688,2035,-512,-157,-225,89,388,533,503,0
1787064,741,742,218,725,231,2714,-674,-222,-53,-49,303,524,481,0
1790398,743,744,256,237,-111,3419,-541,-297,95,144,-263,506,491,0
1793719,745,745,518,1250,483,3244,-401,-379,312,114,-79,508,453,0
1797064,746,747,743,462,1930,2504,-441,-452,324,177,414,480,479,0
1800399,748,748,368,893,3357,1869,-417,-538,-122,38,119,500,472,0
1803722,749,750,518,368,3099,2019,84,-607,53,98,-408,492,484,0
1807065,751,752,1456,837,3289,3123,-294,-680,305,206,-330,484,501,0
1810399,752,753,912,1100,4141,4844,-1416,-787,-43,-58,-214,529,503,0
1813725,754,755,1025,668,3358,4843,-2326,-910,20,-150,455,507,510,0
1817064,756,757,1456,743,3174,3634,-2246,-1036,-3,56,536,484,506,0
1820399,757,758,1868,1268,4073,2314,-2982,-1188,-184,-230,356,478,494,0
1823729,759,760,1662,1287,4088,108,-3412,-1333,-116,-386,368,473,477,0
1827086,760,761,1981,1793,2977,-2853,-3198,-1458,-239,-36,596,442,436,0
1830421,761,763,1362,1306,-460,-4653,-3344,-1580,-986,42,417,475,446,0
1833731,763,764,1100,1437,-5271,-5155,-2926,-1682,-381,99,110,489,455,0
1837089,765,765,650,875,-8148,-4721,-2514,-1718,231,311,104,497,485,0
1840423,766,767,856,575,-7172,-3007,-1714,-1707,691,238,350,502,501,0
1843734,768,769,200,368,-3749,-1950,-544,-1643,380,-28,594,521,496,0
1847090,769,770,1006,1081,-1781,-940,98,-1529,-37,-231,535,494,474,0
1850423,771,772,2168,1662,-2998,1073,1213,-1389,14,-304,135,462,473,0
1853738,772,773,2131,1231,-2337,1665,2060,-1220,629,-276,639,464,496,0
1857090,774,775,1850,593,1757,1417,2751,-1045,-8,-74,625,479,530,0
1860423,775,777,2412,837,4533,2807,3352,-851,5,312,419,465,517,0
1863741,777,778,2075,818,6555,5683,4273,-644,-801,301,225,467,518,0
1867090,779,780,950,1287,6412,7247,4490,-450,-486,-128,260,527,493,0
1870451,780,781,500,1568,1905,5583,3873,-297,-574,-167,348,525,452,0
1873745,782,783,181,2075,-2173,3047,3721,-160,-624,-203,685,526,409,0
1877091,784,784,593,1906,-6563,679,3916,-28,-70,-265,476,504,434,0
1880424,785,785,1231,1981,-8862,-2150,3418,78,475,-154,259,470,430,0
1883747,787,787,1250,1306,-5666,-3754,3252,190,437,419,221,469,450,0
1887092,788,788,1231,1193,-1570,-3707,3416,312,-1013,460,-146,470,472,0
1890424,790,790,218,706,-4173,-2071,3409,435,-250,-7,-610,508,482,0
1893751,791,791,1512,1343,-7301,-1101,2715,541,176,-486,-368,497,506,0
1897091,793,793,1287,1250,-6837,-1170,2840,647,-238,-279,28,509,511,0
1900424,794,795,781,800,-6919,-3517,2509,738,533,364,352,536,519,0
1903754,796,796,1193,650,-2729,-2906,2302,823,967,-34,514,514,543,0
1907111,798,798,1512,1043,1641,-1632,2474,914,4,-34,95,497,522,0
1910424,799,800,2412,593,625,-792,1901,970,203,6,-100,449,530,0
1913757,801,802,2018,912,1390,-416,1318,1021,623,309,285,470,529,0
1917115,802,803,2037,143,4512,-510,753,1089,365,-72,137,439,524,0
1920449,803,805,1850,12,7471,-947,910,1190,-265,400,-13,465,531,0
1923760,805,807,1325,0,6296,66,421,1273,-313,168,-40,477,520,0
1927116,807,808,1193,350,5022,494,241,1374,59,-8,180,484,513,0
1930452,808,810,1043,68,4708,-83,431,1494,77,-70,266,492,512,0
1933763,810,812,350,275,4291,-191,1053,1627,-152,241,154,529,501,0
1937144,811,813,1381,1606,3140,633,1315,1772,-127,95,-446,520,476,0
1940456,813,815,1193,968,108,1400,1621,1914,285,-152,-144,514,494,0
1943767,815,817,800,1081,2546,2333,2470,2070,-275,-35,-99,535,504,0
1947117,816,818,987,725,2817,1271,2526,2203,-606,107,273,541,523,0
1950458,818,820,912,106,452,451,1471,2266,419,9,189,529,540,0
1953770,820,822,743,837,-168,1325,1544,2311,233,81,296,538,501,0
1957117,821,823,1100,1418,-176,3479,2079,2338,-458,162,316,535,486,0
1960458,823,825,481,800,-1115,4113,1806,2330,-841,66,480,510,461,0
1963773,825,826,68,1400,-3561,2885,1465,2290,-531,54,541,516,429,0
1967117,826,827,556,2262,-5848,1156,1237,2224,-319,162,720,506,399,0
1970459,828,829,800,1662,-7648,-692,999,2121,192,-97,878,477,415,0
1973776,829,830,1175,1850,-6542,-1525,842,2007,54,132,230,473,421,0
1977117,831,831,481,1137,-5123,-1213,1148,1922,-288,444,-359,494,459,0
1980459,832,833,293,1043,-5296,967,291,1815,59,264,140,520,464,0
1983779,834,834,1906,2093,-3965,1937,-152,1688,709,-598,613,508,498,0
1987117,836,836,1587,1418,-617,924,237,1588,1182,-711,609,525,534,0
1990459,837,838,2037,1231,5627,870,587,1505,769,-526,380,517,544,0
1993782,839,840,2075,1287,8751,1707,1620,1449,40,-659,-67,499,541,0
1997141,841,841,2000,931,9029,1352,1094,1377,42,-279,275,503,560,0
2000459,842,843,2056,1062,7696,-368,552,1309,414,-126,375,516,553,0
2003786,844,845,1606,1381,8238,-2237,-55,1219,-294,-40,594,524,520,0
2007142,846,847,856,1100,6973,-3045,-678,1119,-309,112,338,534,505,0
2010459,847,848,893,1006,2419,-2940,-999,1016,-326,-85,-103,532,510,0
2013789,849,850,931,781,-372,-2920,-1369,896,-558,41,-174,530,522,0
2017142,851,852,781,312,-2861,-2890,-754,813,-184,-49,-237,522,531,0
2020460,853,853,293,500,-4167,-2367,366,783,-224,146,-262,548,537,0
2023792,854,855,743,125,-5259,-1978,755,783,88,16,-63,524,541,0
2027143,856,857,1231,743,-7301,-2459,735,778,-292,-93,309,528,538,0
2030485,858,859,968,1175,-7570,-2528,875,792,328,-144,571,542,515,0
2033795,859,861,1325,931,-5822,-2306,1222,822,-311,98,47,523,528,0
2037143,861,862,1793,818,-5254,-1509,1556,858,-114,193,-49,498,534,0
2040486,863,864,1062,312,-4680,-259,1998,887,930,144,247,537,561,0
2043798,864,866,1456,706,-1739,483,2240,916,174,453,136,516,524,0
2047143,866,867,1212,1137,-749,1457,1255,905,551,313,122,529,517,0
2050486,868,869,0,0,486,2241,954,857,214,326,599,536,520,0
2053802,870,871,743,293,2006,3351,1090,812,-261,228,394,512,504,0
2057144,871,872,593,725,1499,4347,604,785,-322,-32,-173,504,481,0
2060485,873,874,518,762,1326,4455,508,753,270,-75,-153,508,479,0
2063805,874,875,650,762,3178,3945,251,696,562,155,235,501,479,0
2067144,876,877,800,256,4606,3356,-211,633,-44,109,44,493,506,0
2070486,878,879,0,200,4424,3082,-532,570,112,106,88,528,493,0
2073808,879,880,1287,912,4805,3529,-615,512,-453,-156,-212,509,513,0
2077165,881,882,1250,462,3603,4063,-1464,435,25,-347,-10,511,537,0
2080487,883,883,1043,1156,3135,3291,-2134,342,21,-171,337,506,500,0
2083811,884,885,2018,875,4026,966,-2038,243,470,-191,621,470,515,0
2087168,885,887,2468,1868,5881,-1934,-2655,151,-299,-366,622,462,462,0
2090487,887,888,2075,1906,5344,-3889,-2622,74,-645,-222,315,467,460,0
2093814,888,889,1906,1981,2724,-5431,-2753,-19,-676,-165,515,462,442,0
2097169,890,891,1287,893,-2091,-6638,-2594,-118,-635,134,414,479,484,0
2100487,891,892,1362,1568,-5635,-6398,-2403,-244,-211,207,304,491,464,0
2103819,893,894,1006,1100,-7655,-4913,-2387,-353,311,201,50,494,473,0
2107169,895,895,687,1025,-5977,-2591,-1860,-428,332,194,194,511,493,0
2110511,896,897,1175,500,-3929,-1200,-1017,-458,47,249,685,485,505,0
2113821,898,899,875,818,-3004,-18,-512,-453,-114,65,466,501,488,0
2117169,899,900,2187,2056,-4017,1918,682,-400,-63,-155,160,477,468,0
2120511,901,902,1943,950,-3606,2401,1264,-318,506,-238,80,474,511,0
2123824,902,903,2243,1250,-454,2683,1745,-240,235,28,7,474,511,0
2127169,904,905,1812,968,1657,4113,2509,-173,385,224,501,497,526,0
2130516,906,907,1156,256,3306,4989,2875,-107,127,198,329,516,548,0
2133827,907,909,1175,1081,4226,6131,2785,-43,-462,237,120,531,504,0
2137197,909,910,275,1006,3774,6049,3031,24,-908,-391,4,537,482,0
2140515,911,912,0,1662,844,4332,3348,90,-558,-133,46,560,431,0
2143831,913,913,406,1831,-3029,1295,3444,149,-566,-23,235,514,422,0
2147170,914,914,743,1943,-6593,-2655,3407,193,764,-259,574,496,432,0
2150516,916,916,406,1306,-4125,-4611,3028,218,800,171,76,498,450,0
2153834,917,917,743,593,-358,-4160,3745,296,-663,340,-581,480,488,0
2157192,919,919,725,275,-2796,-1022,3353,371,-439,7,-228,481,505,0
2160547,920,921,1962,1268,-4577,-54,2393,411,-263,-106,18,473,494,0
2163837,922,922,725,612,-4611,-1156,2103,458,668,-428,26,523,529,0
2167193,923,924,1025,368,-3539,-2901,2304,514,521,-103,134,523,542,0
2170516,925,925,1306,1268,-833,-2704,2117,573,24,268,152,508,510,0
2173840,927,927,762,593,986,-2408,2515,658,231,383,16,521,530,0
2177193,928,929,1700,650,2073,-749,1796,730,148,440,56,487,527,0
2180516,930,931,2037,687,3226,182,1002,781,200,14,521,469,525,0
2183843,931,932,1231,0,4995,-181,1157,863,-233,306,279,482,532,0
2187194,933,934,1400,87,5025,-11,1282,970,-250,283,-202,473,527,0
2190516,934,936,1512,181,3425,574,856,1060,-14,27,30,467,506,0
2193846,936,937,537,31,2270,410,858,1170,-21,-86,347,503,514,0
2197194,937,939,912,106,1505,-344,1010,1283,-410,136,111,499,510,0
2200517,939,941,1062,500,592,-417,1357,1412,-304,112,-121,491,489,0
2203850,941,942,1137,406,123,-133,1483,1539,999,262,428,487,494,0
2207194,942,944,1568,893,4203,1555,1949,1675,-78,-311,-117,494,498,0
2210519,944,945,968,1006,3862,2186,1995,1812,-111,-198,446,526,508,0
2213853,945,947,1418,781,2244,3179,2044,1934,-455,-114,354,502,504,0
2217194,947,949,1400,931,-566,4445,1172,2003,-529,79,417,503,496,0
2220522,949,950,837,1550,-39,6270,1357,2061,-579,-279,853,533,479,0
2223857,950,952,1043,2468,-303,5661,1110,2074,-418,-486,886,522,430,0
2227195,952,953,293,1925,-4452,1303,651,2055,-516,-499,1218,520,417,0
2230525,954,954,87,2300,-7404,-2148,833,2027,138,-55,993,515,397,0
2233860,955,955,912,2093,-8011,-4355,277,1957,285,210,598,487,424,0
2237195,957,957,443,2018,-4807,-5689,517,1883,-356,827,36,496,412,0
2240529,958,958,781,1381,-3564,-3538,734,1819,-250,472,-110,494,462,0
2243862,960,960,443,1118,-5786,-1334,-369,1713,521,-207,162,512,476,0
2247219,961,961,650,743,-5034,-62,-1367,1566,-8,-49,-169,501,496,0
2250531,963,963,1568,1343,-2994,-876,-1086,1424,-153,51,240,478,490,0
2253866,964,964,1887,800,-1113,-1249,-661,1297,1080,-8,610,477,535,0
2257222,966,966,1531,875,4118,507,216,1209,212,-74,202,496,531,0
2260534,968,968,950,537,5131,2206,-152,1087,404,-206,-97,511,533,0
2263869,969,970,1400,875,3807,3215,-851,956,236,-143,-190,503,531,0
2267227,971,971,1587,1043,4508,2859,-1028,849,15,-162,-113,493,522,0
2270539,973,973,500,537,5137,2991,-1951,722,123,401,277,535,533,0
2273872,974,975,481,12,6214,2878,-2065,586,-239,325,-63,506,515,0
2277228,976,977,800,218,4946,2539,-2174,452,-99,-162,-51,489,504,0
2280541,977,978,1043,425,4061,2798,-2292,301,-261,-364,-271,492,509,0
2283875,979,980,125,218,2608,2612,-2102,180,-538,-195,-262,525,504,0
2287229,981,981,0,612,-155,2758,-1370,105,-461,305,-131,535,499,0
2290544,982,983,425,143,-2636,3153,-345,59,-87,298,-82,509,508,0
2293879,984,985,800,1493,-3187,3218,-409,6,308,-150,174,519,482,0
2297229,985,986,1025,1118,-687,3801,43,-19,81,-195,261,523,502,0
2300548,987,988,818,631,1013,3957,393,-33,133,-293,-56,518,512,0
2303882,989,990,856,743,1913,2680,985,-34,-184,-257,-215,516,522,0
2307230,990,991,1587,1062,455,1054,1184,-39,-507,-83,265,493,505,0
2310550,992,993,1437,1212,-1204,-123,984,-55,-64,-319,634,485,481,0
2313885,993,994,1662,1681,-2915,-2123,776,-92,-624,-374,498,489,472,0
2317230,995,996,481,1175,-7674,-4837,842,-128,-19,-301,293,494,441,0
2320554,997,997,200,1868,-8418,-6768,1326,-150,165,96,304,509,420,0
2323889,998,999,481,1456,-7397,-8253,1004,-155,297,239,689,494,442,0
2327230,1000,1000,481,968,-4445,-8088,-167,-203,221,132,456,494,468,0
2330558,1001,1001,500,1193,-3519,-7345,-346,-249,-485,251,-150,493,456,0
2333891,1003,1003,0,781,-4834,-6051,22,-268,-28,568,233,521,462,0
2337230,1004,1004,575,762,-3286,-3474,138,-290,219,770,547,489,479,0
2340560,1006,1006,1681,1118,-264,119,489,-283,756,26,714,472,502,0
2343894,1007,1008,2300,1043,2571,3274,1370,-257,882,-501,351,439,506,0
2347230,1009,1009,1943,912,6457,5074,1663,-228,463,-330,253,458,513,0
2350563,1010,1011,2825,668,7850,4641,2022,-153,-34,-113,539,427,526,0
2353898,1011,1013,2450,1400,8572,4093,1431,-65,-259,-162,547,447,487,0
2357256,1013,1014,2768,1587,8009,1926,-427,-45,-192,-214,220,430,477,0
2360566,1014,1016,2206,725,6861,-1265,-1136,-60,-178,-199,491,446,493,0
2363902,1015,1017,2712,1400,4885,-3946,-1817,-123,89,3,171,419,457,0
2367256,1017,1019,2318,1531,2563,-4220,-2410,-194,-659,203,-8,440,450,0
2370570,1018,1020,1700,1156,-83,-4339,-2422,-243,-56,178,206,473,470,0
2373905,1020,1021,987,1118,-1587,-4828,-2523,-290,20,-10,74,495,472,0
2377256,1021,1023,725,481,-4138,-4222,-2877,-319,-311,-131,-205,525,506,0
2380573,1023,1025,818,743,-5059,-3561,-1569,-303,-581,336,-51,520,492,0
2383907,1025,1026,668,987,-5148,-3380,-1742,-290,-377,-345,-167,542,509,0
2387257,1026,1028,668,1156,-9521,-4567,-1464,-264,-83,145,-111,558,500,0
2390576,1028,1030,1100,1043,-10872,-4470,-1869,-256,845,44,84,535,506,0
2393912,1030,1031,1212,425,-8609,-3568,-1149,-250,705,241,609,513,539,0
2397257,1031,1033,1981,518,-4379,-663,385,-227,-114,116,270,488,534,0
2400579,1033,1035,2150,762,-5089,536,1182,-177,-351,287,321,479,521,0
2403914,1034,1036,1793,481,-4034,1699,1145,-143,58,358,368,498,536,0
2407257,1036,1038,1156,237,-1855,2405,1306,-114,471,-27,177,490,507,0
2410582,1038,1040,312,687,-637,3254,1513,-98,668,235,372,519,483,0
2413917,1039,1041,537,12,808,4336,1484,-88,-456,100,-84,507,503,0
2417257,1041,1043,650,518,724,3997,904,-91,-300,288,79,501,476,0
2420586,1043,1044,256,387,1402,4252,785,-90,-168,186,-36,522,483,0
2423920,1044,1046,518,931,2765,4237,522,-100,484,-213,129,508,470,0
2427289,1046,1047,2300,2412,4148,3780,109,-138,495,-131,75,503,481,0
2430590,1047,1049,1887,1381,4772,3840,24,-169,-468,30,-269,525,520,0
2433923,1049,1051,1250,1081,4866,4124,-720,-186,-547,-63,-222,559,536,0
2437282,1051,1053,1268,818,4909,4089,-1135,-211,-478,219,-353,558,550,0
2440592,1053,1054,1193,1043,3075,4024,-1842,-269,-390,57,-130,546,538,0
2443926,1055,1056,1156,1006,2299,3726,-2323,-346,-195,312,-2,548,540,0
2447285,1056,1058,2262,818,3544,3423,-2982,-455,644,-131,146,505,550,0
2450596,1058,1060,2131,106,5380,1771,-3249,-599,366,-350,534,466,542,0
2453930,1059,1061,2543,275,6881,-756,-2935,-743,-289,30,304,444,533,0
2457286,1061,1063,1868,593,4833,-2852,-2533,-885,-938,274,-184,480,516,0
2460599,1062,1065,1531,631,257,-3269,-1965,-991,-569,223,323,498,498,0
2463933,1064,1066,800,612,-3700,-3227,-1625,-1029,314,296,458,537,515,0
2467291,1066,1068,743,331,-2379,-1444,-1192,-1030,524,-179,242,540,530,0
2470602,1068,1070,387,1137,-1011,-419,-696,-995,-134,-317,216,543,487,0
2473936,1069,1071,1662,1043,-2088,462,602,-901,199,-381,529,521,522,0
2477294,1071,1073,1925,1081,-4938,584,68,-823,-428,106,495,507,520,0
2480605,1073,1075,1456,856,-3604,1458,-563,-762,244,166,703,516,516,0
2483939,1074,1076,2300,800,-410,4202,900,-644,693,-335,859,487,535,0
2487295,1076,1078,2243,1193,3147,5500,1028,-563,-426,-535,749,490,514,0
2490608,1077,1079,2168,2187,-361,4287,827,-483,-864,-406,575,494,461,0
2493942,1079,1081,612,1643,-3271,1200,1580,-387,-839,-466,590,535,448,0
2497295,1081,1082,312,2543,-6312,-2102,1414,-285,-387,228,411,535,400,0
2500611,1082,1083,800,2131,-7624,-4151,269,-241,752,278,592,525,438,0
2503946,1084,1085,781,1925,-4853,-5448,688,-231,549,521,368,510,449,0
2507295,1086,1086,1025,1550,-334,-4206,1042,-235,24,-77,145,497,469,0
2510615,1087,1088,875,668,-216,-2756,467,-257,-46,-190,-328,505,500,0
2513950,1089,1089,312,331,-2366,-1688,-331,-308,-372,140,-428,519,518,0
2517296,1091,1091,1137,1175,-2879,-2296,-266,-363,-20,-37,-288,517,515,0
2520618,1092,1093,1756,1081,-2542,-4205,-400,-422,632,-184,364,500,520,0
2523952,1094,1094,650,725,588,-3623,-442,-464,432,-14,484,543,539,0
2527295,1096,1096,1006,875,5083,-2174,-342,-500,-225,293,230,524,531,0
2530621,1097,1098,1737,987,3658,-1079,-472,-531,227,-87,-299,501,525,0
2533955,1099,1100,1081,443,1258,76,-1815,-591,505,-226,-42,520,538,0
2537296,1101,1101,1212,725,3434,540,-2027,-655,447,395,232,513,539,0
2540624,1102,1103,781,0,5398,1152,-2055,-697,135,254,114,506,555,0
2543958,1104,1105,1175,50,5040,1291,-1886,-720,-490,18,40,501,529,0
2547296,1105,1107,1887,143,3372,955,-1750,-717,-468,28,-19,463,524,0
2550627,1107,1108,893,181,1894,661,-1755,-699,-763,173,-65,500,522,0
2553962,1108,1110,1062,0,-342,50,-1023,-638,-328,-37,65,491,536,0
2557318,1110,1112,1062,0,-2536,-567,-344,-547,583,192,429,491,526,0
2560631,1111,1113,1156,1306,-1484,-425,-529,-472,162,-100,-451,532,492,0
2563965,1113,1115,1212,575,-1668,1440,-228,-400,289,-49,219,513,515,0
2567321,1115,1117,1100,293,-727,2826,1123,-304,-324,-204,-28,519,530,0
2570634,1117,1119,800,912,-796,427,1336,-211,-170,209,227,535,497,0
2573968,1118,1120,987,200,38,-478,478,-159,119,105,121,525,535,0
2577321,1120,1122,762,256,-1135,224,411,-124,449,392,33,537,532,0
2580637,1122,1124,518,1437,-899,2185,951,-113,397,-193,358,550,485,0
2583971,1123,1125,387,406,-1028,3490,1302,-75,-370,116,199,515,482,0
2587322,1125,1127,237,856,-2384,4104,1074,-24,-480,485,212,523,458,0
2590640,1127,1128,275,1625,-4048,4302,1154,-16,-35,354,195,505,417,0
2593975,1128,1129,312,1437,-4300,3983,1273,-8,-231,94,392,503,427,0
2597322,1130,1130,593,1793,-4656,2254,1000,-3,26,-259,563,488,424,0
2600643,1132,1132,0,1118,-5014,801,1957,8,506,-321,-2,506,444,0
2603978,1133,1133,687,856,-2703,1004,2928,55,992,29,257,483,474,0
2607322,1135,1135,1981,1287,91,3121,2393,122,197,-266,922,456,493,0
2610646,1136,1136,1887,1193,3764,2973,2991,194,925,-465,1176,461,498,0
2613982,1137,1138,2843,1175,10347,238,2962,254,592,-719,450,426,499,0
2617322,1139,1140,2937,1475,12466,-785,2674,323,-919,-547,399,421,483,0
2620650,1140,1141,2693,1850,7910,-994,1148,369,-435,-700,995,434,463,0
2623984,1141,1142,3218,2431,2969,-2858,41,379,-930,-302,764,422,448,0
2627349,1142,1144,2562,1812,-986,-3531,-1662,339,-177,-52,340,443,451,0
2630653,1144,1145,2075,1681,-4040,-4248,-3563,242,219,56,462,453,458,0
2633987,1145,1147,1831,1643,-3713,-5183,-4680,106,-112,315,288,466,460,0
2637344,1147,1148,1362,950,-2843,-4753,-4891,-31,241,337,-44,491,497,0
2640656,1148,1150,1081,1081,-2390,-3567,-4945,-129,-11,128,-6,506,490,0
2643990,1150,1151,781,500,-4097,-2191,-5032,-223,-180,17,136,522,521,0
2647347,1152,1153,556,331,-5820,-2199,-4283,-292,-479,-95,200,534,530,0
2650659,1153,1155,1212,1793,-7863,-2056,-4182,-364,-803,-199,-281,529,482,0
2653994,1155,1156,575,856,-10408,-1854,-3328,-414,330,160,-165,563,532,0
2657347,1157,1158,987,462,-8354,-1704,-2834,-447,239,-99,-93,541,553,0
2660663,1158,1160,1756,387,-4746,-2012,-2419,-491,385,-133,-106,500,541,0
2663997,1160,1161,1212,818,-3917,-2227,-1774,-536,572,-201,14,529,534,0
2667348,1162,1163,1287,837,-3104,-2167,-1283,-559,134,155,170,525,533,0
2670666,1163,1165,1456,293,-1037,-1199,-926,-581,-184,65,-88,516,546,0
2674000,1165,1167,537,0,-976,-430,-630,-636,-177,313,91,523,534,0
2677348,1167,1169,0,87,-1014,136,-377,-689,-26,192,32,549,499,0
2680669,1168,1170,612,350,128,-328,-662,-725,512,-157,141,503,485,0
2684003,1170,1171,725,931,935,-1142,-610,-757,381,-117,313,497,470,0
2687348,1172,1173,0,537,1489,-1342,-481,-802,306,-25,407,535,475,0
2690673,1173,1174,631,1287,2222,-1327,-258,-850,-232,12,-204,502,451,0
2694006,1175,1176,1400,1362,2575,-1588,195,-878,82,-55,-473,503,489,0
2697348,1176,1178,875,818,3360,-1576,572,-896,385,306,68,531,502,0
2700675,1178,1179,1362,837,4376,-632,-35,-937,493,342,338,505,517,0
2704010,1180,1181,1531,968,5965,1456,-880,-996,37,8,302,496,510,0
2707349,1181,1182,1250,1137,6474,2396,-1293,-1097,-221,40,144,511,501,0
2710678,1183,1184,1493,818,6305,2740,-1700,-1242,74,219,133,498,518,0
2714037,1185,1186,1718,668,7357,4654,-2867,-1406,335,91,28,486,526,0
2717370,1186,1187,1193,1062,8301,5091,-3402,-1606,-2048,-784,447,484,475,0
2720682,1188,1188,950,2900,2519,2184,-2063,-1763,-2048,-1734,826,497,377,0
2724040,1189,1189,1400,3106,-9654,-2160,104,-1843,-468,-1180,462,473,382,0
2727374,1190,1190,1212,3143,-11820,-3252,-763,-1903,607,-372,345,483,380,0
2730685,1192,1190,1568,3162,-8573,-960,-4428,-2043,564,-238,456,464,411,0
2734043,1193,1190,1568,2131,-3649,3423,-7686,-2231,-330,-410,286,480,498,0
2737386,1195,1190,1625,3800,-3552,4675,-7820,-2364,-462,-444,351,461,176,0
2740688,1196,1190,1812,3800,-3860,4765,-6773,-2429,-5,-258,683,497,217,0
2744059,1198,1191,1456,3800,-2986,5026,-5828,-2459,-244,-188,276,516,257,0
2747374,1199,1191,1025,0,-3548,5559,-5346,-2471,443,29,278,539,871,0
2750691,1201,1193,1400,0,-3324,5901,-5324,-2480,286,-54,170,519,878,0
2754049,1203,1194,1400,0,-269,6014,-5049,-2504,411,187,194,519,883,0
2757386,1204,1195,1981,3800,1123,5302,-5300,-2539,884,-14,784,488,452,0
2760694,1206,1197,1943,3125,3048,3960,-5385,-2603,-240,102,564,464,529,0
2764053,1207,1198,2168,2712,3107,1657,-5781,-2696,-1,-117,459,436,551,0
2767374,1208,1200,2618,1868,2304,35,-5446,-2790,560,-174,106,428,596,0
2770699,1209,1202,2750,1475,4214,-1766,-5077,-2893,33,-180,54,421,601,0
2774057,1211,1204,2768,1193,7533,-3558,-5067,-3012,264,-265,-261,420,616,0
2777374,1212,1206,2506,1268,7533,-5160,-5586,-3157,-110,169,67,434,596,0
2780701,1213,1208,2693,1250,7425,-6034,-5289,-3303,-191,61,-280,424,581,0
2784056,1215,1210,3612,2150,5309,-6044,-4568,-3434,-659,764,-42,417,575,0
2787374,1216,1212,3106,2750,2213,-3173,-3167,-3512,-45,588,209,460,543,0
2790705,1217,1214,2731,2075,-874,-848,-2113,-3559,-572,267,11,480,563,0
2794062,1219,1215,1887,2675,-6178,-156,-3200,-3644,-93,-52,-379,525,547,0
2797396,1221,1217,1081,2562,-8205,-652,-3169,-3735,-466,100,-317,568,553,0
2800707,1223,1219,687,1887,-10718,-3028,-3245,-3842,657,631,190,573,573,0
2804065,1224,1221,1306,1456,-5789,-6344,-2909,-3951,439,572,1058,556,596,0
2807400,1226,1223,743,0,-1367,-6222,-2152,-4017,-1465,802,253,540,631,0
2810710,1228,1225,968,518,-5907,-4990,-1386,-4033,-251,562,84,528,600,0
2814065,1229,1227,2112,331,-8652,-2366,-2566,-4073,897,513,543,483,610,0
2817399,1231,1229,2562,0,-4443,-966,-1924,-4080,619,287,158,443,622,0
2820714,1232,1231,1812,0,-1757,864,-2128,-4057,258,741,644,483,607,0
2824066,1234,1233,1737,106,-201,3057,-2153,-4018,845,133,237,487,590,0
2827427,1235,1235,2543,1606,1333,3728,-2362,-4027,-268,225,168,490,540,0
2830717,1237,1237,1868,987,553,4064,-2465,-4107,-929,228,-172,510,557,0
2834067,1239,1239,1156,706,-3811,3523,-1995,-4146,-709,296,230,548,572,0
2837400,1241,1241,593,968,-7234,3292,-1859,-4066,289,512,-203,578,558,0
2840720,1242,1243,1043,275,-6377,2836,-1722,-3879,1390,393,14,554,579,0
2844066,1244,1245,762,125,939,4741,-347,-3646,-799,190,320,569,587,0
2847401,1246,1247,1400,237,-666,4364,-352,-3445,-631,167,330,535,581,0
2850723,1247,1249,2543,0,-2829,3003,-358,-3274,626,-980,385,432,569,0
2854067,1248,1250,0,0,-540,1223,2333,-3034,454,-1254,325,724,557,0
2857413,1249,1252,3800,106,1845,625,4570,-2725,1272,-1141,149,221,530,0
2860726,1249,1254,3800,0,4449,105,5858,-2384,1128,-1039,136,121,521,0
2864079,1249,1255,3800,518,6998,-325,5980,-2032,407,-596,237,123,508,0
2867401,1249,1257,0,0,7743,-191,6222,-1669,266,-261,180,848,533,0
2870730,1249,1259,0,162,9004,134,7125,-1266,-149,7,58,846,511,0
2874088,1250,1260,0,575,9817,1285,7588,-858,-240,-55,-279,858,595,0
2877434,1251,1262,3800,1531,8897,1866,7720,-458,461,-48,-450,337,528,0
2880733,1252,1263,3800,1587,9166,2716,7936,-52,234,123,-116,422,541,0
2884104,1253,1265,3800,837,10165,3063,7806,365,-147,-150,22,496,581,0
2887425,1255,1267,0,987,6942,3629,7020,750,-870,300,251,874,557,0
2890736,1257,1269,0,1812,5101,3920,6449,1094,-1301,313,472,879,513,0
2894119,1259,1270,1287,2318,1911,3957,5561,1367,-480,575,551,703,472,0
2897426,1261,1271,3031,3312,-1493,3707,5036,1591,-1070,152,322,594,419,0
2900739,1263,1273,1812,2693,-5202,2456,4144,1820,-1258,-118,49,643,436,0
2904092,1265,1273,1831,2337,-11251,1324,3558,2030,-1168,107,-377,642,487,0
2907426,1267,1274,2393,0,-15145,198,3369,2237,-155,-630,-180,596,877,0
2910742,1269,1275,3293,3800,-16995,-2679,3105,2425,1328,266,1140,548,327,0
2914117,1270,1276,3800,3800,-4017,-7847,2078,2557,1406,559,1729,482,322,0
2917439,1271,1277,0,3800,6410,-10172,2151,2668,40,409,793,860,323,0
2920746,1272,1278,3800,0,9577,-11891,2015,2811,-1198,644,285,366,874,0
2924105,1273,1278,3800,0,4797,-11430,1042,2903,-674,619,656,315,875,0
2927427,1274,1279,0,0,1780,-9560,338,2980,95,273,639,858,875,0
2930749,1275,1280,3800,3800,1276,-7776,-1026,3016,538,321,294,437,339,0
2934117,1276,1281,3800,3800,4805,-6008,-924,3061,596,497,560,442,376,0
2937440,1277,1282,0,3800,8110,-5207,-267,3129,-879,655,-295,870,391,0
2940753,1279,1283,3800,0,4592,-4343,-542,3175,-274,170,-83,485,880,0
2944106,1280,1285,3800,0,1198,-4149,-1762,3178,218,202,466,512,883,0
2947427,1282,1286,0,0,1856,-4716,-1145,3196,99,-58,-86,877,885,0
2950755,1284,1288,3050,3800,1828,-4960,-310,3197,-170,-23,-351,613,518,0
2954092,1286,1289,2300,3068,-2208,-5473,-383,3196,56,-158,-112,637,548,0
2957427,1288,1291,2206,2693,-5979,-4845,-447,3193,-4,91,341,642,568,0
2960759,1290,1293,1700,2468,-7653,-2961,446,3134,148,484,405,653,564,0
2964114,1292,1295,2618,1175,-8542,-2100,997,3023,157,101,603,646,675,0
2967450,1295,1297,1943,2037,-8759,-1586,945,2869,-488,798,342,666,629,0
2970762,1297,1299,1737,2037,-9898,-702,1120,2717,-88,518,555,661,613,0
2974117,1299,1301,1756,1925,-8884,-257,1065,2556,-148,253,399,660,619,0
2977451,1301,1303,1137,2543,-5583,-551,783,2358,144,-114,130,693,586,0
2980765,1304,1305,1287,1418,-4786,-951,681,2142,-993,380,-659,669,630,0
2984118,1306,1307,275,1006,-7768,578,7,1901,937,-333,-299,677,622,0
2987451,1308,1309,125,912,-6142,615,-12,1653,-49,-510,438,669,611,0
2990769,1310,1312,650,1156,-6953,-1760,-975,1378,456,105,318,641,598,0
2994118,1312,1313,1156,1418,-8820,-817,-2037,1095,603,-113,678,598,568,0
2997452,1314,1315,1400,1287,-8287,-1741,-2682,810,1269,93,184,585,575,0
3000771,1316,1317,1381,275,-5291,-2027,-1458,590,-82,787,137,570,613,0
