Time, Rlegs, Llegs, DCL, DCR, GyroX, GyroY, GyroZ, GyroZAvg, AccelX, AccelY, AccelZ, LBEMF, RBEMF, SteerOut
1253,1043,1064,0,0,-246,175,-120,-117,-14,0,230,92,94,0
4595,1043,1064,0,0,-246,172,-119,-117,-22,3,227,93,94,0
7921,1043,1064,0,0,-248,175,-117,-117,-18,0,228,93,94,0
11256,1043,1064,0,0,-247,176,-118,-117,-18,0,225,93,94,0
14596,1043,1064,0,0,-247,172,-116,-117,-19,1,229,93,94,0
17925,1043,1064,0,0,-246,174,-118,-117,-14,1,227,93,94,0
21259,1043,1064,0,0,-248,174,-119,-117,-19,2,230,93,94,0
24596,1043,1064,0,0,-246,175,-117,-117,-18,-1,227,93,94,0
27929,1043,1064,0,0,-247,177,-116,-117,-21,-1,231,93,94,0
31262,1043,1064,0,0,-245,178,-119,-117,-17,1,229,93,94,0
34597,1043,1064,0,0,-247,176,-117,-117,-22,0,229,93,94,0
37931,1043,1064,0,0,-246,177,-119,-117,-17,0,223,93,94,0
41265,1043,1064,0,0,-248,177,-116,-117,-18,0,230,93,94,0
44621,1043,1064,0,0,-245,178,-117,-117,-14,-1,229,93,94,0
47934,1043,1064,0,0,-247,173,-120,-117,-19,0,231,93,94,0
51268,1043,1064,0,0,-247,174,-119,-117,-21,0,226,92,93,0
54621,1043,1064,0,0,-247,173,-117,-117,-17,0,221,92,94,0
57937,1043,1064,0,0,-248,174,-120,-117,-20,3,228,93,94,0
61272,1043,1064,0,0,-245,174,-119,-117,-19,3,230,93,94,0
64622,1043,1064,0,0,-247,174,-117,-117,-19,1,225,92,94,0
67941,1043,1064,0,0,-248,172,-119,-117,-21,1,226,93,94,0
71275,1043,1064,0,0,-243,173,-118,-117,-18,-1,227,93,93,0
74622,1043,1064,0,0,-248,174,-117,-117,-20,4,226,93,94,0
77944,1043,1064,0,0,-248,175,-119,-117,-17,1,232,93,94,0
81278,1043,1064,0,0,-245,175,-119,-117,-19,-1,229,93,94,0
84623,1043,1064,0,0,-246,176,-118,-117,-20,3,227,93,93,0
87947,1043,1064,0,0,-245,179,-119,-118,-22,1,225,93,94,0
91281,1043,1064,0,0,-246,176,-119,-118,-16,2,226,93,94,0
94623,1043,1064,0,0,-246,174,-115,-117,-20,2,224,93,94,0
97950,1043,1064,0,0,-248,175,-118,-118,-17,0,231,93,94,0
101286,1043,1064,0,0,-246,177,-119,-118,-20,1,228,93,94,0
104689,0,0,725,687,-247,176,-118,-118,-20,1,229,92,94,0
107954,0,0,706,687,-247,178,-117,-117,-19,0,224,93,94,0
111288,0,0,706,687,-246,175,-119,-117,-22,4,227,93,94,0
114624,0,0,706,687,-245,172,-117,-117,-18,2,224,93,94,0
117957,0,0,706,687,-247,173,-118,-117,-18,1,228,93,94,0
121291,0,0,725,706,-246,177,-118,-118,-17,-3,223,92,93,0
124626,0,0,725,706,-248,173,-119,-118,-18,1,229,92,93,0
127960,0,0,706,687,-245,171,-118,-118,-18,-2,228,93,94,0
131295,0,0,706,687,-247,174,-118,-118,-21,1,230,93,94,0
134648,0,0,706,706,-247,172,-116,-118,-20,0,228,93,93,0
137963,0,0,706,687,-246,176,-118,-118,-18,5,228,93,94,0
141297,0,0,706,687,-249,176,-117,-118,-20,1,223,93,94,0
144652,0,0,706,687,-246,172,-119,-118,-17,0,226,93,94,0
147967,0,0,706,687,-246,174,-115,-118,-19,0,226,93,94,0
151300,0,0,706,687,-249,174,-116,-117,-19,2,226,93,94,0
154656,0,0,706,687,-248,176,-117,-117,-18,1,227,93,94,0
157970,0,0,706,687,-247,175,-119,-117,-18,0,229,93,94,0
161304,0,0,706,687,-246,177,-117,-117,-20,1,229,93,94,0
164657,0,0,706,687,-246,176,-119,-117,-19,1,230,93,94,0
167972,0,0,706,687,-246,176,-117,-117,-21,2,225,93,94,0
171307,0,0,706,687,-247,174,-118,-117,-18,0,220,93,94,0
174660,0,0,706,687,-250,172,-119,-117,-16,-1,230,93,94,0
177976,0,0,706,706,-246,172,-117,-117,-19,0,228,93,93,0
181310,0,0,725,687,-247,173,-119,-117,-17,0,228,92,94,0
184660,0,0,706,687,-248,176,-117,-117,-18,1,224,93,94,0
187980,0,0,706,687,-247,175,-120,-117,-17,0,223,93,94,0
191313,0,0,706,687,-244,176,-117,-117,-20,3,226,93,94,0
194661,0,0,706,687,-247,178,-117,-117,-19,-1,226,93,94,0
197983,0,0,706,687,-246,176,-120,-117,-18,1,228,93,94,0
201316,0,0,725,687,-244,176,-117,-117,-18,1,225,92,94,0
204664,0,0,2506,2506,-249,173,-118,-117,-20,-2,228,93,93,0
207986,1,0,87,706,-336,98,-98,-117,-7,14,249,222,205,0
211320,1,1,500,593,-536,-5,-119,-117,-80,6,241,216,211,0
214665,2,1,443,687,-692,83,-174,-118,41,64,228,235,238,0
217988,2,2,818,575,-492,331,82,-112,29,27,223,231,244,0
221323,3,3,725,443,-147,450,245,-101,-35,-34,193,236,251,0
224665,4,3,743,443,64,178,137,-93,-54,48,225,235,267,0
227992,4,4,743,331,-11,264,75,-87,23,42,233,251,273,0
231326,5,5,612,331,120,332,167,-78,-42,27,299,258,273,0
234665,6,6,462,68,699,103,0,-74,-128,24,291,262,283,0
237995,6,6,893,462,423,57,-179,-76,-38,41,312,255,278,0
241329,7,7,875,537,619,5,-421,-86,-200,86,365,256,274,0
244686,8,8,1025,837,-217,-457,-729,-105,-194,5,352,248,258,0
247998,8,9,1062,837,-900,-868,-1063,-134,-37,161,359,262,258,0
251333,9,9,968,1025,-908,-1293,-1210,-168,-199,132,342,267,264,0
254689,10,10,1231,1137,-1612,-1779,-1578,-214,-61,245,266,253,258,0
258001,10,11,1212,1100,-2180,-2065,-1608,-261,-135,84,253,270,260,0
261336,11,11,818,1268,-2611,-2428,-1640,-308,-238,163,231,291,267,0
264718,12,12,1493,1925,-3693,-2883,-1762,-360,-81,252,186,291,268,0
268004,13,13,1231,1475,-4216,-2966,-1560,-405,-33,58,203,305,292,0
271340,14,14,1025,1456,-4397,-3361,-1423,-446,-185,222,124,316,293,0
274690,15,15,875,1175,-4924,-3157,-1074,-475,71,228,162,324,308,0
278008,16,15,800,1512,-4565,-2970,-732,-495,-138,285,124,328,306,0
281342,17,16,893,1287,-4735,-2699,-488,-506,123,307,208,339,318,0
284690,18,17,575,1287,-4091,-2333,-229,-510,-298,149,116,356,334,0
288011,19,18,650,1343,-4634,-1921,-92,-509,153,52,176,352,331,0
291345,20,19,612,1043,-4419,-1941,421,-492,-50,145,45,354,347,0
294691,21,20,612,1231,-3510,-1259,1132,-453,308,62,160,354,337,0
298014,22,22,218,162,-2309,-697,1817,-392,53,156,72,355,358,0
301348,23,23,425,593,-2056,153,2372,-315,339,78,96,344,351,0
304691,24,24,556,312,227,496,2665,-228,225,113,78,337,350,0
308017,25,25,593,200,1492,1004,3061,-128,308,-42,110,335,356,0
311352,26,26,631,125,3891,938,3559,-13,127,176,84,333,360,0
314691,27,27,781,350,5408,2111,3615,102,106,159,274,341,364,0
318020,28,28,875,350,6922,3071,3123,203,141,14,47,336,364,0
321355,29,29,800,537,8187,3946,2560,288,265,121,100,340,354,0
324712,30,30,687,875,10401,4409,2165,353,16,158,-149,346,336,0
328024,31,31,1343,1025,10655,4914,1562,395,-13,129,39,331,348,0
331358,32,32,818,650,10851,5242,1199,428,-264,-215,8,359,368,0
334715,33,34,575,575,9068,4825,1124,461,-644,68,188,372,356,0
338027,34,35,575,1043,6059,4501,961,485,-511,-135,122,372,331,0
341362,36,36,481,1531,3325,4057,1035,518,-802,160,130,377,321,0
344716,37,37,275,1325,-1951,3479,1339,565,-390,-104,261,388,332,0
348030,38,38,387,1325,-4201,2682,1618,629,-492,80,59,382,332,0
351364,39,39,293,1568,-6897,2526,1839,709,-79,-19,242,387,335,0
354716,40,40,331,481,-8215,1828,2004,805,-335,3,149,385,377,0
358034,42,41,106,12,-9057,1129,2507,921,206,-9,250,393,398,0
361368,43,42,0,125,-7384,41,3029,1065,513,-228,580,393,376,0
364717,44,43,406,612,-3718,-721,3459,1223,-234,-52,341,361,366,0
368036,45,44,556,818,-3240,-1181,3926,1397,633,-337,334,353,355,0
371371,46,46,1156,406,-1274,-1485,4873,1605,660,-33,399,321,361,0
374717,47,47,1043,162,4170,-731,5341,1820,327,-208,327,327,374,0
378040,48,48,1175,125,7272,-774,5917,2050,-147,-37,98,320,376,0
381374,49,49,856,387,7199,-861,5953,2269,-360,-164,319,337,362,0
384717,50,50,537,406,5495,-273,5301,2458,-586,-32,383,354,361,0
388043,51,51,631,687,1920,1357,4285,2607,-276,15,571,349,346,0
391377,52,52,912,1756,468,2323,2991,2708,-453,-243,518,370,325,0
394717,53,53,818,1718,-1583,1864,1813,2767,-630,-126,810,375,327,0
398046,54,54,1043,1812,-4159,1184,858,2781,-235,-239,569,363,322,0
401380,55,55,1025,1587,-5748,-447,411,2758,-132,-15,613,364,334,0
404738,56,56,800,1625,-5717,-1750,-91,2699,-14,-7,429,376,332,0
408049,58,57,593,1400,-5750,-2566,-563,2607,-148,134,104,387,344,0
411408,59,58,443,1287,-6143,-3223,-1108,2489,-22,160,-75,395,366,0
414742,60,59,612,1175,-6453,-2895,-1260,2354,-284,160,-157,386,372,0
418053,61,61,312,631,-7578,-2240,-1672,2191,459,109,-68,402,385,0
421411,62,62,0,275,-5911,-2164,-2083,2013,-10,5,82,402,384,0
424742,64,63,0,218,-5910,-2184,-2053,1851,-222,-56,-80,389,387,0
428057,65,64,0,312,-6372,-2403,-2139,1704,453,-22,139,389,382,0
431414,66,66,368,106,-4169,-2185,-1970,1575,302,-45,80,363,377,0
434743,67,67,500,50,-2145,-1373,-1742,1471,354,42,115,356,380,0
438060,68,68,387,0,77,-900,-1461,1388,-177,230,-102,362,387,0
441418,69,69,743,350,5,723,-1288,1313,228,177,111,359,380,0
444743,70,70,950,256,702,2164,-1330,1241,364,-38,306,348,385,0
448063,71,72,800,87,2062,2770,-1225,1171,143,126,360,340,378,0
451421,72,73,1418,481,4222,3298,-834,1103,595,88,206,343,377,0
454743,73,74,1437,706,6856,3760,-1046,1020,177,178,154,342,365,0
458066,75,75,1475,406,7813,3818,-1334,920,176,-96,176,340,381,0
461424,76,76,1100,575,9009,2951,-1931,797,233,112,138,344,372,0
464743,77,77,800,462,9531,2625,-2072,654,-43,111,30,360,378,0
468069,78,79,781,462,9321,2293,-2018,497,-158,20,-196,361,378,0
471426,79,80,650,0,7513,2056,-2064,324,-364,10,67,384,403,0
474743,80,81,575,425,5876,1285,-2280,130,-223,7,119,388,380,0
478072,81,82,443,293,4290,1141,-2434,-97,66,141,109,395,387,0
481458,83,84,125,0,3699,1724,-1701,-317,-66,63,216,392,385,0
484744,84,85,0,0,3061,2091,-960,-532,-421,71,-209,400,382,0
488075,85,86,0,0,1103,2017,-918,-747,-66,135,149,385,374,0
491430,86,87,106,312,-842,1772,-975,-943,-164,-130,-220,393,366,0
494768,87,88,387,406,-1785,1507,-728,-1100,-255,-177,34,378,361,0
498078,89,89,106,500,-2723,667,-555,-1211,-282,-168,400,377,356,0
501434,90,90,331,500,-4490,265,-1014,-1299,-324,-314,179,365,356,0
504769,91,91,800,537,-5799,156,-1326,-1367,-182,-221,642,340,354,0
508081,92,92,912,650,-5837,-177,-1585,-1430,0,-392,550,334,348,0
511435,93,93,1437,1043,-4801,-1175,-1676,-1479,-32,-359,931,306,327,0
514769,94,94,1831,1437,-3811,-2059,-1918,-1521,35,-550,811,305,326,0
518085,95,95,1906,1287,-2862,-3079,-1931,-1547,-337,-344,869,317,334,0
521434,96,96,1550,1587,-2876,-4441,-2021,-1571,-330,-215,733,336,334,0
524769,97,97,1081,1643,-3596,-5350,-2066,-1583,-208,2,592,361,331,0
528088,98,98,781,1531,-4010,-5757,-1974,-1580,74,49,373,377,337,0
531435,99,99,706,1231,-3200,-4951,-1768,-1571,46,170,491,381,353,0
534770,100,101,950,762,-3480,-4090,-1588,-1554,68,214,141,368,362,0
538091,101,102,631,800,-3707,-3069,-1081,-1526,-69,321,263,385,360,0
541436,103,103,481,912,-3997,-2069,-654,-1492,133,52,221,393,370,0
544769,104,104,12,593,-3791,-1951,-345,-1457,-136,158,58,398,367,0
548094,105,105,125,593,-3869,-1726,-150,-1421,164,51,182,392,367,0
551436,106,106,443,556,-3091,-2100,30,-1379,106,-218,-159,375,369,0
554770,107,107,462,537,-3070,-2553,374,-1329,-88,43,-167,374,370,0
558097,108,109,125,462,-2990,-2932,734,-1280,396,-38,22,392,374,0
561436,110,110,162,87,-1092,-2630,1004,-1216,177,222,93,374,378,0
564770,111,111,368,0,-162,-1531,1182,-1137,44,43,276,363,388,0
568100,112,112,481,275,595,-526,736,-1054,105,258,97,357,368,0
571457,113,113,631,181,1947,380,642,-969,285,80,270,349,373,0
574823,114,114,1212,1025,3622,514,695,-884,443,185,85,354,364,0
578104,115,116,1587,743,5043,1390,680,-799,111,230,209,334,363,0
581460,116,117,1287,612,6178,2935,-199,-734,326,-49,115,350,370,0
584795,117,118,1193,68,7807,3206,-139,-662,106,247,135,355,399,0
588107,118,119,1118,425,8792,3483,-409,-621,-49,54,34,359,380,0
591461,119,120,893,218,8773,3825,-734,-614,96,278,-76,371,391,0
594795,121,122,931,293,8555,3640,-865,-613,10,78,64,369,387,0
598110,122,123,762,312,7998,3784,-1171,-619,-88,64,-156,378,386,0
601461,123,124,406,256,6927,3721,-1122,-631,-178,9,93,397,389,0
604795,124,125,237,256,6039,3444,-1187,-651,-273,-166,-225,406,389,0
608113,126,126,0,0,3691,3544,-813,-645,92,150,-69,408,386,0
611461,127,128,0,0,2995,3530,161,-598,-23,312,272,398,370,0
614796,128,129,0,0,2434,3538,594,-530,-107,78,-296,387,370,0
618116,129,130,31,12,1735,3743,353,-467,-76,16,21,381,366,0
621462,130,131,312,368,506,3757,209,-400,-279,-47,156,382,363,0
624796,132,132,275,425,-1431,3906,337,-329,-665,-101,170,368,360,0
628120,133,133,650,556,-5180,3904,484,-251,-693,-270,256,364,353,0
631462,134,134,481,706,-9697,3672,214,-180,-99,-307,161,357,345,0
634796,135,135,593,800,-10483,2505,57,-116,-149,-245,765,351,340,0
638124,136,136,1043,1343,-9633,1076,-112,-65,120,-188,669,347,331,0
641462,137,137,1381,1437,-8003,-1164,-393,-27,200,-403,981,329,326,0
644797,138,138,1962,1306,-5854,-2903,-325,-4,32,-212,760,298,333,0
648126,139,139,1737,1400,-4220,-4221,-183,10,-53,-335,787,310,328,0
651483,140,140,1606,1493,-3322,-6343,-425,8,-126,-31,611,333,339,0
654819,141,141,1268,1287,-3651,-7476,-318,2,-88,27,485,351,350,0
658129,142,142,1175,1212,-3547,-7139,-727,-20,186,390,408,356,354,0
661487,143,143,537,1193,-1418,-4966,-332,-42,-6,351,529,390,355,0
664820,144,145,556,575,-1224,-4012,-628,-85,25,136,276,389,372,0
668134,145,146,200,481,-1472,-2796,-898,-144,-36,386,302,404,373,0
671487,147,147,12,612,-1364,-1458,-638,-201,175,210,248,398,366,0
674820,148,148,218,668,-844,-1138,-721,-247,-28,27,33,387,363,0
678136,149,149,331,462,-819,-1150,-790,-292,-98,36,-8,381,374,0
681487,150,150,537,256,-722,-1290,-640,-333,5,-170,-185,370,385,0
684820,151,152,462,0,-275,-1207,-377,-366,34,113,28,374,383,0
688139,153,153,143,125,452,-890,-386,-372,189,1,-2,391,376,0
691487,154,154,162,12,915,-178,-792,-393,-59,219,-16,374,382,0
694821,155,155,275,406,896,714,-937,-409,151,-42,210,368,361,0
698143,156,156,481,181,1970,930,-1141,-422,212,121,0,357,373,0
701488,157,158,1156,631,3318,1103,-1003,-426,50,199,152,357,369,0
704821,158,159,1043,650,4463,1703,-1276,-429,115,164,-56,363,368,0
708145,159,160,1025,556,5177,2470,-1531,-442,-115,246,45,364,373,0
711488,160,161,1025,406,5445,3055,-1677,-457,103,48,-44,364,381,0
714821,162,162,556,537,5369,3106,-1759,-487,-135,108,-54,373,374,0
718149,163,163,425,462,4503,2917,-1621,-543,-352,72,141,380,378,0
721488,164,165,950,631,2008,2487,-1589,-611,-356,105,-156,368,369,0
724821,165,166,1006,537,-440,2193,-1404,-666,-223,163,112,365,374,0
728153,166,167,950,462,-1970,1668,-980,-703,12,36,-81,368,378,0
731510,167,168,425,237,-3066,1268,-586,-732,-46,4,-135,376,370,0
734821,168,169,612,31,-3811,1075,-222,-754,-118,-2,-140,366,381,0
738155,170,170,425,125,-4932,963,130,-757,2,-7,-117,376,376,0
741513,171,172,143,162,-5440,593,442,-744,-142,-95,114,375,358,0
744846,172,173,0,256,-5457,776,504,-725,376,-118,134,387,353,0
748158,173,174,162,312,-4036,1206,904,-685,302,70,358,374,350,0
751514,174,175,668,443,-1691,1179,1468,-629,463,-255,264,363,359,0
754849,175,176,968,368,244,186,1290,-583,61,-11,376,347,363,0
758161,176,177,987,50,1126,-225,932,-540,319,113,554,330,364,0
761514,177,178,1943,762,3176,1899,824,-505,264,-83,707,315,362,0
764854,178,179,1681,1025,4936,3138,1095,-448,-441,-357,790,329,348,0
768164,179,180,1456,1250,2818,2570,609,-418,-407,-310,932,341,336,0
771514,180,181,1587,1906,-736,251,400,-386,-680,-117,854,334,301,0
774855,181,182,1193,1850,-3600,-686,796,-333,-139,-66,1059,355,304,0
778168,182,183,837,1681,-5155,-2214,152,-308,244,5,836,374,313,0
781514,183,184,1025,1718,-4198,-3298,-264,-294,145,301,617,380,327,0
784855,185,185,743,1193,-3799,-3248,-330,-280,30,257,305,379,355,0
788171,186,186,481,1006,-4279,-2434,-358,-271,-139,155,36,393,365,0
791542,187,187,218,706,-5096,-1855,-226,-266,32,99,117,403,377,0
794856,188,188,0,406,-5001,-1517,-356,-265,-8,8,-114,404,377,0
798174,190,190,143,0,-5456,-1356,-353,-252,-248,185,45,391,384,0
801515,191,191,31,87,-5560,-1576,-393,-235,297,-84,-4,397,394,0
804856,192,192,143,500,-4283,-1999,-706,-221,57,-122,-135,391,372,0
808177,193,193,368,462,-3857,-2178,-820,-215,-101,30,14,379,374,0
811535,194,194,500,275,-3344,-2479,-1197,-213,299,-40,-94,372,384,0
814856,195,196,312,0,-1774,-2048,-1017,-197,41,160,21,382,384,0
818180,197,197,143,162,-462,-1390,-863,-171,133,-6,31,375,374,0
821539,198,198,312,50,-466,-368,-1198,-154,57,291,36,366,380,0
824856,199,199,1250,1325,-585,832,-1374,-146,352,-20,298,384,380,0
828184,200,200,1081,631,1071,1318,-1081,-130,373,73,32,393,417,0
831540,201,202,837,387,2763,2137,-803,-111,170,388,0,422,430,0
834856,203,203,818,1081,3917,3193,-1113,-116,139,118,156,407,393,0
838187,204,205,1062,800,4470,4025,-1683,-150,265,49,-116,394,408,0
841539,205,206,762,181,5069,4465,-1866,-201,41,5,171,410,425,0
844857,206,207,518,312,5217,4135,-1935,-266,-294,21,28,423,418,0
848190,208,209,612,293,4062,3668,-1772,-335,-204,-18,-159,402,419,0
851540,209,210,968,537,2204,3318,-1694,-404,-90,92,158,399,406,0
854882,210,211,631,0,795,2864,-1363,-474,-304,-59,-178,397,426,0
858193,211,213,875,0,-1242,2314,-875,-548,-58,-72,-259,384,427,0
861540,213,214,743,0,-2904,1591,-503,-604,466,97,23,375,413,0
864883,214,215,200,12,-2413,1501,257,-625,-338,121,-173,404,398,0
868196,215,216,425,331,-1895,2950,-6,-651,305,125,54,392,381,0
871541,216,218,0,0,-1982,3407,359,-674,349,-77,285,417,383,0
874883,218,219,0,0,-333,3274,1357,-650,122,-190,158,400,388,0
878200,219,220,387,125,1639,560,994,-632,216,-53,330,378,376,0
881541,220,221,1025,68,3102,-195,137,-652,432,65,126,344,379,0
884911,221,222,2150,706,5043,412,634,-637,133,83,291,320,381,0
888203,222,224,1793,612,7292,765,1839,-572,-402,-329,505,339,370,0
891562,223,225,1250,1550,4098,-1119,1534,-513,-778,-278,543,368,320,0
894883,224,226,1006,1625,430,-4293,1575,-453,-791,37,579,381,316,0
898206,225,226,1062,1906,-4773,-6285,1917,-386,-51,132,879,378,317,0
901562,226,227,875,1737,-7911,-6743,753,-351,365,269,909,388,326,0
904884,228,228,687,1681,-6056,-5479,-83,-343,123,463,662,398,345,0
908210,229,229,537,1606,-3702,-3124,-291,-340,-47,275,860,406,349,0
911565,230,231,762,950,-3032,-1608,-673,-339,174,400,513,394,368,0
914884,232,232,0,706,-2341,677,-241,-321,-82,423,212,421,381,0
918212,233,233,0,650,-2456,3225,430,-270,-71,120,162,407,364,0
921566,234,234,87,350,-2095,4036,364,-227,217,52,-45,394,380,0
924884,235,235,200,425,-1719,4361,578,-182,154,-46,79,388,376,0
928216,236,237,237,312,-459,4444,530,-128,442,-162,-72,386,382,0
931566,238,238,387,162,1192,4532,247,-77,336,132,81,378,390,0
934908,239,239,687,237,3013,4697,-53,-45,237,-307,250,362,386,0
938219,240,240,800,275,4720,3606,-899,-48,-51,-98,124,356,384,0
941567,241,241,875,293,5066,2340,-1054,-46,118,-137,330,352,383,0
944912,242,243,912,50,6203,980,-1523,-41,189,-168,56,350,380,0
948222,243,244,1268,631,7178,-286,-1860,-41,62,-117,246,351,369,0
951567,244,245,1043,593,7821,-1288,-1991,-43,-213,120,92,363,371,0
954912,245,246,856,800,7287,-1510,-2083,-52,-6,23,182,373,360,0
958226,246,247,743,987,5880,-1702,-2208,-68,-174,-131,67,379,350,0
961568,248,248,668,1062,4086,-2010,-2163,-93,-441,93,38,383,362,0
964914,249,249,668,837,1601,-2360,-2377,-140,-112,-50,206,383,374,0
968228,250,251,256,781,-263,-2702,-2366,-198,-211,33,-94,405,377,0
971568,251,252,387,256,-1734,-2977,-2181,-275,-166,177,116,398,389,0
974913,253,253,0,162,-2893,-2936,-2269,-345,-187,-234,111,421,394,0
978232,254,254,0,106,-4127,-3394,-2000,-419,-411,38,-188,413,393,0
981590,255,256,0,0,-6084,-3554,-1862,-520,-261,79,60,402,388,0
984913,256,257,87,87,-7326,-3602,-1927,-611,205,-60,-32,394,378,0
988235,258,258,0,368,-6193,-3105,-1408,-659,22,216,52,400,363,0
991591,259,259,50,537,-5124,-2041,-1392,-723,392,29,237,380,354,0
994914,260,260,481,443,-3371,-1045,-1283,-820,77,-61,135,357,359,0
998238,261,261,968,312,-2471,374,-514,-884,162,45,495,331,366,0
1001591,262,262,1118,350,-1067,1269,262,-925,126,74,353,323,364,0
1004914,263,264,1043,106,-577,2414,897,-957,204,148,659,327,361,0
1008242,264,265,912,537,1219,4303,1240,-942,707,323,520,334,354,0
1011591,265,266,1212,725,4734,5810,1394,-896,96,108,606,354,364,0
1014914,266,267,1062,875,6654,6739,1375,-844,-442,-105,356,362,356,0
1018244,267,268,1081,1493,3155,5330,1528,-775,-922,-280,568,361,323,0
1021591,268,269,1100,1850,-1835,2611,2145,-700,-637,-445,552,360,304,0
1024914,269,270,1043,1568,-5901,-433,2701,-629,-279,98,726,363,319,0
1028248,271,271,706,1700,-8141,-2971,2241,-571,871,75,484,381,328,0
1031592,272,272,706,1118,-5235,-3804,1908,-529,345,401,251,381,359,0
1034917,273,273,500,912,-2270,-3208,2062,-481,-114,74,162,392,370,0
1038252,274,274,650,518,-1629,-2185,1394,-445,-602,42,-106,384,391,0
1041592,275,275,0,181,-3993,-1758,1162,-407,-61,174,-66,409,389,0
1044920,277,276,0,275,-3572,-1424,809,-354,177,-223,-93,390,384,0
1048254,278,278,0,518,-2839,-2155,830,-295,-400,32,-1,397,371,0
1051592,279,279,181,368,-4001,-2271,766,-224,478,-35,153,373,363,0
1054923,280,280,293,0,-1983,-1729,758,-142,592,199,202,367,390,0
1058258,281,281,443,12,2334,-312,1519,-32,-272,138,-71,359,382,0
1061616,282,282,743,406,2945,-146,1324,73,-121,80,-119,359,377,0
1064926,283,284,800,12,1280,413,633,162,140,92,271,356,382,0
1068261,284,285,518,0,2908,1563,428,243,303,-111,222,355,377,0
1071616,286,286,875,631,4655,1677,427,331,119,188,63,356,369,0
1074929,287,287,856,556,5520,1983,364,416,439,-82,147,357,373,0
1078264,288,288,893,443,8013,1808,17,485,135,193,71,355,379,0
1081620,289,289,931,575,8343,1489,-87,553,-53,89,217,353,372,0
1084932,290,291,837,706,8037,1072,-428,602,-233,-85,-55,358,365,0
1088267,291,292,537,443,5606,527,-453,646,-468,180,205,374,363,0
1091625,292,293,687,593,2926,333,-548,689,-375,-146,-24,382,371,0
1094936,293,294,575,481,655,287,-514,717,-302,202,106,388,377,0
1098270,295,295,275,668,-1452,424,-334,750,-207,-77,140,404,367,0
1101654,296,296,12,237,-2891,544,-51,789,-209,-50,-169,398,386,0
1104939,297,298,0,0,-4729,690,373,816,-255,-19,99,388,392,0
1108273,298,299,0,0,-6890,505,616,828,-54,-89,-11,387,382,0
1111625,299,300,425,387,-6882,261,697,821,290,-7,249,376,362,0
1114942,301,301,537,537,-5008,225,1299,823,434,-90,460,370,354,0
1118277,302,302,406,518,-1641,464,1806,836,32,-345,133,361,355,0
1121626,303,303,931,462,-409,770,2155,860,258,-317,496,333,358,0
1124945,304,304,1193,387,1744,1120,2370,887,299,-83,450,319,362,0
1128280,305,305,1343,462,4272,2137,2657,903,159,-157,506,327,358,0
1131627,306,306,912,593,5608,3225,2687,902,-16,-47,353,334,351,0
1134948,307,308,1268,912,5687,3729,2229,902,-590,-220,573,335,338,0
1138283,308,309,781,1250,1535,2979,1636,893,-608,-338,568,361,336,0
1141626,309,310,856,1662,-1643,1478,1580,878,-505,-113,834,373,314,0
1144953,310,310,875,2093,-4064,-49,1278,875,-304,-51,719,372,307,0
1148286,311,311,762,1775,-5358,-1493,515,854,-48,-11,616,378,324,0
1151627,312,312,800,1418,-4953,-2693,117,833,133,88,328,376,343,0
1154955,313,313,706,1268,-4204,-2869,446,821,-204,282,177,381,351,0
1158289,315,314,312,950,-4376,-2724,185,803,-135,-11,5,402,368,0
1161627,316,316,275,612,-5120,-2641,-536,762,-273,304,-169,404,386,0
1164959,317,317,0,200,-6055,-1852,-750,691,41,-20,-22,399,388,0
1168293,318,318,162,0,-4976,-1527,-1055,617,-49,-134,-102,390,401,0
1171628,320,319,0,425,-4970,-2149,-1146,561,-266,121,-85,400,376,0
1174961,321,321,12,312,-5258,-2452,-1359,506,266,-182,-10,382,382,0
1178296,322,322,0,0,-4545,-2756,-1421,448,345,-17,6,385,383,0
1181653,323,323,368,68,-2620,-2454,-1460,391,327,-225,152,363,379,0
1184965,324,324,350,0,-286,-2506,-880,363,-79,75,-35,364,383,0
1188300,325,325,406,12,-1107,-1381,-735,343,106,322,125,361,382,0
1191653,326,327,443,0,-1530,386,-1162,320,451,-136,177,359,382,0
1194968,327,328,1287,800,-518,1251,-1186,297,234,239,209,350,360,0
1198303,329,329,1268,518,1155,1760,-494,298,568,106,252,351,375,0
1201654,330,330,931,518,3627,2779,-573,297,152,313,2,353,375,0
1204971,331,331,931,650,4753,4005,-696,285,173,-48,103,353,368,0
1208305,332,332,931,687,5535,4672,-1208,249,234,90,-82,353,366,0
1211654,333,334,687,50,5778,4859,-1379,194,-11,-195,85,366,384,0
1214975,334,335,1043,481,5643,4350,-1308,134,-208,25,-175,363,377,0
1218309,335,336,1006,200,4346,4053,-1120,77,-153,65,141,365,392,0
1221654,336,337,762,275,3367,3685,-1276,-2,-155,-205,-38,378,388,0
1224977,337,338,781,293,1898,2976,-1221,-97,-14,-163,-227,377,387,0
1228313,339,340,593,0,-241,1827,-1106,-199,-22,20,30,367,393,0
1231655,340,341,312,0,-995,1615,-721,-295,73,17,-142,366,392,0
1234980,341,342,312,31,-853,1520,-187,-384,107,96,212,366,365,0
1238315,342,343,106,312,693,2433,-66,-470,102,8,57,377,350,0
1241654,343,344,443,537,1532,3294,395,-527,664,111,501,375,354,0
1244984,344,345,800,575,4109,3366,1083,-545,163,-368,275,356,352,0
1248318,345,346,1137,612,5433,1000,1499,-547,118,-461,328,338,350,0
1251655,346,348,1343,293,6413,-1007,789,-563,-383,-365,426,327,351,0
1254988,347,348,1250,537,4822,-1196,838,-552,-836,-528,605,332,354,0
1258322,348,349,1625,1362,-903,-1326,487,-541,-947,-627,784,332,330,0
1261679,349,350,1062,1587,-5492,-1898,-365,-566,-407,-353,799,362,318,0
1264990,350,351,650,1868,-7398,-2609,-1372,-615,-132,-88,908,384,303,0
1268325,352,352,781,1606,-7784,-2258,-1921,-658,259,-67,837,377,317,0
1271683,353,353,931,1643,-5340,-2583,-1842,-692,230,3,816,369,331,0
1274993,354,354,1025,1812,-3105,-2867,-1833,-717,-252,111,390,364,322,0
1278328,355,355,762,1681,-3439,-3531,-1563,-730,-218,117,365,378,329,0
1281684,356,356,893,1475,-3778,-3881,-1218,-725,-88,217,120,371,340,0
1284996,357,357,687,1100,-3930,-3503,-772,-705,-51,258,179,382,360,0
1288331,358,358,406,987,-3404,-2753,-638,-679,66,99,127,393,362,0
1291688,360,360,256,406,-2829,-2420,-402,-664,-158,220,-4,385,377,0
1295000,361,361,87,425,-2945,-2135,-327,-652,293,-80,103,394,376,0
1298334,362,362,256,612,-1670,-2238,-290,-624,37,4,25,385,366,0
1301691,363,363,368,706,-1671,-2150,-315,-597,201,-10,-3,379,361,0
1305003,364,364,518,631,-885,-2474,-400,-594,25,-38,-69,371,365,0
1308338,366,365,462,312,-705,-2177,-125,-580,-50,91,16,374,382,0
1311692,367,366,125,125,-111,-1821,-159,-563,450,-121,181,376,392,0
1315006,368,368,275,31,1551,-1523,-616,-545,1,206,62,368,381,0
1318341,369,369,368,68,2439,-433,-695,-523,159,-201,113,363,379,0
1321692,370,370,1250,725,2900,-87,-720,-505,273,121,34,352,380,0
1325010,371,371,1268,725,2951,681,-934,-499,272,204,288,351,380,0
1328344,372,373,1231,575,5290,1487,-1138,-495,432,115,43,353,388,0
1331692,373,374,1212,275,6773,1878,-1318,-498,93,295,87,354,388,0
1335012,374,375,1250,125,7762,2523,-1445,-509,75,90,9,352,396,0
1338347,375,376,1118,575,7848,3044,-1783,-542,213,-46,-76,359,372,0
1341693,376,377,1362,631,7510,2797,-1911,-596,-154,-121,8,362,385,0
1345016,378,379,875,237,6426,2412,-1639,-645,-282,156,-149,372,390,0
1348350,379,380,950,462,3687,1721,-1524,-705,-240,77,149,368,378,0
1351693,380,381,631,0,1690,1231,-931,-768,-218,179,7,365,389,0
1355019,381,382,781,162,372,792,-621,-834,95,59,56,357,374,0
1358354,382,383,893,87,-600,295,-103,-862,-257,290,-113,351,378,0
1361693,383,385,668,106,-1660,574,258,-880,-113,27,-232,363,361,0
1365023,384,386,612,237,-2263,359,692,-874,-532,-39,-54,366,354,0
1368356,386,387,443,331,-5653,689,808,-837,-222,64,43,375,349,0
1371714,387,388,537,687,-6688,1115,579,-776,156,131,459,370,346,0
1375025,388,389,481,668,-6853,2096,751,-692,43,80,284,373,347,0
1378360,389,390,312,87,-5400,2845,662,-614,402,224,721,366,362,0
1381718,390,391,1156,893,-2863,4245,764,-533,181,-148,771,357,355,0
1385029,391,392,1512,856,-325,5602,556,-467,95,-143,952,338,357,0
1388363,392,393,1981,950,848,5304,257,-421,-26,-405,1034,313,352,0
1391718,393,394,1587,1512,1016,4034,325,-386,-341,-637,1034,334,322,0
1395033,394,395,1325,1906,594,335,4,-366,-681,-582,900,348,301,0
1398366,395,396,1287,1925,-2596,-2180,-207,-360,26,-149,933,350,300,0
1401718,396,397,1306,1793,-3419,-4129,-281,-359,-19,-44,443,365,323,0
1405035,397,398,1118,1512,-3143,-5169,-180,-355,81,362,362,375,338,0
1408369,398,399,668,1268,-3229,-4853,-102,-349,86,114,98,399,351,0
1411746,400,400,218,1043,-2746,-4353,-108,-340,-109,392,0,403,359,0
1415038,401,401,0,350,-2468,-3566,-500,-351,-269,222,28,408,380,0
1418373,402,402,0,275,-3474,-3254,-607,-365,-20,-16,-58,403,384,0
1421719,404,404,12,425,-3808,-2577,-569,-364,-297,82,-144,398,376,0
1425042,405,405,125,218,-4496,-2902,-724,-365,252,-298,-78,392,387,0
1428376,406,406,200,481,-3980,-3855,-786,-367,410,-3,2,388,373,0
1431719,407,407,312,256,-2977,-3937,-505,-353,234,18,106,382,385,0
1435045,408,408,406,237,-1037,-3441,-423,-331,234,-103,56,377,386,0
1438379,409,410,425,0,102,-2836,-170,-295,5,157,130,376,387,0
1441720,411,411,181,0,456,-1814,-378,-262,254,18,136,373,397,0
1445048,412,412,1493,1418,977,-387,-753,-230,153,63,62,371,375,0
1448382,413,413,781,912,1639,347,-820,-196,301,51,381,409,402,0
1451741,414,415,650,237,3338,646,-703,-166,228,-47,94,432,438,0
1455052,416,416,500,631,4986,1465,-903,-147,27,144,-76,424,417,0
1458386,417,418,800,687,5138,2194,-1077,-152,-9,120,156,408,414,0
1461744,418,419,1025,0,5748,2510,-1455,-178,86,-7,-81,396,436,0
1465054,420,420,275,162,5846,2382,-1373,-217,-103,178,-147,420,426,0
1468390,421,422,575,256,4996,2348,-1465,-271,-103,-45,80,404,421,0
1471744,422,423,1006,50,4195,2162,-1346,-335,-15,-70,-65,397,432,0
1475057,424,424,0,256,3599,2077,-1195,-397,-321,-212,-350,432,401,0
1478392,425,426,0,0,2381,1938,-1103,-450,-223,27,194,423,405,0
1481744,426,427,50,87,1046,2289,-743,-497,-75,-151,-105,412,394,0
1485061,428,428,143,125,-100,2650,66,-515,102,143,56,407,392,0
1488395,429,429,0,312,968,3011,166,-534,66,-43,125,401,382,0
1491745,430,431,31,0,1191,2931,62,-549,19,-42,-144,397,384,0
1495064,431,432,162,0,1552,2234,-117,-561,-117,-143,120,390,389,0
1498398,432,433,1006,312,975,1956,399,-559,-221,135,165,361,382,0
1501745,433,434,650,87,3,2621,362,-548,-169,149,-32,364,378,0
1505067,435,435,950,1025,-1509,4077,196,-535,-189,332,355,368,364,0
1508401,436,437,350,968,-2328,5586,271,-518,-553,-229,225,400,351,0
1511746,437,438,481,1625,-5101,5100,-120,-516,-636,-170,639,393,316,0
1515070,438,438,443,2018,-9143,2290,-114,-516,-335,-271,680,395,311,0
1518405,439,439,1175,2131,-10461,-585,326,-503,-252,-63,1107,356,305,0
1521746,440,440,1043,1831,-10473,-3089,574,-469,418,-88,1068,363,321,0
1525073,442,441,1043,2075,-6423,-5399,744,-427,103,344,708,379,324,0
1528409,443,442,875,1662,-4037,-5061,957,-379,339,41,765,372,346,0
1531767,444,443,950,1381,-2387,-4181,1871,-298,286,197,634,368,361,0
1535077,445,444,856,1287,774,-2675,2285,-202,493,213,556,373,366,0
1538434,446,446,0,387,3090,-1852,2335,-113,-297,450,189,404,378,0
1541767,447,447,350,331,3135,-135,1778,-45,-68,168,31,380,381,0
1545080,449,448,200,481,2384,1431,1729,14,155,89,149,388,373,0
1548438,450,449,500,556,3095,2121,1927,86,111,59,-34,372,385,0
1551771,451,450,387,462,4556,2320,2088,175,220,-63,-6,378,390,0
1555083,452,452,668,50,5113,2507,1877,259,-510,6,-105,363,396,0
1558441,453,453,612,368,3231,2849,1488,327,-57,-16,92,366,379,0
1561770,454,454,537,425,3375,2380,584,374,54,-133,4,370,376,0
1565086,455,455,462,575,3511,2189,356,419,-160,-90,17,374,368,0
1568445,456,456,987,1118,3539,1850,125,468,-291,-83,10,366,359,0
1571771,458,458,800,443,2409,1610,-370,499,-324,-31,198,360,379,0
1575089,459,459,1006,612,235,437,-1040,513,233,-71,256,349,370,0
1578447,460,460,1212,1118,-179,-605,-1315,514,-297,144,144,354,359,0
1581771,461,461,1043,837,-1812,-745,-1762,496,34,-97,249,363,374,0
1585093,462,462,1118,687,-2720,-1930,-2024,467,-142,281,29,359,382,0
1588452,463,463,631,556,-3988,-2191,-2051,426,-152,138,163,385,389,0
1591771,464,465,425,0,-4679,-2196,-2232,354,79,-83,-103,396,404,0
1595096,465,466,350,0,-5364,-2072,-1926,289,-202,183,-40,400,404,0
1598454,467,467,0,0,-5772,-1671,-1886,228,230,-164,82,408,401,0
1601772,468,468,31,237,-5356,-1622,-1549,183,249,-203,88,397,386,0
1605099,469,470,200,0,-3795,-1549,-649,151,100,-255,424,388,394,0
1608454,470,471,368,312,-2695,-1492,10,140,448,-155,292,379,366,0
1611772,472,472,275,481,-1041,-889,829,159,254,82,61,368,357,0
1615102,472,473,1175,406,1665,1040,1659,203,606,-238,381,336,361,0
1618459,474,474,837,200,4579,1146,2145,274,132,-79,228,338,372,0
1621793,475,475,818,200,5956,1210,2690,361,207,-68,394,339,372,0
1625105,476,477,706,162,7410,2584,3135,449,124,-6,96,345,374,0
1628490,477,478,1287,800,7593,3979,3347,536,-271,68,261,350,360,0
1631796,478,479,1043,781,6483,5510,3078,609,-773,-34,144,363,361,0
1635109,479,480,668,1362,1984,5622,2891,669,-902,-288,601,383,330,0
1638462,480,481,368,1681,-2681,3837,2462,687,-748,-450,476,399,313,0
1641797,481,482,950,1850,-6964,1532,2306,688,-358,40,580,368,304,0
1645112,482,483,1006,1493,-9337,-938,1664,667,406,-154,587,365,323,0
1648463,484,484,818,1681,-7671,-2768,1381,655,383,59,464,375,329,0
1651797,485,485,575,1212,-4758,-3518,1195,638,428,81,400,388,354,0
1655115,486,486,575,1006,-2325,-3962,1292,618,-705,138,-210,388,365,0
1658462,487,487,500,518,-4638,-3078,992,584,34,9,-70,392,391,0
1661797,488,488,87,162,-5425,-2559,804,550,242,-213,-213,394,390,0
1665118,490,489,0,275,-3783,-2116,928,533,-231,-90,10,407,384,0
1668464,491,491,0,0,-4188,-2961,768,539,470,-180,384,383,385,0
1671798,492,492,368,106,-2216,-3090,935,557,625,-29,222,363,377,0
1675122,493,493,556,0,1609,-1351,1547,601,595,109,289,353,391,0
1678464,494,494,818,312,4861,-248,2110,679,-13,133,-187,355,382,0
1681798,495,496,743,0,4375,804,2151,778,158,175,141,359,385,0
1685125,496,497,743,50,5156,2155,1486,866,565,-195,222,359,380,0
1688463,497,498,706,181,7214,2568,1652,973,-135,16,256,361,373,0
1691798,498,499,1043,668,7529,2588,1602,1086,32,-192,52,363,367,0
1695128,500,500,856,687,7191,2466,1365,1193,-83,-29,21,373,366,0
1698486,501,501,800,762,6338,2139,724,1285,-73,-101,298,360,362,0
1701819,502,502,968,987,5491,1406,137,1350,10,154,55,351,350,0
1705131,503,503,1100,1175,4972,535,-454,1394,-366,60,268,344,340,0
1708489,504,504,1025,1418,3104,-74,-671,1422,-491,127,36,364,343,0
1711823,505,505,743,1418,171,-304,-554,1425,-427,64,355,379,343,0
1715135,506,507,593,1118,-4177,-817,-1158,1388,-386,-135,120,387,359,0
1718489,508,508,200,537,-6666,-1719,-759,1339,-91,200,173,392,374,0
1721851,509,509,218,331,-7400,-2091,-717,1264,256,-48,156,387,381,0
1725137,510,510,0,0,-6091,-1801,-740,1174,116,-82,42,390,383,0
1728489,511,511,387,556,-5221,-1328,-415,1077,397,-152,426,378,369,0
1731823,512,512,537,743,-2742,-1259,-44,978,172,-146,320,370,359,0
1735140,513,513,650,893,-1224,-815,674,894,-62,-40,362,364,351,0
1738489,514,514,818,725,-63,-243,1115,833,689,-184,312,355,360,0
1741823,515,516,912,312,2497,420,1916,802,257,-38,327,350,366,0
1745144,516,517,931,125,5440,1073,2253,796,69,-123,308,349,376,0
1748489,518,518,650,87,5666,1754,2361,798,-181,274,306,348,378,0
1751823,519,519,612,312,4852,3362,2033,809,52,-40,318,350,366,0
1755147,520,520,893,743,5619,5775,1908,826,-484,121,28,355,363,0
1758490,521,521,800,1043,4177,6933,1622,839,-861,-313,440,376,363,0
1761825,522,522,500,1681,187,6233,1195,836,-756,-655,315,392,329,0
1765150,523,523,556,2150,-5213,3298,1184,842,-649,-409,490,389,304,0
1768490,524,524,781,2093,-8588,604,1233,855,-134,-246,476,377,307,0
1771824,526,525,443,1700,-9869,-1716,1438,871,235,-24,344,379,328,0
1775153,527,526,443,1550,-7623,-4102,1304,888,812,114,475,379,336,0
1778511,528,527,725,1418,-4095,-5210,1673,911,-335,245,136,380,359,0
1781846,529,528,725,1418,-3048,-4683,1973,924,-317,209,-177,380,359,0
1785156,530,529,312,875,-4765,-3618,1657,910,-244,245,-84,382,368,0
1788515,531,531,200,143,-6332,-2543,1186,880,158,-55,-108,388,391,0
1791848,533,532,0,256,-5912,-2515,975,864,176,-160,110,387,385,0
1795160,534,533,143,12,-4927,-3148,929,842,435,-80,141,375,398,0
1798515,535,534,425,312,-2794,-2952,970,822,928,-124,388,360,382,0
1801848,536,536,593,0,1567,-1905,2074,844,134,41,416,351,393,0
1805163,537,537,593,0,4612,-96,3059,917,255,75,-55,351,384,0
1808515,538,538,762,162,4697,710,2799,1000,380,155,109,358,390,0
1811848,539,539,481,0,4147,2423,2271,1085,231,56,332,357,384,0
1815166,540,540,1418,668,6477,3121,2720,1191,230,-89,113,343,383,0
1818515,541,542,1175,350,7127,3111,2539,1288,31,176,139,356,384,0
1821849,542,543,1175,575,7847,3050,1860,1382,-2,-220,54,356,372,0
1825169,543,544,1418,725,7887,2459,1218,1444,-90,243,48,343,364,0
1828516,545,545,1175,687,7257,2137,415,1479,-140,-87,195,340,366,0
1831849,546,546,837,706,7225,1432,-3,1502,-351,225,-66,358,365,0
1835172,547,547,931,1062,4609,1375,312,1525,-403,5,248,369,362,0
1838516,548,548,312,1212,2217,1432,763,1550,-595,-164,90,402,354,0
1841849,549,550,237,931,-402,1200,593,1548,-462,-24,231,406,353,0
1845176,550,551,518,575,-4617,619,589,1531,-220,-157,79,391,372,0
1848517,552,552,0,106,-6735,-94,1332,1513,-301,116,-32,399,377,0
1851849,553,553,0,331,-7816,-125,1965,1504,28,-103,142,387,365,0
1855179,554,554,0,256,-6567,-381,1877,1489,170,-109,118,384,369,0
1858516,555,555,518,650,-4632,-644,2490,1503,112,75,474,371,364,0
1861850,556,556,687,800,-1976,-1002,3435,1551,380,-224,527,362,356,0
1865183,557,558,1062,818,-159,-750,3952,1624,47,-37,325,342,355,0
1868541,558,559,1306,256,1316,-210,4190,1717,684,-208,510,329,369,0
1871874,559,560,1306,68,5235,-283,4221,1812,-199,24,410,329,379,0
1875185,560,561,1137,200,6698,485,4270,1907,-237,172,421,338,372,0
1878541,562,562,1062,800,6089,1957,3815,1981,-465,192,457,346,360,0
1881877,563,563,856,650,4479,3723,2800,2028,-563,-50,520,357,368,0
1885188,564,564,593,1137,1291,3870,1660,2028,-715,-20,415,371,342,0
1888542,565,565,837,1868,-2100,2802,946,1996,-524,-236,711,374,319,0
1891878,566,566,1025,1962,-5871,715,314,1954,-239,-112,505,364,314,0
1895192,567,567,1081,1850,-6907,-831,46,1918,33,-14,533,361,320,0
1898541,568,568,837,1550,-6467,-2599,-21,1887,141,37,255,374,336,0
1901883,569,569,537,1437,-5379,-3771,343,1869,108,105,216,390,342,0
1905196,570,570,706,1268,-4359,-4120,2,1838,23,103,-65,381,351,0
1908543,572,571,200,912,-4289,-3802,-111,1770,-201,261,-166,388,366,0
1911885,573,572,0,743,-5362,-2594,-371,1663,119,1,-7,405,375,0
1915199,574,574,200,312,-5526,-2685,-617,1556,-339,-6,-107,388,382,0
1918543,575,575,200,0,-6167,-2988,-816,1460,459,-114,3,388,403,0
1921884,576,576,125,331,-4255,-3039,-1061,1342,488,16,202,392,381,0
1925202,578,577,312,181,-2220,-2687,-682,1241,336,-27,214,366,389,0
1928543,579,578,462,218,-54,-2078,-634,1163,419,-96,101,358,387,0
1931884,580,580,368,0,2347,-1764,-132,1121,-239,302,-89,363,391,0
1935205,581,581,368,50,1578,-480,-349,1097,401,155,173,363,380,0
1938574,582,582,1212,631,2724,776,-614,1078,134,87,180,354,385,0
1941884,583,583,912,575,4321,1722,-483,1053,147,159,346,370,388,0
1945208,584,585,950,425,5368,1902,-431,1016,372,26,44,368,396,0
1948563,585,586,1137,443,6841,2618,-479,982,125,250,86,358,379,0
1951885,586,587,1268,575,8008,3686,-941,934,-10,140,131,351,372,0
1955211,588,588,1212,612,8034,4307,-1504,846,209,158,37,354,370,0
1958567,589,589,1025,687,8133,4524,-1625,734,-201,93,134,364,382,0
1961885,590,591,687,406,6491,3727,-1021,643,-508,132,-138,382,381,0
1965214,591,592,743,800,3216,3257,-945,536,-256,34,161,379,360,0
1968568,592,593,406,912,587,2728,-439,415,-74,172,79,397,354,0
1971885,593,594,0,500,-392,2719,-283,282,-73,224,49,400,356,0
1975218,595,595,0,331,-1847,2866,291,160,-460,97,7,395,365,0
1978568,596,596,0,256,-3291,3332,830,54,-291,53,-158,386,369,0
1981910,597,597,31,387,-5514,3468,1639,-27,-81,68,152,381,362,0
1985220,598,598,68,593,-5455,3068,1278,-106,-25,-272,50,379,351,0
1988569,599,599,312,1043,-5586,2477,1708,-140,345,115,437,382,343,0
1991911,600,600,762,706,-2475,2629,2010,-129,263,-171,286,358,361,0
1995224,602,602,1043,387,-985,2277,2708,-74,-24,-188,461,343,362,0
1998568,602,603,1306,518,-125,1743,2460,-7,255,-492,535,329,355,0
2001911,603,604,1718,743,749,284,2085,56,-400,-280,657,327,363,0
2005228,604,605,1718,818,-819,-467,1996,119,29,-653,772,327,359,0
2008569,605,606,1700,987,-1462,-1764,1691,161,-92,-438,716,328,350,0
2011911,606,607,1887,1268,-1744,-3106,1033,193,-67,-242,771,318,335,0
2015230,607,608,1793,1568,-1764,-3401,483,212,-99,-292,679,323,319,0
2018569,608,609,1981,1662,-1785,-3549,0,223,151,9,635,329,330,0
2021912,609,610,1418,1625,-1288,-3656,-535,226,-168,65,469,359,332,0
2025233,611,611,856,1325,-2043,-4043,-831,225,-47,306,423,389,348,0
2028590,612,612,275,1287,-2481,-3997,-905,230,-2,172,75,404,350,0
2031939,613,613,368,1006,-3042,-4054,-1565,203,-106,201,115,395,361,0
2035237,614,614,31,575,-3076,-3556,-1848,165,40,-13,37,397,368,0
2038594,616,615,50,687,-3601,-2918,-1569,120,-246,97,45,396,378,0
2041912,617,617,237,275,-3920,-2809,-1339,89,334,-268,114,386,384,0
2045240,618,618,425,537,-2731,-3433,-1236,69,-33,206,-9,376,370,0
2048594,619,619,425,537,-2334,-3173,-1143,49,166,27,131,376,370,0
2051912,620,620,500,312,-886,-2669,-910,34,-19,-21,-45,372,382,0
2055243,621,621,425,537,-444,-1914,-452,35,45,111,56,376,370,0
2058594,622,623,406,68,603,-1148,-715,42,313,0,149,377,379,0
2061913,624,624,181,0,2106,-342,-1094,54,-83,45,136,373,387,0
2065246,625,625,1662,1025,2526,191,-988,74,333,43,324,362,396,0
2068595,626,626,1193,1062,3811,338,-1111,72,132,108,-15,403,410,0
2071939,627,628,1175,725,5368,1133,-1398,57,-42,201,118,404,412,0
2075249,629,629,1437,275,6116,1769,-2039,7,339,2,-62,390,436,0
2078595,630,630,706,443,6829,2255,-2272,-54,214,134,-165,413,427,0
2081941,631,632,725,218,7904,3060,-2289,-134,-15,168,55,412,423,0
2085253,632,633,668,0,8019,3190,-2164,-228,-448,-122,-62,415,435,0
2088595,634,635,687,650,6338,2862,-1925,-339,-534,12,-321,414,400,0
2091941,635,636,931,762,1661,1615,-1718,-433,-238,152,250,401,394,0
2095256,636,637,387,50,-15,1287,-1111,-521,-7,-30,225,410,412,0
2098596,638,638,12,368,28,1558,-579,-602,-123,149,-97,414,395,0
2101942,639,640,293,200,-900,1889,-41,-688,-420,288,-108,399,388,0
2105259,640,641,162,237,-2997,2533,123,-761,85,73,-150,406,386,0
2108617,642,642,0,406,-3448,2935,327,-816,-409,165,-42,414,377,0
2111941,643,643,0,612,-4630,3457,472,-864,-234,116,287,406,366,0
2115262,644,644,181,368,-5597,3825,-19,-917,-65,-54,31,389,379,0
2118618,645,646,650,575,-6063,4289,32,-948,-248,75,163,380,368,0
2121942,646,647,481,50,-5534,4922,368,-952,270,-257,281,373,380,0
2125265,648,648,1418,837,-4420,5303,373,-940,-279,-147,435,359,374,0
2128619,649,649,1193,987,-4541,4582,107,-920,24,-260,722,355,366,0
2131942,650,650,1587,1456,-4178,1408,-233,-901,369,-377,983,334,341,0
2135268,651,651,1756,1606,-2562,-1310,182,-867,356,-314,1114,325,333,0
2138619,652,652,1793,1718,-1243,-3619,702,-797,-108,-240,861,323,327,0
2141942,653,653,1587,1550,-1033,-6777,866,-712,104,0,711,334,336,0
2145272,654,654,1456,1812,-626,-8006,676,-642,-148,233,326,357,338,0
2148619,655,655,931,1362,-700,-7575,757,-576,-114,372,370,385,362,0
2151942,656,656,875,1287,-1656,-5607,552,-520,-305,455,142,388,366,0
2155275,657,657,500,1343,-2598,-3970,198,-478,-82,538,181,408,363,0
2158620,659,659,0,350,-2797,-2941,-328,-460,27,135,100,413,380,0
2161944,660,660,12,87,-2879,-1673,-138,-450,-314,60,76,398,394,0
2165278,661,661,68,125,-3308,-1245,-176,-434,407,-267,187,395,392,0
2168620,662,662,743,406,-2044,-1666,-207,-406,377,-145,7,375,393,0
2171947,663,664,837,31,506,-1430,135,-371,-53,143,9,370,397,0
2175282,664,665,781,87,1604,-644,622,-317,-57,-12,-182,373,394,0
2178620,666,666,331,200,1568,214,284,-264,64,167,-32,381,388,0
2181950,667,667,387,387,1627,1272,-622,-220,282,-8,248,378,378,0
2185284,668,668,612,293,3114,1148,-756,-172,167,7,-96,366,383,0
2188621,669,670,837,593,3950,973,-795,-126,14,-29,164,374,371,0
2191954,670,671,893,462,4749,1427,-1341,-100,241,40,-43,371,378,0
2195288,671,672,856,256,5576,1958,-1698,-93,62,138,-79,373,389,0
2198645,672,673,1231,537,5959,2268,-1849,-97,-100,36,41,369,390,0
2201956,674,674,856,518,4839,2495,-2266,-133,-87,-20,-97,373,391,0
2205291,675,676,893,162,4072,2285,-2127,-181,-140,88,170,371,394,0
2208648,676,677,968,125,3207,2102,-2106,-246,-176,70,-87,367,396,0
2211960,677,678,875,500,1181,2000,-2195,-318,-119,73,85,372,376,0
2215294,678,679,462,237,-383,1493,-2005,-391,17,22,105,394,390,0
2218654,680,681,0,0,-764,1527,-1648,-457,30,130,40,401,392,0
2221964,681,682,106,0,-1242,1841,-1611,-507,-372,-24,88,393,386,0
2225297,682,683,0,125,-3335,2205,-1308,-549,6,-257,-45,399,376,0
2228653,683,684,68,350,-4441,2407,-630,-580,19,48,150,395,364,0
2231966,684,685,312,462,-4067,1983,-296,-601,37,-171,152,382,358,0
2235300,686,686,0,368,-3922,1900,-606,-623,151,150,229,392,363,0
2235300,686,686,0,368,-3922,1900,-606,-623,151,150,229,392,363,0
2238654,687,687,218,331,-3222,2276,-729,-639,-104,-165,367,371,365,0
2241969,688,688,462,312,-3009,3429,-253,-653,36,74,247,358,366,0
2245304,689,690,706,87,-2768,3970,-469,-689,106,-151,664,345,362,0
2248682,690,691,1887,875,-1844,4009,-872,-743,57,-487,787,318,356,0
2251973,691,692,1775,1156,-842,3070,-758,-788,45,-418,1155,324,341,0
2255307,692,693,1643,1418,-883,1108,-693,-834,-288,-649,810,331,327,0
2258655,693,694,1681,1981,-1151,-1061,-543,-868,-116,-528,985,329,297,0
2261976,694,694,1456,2018,-2577,-3417,-444,-888,-112,-49,695,341,311,0
2265310,695,695,1381,1887,-3577,-4430,-291,-887,41,-47,740,345,318,0
2268655,696,696,1231,2037,-3705,-4967,-266,-891,159,216,341,369,326,0
2271979,697,698,800,1306,-3061,-4672,258,-877,91,211,417,392,349,0
2275313,698,699,725,1381,-3149,-4437,69,-869,138,215,127,396,361,0
2278655,700,700,293,762,-2995,-4111,37,-872,-236,263,-63,403,378,0
2281982,701,701,0,275,-3531,-3058,149,-886,-1,8,94,412,384,0
2285316,702,702,0,0,-3981,-2757,99,-892,76,-83,123,401,401,0
2288656,703,703,125,312,-4055,-2046,286,-864,150,153,72,392,382,0
2291986,704,705,556,0,-2622,-1707,319,-830,548,-191,47,369,386,0
2295320,706,706,293,12,-4,-1713,529,-789,-24,106,21,367,382,0
2298656,707,707,462,368,1010,-1359,581,-729,207,24,93,374,379,0
2301989,708,708,462,218,1834,-442,318,-666,85,216,10,374,387,0
2305324,709,709,537,312,2536,543,108,-605,168,7,282,370,382,0
2308681,710,711,631,237,3883,952,110,-530,144,-72,95,365,370,0
2311992,711,712,1100,612,4810,1440,69,-462,93,179,138,360,370,0
2315327,712,713,875,425,5575,2018,-138,-400,153,-45,75,372,380,0
2318681,713,714,800,631,6409,2596,-591,-350,19,208,19,376,369,0
2321996,715,715,537,350,6902,3319,-836,-314,-4,7,134,374,384,0
2325329,716,717,481,293,7312,3607,-1079,-296,-43,27,-129,377,387,0
2328682,717,718,537,331,7229,3556,-1095,-280,20,180,117,390,385,0
2331998,718,719,650,87,6461,3641,-1099,-273,-315,-176,-50,384,398,0
2335332,720,720,256,462,4833,3463,-1161,-290,-282,-38,-145,405,378,0
2338682,721,721,162,331,2953,2853,-783,-305,-82,10,162,394,385,0
2342001,722,723,0,0,1301,2821,-496,-302,76,-23,-23,402,391,0
2345336,723,724,0,0,891,2969,134,-275,-264,233,-13,394,383,0
2348682,724,725,0,0,319,3105,88,-264,-273,-91,-118,407,383,0
2352005,726,726,0,275,-1491,3085,177,-244,-105,52,-142,384,368,0
2355339,727,727,0,425,-2239,3166,488,-201,-67,-124,191,383,360,0
2358683,728,728,237,500,-2371,3151,770,-153,-264,-102,130,370,356,0
2362008,729,730,293,368,-4209,2899,868,-105,-313,-82,287,367,347,0
2365342,730,731,406,425,-5717,2162,892,-60,-21,-303,228,361,360,0
2368683,731,732,725,237,-6689,1129,729,-23,-118,-143,541,344,354,0
2372011,732,733,1043,443,-6663,474,402,-2,222,-355,586,327,343,0
2375346,733,734,1681,837,-5552,-658,254,14,248,-275,961,313,342,0
2378683,734,735,1906,1362,-3690,-2849,-119,2,-2,-352,734,317,330,0
2382014,735,736,2037,1531,-2012,-4155,-558,-17,-68,-212,846,310,321,0
2385349,736,737,2000,1493,-2279,-4874,-935,-47,-152,-155,584,312,323,0
2388707,737,738,1587,1400,-3017,-5314,-1080,-85,80,95,742,334,328,0
2392017,738,739,1475,1006,-3079,-5414,-1070,-122,140,173,535,340,349,0
2395352,739,740,950,931,-2533,-4989,-845,-157,86,186,557,368,353,0
2398707,740,741,1025,1250,-2269,-4354,-849,-194,140,251,224,380,352,0
2402020,741,742,668,1006,-1226,-3471,-677,-231,52,320,233,399,365,0
2405356,743,743,368,312,-1244,-2869,-688,-271,-66,71,258,395,382,0
2408712,744,744,0,537,-1592,-2259,-579,-299,-209,203,-63,400,370,0
2412024,745,745,275,612,-2306,-1967,-311,-312,29,49,183,384,366,0
2415358,746,746,312,462,-1816,-2067,-373,-327,119,-115,-41,382,374,0
2418716,747,748,218,0,-1137,-2141,-95,-332,-154,195,-2,387,384,0
2422028,749,749,406,87,-1013,-1638,46,-327,203,27,143,377,378,0
2425361,750,750,87,0,277,-1210,-95,-311,-58,87,0,378,392,0
2428720,751,751,443,368,718,-670,-574,-303,57,-58,173,375,379,0
2432030,752,752,368,87,1058,-429,-959,-299,117,-18,-95,363,378,0
2435365,753,754,1212,987,1855,-249,-938,-294,120,158,237,354,366,0
2438721,754,755,1081,518,3178,147,-1163,-296,315,41,36,361,375,0
2442033,755,756,1062,481,4378,914,-1618,-311,286,294,152,362,377,0
2445368,756,757,1193,143,5528,1520,-1806,-343,92,140,146,355,395,0
2448720,757,758,1137,350,6586,2225,-1912,-387,52,209,12,358,384,0
2452036,759,760,1081,0,6620,2729,-2183,-459,33,114,224,361,387,0
2455371,760,761,1081,387,6413,2810,-2329,-535,-106,210,-127,361,382,0
2458720,761,762,1137,406,5107,2472,-2360,-614,-200,14,71,358,381,0
2462040,762,763,987,387,3240,2095,-2274,-700,-402,68,-113,366,382,0
2465375,763,764,1025,350,900,1648,-1992,-787,12,130,142,364,384,0
2468721,764,766,762,0,-726,976,-1723,-868,-250,279,-34,358,378,0
2472043,765,767,912,12,-1679,1077,-1484,-942,74,45,-42,350,366,0
2475377,766,768,762,106,-1646,624,-1273,-1005,-55,141,54,358,361,0
2478721,767,769,800,537,-3114,1000,-1102,-1052,-407,-45,-220,372,354,0
2482046,769,770,575,612,-5792,1017,-981,-1090,164,140,195,384,350,0
2485381,770,771,425,631,-6455,1592,-949,-1116,138,47,121,376,349,0
2488721,771,772,537,518,-5478,1825,-376,-1110,255,-8,503,370,355,0
2492050,772,773,781,425,-4373,2292,54,-1079,-165,-87,164,357,360,0
2495385,773,774,837,462,-4231,2800,153,-1041,570,212,722,354,358,0
2498721,774,775,1362,837,-282,4283,212,-1001,272,-182,693,346,358,0
2502052,775,777,1718,218,1795,5677,988,-944,300,-184,720,327,375,0
2505387,776,778,1700,462,3941,6380,1128,-882,-183,-491,984,328,362,0
2508743,777,779,1550,1662,2677,4642,1768,-805,-323,-728,946,352,314,0
2512057,778,779,1437,2300,682,1388,1753,-729,-734,-340,861,358,296,0
2515390,779,780,1418,2075,-2852,-1359,1830,-654,-303,-181,886,359,308,0
2518746,780,781,1362,1606,-4876,-3704,1363,-602,96,-59,519,362,333,0
2522059,782,782,912,1493,-4761,-4500,1639,-539,627,229,462,386,339,0
2525393,783,783,650,1118,-2913,-4254,1898,-476,115,118,344,400,359,0
2528747,784,784,125,912,-1926,-3937,1610,-427,-42,48,-184,408,366,0
2532063,785,786,162,425,-2479,-3659,710,-402,-263,104,46,406,376,0
2535397,787,787,331,237,-3665,-3453,863,-357,15,-148,33,397,386,0
2538747,788,788,0,406,-3568,-2941,954,-298,-301,-37,-140,407,377,0
2542065,789,789,162,200,-4113,-3516,1150,-232,162,-73,190,390,388,0
2545400,790,790,237,387,-3267,-3971,993,-165,348,100,78,386,378,0
2548747,791,792,218,162,-885,-3228,1060,-81,223,190,201,387,374,0
2552068,792,793,612,0,903,-2522,1234,13,226,-18,-51,366,389,0
2555403,794,794,218,50,2040,-2168,1397,116,-128,211,-141,371,380,0
2558779,795,795,1062,631,1297,-907,640,204,377,182,303,362,385,0
2562072,796,796,987,575,2760,-265,463,292,278,-49,63,366,388,0
2565406,797,798,631,181,4203,-32,646,386,64,190,211,385,393,0
2568747,798,799,668,200,5638,691,606,476,209,87,-94,383,392,0
2572076,799,800,875,650,6516,1602,298,547,30,141,-59,372,368,0
2575409,801,801,875,518,6864,2021,-17,600,68,-89,10,372,375,0
2578748,802,802,743,612,7505,2226,-389,635,87,-33,-105,379,386,0
2582079,803,804,706,293,7660,2176,-354,663,-358,158,-22,381,387,0
2585413,804,805,800,218,6452,1762,-546,681,-252,-244,-216,376,391,0
2588768,805,806,875,387,3743,1045,-576,693,-274,142,17,372,382,0
2592081,806,807,612,0,2264,264,-525,707,-284,131,47,366,389,0
2595416,807,809,537,125,629,82,-411,706,351,211,93,370,376,0
2598773,809,810,68,0,1726,709,-158,699,-637,77,-5,379,371,0
2602085,810,811,106,106,94,1695,-11,694,-676,27,-303,377,361,0
2605419,811,812,12,368,-3362,2322,65,689,-259,-2,239,382,347,0
2608772,812,813,293,743,-5339,3113,152,663,-96,8,93,383,343,0
2612088,813,814,218,687,-5865,3754,65,630,-97,210,107,387,346,0
2615422,814,815,462,556,-6383,4140,-469,560,150,-27,248,374,353,0
2618773,816,816,312,312,-5788,5085,-281,496,18,-128,139,366,366,0
2622092,817,817,912,837,-5436,5554,-33,438,98,-202,435,354,358,0
2625425,818,818,1043,650,-4629,5568,-274,387,208,-276,548,347,368,0
2628773,819,820,1325,687,-3246,4357,-297,326,252,-370,1011,332,350,0
2632094,820,821,1400,800,-1825,2648,-203,261,97,-537,904,328,344,0
2635428,821,821,1531,2168,-28,222,523,227,-173,-536,1070,337,303,0
2638773,822,822,1362,1962,87,-3030,1143,240,-191,-209,716,346,314,0
2642097,823,823,1362,1868,-458,-5130,1330,255,-228,-146,661,346,319,0
2645432,824,824,987,1437,-1194,-6422,1383,268,-90,299,352,366,342,0
2648775,825,825,593,1418,-2161,-6303,1625,283,-61,381,335,387,343,0
2652100,826,826,575,1100,-2596,-5357,1312,293,-104,333,34,384,356,0
2655435,828,827,0,950,-2883,-4234,908,288,-244,396,88,405,364,0
2658774,829,829,143,556,-2962,-3054,410,263,10,36,76,391,369,0
2662104,830,830,106,275,-3214,-2900,299,228,-58,45,18,393,384,0
2665462,831,831,425,518,-3212,-2183,558,226,162,124,167,376,371,0
2668795,832,832,725,87,-1543,-1636,805,237,319,-92,171,360,394,0
2672107,833,834,725,293,-55,-1269,1185,253,-18,99,35,360,383,0
2675465,834,835,575,106,922,-1071,968,265,97,112,-166,368,377,0
2678799,836,836,68,0,1267,-246,784,280,179,154,-38,379,396,0
2682110,837,837,162,218,2393,735,476,295,399,-68,168,374,371,0
2685468,838,838,1662,1343,4029,1199,402,320,112,-88,-19,378,395,0
2688799,839,840,893,875,5399,1472,328,341,93,-108,249,419,404,0
2692113,840,841,987,387,6381,1864,2,358,90,-54,-48,414,430,0
2695472,842,842,650,668,6801,2374,-487,361,91,67,-180,416,415,0
2698799,843,844,668,312,6814,3005,-873,350,-1,186,176,415,418,0
2702117,844,845,575,0,7321,3470,-1073,330,-160,-217,11,420,437,0
2705475,846,846,556,556,6763,3231,-857,308,-430,138,-245,421,421,0
2708799,847,848,668,406,3403,2390,-536,291,-277,76,164,415,413,0
2712120,848,849,518,312,1335,2114,-367,278,50,-267,-81,423,418,0
2715479,850,850,0,406,357,1984,-2,273,-93,91,-48,418,393,0
2718800,851,852,125,87,-523,2339,409,284,-88,-2,137,408,394,0
2722123,852,853,350,0,-1294,2643,748,322,0,-72,-144,396,403,0
2725482,854,854,0,87,-2397,2884,721,353,-85,-19,-239,407,394,0
2728800,855,855,0,312,-3143,2814,1129,389,70,-89,225,403,382,0
2732127,856,857,68,12,-2360,3025,1225,436,-6,-123,83,395,382,0
2735482,857,858,575,143,-2692,3462,1129,481,-330,-94,378,384,391,0
2738800,858,859,481,425,-3931,3876,726,510,-30,-238,403,389,376,0
2742129,860,860,687,218,-4253,3995,490,509,-220,-8,442,362,371,0
2745487,861,861,1475,1062,-4832,3960,-58,471,-218,-582,775,340,362,0
2748821,862,862,1606,1381,-5945,2256,-335,419,96,-458,781,333,345,0
2752132,863,863,1306,1606,-5628,-19,-498,361,-56,-501,1031,349,333,0
2755490,864,864,1306,1756,-4490,-2347,-199,304,38,-221,843,349,325,0
2758825,865,865,1437,1662,-3253,-5055,-323,252,82,-273,750,342,330,0
2762137,866,866,1287,1437,-2746,-6264,-222,217,67,-45,420,350,342,0
2765491,867,867,1081,1343,-2374,-6478,109,208,-8,69,445,377,363,0
2768825,868,868,631,1175,-2136,-6110,253,206,86,301,206,401,372,0
2772139,869,870,331,1137,-2259,-5495,223,196,-4,422,287,417,374,0
2775519,871,871,0,162,-2290,-4601,-318,161,102,68,159,416,406,0
2778826,872,872,0,256,-2365,-3402,-436,110,-141,6,69,402,385,0
2782142,873,873,31,68,-3007,-2478,-138,76,12,112,160,397,395,0
2785491,874,874,556,668,-2542,-2318,-159,46,483,-134,97,385,379,0
2788825,876,876,331,237,-460,-2084,-12,31,-42,84,35,381,386,0
2792146,877,877,425,462,401,-1696,109,22,51,71,62,376,374,0
2795492,878,878,443,12,945,-1518,124,15,3,201,-46,375,398,0
2798826,879,879,556,256,1490,-480,-77,13,107,76,260,369,385,0
2802148,880,881,537,0,2290,78,-332,18,182,-60,-118,370,391,0
2805491,881,882,668,312,3084,223,-405,32,148,40,127,363,366,0
2808826,882,883,1193,687,4302,727,-491,50,182,111,209,355,366,0
2812152,884,884,950,537,5717,1403,-886,50,176,201,84,368,374,0
2815492,885,885,856,725,6583,1997,-1161,30,104,4,130,373,380,0
2818827,886,887,893,218,7643,2570,-1303,1,24,137,-158,371,391,0
2822155,887,888,837,406,7334,2928,-1508,-45,16,10,140,374,381,0
2825513,888,889,631,331,6659,2768,-1466,-104,-202,-90,-152,385,385,0
2828847,889,890,518,406,5038,2678,-1428,-172,-244,127,36,391,381,0
2832158,891,891,87,462,3332,2617,-1500,-241,-334,-118,179,414,378,0
2835517,892,893,256,575,852,2333,-1009,-308,-169,-30,-139,405,372,0
2838851,893,894,0,12,-1717,2239,-641,-366,31,133,129,399,382,0
2842161,894,895,143,50,-1720,2477,-113,-405,-102,-109,-190,391,380,0
2845517,895,896,106,256,-2133,2617,351,-417,-333,35,-257,393,369,0
2848851,897,897,125,331,-4281,2603,220,-425,-181,-73,48,376,365,0
2852165,898,898,31,612,-5897,2746,157,-419,194,125,53,381,350,0
2855517,899,899,218,575,-5657,3742,305,-399,194,-113,367,371,352,0
2858853,900,900,406,387,-3941,4235,555,-366,9,-20,93,361,362,0
2862168,901,902,387,68,-3744,4469,483,-344,-195,-103,360,362,363,0
2865517,902,903,1025,31,-3564,4204,191,-328,280,-300,463,328,365,0
2868880,903,904,2131,968,-2778,3580,-257,-330,-51,-507,831,305,351,0
2872171,904,905,1906,1212,-2512,2116,-174,-338,105,-661,970,317,338,0
2875518,905,906,1962,1587,-1611,-1381,-67,-348,-83,-605,1018,314,318,0
2878852,906,907,1793,1756,-1773,-3977,-381,-367,-117,-528,762,323,309,0
2882174,907,908,1793,1606,-2470,-5559,-429,-371,56,-210,728,323,317,0
2885517,908,909,1512,1381,-2468,-6050,-479,-372,102,-18,534,338,329,0
2888853,909,910,1100,1587,-1911,-5983,-591,-386,-121,128,508,376,334,0
2892177,910,911,912,1700,-2022,-5728,-495,-397,0,200,178,386,344,0
2895519,911,912,181,1006,-2137,-4808,-434,-410,-64,422,236,425,365,0
2898853,913,913,143,762,-2302,-4081,-882,-441,-91,138,171,411,378,0
2902180,914,914,0,312,-2463,-3311,-754,-468,-389,196,92,402,382,0
2905518,915,915,50,481,-3476,-2566,-210,-472,66,108,149,396,373,0
2908853,916,916,350,612,-3361,-2716,-350,-473,176,51,-19,380,366,0
2912184,917,918,462,350,-2551,-2892,-292,-469,51,137,-29,374,380,0
2915540,919,919,312,425,-1880,-2658,-3,-454,224,-64,125,382,376,0
2918876,920,920,406,0,-474,-2091,12,-426,25,237,21,377,407,0
2922187,921,921,518,256,142,-1030,1,-390,120,51,211,371,385,0
2925543,922,922,668,143,1166,-272,-565,-367,222,73,-54,363,391,0
2928876,923,924,762,68,1893,44,-487,-335,-15,148,176,358,379,0
2932190,924,925,1175,687,2809,160,-632,-309,360,74,56,356,366,0
2935543,925,926,931,575,4858,829,-866,-291,128,184,103,369,372,0
2938876,926,927,931,387,5917,1587,-1295,-285,231,144,29,369,382,0
2942193,928,928,1043,462,6965,2204,-1479,-300,104,307,-46,363,378,0
2945544,929,930,893,537,8009,2806,-1737,-334,-86,130,225,371,374,0
2948877,930,931,912,237,8232,3039,-1907,-390,-7,32,-148,370,390,0
2952196,931,932,912,368,7869,2855,-1967,-462,-128,185,-36,370,383,0
2955544,932,933,987,218,6131,2435,-2110,-535,-394,24,-105,366,391,0
2958877,933,934,987,368,3877,2261,-2028,-603,-126,-27,-19,366,383,0
2962200,934,936,1006,0,2279,1531,-1766,-668,-344,-58,8,361,388,0
2965545,935,937,1062,0,-342,928,-1370,-728,15,18,-113,358,389,0
2968877,936,938,1175,237,-1274,463,-1196,-781,-86,17,-39,352,370,0
2972203,938,939,1081,443,-2094,443,-646,-807,-336,68,-167,357,359,0
2975544,939,940,518,556,-4077,758,-409,-812,-34,110,58,371,353,0
2978878,940,941,500,481,-5895,1267,-439,-820,-313,194,51,372,357,0
2982206,941,942,350,687,-7583,2061,-532,-834,128,181,300,380,346,0
2985545,942,943,500,612,-8341,2927,-523,-839,-132,-107,159,372,350,0
2988878,943,944,500,406,-8995,3297,-321,-836,561,84,650,372,361,0
2992209,944,946,800,31,-5466,4300,-913,-849,-62,-197,407,356,365,0
2995566,945,947,1831,593,-3106,5179,-578,-849,544,98,835,337,371,0
