Time, Rlegs, Llegs, DCL, DCR, GyroX, GyroY, GyroZ, GyroZAvg, AccelX, AccelY, AccelZ, LBEMF, RBEMF, SteerOut
654,387,407,0,0,-253,171,-114,-113,-22,-1,231,65,66,0
3970,387,407,0,0,-252,171,-114,-113,-22,-1,226,65,66,0
7323,387,407,0,0,-252,171,-112,-113,-21,0,226,65,66,0
10657,387,407,0,0,-253,170,-113,-113,-23,0,221,65,66,0
13973,387,407,0,0,-253,169,-114,-113,-25,0,230,65,66,0
17323,387,407,0,0,-253,169,-111,-113,-22,0,230,65,66,0
20658,387,407,0,0,-255,169,-113,-113,-22,-2,227,65,66,0
23976,387,407,0,0,-252,169,-114,-113,-26,1,225,65,66,0
27324,387,407,0,0,-252,171,-112,-113,-23,-1,222,65,66,0
30658,387,407,0,0,-252,172,-115,-113,-21,1,224,66,66,0
33980,387,407,0,0,-249,171,-116,-113,-24,0,227,65,66,0
37324,387,407,0,0,-251,170,-113,-113,-22,1,227,65,66,0
40659,387,407,0,0,-252,170,-114,-113,-27,0,223,65,66,0
43983,387,407,0,0,-253,171,-114,-113,-22,1,225,65,66,0
47324,387,407,0,0,-250,171,-114,-113,-26,1,224,65,66,0
50659,387,407,0,0,-253,171,-113,-113,-24,-1,223,65,66,0
53986,387,407,0,0,-254,168,-113,-113,-21,-1,224,65,66,0
57324,387,407,0,0,-252,167,-115,-113,-24,0,227,65,66,0
60659,387,407,0,0,-253,168,-114,-113,-23,2,228,65,66,0
63990,387,407,0,0,-254,168,-113,-113,-18,0,227,65,66,0
67325,387,407,0,0,-253,169,-114,-113,-22,0,223,65,66,0
70659,387,407,0,0,-251,169,-114,-113,-19,0,230,65,66,0
73993,387,407,0,0,-249,170,-113,-113,-23,1,225,65,66,0
77346,387,407,0,0,-250,172,-113,-113,-20,0,223,65,66,0
80682,387,407,0,0,-252,170,-111,-113,-21,1,221,65,66,0
83995,387,407,0,0,-255,170,-113,-113,-21,0,226,65,66,0
87349,387,407,0,0,-252,170,-112,-113,-21,-2,224,65,66,0
90682,387,407,0,0,-252,170,-114,-113,-23,1,226,64,66,0
93999,387,407,0,0,-254,169,-114,-113,-22,-1,224,65,66,0
97350,387,407,0,0,-249,171,-116,-113,-25,2,229,65,66,0
100683,387,407,0,0,-252,174,-114,-113,-23,0,225,65,66,0
104060,0,0,0,0,-253,172,-115,-113,-19,0,230,65,66,0
107350,0,0,0,0,-251,173,-114,-113,-25,0,224,65,66,0
110683,0,0,0,0,-252,172,-112,-113,-21,0,225,65,66,0
114006,0,0,0,0,-252,173,-113,-113,-22,1,224,65,66,0
117350,0,0,0,0,-252,165,-113,-113,-21,0,225,65,66,0
120683,0,0,0,0,-253,171,-112,-113,-24,0,224,65,66,0
124008,0,0,0,0,-254,166,-112,-113,-24,-1,231,65,66,0
127351,0,0,0,0,-251,167,-113,-113,-22,-1,229,65,66,0
130684,0,0,0,0,-254,168,-113,-113,-20,1,226,65,66,0
134012,0,0,0,0,-253,170,-114,-113,-26,3,229,65,66,0
137351,0,0,0,0,-250,170,-115,-113,-24,1,225,65,66,0
140684,0,0,0,0,-252,172,-113,-113,-23,0,224,65,66,0
144015,0,0,0,0,-255,171,-115,-113,-25,1,222,65,66,0
147351,0,0,0,0,-248,173,-114,-113,-20,-1,225,65,66,0
150684,0,0,0,0,-251,171,-117,-113,-21,0,230,65,66,0
154018,0,0,0,0,-252,168,-113,-113,-22,0,222,65,66,0
157372,0,0,0,0,-252,171,-116,-113,-25,1,222,65,66,0
160687,0,0,0,0,-253,171,-114,-113,-24,-1,228,65,66,0
164021,0,0,0,0,-254,171,-114,-113,-24,-1,222,65,66,0
167376,0,0,0,0,-254,172,-112,-113,-23,0,232,65,66,0
170709,0,0,0,0,-252,168,-112,-113,-24,-1,228,65,66,0
174025,0,0,0,0,-253,171,-114,-113,-23,2,230,65,66,0
177376,0,0,0,0,-253,171,-113,-113,-22,-2,228,65,66,0
180712,0,0,0,0,-251,171,-115,-113,-23,0,227,65,66,0
184027,0,0,0,0,-253,169,-112,-113,-22,-3,229,65,66,0
187376,0,0,0,0,-253,170,-114,-113,-23,-3,223,65,66,0
190717,0,0,0,0,-254,171,-112,-113,-21,3,228,65,66,0
194031,0,0,0,0,-253,169,-113,-113,-22,-2,228,65,66,0
197377,0,0,0,0,-253,170,-113,-113,-20,0,218,65,66,0
200718,0,0,0,0,-251,166,-115,-113,-22,-2,223,65,66,0
204035,0,0,2150,2150,-252,168,-114,-113,-22,1,228,0,0,0
207380,0,0,0,0,-262,106,-107,-113,-74,22,228,124,120,0
210721,1,0,0,200,-431,89,-103,-113,-27,16,229,120,120,0
214038,1,1,125,0,-378,280,-82,-112,7,-1,230,108,126,0
217379,1,1,481,125,-232,350,-42,-109,-45,-1,214,105,124,0
220722,1,1,612,406,-218,353,-66,-108,-19,8,216,114,125,0
224040,1,1,462,275,-222,352,-13,-105,-14,-6,248,122,132,0
227379,2,2,462,218,-123,299,-1,-101,13,33,245,122,135,0
230722,2,2,462,218,-8,223,-7,-98,-25,8,241,122,135,0
234043,2,2,706,387,11,-5,-35,-96,-18,16,251,125,142,0
237401,3,3,350,350,82,-144,-60,-94,-38,44,229,144,144,0
240722,3,3,368,350,105,-177,-56,-92,-43,49,245,143,144,0
244047,3,3,762,462,199,-111,-131,-93,-19,47,255,138,154,0
247405,3,4,481,50,231,-160,-240,-97,-41,35,255,153,160,0
250722,4,4,350,406,225,-164,-395,-105,-43,52,263,160,157,0
254050,4,4,518,237,168,-32,-612,-121,-38,29,263,151,166,0
257405,5,5,256,181,95,68,-768,-141,-75,41,258,165,169,0
260723,5,5,687,368,-58,104,-949,-167,-49,22,245,158,175,0
264054,5,6,743,50,-194,49,-1205,-201,-37,-26,254,155,176,0
267406,6,6,237,125,-351,-44,-1361,-240,-35,46,264,172,178,0
270723,6,7,668,0,-420,-120,-1519,-284,-19,25,254,149,169,0
274057,7,7,687,350,-472,-336,-1672,-333,-82,38,229,148,166,0
277405,7,7,650,593,-565,-589,-1790,-385,-48,6,248,166,169,0
280748,7,8,818,143,-579,-818,-1839,-439,-63,-2,241,157,177,0
284059,8,8,537,443,-640,-1067,-1856,-494,-82,34,222,172,177,0
287406,8,9,706,275,-807,-1152,-1890,-549,-48,54,196,163,170,0
290748,9,9,443,518,-903,-1183,-1870,-604,-66,67,169,177,173,0
294063,9,10,481,256,-1209,-1182,-1842,-658,-68,51,183,175,171,0
297406,10,10,425,537,-1436,-1165,-1812,-711,-48,62,207,178,172,0
300748,10,11,368,312,-1572,-1111,-1690,-761,-33,104,219,181,168,0
304066,11,11,781,650,-1868,-1044,-1546,-805,-61,110,190,175,166,0
307406,11,11,350,631,-2172,-930,-1336,-844,-118,113,194,182,167,0
310749,11,12,762,612,-2598,-878,-1171,-877,-40,98,224,176,168,0
314069,12,12,143,556,-2856,-760,-928,-902,-69,142,248,193,171,0
317406,12,13,612,612,-3035,-636,-766,-923,-38,147,202,184,168,0
320749,13,13,143,537,-3230,-497,-550,-938,8,142,185,193,172,0
324072,13,14,668,537,-3248,-263,-288,-945,6,171,187,181,172,0
327428,14,14,650,1006,-3125,-139,-87,-946,-18,129,186,192,173,0
330749,14,15,556,500,-2889,26,100,-942,11,168,177,197,184,0
334076,15,15,425,800,-2672,273,439,-929,54,108,185,204,184,0
337432,16,16,0,406,-2419,365,731,-906,78,96,213,214,189,0
340750,16,16,481,762,-1929,451,1081,-871,54,148,184,201,186,0
344079,17,17,12,312,-1478,836,1454,-823,56,189,163,210,194,0
347431,17,17,500,425,-1091,1282,1712,-768,48,145,150,200,204,0
350750,18,18,106,612,-648,1517,1966,-703,-5,53,99,221,194,0
354082,19,18,293,331,-491,1599,2191,-627,2,119,42,211,209,0
357432,19,19,312,425,-526,1802,2416,-539,73,-6,113,210,204,0
360774,20,19,0,237,-62,2011,2621,-438,135,-19,152,223,214,0
364086,20,20,406,275,970,2013,2919,-323,47,-8,101,205,212,0
367432,21,21,143,293,1392,2228,3071,-197,6,0,47,219,211,0
370779,21,21,275,200,1645,2495,3164,-60,53,-115,88,212,216,0
374088,22,22,331,312,2201,2420,3337,85,2,-16,144,209,210,0
377432,23,23,0,0,2259,2182,3335,237,87,-146,221,217,219,0
380778,23,23,593,12,2271,1740,3041,384,108,-227,299,195,226,0
384091,24,24,443,237,2337,534,2630,523,-9,-326,369,203,214,0
387432,24,25,800,87,1780,-463,2064,645,182,-261,416,184,206,0
390779,25,25,500,181,1508,-1118,1546,751,269,-289,416,187,204,0
394095,25,26,893,0,2155,-1639,703,832,40,-254,483,166,205,0
397433,26,26,743,275,1903,-1707,-34,889,83,-181,552,174,199,0
400779,26,27,743,181,1816,-1414,-892,919,84,-166,521,174,188,0
404099,27,27,762,387,1995,-751,-1893,916,-44,-185,501,173,193,0
407456,27,28,706,256,1673,-480,-2575,889,-72,-216,482,176,184,0
410778,28,28,631,631,1721,-345,-3099,840,-52,-123,450,180,180,0
414102,28,29,387,462,1827,-315,-3629,769,-117,-130,400,193,173,0
417456,29,29,293,500,1634,-480,-3900,683,-119,-10,315,198,187,0
420779,29,30,800,725,1593,-684,-4007,587,-110,-25,268,187,175,0
424105,30,30,350,706,1241,-651,-4049,484,-169,-23,225,195,176,0
427456,30,31,668,706,750,-673,-4012,376,-206,53,146,194,176,0
430779,31,31,162,593,38,-665,-3795,267,-65,56,128,205,182,0
434107,31,31,687,893,-379,-620,-3625,156,4,18,136,193,182,0
437456,32,32,181,631,-224,-644,-3379,47,-110,70,119,204,180,0
440780,32,32,743,931,-378,-707,-3192,-65,-61,135,91,190,180,0
444111,33,33,200,537,-972,-784,-2846,-177,-173,-24,73,203,185,0
447457,33,33,650,931,-1440,-932,-2639,-293,-114,58,83,195,180,0
450779,34,34,181,406,-1647,-1148,-2336,-412,-69,52,79,204,192,0
454114,35,35,331,593,-2007,-1416,-2208,-534,-90,34,23,209,195,0
457457,35,35,443,631,-2528,-1624,-2132,-662,-18,79,27,219,209,0
460783,36,36,12,462,-2830,-1769,-2160,-798,7,95,43,226,202,0
464117,37,36,518,312,-2610,-1713,-2127,-940,-8,91,-2,215,226,0
467458,37,37,200,181,-2551,-1365,-2128,-1088,-9,48,43,216,217,0
470786,38,38,0,218,-2430,-1247,-1949,-1241,118,41,84,229,215,0
474120,38,38,162,143,-1866,-1322,-1792,-1393,13,123,57,218,219,0
477457,39,39,200,350,-1828,-1034,-1762,-1547,25,78,30,216,208,0
480789,40,39,200,331,-1844,-682,-1599,-1701,51,89,74,216,225,0
484123,40,40,125,106,-1494,-446,-1456,-1850,72,113,82,220,221,0
487482,41,41,0,106,-1230,-83,-1311,-1986,97,123,104,228,221,0
490793,42,41,218,0,-614,346,-987,-2100,109,110,158,215,230,0
494128,42,42,256,106,587,820,-533,-2181,45,102,138,213,221,0
497485,43,43,31,293,1035,1237,-284,-2238,1,60,142,225,211,0
500795,43,43,293,368,1306,1718,176,-2254,88,79,217,211,207,0
504130,44,44,350,425,1898,2398,520,-2237,-141,79,250,208,204,0
507485,44,44,593,612,1527,2916,660,-2189,-110,131,352,195,194,0
510799,45,45,575,406,1239,3450,652,-2109,-26,116,417,196,205,0
514133,46,46,706,218,1696,4236,699,-2007,-16,117,472,195,205,0
517491,46,46,556,87,2269,4712,719,-1887,-193,53,526,187,212,0
520802,47,47,762,312,1996,4844,571,-1756,-334,-91,574,176,200,0
524136,47,47,650,237,249,4150,392,-1622,-268,-253,604,182,204,0
527491,47,48,1193,425,-751,3040,322,-1487,-108,-311,634,169,194,0
530805,48,48,668,275,-913,1878,186,-1354,-93,-314,600,181,202,0
534140,48,49,1137,462,-754,670,112,-1225,-26,-184,508,172,192,0
537491,49,49,631,387,-422,3,-44,-1108,-73,-204,357,183,196,0
540809,49,50,1156,293,-206,-663,-325,-1005,-64,-136,338,171,201,0
544143,50,51,256,0,-201,-1253,-503,-915,-133,-39,214,203,201,0
547491,51,51,406,162,-248,-1523,-725,-838,-103,21,146,195,208,0
550811,51,52,256,0,-552,-1752,-1050,-782,-94,-38,102,203,201,0
554146,52,52,237,125,-1088,-1837,-1295,-740,-119,-23,109,204,210,0
557492,52,53,537,331,-1673,-1952,-1522,-715,-90,29,61,204,199,0
560815,53,53,125,200,-2181,-1930,-1559,-694,-37,-27,36,210,206,0
564149,53,54,537,293,-2597,-1845,-1457,-673,-70,-23,52,204,201,0
567493,54,55,200,31,-2968,-1893,-1486,-652,-50,-26,57,206,199,0
570818,55,55,162,406,-3161,-1917,-1417,-630,-67,64,8,208,195,0
574153,55,56,237,162,-3486,-1714,-1289,-604,-67,12,55,204,192,0
577492,56,56,218,518,-3829,-1590,-1106,-577,-29,53,75,215,199,0
580821,56,57,256,293,-4089,-1457,-925,-550,-60,162,37,213,195,0
584156,57,57,181,387,-4392,-1097,-736,-518,-41,112,41,217,206,0
587493,57,58,537,650,-4489,-750,-536,-485,55,113,101,214,192,0
590824,58,58,12,406,-4365,-489,-483,-455,65,199,131,226,205,0
594159,59,59,12,537,-3903,-65,-476,-429,74,144,96,226,198,0
597517,59,60,387,87,-3524,311,-479,-413,91,68,124,206,206,0
600827,60,60,68,518,-2819,445,-314,-406,87,76,152,223,199,0
604162,61,61,0,162,-1720,694,-113,-400,174,197,151,218,202,0
607518,61,61,275,406,-736,1238,158,-401,217,59,218,212,205,0
610831,62,62,200,387,479,1893,520,-401,175,42,201,216,206,0
614166,63,62,218,256,1793,2276,765,-398,113,87,152,215,213,0
617519,63,63,143,387,2334,2811,1220,-380,179,4,172,219,206,0
620834,64,64,0,0,3026,3203,1867,-344,215,15,212,222,214,0
624168,64,64,425,143,3768,2944,2211,-297,84,-72,223,204,219,0
627519,65,65,162,387,3570,2489,2565,-235,123,-189,271,218,206,0
630838,65,65,481,218,3330,1316,2830,-158,93,-244,287,201,215,0
634171,66,66,387,200,2994,-123,2902,-78,21,-214,352,206,216,0
637548,67,67,518,0,2119,-1257,2731,1,44,-153,401,186,215,0
640841,67,67,556,0,1364,-1801,2253,68,211,-191,426,184,214,0
644175,67,68,856,0,1393,-1827,1812,126,189,-159,419,168,206,0
647520,68,69,856,0,1622,-1495,1255,175,-13,-95,483,168,202,0
650843,68,69,1212,256,1396,-787,374,202,92,-92,517,165,200,0
654179,69,70,743,0,1673,-401,-173,220,172,-131,440,174,198,0
657520,69,70,1231,406,2415,-117,-880,225,56,-153,417,164,192,0
660847,70,71,631,237,2825,82,-1906,206,-19,-82,422,180,185,0
664181,70,71,1043,631,2790,-81,-2535,174,-74,-99,333,174,180,0
667520,71,72,425,350,2598,-482,-3044,128,-145,-114,277,191,179,0
670850,71,72,837,537,2037,-1025,-3607,61,-128,-37,265,185,185,0
674184,72,73,237,406,1587,-1200,-3934,-15,-114,52,238,201,176,0
677520,72,73,668,762,1231,-1273,-4113,-99,-160,20,153,194,173,0
680853,73,73,256,650,396,-1474,-4142,-188,-135,53,124,200,179,0
684188,73,74,743,593,-81,-1452,-3993,-278,-76,74,129,190,182,0
687545,74,75,68,425,-271,-1241,-3973,-374,-141,67,115,210,175,0
690857,74,75,800,762,-692,-1188,-3795,-469,-58,69,62,187,173,0
694191,75,75,200,518,-1070,-1152,-3553,-564,-55,100,68,203,186,0
697549,76,76,350,537,-1505,-999,-3558,-660,-5,79,112,195,185,0
700859,76,76,800,968,-1791,-1060,-3469,-753,-43,103,87,200,191,0
704194,77,77,462,631,-1877,-925,-3545,-849,-6,204,25,202,193,0
707549,77,78,650,387,-1956,-759,-3457,-947,1,95,83,208,206,0
710863,78,78,200,406,-1971,-735,-3291,-1047,66,63,115,216,205,0
714197,79,79,593,518,-1894,-695,-3160,-1150,12,158,90,211,199,0
717554,79,79,143,387,-1988,-691,-3001,-1260,36,92,68,219,206,0
720866,80,80,106,387,-1992,-682,-2670,-1368,35,113,90,221,206,0
724200,80,80,650,631,-1847,-624,-2439,-1482,6,178,95,208,209,0
727557,81,81,0,406,-1844,-388,-2156,-1608,-18,187,86,228,205,0
730869,82,82,143,387,-1599,-241,-1704,-1730,23,70,132,219,206,0
734203,82,82,125,293,-1107,-291,-1374,-1853,47,110,129,220,211,0
737558,83,83,162,387,-778,-40,-986,-1972,55,125,167,218,206,0
740872,83,83,687,537,-193,419,-519,-2079,102,76,206,206,214,0
744207,84,84,12,387,396,685,-257,-2173,-81,117,168,226,206,0
747558,85,85,200,293,253,1035,-51,-2245,-99,104,211,216,211,0
750875,85,85,425,237,127,1710,179,-2296,2,34,235,204,214,0
754211,86,86,143,481,684,2132,346,-2324,-77,73,326,219,201,0
757558,86,86,912,593,1297,2628,485,-2321,-182,97,262,194,211,0
760879,87,87,443,500,1125,3737,601,-2296,-16,46,309,203,200,0
764213,87,87,781,462,1512,4374,520,-2253,-33,12,396,191,208,0
767558,88,88,331,218,2150,4593,546,-2176,-199,31,354,199,205,0
770882,89,89,612,368,2210,4899,640,-2077,-214,-75,396,184,197,0
774216,89,89,518,275,1717,4841,723,-1959,-244,-191,455,189,202,0
777558,90,90,500,312,910,4137,648,-1826,-287,-327,519,190,200,0
780885,90,90,537,312,-335,2646,716,-1681,-163,-273,536,188,200,0
784221,91,91,800,350,-678,1734,622,-1533,-45,-281,405,174,198,0
787560,91,91,1043,631,-572,940,494,-1388,-92,-239,396,177,199,0
790889,92,92,800,275,-613,132,210,-1257,-31,-233,393,174,202,0
794224,92,93,612,275,-633,-316,-41,-1134,-86,-155,310,184,202,0
797579,93,93,593,293,-554,-776,-318,-1025,-55,-113,165,185,201,0
800892,93,94,668,312,-679,-1256,-610,-933,-144,-58,120,197,200,0
804226,94,94,293,237,-1236,-1605,-867,-849,-78,-115,150,201,204,0
807583,94,95,537,312,-1594,-2107,-1224,-779,-140,-49,2,204,200,0
810895,95,95,0,218,-2289,-2713,-1680,-721,-57,-79,-6,218,205,0
814230,95,96,537,237,-2722,-3023,-1804,-669,-73,-34,67,204,204,0
817584,96,97,162,50,-3122,-3188,-1870,-625,-18,-13,94,208,198,0
820898,97,97,256,387,-3230,-3309,-1880,-585,38,123,98,203,196,0
824233,97,98,237,462,-2936,-3201,-1884,-550,-23,62,66,204,192,0
827584,98,98,31,387,-2887,-3051,-1773,-522,-88,51,144,225,206,0
830901,98,99,481,593,-3302,-2768,-1603,-495,-93,167,109,217,195,0
834236,99,99,106,406,-3646,-2289,-1419,-472,-32,160,105,221,205,0
837584,100,100,312,575,-3876,-1772,-1207,-457,-71,139,175,210,196,0
840904,100,100,31,462,-4191,-1241,-1084,-448,-17,210,174,225,202,0
844239,101,101,50,687,-4093,-680,-994,-448,73,208,150,224,190,0
847585,101,101,612,818,-3576,-125,-798,-457,21,63,163,210,199,0
850908,102,102,162,500,-3054,7,-621,-468,155,211,222,218,200,0
854242,103,103,256,893,-2352,373,-423,-480,153,209,202,213,195,0
857585,103,103,331,406,-1457,1014,21,-485,149,76,236,209,205,0
860911,104,104,200,631,-366,1472,502,-480,149,145,220,216,193,0
864245,104,104,200,350,409,1831,875,-468,68,233,130,216,208,0
867585,105,105,106,518,743,2392,1287,-446,173,127,161,221,199,0
870914,106,105,181,612,1475,2889,1937,-402,208,73,169,217,210,0
874248,106,106,293,481,2322,2877,2470,-342,83,58,64,211,201,0
877606,107,107,68,331,2782,3002,2939,-270,32,51,53,223,209,0
880917,108,107,331,256,3099,3066,3562,-181,93,-65,81,209,213,0
884251,108,108,312,443,3404,2697,4000,-77,-5,-17,86,210,203,0
887610,109,108,0,68,3132,2258,4245,33,-36,-179,186,217,226,0
890920,109,109,518,0,2258,1374,4168,144,96,-255,326,186,216,0
894255,110,110,518,181,2057,109,3738,245,29,-275,357,186,204,0
897610,110,110,762,31,1641,-1048,3227,339,164,-178,413,173,212,0
900923,111,111,800,181,1517,-1810,2059,405,124,-168,442,171,204,0
904258,111,111,800,50,1431,-1933,1052,448,69,-175,505,171,211,0
907610,112,112,912,237,1092,-1942,11,467,78,-133,544,165,201,0
910927,112,112,706,256,1240,-1556,-1372,451,7,-7,544,176,200,0
914261,112,113,1100,481,1357,-946,-2369,416,-106,-93,505,171,188,0
917610,113,113,481,425,1057,-638,-3369,363,117,-135,528,188,191,0
920930,113,114,950,518,1664,-594,-3977,295,36,-154,504,179,186,0
924264,114,115,631,275,2060,-505,-4303,219,-147,-34,388,180,183,0
927611,114,115,968,687,1697,-352,-4597,134,-84,1,317,178,177,0
930934,115,115,256,650,1160,-261,-4636,48,-67,-37,271,200,179,0
934268,115,116,668,612,938,-318,-4519,-37,-153,-37,230,194,181,0
937611,116,116,200,518,585,-335,-4318,-122,-188,60,183,203,186,0
940936,117,117,368,668,-359,-211,-4161,-207,-46,70,118,194,178,0
944271,117,117,706,837,-606,-112,-3905,-292,11,86,152,192,185,0
947611,118,118,87,556,-436,-20,-3696,-373,-31,21,129,209,184,0
950940,118,118,818,950,-247,-153,-3342,-447,-81,12,74,199,192,0
954274,119,119,50,462,-595,-246,-3143,-520,-157,75,9,224,202,0
957612,119,119,537,781,-1314,-494,-2928,-592,-31,-7,64,214,201,0
960943,120,120,68,443,-1764,-1010,-2604,-660,-44,14,43,223,203,0
964301,121,121,0,350,-2008,-1247,-2456,-738,-119,34,-38,227,208,0
967633,121,121,387,575,-2467,-1408,-2234,-823,-28,-22,-7,222,212,0
970946,122,122,12,275,-2799,-1785,-1951,-912,-18,-9,9,226,212,0
974304,123,123,0,68,-2962,-1881,-1952,-1013,-14,58,-34,227,223,0
977637,123,123,125,0,-3105,-1582,-1956,-1134,64,25,17,220,229,0
980949,124,124,162,87,-2787,-1302,-1878,-1270,24,49,12,218,222,0
984308,125,125,0,87,-2734,-1108,-1772,-1418,10,69,0,232,222,0
987637,125,125,87,0,-2772,-774,-1659,-1581,161,-7,117,222,232,0
990952,126,126,12,68,-1781,-382,-1281,-1746,112,91,151,226,223,0
994311,127,127,0,0,-900,49,-1053,-1911,104,143,133,214,222,0
997637,127,127,425,0,-207,666,-690,-2063,179,33,143,204,228,0
1000955,128,128,0,0,1148,1373,-269,-2188,164,119,213,219,214,0
1004314,128,128,481,275,2123,1781,-28,-2290,99,111,224,201,212,0
1007637,129,129,312,387,2767,2312,366,-2343,25,-9,264,210,206,0
1010959,129,129,800,612,3368,2854,742,-2353,27,36,347,184,194,0
1014317,130,130,631,181,3477,2993,850,-2326,-142,104,379,183,207,0
1017637,130,131,762,106,3121,3396,820,-2258,-71,228,402,176,195,0
1020962,131,131,518,293,3253,4631,878,-2156,-212,142,444,189,201,0
1024320,131,132,931,275,2778,5105,1069,-2018,-560,-152,602,183,202,0
1027637,132,132,425,237,642,4495,812,-1868,-488,-188,665,194,204,0
1030966,132,133,1062,387,-2262,2815,783,-1709,35,-178,624,176,196,0
1034320,133,133,687,387,-2039,1736,770,-1541,124,-207,586,180,196,0
1037638,133,134,1212,331,-737,1003,691,-1375,-14,-247,518,168,199,0
1040968,134,135,575,87,175,146,467,-1219,-38,-215,437,186,196,0
1044324,134,135,1250,443,511,-459,168,-1079,-115,-129,249,166,193,0
1047659,135,136,556,0,453,-848,-142,-953,-151,-73,185,187,203,0
1050971,135,136,837,312,-248,-1103,-476,-846,-165,-126,139,188,200,0
1054328,136,137,162,0,-632,-1403,-819,-756,-10,-25,165,208,203,0
1057662,136,137,668,237,-625,-1642,-1315,-693,-53,-10,88,197,204,0
1060975,137,138,12,0,-885,-1787,-1556,-643,-102,2,39,216,203,0
1064328,138,138,237,312,-1413,-1796,-1754,-607,-82,-43,78,204,200,0
1067662,138,139,162,12,-1940,-1910,-1793,-581,-40,71,60,208,200,0
1070978,139,139,162,406,-2292,-2080,-1802,-561,-68,-2,41,208,195,0
1074328,139,140,706,631,-2656,-2122,-1761,-546,-79,81,61,205,193,0
1077663,140,141,50,162,-3037,-2038,-1622,-536,-63,91,61,224,202,0
1080981,140,141,593,518,-3454,-1934,-1472,-521,-74,66,47,211,199,0
1084329,141,142,256,162,-3751,-1750,-1329,-501,-80,63,53,213,202,0
1087663,142,142,0,500,-4135,-1508,-1205,-480,-62,108,95,228,200,0
1090985,142,143,218,293,-4399,-1119,-1133,-460,-15,175,54,215,195,0
1094329,143,143,350,500,-4341,-701,-1076,-442,8,170,67,208,200,0
1097663,144,144,293,631,-4246,-373,-1038,-434,38,125,140,211,193,0
1100987,144,144,31,443,-4003,-64,-1093,-436,24,187,127,225,203,0
1104329,145,145,125,631,-3750,297,-987,-445,36,189,89,220,193,0
1107664,145,146,406,162,-3308,774,-768,-461,92,60,171,205,202,0
1110991,146,146,12,650,-2479,812,-556,-477,161,154,209,226,192,0
1114329,147,147,50,443,-1494,1077,-395,-501,210,111,215,224,203,0
1117664,147,147,275,293,-346,1909,67,-522,262,86,180,212,211,0
1120994,148,148,218,406,1312,2259,403,-536,126,123,168,215,205,0
1124351,149,148,0,500,2028,2710,759,-538,112,175,141,218,200,0
1127685,149,149,162,350,2554,3728,1285,-525,232,-12,164,218,208,0
1130997,150,150,275,387,3628,3698,1848,-501,172,-101,201,212,206,0
1134354,150,150,387,350,3897,2962,2474,-449,13,-99,242,206,208,0
1137688,151,151,31,106,3154,1706,2946,-381,42,-157,309,212,208,0
1141000,151,151,575,50,1868,543,3219,-305,24,-249,382,183,211,0
1144354,152,152,518,312,1063,-604,3242,-225,118,-149,436,186,197,0
1147689,152,153,818,50,560,-1501,2816,-152,297,-71,437,170,195,0
1151003,153,153,725,218,1193,-1444,2349,-83,218,-99,455,175,202,0
1154355,153,154,837,0,1669,-1172,1720,-25,126,-122,501,169,200,0
1157689,154,154,781,50,1706,-699,681,10,109,-122,528,172,211,0
1161007,154,155,800,87,1887,-325,-67,33,143,-99,505,171,193,0
1164355,155,155,781,293,2331,84,-833,49,-36,-158,432,172,198,0
1167689,155,156,1043,500,2472,222,-2036,34,-61,-188,396,174,187,0
1171010,155,156,987,462,2570,9,-2744,3,-91,-203,400,177,189,0
1174355,156,157,650,725,2471,-476,-3302,-44,-112,-84,349,195,175,0
1177689,157,157,500,537,2466,-1116,-3811,-106,-138,-74,289,187,185,0
1181014,157,158,781,687,2224,-1409,-4148,-181,-137,-2,205,188,177,0
1184355,158,158,181,593,1650,-1428,-4314,-265,-230,-39,221,204,182,0
1187690,158,159,537,762,585,-1389,-4405,-357,-145,43,157,201,173,0
1191017,159,159,162,631,-41,-1297,-4391,-452,-63,39,130,205,180,0
1194356,159,160,650,650,-222,-1245,-4345,-551,-43,34,88,195,179,0
1197690,160,160,143,556,-408,-1021,-4126,-644,-85,181,73,206,184,0
1201019,160,161,612,687,-742,-697,-4187,-741,-119,39,56,210,190,0
1204377,161,161,462,650,-1422,-787,-3977,-833,-117,84,90,218,208,0
1207713,162,162,68,443,-2182,-946,-3807,-918,90,36,133,223,203,0
1211023,162,162,425,687,-2086,-926,-3814,-1006,-61,129,33,220,206,0
1214380,163,163,0,387,-2546,-839,-3797,-1101,-147,45,-5,227,206,0
1217713,164,163,68,856,-3373,-862,-3580,-1195,26,60,61,223,197,0
1221027,164,164,181,275,-3269,-1060,-3324,-1287,42,85,80,217,212,0
1224381,165,165,0,387,-3021,-1014,-3095,-1386,7,93,58,233,206,0
1227714,166,165,68,556,-2865,-820,-2810,-1486,17,63,41,223,213,0
1231029,166,166,50,200,-2827,-880,-2604,-1591,-56,91,-12,224,216,0
1234381,167,167,12,275,-2937,-701,-2446,-1708,75,95,68,226,212,0
1237714,167,167,275,181,-2375,-228,-1995,-1828,129,8,139,212,217,0
1241032,168,168,162,312,-1382,-129,-1576,-1955,100,84,118,218,210,0
1244381,169,168,68,593,-540,-8,-1241,-2085,67,113,125,223,211,0
1247714,169,169,406,87,99,635,-762,-2210,130,34,160,205,222,0
1251035,170,170,181,162,827,952,-285,-2320,67,41,172,217,218,0
1254381,170,170,350,31,1698,1067,207,-2402,140,32,254,208,225,0
1257715,171,171,406,293,3196,1181,922,-2446,25,69,253,205,211,0
1261039,172,172,218,650,4007,1287,1372,-2457,-75,14,248,205,198,0
1264382,172,172,631,200,4048,1668,1764,-2423,-186,112,311,183,206,0
1267715,173,173,518,518,3238,2582,1626,-2370,-215,122,356,189,189,0
1271042,173,173,518,312,2677,3275,1552,-2296,-236,130,360,189,200,0
1274381,174,174,368,331,2345,4125,1468,-2186,-305,97,438,197,199,0
1277715,174,174,556,200,1097,4975,1272,-2061,-468,-71,525,187,206,0
1281045,175,175,500,387,-715,5043,1005,-1926,-351,-137,521,190,196,0
1284403,175,175,631,481,-1915,4611,818,-1781,-15,-239,508,183,191,0
1287715,176,176,575,256,-1386,3524,756,-1628,-90,-191,513,186,203,0
1291048,176,177,725,87,-899,2641,608,-1474,-69,-202,507,178,196,0
1294407,177,177,762,331,-493,1820,454,-1323,-26,-228,390,176,199,0
1297739,177,178,818,68,12,624,403,-1173,-77,-253,377,173,197,0
1301051,178,178,1043,387,76,-242,237,-1030,-150,-107,310,177,196,0
1304407,178,179,725,350,-223,-918,-15,-901,-104,-106,190,194,198,0
1307743,179,179,350,218,-533,-1477,-603,-789,-19,37,133,198,205,0
1311055,179,180,706,275,-724,-1607,-899,-693,-29,-10,102,195,202,0
1314408,180,180,125,237,-1129,-1748,-1223,-612,-71,-58,95,210,204,0
1317748,180,181,500,387,-1760,-2165,-1696,-546,-81,-14,22,206,196,0
1321058,181,181,0,256,-2326,-2384,-1908,-487,-34,-17,9,217,203,0
1324407,182,182,481,537,-2830,-2571,-1904,-435,-73,-65,48,201,198,0
1327749,182,183,106,87,-3446,-2894,-1995,-393,28,7,40,221,206,0
1331061,183,183,68,406,-3485,-3018,-1983,-358,1,128,1,223,205,0
1334408,183,184,612,481,-3466,-2956,-1888,-329,-44,62,47,210,201,0
1337749,184,184,12,387,-3601,-2901,-1745,-303,-41,104,107,226,206,0
1341064,185,185,200,518,-3740,-2704,-1609,-276,-49,158,45,216,199,0
1344407,185,185,293,612,-3866,-2206,-1479,-260,2,163,82,211,194,0
1347749,186,186,181,481,-3968,-1704,-1330,-253,-1,184,153,217,201,0
1351067,187,187,200,293,-3995,-1303,-1245,-253,-3,201,100,216,195,0
1354408,187,187,68,387,-3880,-660,-1070,-262,65,106,153,223,206,0
1357750,188,188,0,593,-3255,8,-821,-279,99,125,206,228,195,0
1361071,188,188,162,387,-2724,217,-605,-305,114,162,183,218,206,0
1364408,189,189,200,556,-2033,760,-245,-341,176,194,203,216,197,0
1367750,190,189,0,293,-451,1724,433,-370,179,107,259,214,211,0
1371074,190,190,200,537,672,2189,854,-399,110,87,186,216,198,0
1374430,191,191,0,406,1363,2780,1275,-410,147,103,126,227,205,0
1377751,191,191,275,387,2145,3661,1979,-396,196,37,177,212,206,0
1381077,192,192,293,312,3115,3778,2462,-365,162,-28,176,211,210,0
1384462,193,192,0,162,3759,3539,2865,-316,149,-37,175,218,221,0
1387750,193,193,425,12,4151,3251,3195,-247,85,-119,187,191,213,0
1391081,194,194,125,0,3965,2629,3124,-175,52,-270,237,191,214,0
1394433,194,194,800,50,3436,1477,2968,-106,-132,-277,311,171,211,0
1397751,195,195,762,350,1764,-465,2551,-45,21,-209,372,173,195,0
1401084,195,195,818,143,952,-1566,2126,6,184,-190,399,170,206,0
1404433,195,196,1137,293,1179,-2171,1450,39,10,-177,413,169,198,0
1407776,196,196,575,162,978,-2581,328,42,47,-73,498,183,205,0
1411087,197,197,1100,462,721,-2537,-388,30,209,-34,504,171,189,0
1414434,197,197,762,368,1490,-1955,-1008,17,-26,-28,422,173,194,0
1417778,197,198,1118,518,1597,-898,-1987,-16,-63,-37,490,170,186,0
1421090,198,198,593,425,1260,-396,-2549,-57,26,-48,499,182,191,0
1424434,198,199,1156,650,1631,-23,-2986,-97,-48,-13,438,168,179,0
1427777,199,199,481,518,1812,209,-3423,-145,-54,-74,354,188,186,0
1431093,199,200,912,612,1778,28,-3659,-200,-82,-93,330,181,181,0
1434435,200,200,293,518,1739,-345,-3769,-255,-134,-76,277,198,186,0
1437777,200,201,762,706,1261,-817,-3760,-311,-113,0,203,189,176,0
1441096,201,201,293,500,971,-1068,-3623,-365,-156,12,114,198,187,0
1444435,201,202,743,518,479,-1299,-3426,-417,-42,18,145,190,186,0
1447810,202,202,1456,2037,163,-1428,-3316,-471,-24,60,152,213,182,0
1451100,203,203,743,893,-31,-1393,-3212,-525,-140,146,-6,235,227,0
1454456,203,204,875,856,-686,-1295,-3289,-586,-55,-31,3,244,229,0
1457777,204,204,200,687,-1062,-1361,-3059,-643,-120,135,73,264,238,0
1461104,205,205,256,837,-1596,-1271,-2940,-701,-94,56,45,261,230,0
1464460,206,206,0,556,-2168,-1385,-2710,-760,-116,51,52,263,229,0
1467778,207,206,0,837,-3342,-1768,-2637,-824,-131,103,-3,262,230,0
1471107,207,207,462,781,-4402,-1917,-2568,-896,-96,17,44,250,233,0
1474460,208,208,106,425,-4748,-2355,-2216,-979,10,118,48,253,236,0
1477778,209,208,275,725,-4584,-2585,-1818,-1063,-44,206,5,244,236,0
1481110,210,209,0,537,-4571,-2423,-1564,-1151,125,90,98,248,230,0
1484460,210,210,181,631,-3944,-2470,-1206,-1251,93,109,42,249,225,0
1487802,211,211,200,706,-3002,-2263,-691,-1349,137,147,140,248,221,0
1491113,212,211,0,443,-2053,-1867,-76,-1441,244,149,225,258,235,0
1494460,213,212,50,350,-594,-1357,354,-1530,258,190,160,240,240,0
1497802,213,213,87,125,919,-302,1043,-1595,13,103,176,238,236,0
1501116,214,213,0,481,1467,168,1567,-1639,217,13,190,247,233,0
1504461,215,214,387,593,2333,597,2050,-1655,126,63,151,222,227,0
1507807,215,215,706,443,3436,1253,2216,-1652,77,87,207,205,219,0
1511119,216,215,162,425,4021,2023,2197,-1628,-125,83,207,224,226,0
1514461,216,216,443,293,3939,2701,2228,-1569,-182,159,272,209,217,0
1517807,217,217,668,368,3419,4114,1761,-1502,-73,174,292,197,213,0
1521122,218,217,593,218,3414,5282,1484,-1424,-148,214,273,201,221,0
1524462,218,218,631,387,3429,6358,1112,-1327,-323,176,316,199,212,0
1527807,219,219,237,125,2390,7500,349,-1237,-257,96,344,204,210,0
1531125,219,219,837,312,1421,8062,-135,-1148,-276,-39,348,188,216,0
1534483,220,220,762,275,743,7903,-257,-1049,-356,-192,441,192,218,0
1537807,220,220,912,237,-625,6372,-383,-946,-297,-314,486,184,220,0
1541129,221,221,350,312,-2087,4401,-366,-840,-278,-384,519,198,200,0
1544484,221,221,968,800,-3124,2010,-199,-729,-102,-302,545,181,190,0
1547807,222,222,781,743,-3005,-596,-404,-628,-158,-197,401,191,193,0
1551131,222,223,1100,500,-2762,-1676,-434,-534,72,-122,440,174,190,0
1554484,223,223,837,556,-2113,-2358,-361,-442,68,-112,314,188,203,0
1557808,223,224,650,425,-1348,-3103,-306,-351,-42,39,210,198,194,0
1561135,224,224,500,368,-1280,-3507,-441,-262,-234,2,137,206,213,0
1564485,225,225,12,218,-2216,-3701,-909,-195,-146,45,-35,216,205,0
1567808,225,225,425,312,-4001,-3664,-1003,-135,-124,77,-22,210,216,0
1571138,226,226,125,50,-4719,-3323,-923,-79,-32,-17,82,210,214,0
1574485,226,227,425,331,-5018,-3114,-915,-25,-4,83,106,220,209,0
1577808,227,227,87,368,-5147,-2743,-1018,23,40,120,43,238,223,0
1581141,228,228,50,275,-4980,-2380,-1012,60,16,53,128,224,212,0
1584485,228,229,368,181,-4758,-2130,-945,87,15,77,143,223,217,0
1587810,229,229,0,50,-4419,-1540,-747,113,67,32,104,234,224,0
1591144,230,230,387,331,-4011,-1010,-517,134,48,65,158,222,209,0
1594485,230,230,443,631,-3602,-579,-215,149,-15,137,53,219,209,0
1597813,231,231,12,143,-3499,259,59,154,20,89,18,226,219,0
1601147,232,232,443,200,-3231,905,352,154,192,-16,93,219,216,0
1604485,232,232,200,125,-2522,1289,577,139,141,30,117,216,220,0
1607816,233,233,0,350,-1423,2059,814,115,281,79,168,230,208,0
1611151,233,233,181,87,-92,2699,1109,86,303,-5,147,217,222,0
1614510,234,234,200,0,1390,2945,1480,63,108,-16,105,216,227,0
1617819,235,235,312,200,2331,3129,1468,40,210,15,89,210,216,0
1621155,235,235,312,68,3170,3595,1531,18,268,-37,114,210,223,0
1624510,236,236,350,237,4446,3789,1736,18,145,-93,123,208,214,0
1627823,236,237,612,0,5013,3422,1750,26,166,-84,130,194,215,0
1631157,237,237,593,12,5153,2854,1625,42,211,-238,162,195,226,0
1634514,237,238,1118,0,5385,1895,1628,82,73,-307,259,170,218,0
1637826,238,239,800,0,4148,190,1513,133,-146,-265,435,171,212,0
1641160,238,239,1606,68,1955,-1099,1312,183,73,-278,472,144,210,0
1644519,239,240,1118,0,718,-2588,1160,231,141,-280,435,154,206,0
1647829,239,240,1493,312,199,-3128,822,268,171,-145,569,150,197,0
1651163,239,241,1606,143,120,-2975,503,290,271,-50,645,144,190,0
1654519,240,241,1343,481,724,-2133,167,308,91,30,661,158,188,0
1657832,240,242,1381,256,1234,-1229,-275,313,135,6,595,156,184,0
1661167,241,242,1362,537,1719,-417,-802,299,27,31,535,157,185,0
1664519,241,243,1100,331,2121,204,-1412,264,-8,33,444,171,180,0
1667835,242,243,1081,631,2802,321,-2027,215,-71,7,347,172,180,0
1671170,242,244,668,387,3175,47,-2612,161,-120,-14,281,194,177,0
1674520,243,244,668,612,3246,-602,-3354,88,-92,20,216,194,181,0
1677840,243,245,668,293,2952,-921,-3723,1,-198,104,118,194,182,0
1681173,244,245,481,631,2162,-1066,-3982,-94,-13,12,193,204,180,0
1684520,244,245,500,687,1754,-1135,-4219,-194,-139,159,39,203,177,0
1687842,245,246,256,593,1005,-1069,-4260,-296,-108,32,68,216,182,0
1691176,245,247,406,537,486,-1098,-4286,-400,-250,-22,56,208,185,0
1694520,246,247,275,593,-424,-1410,-4163,-507,-182,99,47,215,182,0
1697845,247,247,575,987,-1602,-1674,-4007,-616,-132,46,-6,212,190,0
1701180,247,248,612,500,-2121,-1726,-3831,-729,-157,9,44,210,200,0
1704521,248,249,312,406,-2369,-1830,-3682,-846,-59,73,60,226,205,0
1707848,249,249,0,293,-2925,-2085,-3603,-970,-13,120,-25,238,211,0
1711183,249,250,256,462,-3257,-2236,-3603,-1100,40,22,26,229,202,0
1714521,250,250,218,275,-3180,-2215,-3558,-1237,6,114,21,231,228,0
1717852,251,251,0,106,-3091,-1957,-3463,-1380,-88,53,-61,237,221,0
1721186,251,252,350,181,-3391,-1882,-3360,-1531,111,5,50,224,217,0
1724545,252,252,0,31,-3068,-1827,-3221,-1678,67,43,74,236,225,0
1727855,253,253,0,275,-2857,-1515,-3063,-1821,20,79,15,241,212,0
1731190,253,254,0,200,-2713,-1009,-2746,-1961,166,33,127,228,216,0
1734548,254,254,31,50,-1822,-407,-2237,-2086,193,169,208,225,224,0
1737858,255,255,125,181,-780,291,-1896,-2196,195,117,152,220,217,0
1741193,255,256,293,0,378,1074,-1376,-2290,110,54,168,211,227,0
1744547,256,256,31,275,1300,1970,-719,-2359,65,49,206,225,212,0
1747862,256,257,500,218,1530,2552,-341,-2411,83,54,253,200,199,0
1751196,257,257,481,462,1909,3178,91,-2444,53,23,262,201,202,0
1754547,258,258,781,668,2480,3856,550,-2453,-56,75,335,185,191,0
1757864,258,258,537,387,2897,4397,639,-2449,-125,106,361,198,206,0
1761199,259,259,443,387,3008,5008,624,-2434,-163,115,347,193,196,0
1764548,259,260,631,0,3070,5848,804,-2401,-308,79,368,183,201,0
1767868,260,260,462,443,2404,6019,988,-2345,-400,-87,485,192,193,0
1771202,260,261,312,12,1152,5736,1077,-2267,-422,-98,553,200,200,0
1774547,261,261,406,200,-713,4964,1100,-2169,-230,-244,555,195,206,0
1777871,261,262,1025,443,-1470,3897,1190,-2050,-150,-292,574,178,193,0
1781205,262,262,556,331,-1472,2618,1266,-1906,-42,-293,530,187,199,0
1784548,262,263,1137,537,-748,864,1181,-1753,-44,-293,473,172,188,0
1787875,263,263,725,387,-172,-93,1040,-1596,-99,-194,298,178,196,0
1791209,263,264,1062,368,198,-551,742,-1441,-141,-140,233,176,197,0
1794548,264,264,650,275,-170,-1060,322,-1298,-163,-128,204,182,202,0
1797877,264,265,762,462,-692,-1360,37,-1163,-184,-86,100,192,192,0
1801211,265,265,331,275,-1092,-1612,-379,-1044,-115,-21,62,199,202,0
1804549,265,266,443,387,-1882,-2020,-940,-948,-149,-75,25,209,196,0
1807881,266,267,0,12,-2640,-2430,-1317,-870,-12,-55,35,220,200,0
1811215,266,267,575,368,-2997,-2751,-1541,-803,26,-3,51,202,197,0
1814572,267,268,68,87,-2995,-3059,-1577,-740,18,46,35,213,196,0
1817883,268,268,256,293,-3067,-3136,-1615,-678,-79,51,39,203,201,0
1821218,268,269,650,687,-3192,-3192,-1546,-615,-82,141,54,208,190,0
1824576,269,269,143,425,-3529,-3010,-1489,-553,-114,108,27,219,204,0
1827887,269,270,518,481,-3954,-2754,-1343,-490,-148,92,99,215,201,0
1831221,270,270,181,312,-4509,-2409,-1253,-428,-94,168,84,217,210,0
1834577,271,271,0,500,-5011,-1624,-1175,-369,21,206,50,229,200,0
1837890,271,272,143,237,-4900,-1065,-1072,-317,117,78,118,219,198,0
1841224,272,272,31,537,-4313,-766,-1011,-279,41,187,140,225,198,0
1844581,273,273,256,500,-4001,-385,-1025,-252,64,110,107,213,200,0
1847893,273,273,106,218,-3541,36,-904,-237,100,33,114,221,215,0
1851227,274,274,0,481,-2985,106,-682,-236,122,106,183,231,201,0
1854586,275,274,0,387,-2160,30,-234,-232,246,128,237,222,206,0
1857896,275,275,181,462,-765,658,355,-224,269,136,306,217,202,0
1861231,276,276,162,687,651,1267,842,-215,185,93,270,218,206,0
1864586,276,276,125,237,1842,1926,1412,-191,184,209,149,220,214,0
1867899,277,277,0,518,2408,2775,1919,-150,268,108,146,231,199,0
1871234,278,277,143,162,3384,3465,2475,-98,276,22,231,219,218,0
1874585,278,278,443,237,5039,3461,2906,-38,180,-43,170,203,214,0
1877903,279,279,162,218,5665,3457,3167,26,72,-59,117,218,215,0
1881237,279,279,462,50,5491,3367,3139,90,34,-169,190,202,224,0
1884587,280,280,143,0,4851,2157,2862,142,-230,-216,310,206,216,0
1887906,280,281,650,106,3382,731,2495,180,-130,-189,354,179,208,0
1891241,281,281,687,106,1679,-523,2130,210,87,-183,386,177,208,0
1894587,281,282,912,50,919,-1843,1349,220,-93,-217,441,165,195,0
1897909,282,282,743,275,91,-2462,513,213,-39,-142,512,174,199,0
1901243,282,283,837,125,-363,-2528,-330,192,183,-6,518,169,191,0
1904586,283,283,931,387,536,-1629,-1022,159,18,-65,509,164,193,0
1907912,283,284,931,218,671,-945,-1648,120,-9,-87,487,164,186,0
1911247,283,284,1250,462,703,-464,-2141,82,93,-77,503,163,189,0
1914586,284,285,1062,612,1131,3,-2599,42,48,-63,443,173,181,0
1917915,284,285,1062,443,1541,115,-2902,0,0,-20,330,173,190,0
1921250,285,286,462,331,1948,-92,-3206,-51,-34,-63,273,189,180,0
1924608,285,286,893,537,2015,-550,-3567,-112,-90,-44,236,182,185,0
1927920,286,287,518,593,1789,-961,-3705,-179,-119,-30,194,202,182,0
1931253,286,287,818,575,1194,-1236,-3663,-247,-91,82,65,186,183,0
1934611,287,288,481,631,195,-1237,-3723,-321,-46,69,102,204,180,0
1937922,288,288,181,631,-127,-1166,-3617,-395,-16,21,124,204,180,0
1941257,288,289,350,706,-455,-1271,-3433,-466,-102,95,35,211,176,0
1944612,289,289,0,481,-1333,-1224,-3368,-538,-114,101,-12,214,188,0
1947925,289,290,687,612,-2080,-1067,-3242,-607,-56,10,57,206,194,0
1951260,290,290,50,481,-2494,-1133,-3063,-671,-82,21,69,224,201,0
1954612,291,291,106,406,-3191,-1425,-2895,-733,-4,149,57,221,205,0
1957928,291,291,500,687,-3297,-1436,-2839,-801,60,59,65,216,206,0
1961263,292,292,0,312,-3119,-1451,-2530,-872,-2,122,53,232,210,0
1964612,293,293,181,518,-2924,-1550,-2237,-953,13,119,44,217,199,0
1967932,293,293,200,443,-2828,-1467,-1941,-1040,106,87,96,216,203,0
1971266,294,294,237,462,-2237,-1474,-1544,-1133,122,128,113,214,202,0
1974613,294,294,406,725,-1296,-1431,-954,-1222,98,185,100,221,204,0
1977935,295,295,0,537,-938,-1249,-611,-1319,123,99,166,233,198,0
1981269,296,295,143,631,-404,-1078,-61,-1412,205,119,204,219,209,0
1984613,296,296,368,406,961,-842,711,-1488,38,162,143,207,205,0
1987938,297,297,125,425,1368,-461,1074,-1553,-72,129,98,220,204,0
1991273,297,297,162,237,1360,27,1262,-1603,59,77,158,218,214,0
1994613,298,298,50,237,2029,332,1722,-1627,-6,38,203,224,214,0
1997941,299,298,106,575,2314,468,1829,-1636,-120,73,194,221,212,0
2001276,299,299,387,368,2258,961,1911,-1619,-188,142,263,206,207,0
2004613,300,299,106,762,1653,1933,1773,-1579,-182,94,244,221,202,0
2007944,301,300,612,575,1170,2729,1544,-1521,-192,175,294,200,202,0
2011279,301,301,200,237,994,3825,1176,-1452,-241,145,298,206,204,0
2014635,302,301,556,668,574,5303,783,-1376,-115,92,350,187,197,0
2017947,302,302,425,481,609,6088,437,-1296,-146,44,357,194,191,0
2021282,303,302,500,612,648,6583,52,-1213,-151,15,362,190,200,0
2024638,303,303,612,331,758,7008,-402,-1135,-108,-52,382,184,199,0
2027951,304,303,650,443,1022,6782,-353,-1046,-210,-251,418,182,209,0
2031286,304,304,537,350,663,5771,-399,-947,-335,-306,465,188,198,0
2034638,305,305,706,387,-1114,3686,-264,-839,-197,-356,489,179,196,0
2037955,305,305,762,312,-1576,1972,-15,-725,-96,-359,458,176,200,0
2041288,306,306,1137,425,-1472,302,123,-605,-116,-309,485,172,194,0
2044639,306,306,462,256,-925,-1208,84,-489,-122,-143,362,192,203,0
2047958,307,307,725,462,-638,-1629,-88,-385,-6,-130,290,178,192,0
2051292,307,307,856,425,-579,-1916,-96,-282,-161,-94,133,187,210,0
2054639,308,308,462,256,-1018,-2104,-238,-189,-137,-110,139,192,203,0
2057960,308,308,406,331,-1794,-2355,-601,-112,-214,66,33,211,215,0
2061295,309,309,143,200,-2907,-2469,-1087,-55,-52,-38,5,209,206,0
2064639,309,310,462,237,-3897,-2593,-1268,-6,-30,-45,28,208,204,0
2067963,310,310,50,218,-4149,-2636,-1400,28,37,5,91,214,205,0
2071298,310,311,800,312,-4325,-2820,-1424,54,93,62,47,200,210,0
2074639,311,311,87,68,-3877,-2649,-1339,73,43,51,76,222,223,0
2077967,312,312,125,387,-3616,-2480,-1253,82,-34,22,121,220,206,0
2081301,312,313,575,425,-3678,-2373,-1268,72,-65,89,96,212,204,0
2084640,313,313,0,406,-3929,-1935,-1121,56,-94,137,73,228,205,0
2087970,314,314,162,406,-4138,-1471,-938,28,-69,93,105,218,205,0
2091328,314,314,312,237,-4385,-1207,-906,-21,-11,143,109,210,214,0
2094661,315,315,181,537,-4396,-567,-790,-79,69,137,81,217,198,0
2097973,315,315,275,218,-3838,-28,-570,-137,140,109,173,212,215,0
2101332,316,316,275,312,-2910,397,-284,-199,133,171,203,212,210,0
2104664,317,317,331,406,-1851,936,-76,-259,156,131,144,209,205,0
2107976,317,317,200,237,-918,1450,180,-313,213,115,162,216,214,0
2111336,318,318,125,331,202,1900,595,-350,177,42,212,220,209,0
2114665,318,319,443,0,1549,2733,671,-377,166,154,169,203,216,0
2117980,319,319,143,125,2434,3396,921,-385,239,-49,92,219,220,0
2121338,320,320,181,181,3489,3631,1174,-373,85,-81,62,217,217,0
2124665,320,320,462,68,4295,3486,1361,-344,95,-44,132,202,223,0
2127983,321,321,162,256,4446,3450,1338,-304,202,-135,167,218,213,0
2131369,321,322,668,0,4890,3085,1446,-246,81,-248,226,194,215,0
2134666,322,322,162,0,4196,1644,1245,-196,-135,-218,354,205,219,0
2137986,322,323,762,0,2454,357,1115,-149,-67,-230,429,173,214,0
2141345,323,323,781,162,849,-988,1003,-109,127,-351,493,172,205,0
2144665,323,324,1250,293,111,-2576,821,-83,255,-302,479,163,198,0
2147990,324,325,837,0,335,-3098,546,-70,156,-168,529,169,201,0
2151348,324,325,1268,331,456,-2926,231,-65,178,-58,558,162,196,0
2154667,325,326,1100,218,837,-1762,-124,-66,173,-104,514,155,186,0
2157992,325,326,1175,406,1295,-677,-427,-77,71,-69,497,167,192,0
2161348,325,327,1362,293,1443,199,-751,-93,75,-155,492,157,182,0
2164666,326,327,1156,593,1654,663,-885,-102,8,-107,393,168,182,0
2167996,326,328,1325,256,1897,563,-1106,-102,19,-128,327,159,184,0
2171353,327,328,1100,631,2038,24,-1422,-107,71,-98,346,171,180,0
2174687,327,329,1137,368,2381,-444,-1744,-118,-55,-77,245,169,178,0
2177999,328,329,968,631,2080,-931,-1973,-135,-173,21,168,178,180,0
2181356,328,329,500,575,1534,-1443,-2364,-167,-202,84,66,203,183,0
2184691,329,330,275,537,921,-1451,-2552,-207,-103,146,90,215,185,0
2188002,329,330,443,537,502,-1322,-2730,-253,-65,43,125,206,185,0
2191356,330,331,462,612,460,-1236,-2748,-304,-64,112,101,205,181,0
2194723,331,331,687,1081,287,-1299,-2787,-362,-89,92,17,206,185,0
2198005,331,332,612,762,-90,-1492,-2882,-424,-146,54,29,210,186,0
2201357,332,332,387,1043,-557,-1777,-2923,-490,-66,77,90,222,187,0
2204691,332,333,387,443,-963,-1942,-2938,-564,-28,90,71,222,203,0
2208008,333,333,237,968,-1260,-2115,-2946,-647,-160,82,7,230,191,0
2211357,334,334,50,537,-2014,-2592,-2922,-736,-30,122,55,224,198,0
2214691,334,335,650,706,-2655,-2770,-2840,-831,14,199,85,208,189,0
2218011,335,335,443,950,-2691,-2697,-2705,-934,24,156,84,219,192,0
2221357,335,336,462,575,-2647,-2705,-2405,-1030,78,122,113,218,196,0
2224691,336,336,443,931,-2240,-2693,-2199,-1127,-5,278,159,219,193,0
2228015,337,337,106,706,-1959,-2370,-1942,-1225,25,279,144,221,189,0
2231357,337,337,668,893,-1667,-1737,-1456,-1313,92,233,224,207,195,0
2234692,338,338,256,912,-973,-1428,-1029,-1387,30,167,234,229,194,0
2238019,339,338,181,875,-582,-1150,-614,-1451,14,294,184,217,196,0
2241357,339,339,612,912,-534,-467,-131,-1494,81,188,244,210,194,0
2244693,340,339,68,818,88,-70,338,-1518,109,140,252,223,199,0
2248022,340,340,443,725,824,146,751,-1526,-5,246,131,219,204,0
2251379,341,341,331,706,1306,433,1247,-1513,-118,152,91,225,205,0
2254713,342,341,0,593,1123,792,1498,-1483,-128,91,121,235,211,0
2258025,342,342,218,668,1131,1044,1610,-1440,-92,111,130,221,197,0
2261383,343,342,200,537,1122,1607,1681,-1384,-167,45,187,206,204,0
2264717,344,343,293,856,997,2190,1569,-1321,-155,45,173,201,187,0
2268027,344,343,256,668,855,2758,1358,-1255,-147,22,155,203,197,0
2271382,345,344,237,556,829,3606,1201,-1190,-90,52,181,204,203,0
2274717,345,345,406,350,864,4319,1038,-1123,-178,46,187,195,198,0
2278031,346,345,181,500,713,5011,843,-1053,-93,-31,185,207,206,0
2281383,346,346,631,425,880,5484,536,-981,-35,62,223,199,210,0
2284717,347,346,275,387,988,5839,195,-914,-78,22,253,202,212,0
2288034,347,347,537,50,782,6349,-135,-844,-90,13,292,188,214,0
2291383,348,348,387,87,894,6660,-316,-774,-165,-118,364,196,212,0
2294718,348,348,837,443,638,6175,-419,-702,-303,-226,414,188,209,0
2298037,349,349,331,256,-524,4970,-613,-635,-369,-346,461,199,203,0
2301384,349,349,931,781,-2531,2558,-430,-561,-110,-274,624,183,191,0
2304718,350,350,425,556,-2914,807,-417,-484,-156,-289,544,194,187,0
2308040,350,350,1006,781,-3022,-715,-352,-404,9,-231,535,179,191,0
2311383,351,351,500,425,-2790,-1984,-232,-319,-57,-139,404,190,194,0
2314719,351,351,968,650,-2524,-2523,-156,-232,-31,-91,311,181,198,0
2318044,352,352,293,275,-2208,-2930,-150,-146,-168,-140,186,201,202,0
2321384,353,352,350,650,-2719,-3348,-467,-71,-224,-9,60,208,208,0
2324718,353,353,406,462,-3826,-3437,-626,-7,-60,79,22,221,218,0
2328047,354,354,0,31,-4287,-3178,-566,50,-29,-25,115,227,225,0
2331405,354,354,575,406,-4456,-3071,-608,100,41,102,123,212,221,0
2334740,355,355,162,31,-4364,-2664,-678,139,102,68,99,218,225,0
2338050,356,356,143,162,-3824,-2101,-555,167,47,45,166,219,218,0
2341405,356,356,368,368,-3106,-1546,-462,185,18,145,162,223,223,0
2344742,357,357,0,256,-3038,-1033,-340,194,56,100,117,234,213,0
2348053,358,358,50,575,-2890,-494,-178,192,57,-3,93,224,212,0
2351409,358,358,181,143,-2512,-13,-1,182,-20,88,70,217,219,0
2354742,359,359,68,181,-2608,570,157,163,51,136,31,223,217,0
2358056,359,359,331,0,-2356,1176,281,133,120,-64,21,209,227,0
2361409,360,360,0,0,-1553,1271,423,99,102,21,31,227,229,0
2364743,361,361,0,162,-919,1354,407,62,143,7,66,232,218,0
2368060,361,361,200,68,-137,1746,452,23,259,-40,156,216,223,0
2371409,362,362,331,331,1507,2175,697,-3,145,-35,160,209,209,0
2374743,363,363,31,0,2335,2588,859,-19,129,54,42,209,215,0
2378063,363,363,275,106,2772,3086,965,-26,200,-34,60,212,221,0
2381410,364,364,87,31,3793,3324,1141,-23,198,-87,187,209,212,0
2384743,364,364,406,143,4465,3066,1273,-9,178,-89,229,192,206,0
2388066,365,365,556,87,4942,2560,1285,13,265,-196,234,184,209,0
2391410,365,366,818,0,5708,1260,1412,51,-41,-270,332,170,204,0
2394743,366,366,650,0,5091,-112,1428,100,-152,-252,460,179,214,0
2398070,366,367,781,0,3281,-1488,1331,151,-40,-235,480,172,204,0
2401410,367,367,893,143,1639,-2970,1105,199,148,-196,443,166,206,0
2404743,367,368,781,218,1052,-3501,617,237,30,-94,457,172,186,0
2408072,367,368,1175,443,494,-3164,14,251,-28,19,545,167,190,0
2411410,368,369,762,256,37,-1829,-876,237,6,36,583,173,184,0
2414744,368,369,1175,518,165,-763,-1549,200,55,48,543,167,186,0
2418075,369,370,631,331,635,-27,-1996,144,-23,-17,443,180,180,0
2421432,369,370,1137,575,1209,483,-2473,72,-14,-25,419,169,183,0
2424768,370,371,425,350,1676,450,-2688,-6,-11,-75,372,191,179,0
2428079,370,371,931,650,1878,46,-2895,-82,-69,7,235,180,179,0
2431436,371,372,387,331,1889,-463,-3139,-161,-108,53,176,193,180,0
2434771,371,372,912,612,1599,-665,-3246,-244,-104,54,126,181,181,0
2438082,372,373,331,331,1188,-853,-3241,-327,-111,35,129,196,180,0
2441436,372,373,893,687,725,-1047,-3166,-404,-74,61,86,182,177,0
2444771,373,374,931,875,527,-1159,-3121,-485,-48,113,52,193,180,0
2448085,373,374,856,668,338,-1340,-2930,-562,-157,80,81,197,191,0
2451436,374,375,650,687,-416,-1623,-2786,-638,-172,85,33,208,190,0
2454777,374,375,612,650,-1499,-1731,-2661,-716,-110,107,46,210,192,0
2458088,375,376,350,556,-2283,-1683,-2732,-801,12,-6,116,224,197,0
2461436,376,376,181,743,-2513,-1577,-2590,-887,3,153,117,233,203,0
2464778,376,377,650,518,-2537,-1654,-2657,-979,-45,167,52,208,199,0
2468092,377,377,368,706,-2757,-1534,-2348,-1065,17,213,40,223,205,0
2471437,378,378,0,387,-3005,-1110,-2233,-1148,117,127,129,228,206,0
2474778,378,378,612,762,-2873,-958,-2078,-1227,87,164,161,210,202,0
2478095,379,379,200,387,-2551,-896,-1894,-1308,66,248,62,216,206,0
2481436,380,380,143,631,-2120,-678,-1419,-1379,51,125,99,219,193,0
2484778,380,380,312,575,-1788,-526,-1084,-1443,68,210,106,226,212,0
2488098,381,381,0,481,-1483,-329,-755,-1502,50,103,128,229,201,0
2491437,381,381,612,593,-683,-197,-141,-1547,145,76,177,210,211,0
2494778,382,382,162,275,419,-203,345,-1576,78,123,126,218,212,0
2498101,383,383,162,350,1015,-37,697,-1598,25,177,80,218,208,0
2501457,383,383,425,406,1129,530,935,-1614,168,93,120,220,221,0
2504779,384,384,0,106,2036,985,1217,-1617,82,-17,171,234,221,0
2508104,385,384,0,218,2851,1215,1463,-1606,-37,65,179,218,221,0
2511462,385,385,368,331,2857,2027,1421,-1581,-127,-16,228,197,199,0
2514778,386,386,200,350,2557,2843,1299,-1541,-248,45,329,206,198,0
2518108,386,386,331,518,1966,3712,916,-1485,-187,131,330,199,189,0
2521462,387,387,181,425,1490,5342,271,-1428,-137,138,304,207,194,0
2524779,387,387,743,500,1528,6694,26,-1365,-222,-4,358,193,206,0
2528111,388,388,237,368,1353,7438,-258,-1296,-404,-189,408,204,197,0
2531462,388,388,650,556,-369,6970,-472,-1226,-482,-351,504,198,203,0
2534803,389,389,425,425,-2246,5781,-366,-1147,-225,-515,519,194,194,0
2538114,389,389,912,593,-2769,3934,5,-1049,-148,-437,590,184,201,0
2541462,390,390,612,200,-1796,1288,317,-938,-27,-470,532,184,206,0
2544805,390,391,1118,462,-1114,-209,491,-821,-106,-308,583,173,192,0
2548118,391,391,443,331,-790,-1132,641,-702,-67,-270,381,193,199,0
2551462,391,392,931,443,-354,-1833,499,-589,-119,-176,270,183,193,0
2554805,392,392,387,0,-466,-2152,282,-489,-216,-5,185,196,218,0
2558120,393,393,743,237,-1263,-2066,111,-398,-147,-36,96,193,204,0
2561462,393,393,181,50,-2123,-1969,-239,-322,-113,-58,48,207,214,0
2564806,394,394,0,143,-2342,-2027,-670,-258,-130,-68,57,224,209,0
2568123,394,395,612,462,-2978,-2138,-926,-206,-62,7,19,210,202,0
2571463,395,395,256,50,-3485,-1980,-1021,-155,40,-42,-6,213,224,0
2574806,396,396,237,256,-3547,-2076,-998,-113,-6,18,70,214,213,0
2578127,396,396,143,200,-3456,-2168,-971,-73,-56,49,49,219,216,0
2581484,397,397,181,312,-3648,-2118,-900,-36,-82,27,28,217,210,0
2584805,397,398,218,0,-3925,-1880,-902,-5,-30,-6,47,215,211,0
2588130,398,398,0,387,-4097,-1794,-841,12,-42,105,88,231,206,0
2591488,399,399,68,387,-4394,-1438,-844,19,-13,155,49,223,206,0
2594806,399,399,312,200,-4424,-1055,-792,18,56,61,68,210,216,0
2598134,400,400,68,462,-3973,-787,-789,-1,10,90,85,223,202,0
2601488,401,401,0,0,-3639,-473,-941,-41,95,97,95,217,212,0
2604806,401,401,200,275,-3328,70,-956,-93,101,65,61,216,212,0
2608136,402,402,200,462,-2690,273,-853,-149,188,50,206,216,202,0
2611488,402,402,218,106,-1144,449,-696,-209,220,130,284,215,221,0
2614806,403,403,50,312,99,1243,-445,-268,288,88,230,224,210,0
2618139,403,404,350,406,1519,2029,-217,-319,249,-29,188,208,205,0
2621488,404,404,293,31,3198,2466,169,-355,157,37,140,211,225,0
2624831,405,405,162,256,3797,2849,358,-372,151,37,114,218,213,0
2628143,405,405,481,218,4398,3399,856,-354,189,6,192,201,215,0
2631489,406,406,0,68,5173,3474,1236,-316,-38,-66,224,218,210,0
2634834,406,407,462,0,4778,2935,1400,-264,-89,-162,239,189,211,0
2638146,407,407,293,68,3617,2002,1439,-205,-126,-284,361,198,210,0
2641489,407,408,668,0,1831,-133,1477,-147,-205,-304,444,178,199,0
2644834,408,408,556,293,235,-1833,1470,-101,152,-141,487,184,198,0
2648149,408,409,837,0,-257,-2716,1244,-72,202,-92,486,169,200,0
2651490,409,409,762,275,-21,-2666,872,-60,71,-84,513,173,199,0
2654835,409,410,968,68,-74,-2243,426,-67,242,-24,535,162,194,0
2658153,410,410,987,331,779,-1406,83,-80,148,-42,480,161,196,0
2661510,410,411,1156,481,1929,-132,-279,-98,-4,-57,438,168,188,0
2664836,411,411,912,368,1989,440,-627,-121,34,-102,422,165,194,0
2668155,411,412,781,275,2153,537,-1093,-147,7,-60,349,172,183,0
2671512,411,412,1175,706,2449,429,-1486,-173,-2,-107,309,167,176,0
2674836,412,413,781,650,2442,64,-1987,-206,-36,-47,273,188,179,0
2678159,412,413,893,518,2315,-480,-2560,-254,-94,-24,224,182,186,0
2681514,413,414,668,781,2068,-1149,-3001,-317,-100,43,179,194,172,0
2684836,413,414,875,668,1597,-1393,-3222,-387,-200,21,145,183,178,0
2688162,414,415,518,668,775,-1530,-3459,-467,-101,115,107,202,178,0
2691513,414,415,762,500,-148,-1486,-3490,-548,-95,180,102,189,187,0
2694836,415,416,1662,1212,-619,-1468,-3495,-631,-69,81,67,202,210,0
2698165,416,416,500,950,-977,-1604,-3419,-711,4,47,105,248,224,0
2701513,417,417,481,687,-1602,-1875,-3436,-794,-91,23,53,249,238,0
2704836,417,418,1100,706,-1822,-1864,-3368,-875,-46,105,88,232,237,0
2708168,418,419,87,218,-2093,-1772,-3259,-947,-16,63,161,270,247,0
2711514,419,419,200,725,-2654,-1766,-3331,-1021,-51,88,39,264,236,0
2714837,420,420,162,575,-3290,-1829,-3379,-1100,57,100,127,250,228,0
2718171,420,421,837,406,-3148,-1702,-3168,-1177,14,220,87,230,237,0
2721514,421,421,500,518,-3138,-1270,-2992,-1257,130,69,66,248,247,0
2724841,422,422,31,425,-2788,-1037,-2775,-1337,117,177,199,257,236,0
2728175,423,423,743,575,-2124,-961,-2526,-1421,156,180,30,235,228,0
2731514,423,424,312,0,-1617,-630,-2280,-1504,37,106,12,242,248,0
2734843,424,424,0,237,-1595,-368,-2235,-1600,17,95,85,260,246,0
2738178,425,425,0,0,-1550,84,-2068,-1703,75,80,69,249,246,0
2741514,425,426,237,0,-939,238,-1797,-1803,149,37,111,246,247,0
2744848,426,427,200,106,-224,355,-1555,-1897,39,34,127,248,237,0
2748181,427,427,0,87,244,1064,-1312,-1984,135,139,53,245,238,0
2751539,428,428,50,406,977,1893,-1099,-2064,9,17,146,240,221,0
2754865,428,429,612,425,1448,2748,-1046,-2136,-96,57,121,216,210,0
2758184,429,429,368,387,1267,3465,-962,-2193,-71,64,172,213,212,0
2761542,429,430,762,368,1620,3845,-726,-2229,6,23,226,208,213,0
2764853,430,430,406,275,2154,4365,-545,-2249,-29,148,296,211,218,0
2768187,431,431,556,500,2504,5221,-663,-2261,-60,141,287,203,206,0
2771542,431,432,443,0,2882,5688,-904,-2269,-100,51,345,209,221,0
2774856,432,432,500,143,3147,5969,-986,-2266,-302,-31,426,206,225,0
2778191,432,433,631,31,2362,5750,-1068,-2253,-600,-227,570,199,215,0
2781547,433,433,762,668,-674,4435,-963,-2221,-359,-429,564,192,197,0
2784859,433,434,781,218,-2625,2264,-763,-2165,-336,-388,696,191,205,0
2788195,434,435,575,593,-3213,-376,-481,-2086,28,-281,596,202,185,0
2791547,435,435,687,537,-2365,-1769,-483,-2001,20,-189,556,180,188,0
2794864,435,436,987,312,-1291,-2306,-243,-1900,-104,-231,331,180,200,0
2798198,435,436,968,331,-644,-2929,147,-1786,-91,-183,338,181,199,0
2801548,436,437,331,275,-594,-3151,145,-1673,-241,-22,156,215,202,0
2804866,437,437,218,443,-1125,-3375,-61,-1568,-187,47,44,221,209,0
2808201,437,438,312,200,-2321,-3356,-442,-1474,-97,3,86,216,206,0
2811548,438,438,218,631,-2873,-3140,-502,-1385,-71,55,81,221,199,0
2814870,439,439,87,162,-3310,-2893,-608,-1302,-30,106,42,212,208,0
2818203,439,440,687,781,-3341,-2454,-457,-1212,6,57,84,206,201,0
2821549,440,440,125,106,-3191,-2158,-372,-1118,24,70,104,220,221,0
2824872,440,441,406,256,-3262,-1945,-405,-1032,-41,116,40,221,213,0
2828207,441,441,0,181,-3436,-1458,-286,-947,-6,88,26,227,217,0
2831549,442,442,0,500,-3612,-1146,-39,-862,-68,65,109,229,200,0
2834876,442,443,425,312,-3980,-1017,110,-779,-102,98,38,220,210,0
2838210,443,443,125,256,-4272,-601,356,-697,101,100,78,220,213,0
2841549,444,444,0,275,-3867,-282,587,-609,77,74,97,230,212,0
2844879,444,444,181,125,-3461,-65,779,-520,39,197,108,217,220,0
2848213,445,445,87,331,-2799,531,1019,-432,175,15,75,222,209,0
2851549,446,446,293,331,-1858,882,1229,-345,186,-17,130,211,209,0
2854882,446,446,106,0,-723,1013,1258,-264,213,37,165,221,228,0
2858216,447,447,125,181,789,1577,1454,-185,239,122,163,220,217,0
2861574,447,448,443,0,2103,2214,1794,-96,200,20,129,203,215,0
2864885,448,448,106,200,3178,2623,2002,-3,145,62,149,221,216,0
2868219,449,449,312,87,4043,3228,2086,84,257,22,88,210,206,0
2871576,449,449,443,50,5163,3696,2259,171,264,-40,105,203,224,0
2874888,450,450,331,181,6345,3656,2412,267,92,-129,130,209,217,0
2878223,450,451,537,0,6013,2946,2400,371,-114,-190,199,198,215,0
2881575,451,451,481,31,4519,2138,2230,471,-129,-268,308,188,212,0
2884892,451,452,1062,0,2609,824,2096,570,-100,-360,466,157,203,0
2888226,452,452,1156,256,136,-1262,1773,656,47,-330,510,152,200,0
2891576,452,453,1381,425,-571,-2422,1388,723,41,-276,599,156,191,0
2894895,452,453,1606,312,-845,-3031,912,766,135,-221,641,144,197,0
2898229,453,454,1043,218,-439,-2801,357,793,123,-122,627,158,186,0
2901576,453,454,1643,500,183,-1860,-100,797,37,-82,615,142,187,0
2904898,454,455,1531,593,528,-839,-491,777,109,-61,582,148,182,0
2908233,454,455,1250,537,1228,32,-972,742,52,-89,497,163,185,0
2911576,454,456,1531,593,2081,278,-1457,699,9,-61,398,164,182,0
2914901,455,456,762,518,2613,249,-1981,650,-51,-97,304,189,186,0
2918235,455,457,1156,687,2766,-150,-2813,578,-116,-9,276,184,177,0
2921576,456,457,368,518,2610,-606,-3487,488,-118,61,170,210,186,0
2924905,457,458,537,537,2190,-767,-3980,378,-152,71,99,201,185,0
2928239,457,458,556,500,1189,-570,-4486,250,-82,75,68,200,187,0
2931577,458,459,762,743,642,-702,-4544,120,-99,38,87,189,174,0
2934907,458,459,687,575,457,-1010,-4542,-12,-69,76,42,193,183,0
2938242,459,460,443,650,-52,-1502,-4471,-150,-184,3,-1,206,179,0
2941633,459,460,1137,1156,-1068,-1879,-4410,-291,-126,-3,21,198,181,0
2944911,460,461,612,650,-1798,-2324,-4187,-433,-146,114,53,210,192,0
2948245,460,461,968,931,-2248,-2847,-3864,-573,-48,192,11,207,193,0
2951601,461,462,312,612,-2500,-2972,-3673,-712,20,91,54,226,194,0
2954914,462,462,387,743,-2675,-3062,-3602,-856,83,136,156,222,203,0
2958248,462,463,706,612,-2434,-3218,-3468,-1003,26,229,106,205,194,0
2961606,463,463,518,818,-2398,-3000,-3427,-1149,51,181,95,215,199,0
2964917,464,464,537,818,-2111,-2611,-3129,-1292,43,190,168,214,199,0
2968251,464,464,462,800,-1698,-2124,-2846,-1437,77,271,219,218,200,0
2971610,465,465,443,856,-1407,-1709,-2516,-1579,55,279,169,219,197,0
2974920,465,465,481,875,-1201,-1284,-2121,-1710,62,218,184,217,196,0
2978255,466,466,387,837,-952,-901,-1523,-1828,8,106,120,222,198,0
2981613,467,467,143,818,-815,-641,-1102,-1938,15,188,124,235,199,0
2984924,467,467,256,631,-484,-313,-672,-2034,100,206,174,229,209,0
2988258,468,468,162,781,478,-103,8,-2104,-71,178,76,234,201,0
2991614,469,468,0,481,442,66,411,-2156,-53,169,99,238,217,0
2994927,469,469,331,818,177,346,734,-2189,-14,56,152,225,199,0
2998261,470,469,0,650,497,509,1176,-2195,-7,89,186,228,208,0
