Time, Rlegs, Llegs, DCL, DCR, GyroX, GyroY, GyroZ, GyroZAvg, AccelX, AccelY, AccelZ, LBEMF, RBEMF, SteerOut
1819,261,296,0,0,-254,165,-112,-111,-22,1,223,56,56,0
5138,261,296,0,0,-255,171,-112,-111,-19,1,220,56,57,0
8472,261,296,0,0,-254,169,-112,-111,-18,-1,222,56,57,0
11820,261,296,0,0,-257,169,-112,-111,-19,1,226,56,57,0
15140,261,296,0,0,-255,168,-111,-111,-22,1,227,56,57,0
18475,261,296,0,0,-255,167,-111,-111,-20,1,230,55,57,0
21819,261,296,0,0,-256,166,-110,-111,-17,0,224,56,57,0
25144,261,296,0,0,-255,168,-111,-111,-19,0,223,55,57,0
28479,261,296,0,0,-254,171,-109,-111,-21,3,231,56,57,0
31820,261,296,0,0,-252,171,-111,-111,-25,1,224,56,57,0
35147,261,296,0,0,-254,172,-112,-111,-16,0,226,56,57,0
38481,261,296,0,0,-254,168,-109,-111,-17,2,228,56,57,0
41820,261,296,0,0,-257,169,-112,-111,-21,-1,224,55,57,0
45150,261,296,0,0,-254,165,-114,-111,-21,0,223,56,57,0
48485,261,296,0,0,-257,166,-111,-111,-19,-1,229,55,57,0
51820,261,296,0,0,-258,167,-113,-111,-17,1,225,55,57,0
55154,261,296,0,0,-256,167,-112,-111,-18,2,232,56,57,0
58508,261,296,0,0,-255,168,-111,-111,-20,0,226,56,57,0
61842,261,296,0,0,-256,169,-110,-111,-22,0,221,56,57,0
65156,261,296,0,0,-257,169,-111,-111,-20,1,231,56,57,0
68512,261,296,0,0,-254,169,-111,-111,-17,0,222,56,57,0
71845,261,296,0,0,-256,170,-110,-111,-23,2,224,55,57,0
75160,261,296,0,0,-254,169,-114,-111,-22,0,225,56,57,0
78515,261,296,0,0,-255,168,-112,-111,-19,0,225,56,57,0
81846,261,296,0,0,-255,168,-113,-111,-20,0,218,56,57,0
85163,261,296,0,0,-257,165,-111,-111,-18,-3,224,56,57,0
88518,261,296,0,0,-256,168,-111,-111,-21,0,224,56,57,0
91846,261,296,0,0,-257,167,-110,-111,-22,1,222,56,57,0
95166,261,296,0,0,-255,167,-109,-111,-20,0,229,55,57,0
98521,261,296,0,0,-252,168,-112,-111,-22,-1,223,55,57,0
102115,261,296,0,0,-258,171,-109,-111,-20,-1,233,55,57,0
105169,0,0,0,0,-255,171,-111,-111,-18,-1,226,56,57,0
108524,0,0,0,0,-257,167,-112,-111,-24,0,223,55,56,0
111846,0,0,0,0,-257,171,-111,-111,-23,0,228,56,57,0
115172,0,0,0,0,-254,168,-113,-111,-16,1,224,56,57,0
118528,0,0,0,0,-258,169,-112,-111,-24,1,228,55,57,0
121847,0,0,0,0,-256,168,-110,-111,-19,0,223,56,57,0
125176,0,0,0,0,-256,168,-113,-111,-22,-1,228,56,57,0
128529,0,0,0,0,-256,167,-110,-111,-23,3,223,56,57,0
131846,0,0,0,0,-256,168,-112,-111,-19,0,227,56,57,0
135179,0,0,0,0,-255,172,-113,-111,-20,0,219,56,57,0
138534,0,0,0,0,-255,166,-111,-111,-20,0,219,55,57,0
141868,0,0,0,0,-256,167,-110,-111,-20,1,224,55,57,0
145182,0,0,0,0,-257,168,-111,-111,-21,0,227,55,57,0
148537,0,0,0,0,-255,169,-110,-111,-19,1,223,56,57,0
151872,0,0,0,0,-255,168,-110,-111,-20,2,225,56,57,0
155185,0,0,0,0,-256,167,-112,-111,-22,-1,224,55,57,0
158537,0,0,0,0,-257,169,-113,-111,-22,1,222,56,57,0
161872,0,0,0,0,-254,169,-110,-111,-22,7,224,56,57,0
165189,0,0,0,0,-254,170,-112,-111,-22,4,228,56,57,0
168537,0,0,0,0,-255,173,-111,-111,-21,1,224,56,57,0
171872,0,0,0,0,-255,170,-110,-111,-19,2,231,55,57,0
175192,0,0,0,0,-253,170,-111,-111,-19,3,223,56,57,0
178538,0,0,0,0,-256,168,-110,-111,-21,0,225,56,57,0
181872,0,0,0,0,-252,168,-113,-111,-21,0,230,56,57,0
185195,0,0,0,0,-256,168,-113,-111,-19,-2,225,56,57,0
188538,0,0,0,0,-256,167,-114,-111,-20,1,227,55,57,0
191873,0,0,0,0,-257,169,-109,-111,-19,-1,226,56,57,0
195198,0,0,0,0,-258,163,-109,-111,-20,1,222,56,57,0
198538,0,0,0,0,-256,166,-110,-111,-19,3,229,55,57,0
201873,0,0,0,0,-255,166,-111,-111,-20,1,230,56,57,0
205201,0,0,12,0,-256,167,-111,-111,-15,-14,220,56,57,0
208541,0,0,0,0,-276,137,-111,-111,-18,5,224,73,77,0
211876,0,0,0,0,-296,134,-121,-111,-29,-3,223,68,74,0
215204,0,0,181,50,-296,154,-118,-111,-7,2,225,63,70,0
218563,0,0,106,68,-229,144,-86,-110,-28,1,211,67,69,0
221876,0,1,50,0,-267,103,-68,-109,-21,8,226,70,70,0
225208,0,1,106,0,-273,110,-62,-107,-18,9,227,67,67,0
228566,0,1,312,181,-237,127,-45,-105,-26,-1,215,72,63,0
231902,1,1,0,68,-238,114,-33,-103,-30,4,221,85,69,0
235211,1,1,0,68,-287,115,-34,-101,-21,8,230,78,69,0
238567,1,1,331,368,-291,122,-43,-98,-16,6,231,71,69,0
241900,1,1,143,143,-256,119,-45,-96,-31,1,225,81,81,0
245214,1,1,68,87,-305,106,-51,-94,-24,7,220,85,84,0
248567,1,1,125,125,-311,118,-58,-93,-9,-1,226,82,82,0
251901,1,1,350,350,-237,104,-29,-90,-35,-6,216,86,86,0
255217,1,1,106,143,-228,79,-11,-87,-38,14,215,99,97,0
258567,2,1,0,218,-263,99,3,-84,-12,-1,226,101,93,0
261901,2,2,218,275,-194,150,36,-79,-20,10,231,93,90,0
265220,2,2,237,256,-112,195,76,-73,-24,11,228,92,91,0
268567,2,2,143,200,-120,233,94,-67,-31,8,233,97,94,0
271901,2,2,125,200,-171,271,98,-60,-26,7,233,98,94,0
275224,2,2,387,443,-165,310,94,-54,-16,7,237,100,97,0
278567,3,2,0,237,-134,350,94,-47,-24,14,252,116,108,0
281901,3,3,0,12,-122,424,76,-42,-8,22,238,110,104,0
285227,3,3,425,500,-89,463,65,-36,-2,8,235,98,94,0
288567,3,3,237,256,-9,479,40,-31,-41,1,224,108,107,0
291902,3,3,162,143,-85,462,19,-27,-25,23,234,112,113,0
295230,4,3,0,200,-125,587,4,-23,-4,-13,222,112,110,0
298568,4,4,556,143,-97,715,-14,-20,2,0,243,91,113,0
301902,4,4,387,125,-5,757,-90,-20,-41,-20,224,100,114,0
305234,4,4,350,87,-108,742,-109,-20,-15,-1,236,102,116,0
308589,4,4,743,425,-125,702,-135,-21,-39,-10,240,97,114,0
311926,5,5,162,12,-100,570,-130,-21,-29,-17,245,112,120,0
315236,5,5,293,106,-129,444,-120,-21,-31,-23,234,105,115,0
318592,5,5,443,50,-100,235,-131,-22,-46,-36,238,97,118,0
321926,5,5,575,350,-43,-106,-107,-21,-62,-40,219,106,118,0
325240,5,6,368,0,-104,-260,-91,-22,-84,-10,224,117,128,0
328593,6,6,443,143,-207,-286,-118,-23,-48,21,225,108,124,0
331927,6,6,500,106,-342,-277,-239,-29,-51,-5,227,105,126,0
335243,6,7,368,0,-338,-338,-340,-38,-63,6,234,112,121,0
338595,6,7,350,50,-412,-365,-447,-51,-28,11,234,113,113,0
341927,7,7,275,368,-399,-329,-542,-67,-49,14,235,117,112,0
345246,7,7,312,200,-410,-331,-589,-84,-51,9,222,115,121,0
348593,7,8,387,0,-504,-384,-656,-103,-25,13,213,111,123,0
351927,7,8,368,0,-580,-461,-739,-124,-26,20,206,112,116,0
355250,8,8,293,368,-604,-482,-758,-146,-40,15,218,116,112,0
358594,8,8,331,237,-619,-497,-753,-169,-20,19,228,114,119,0
361927,8,9,406,0,-563,-563,-749,-192,-9,32,216,110,119,0
365252,8,9,406,143,-426,-604,-722,-215,-3,33,216,110,108,0
368593,9,9,275,462,-311,-618,-667,-237,-29,43,220,117,107,0
371927,9,9,162,218,-341,-603,-574,-257,-28,64,222,123,120,0
375256,9,9,481,256,-464,-599,-510,-276,0,80,221,106,118,0
378594,9,10,443,143,-605,-585,-468,-293,-22,86,229,108,108,0
381927,10,10,368,518,-757,-491,-404,-309,16,86,236,112,104,0
385259,10,10,181,293,-742,-369,-338,-323,-23,108,251,122,116,0
388615,10,10,425,406,-818,-244,-277,-334,-13,65,240,109,110,0
391951,10,11,725,500,-853,-152,-231,-343,-5,100,233,109,105,0
395262,10,11,556,518,-868,-71,-176,-350,-5,78,242,118,104,0
398618,11,11,237,368,-932,15,-78,-353,-33,85,225,119,112,0
401955,11,11,518,368,-1110,73,-11,-353,-4,89,222,104,112,0
405266,11,11,706,725,-1048,127,34,-352,-14,92,238,110,109,0
408619,12,12,162,331,-1039,172,42,-347,-23,90,230,123,114,0
411955,12,12,218,406,-1145,237,102,-341,0,98,218,120,110,0
415268,12,12,481,368,-1149,284,204,-330,-1,99,226,106,112,0
418619,12,12,631,706,-1065,286,239,-319,-18,98,218,114,110,0
421961,12,13,368,275,-1110,307,252,-307,5,83,221,128,117,0
425272,13,13,50,350,-1104,371,332,-293,-7,95,203,129,113,0
428620,13,13,406,293,-1139,426,429,-276,9,74,190,110,116,0
431961,13,13,556,612,-1158,422,485,-258,-27,66,180,118,115,0
435275,14,14,0,181,-1246,388,470,-239,8,81,168,133,122,0
438619,14,14,181,275,-1259,397,523,-216,-21,49,180,122,117,0
441963,14,14,387,256,-1311,434,616,-186,-4,58,187,111,118,0
445278,14,14,537,575,-1306,405,618,-153,-8,48,182,119,117,0
448620,15,15,0,200,-1282,361,593,-117,1,68,150,137,121,0
451962,15,15,106,218,-1212,373,595,-80,-24,51,161,126,120,0
455281,15,15,631,500,-1219,432,632,-40,-25,45,166,119,126,0
458621,16,16,0,0,-1273,374,625,2,4,55,153,149,137,0
461962,16,16,0,68,-1320,335,554,43,-15,37,168,141,133,0
465284,16,16,425,425,-1333,402,536,83,-14,48,170,130,130,0
468641,17,17,0,50,-1336,395,508,122,21,29,200,147,134,0
471963,17,17,0,87,-1207,303,439,159,-15,53,180,142,132,0
475287,17,17,0,125,-1172,339,390,192,-15,43,165,137,130,0
478645,18,17,0,425,-1258,431,371,221,-5,13,159,143,130,0
481963,18,18,12,0,-1333,450,335,248,9,-27,161,136,137,0
485292,18,18,68,50,-1271,473,288,271,-12,31,199,133,134,0
488646,19,18,0,406,-1197,574,313,294,31,5,198,140,131,0
491963,19,19,0,50,-883,683,322,314,39,3,220,138,134,0
495294,19,19,50,0,-566,815,409,336,-2,-20,207,134,137,0
498645,20,19,0,106,-422,1018,515,359,-7,-12,209,139,131,0
501986,20,20,0,50,-440,1262,738,388,38,-71,226,142,134,0
505297,20,20,12,12,-211,1264,902,418,89,-111,288,136,136,0
508645,21,20,0,31,170,1213,1180,455,63,-145,305,137,135,0
511989,21,21,0,143,533,1058,1485,501,56,-122,294,139,129,0
515300,21,21,31,50,704,908,1646,551,44,-179,284,135,134,0
518647,22,21,0,31,668,769,1753,603,-8,-181,308,135,135,0
521989,22,22,0,0,323,578,1749,651,-4,-198,288,141,132,0
525304,22,22,125,87,76,394,1663,695,68,-226,314,130,132,0
528646,22,22,106,0,100,240,1489,734,128,-199,317,131,138,0
531989,23,23,0,0,514,156,1203,761,85,-197,298,137,130,0
535307,23,23,256,200,641,149,949,777,64,-223,270,123,126,0
538647,23,23,218,68,574,81,666,783,59,-196,289,125,133,0
541989,24,23,0,162,539,-68,299,778,60,-179,282,135,128,0
545310,24,24,0,0,533,-152,10,762,53,-191,257,126,126,0
548668,24,24,443,237,472,-241,-280,734,6,-157,258,113,124,0
551989,24,24,218,162,204,-398,-558,697,24,-153,274,125,128,0
555313,25,25,0,0,174,-517,-691,657,36,-104,268,131,128,0
558671,25,25,462,293,264,-599,-728,616,-20,-98,233,112,121,0
561989,25,25,350,87,125,-687,-749,572,5,-49,246,118,132,0
565317,25,25,218,162,127,-757,-715,530,24,-49,229,125,128,0
568672,26,26,31,0,280,-797,-613,494,-35,-23,225,119,125,0
571989,26,26,631,181,269,-778,-479,462,-53,5,203,103,127,0
575319,26,26,312,106,133,-711,-412,434,-24,3,227,120,131,0
578672,26,27,462,87,202,-656,-346,409,1,38,227,123,127,0
581990,27,27,68,87,406,-677,-234,390,-37,15,205,128,127,0
585324,27,27,406,31,387,-701,-178,372,-65,45,207,110,130,0
588672,27,28,368,0,303,-681,-191,356,-18,85,202,112,123,0
592015,28,28,368,218,333,-652,-261,339,-30,73,202,112,120,0
595326,28,28,275,162,406,-627,-300,320,-67,87,191,117,123,0
598672,28,28,481,237,361,-547,-370,298,-45,79,183,106,119,0
602018,28,29,500,31,206,-429,-515,269,-34,78,208,105,114,0
605329,28,29,781,425,194,-410,-602,234,-46,74,214,106,109,0
608673,29,29,237,237,191,-425,-714,189,-18,91,224,119,119,0
612018,29,29,575,256,301,-407,-821,135,-12,75,208,101,118,0
615332,29,30,687,406,363,-327,-916,69,-6,89,219,95,110,0
618673,29,30,856,462,361,-311,-978,-7,4,97,243,102,107,0
622019,30,30,368,462,414,-319,-1070,-91,-9,92,234,112,107,0
625336,30,30,462,481,510,-308,-1154,-182,-35,73,237,107,106,0
628694,30,30,668,500,536,-337,-1253,-276,6,78,242,96,105,0
632019,30,31,875,481,678,-374,-1332,-370,2,100,253,101,106,0
635339,30,31,612,443,843,-387,-1423,-461,-15,88,262,115,108,0
638696,31,31,237,537,935,-406,-1472,-544,-55,84,235,119,103,0
642019,31,31,856,856,761,-368,-1492,-621,-50,102,232,102,102,0
645342,31,31,743,743,590,-287,-1475,-687,-23,108,233,108,108,0
648696,31,32,556,443,463,-247,-1438,-742,-38,106,222,118,108,0
652020,32,32,275,668,115,-158,-1363,-785,-53,130,222,117,96,0
655345,32,32,762,1043,-240,-70,-1269,-816,-5,127,232,107,92,0
658697,32,32,706,706,-489,55,-1151,-834,18,91,235,110,110,0
662020,32,32,575,650,-563,135,-1054,-845,9,110,245,117,113,0
665348,33,33,275,425,-586,238,-953,-852,-3,125,240,117,109,0
668697,33,33,762,875,-592,306,-759,-853,16,113,216,107,101,0
672020,33,33,725,668,-625,305,-596,-849,25,119,218,109,112,0
675352,33,33,631,575,-621,327,-486,-845,2,94,201,114,117,0
678697,34,34,143,368,-583,356,-361,-841,6,105,189,124,112,0
682020,34,34,650,706,-623,395,-297,-838,-1,107,178,113,110,0
685355,34,34,593,575,-667,356,-179,-833,18,102,175,116,117,0
688697,34,34,443,462,-723,301,-81,-828,16,107,169,124,123,0
692025,35,35,87,256,-707,331,-27,-823,15,87,140,127,118,0
695358,35,35,575,668,-667,322,19,-816,22,86,158,117,112,0
698698,35,35,443,368,-635,248,158,-803,37,116,138,124,128,0
702053,35,35,743,743,-412,219,200,-788,39,114,131,129,129,0
705361,36,36,237,293,-287,272,180,-771,7,66,143,140,137,0
708698,36,36,331,181,-146,321,104,-751,52,92,141,135,143,0
712030,36,36,350,275,84,330,103,-729,-7,72,133,134,138,0
715365,37,37,275,331,150,312,75,-705,78,122,146,138,135,0
718722,37,37,331,106,279,358,32,-678,35,76,148,135,147,0
722033,37,37,256,200,499,450,-84,-652,24,84,132,139,142,0
725368,38,38,0,0,591,544,-203,-628,-43,34,160,145,140,0
728725,38,38,312,106,572,751,-338,-605,-52,60,185,136,147,0
732037,38,39,181,0,433,907,-405,-581,-90,21,182,143,147,0
735371,39,39,0,0,151,1006,-521,-559,-41,34,205,152,147,0
738726,39,39,143,87,-31,1215,-679,-538,-39,29,215,145,148,0
742040,40,40,0,0,-214,1390,-828,-520,-90,29,220,147,149,0
745375,40,40,0,0,-449,1605,-993,-505,-71,13,244,152,152,0
748731,40,41,218,0,-579,1967,-1150,-494,-64,13,264,141,147,0
752043,41,41,0,0,-622,2190,-1241,-487,-22,-55,270,148,152,0
755378,41,41,0,0,-485,2334,-1272,-481,-6,-58,259,143,159,0
758733,41,42,50,0,-208,2467,-1218,-477,-8,-85,255,134,151,0
762046,42,42,31,0,152,2529,-1082,-471,-2,-100,260,135,157,0
765380,42,43,87,0,390,2599,-849,-462,36,-175,281,132,151,0
772050,43,43,68,0,819,2304,-170,-420,-77,-326,326,133,149,0
775384,43,44,12,0,563,1871,182,-390,21,-313,350,136,137,0
778732,43,44,181,0,366,1407,579,-354,75,-340,345,127,126,0
782052,43,44,125,31,580,1110,845,-312,23,-336,297,130,119,0
785387,44,44,31,518,683,918,992,-270,-2,-333,294,135,109,0
788732,44,45,237,50,492,779,1047,-228,-39,-303,293,124,118,0
792056,44,45,200,162,238,730,1028,-190,-17,-276,269,126,112,0
795390,45,45,0,200,125,670,969,-157,14,-247,256,135,110,0
798733,45,45,275,312,298,460,817,-131,-27,-236,230,122,120,0
802060,45,46,218,0,251,242,611,-112,-45,-197,220,125,121,0
805394,46,46,162,162,145,36,436,-104,-57,-162,191,128,112,0
808733,46,46,143,387,103,-171,200,-104,-91,-130,187,129,116,0
812062,46,46,237,200,-66,-347,42,-108,-117,-82,202,124,126,0
815397,46,47,256,0,-367,-522,-97,-114,-102,-40,194,123,122,0
818733,47,47,200,425,-535,-671,-201,-124,-81,-18,183,126,114,0
822065,47,47,368,237,-530,-750,-273,-135,-128,-27,181,117,124,0
825400,47,47,443,162,-683,-861,-388,-148,-125,-26,162,113,128,0
828758,47,48,593,31,-976,-1001,-467,-160,-111,12,161,116,130,0
832068,48,48,87,87,-1172,-1110,-538,-170,-74,17,165,127,127,0
835403,48,48,312,106,-1192,-1214,-609,-179,-68,18,167,115,126,0
838759,48,49,462,0,-1081,-1335,-668,-187,-45,48,187,107,122,0
842072,48,49,668,181,-864,-1393,-668,-192,-33,53,188,112,122,0
845406,49,49,50,87,-615,-1429,-667,-191,-54,85,203,129,127,0
848759,49,49,481,143,-369,-1369,-743,-189,-71,123,202,106,124,0
852075,49,50,500,0,-321,-1252,-790,-182,-80,107,219,105,120,0
855409,49,50,668,275,-247,-1181,-836,-172,-72,117,234,112,117,0
858759,50,50,50,143,-342,-995,-873,-161,-110,141,240,129,124,0
862078,50,51,425,0,-562,-746,-925,-150,-58,133,261,109,118,0
865412,50,51,537,50,-598,-560,-938,-141,-55,117,251,103,113,0
868759,50,51,537,368,-614,-421,-960,-137,-77,122,257,119,112,0
872081,51,51,68,218,-692,-331,-954,-141,-28,101,261,128,120,0
875416,51,51,425,293,-774,-239,-970,-155,-29,134,252,109,116,0
878760,51,52,856,331,-780,-162,-932,-179,-32,97,237,102,114,0
882084,51,52,612,406,-838,-182,-930,-214,-13,111,234,115,110,0
885419,52,52,143,293,-846,-210,-894,-260,-2,99,245,124,116,0
888760,52,52,556,368,-842,-144,-840,-313,6,118,248,102,112,0
892088,52,53,875,443,-884,-180,-787,-368,8,75,226,101,108,0
895422,52,53,500,425,-791,-254,-741,-424,23,130,234,121,109,0
898761,53,53,12,368,-716,-247,-679,-477,1,109,244,131,112,0
902091,53,53,406,406,-756,-170,-600,-526,-4,94,205,110,110,0
905425,53,53,818,762,-864,-144,-555,-569,18,106,199,104,107,0
908761,53,54,462,275,-1019,-155,-494,-604,-38,96,196,123,117,0
912094,54,54,87,425,-1287,-36,-436,-631,21,108,198,127,109,0
915428,54,54,275,425,-1423,170,-335,-648,11,95,203,117,109,0
918785,54,54,706,706,-1450,233,-201,-655,24,75,217,110,110,0
922097,54,55,293,256,-1469,193,-179,-658,40,91,214,132,118,0
925432,55,55,0,368,-1438,263,-78,-654,31,81,215,135,112,0
928789,55,55,387,350,-1376,421,158,-641,10,57,212,111,113,0
932101,55,55,518,612,-1391,374,240,-621,10,63,195,120,115,0
935435,56,56,0,143,-1416,328,308,-597,7,75,184,133,124,0
938789,56,56,125,312,-1433,517,469,-565,26,59,205,125,115,0
942104,56,56,312,293,-1389,655,570,-529,16,31,201,115,116,0
945438,56,56,481,575,-1327,651,623,-488,29,44,216,122,117,0
948794,57,57,0,106,-1233,713,695,-446,35,55,208,140,126,0
952107,57,57,556,593,-1126,840,786,-400,4,15,206,123,121,0
955442,57,57,443,387,-1129,910,877,-350,14,2,203,129,132,0
958798,58,58,0,12,-1142,810,937,-296,33,51,175,153,136,0
962110,58,58,0,200,-1151,778,951,-240,-1,55,191,140,126,0
965444,58,58,368,443,-1181,800,943,-183,1,-24,204,133,129,0
968799,59,59,0,31,-1139,666,912,-126,2,-31,203,153,135,0
972113,59,59,0,125,-1071,518,846,-70,-4,26,189,146,130,0
975448,59,59,0,125,-1045,483,804,-15,9,-16,167,137,130,0
978798,60,59,0,256,-1005,487,745,37,12,-53,166,144,139,0
982116,60,60,0,0,-963,385,694,89,-17,-52,168,138,143,0
985451,60,60,0,0,-928,318,592,137,-16,-2,175,139,143,0
988799,61,61,0,68,-940,257,495,182,-10,-17,194,146,133,0
992120,61,61,0,12,-905,201,392,222,50,-42,169,144,136,0
995455,61,61,0,31,-763,166,315,258,54,-30,179,142,135,0
998799,62,61,0,443,-396,332,323,293,26,-46,184,145,129,0
1002123,62,62,0,0,-194,493,392,328,28,-71,201,142,138,0
1005458,63,62,0,0,-18,568,467,364,40,-60,229,140,138,0
1008799,63,63,0,0,271,637,603,401,9,-69,223,145,131,0
1012126,63,63,0,68,314,639,723,441,49,-87,234,140,133,0
1015461,64,63,0,0,343,628,871,484,43,-116,223,139,139,0
1018799,64,63,0,50,468,637,1073,531,15,-131,248,135,134,0
1022129,64,64,68,87,413,648,1160,578,22,-160,258,133,132,0
1025464,65,64,0,68,347,587,1247,623,27,-190,288,135,133,0
1028820,65,64,0,143,177,406,1216,667,-25,-178,303,137,129,0
1032132,65,65,0,0,55,277,1203,707,64,-184,336,129,126,0
1035467,66,65,200,200,273,159,1140,737,109,-172,328,126,126,0
1038824,66,65,0,106,643,51,993,761,63,-180,302,131,131,0
1042135,66,66,0,0,673,-71,847,778,28,-210,309,121,130,0
1045470,66,66,143,0,552,-173,674,784,44,-182,305,113,126,0
1048824,67,66,0,181,505,-238,381,778,28,-176,299,123,127,0
1052139,67,67,0,0,433,-310,122,763,31,-150,296,128,126,0
1055473,67,67,125,0,294,-363,-116,737,-5,-120,274,114,121,0
1058824,67,67,500,350,101,-377,-389,701,20,-94,265,110,118,0
1062143,68,67,0,106,70,-417,-547,656,26,-65,256,130,131,0
1065476,68,68,0,0,160,-464,-639,607,-1,-70,235,122,126,0
1068825,68,68,556,275,194,-513,-691,555,-12,-59,231,107,122,0
1072145,68,68,387,143,184,-542,-712,504,27,-51,237,116,129,0
1075479,69,68,0,143,272,-605,-658,455,-14,-24,238,128,129,0
1078825,69,69,237,50,385,-654,-555,411,-45,0,202,119,129,0
1082148,69,69,331,68,369,-615,-514,370,-42,3,185,114,128,0
1085483,69,69,312,50,371,-598,-441,333,-9,4,198,115,129,0
1088825,70,70,0,0,436,-584,-371,299,-41,37,196,116,123,0
1092151,70,70,518,162,430,-518,-343,270,-71,58,181,104,123,0
1095486,70,70,350,68,312,-482,-345,244,-38,59,196,113,128,0
1098825,70,71,312,0,293,-481,-317,222,-42,55,215,115,123,0
1102156,71,71,125,0,305,-482,-320,202,-45,73,193,109,121,0
1105490,71,71,462,256,260,-437,-364,180,-38,76,194,107,118,0
1108846,71,71,462,106,288,-397,-382,156,-46,74,211,107,126,0
1112158,71,72,500,218,332,-432,-409,129,-46,83,212,105,120,0
1115492,71,72,518,0,325,-447,-483,95,-41,97,219,104,118,0
1118850,72,72,406,406,303,-376,-576,54,-87,85,231,110,110,0
1122161,72,72,406,312,264,-339,-738,4,-19,84,234,110,115,0
1125496,72,73,575,425,273,-336,-792,-53,-61,76,233,101,109,0
1128850,72,73,893,575,245,-337,-888,-117,-61,96,246,100,101,0
1132165,72,73,706,556,123,-298,-973,-187,-7,83,262,110,102,0
1135499,73,73,275,443,151,-326,-1047,-257,-14,76,258,117,108,0
1138851,73,73,706,406,263,-346,-1089,-329,-18,79,256,94,110,0
1142168,73,73,950,762,241,-338,-1141,-400,-14,78,244,97,107,0
1145502,73,74,668,331,275,-350,-1176,-468,7,88,262,112,114,0
1148851,74,74,218,556,380,-338,-1234,-533,-21,82,240,120,102,0
1152171,74,74,500,537,326,-320,-1203,-592,-45,85,235,105,103,0
1155505,74,74,875,781,203,-308,-1196,-641,-4,94,258,101,106,0
1158851,74,75,575,350,52,-271,-1179,-682,7,104,256,117,113,0
1162175,75,75,237,537,30,-261,-1118,-713,-47,91,232,119,103,0
1165508,75,75,462,518,-125,-252,-994,-732,-16,110,218,107,104,0
1168851,75,75,818,687,-355,-188,-907,-743,14,118,228,104,111,0
1172178,75,75,593,537,-411,-122,-836,-749,19,120,215,116,119,0
1175512,76,76,200,406,-416,-41,-778,-752,20,130,201,121,110,0
1178852,76,76,462,500,-497,76,-672,-751,-10,117,191,107,105,0
1182180,76,76,762,631,-618,132,-541,-747,13,101,184,107,114,0
1185515,76,76,406,537,-766,165,-473,-745,10,93,188,126,119,0
1188873,77,77,143,312,-854,233,-420,-742,28,91,202,124,115,0
1192184,77,77,275,368,-859,296,-374,-739,40,101,168,117,112,0
1195541,77,77,593,387,-769,332,-278,-737,46,96,152,116,127,0
1198876,77,77,425,406,-581,302,-223,-733,48,94,146,125,126,0
1202187,78,78,425,556,-464,341,-207,-729,53,86,155,130,123,0
1205544,78,78,443,293,-263,403,-197,-725,43,90,153,129,137,0
1208877,78,78,406,275,15,458,-153,-720,32,96,187,131,138,0
1212190,79,79,106,0,157,478,-103,-711,21,116,186,131,137,0
1215548,79,79,406,275,221,494,-56,-701,38,64,161,131,138,0
1218877,79,79,406,200,431,535,-113,-692,34,65,158,131,142,0
1222193,80,80,12,0,520,614,-152,-682,-46,45,168,136,137,0
1225551,80,80,425,350,451,651,-270,-672,-10,62,179,130,134,0
1228878,80,80,425,200,357,719,-299,-658,-71,54,175,130,142,0
1232196,81,81,200,0,148,781,-351,-645,-64,61,178,142,142,0
1235554,81,81,143,143,-44,817,-478,-632,-43,53,184,145,145,0
1238877,81,81,275,162,-151,907,-587,-620,-44,50,185,138,144,0
1242200,82,82,0,0,-263,996,-706,-609,-102,22,183,141,147,0
1245558,82,82,0,0,-510,1135,-840,-601,-80,49,203,141,153,0
1248878,82,83,275,0,-815,1226,-869,-593,-61,47,209,138,149,0
1252204,83,83,0,0,-822,1362,-815,-581,-3,18,189,149,154,0
1255560,83,83,0,0,-614,1555,-798,-568,20,58,199,146,155,0
1258878,83,84,68,0,-17,1753,-837,-556,-30,-1,204,133,159,0
1262206,84,84,0,0,266,1971,-844,-545,-51,-53,208,143,166,0
1265565,84,85,31,0,273,2198,-778,-533,-45,-41,212,135,162,0
1268899,84,85,68,0,201,2328,-645,-518,6,-139,208,133,166,0
1272210,85,86,50,0,293,2453,-517,-503,22,-132,247,134,157,0
1275565,85,86,218,0,383,2655,-320,-485,-50,-195,306,125,158,0
1278900,85,86,256,0,35,2634,-149,-463,-70,-257,333,123,151,0
1282213,86,87,0,0,-327,2389,39,-438,64,-311,373,129,146,0
1285569,86,87,125,0,-248,1778,411,-404,69,-341,379,130,141,0
1288903,86,87,218,0,319,1267,695,-365,-5,-369,384,125,128,0
1292216,86,88,200,0,539,839,888,-323,-32,-375,364,126,121,0
1295569,87,88,106,200,505,403,1070,-276,-47,-319,353,131,110,0
1298903,87,88,200,200,276,261,1088,-231,-50,-296,325,126,110,0
1302219,87,88,237,200,94,210,1059,-189,-44,-272,287,124,110,0
1305569,88,89,143,275,-1,188,890,-154,-48,-222,243,129,106,0
1308903,88,89,143,275,-61,205,716,-125,-31,-218,241,129,106,0
1312222,88,89,237,106,-45,215,492,-104,-38,-174,223,124,115,0
1315569,88,89,200,106,-13,135,254,-91,-51,-162,203,126,115,0
1318903,89,90,162,181,-14,-35,75,-85,-95,-151,183,128,111,0
1322226,89,90,275,50,-107,-281,-75,-86,-99,-108,185,122,118,0
1325598,89,90,537,256,-344,-510,-205,-89,-57,-67,170,119,118,0
1328903,90,90,143,162,-422,-651,-295,-93,-77,-56,169,124,123,0
1332228,90,91,106,0,-501,-837,-376,-97,-88,-15,175,126,121,0
1335570,90,91,425,0,-652,-1107,-516,-103,-70,-1,178,109,116,0
1338904,90,91,650,331,-597,-1382,-553,-110,-80,-2,176,113,114,0
1342232,91,91,125,162,-569,-1600,-548,-112,-69,18,172,125,123,0
1345570,91,92,256,0,-673,-1779,-567,-111,-97,50,163,118,126,0
1348905,91,92,462,0,-763,-1844,-596,-108,-57,64,191,107,122,0
1352235,91,92,687,237,-753,-1909,-663,-102,-66,84,191,111,119,0
1355591,92,92,12,218,-704,-1890,-739,-98,-58,76,214,131,120,0
1358925,92,93,256,0,-683,-1764,-770,-97,-61,96,226,118,118,0
1362238,92,93,462,50,-639,-1601,-839,-98,-50,110,231,107,113,0
1365595,92,93,668,406,-588,-1420,-880,-99,-58,121,230,112,110,0
1368929,93,93,50,256,-585,-1266,-932,-102,-65,120,239,129,118,0
1372242,93,94,275,0,-641,-1094,-951,-108,-36,144,247,117,121,0
1375595,93,94,481,50,-719,-861,-1013,-119,-34,117,237,106,113,0
1378930,93,94,706,481,-707,-719,-1018,-135,-25,120,241,110,106,0
1382245,94,94,143,312,-715,-615,-1015,-156,-30,144,247,124,115,0
1385595,94,95,350,12,-820,-440,-993,-183,-7,122,250,113,115,0
1388930,94,95,518,237,-800,-326,-948,-214,9,96,239,104,103,0
1392248,94,95,650,537,-672,-317,-927,-256,-10,97,236,113,103,0
1395595,95,95,143,312,-670,-330,-863,-304,-19,102,247,124,115,0
1398929,95,95,406,425,-737,-276,-794,-357,7,124,225,110,109,0
1402251,95,96,500,162,-749,-206,-711,-412,-3,117,210,105,107,0
1405595,95,96,518,518,-861,-284,-685,-468,2,133,222,120,104,0
1408930,96,96,87,500,-987,-261,-661,-522,0,145,207,127,105,0
1412254,96,96,331,500,-1101,-76,-571,-567,-3,137,206,114,105,0
1415596,96,96,762,837,-1217,98,-439,-603,-1,91,188,107,103,0
1418930,96,97,518,425,-1316,73,-403,-631,14,125,206,120,109,0
1422257,97,97,0,500,-1309,140,-364,-651,10,130,193,132,105,0
1425596,97,97,350,481,-1334,321,-222,-660,21,126,203,113,106,0
1428931,97,97,725,725,-1393,355,-138,-662,36,120,192,109,109,0
1432261,97,97,537,612,-1399,295,-108,-659,25,115,194,119,115,0
1435617,98,98,0,350,-1416,389,11,-649,-9,99,190,132,113,0
1438953,98,98,368,462,-1544,559,123,-634,32,89,198,112,107,0
1442264,98,98,631,725,-1554,613,180,-612,38,98,180,114,109,0
1445620,98,98,275,537,-1523,680,236,-587,24,120,213,133,119,0
1448954,99,99,0,200,-1549,843,301,-561,-15,51,203,140,121,0
1452267,99,99,593,762,-1604,1011,394,-531,18,98,187,121,112,0
1455621,99,99,237,350,-1579,1143,531,-495,27,72,166,140,134,0
1458955,100,100,0,162,-1574,1190,591,-456,9,80,174,150,128,0
1462270,100,100,31,293,-1575,1288,678,-412,23,50,188,135,121,0
1465621,100,100,293,462,-1447,1374,822,-362,28,18,196,137,128,0
1468955,101,100,0,387,-1295,1321,937,-307,-5,21,190,152,132,0
1472273,101,101,0,143,-1199,1263,993,-248,12,45,189,142,129,0
1475622,101,101,331,575,-1056,1292,1135,-184,0,6,182,135,122,0
1478955,102,101,0,256,-1001,1262,1264,-114,19,-12,186,148,139,0
1482277,102,102,0,0,-921,1177,1339,-41,8,-2,193,143,138,0
1485622,103,102,0,368,-753,1059,1405,34,-2,-35,203,144,133,0
1488955,103,102,0,275,-662,979,1438,110,0,-29,206,149,138,0
1492279,103,103,0,0,-601,866,1447,187,9,-52,213,146,140,0
1495623,104,103,0,0,-406,828,1411,260,2,-71,200,148,138,0
1498955,104,103,0,312,-263,896,1447,335,56,-86,227,145,136,0
1502283,104,104,0,0,-10,966,1470,408,40,-109,221,145,139,0
1505622,105,104,0,0,268,833,1493,479,-19,-111,212,153,148,0
1508956,105,104,0,0,235,576,1430,546,-10,-125,211,147,148,0
1512287,105,105,0,0,187,390,1412,611,26,-146,231,146,141,0
1515644,106,105,0,0,327,357,1346,674,74,-151,259,149,143,0
1518956,106,105,0,0,652,415,1333,734,82,-139,243,145,141,0
1522289,107,106,0,0,969,481,1331,789,41,-178,240,139,139,0
1525647,107,106,0,0,1048,447,1197,839,8,-188,260,143,144,0
1528980,107,107,0,0,741,407,1049,883,-5,-174,265,137,137,0
1532292,108,107,0,0,398,386,881,918,37,-190,304,133,135,0
1535648,108,107,0,0,207,350,657,942,97,-213,309,134,138,0
1538984,108,107,0,143,304,308,472,961,59,-218,289,128,129,0
1542296,108,108,0,0,376,189,272,969,72,-231,321,121,126,0
1545647,109,108,0,256,517,-17,34,966,47,-219,327,121,123,0
1548988,109,108,87,218,469,-162,-113,957,9,-196,293,116,125,0
1552299,109,109,143,0,343,-296,-199,943,26,-164,286,113,127,0
1555648,109,109,406,350,300,-390,-322,924,4,-144,263,115,118,0
1558990,110,109,0,200,258,-375,-351,900,7,-104,243,126,126,0
1562302,110,109,0,143,234,-334,-370,872,11,-117,220,125,129,0
1565648,110,110,143,0,251,-335,-307,844,-17,-92,225,113,126,0
1568989,110,110,462,275,211,-355,-230,816,-24,-79,214,112,122,0
1572305,111,110,0,162,157,-419,-155,785,19,-32,214,131,128,0
1575677,111,111,237,87,340,-551,-23,755,-13,-36,207,119,127,0
1578990,111,111,350,87,415,-604,104,728,-38,-9,191,113,127,0
1582308,111,111,181,87,405,-648,170,697,-31,-8,184,122,127,0
1585648,112,111,0,125,423,-684,253,666,-39,6,184,121,125,0
1588990,112,112,462,143,403,-736,269,632,-52,31,182,107,124,0
1592312,112,112,425,125,374,-751,278,597,-53,50,193,109,125,0
1595670,112,112,218,50,337,-685,188,558,-55,61,224,120,129,0
1598990,113,113,0,0,325,-626,125,517,-70,63,211,119,123,0
1602315,113,113,593,275,196,-595,62,475,-92,56,196,100,117,0
1605673,113,113,537,106,-90,-509,-52,428,-59,82,222,103,126,0
1608990,113,113,312,87,-72,-461,-182,376,-42,86,235,115,127,0
1612318,114,114,50,0,82,-399,-258,321,-47,81,231,113,120,0
1615673,114,114,725,406,108,-258,-414,264,-71,85,215,93,110,0
1618991,114,114,593,162,40,-168,-549,203,-4,70,259,100,123,0
1622322,114,114,462,162,156,-152,-655,140,-3,64,260,107,123,0
1625674,114,115,537,87,494,-170,-737,75,-45,67,238,103,111,0
1628991,115,115,481,575,599,-202,-821,8,-46,66,247,106,101,0
1632325,115,115,518,425,624,-234,-859,-55,-43,75,252,104,109,0
1635674,115,115,575,368,627,-290,-983,-119,-42,72,233,101,112,0
1639017,115,115,537,518,523,-245,-1066,-180,-63,73,227,103,104,0
1642328,115,116,818,500,376,-201,-1168,-237,-37,82,245,104,105,0
1645674,116,116,256,481,251,-257,-1239,-290,-33,53,238,118,106,0
1649017,116,116,556,443,211,-270,-1277,-338,-39,77,233,102,108,0
1652331,116,116,631,481,155,-222,-1286,-380,-26,87,243,98,106,0
1655674,116,117,762,481,62,-137,-1304,-417,-11,74,251,107,106,0
1659017,117,117,237,481,71,-157,-1249,-450,-23,64,246,119,106,0
1662334,117,117,425,575,71,-197,-1168,-476,-28,86,235,109,101,0
1665675,117,117,950,818,-53,-188,-1047,-498,-4,102,232,97,104,0
1669017,117,117,725,668,-73,-187,-954,-516,-13,100,242,109,112,0
1672338,117,118,612,331,-104,-208,-878,-534,36,86,237,115,114,0
1675675,118,118,443,500,-134,-173,-746,-550,-9,103,231,108,105,0
1679018,118,118,837,781,-194,-107,-604,-564,3,102,215,103,106,0
1682340,118,118,781,612,-300,-87,-485,-579,1,76,188,106,115,0
1685699,118,118,631,650,-377,-4,-404,-595,11,95,203,114,113,0
1689018,119,119,312,350,-409,107,-289,-609,-5,98,211,115,113,0
1692344,119,119,706,743,-444,164,-203,-623,-36,95,181,110,108,0
1695700,119,119,706,425,-651,119,-26,-632,-18,77,181,110,125,0
1699019,119,119,575,443,-799,118,42,-640,24,75,162,117,124,0
1702347,120,120,556,481,-820,182,88,-643,46,84,155,123,127,0
1705701,120,120,518,293,-697,179,170,-641,-15,101,171,125,137,0
1709018,120,120,612,275,-582,129,247,-636,46,80,174,120,138,0
1712350,120,121,837,406,-402,91,404,-621,41,99,176,124,131,0
1715700,121,121,350,275,-131,59,471,-601,14,59,160,134,138,0
1719043,121,121,537,125,59,61,497,-577,18,45,163,124,146,0
1722354,121,122,537,0,181,57,461,-550,7,41,155,124,142,0
1725700,122,122,425,256,314,104,404,-520,28,92,182,130,139,0
1729046,122,122,443,143,358,219,370,-488,-30,59,167,129,145,0
1732356,122,123,368,0,277,341,268,-457,-4,80,166,133,142,0
1735701,123,123,256,87,333,457,241,-424,-31,52,181,139,148,0
1739047,123,123,350,125,337,613,83,-394,-59,37,162,134,146,0
1742360,123,124,331,0,221,798,-193,-370,-57,44,169,135,148,0
1745701,124,124,0,0,-37,983,-391,-348,-66,82,174,144,152,0
1749047,124,125,331,0,-294,1076,-491,-327,-90,53,196,135,148,0
1752363,124,125,237,0,-499,1104,-492,-304,-41,-7,171,140,153,0
1755701,125,125,0,0,-544,1028,-559,-281,20,8,172,149,156,0
1759047,125,126,256,0,-206,1108,-647,-262,2,15,198,139,157,0
1762367,125,126,312,0,171,1362,-832,-247,-34,-60,195,136,165,0
1765724,126,127,0,0,288,1551,-878,-235,-83,-16,230,148,162,0
1769047,126,127,12,0,131,1605,-931,-228,-64,-103,206,136,170,0
1772370,126,128,368,0,37,1649,-913,-224,-54,-96,227,133,164,0
1775725,127,128,0,0,140,1817,-900,-222,-46,-130,239,148,164,0
1779047,127,129,50,0,95,1960,-918,-223,-143,-162,263,134,158,0
1782372,127,129,443,0,-341,1990,-776,-224,-143,-255,321,129,154,0
1785725,128,129,12,0,-1080,1761,-691,-227,-144,-308,361,136,152,0
1789048,128,130,237,0,-1376,1399,-502,-227,75,-299,425,124,138,0
1792376,128,130,237,0,-755,1149,-187,-221,28,-335,382,124,132,0
1795725,129,130,50,0,-135,780,22,-211,-18,-360,386,134,124,0
1799048,129,131,237,0,97,438,160,-199,-25,-378,360,124,110,0
1802379,129,131,256,0,-17,134,410,-186,-29,-329,321,123,105,0
1805725,130,131,218,425,-106,11,433,-174,7,-295,290,125,98,0
1809048,130,131,12,162,-75,-67,460,-162,7,-241,281,136,112,0
1812382,130,131,293,106,12,-18,322,-157,23,-207,271,121,115,0
1815726,130,132,275,0,190,22,185,-159,19,-155,248,122,110,0
1819051,131,132,31,200,328,-36,66,-170,-32,-124,231,135,110,0
1822385,131,132,218,143,290,-216,-78,-187,-56,-124,205,125,113,0
1825726,131,132,443,293,-1,-380,-131,-207,-54,-79,196,124,116,0
1829055,132,133,0,0,-144,-557,-169,-226,-49,-65,185,136,120,0
1832388,132,133,0,0,-274,-738,-159,-244,-34,3,181,139,120,0
1835726,132,133,312,31,-370,-771,-129,-259,-25,6,172,115,114,0
1839057,132,133,631,331,-337,-835,-141,-272,-58,6,149,114,114,0
1842392,133,133,50,218,-351,-1027,-119,-283,-28,73,162,129,120,0
1845726,133,134,406,0,-390,-1080,-67,-288,-57,77,169,110,123,0
1849060,133,134,443,0,-425,-1084,-33,-283,-43,69,160,108,122,0
1852395,133,134,650,218,-433,-1097,36,-270,-48,85,159,113,120,0
1855751,134,135,68,0,-397,-1036,79,-252,-69,126,178,128,122,0
1859064,134,135,462,12,-558,-905,86,-234,-45,107,200,107,115,0
1862398,134,135,481,68,-532,-816,66,-214,-56,104,206,106,112,0
1865754,134,135,612,312,-416,-788,49,-193,-49,152,224,115,115,0
1869067,135,135,31,275,-398,-712,21,-166,-62,150,236,130,117,0
1872401,135,136,425,0,-436,-484,-8,-139,-62,137,235,109,121,0
1875760,135,136,518,143,-539,-294,-106,-113,-51,130,240,104,108,0
1879070,135,136,706,443,-613,-168,-191,-90,-71,127,236,110,108,0
1882404,136,136,143,293,-834,-33,-321,-72,-35,142,253,124,116,0
1885759,136,137,556,106,-849,107,-422,-57,8,123,253,102,110,0
1889073,136,137,875,556,-792,136,-500,-48,18,123,257,101,102,0
1892408,136,137,706,368,-538,81,-602,-45,3,106,252,110,112,0
1895760,137,137,162,256,-497,27,-631,-49,2,129,253,123,118,0
1899076,137,138,462,50,-518,-6,-677,-65,3,126,243,107,113,0
1902411,137,138,931,500,-601,-78,-719,-88,14,105,227,98,105,0
1905760,137,138,612,443,-630,-180,-790,-118,7,115,229,115,108,0
1909080,138,138,200,406,-700,-208,-804,-156,16,122,246,121,110,0
1912414,138,138,406,462,-801,-92,-776,-193,19,111,243,110,107,0
1915761,138,139,706,575,-766,-79,-773,-232,25,90,222,110,101,0
1919083,138,139,481,518,-707,-89,-780,-266,15,111,228,122,104,0
1922417,139,139,125,443,-795,54,-706,-294,-21,74,221,125,108,0
1925761,139,139,350,425,-957,195,-582,-314,-6,86,198,113,109,0
1929086,139,139,725,781,-1108,240,-490,-327,12,72,206,109,106,0
1932420,139,140,387,331,-1173,251,-404,-336,-31,50,205,127,114,0
1935761,140,140,0,462,-1293,328,-288,-340,1,61,217,133,107,0
1939089,140,140,331,406,-1321,455,-75,-337,3,39,217,114,110,0
1942424,140,140,612,706,-1236,451,168,-328,-3,50,225,115,110,0
1945761,140,141,237,200,-1207,427,315,-313,-10,63,222,135,121,0
1949092,141,141,0,350,-1226,479,521,-293,-1,73,213,135,113,0
1952427,141,141,575,593,-1282,601,829,-265,10,40,210,122,121,0
1955785,141,141,256,368,-1264,646,1000,-233,-10,44,196,139,133,0
1959096,142,142,0,143,-1320,688,1073,-201,3,66,194,142,129,0
1962430,142,142,500,575,-1318,874,1184,-166,-18,-8,194,126,122,0
1965787,142,142,387,387,-1250,923,1300,-128,-18,-33,200,132,132,0
1969099,143,143,0,68,-1230,864,1366,-88,2,-4,217,148,133,0
1972433,143,143,12,181,-1097,824,1439,-44,7,26,189,136,127,0
1975787,143,143,481,387,-952,858,1490,1,4,28,189,127,132,0
1979102,144,144,0,0,-932,760,1469,47,12,27,168,149,139,0
1982437,144,144,0,31,-898,646,1348,92,-15,9,173,139,135,0
1985788,144,144,387,368,-921,670,1327,140,1,-12,186,132,133,0
1989105,145,145,0,0,-954,654,1220,188,17,-11,187,149,140,0
1992439,145,145,0,0,-813,523,1093,235,41,18,175,142,139,0
1995788,145,145,31,0,-674,508,942,280,6,-14,167,135,139,0
1999108,146,146,0,0,-518,542,868,326,8,-13,159,138,137,0
2002443,146,146,87,0,-249,538,840,372,6,-41,167,132,138,0
2005788,146,146,50,0,-227,534,726,416,-13,-37,183,134,139,0
2009112,147,147,0,87,-406,470,673,460,-3,-61,192,142,132,0
2012447,147,147,0,68,-373,246,566,502,0,-22,183,141,133,0
2015789,147,147,0,0,-335,157,489,542,22,-33,201,138,141,0
2019115,148,147,0,87,-420,200,453,581,17,-63,178,143,132,0
2022450,148,148,0,0,-327,242,437,619,10,-52,193,142,138,0
2025789,148,148,0,0,-242,257,445,657,13,-36,216,141,142,0
2029118,149,149,0,0,-129,304,467,694,61,-37,266,147,133,0
2032453,149,149,0,31,80,501,542,729,13,-82,269,142,135,0
2035789,149,149,12,0,179,636,656,764,4,-132,257,136,140,0
2039121,150,149,0,50,138,685,739,800,29,-102,272,144,134,0
2042455,150,150,0,0,252,679,881,837,79,-162,280,135,134,0
2045813,150,150,31,0,580,685,946,869,74,-165,297,135,137,0
2049124,151,151,0,106,737,664,974,894,23,-178,305,139,131,0
2052459,151,151,0,0,679,577,953,914,36,-166,285,134,131,0
2055817,151,151,106,87,572,475,891,925,56,-159,284,131,132,0
2059127,152,151,0,68,471,333,787,924,63,-197,286,134,133,0
2062462,152,152,0,0,470,126,534,909,67,-202,307,126,131,0
2065818,152,152,12,0,466,-69,335,886,40,-176,296,120,129,0
2069131,152,152,368,143,412,-276,128,853,53,-151,285,117,129,0
2072465,153,153,0,0,436,-470,-165,808,41,-103,285,132,128,0
2075822,153,153,237,162,370,-520,-335,754,7,-101,278,119,123,0
2079134,153,153,237,31,271,-532,-481,694,15,-75,258,119,130,0
2082468,154,153,0,162,281,-529,-605,629,-2,-31,241,124,123,0
2085825,154,154,0,0,291,-501,-662,562,-2,-60,228,118,124,0
2089137,154,154,518,181,293,-498,-688,499,-2,-19,216,104,122,0
2092472,154,154,256,87,340,-513,-647,437,-9,-41,215,118,127,0
2095826,155,155,0,0,392,-532,-594,380,-34,-8,212,121,124,0
2099140,155,155,68,0,395,-564,-525,330,-36,9,185,112,119,0
2102475,155,155,650,293,322,-618,-408,288,-53,31,195,97,116,0
2105826,155,155,256,68,279,-665,-351,250,-9,71,194,118,128,0
2109144,156,156,0,0,357,-682,-326,213,-35,46,188,117,121,0
2112478,156,156,162,12,476,-679,-276,182,-55,49,182,107,115,0
2115826,156,156,650,312,310,-661,-267,152,-61,60,187,97,115,0
2119147,156,156,406,237,153,-674,-247,127,-60,93,235,110,119,0
2122481,156,157,406,0,208,-647,-231,105,-14,76,204,110,116,0
2125827,157,157,162,218,304,-585,-234,83,-67,81,227,107,104,0
2129150,157,157,556,481,237,-524,-289,60,-31,80,219,102,106,0
2132484,157,157,537,256,184,-430,-358,35,-31,80,232,103,118,0
2135827,157,157,537,406,258,-331,-454,6,-39,86,249,103,110,0
2139153,157,158,875,481,321,-258,-519,-26,-50,83,254,101,106,0
2142488,158,158,443,537,376,-244,-635,-66,-44,87,254,108,103,0
2145827,158,158,537,462,408,-245,-747,-112,-45,79,264,103,107,0
2149156,158,158,706,500,422,-217,-824,-166,-43,90,248,94,105,0
2152491,158,159,931,856,341,-191,-914,-224,-47,83,260,98,102,0
2155848,158,159,762,425,317,-230,-978,-285,-29,86,264,107,109,0
2159160,159,159,350,500,359,-252,-1007,-346,-41,105,250,113,105,0
2162494,159,159,575,537,310,-197,-1066,-407,-31,102,237,101,103,0
2165852,159,159,1025,800,237,-135,-1092,-466,-41,92,238,93,105,0
2169163,159,159,706,706,145,-102,-1093,-517,-34,109,248,110,110,0
2172497,160,160,650,368,53,-116,-1123,-562,-27,89,222,113,112,0
2175852,160,160,500,650,-82,-107,-1062,-600,-40,114,242,105,97,0
2179166,160,160,950,893,-244,-87,-1011,-626,-10,99,223,97,100,0
2182500,160,160,800,612,-412,-137,-877,-643,8,93,238,105,115,0
2185852,160,161,668,331,-413,-153,-793,-653,5,138,213,112,114,0
2189169,161,161,331,518,-365,-95,-676,-655,17,110,214,114,104,0
2192504,161,161,818,856,-282,-130,-517,-650,34,124,187,104,102,0
2195853,161,161,725,481,-224,-161,-345,-640,-9,114,168,109,122,0
2199172,161,162,1006,650,-276,-164,-310,-629,-1,113,163,115,118,0
2202507,162,162,425,556,-441,-97,-236,-618,-12,112,170,130,123,0
2205853,162,162,575,406,-542,-97,-186,-607,6,102,149,122,131,0
2209176,162,162,668,443,-633,-85,-86,-597,21,105,167,117,129,0
2212510,162,163,856,500,-730,21,-31,-587,25,97,169,123,126,0
2215853,163,163,256,406,-697,24,24,-576,46,90,151,139,131,0
2219180,163,163,518,312,-642,22,111,-564,33,100,168,125,136,0
2222513,163,164,537,12,-502,64,175,-550,59,105,145,124,136,0
2225853,164,164,275,275,-308,130,204,-536,40,67,126,138,138,0
2229182,164,164,481,200,-173,230,172,-524,37,87,162,127,142,0
2232516,164,165,500,0,107,407,119,-513,51,87,183,126,142,0
2235875,165,165,293,218,249,568,57,-502,-26,51,171,137,141,0
2239185,165,165,368,106,361,637,-71,-493,-15,34,177,133,147,0
2242520,165,166,387,0,413,816,-319,-489,-25,81,182,132,143,0
2245875,166,166,275,200,322,1025,-603,-491,-64,38,191,138,142,0
2249188,166,166,331,143,120,1206,-845,-498,-80,29,207,135,145,0
2252523,166,167,293,0,-210,1400,-1171,-511,-86,16,209,137,145,0
2255879,167,167,0,0,-454,1494,-1329,-527,-65,-18,219,150,150,0
2259192,167,168,293,0,-528,1491,-1402,-542,-28,59,207,137,148,0
2262526,167,168,256,0,-251,1403,-1312,-553,-89,12,209,139,155,0
2265879,168,168,0,0,-233,1427,-1296,-562,-34,-35,199,149,158,0
2269196,168,169,218,0,-150,1458,-1245,-567,-51,-53,189,141,159,0
2272529,168,169,200,0,-163,1554,-1261,-573,-96,-58,205,142,167,0
2275880,169,170,0,0,-295,1617,-1138,-574,-68,-108,193,156,161,0
2279198,169,170,0,0,-434,1603,-906,-567,-32,-133,186,144,165,0
2282532,170,171,0,0,-518,1584,-666,-555,-15,-187,215,142,161,0
2285879,170,171,0,0,-406,1586,-403,-536,5,-210,253,138,161,0
2289201,170,171,218,0,-255,1675,-175,-514,-70,-230,303,125,156,0
2292536,170,172,500,0,-360,1766,-87,-492,-7,-279,319,126,141,0
2295879,171,172,12,0,-238,1553,194,-465,50,-318,355,136,137,0
2299204,171,172,237,12,102,1314,442,-435,40,-321,359,124,120,0
2302539,171,173,237,0,458,981,617,-405,-30,-354,350,124,109,0
2305880,172,173,143,350,353,712,734,-372,-52,-332,360,129,102,0
2309208,172,173,162,218,109,487,768,-341,-33,-305,362,128,109,0
2312542,172,173,275,162,-62,331,690,-313,-13,-280,335,122,112,0
2315880,172,173,500,575,-100,221,596,-292,-9,-256,322,126,106,0
2319211,173,174,68,143,-85,86,416,-278,-31,-218,287,133,113,0
2322569,173,174,275,162,-103,-85,225,-272,-6,-189,255,122,112,0
2325902,173,174,425,331,-94,-163,66,-273,-48,-137,213,125,114,0
2329214,174,174,0,237,-154,-242,-93,-281,-90,-125,193,138,119,0
2332573,174,175,125,31,-355,-357,-178,-293,-38,-63,198,125,114,0
2335905,174,175,200,143,-334,-450,-248,-307,-49,-62,175,121,108,0
2339217,175,175,481,331,-286,-552,-243,-318,-57,-22,178,122,114,0
2342575,175,175,50,143,-323,-570,-232,-327,-64,11,178,129,124,0
2345905,175,176,368,0,-528,-582,-251,-332,-69,22,150,112,125,0
2349221,175,176,406,0,-785,-689,-312,-332,-40,50,148,110,122,0
2352578,176,176,68,162,-891,-712,-311,-323,-52,58,157,128,123,0
2355905,176,177,143,0,-950,-717,-279,-305,-64,45,166,124,124,0
2359224,176,177,425,0,-1006,-735,-273,-277,-35,30,167,109,123,0
2362582,176,177,706,237,-938,-848,-259,-244,-7,69,170,110,119,0
2365905,177,177,200,162,-818,-861,-221,-207,-46,87,191,121,123,0
2369227,177,178,143,0,-834,-882,-216,-173,-11,99,217,124,122,0
2372585,177,178,462,31,-685,-905,-266,-141,-13,103,224,107,114,0
2375906,177,178,743,406,-483,-905,-308,-111,-4,133,224,108,110,0
2379230,178,178,218,293,-336,-777,-346,-83,-58,123,249,120,116,0
2382588,178,179,312,0,-413,-631,-395,-60,-47,137,255,115,120,0
2385906,178,179,537,106,-416,-481,-460,-46,-61,120,259,103,110,0
2389234,178,179,743,500,-482,-346,-544,-42,-12,138,261,108,105,0
2392588,179,179,106,218,-451,-260,-584,-47,-15,113,262,126,120,0
2395906,179,179,293,293,-381,-191,-637,-62,-35,133,271,116,116,0
2399237,179,180,612,50,-437,-124,-710,-81,-12,123,263,99,113,0
2402593,179,180,743,500,-463,-108,-736,-110,-18,111,239,108,105,0
2405928,180,180,200,312,-467,-157,-742,-147,-5,118,251,121,115,0
2409240,180,180,368,350,-538,-120,-778,-191,-14,124,250,112,113,0
2412596,180,181,593,181,-731,-99,-747,-237,19,121,239,100,106,0
2415931,180,181,781,537,-694,-131,-704,-283,-12,102,230,106,103,0
2419243,180,181,462,443,-706,-171,-674,-326,-1,119,239,123,108,0
2422597,181,181,181,425,-767,-105,-639,-364,1,113,205,122,109,0
2425932,181,181,443,500,-803,-22,-537,-394,-11,99,210,108,105,0
2429246,181,182,743,481,-915,36,-493,-417,1,96,208,108,106,0
2432597,181,182,406,425,-1015,67,-448,-433,-39,103,189,126,109,0
2435931,182,182,162,500,-1181,201,-393,-442,10,103,196,123,105,0
2439249,182,182,406,462,-1167,424,-201,-443,4,76,215,110,107,0
2442598,182,182,443,593,-1178,417,-169,-440,-1,65,211,124,116,0
2445932,183,183,12,218,-1089,410,-67,-435,14,79,212,131,120,0
2449252,183,183,518,800,-972,557,125,-424,-25,43,209,125,110,0
2452597,183,183,481,481,-1002,616,307,-406,-10,60,199,127,127,0
2455932,183,184,293,181,-1099,534,428,-383,-1,69,196,137,127,0
2459256,184,184,0,275,-1127,583,592,-355,-6,89,191,138,122,0
2462597,184,184,556,593,-1122,773,732,-323,-18,55,211,123,121,0
2465933,184,184,350,425,-1187,816,820,-289,-15,21,205,134,130,0
2469260,185,185,0,162,-1234,785,919,-252,8,55,192,144,128,0
2472598,185,185,500,575,-1204,853,1063,-212,-22,72,191,126,122,0
2475932,185,185,425,425,-1258,891,1128,-170,6,30,176,130,130,0
2479262,186,186,0,368,-1314,755,1197,-125,0,11,185,145,133,0
2482619,186,186,106,87,-1256,739,1225,-77,-15,22,176,131,132,0
2485953,186,186,406,368,-1249,782,1258,-27,-11,-4,188,131,133,0
2489265,187,187,0,0,-1161,731,1261,24,10,-18,181,146,138,0
2492622,187,187,0,106,-1026,662,1210,76,-9,6,159,143,131,0
2495957,187,187,293,387,-960,669,1178,130,1,15,162,137,132,0
2499268,188,187,0,237,-914,697,1126,184,20,-22,159,146,140,0
2502623,188,188,0,0,-836,621,1048,236,-12,-35,161,141,143,0
2505957,188,188,12,0,-778,568,968,289,-26,8,182,136,144,0
2509271,189,189,0,68,-836,553,876,339,11,-34,189,143,133,0
2512624,189,189,0,0,-805,486,735,385,-7,-10,151,137,139,0
2515958,189,189,0,0,-810,398,628,429,6,-31,162,141,140,0
2519275,190,189,0,350,-626,394,531,469,9,-41,179,145,134,0
2522624,190,190,0,0,-457,398,516,507,13,-93,223,141,140,0
2525958,190,190,0,0,-272,373,507,544,44,-89,249,139,144,0
2529278,191,191,0,0,170,349,562,582,49,-106,261,145,136,0
2532623,191,191,0,0,450,431,656,619,42,-90,257,139,142,0
2535958,191,191,12,0,611,543,746,658,74,-126,264,136,146,0
2539281,192,192,0,0,688,669,825,698,28,-145,259,141,141,0
2542624,192,192,12,0,427,736,845,736,-45,-184,266,136,141,0
2545958,192,192,87,0,-60,740,831,768,-1,-192,312,132,143,0
2549284,193,193,0,0,-322,640,820,799,93,-208,339,139,136,0
2552625,193,193,0,0,-54,572,719,824,132,-220,315,133,135,0
2555959,193,193,68,31,353,526,615,839,126,-214,341,133,135,0
2559288,194,194,0,0,681,392,450,844,46,-233,301,137,127,0
2562645,194,194,0,0,634,270,322,840,38,-259,309,127,123,0
2565980,194,194,293,312,483,6,161,827,28,-252,293,121,120,0
2569291,194,194,256,293,274,-335,-36,803,15,-201,291,123,121,0
2572649,195,195,0,0,106,-515,-187,771,47,-174,272,131,124,0
2575982,195,195,218,200,100,-621,-303,733,55,-150,271,120,121,0
2579295,195,195,218,106,194,-726,-434,687,13,-109,240,120,126,0
2582649,196,195,0,218,198,-768,-477,636,37,-86,241,126,120,0
2585982,196,196,0,0,255,-761,-483,584,-7,-71,222,118,123,0
2589297,196,196,406,218,313,-754,-469,531,-29,-60,211,110,120,0
2592650,196,196,218,68,306,-811,-407,479,8,-27,217,120,128,0
2595983,197,197,0,0,337,-853,-336,429,-19,8,207,124,122,0
2599300,197,197,31,12,421,-888,-278,382,-20,7,193,114,115,0
2602649,197,197,443,162,403,-908,-222,339,-25,33,185,108,123,0
2605983,197,197,275,68,386,-946,-186,298,-6,42,195,117,128,0
2609303,198,198,0,0,537,-886,-159,260,-51,64,189,119,124,0
2612650,198,198,518,218,479,-819,-175,224,-92,56,182,104,120,0
2615983,198,198,556,143,214,-770,-187,191,-64,79,189,102,124,0
2619307,198,198,331,162,-12,-751,-224,161,-36,87,237,114,123,0
2622650,198,199,387,0,88,-676,-270,133,-58,102,220,111,119,0
2625983,199,199,425,368,170,-569,-332,106,-78,82,205,109,112,0
2629310,199,199,593,275,-14,-511,-453,76,-33,90,224,100,117,0
2632650,199,199,462,200,37,-525,-546,43,-8,121,235,107,121,0
2635984,199,200,500,0,250,-483,-622,6,-48,113,235,105,118,0
2639314,200,200,537,443,285,-363,-781,-38,-71,91,221,103,108,0
2642651,200,200,443,312,155,-349,-925,-90,-23,86,228,108,115,0
2645984,200,200,537,331,176,-345,-998,-147,-62,95,236,103,114,0
2649316,200,201,631,106,126,-268,-1106,-208,-57,94,221,98,110,0
2652672,200,201,800,612,-139,-187,-1223,-272,-23,71,224,105,99,0
2656009,201,201,237,425,-218,-170,-1278,-338,-12,71,245,119,109,0
2659320,201,201,387,368,-81,-210,-1303,-401,-4,66,231,111,112,0
2662676,201,201,743,425,44,-215,-1316,-461,6,77,252,92,109,0
2666011,201,202,893,406,168,-210,-1276,-515,8,77,248,100,110,0
2669323,201,202,593,462,378,-202,-1237,-564,-22,87,252,116,107,0
2672676,202,202,406,537,472,-152,-1179,-606,-22,71,238,110,103,0
2676016,202,202,668,537,452,-102,-1127,-640,-22,98,246,96,103,0
2679326,202,202,875,837,379,-58,-1116,-669,-6,76,251,101,103,0
2682676,202,203,575,481,398,-57,-1069,-693,-6,96,244,117,106,0
2686018,203,203,312,593,355,-3,-1017,-711,-51,116,213,115,100,0
2689329,203,203,575,556,-18,105,-945,-726,-31,98,208,101,102,0
2692676,203,203,762,612,-252,170,-892,-739,-20,85,220,107,115,0
2696018,203,203,631,593,-384,206,-832,-750,1,106,201,114,116,0
2699332,204,204,1606,1700,-500,261,-758,-761,10,138,214,115,110,0
2702676,204,204,743,743,-555,186,-721,-773,6,105,202,161,161,0
2706018,204,205,762,556,-521,55,-693,-786,12,135,244,160,155,0
2709336,205,205,668,537,-435,-154,-598,-798,7,104,205,149,156,0
2712676,205,205,1118,706,-408,-447,-436,-806,-5,96,198,141,163,0
2716018,206,206,537,462,-534,-747,-310,-810,-35,151,172,156,160,0
2719339,206,206,668,518,-822,-959,-138,-809,-18,125,185,149,157,0
2722677,206,207,1062,575,-868,-973,15,-803,4,136,134,144,154,0
2726019,207,207,368,368,-822,-876,196,-790,40,135,141,165,165,0
2729342,207,207,425,425,-799,-654,251,-773,100,189,115,162,162,0
2732699,208,208,462,443,-647,-412,319,-753,2,121,108,160,161,0
2736019,208,208,706,293,-422,-106,233,-732,61,151,130,147,169,0
2739346,208,209,481,0,-193,266,262,-706,54,93,118,159,169,0
2742702,209,209,275,31,-129,429,176,-681,56,102,111,154,167,0
2746019,209,210,725,143,-17,556,126,-653,-29,133,116,146,161,0
2749348,210,210,0,0,-61,796,-70,-626,-42,54,80,170,170,0
2752702,210,211,237,0,-201,963,-233,-602,41,26,114,156,163,0
2756019,211,211,0,0,-126,1088,-344,-579,17,85,113,158,169,0
2759352,211,212,256,68,225,1338,-472,-555,-12,92,100,155,165,0
2762702,211,212,256,0,381,1551,-538,-532,-28,51,98,155,169,0
2766045,212,213,0,0,392,1855,-700,-513,-33,35,128,163,165,0
2769355,212,213,387,0,388,2327,-821,-498,-4,-6,153,148,165,0
2772702,213,213,0,0,519,2559,-907,-486,-29,-25,164,162,166,0
2776045,213,214,0,0,690,2660,-943,-477,-69,-51,235,153,156,0
2779358,213,214,237,0,685,2958,-1105,-475,-43,-87,263,140,153,0
2782702,214,215,50,0,517,3340,-1121,-475,-58,-130,339,150,141,0
2786045,214,215,218,31,455,3768,-1140,-475,-66,-186,380,141,135,0
2789361,214,215,275,31,368,4009,-1013,-474,-149,-317,452,138,135,0
2792703,215,215,200,556,-255,3705,-824,-468,-214,-386,514,142,123,0
2796046,215,216,331,31,-1073,2967,-316,-448,-11,-425,610,135,135,0
2799364,215,216,312,143,-849,1961,78,-418,85,-436,546,136,129,0
2802703,216,216,312,593,124,1429,433,-378,-16,-425,490,136,121,0
2806046,216,217,462,181,692,1025,788,-330,-112,-414,415,128,127,0
2809369,216,217,331,237,644,500,991,-276,-81,-363,381,135,124,0
2812724,217,217,0,181,547,161,1129,-219,-67,-282,267,146,127,0
2816046,217,217,350,556,402,-21,1077,-167,-85,-206,214,134,123,0
2819371,217,218,350,31,75,10,898,-125,-100,-166,174,134,135,0
2822756,218,218,218,293,-211,151,641,-96,-40,-156,149,136,132,0
2826046,218,218,406,256,-272,252,238,-84,-44,-133,132,126,134,0
2829374,218,219,331,0,-285,164,-29,-85,-40,-106,118,130,137,0
2832729,219,219,0,0,-393,95,-262,-99,-21,-96,107,139,135,0
2836046,219,219,481,350,-436,-140,-433,-121,-41,-81,82,122,129,0
2839377,219,220,462,0,-482,-534,-551,-148,-69,-80,89,123,133,0
2842728,220,220,0,50,-664,-874,-637,-175,-36,-46,99,137,129,0
2846047,220,220,31,87,-804,-1169,-740,-207,-9,-53,117,130,127,0
2849380,220,221,593,200,-674,-1578,-837,-238,-63,-13,136,116,121,0
2852729,220,221,350,106,-657,-1889,-930,-271,-52,9,153,129,126,0
2856071,221,221,0,87,-711,-2194,-1020,-301,-21,59,161,139,127,0
2859384,221,221,218,125,-672,-2286,-1107,-328,-37,46,162,120,125,0
2862729,221,222,650,237,-590,-2310,-1181,-354,-65,80,185,113,119,0
2866075,222,222,87,218,-618,-2304,-1313,-381,-57,86,192,127,120,0
2869387,222,222,106,162,-683,-2180,-1408,-408,-27,123,223,126,123,0
2872729,222,222,462,312,-639,-1919,-1473,-432,-59,116,235,107,115,0
2876075,222,223,706,368,-609,-1622,-1504,-453,-58,129,250,110,112,0
2879391,223,223,462,331,-592,-1502,-1537,-473,-43,117,276,123,114,0
2882729,223,223,256,331,-574,-1335,-1532,-491,-70,151,282,118,114,0
2886075,223,223,537,406,-549,-993,-1462,-503,-74,125,283,103,110,0
2889393,223,224,650,406,-646,-893,-1443,-513,-65,130,280,113,110,0
2892751,224,224,106,443,-685,-848,-1405,-521,-49,146,284,126,108,0
2896075,224,224,406,556,-735,-554,-1294,-530,-47,133,283,110,102,0
2899397,224,224,500,537,-812,-387,-1173,-541,-38,120,261,105,103,0
2902752,224,224,556,706,-827,-383,-1131,-566,-29,136,251,118,110,0
2906075,224,225,406,350,-900,-260,-1021,-600,-48,146,237,126,113,0
2909400,225,225,162,556,-1069,-11,-857,-641,0,158,229,123,102,0
2912753,225,225,743,818,-1139,162,-724,-688,-6,103,208,108,104,0
2916075,225,225,500,593,-1153,126,-627,-739,-26,139,196,121,116,0
2919403,226,226,50,556,-1343,178,-466,-788,-37,131,188,129,118,0
2922753,226,226,275,443,-1479,379,-253,-830,20,98,187,117,108,0
2926076,226,226,706,800,-1522,416,26,-857,20,81,174,110,105,0
2929406,226,226,425,612,-1466,271,160,-872,12,107,181,125,115,0
2932754,227,227,0,237,-1514,231,369,-868,12,111,183,134,119,0
2936076,227,227,275,331,-1551,323,645,-847,35,114,161,117,114,0
2939409,227,227,668,706,-1535,332,798,-814,26,113,162,112,110,0
2942753,227,227,331,406,-1493,303,902,-772,18,112,162,130,126,0
2946078,228,227,0,462,-1490,457,1018,-723,39,104,164,135,123,0
2949413,228,228,687,537,-1376,675,1128,-668,50,106,163,116,124,0
2952754,228,228,312,368,-1277,803,1192,-608,54,114,184,136,133,0
2956081,229,228,0,425,-1161,896,1231,-543,50,130,202,145,130,0
2959416,229,229,143,162,-1074,1025,1229,-476,51,108,189,129,128,0
2962754,229,229,368,481,-1001,1158,1287,-403,22,95,184,133,127,0
2966084,230,229,0,350,-1014,1121,1292,-328,13,63,180,147,134,0
2969419,230,230,0,12,-1051,1101,1274,-252,55,59,197,137,136,0
2972755,230,230,425,425,-1008,1142,1306,-170,11,37,196,130,130,0
2976088,231,230,0,275,-1044,1043,1275,-86,52,39,208,149,138,0
2979423,231,231,0,31,-919,938,1210,-2,64,53,194,150,135,0
2982779,231,231,162,425,-725,941,1197,81,36,23,182,144,130,0
2986092,232,231,0,256,-565,1049,1182,166,30,-10,131,151,139,0
2989426,232,232,0,0,-466,1056,1119,249,27,-26,142,143,146,0
2992782,232,232,0,0,-376,942,1049,327,9,-28,153,147,145,0
2996094,233,232,0,181,-466,898,965,403,8,-39,168,155,143,0
2999428,233,233,0,0,-513,853,947,476,27,-78,163,150,143,0
