Time, Rlegs, Llegs, DCL, DCR, GyroX, GyroY, GyroZ, GyroZAvg, AccelX, AccelY, AccelZ, LBEMF, RBEMF, SteerOut
2547,402,428,0,0,-257,167,-110,-111,-22,-6,226,60,62,0
5881,402,428,0,0,-256,167,-110,-111,-18,-8,225,61,62,0
9228,402,428,0,0,-256,168,-110,-111,-21,-1,225,60,61,0
12571,402,428,0,0,-254,168,-110,-111,-20,-6,221,60,61,0
15884,402,428,0,0,-256,166,-110,-110,-20,-6,226,60,61,0
19229,402,428,0,0,-253,167,-112,-111,-19,-6,227,60,61,0
22575,402,428,0,0,-256,167,-112,-111,-17,-7,221,60,62,0
25888,402,428,0,0,-256,168,-112,-111,-20,-5,226,61,62,0
29229,402,428,0,0,-257,167,-116,-111,-22,-2,220,61,62,0
32575,402,428,0,0,-257,167,-113,-111,-20,-6,225,60,61,0
35891,402,428,0,0,-256,166,-112,-111,-19,-1,228,60,62,0
39229,402,428,0,0,-256,166,-114,-111,-24,-4,219,60,62,0
42574,402,428,0,0,-256,167,-109,-111,-22,0,231,60,62,0
45894,402,428,0,0,-257,166,-112,-111,-22,-1,224,60,61,0
49229,402,428,0,0,-257,166,-110,-111,-21,-9,230,61,61,0
52575,402,428,0,0,-257,169,-110,-111,-21,-5,229,60,61,0
55897,402,428,0,0,-255,170,-110,-111,-17,-8,225,60,61,0
59253,402,428,0,0,-254,171,-111,-111,-18,-4,222,60,62,0
62575,402,428,0,0,-254,170,-110,-111,-21,-4,224,61,62,0
65900,402,428,0,0,-253,167,-112,-111,-21,-5,225,61,62,0
69253,402,428,0,0,-254,167,-112,-111,-20,-5,224,60,61,0
72576,402,428,0,0,-254,168,-109,-111,-18,-9,223,60,61,0
75904,402,428,0,0,-253,171,-113,-111,-20,-5,225,60,61,0
79253,402,428,0,0,-254,170,-111,-111,-25,-4,226,60,61,0
82576,402,428,0,0,-256,169,-113,-111,-22,-3,225,60,61,0
85907,402,428,0,0,-254,166,-112,-111,-17,-1,225,60,61,0
89253,402,428,0,0,-256,165,-109,-111,-21,-4,226,61,61,0
92577,402,428,0,0,-254,167,-109,-111,-21,-2,231,60,61,0
95910,402,428,0,0,-257,167,-111,-111,-23,-5,223,61,61,0
99254,402,428,0,0,-257,167,-108,-111,-21,-6,226,60,61,0
102579,402,428,0,0,-255,166,-111,-111,-19,-4,227,60,62,0
105914,0,0,0,0,-254,166,-112,-111,-19,-7,224,61,62,0
109253,0,0,0,0,-254,166,-110,-111,-21,-2,225,60,62,0
112582,0,0,0,0,-254,167,-112,-111,-23,-6,224,60,62,0
115916,0,0,0,0,-256,167,-114,-111,-22,-1,222,60,61,0
119254,0,0,0,0,-257,166,-111,-111,-20,-7,226,60,61,0
122585,0,0,0,0,-256,166,-113,-111,-19,-1,220,60,62,0
125920,0,0,0,0,-255,166,-112,-111,-21,-4,220,60,62,0
129254,0,0,0,0,-255,167,-113,-111,-21,-3,227,61,62,0
132588,0,0,0,0,-256,166,-114,-111,-18,-5,224,60,62,0
135923,0,0,0,0,-254,168,-110,-111,-20,-2,226,60,61,0
139278,0,0,0,0,-253,167,-111,-111,-19,-4,225,60,61,0
142592,0,0,0,0,-256,168,-111,-111,-22,-3,231,60,61,0
145926,0,0,0,0,-255,167,-112,-111,-23,-4,224,60,61,0
149279,0,0,0,0,-256,168,-111,-111,-20,-3,226,60,62,0
152595,0,0,0,0,-255,167,-112,-111,-21,-6,225,60,61,0
155929,0,0,0,0,-256,166,-112,-111,-21,-2,219,60,61,0
159282,0,0,0,0,-254,164,-112,-111,-21,-2,233,60,62,0
162598,0,0,0,0,-258,168,-110,-111,-18,-3,223,60,61,0
165932,0,0,0,0,-253,169,-108,-111,-19,-4,226,61,61,0
169287,0,0,0,0,-255,168,-110,-111,-22,-4,226,60,61,0
172601,0,0,0,0,-254,169,-110,-111,-18,-4,222,60,62,0
175936,0,0,0,0,-255,166,-111,-111,-21,-7,224,60,61,0
179288,0,0,0,0,-255,170,-111,-111,-19,-1,227,60,61,0
182604,0,0,0,0,-256,168,-112,-111,-20,-5,224,61,61,0
185939,0,0,0,0,-255,170,-111,-111,-18,-6,225,60,61,0
189288,0,0,0,0,-256,169,-115,-111,-20,-7,221,60,61,0
192608,0,0,0,0,-255,167,-112,-111,-20,-6,225,60,62,0
195943,0,0,0,0,-255,169,-114,-111,-21,-2,226,60,62,0
199289,0,0,0,0,-256,166,-113,-111,-21,-3,225,61,62,0
202611,0,0,0,0,-255,168,-111,-111,-20,-1,225,60,62,0
205945,0,0,125,0,-257,161,-109,-111,-38,-12,206,78,96,0
209291,0,0,0,0,-305,129,-87,-110,-29,35,225,97,96,0
212614,0,0,200,143,-329,237,-93,-110,-30,7,223,90,93,0
215948,0,0,181,106,-268,227,-59,-108,-19,-27,222,91,95,0
219292,1,0,143,406,-221,173,-54,-106,-20,-4,225,93,95,0
222617,1,0,181,218,-197,163,18,-102,-17,-2,227,91,105,0
225952,1,1,200,0,-208,174,61,-97,-14,1,220,90,106,0
229292,1,1,368,256,-180,170,97,-90,-3,-13,221,97,103,0
232620,1,1,218,200,-78,105,171,-81,-4,2,226,105,106,0
235955,1,1,537,462,-10,102,200,-72,-13,-7,219,104,108,0
239293,2,1,0,312,55,115,222,-61,-8,19,246,120,116,0
242624,2,2,462,275,122,179,242,-50,-24,17,239,108,118,0
245958,2,2,443,256,179,235,231,-39,-8,23,244,109,119,0
249317,2,2,593,518,263,261,248,-28,-11,37,239,117,121,0
252627,2,2,443,462,354,314,227,-18,-40,27,238,125,124,0
255961,3,3,0,68,299,338,195,-8,-38,43,241,135,129,0
259318,3,3,631,443,134,376,102,-1,-28,9,235,115,125,0
262630,3,3,406,181,16,368,-28,0,-50,-1,209,127,139,0
265964,4,4,312,575,-86,355,-140,0,-42,33,220,132,134,0
269318,4,4,331,125,-164,383,-284,-5,-24,0,241,131,142,0
272633,4,4,781,368,-217,335,-467,-16,-17,8,252,123,145,0
275968,4,5,631,31,-231,222,-644,-33,-28,-14,256,131,147,0
279319,5,5,68,68,-233,73,-778,-54,-34,31,267,145,145,0
282636,5,5,743,312,-272,-74,-974,-81,-29,-24,250,125,148,0
285971,5,6,725,106,-382,-268,-1074,-111,-69,-10,247,134,151,0
289319,6,6,125,31,-604,-465,-1247,-146,-33,29,248,150,155,0
292640,6,6,406,181,-762,-571,-1460,-189,-53,36,252,135,147,0
295974,6,7,781,237,-781,-708,-1528,-233,-32,15,254,131,144,0
299319,7,7,87,68,-811,-857,-1631,-280,8,28,248,152,153,0
302643,7,7,462,162,-808,-941,-1627,-327,-51,2,222,132,148,0
305977,7,8,743,181,-826,-930,-1576,-373,-63,17,196,133,147,0
309320,8,8,0,125,-993,-951,-1551,-418,-42,54,192,157,150,0
312646,8,9,668,237,-1187,-867,-1452,-460,-19,53,201,137,144,0
315981,8,9,518,200,-1214,-781,-1332,-499,-51,36,209,145,146,0
319320,9,9,0,125,-1289,-751,-1248,-535,3,62,205,158,150,0
322649,9,10,612,275,-1267,-665,-1087,-567,-18,51,191,140,142,0
325984,10,10,462,143,-1190,-559,-933,-595,-59,47,175,148,149,0
329320,10,10,350,537,-1326,-440,-797,-620,-44,62,187,154,144,0
332653,10,11,518,237,-1579,-224,-636,-642,-45,79,198,145,144,0
335987,11,11,87,275,-1712,-63,-461,-659,-60,95,199,152,142,0
339344,11,11,500,593,-1840,60,-357,-676,-13,94,200,146,141,0
342656,11,12,443,218,-1836,221,-146,-687,-55,93,204,149,145,0
345990,12,12,275,612,-2032,314,-5,-694,-32,99,204,158,140,0
349348,12,12,406,537,-2221,430,117,-698,-19,96,206,151,144,0
352659,12,13,331,237,-2228,555,348,-694,-15,108,223,155,144,0
355994,13,13,181,650,-2254,574,432,-688,-3,102,222,163,138,0
359348,13,13,387,443,-2120,602,552,-678,-21,85,206,152,149,0
362662,14,14,181,537,-2072,559,731,-661,-11,65,191,163,144,0
365997,14,14,256,537,-2081,516,823,-639,1,65,186,159,144,0
369353,14,15,668,518,-1968,536,945,-608,-18,58,201,161,153,0
372665,15,15,0,425,-1834,497,1053,-571,8,77,214,181,158,0
376000,15,15,181,312,-1715,410,1136,-527,-18,61,159,171,164,0
379357,16,16,87,275,-1654,355,1236,-474,4,59,151,176,166,0
382669,16,16,181,237,-1523,398,1346,-411,26,27,197,171,168,0
386003,17,17,12,368,-1333,481,1418,-343,31,46,204,180,161,0
389357,17,17,237,256,-1031,592,1474,-266,9,22,167,168,167,0
392672,18,17,0,631,-679,708,1625,-182,7,-13,158,183,163,0
396006,18,18,125,312,-474,670,1685,-90,30,-25,194,174,164,0
399357,19,18,0,200,-280,562,1790,10,85,4,221,183,170,0
402675,19,19,181,275,20,552,1902,117,66,-36,219,171,166,0
406009,20,19,0,106,294,617,2039,232,72,-42,210,170,175,0
409357,20,20,237,218,581,587,2113,349,94,-117,216,168,169,0
412678,20,20,312,12,942,487,2160,466,93,-115,269,164,180,0
416012,21,21,125,200,1185,335,2114,580,119,-149,279,174,170,0
419358,21,21,406,50,1440,175,2021,689,135,-106,276,159,178,0
422681,22,22,0,0,1706,-43,1772,786,143,-160,259,170,172,0
426016,22,22,481,200,1719,-130,1470,871,94,-118,318,155,170,0
429358,23,23,50,0,1566,-209,1068,938,111,-157,367,162,167,0
432685,23,23,593,331,1458,-261,543,984,138,-145,363,149,163,0
436019,23,23,537,125,1515,-238,116,1013,160,-161,340,152,174,0
439358,24,24,443,218,1725,-208,-339,1022,134,-141,342,157,169,0
442688,24,24,537,125,1835,-192,-900,1008,97,-141,380,152,174,0
446022,25,25,481,0,1919,-247,-1256,980,95,-119,352,155,166,0
449379,25,25,462,162,2135,-349,-1547,936,4,-109,288,156,172,0
452691,25,26,556,68,2139,-606,-1959,875,-8,-95,271,159,169,0
456025,26,26,0,50,2051,-807,-2254,801,-1,-60,264,176,170,0
459383,26,27,275,0,2065,-913,-2438,714,-33,-15,257,158,161,0
462694,27,27,256,256,2084,-845,-2553,621,-77,-26,216,159,159,0
466029,27,27,200,106,1858,-771,-2613,522,-75,2,181,162,167,0
469384,27,28,612,368,1654,-698,-2550,420,-105,-31,171,156,153,0
472697,28,28,106,293,1390,-652,-2475,316,-82,-15,177,167,157,0
476032,28,29,312,462,1196,-641,-2396,212,-146,46,192,156,148,0
479384,29,29,181,443,972,-603,-2312,107,-104,35,159,163,149,0
482700,29,29,237,312,661,-554,-2250,1,-54,57,153,160,156,0
486035,29,30,406,181,480,-503,-2235,-106,-77,77,149,151,147,0
489384,30,30,256,575,243,-497,-2144,-215,-124,22,157,159,142,0
492704,30,30,425,462,-286,-735,-1985,-322,-119,24,159,150,148,0
496038,31,31,443,575,-648,-850,-1857,-426,-55,75,170,149,142,0
499384,31,31,368,518,-818,-849,-1839,-534,-81,46,141,153,145,0
502707,31,31,537,537,-884,-943,-1642,-638,-76,88,165,144,144,0
506041,32,32,387,575,-927,-970,-1489,-741,-67,94,168,152,142,0
509385,32,32,500,593,-931,-958,-1323,-841,-109,117,183,146,141,0
512710,32,32,856,893,-939,-857,-987,-936,-86,102,198,143,141,0
516045,33,33,200,406,-1007,-833,-813,-1027,-29,172,213,162,151,0
519384,33,33,425,575,-1187,-771,-660,-1116,-8,155,241,150,142,0
522713,34,33,331,818,-1236,-562,-443,-1195,-59,104,196,155,145,0
526048,34,34,387,500,-1206,-459,-302,-1268,-50,141,204,152,146,0
529406,34,34,706,762,-1212,-314,-178,-1329,-72,108,202,151,148,0
532716,35,35,68,350,-1270,-187,35,-1374,-55,121,192,169,154,0
536051,35,35,743,762,-1409,-125,174,-1402,-59,127,176,157,156,0
539409,36,35,0,518,-1566,-63,306,-1409,-94,107,140,184,169,0
542720,36,36,462,556,-1689,-78,506,-1397,-56,98,121,172,167,0
546054,37,36,87,387,-1633,-33,643,-1366,-19,87,161,176,176,0
549410,37,37,125,200,-1571,-27,791,-1313,-59,90,140,174,170,0
552723,38,37,143,387,-1584,92,954,-1244,-34,101,141,173,176,0
556057,38,38,31,143,-1538,243,1011,-1164,9,13,129,179,173,0
559409,39,38,181,293,-1382,422,1129,-1068,-50,105,145,171,181,0
562726,39,39,50,68,-1364,684,1196,-960,-35,35,155,178,177,0
566060,39,39,181,12,-1257,845,1315,-843,-22,95,169,171,180,0
569410,40,40,68,87,-889,1059,1430,-718,65,-3,184,177,176,0
572729,40,40,181,0,-173,1442,1545,-588,-10,-32,215,171,183,0
576064,41,41,87,0,236,1748,1615,-458,33,36,240,176,181,0
579410,41,41,237,0,613,2048,1722,-327,64,6,263,168,191,0
582732,42,42,68,12,1405,2261,1940,-192,49,-18,229,177,180,0
586067,42,42,237,0,1778,2436,2082,-54,82,-115,269,168,187,0
589410,43,43,218,87,2158,2778,2096,81,61,-45,309,169,176,0
592736,43,43,331,143,2341,3347,2092,216,-5,-72,314,163,173,0
596070,44,44,162,0,2093,3728,1888,342,-31,-117,325,156,165,0
599410,44,44,406,368,1479,3810,1716,457,-47,-175,415,159,161,0
602739,44,44,593,350,309,3604,1300,556,23,-293,478,149,162,0
606073,45,45,481,368,-317,2969,1068,647,137,-308,508,155,161,0
609432,45,45,631,256,-296,2151,710,720,163,-308,504,147,167,0
612742,45,46,1081,387,386,1333,439,781,53,-265,416,139,160,0
616100,46,46,481,256,638,1029,204,828,-10,-252,328,155,167,0
619432,46,47,893,162,644,876,32,860,-54,-252,314,141,164,0
622746,46,47,725,125,608,573,-24,885,-42,-227,260,150,166,0
626103,47,47,706,575,670,179,-35,904,-70,-148,211,151,158,0
629435,47,48,687,162,709,-190,-183,913,-113,-134,168,152,164,0
632748,48,48,31,50,525,-575,-268,914,-112,-99,151,171,170,0
636107,48,49,650,275,247,-840,-317,909,-147,-87,143,154,158,0
639436,49,49,125,68,-50,-1182,-514,892,-124,-19,135,166,169,0
642752,49,49,31,200,-540,-1711,-778,862,-118,3,103,171,162,0
646110,49,50,500,162,-986,-1993,-1079,819,-139,14,87,162,164,0
649436,50,50,68,31,-1367,-2068,-1277,763,-118,-7,66,169,171,0
652755,50,51,650,218,-1833,-1989,-1361,701,-116,26,111,154,161,0
656114,51,51,0,68,-2098,-2040,-1470,630,-54,29,105,176,169,0
659436,51,52,256,0,-2179,-2108,-1694,547,-74,79,85,159,159,0
662758,52,52,293,312,-2323,-1914,-1794,460,-53,69,132,157,156,0
666116,52,52,237,293,-2353,-1712,-1811,368,-94,64,140,160,157,0
669436,52,53,650,462,-2468,-1566,-1889,271,-41,92,150,154,148,0
672761,53,53,50,387,-2484,-1428,-1919,170,-78,92,170,170,152,0
676119,53,54,368,200,-2470,-1261,-1958,64,-120,139,181,153,146,0
679437,54,54,331,575,-2533,-957,-2000,-45,-95,139,183,155,142,0
682764,54,54,237,537,-2740,-577,-1968,-157,-84,173,194,160,144,0
686120,54,55,631,706,-2833,-330,-1916,-271,-86,163,221,155,135,0
689438,55,55,106,743,-2903,-147,-1865,-390,-65,164,245,167,133,0
692768,55,55,293,631,-2854,97,-1753,-510,-28,173,228,157,139,0
696126,56,56,106,687,-2778,241,-1574,-624,-35,159,242,167,136,0
699458,56,56,181,687,-2749,310,-1310,-731,-40,137,248,163,136,0
702771,56,56,668,1081,-2722,313,-1067,-823,-16,141,283,161,139,0
706128,57,57,31,593,-2634,275,-735,-900,-10,125,298,179,149,0
709462,57,57,462,1025,-2504,203,-295,-950,23,171,282,172,142,0
712774,58,57,0,781,-2306,271,141,-979,5,164,257,183,155,0
716128,58,58,537,893,-1976,386,581,-983,30,117,253,168,149,0
719462,59,58,50,800,-1746,594,1196,-959,38,138,230,178,154,0
722777,59,59,181,743,-1472,906,1709,-912,45,139,207,171,157,0
726127,60,59,68,743,-1299,1170,2143,-846,67,74,183,177,157,0
729463,60,59,256,575,-1005,1446,2764,-759,112,61,169,167,166,0
732780,61,60,256,556,-399,1613,3160,-659,102,16,167,167,167,0
736128,61,60,237,425,122,1760,3541,-543,78,-8,142,168,174,0
739462,62,61,237,537,552,1811,3924,-412,82,-17,120,168,168,0
742784,62,61,143,406,694,1604,3989,-277,116,-100,114,173,175,0
746129,62,62,256,87,712,1279,3924,-138,140,-80,148,167,176,0
749463,63,62,125,331,801,732,3627,-1,172,-86,174,174,179,0
752787,63,63,312,12,937,269,3260,134,190,-69,180,164,180,0
756129,64,63,181,237,1107,-120,2789,261,242,-60,188,171,184,0
759463,64,64,368,0,1365,-523,2198,372,216,-96,218,161,183,0
762791,65,64,425,0,1848,-750,1798,474,233,-120,257,158,184,0
766129,65,65,406,12,2144,-747,1356,570,212,-65,276,159,180,0
769464,65,65,500,0,2343,-585,716,648,193,-84,288,154,181,0
772793,66,66,368,31,2712,-404,333,715,147,-111,322,161,179,0
776151,66,66,575,0,2809,-217,-92,771,78,-125,339,150,184,0
779485,66,67,875,68,2788,-2,-542,814,42,-138,425,150,177,0
782796,67,67,275,68,2645,-21,-919,847,8,-107,451,166,177,0
786154,67,68,593,0,2420,-172,-1211,871,-28,-76,417,157,178,0
789489,68,68,200,0,2156,-399,-1576,884,-109,-63,404,162,176,0
792800,68,69,762,350,1688,-485,-1837,886,-83,-70,399,148,170,0
796153,68,69,537,12,1326,-560,-2026,881,-32,-82,339,160,172,0
799488,69,69,12,87,1762,-636,-2238,866,-33,-4,269,172,168,0
802803,69,70,556,275,1962,-658,-2414,840,-75,-33,194,159,158,0
806155,70,70,0,162,1854,-660,-2574,800,-81,-53,215,177,164,0
809488,70,71,481,368,1818,-589,-2752,748,-107,-20,180,163,153,0
812806,71,71,0,331,1738,-495,-2728,685,-147,-18,168,173,155,0
816154,71,71,293,350,1480,-550,-2793,607,-109,-8,118,157,154,0
819489,72,72,331,406,1100,-625,-2735,517,-115,22,147,155,151,0
822809,72,72,87,406,1013,-607,-2698,415,-104,-1,149,168,151,0
826155,72,73,612,537,779,-639,-2613,296,-115,11,145,156,144,0
829489,73,73,0,481,324,-741,-2566,162,-142,3,148,173,147,0
832812,73,73,200,425,-154,-857,-2500,17,-108,24,120,162,150,0
836155,74,74,237,500,-560,-950,-2331,-141,-127,46,102,160,146,0
839490,74,74,87,500,-1157,-1006,-2189,-308,-99,44,123,168,146,0
842816,74,74,275,481,-1717,-1015,-2130,-485,-89,68,147,158,147,0
846156,75,75,68,518,-2170,-1005,-2100,-674,-112,125,140,169,145,0
849490,75,75,200,462,-2698,-873,-1982,-860,-38,108,84,162,148,0
852819,76,75,256,725,-2884,-649,-1903,-1042,3,132,137,159,150,0
856176,76,76,293,406,-2966,-414,-1839,-1213,17,170,166,157,151,0
859512,76,76,331,425,-2799,-82,-1738,-1369,40,138,168,155,150,0
862822,77,77,162,406,-2561,164,-1603,-1507,10,152,208,164,151,0
866212,77,77,762,818,-2298,319,-1471,-1621,52,159,212,156,153,0
869513,78,77,162,687,-1724,420,-1181,-1714,21,100,201,172,160,0
872825,78,78,200,237,-1317,460,-1005,-1788,22,117,222,170,168,0
876180,79,78,331,575,-890,506,-760,-1834,17,122,230,163,166,0
879513,79,79,200,256,-455,456,-347,-1856,-6,145,210,170,167,0
882829,79,79,593,556,-251,428,-20,-1853,-28,114,173,165,167,0
886180,80,79,68,537,-191,427,221,-1829,-15,106,169,177,168,0
889514,80,80,275,218,-66,448,563,-1783,-75,34,169,166,169,0
892832,81,80,0,556,-200,507,793,-1721,-96,47,173,181,167,0
896180,81,81,237,200,-474,532,1082,-1637,-82,51,192,168,170,0
899514,82,81,125,425,-682,601,1431,-1535,-45,-19,179,174,174,0
902835,82,82,200,106,-627,670,1704,-1419,-46,-11,227,170,175,0
906181,83,82,200,275,-555,752,1898,-1290,-26,-11,265,170,182,0
909515,83,83,162,0,-521,856,2170,-1146,6,-44,266,172,181,0
912838,83,83,312,0,-308,906,2378,-992,66,-58,247,164,187,0
916181,84,84,125,0,96,965,2553,-826,64,-100,271,174,186,0
919514,84,84,331,0,836,1072,2783,-654,45,-64,276,163,193,0
922841,85,85,125,0,1281,1202,2917,-475,65,-59,295,174,186,0
926182,85,85,350,0,1788,1352,2965,-297,109,-69,220,162,189,0
929515,86,86,387,50,2387,1770,2957,-120,-17,-51,231,160,178,0
932844,86,86,481,50,2330,2267,2730,46,-18,-104,304,155,178,0
936202,86,87,743,218,2013,2654,2440,202,14,-81,290,157,169,0
939515,87,87,181,106,2008,2967,2186,349,0,-133,278,171,175,0
942848,87,88,462,0,2253,3176,2080,486,-102,-156,322,156,169,0
946203,88,88,331,143,1934,3303,1780,611,-206,-200,357,163,173,0
949568,88,89,612,125,597,3045,1258,716,-50,-284,375,156,166,0
952851,88,89,612,50,109,2491,862,809,-15,-260,370,156,170,0
956206,89,89,387,237,15,1776,508,887,-45,-253,367,152,160,0
959543,89,90,987,237,-88,1009,-14,946,-50,-277,316,136,160,0
962854,90,90,575,125,-127,490,-288,994,-52,-223,289,142,166,0
966206,90,91,631,12,-128,-35,-503,1033,-52,-190,256,139,156,0
969546,90,91,893,312,25,-603,-714,1061,-65,-179,223,141,156,0
972857,91,91,256,143,136,-1061,-814,1081,-78,-109,183,159,165,0
976207,91,92,650,293,177,-1428,-933,1089,-85,-112,189,154,157,0
979548,92,92,143,143,153,-1832,-1092,1086,-145,-66,137,165,165,0
982861,92,93,0,0,-220,-2282,-1330,1068,-154,-9,75,176,160,0
986208,92,93,631,218,-620,-2604,-1648,1028,-135,-33,67,155,161,0
989549,93,93,12,237,-1129,-2824,-1744,974,-132,-10,95,172,160,0
992864,93,94,650,275,-1470,-2942,-1756,912,-49,18,98,154,158,0
996207,94,94,50,181,-1539,-3017,-1851,837,-90,90,100,170,163,0
999549,94,95,237,12,-1546,-2884,-1933,751,-75,111,129,160,156,0
1002867,94,95,687,443,-1586,-2676,-1908,658,-73,118,148,152,149,0
1006208,95,95,0,406,-1707,-2457,-1891,554,-81,150,160,173,151,0
1009549,95,96,650,537,-2016,-2113,-1821,444,-88,161,186,154,144,0
1012870,96,96,218,575,-2312,-1706,-1809,328,-84,169,162,161,142,0
1016229,96,97,275,368,-2595,-1222,-1740,206,-98,182,219,158,137,0
1019550,96,97,687,725,-2994,-597,-1715,78,-57,177,238,152,134,0
1022873,97,97,106,650,-2981,-176,-1621,-51,-39,195,242,167,138,0
1026232,97,97,725,950,-2932,205,-1548,-187,-33,196,246,150,138,0
1029550,98,98,162,593,-2994,700,-1526,-326,-29,183,216,164,141,0
1032876,98,98,725,1100,-2969,1009,-1374,-461,-13,144,243,158,138,0
1036232,98,99,500,537,-2848,1167,-1188,-591,29,146,259,170,152,0
1039550,99,99,143,612,-2586,1104,-887,-704,27,153,236,173,148,0
1042880,99,99,500,912,-2379,1080,-641,-800,16,139,223,170,148,0
1046233,100,100,0,518,-2285,977,-327,-879,-14,126,201,182,153,0
1049551,100,100,537,912,-2355,741,48,-942,18,131,211,168,148,0
1052883,101,100,0,875,-2293,578,320,-988,18,118,209,182,150,0
1056234,101,101,575,837,-2228,554,658,-1006,-7,158,156,166,152,0
1059575,102,101,0,668,-2330,624,1118,-998,49,82,147,186,161,0
1062886,102,102,50,368,-2160,612,1498,-967,107,88,179,178,161,0
1066233,103,102,0,743,-1749,609,1842,-909,115,117,185,185,157,0
1069576,103,103,162,218,-1158,860,2299,-829,85,85,140,172,169,0
1072889,104,103,68,556,-770,1188,2672,-729,88,50,134,177,167,0
1076234,104,103,87,387,-245,1514,3036,-612,125,18,150,176,176,0
1079576,105,104,125,481,579,1729,3399,-481,106,-15,140,174,171,0
1082892,105,104,162,387,892,1889,3596,-339,42,37,115,172,176,0
1086234,106,105,0,106,900,2105,3763,-187,119,-94,139,167,175,0
1089577,106,105,275,368,1294,1920,3777,-28,169,-149,223,166,177,0
1092896,106,106,312,0,1753,1455,3549,134,141,-157,245,164,184,0
1096234,107,106,181,200,1996,841,3356,293,144,-191,252,171,186,0
1099577,107,107,462,0,2113,4,2720,433,166,-187,292,156,181,0
1102899,108,107,387,312,2041,-492,2149,558,110,-239,330,160,180,0
1106255,108,108,518,0,1672,-891,1608,669,66,-201,378,153,183,0
1109577,108,108,593,0,1036,-1051,892,756,148,-185,407,149,187,0
1112903,109,109,368,50,1143,-841,304,825,267,-192,423,161,178,0
1116259,109,109,743,143,1737,-458,-222,875,101,-189,452,149,181,0
1119577,110,110,406,0,1762,-139,-863,904,82,-206,456,151,174,0
1122905,110,110,331,12,1785,6,-1223,920,103,-198,414,155,172,0
1126259,110,111,893,200,2139,86,-1506,927,-34,-185,385,141,162,0
1129577,111,111,87,143,1901,-165,-1904,918,12,-171,358,168,165,0
1132909,111,111,350,200,1847,-578,-2182,898,55,-86,291,154,162,0
1136259,111,112,537,181,2202,-917,-2364,872,-115,-58,221,160,163,0
1139578,112,112,0,181,2021,-1208,-2696,831,-158,-24,222,177,163,0
1142912,112,113,518,350,1791,-1210,-2779,781,-116,-11,211,161,154,0
1146260,113,113,0,312,1610,-1137,-2829,720,-175,-21,162,178,156,0
1149602,113,113,200,293,1014,-979,-2889,650,-143,50,130,162,157,0
1152915,114,114,200,481,572,-841,-2885,570,-145,39,134,162,147,0
1156260,114,114,237,293,134,-727,-2856,479,-102,2,133,160,157,0
1159606,114,115,593,425,-195,-678,-2747,384,-102,1,160,157,150,0
1162919,115,115,31,406,-295,-654,-2643,280,-54,52,166,171,151,0
1166260,115,115,368,425,-377,-638,-2490,168,-129,60,109,153,150,0
1169606,116,116,181,556,-472,-609,-2376,47,-83,37,134,163,143,0
1172921,116,116,237,462,-527,-615,-2175,-78,-68,61,157,160,148,0
1176260,116,116,631,800,-526,-552,-1859,-208,-95,102,152,155,146,0
1179606,117,117,87,500,-721,-550,-1703,-345,-104,41,151,168,146,0
1182924,117,117,350,443,-1041,-719,-1416,-484,-93,76,159,154,149,0
1186282,118,117,200,837,-1296,-832,-1112,-625,-96,95,149,162,144,0
1189607,118,118,350,425,-1405,-921,-905,-765,-80,70,175,154,150,0
1192928,118,118,631,800,-1464,-1035,-681,-904,-63,106,177,155,146,0
1196283,119,119,87,462,-1540,-1036,-394,-1035,-41,102,188,168,148,0
1199607,119,119,725,931,-1569,-879,-170,-1151,-67,151,180,158,147,0
1202931,120,119,0,706,-1753,-709,-19,-1256,-35,120,125,183,159,0
1206284,120,120,462,706,-1959,-533,93,-1338,-29,140,180,172,159,0
1209608,121,120,0,631,-2024,-287,208,-1399,-66,163,184,182,163,0
1212934,121,121,162,331,-2104,-146,344,-1438,-12,119,180,172,163,0
1216284,122,121,200,668,-2119,-94,560,-1449,26,142,182,170,161,0
1219607,122,121,218,500,-1908,-36,727,-1436,63,125,193,169,170,0
1222937,122,122,612,575,-1555,0,868,-1402,3,113,196,164,166,0
1226284,123,122,68,443,-1264,7,1031,-1342,3,73,199,177,173,0
1229608,123,123,275,162,-916,-7,1166,-1268,18,70,193,166,172,0
1232940,124,123,106,406,-572,40,1342,-1179,6,63,165,175,175,0
1236285,124,124,275,106,-185,77,1475,-1073,59,38,164,166,175,0
1239609,125,124,12,331,317,218,1564,-956,29,41,191,180,179,0
1242944,125,125,200,68,601,343,1666,-830,13,82,188,170,177,0
1246285,126,125,125,256,872,565,1805,-689,-23,30,213,174,183,0
1249612,126,126,162,0,1042,753,1818,-546,-32,8,199,172,182,0
1252947,127,126,218,0,1010,1009,1843,-400,-39,9,236,169,186,0
1256285,127,127,181,12,986,1474,1844,-252,12,-3,256,171,180,0
1259616,127,127,275,0,1260,1699,1906,-102,-22,23,207,166,185,0
1262950,128,128,87,125,1304,1969,1970,48,-18,-66,239,176,174,0
1266286,128,128,256,106,1264,2432,1901,193,-62,-15,261,167,175,0
1269619,129,129,106,312,1115,3002,1734,330,11,-17,301,175,164,0
1272953,129,129,293,237,1092,3554,1517,455,28,16,290,165,168,0
1276312,130,129,275,612,1214,4140,1215,567,31,-51,311,166,164,0
1279623,130,130,425,200,1301,4385,1161,671,93,-22,328,158,170,0
1282956,130,130,631,237,1558,4546,982,760,55,-89,344,155,176,0
1286313,131,131,87,181,1656,4545,810,839,-97,-217,406,168,163,0
1289625,131,131,518,106,614,3886,683,904,-73,-275,398,145,167,0
1292960,132,132,575,218,-145,2873,543,956,41,-270,401,142,161,0
1296318,132,132,500,87,-203,1523,436,998,36,-233,407,146,168,0
1299628,132,133,950,293,167,825,354,1030,22,-229,351,138,157,0
1302963,133,133,406,162,460,176,259,1051,-46,-187,294,151,164,0
1306319,133,133,425,106,591,-494,131,1060,-98,-176,243,150,167,0
1309632,133,134,875,181,244,-835,69,1063,-122,-107,157,142,163,0
1312966,134,134,68,50,-138,-1035,-25,1059,-112,-99,160,169,170,0
1316320,134,135,631,181,-572,-1140,-346,1042,-77,-57,150,155,163,0
1319636,135,135,0,31,-975,-1393,-630,1011,-63,8,155,178,171,0
1322969,135,135,87,162,-1134,-1675,-970,964,-113,-17,89,168,164,0
1326319,136,136,293,143,-1453,-1764,-1280,901,-117,-49,65,157,165,0
1329638,136,136,162,106,-1800,-1727,-1329,832,-86,-48,101,164,167,0
1332973,136,137,256,0,-2071,-1832,-1416,756,-62,-21,116,159,164,0
1336320,137,137,12,87,-2178,-1961,-1559,671,-90,-13,88,172,168,0
1339641,137,138,275,0,-2186,-1962,-1576,579,-28,96,137,158,159,0
1342976,138,138,275,312,-2116,-1850,-1650,482,-29,49,134,158,156,0
1346320,138,139,312,50,-1967,-1536,-1625,382,-73,60,163,156,154,0
1349644,138,139,293,237,-1894,-1254,-1608,280,-40,77,193,157,144,0
1352979,139,139,143,518,-1779,-993,-1606,173,-83,139,187,165,145,0
1356321,139,140,387,256,-1869,-633,-1577,67,-91,104,215,152,143,0
1359648,140,140,218,725,-2111,-336,-1482,-36,-69,94,215,161,134,0
1362982,140,140,293,612,-2324,-126,-1377,-137,-23,110,256,157,140,0
1366320,140,141,668,725,-2345,66,-1157,-232,-31,132,292,161,142,0
1369652,141,141,0,650,-2357,100,-938,-323,-15,112,283,181,146,0
1372986,141,141,612,931,-2242,100,-754,-406,-46,134,281,164,147,0
1376321,142,142,0,612,-2283,10,-415,-473,-33,123,245,181,148,0
1379654,142,142,200,687,-2435,-36,-147,-525,-39,107,278,170,144,0
1382989,143,142,50,912,-2520,-64,155,-558,52,136,298,178,148,0
1386346,143,143,331,575,-2318,74,621,-575,54,152,272,163,150,0
1389657,144,143,331,818,-2021,265,920,-577,34,134,223,163,153,0
1392992,144,143,143,668,-1674,538,1202,-565,50,110,212,173,161,0
1396347,144,144,537,706,-1289,873,1575,-537,24,75,181,168,159,0
1399660,145,144,31,612,-1120,1030,1802,-498,50,76,180,179,164,0
1402995,145,145,256,275,-948,1257,2072,-447,42,39,132,167,166,0
1406347,146,145,87,500,-681,1533,2383,-383,77,-20,122,176,170,0
1409664,146,146,256,181,-396,1513,2610,-310,74,21,135,167,171,0
1412998,147,146,31,518,-99,1393,2702,-229,71,-13,160,179,169,0
1416347,147,147,237,181,-54,1214,2762,-145,66,-10,160,168,171,0
1419667,148,147,106,443,-91,952,2670,-61,93,-128,125,175,173,0
1423001,148,148,218,425,-256,409,2512,27,142,-137,117,169,174,0
1426347,149,148,0,0,128,-368,2334,120,220,-103,213,165,183,0
1429670,149,149,293,87,780,-629,2125,217,227,-65,268,165,176,0
1433004,149,149,406,0,1426,-651,2076,322,254,-116,235,159,181,0
1436348,150,149,218,350,2117,-731,1912,423,243,-149,263,169,178,0
1439674,150,150,425,0,2657,-763,1723,521,240,-94,299,158,184,0
1443008,151,151,406,387,3141,-632,1387,613,150,-99,330,159,176,0
1446348,151,151,368,68,3463,-401,906,691,103,-45,300,161,177,0
1449676,151,151,631,237,3232,-228,502,758,43,-61,320,155,176,0
1453011,152,152,143,0,2667,-31,-29,808,-25,-95,368,165,177,0
1456348,152,152,875,425,1723,283,-706,836,13,-99,409,142,166,0
1459680,153,153,406,31,1303,393,-1176,849,68,-91,411,151,171,0
1463014,153,153,237,12,1354,242,-1562,850,55,-142,393,160,172,0
1466372,153,154,856,181,1691,-113,-1995,834,-1,-68,361,143,163,0
1469683,154,154,106,31,1937,-335,-2234,807,26,-86,322,167,171,0
1473017,154,155,293,0,2263,-473,-2393,768,-83,-100,272,157,162,0
1476375,155,155,275,143,2238,-579,-2535,718,-96,-86,233,158,165,0
1479686,155,155,181,275,2029,-667,-2607,661,-82,-32,192,163,158,0
1483020,155,156,612,331,1992,-673,-2660,590,-83,-54,181,156,155,0
1486377,156,156,0,293,1790,-586,-2725,510,-76,-26,180,173,157,0
1489690,156,157,275,106,1627,-550,-2778,418,-131,-25,160,158,151,0
1493024,157,157,200,443,1328,-558,-2751,313,-110,1,156,162,149,0
1496381,157,157,181,350,1068,-645,-2783,197,-178,7,136,163,154,0
1499692,158,158,593,612,831,-637,-2718,75,-149,34,118,157,140,0
1503027,158,158,87,593,309,-609,-2698,-58,-90,32,94,168,141,0
1506385,158,158,293,556,-468,-566,-2794,-202,-122,35,135,157,143,0
1509696,159,159,181,537,-880,-541,-2608,-348,-80,88,147,163,144,0
1513030,159,159,293,406,-1020,-586,-2351,-496,-59,58,123,157,151,0
1516385,159,159,687,818,-1228,-647,-2207,-646,20,79,148,152,145,0
1519699,160,160,256,462,-1215,-781,-2036,-794,-131,20,178,159,148,0
1523033,160,160,406,518,-1325,-974,-1823,-938,-29,26,177,151,145,0
1526386,161,161,181,518,-1289,-1011,-1520,-1069,-96,57,181,163,145,0
1529703,161,161,293,443,-1402,-1082,-1415,-1191,-78,132,194,157,149,0
1533036,161,161,818,875,-1425,-1017,-1221,-1302,-20,152,168,153,150,0
1536386,162,162,12,425,-1113,-732,-973,-1399,-63,151,178,180,158,0
1539705,162,162,631,837,-1070,-478,-812,-1490,-82,133,208,163,152,0
1543040,163,163,0,650,-1230,-230,-632,-1569,-89,127,196,183,162,0
1546385,163,163,593,762,-1570,-6,-450,-1637,-101,185,176,165,156,0
1549708,164,163,106,668,-1856,161,-228,-1687,-70,126,165,175,161,0
1553043,164,164,237,312,-1898,112,-27,-1717,-53,111,176,168,164,0
1556386,165,164,293,537,-1777,98,295,-1723,-48,86,192,165,168,0
1559712,165,165,181,218,-1683,53,526,-1706,-39,95,180,171,169,0
1563047,165,165,575,537,-1553,57,795,-1659,-44,69,190,166,168,0
1566386,166,165,0,462,-1167,153,1088,-1588,-16,17,178,181,172,0
1569716,166,166,537,406,-868,217,1292,-1499,-69,91,183,168,175,0
1573049,167,166,0,312,-605,342,1490,-1390,-16,-84,230,182,180,0
1576408,167,167,237,0,-243,507,1779,-1265,19,68,233,168,182,0
1579718,168,167,87,293,14,641,2001,-1127,-79,-13,193,176,181,0
1583052,168,168,218,0,132,819,2203,-979,28,-18,237,169,181,0
1586408,169,168,106,293,539,1059,2430,-822,-8,12,266,175,181,0
1589721,169,169,143,0,720,1238,2613,-657,28,-5,233,173,181,0
1593056,170,169,275,0,976,1429,2744,-486,3,18,240,166,189,0
1596411,170,170,275,0,1418,1716,2928,-308,-8,-42,248,166,187,0
1599725,170,171,237,0,1720,1987,3044,-127,81,-21,300,168,184,0
1603059,171,171,143,31,2070,2325,3134,57,35,-33,237,173,179,0
1606412,171,171,425,200,2242,2961,3011,236,-15,-96,261,158,170,0
1609728,172,172,237,312,1995,3343,2706,405,-111,-51,278,168,164,0
1613062,172,172,293,181,1437,3656,2380,567,-21,-121,352,165,171,0
1616412,173,173,181,87,1325,3965,2178,716,48,-108,369,163,168,0
1619731,173,173,331,106,1751,3969,2075,855,-35,-137,314,155,167,0
1623066,173,174,762,275,1734,3722,1625,975,-186,-212,364,148,158,0
1626412,174,174,218,218,463,2990,1114,1073,-139,-279,383,161,161,0
1629734,174,174,537,293,-376,2186,830,1156,55,-281,382,144,157,0
1633069,174,175,912,312,-274,1321,502,1219,-10,-270,340,140,156,0
1636413,175,175,275,162,-91,418,108,1267,-69,-195,325,158,164,0
1639738,175,176,950,256,-200,-27,-177,1299,-53,-177,277,138,159,0
1643072,176,176,500,237,-162,-408,-367,1318,-61,-139,225,146,160,0
1646412,176,177,518,0,-134,-840,-589,1325,-84,-127,205,145,162,0
1649740,176,177,818,218,-278,-1113,-743,1322,-42,-62,182,145,161,0
1653075,177,177,12,106,-335,-1386,-929,1307,-113,-90,117,172,167,0
1656434,177,178,518,218,-625,-2067,-1241,1275,-119,-7,113,161,161,0
1659744,178,178,218,31,-881,-2353,-1502,1229,-70,-14,49,161,171,0
1663078,178,179,31,0,-1255,-2524,-1609,1169,-75,-33,65,171,165,0
1666434,178,179,650,218,-1731,-2738,-1819,1096,-38,-33,115,154,161,0
1669747,179,179,12,125,-1743,-2888,-1888,1012,-66,-14,122,172,166,0
1673082,179,180,331,0,-1719,-2953,-1954,917,-45,20,124,155,158,0
1676438,180,180,87,218,-1604,-2772,-2013,814,-48,46,119,168,161,0
1679750,180,181,200,12,-1534,-2492,-2018,704,-74,110,151,162,156,0
1683084,180,181,612,500,-1652,-2209,-2011,586,-86,94,172,156,146,0
1686438,181,181,50,425,-1876,-1841,-2046,459,-84,143,175,170,150,0
1689753,181,182,350,181,-1964,-1441,-2050,327,-122,139,170,154,147,0
1693088,182,182,162,631,-2226,-881,-2069,186,-92,226,189,164,139,0
1696467,182,182,706,1043,-2511,-81,-2038,41,-59,169,219,159,141,0
1699756,183,183,256,631,-2624,338,-2037,-108,-76,153,239,167,147,0
1703091,183,183,181,556,-2725,552,-1958,-260,-60,153,231,171,151,0
1706439,183,183,631,875,-2705,813,-1753,-410,-5,120,241,163,150,0
1709760,184,184,0,537,-2620,750,-1549,-557,-63,103,231,182,152,0
1713094,184,184,537,912,-2765,544,-1287,-691,-60,122,260,168,148,0
1716439,185,185,0,556,-2859,403,-1033,-808,7,135,257,182,151,0
1719763,185,185,200,575,-2709,182,-738,-905,46,119,240,170,150,0
1723097,186,185,68,800,-2533,-81,-327,-984,-24,121,194,177,154,0
1726440,186,186,200,500,-2283,-200,35,-1047,15,141,233,170,154,0
1729767,187,186,275,875,-2157,-132,374,-1086,60,121,212,166,150,0
1733100,187,187,87,387,-1943,-81,821,-1096,68,133,192,176,160,0
1736439,188,187,200,781,-1504,4,1109,-1087,80,112,171,170,155,0
1739769,188,187,68,575,-1184,125,1402,-1059,80,114,179,177,166,0
1743127,188,188,462,537,-872,453,1887,-1003,103,97,213,172,168,0
1746460,189,188,12,481,-245,923,2226,-928,75,89,175,180,171,0
1749772,189,189,106,237,74,1199,2541,-837,48,74,99,175,168,0
1753131,190,189,68,500,89,1389,2859,-729,54,38,89,177,170,0
1756464,190,190,106,162,247,1607,3085,-610,91,0,150,175,172,0
1759776,191,190,31,462,663,1714,3297,-478,141,26,184,179,172,0
1763134,191,191,275,125,1194,1809,3537,-328,129,-13,169,166,174,0
1766464,192,191,125,406,1785,1730,3548,-171,158,-74,152,174,175,0
1769779,192,191,368,387,2240,1449,3507,-11,97,-111,181,161,176,0
1773137,193,192,31,0,2455,929,3362,150,125,-74,235,163,187,0
1776464,193,193,575,0,2575,311,3009,303,74,-118,253,150,182,0
1779783,193,193,687,106,2435,-53,2656,447,70,-109,279,152,183,0
1783140,194,193,200,162,2224,-403,1862,568,49,-156,340,162,180,0
1786465,194,194,593,0,1832,-686,1148,667,13,-165,369,141,179,0
1789785,194,195,968,0,1427,-736,423,743,26,-120,401,137,176,0
1793144,195,195,275,0,1177,-602,-563,790,31,-109,449,158,176,0
1796465,195,195,612,68,1034,-410,-1277,814,7,-112,450,140,169,0
1799789,196,196,931,87,1046,-233,-1937,818,78,-115,439,139,168,0
1803147,196,196,425,87,1385,-27,-2601,800,23,-162,414,150,168,0
1806465,196,197,875,237,1728,-21,-2914,773,-27,-171,387,142,160,0
1809792,197,197,200,143,1807,-220,-3134,736,33,-124,371,162,165,0
1813148,197,198,387,0,1940,-550,-3214,691,-104,-114,299,152,158,0
1816465,197,198,687,331,1829,-695,-3255,637,-79,-10,232,152,155,0
1819796,198,198,0,275,1500,-794,-3264,575,-139,-28,210,175,158,0
1823152,198,199,575,443,1228,-916,-3187,508,-32,-49,203,158,149,0
1826486,199,199,31,350,1105,-930,-3022,437,-102,-29,174,171,154,0
1829798,199,199,275,406,927,-875,-2899,356,-114,25,124,158,151,0
1833155,200,200,350,481,653,-759,-2647,273,-94,21,131,154,147,0
1836490,200,200,106,443,467,-716,-2491,183,-85,-5,155,167,149,0
1839801,200,201,743,668,313,-731,-2170,90,-75,-9,151,149,137,0
1843156,201,201,87,556,222,-772,-1810,-1,-103,-6,127,168,143,0
1846490,201,201,312,425,-104,-843,-1625,-95,-113,20,108,156,150,0
1849805,202,202,706,575,-388,-984,-1462,-200,-141,-5,110,151,142,0
1853156,202,202,275,593,-775,-1190,-1246,-308,-69,50,123,158,141,0
1856491,202,202,668,987,-987,-1179,-1053,-421,-78,20,130,153,136,0
1859808,203,203,87,593,-1119,-1102,-917,-539,-132,55,113,168,141,0
1863156,203,203,1587,1887,-1569,-977,-872,-662,-70,118,135,160,144,0
1866491,204,203,593,818,-2248,-769,-791,-790,-44,75,115,197,201,0
1869811,204,204,443,593,-2534,-691,-907,-929,-92,102,149,205,197,0
1873157,205,205,256,668,-2943,-582,-911,-1068,-67,146,226,215,193,0
1876491,205,205,668,500,-3516,-580,-992,-1209,-78,224,184,193,202,0
1879814,206,206,425,743,-3767,-571,-991,-1345,-15,171,210,206,189,0
1883157,207,206,293,406,-3544,-599,-982,-1470,75,195,273,197,207,0
1886491,207,207,612,668,-2843,-512,-790,-1577,32,281,228,196,193,0
1889817,208,207,443,350,-2192,-293,-588,-1654,124,141,175,189,210,0
1893157,208,208,443,218,-1138,-13,-201,-1696,148,148,247,189,201,0
1896491,209,209,218,312,-249,214,50,-1708,92,87,252,201,196,0
1899821,209,209,368,312,349,340,353,-1679,-3,87,164,193,196,0
1903179,210,210,237,293,446,498,685,-1618,20,10,156,200,197,0
1906513,210,210,462,256,610,547,949,-1528,8,76,216,188,199,0
1909824,211,211,181,350,841,489,1172,-1410,-46,48,99,203,194,0
1913182,211,211,368,275,629,510,1496,-1272,-7,55,115,193,198,0
1916516,212,212,31,0,708,702,1642,-1123,53,-1,166,195,205,0
1919827,213,213,406,50,1089,981,1898,-963,-88,20,187,191,194,0
1923183,213,213,125,68,942,1320,2138,-794,-32,-27,157,190,193,0
1926516,214,214,200,368,917,1675,2306,-620,-33,14,250,186,177,0
1929830,214,214,387,275,913,2112,2315,-448,17,-62,287,176,182,0
1933182,215,215,350,387,1075,2641,2308,-282,-31,-49,313,178,176,0
1936517,215,215,275,331,1283,2999,2250,-121,70,15,326,182,179,0
1939834,216,216,162,50,1854,3394,2162,28,21,-14,305,172,178,0
1943182,216,216,575,275,2256,4016,1895,165,-64,-61,326,166,182,0
1946517,216,217,762,125,2088,4340,1640,285,-105,-97,388,164,182,0
1949836,217,217,181,106,1498,4293,1381,384,-120,-152,417,179,183,0
1953182,217,218,612,0,619,3698,985,466,-106,-241,431,156,175,0
1956517,218,218,462,368,265,2985,768,536,-48,-250,424,164,169,0
1959840,218,219,556,293,119,2153,541,591,-63,-224,416,159,173,0
1963183,219,219,556,387,15,1089,268,633,-109,-215,358,159,168,0
1966518,219,219,462,368,-134,262,130,665,-62,-176,328,164,169,0
1969843,219,220,518,0,-230,-509,-101,689,-105,-145,248,161,173,0
1973184,220,220,406,312,-508,-1200,-536,697,-107,-42,149,167,172,0
1976518,220,221,518,50,-930,-1535,-829,700,-57,-99,128,161,170,0
1979846,221,221,12,0,-1190,-1687,-1070,695,-80,-82,122,172,174,0
1983183,221,222,425,12,-1601,-2029,-1353,684,-110,-49,84,166,172,0
1986539,222,222,87,0,-1903,-2281,-1604,664,-61,-24,63,168,173,0
1989850,222,223,350,125,-2107,-2429,-1700,642,-26,-42,88,170,166,0
1993208,222,223,312,50,-2052,-2465,-1743,612,-28,-41,105,172,170,0
1996541,223,223,0,200,-1871,-2536,-1783,575,0,-26,129,180,162,0
1999853,223,224,425,218,-1719,-2521,-1783,525,-67,28,125,166,161,0
2003208,224,224,0,143,-1719,-2245,-1790,468,-88,72,92,176,165,0
2006542,224,225,518,331,-1946,-1872,-1773,402,-102,75,148,161,155,0
2009856,225,225,0,293,-2163,-1503,-1710,327,-54,118,168,179,157,0
2013208,225,225,181,462,-2325,-1004,-1602,247,-69,122,192,163,148,0
2016542,226,226,200,481,-2487,-599,-1522,163,-35,137,201,162,147,0
2019860,226,226,125,481,-2596,-173,-1359,74,-44,164,212,166,147,0
2023208,226,227,481,575,-2578,293,-1164,-13,-8,112,258,163,142,0
2026543,227,227,0,518,-2493,459,-960,-102,-45,130,236,178,145,0
2029862,227,227,593,950,-2440,564,-695,-191,4,97,238,165,146,0
2033209,228,228,0,443,-2338,655,-298,-272,6,106,236,186,157,0
2036542,228,228,443,818,-2281,737,21,-344,-1,111,263,173,153,0
2039865,229,228,0,818,-2167,793,333,-406,7,85,264,183,153,0
2043209,229,229,275,537,-1895,795,815,-451,13,128,242,166,152,0
2046542,230,229,125,725,-1812,827,1100,-484,15,78,201,174,158,0
2049868,230,230,0,331,-1658,886,1432,-498,77,118,202,181,163,0
2053210,231,230,87,706,-1276,940,1842,-492,60,53,222,176,159,0
2056543,231,230,87,575,-937,990,2138,-468,86,91,199,176,166,0
2059872,231,231,143,293,-544,1111,2418,-424,59,60,167,173,165,0
2063210,232,231,143,537,-111,1217,2745,-362,43,36,150,173,168,0
2066543,232,232,200,125,184,1230,2971,-286,86,9,162,170,174,0
2069875,233,232,0,368,499,1243,3120,-197,29,34,144,183,177,0
2073231,233,233,181,125,729,1259,3258,-99,42,-18,132,171,174,0
2076567,234,233,68,368,824,1209,3298,6,72,-70,148,177,177,0
2079878,234,234,237,50,960,1075,3151,122,69,-68,119,168,178,0
2083235,235,234,87,293,945,851,2989,241,114,-89,182,176,181,0
2086571,235,235,312,143,873,387,2667,358,148,-140,237,164,173,0
2089881,236,235,125,0,1066,-47,2413,475,221,-146,297,158,181,0
2093235,236,236,612,125,1828,-500,2033,589,198,-167,295,148,174,0
2096571,236,236,668,0,2367,-633,1685,695,169,-136,322,145,183,0
2099884,237,237,406,68,2696,-725,1197,787,108,-143,381,159,177,0
2103235,237,237,537,0,2680,-778,545,859,51,-134,401,152,181,0
2106576,237,238,893,106,2303,-674,-50,914,35,-97,404,149,175,0
2109888,238,238,425,125,1837,-435,-651,949,45,-118,428,158,174,0
2113236,238,239,837,0,1452,-127,-1396,961,-4,-163,448,144,175,0
2116577,239,239,350,0,1139,-89,-1860,956,43,-102,448,154,176,0
2119891,239,239,387,0,1215,-194,-2177,938,90,-109,359,152,174,0
2123236,239,240,875,68,1807,-400,-2446,909,28,-57,319,142,169,0
2126577,240,240,143,87,1942,-601,-2684,868,-52,-66,252,165,168,0
2129894,240,241,631,293,1886,-769,-2846,815,-54,-34,250,155,157,0
2133236,241,241,181,218,1933,-914,-2931,754,-105,12,202,163,161,0
2136577,241,241,275,312,1736,-1007,-2984,682,-78,25,153,158,156,0
2139898,241,242,650,425,1428,-1010,-2991,598,-159,8,149,154,150,0
2143236,242,242,0,237,844,-914,-3035,503,-101,29,130,175,160,0
2146579,242,243,537,425,445,-853,-2997,399,-73,49,127,160,150,0
2149900,243,243,181,443,82,-693,-2972,280,-74,71,114,163,149,0
2153257,243,243,200,481,-393,-447,-2926,154,-97,51,105,162,147,0
2156578,243,244,668,462,-696,-440,-2773,23,-32,96,106,153,148,0
2159904,244,244,87,350,-1020,-436,-2636,-116,-70,77,137,168,154,0
2163261,244,245,706,575,-1266,-311,-2475,-260,-55,50,163,151,142,0
2166579,245,245,143,462,-1303,-336,-2285,-407,-78,66,123,165,148,0
2169907,245,245,331,443,-1369,-493,-2053,-557,-64,126,160,155,149,0
2173261,245,246,762,500,-1245,-587,-1783,-706,51,153,177,148,146,0
2176579,246,246,181,443,-920,-623,-1521,-851,-29,147,171,163,149,0
2179910,246,246,443,500,-744,-604,-1233,-991,-57,144,185,149,146,0
2183261,247,247,106,500,-739,-526,-914,-1123,-61,70,190,167,146,0
2186603,247,247,143,518,-774,-496,-655,-1242,-69,145,206,165,145,0
2189913,247,247,631,781,-845,-378,-470,-1350,-82,139,192,155,147,0
2193262,248,248,87,425,-907,-189,-174,-1438,-104,124,182,168,150,0
2196604,248,248,687,800,-1127,-54,-44,-1515,-128,108,188,160,154,0
2199916,249,249,0,331,-1423,32,86,-1576,-92,100,207,188,163,0
2203261,249,249,481,725,-1733,-17,272,-1620,-84,116,174,171,158,0
2206605,250,249,0,518,-1920,-44,388,-1645,-119,85,137,183,169,0
2209920,250,250,125,181,-2020,-28,523,-1646,-8,72,187,174,171,0
2213262,251,250,87,406,-1805,88,674,-1624,-3,36,203,176,175,0
2216605,251,251,31,162,-1508,168,857,-1576,-58,43,172,179,172,0
2219923,252,251,481,350,-1320,264,1023,-1501,-53,45,153,171,178,0
2223262,252,252,162,50,-1180,468,1229,-1404,-8,-30,189,172,178,0
2226605,252,252,537,293,-879,627,1406,-1292,-31,22,237,168,181,0
2229926,253,253,87,87,-581,798,1564,-1167,-33,44,213,176,176,0
2233284,253,253,612,256,-435,1118,1696,-1030,-6,-9,222,164,183,0
2236605,254,254,0,68,-212,1418,1735,-887,14,-41,210,181,177,0
2239929,254,254,200,0,147,1752,1784,-740,10,-48,256,170,189,0
2243287,255,255,12,0,562,2289,1853,-588,27,-62,264,180,185,0
2246606,255,255,181,0,936,2471,1890,-436,68,-64,261,171,191,0
2249932,256,256,256,0,1406,2488,2059,-277,57,-64,256,167,182,0
2253288,256,256,312,0,1850,2801,2152,-116,97,-107,273,164,181,0
2256606,256,257,481,0,2060,3158,2229,46,76,-125,312,155,168,0
2259936,257,257,293,275,2125,3404,2119,203,56,-174,311,165,166,0
2263288,257,258,518,0,1810,3341,1893,349,-37,-170,315,153,169,0
2266606,258,258,481,237,1142,3238,1779,487,17,-259,357,155,168,0
2269939,258,258,575,181,561,2956,1443,610,88,-257,423,150,171,0
2273288,258,259,987,331,442,2282,1113,716,104,-307,401,144,163,0
2276630,259,259,443,181,525,1642,850,806,60,-319,370,157,171,0
2279942,259,260,800,143,598,1144,469,877,-4,-233,342,146,165,0
2283288,260,260,556,87,382,770,188,930,-19,-263,288,143,168,0
2286634,260,261,800,293,248,550,69,971,-34,-192,272,146,157,0
2289945,260,261,1025,143,123,390,-125,996,-53,-172,202,134,165,0
2293288,261,261,312,200,-87,22,-231,1009,-30,-157,224,156,162,0
2296634,261,262,762,237,53,-437,-325,1013,-36,-98,192,148,160,0
2299948,261,262,687,50,94,-1005,-506,1003,-176,-47,135,152,170,0
2303289,262,263,312,256,-117,-1698,-611,985,-112,-27,119,172,159,0
2306634,262,263,425,218,-228,-2206,-721,960,-74,-8,130,166,161,0
2309952,263,263,31,181,-233,-2758,-960,922,-91,3,129,171,163,0
2313310,263,264,631,237,-218,-3293,-1179,873,-113,30,129,155,160,0
2316634,263,264,518,125,-270,-3322,-1313,815,-138,51,122,161,166,0
2319955,264,265,0,0,-477,-3245,-1454,749,-106,98,140,174,157,0
2323312,264,265,575,237,-607,-3108,-1690,669,-126,124,151,158,160,0
2326635,265,265,0,293,-736,-2898,-1873,579,-133,89,112,176,157,0
2329958,265,266,631,443,-1038,-2587,-2088,475,-138,162,163,155,149,0
2333312,266,266,106,368,-1473,-2034,-2190,363,-155,133,177,167,153,0
2336635,266,267,312,237,-1965,-1658,-2274,243,-147,203,194,156,144,0
2339961,266,267,687,687,-2499,-1268,-2388,115,-123,157,198,152,136,0
2343312,267,267,0,556,-2814,-746,-2385,-13,-121,190,223,174,143,0
2346635,267,268,706,668,-3098,-473,-2386,-143,-64,159,228,151,137,0
2349965,268,268,312,668,-3202,-71,-2303,-273,-80,200,208,156,137,0
2353313,268,268,256,631,-3443,168,-2270,-403,-53,169,203,159,139,0
2356637,268,269,668,650,-3488,434,-2237,-537,-17,186,235,153,138,0
2359968,269,269,50,612,-3355,701,-2051,-669,-7,177,217,170,140,0
2363312,269,269,593,893,-3047,753,-1898,-797,21,168,227,165,149,0
2366636,270,270,0,518,-2860,708,-1556,-912,4,167,219,184,153,0
2369971,270,270,481,987,-2676,713,-1097,-1006,35,121,223,171,144,0
2373313,271,270,0,875,-2374,561,-675,-1082,42,170,262,191,150,0
2376640,271,271,350,912,-2045,409,-299,-1137,-52,143,211,178,148,0
2379975,272,271,143,950,-2075,152,248,-1164,24,205,174,173,146,0
2383313,272,271,181,800,-2080,185,711,-1168,41,109,168,171,154,0
2386643,273,272,125,800,-1959,245,1249,-1144,51,72,184,174,154,0
2389977,273,272,0,668,-1664,367,1879,-1091,80,96,213,184,161,0
2393314,273,273,518,706,-1011,662,2347,-1020,78,140,184,169,159,0
2396646,274,273,0,593,-667,999,2754,-930,66,58,174,181,165,0
2399981,274,274,462,893,-354,1273,3282,-820,69,7,187,172,165,0
2403338,275,274,0,481,-46,1336,3594,-698,24,55,181,186,171,0
2406650,275,275,200,181,85,1514,3807,-563,71,81,173,170,171,0
2409984,276,275,12,500,75,1697,3927,-421,108,29,148,180,170,0
2413341,276,275,218,350,302,1697,3995,-274,145,-50,204,169,178,0
2416652,277,276,143,406,678,1501,3926,-121,138,-121,204,173,175,0
2419988,277,276,237,162,881,912,3642,29,179,-102,213,168,188,0
2423346,278,277,350,218,1375,520,3454,178,212,-98,265,162,185,0
2426656,278,277,387,162,2016,179,3145,321,214,-161,247,160,188,0
2429990,278,278,500,0,2711,-100,2614,456,155,-119,275,154,188,0
2433347,279,279,237,0,2942,-284,1989,577,198,-140,329,168,188,0
2436659,279,279,500,0,3134,-452,1333,683,113,-149,320,154,187,0
2439993,280,279,500,256,2973,-462,508,768,19,-70,303,154,183,0
2443376,280,280,575,50,2435,-267,-346,828,26,-204,379,158,186,0
2446662,280,281,631,0,1829,-123,-1054,870,98,-163,410,155,180,0
2449997,281,281,181,0,1575,-141,-1890,885,8,-180,385,163,179,0
2453348,281,281,837,293,1322,-342,-2368,886,10,-161,398,144,173,0
2456665,282,282,312,0,1226,-584,-2779,871,106,-149,368,156,177,0
2460000,282,282,106,0,1785,-872,-3085,845,70,-115,360,167,175,0
2463349,282,283,687,200,2200,-995,-3168,816,-60,-78,297,152,162,0
2466668,283,283,0,68,2284,-1036,-3285,778,-48,-30,244,176,169,0
2470003,283,284,556,312,2092,-926,-3355,732,-114,-50,196,159,156,0
2473349,284,284,0,256,1928,-754,-3349,676,-106,-54,202,176,159,0
2476672,284,284,68,462,1652,-571,-3231,610,-124,60,211,169,148,0
2480007,284,285,612,462,1334,-412,-3025,536,-93,-35,196,156,148,0
2483348,285,285,68,312,1105,-403,-2851,456,-77,6,171,169,156,0
2486675,285,286,687,518,1000,-399,-2661,365,-76,-1,146,152,145,0
2490010,286,286,68,500,660,-453,-2369,269,-109,-10,155,169,146,0
2493348,286,286,387,518,396,-552,-2209,161,-111,-13,154,152,145,0
2496679,286,287,687,575,32,-652,-1940,42,-120,30,142,152,142,0
2500012,287,287,106,556,-319,-749,-1734,-85,-108,42,134,167,143,0
2503349,287,287,725,743,-614,-857,-1603,-221,-91,46,121,150,149,0
2506682,288,288,125,443,-979,-988,-1488,-370,-92,61,120,166,149,0
2510016,288,288,256,518,-1454,-1110,-1398,-526,-98,97,135,159,145,0
2513374,288,288,668,800,-1691,-1108,-1377,-688,-62,70,133,153,146,0
2516684,289,289,87,462,-1718,-1091,-1305,-852,-25,126,160,168,148,0
2520020,289,289,331,425,-1848,-973,-1317,-1018,-47,169,165,155,150,0
2523375,290,289,68,725,-1889,-782,-1318,-1181,-45,123,142,169,150,0
2526688,290,290,706,837,-1955,-653,-1326,-1337,-23,109,161,159,152,0
2530022,291,290,556,593,-1863,-338,-1326,-1486,-21,124,176,167,165,0
2533375,291,291,106,350,-1773,-170,-1265,-1624,-39,161,182,175,162,0
2536691,291,291,575,650,-1744,8,-1230,-1744,-25,120,173,166,162,0
2540026,292,292,0,593,-1653,137,-1078,-1840,2,105,176,184,165,0
2543376,292,292,537,575,-1502,205,-918,-1910,-24,127,199,168,166,0
2546694,293,292,12,537,-1350,305,-756,-1950,5,114,186,180,168,0
2550029,293,293,293,256,-1280,333,-483,-1954,-28,130,187,165,167,0
2553376,294,293,0,500,-1149,377,-222,-1928,-25,75,161,183,170,0
2556697,294,294,162,218,-899,397,73,-1867,43,73,185,172,169,0
2560032,295,294,181,443,-373,503,472,-1778,0,57,205,171,173,0
2563376,295,295,181,162,-86,574,776,-1667,-81,90,198,171,172,0
2566701,296,295,237,368,-168,620,1100,-1536,-87,38,170,168,177,0
2570035,296,296,125,12,-271,707,1475,-1391,-4,-4,233,174,180,0
2573376,296,296,518,387,-43,800,1734,-1234,-52,1,240,169,176,0
2576704,297,297,12,50,183,967,1961,-1068,-80,-5,268,180,178,0
2580038,297,297,275,50,217,1231,2157,-896,34,15,256,166,178,0
2583377,298,298,87,68,497,1426,2302,-723,45,-37,259,176,177,0
2586708,298,298,237,125,845,1671,2408,-553,-60,-22,301,168,174,0
2590042,299,299,181,500,964,2145,2449,-388,17,15,341,171,170,0
2593377,299,299,350,125,1055,2519,2456,-228,38,4,294,162,174,0
2596710,300,299,406,425,1214,2885,2318,-81,-2,-21,265,159,174,0
2600044,300,300,293,218,1453,3337,2177,55,28,-100,304,165,169,0
2603401,300,300,425,181,1501,3589,1970,177,-37,-137,321,158,171,0
2606713,301,301,368,350,1202,3598,1677,284,-32,-182,358,161,162,0
2610048,301,301,650,406,600,3243,1342,376,21,-174,363,154,167,0
2613405,302,302,350,162,434,2785,1014,454,46,-210,349,154,164,0
2616717,302,302,368,125,412,2327,621,517,13,-222,366,153,166,0
2620051,302,302,1043,481,467,1866,143,565,-5,-259,330,133,163,0
2623409,303,303,293,106,409,1409,-81,603,-50,-259,319,157,167,0
2626720,303,303,593,181,262,811,-219,637,-55,-221,294,141,163,0
2630054,303,304,950,293,95,3,-369,667,-87,-199,245,138,157,0
2633410,304,304,162,125,-113,-593,-496,693,-86,-206,224,164,166,0
2636723,304,305,800,256,-400,-1020,-626,715,-93,-121,189,146,159,0
2640057,304,305,518,143,-626,-1424,-736,731,-107,-62,168,161,165,0
2643413,305,305,0,125,-804,-1800,-921,741,-64,-48,154,173,166,0
2646727,305,306,462,237,-978,-2184,-1212,737,-104,37,133,164,160,0
2650060,306,306,68,50,-1343,-2366,-1586,716,-102,19,81,169,170,0
2653414,306,307,687,181,-1720,-2311,-1702,686,-89,10,107,152,163,0
2656729,307,307,68,106,-1959,-2355,-1752,646,-69,-17,129,169,167,0
2660064,307,307,162,237,-1916,-2514,-1910,594,-69,75,111,164,160,0
2663413,307,308,650,181,-1857,-2441,-1967,530,-34,109,144,154,163,0
2666732,308,308,87,125,-1768,-2253,-1952,454,-43,101,157,168,166,0
2670067,308,309,612,331,-1712,-2018,-2010,367,-30,122,171,156,155,0
2673415,309,309,31,387,-1672,-1830,-1959,272,-84,131,163,171,152,0
2676736,309,309,275,500,-1732,-1631,-1944,165,-101,155,188,158,146,0
2680070,310,310,725,575,-1997,-1171,-1983,49,-88,164,191,150,142,0
2683415,310,310,68,556,-2335,-796,-1963,-73,-76,146,195,169,143,0
2686739,310,311,687,687,-2611,-401,-1905,-200,-55,182,208,152,136,0
2690073,311,311,87,687,-2929,-7,-1880,-331,-27,196,222,168,136,0
2693414,311,311,762,1025,-2963,258,-1841,-463,-39,204,211,156,142,0
2696742,312,311,200,762,-3031,526,-1755,-595,-35,171,223,170,156,0
2700076,312,312,68,593,-3109,661,-1527,-719,-6,134,217,177,149,0
2703415,312,312,462,856,-3100,673,-1269,-831,35,163,246,172,151,0
2706745,313,313,0,575,-2936,648,-952,-929,-28,179,249,185,150,0
2710080,313,313,462,950,-2897,551,-549,-1008,33,155,222,172,146,0
2713436,314,313,0,762,-2817,504,-143,-1065,45,123,216,185,156,0
2716748,314,314,556,837,-2560,519,263,-1099,32,102,221,167,152,0
2720083,315,314,0,743,-2165,704,829,-1104,51,142,217,184,157,0
2723440,315,315,125,387,-1919,910,1241,-1085,47,117,158,174,160,0
2726752,316,315,0,706,-1675,1061,1611,-1039,119,85,167,183,159,0
2730086,316,315,87,518,-914,1157,2149,-969,141,31,195,176,169,0
2733440,317,316,0,462,-168,1216,2566,-882,93,57,201,185,172,0
2736756,317,316,50,331,409,1262,2886,-781,48,11,169,178,179,0
2740090,318,317,143,518,558,1244,3229,-664,47,-62,116,173,169,0
2743441,318,317,143,331,568,1092,3463,-536,57,-90,142,173,179,0
2746758,319,318,0,50,775,781,3560,-402,108,-128,209,170,178,0
2750092,319,318,125,256,1116,449,3596,-261,84,-75,184,174,183,0
2753441,319,319,256,0,1395,229,3459,-115,127,-130,200,167,182,0
2756762,320,319,125,256,1764,-64,3282,36,129,-129,224,174,183,0
2760096,320,320,312,0,2287,-426,2953,182,97,-131,219,164,184,0
2763441,321,320,143,143,2569,-550,2583,317,84,-124,238,173,189,0
2766764,321,321,368,0,2727,-506,2181,445,74,-80,245,161,184,0
2770099,322,321,50,0,2634,-354,1498,553,49,-94,277,162,189,0
2773440,322,322,406,0,2345,-249,860,641,36,-115,301,159,181,0
2776768,322,322,593,106,1927,-46,261,712,5,-150,384,157,183,0
2780102,323,323,143,0,1400,189,-498,758,25,-174,394,165,180,0
2783441,323,323,612,0,1185,201,-897,790,121,-203,413,140,181,0
2786771,323,324,912,0,1349,14,-1254,813,55,-220,416,140,174,0
2790105,324,324,312,0,1520,-336,-1546,826,-1,-217,420,156,175,0
2793463,324,325,968,162,1497,-537,-1704,832,59,-187,386,137,164,0
2796774,325,325,593,143,1598,-720,-1693,838,49,-105,358,141,165,0
2800109,325,325,237,106,1848,-924,-1778,840,-43,-54,301,160,167,0
2803466,325,326,818,200,1835,-954,-1923,835,10,-44,257,145,162,0
2806777,326,326,0,125,1891,-986,-2170,815,-23,-27,235,174,166,0
2810112,326,327,237,31,1863,-1120,-2495,777,-46,-43,214,160,155,0
2813466,327,327,200,331,1917,-1186,-2606,725,-94,45,202,162,155,0
2816780,327,327,256,331,1858,-1208,-2823,654,-106,16,163,159,155,0
2820115,327,328,650,387,1451,-1100,-2942,566,-101,47,140,154,152,0
2823467,328,328,0,387,1066,-957,-3040,463,-96,26,119,174,152,0
2826784,328,329,275,237,617,-864,-3061,342,-74,34,124,158,144,0
2830118,329,329,256,575,110,-773,-3049,208,-156,40,103,159,142,0
2833467,329,329,275,443,-291,-732,-3060,62,-85,54,105,158,149,0
2836787,329,330,650,500,-617,-691,-2923,-96,-45,72,117,154,146,0
2840122,330,330,87,443,-859,-643,-2854,-265,-78,64,131,168,149,0
2843467,330,330,387,518,-1016,-658,-2772,-442,-75,46,124,152,145,0
2846790,331,331,200,518,-1145,-712,-2588,-624,-37,95,156,162,145,0
2850124,331,331,237,443,-1440,-856,-2469,-809,-23,109,160,160,149,0
2853467,331,331,612,781,-1571,-894,-2321,-993,-11,159,168,156,147,0
2856793,332,332,31,537,-1744,-884,-2207,-1174,-51,97,120,171,144,0
2860128,332,332,687,875,-1892,-787,-2078,-1347,2,110,160,160,150,0
2863467,333,333,0,425,-1826,-651,-2001,-1513,17,117,164,183,158,0
2866796,333,333,556,856,-1717,-441,-1830,-1662,-15,200,169,167,151,0
2870155,334,333,0,706,-1503,-97,-1629,-1794,-20,154,161,183,159,0
2873489,334,334,125,425,-1368,-4,-1455,-1907,-50,117,187,174,158,0
2876800,335,334,275,781,-1374,64,-1154,-1990,-63,128,217,166,155,0
2880158,335,335,125,443,-1559,94,-965,-2047,-90,153,202,174,157,0
2883493,336,335,218,818,-1778,91,-705,-2077,-83,144,172,169,153,0
2886804,336,335,12,650,-1917,94,-379,-2074,-53,120,176,180,162,0
2890161,336,336,500,743,-1781,43,-139,-2050,-38,123,221,170,157,0
2893493,337,336,0,650,-1450,94,182,-2005,-50,92,209,182,162,0
2896806,337,337,237,350,-1108,113,637,-1937,-72,132,250,168,162,0
2900165,338,337,0,668,-861,203,873,-1856,-92,64,222,181,161,0
2903492,338,337,162,500,-856,242,1157,-1767,-80,63,256,172,170,0
2906809,339,338,87,575,-872,262,1518,-1664,-51,180,275,176,166,0
2910167,339,338,256,406,-572,306,1747,-1550,-37,54,263,167,175,0
2913493,340,339,181,406,-206,408,2042,-1418,-32,7,212,171,175,0
2916813,340,339,275,218,42,661,2391,-1265,-36,10,228,166,185,0
2920170,340,340,237,12,315,970,2513,-1105,-57,-25,252,168,180,0
2923493,341,340,106,256,398,1257,2635,-935,-24,-3,258,175,183,0
2926816,341,341,275,31,514,1725,2734,-757,-4,36,256,166,179,0
2930175,342,341,125,293,726,2107,2739,-577,27,20,234,174,181,0
2933493,342,342,350,12,1155,2437,2698,-397,13,-27,227,162,180,0
2936819,343,342,237,406,1590,2894,2703,-217,49,-33,250,168,175,0
2940176,343,343,331,143,2128,3227,2655,-38,28,-53,234,163,173,0
2943493,344,343,218,143,2383,3428,2562,132,-2,-87,192,161,181,0
2946822,344,344,68,0,2489,3712,2319,294,4,-54,192,169,174,0
2950181,344,344,668,350,2588,4010,2229,450,38,-33,246,153,170,0
2953515,345,345,125,50,2759,4307,2046,595,-42,-99,238,166,170,0
2956825,345,345,293,12,2556,4350,1694,725,-161,-114,296,157,172,0
2960184,346,345,462,462,1383,4094,1238,836,-180,-267,327,148,164,0
2963518,346,346,293,106,141,3280,1003,936,-124,-295,383,157,167,0
2966828,346,346,593,68,-735,1682,599,1020,-45,-299,415,141,169,0
2970184,347,347,462,162,-952,579,295,1092,38,-220,395,148,164,0
2973519,347,347,481,125,-824,-336,84,1152,106,-174,395,147,166,0
2976832,347,348,987,518,-346,-1063,-177,1197,-80,-201,261,136,161,0
2980184,348,348,368,143,-382,-1456,-308,1233,-108,-160,169,153,165,0
2983518,348,348,462,143,-481,-1641,-523,1253,-137,-57,165,148,165,0
2986835,348,349,818,181,-835,-1865,-858,1256,-154,-48,148,145,163,0
2990186,349,349,0,68,-1124,-2133,-1200,1240,-98,-80,102,181,169,0
2993519,349,350,518,256,-1324,-2552,-1579,1203,-47,-4,128,161,159,0
2996838,350,350,106,256,-1129,-2683,-1888,1148,-93,-38,116,167,159,0
3000185,350,351,312,0,-1120,-2743,-2010,1080,-31,1,146,156,162,0
