Time, Rlegs, Llegs, DCL, DCR, GyroX, GyroY, GyroZ, GyroZAvg, AccelX, AccelY, AccelZ, LBEMF, RBEMF, SteerOut
2006,640,643,1793,875,-250,175,-116,-115,-21,-4,221,78,79,0
5341,640,643,1793,875,-251,174,-115,-115,-23,-1,223,78,79,0
8668,640,643,1793,893,-250,176,-116,-115,-20,0,228,78,78,0
12006,640,643,1793,875,-250,177,-115,-115,-24,-7,222,78,79,0
15341,640,643,1793,875,-250,177,-114,-115,-25,-1,220,78,79,0
18671,640,643,1793,893,-250,172,-114,-115,-23,0,227,78,78,0
22007,640,643,1793,875,-251,170,-113,-115,-22,-1,226,78,79,0
25341,640,643,1793,875,-249,170,-115,-115,-18,-6,224,78,79,0
28674,640,643,1793,875,-252,169,-115,-115,-21,-7,222,78,79,0
32028,640,643,1793,875,-249,169,-115,-115,-22,-2,229,78,79,0
35364,640,643,1793,893,-251,170,-116,-115,-21,-3,224,78,78,0
38678,640,643,1793,893,-251,172,-114,-115,-21,-2,226,78,78,0
42032,640,643,1793,875,-252,171,-115,-115,-23,-2,226,78,79,0
45365,640,643,1793,893,-251,175,-117,-115,-23,-1,226,78,78,0
48680,640,643,1793,893,-251,172,-114,-115,-19,-2,230,78,78,0
52032,640,643,1793,875,-252,172,-115,-115,-20,-3,230,78,79,0
55365,640,643,1793,893,-252,170,-116,-115,-22,-4,224,78,78,0
58683,640,643,1793,893,-251,175,-116,-115,-25,-3,226,78,78,0
62032,640,643,1793,856,-253,173,-115,-115,-25,-2,226,78,80,0
65365,640,643,1793,893,-253,172,-116,-115,-23,0,223,78,78,0
68687,640,643,1793,893,-250,173,-113,-115,-20,-4,229,78,78,0
72032,640,643,1793,875,-249,172,-114,-115,-23,0,226,78,79,0
75365,640,643,1793,893,-253,173,-116,-115,-20,-1,233,78,78,0
78690,640,643,1793,875,-249,173,-113,-115,-24,-1,230,78,79,0
82032,640,643,1793,875,-250,172,-116,-115,-22,-3,230,78,79,0
85365,640,643,1793,893,-251,169,-113,-114,-24,0,223,78,78,0
88693,640,643,1793,875,-249,170,-115,-114,-25,0,227,78,79,0
92033,640,643,1793,875,-249,170,-115,-114,-23,-2,224,78,79,0
95366,640,643,1793,893,-253,173,-114,-114,-24,-1,224,78,78,0
98696,640,643,1793,893,-252,172,-114,-114,-21,-2,231,78,78,0
102034,640,643,1793,875,-253,176,-115,-114,-23,-1,226,78,79,0
105366,0,0,0,0,-250,175,-115,-114,-21,-2,224,78,78,0
108699,0,0,0,0,-249,175,-116,-114,-22,-2,227,78,79,0
112054,0,0,0,0,-248,174,-114,-114,-24,-2,224,78,78,0
115368,0,0,0,0,-250,172,-114,-114,-22,-1,226,78,78,0
118703,0,0,0,0,-251,171,-117,-114,-23,-3,227,78,79,0
122058,0,0,0,0,-250,168,-116,-114,-25,-3,228,78,79,0
125391,0,0,0,0,-253,170,-116,-114,-21,-1,225,78,79,0
128706,0,0,0,0,-253,168,-118,-115,-23,-1,224,78,79,0
132058,0,0,0,0,-250,171,-117,-115,-21,-3,231,78,78,0
135394,0,0,0,0,-251,168,-116,-115,-22,-1,229,77,78,0
138709,0,0,0,0,-252,172,-114,-115,-22,0,227,78,78,0
142058,0,0,0,0,-249,173,-115,-115,-25,-2,225,78,78,0
145399,0,0,0,0,-251,172,-112,-115,-22,0,224,78,79,0
148712,0,0,0,0,-252,170,-114,-115,-19,-4,225,78,79,0
152058,0,0,0,0,-251,174,-113,-114,-23,-1,222,78,78,0
155400,0,0,0,0,-250,173,-114,-114,-19,-1,225,78,79,0
158715,0,0,0,0,-250,173,-116,-114,-22,-2,225,78,79,0
162059,0,0,0,0,-252,172,-115,-114,-21,0,225,78,78,0
165400,0,0,0,0,-250,169,-115,-114,-23,-2,227,78,79,0
168720,0,0,0,0,-250,168,-115,-114,-22,-2,227,78,79,0
172059,0,0,0,0,-251,172,-115,-114,-22,0,231,78,79,0
175400,0,0,0,0,-250,172,-114,-114,-20,-1,226,77,79,0
178722,0,0,0,0,-252,172,-113,-114,-22,-2,231,78,79,0
182060,0,0,0,0,-253,173,-115,-114,-20,-5,230,78,79,0
185401,0,0,0,0,-249,173,-116,-114,-21,0,224,78,79,0
188726,0,0,0,0,-251,174,-114,-114,-23,0,225,78,79,0
192081,0,0,0,0,-252,172,-116,-114,-26,0,223,78,79,0
195401,0,0,0,0,-253,171,-115,-114,-21,-5,221,78,79,0
198728,0,0,0,0,-250,171,-116,-114,-22,-3,226,78,78,0
202080,0,0,0,0,-252,169,-114,-114,-20,-5,223,77,78,0
205405,0,0,312,0,-253,169,-114,-114,-35,-5,147,153,170,0
208731,0,0,256,293,-406,4,-117,-115,-82,-25,249,172,170,0
212087,1,1,162,218,-737,-46,-195,-117,27,-21,233,177,174,0
215405,1,1,612,293,-505,-129,-130,-117,-7,-15,216,169,186,0
218735,2,2,218,256,-269,-151,-80,-116,-92,-16,218,190,188,0
222088,2,2,593,368,-539,-90,-104,-116,-71,-12,261,186,198,0
225405,3,3,481,406,-623,-30,-86,-115,-46,10,275,192,196,0
228738,3,3,275,443,-531,-1,-44,-113,-103,21,246,203,194,0
232088,4,4,125,237,-625,21,-28,-110,-93,66,280,211,205,0
235431,4,4,725,368,-757,227,84,-104,-78,66,278,195,214,0
238742,5,5,781,593,-1006,441,181,-95,5,-10,343,192,202,0
242088,5,5,875,818,-1006,-16,82,-88,-61,21,306,203,206,0
245430,6,6,237,481,-935,-500,41,-83,-164,22,239,219,206,0
248744,6,6,631,631,-1291,-767,248,-72,12,8,363,198,198,0
252088,7,7,425,856,-1172,-1269,279,-60,-54,94,302,209,186,0
255430,7,7,818,987,-1205,-1727,306,-47,-99,89,261,204,195,0
258747,8,8,593,1006,-1153,-1761,358,-32,-90,146,259,216,194,0
262088,8,8,1081,1212,-1317,-1572,377,-17,-18,172,298,206,199,0
265431,9,9,500,931,-1211,-1496,229,-6,-14,211,295,221,198,0
268751,10,9,968,1025,-1047,-1365,200,3,-32,265,226,212,209,0
272088,10,10,743,1043,-1157,-993,171,12,-27,155,227,224,208,0
275431,11,10,612,1306,-1223,-865,171,21,3,209,279,231,210,0
278755,11,11,818,1006,-1241,-778,136,29,-25,283,219,220,210,0
282110,12,11,537,1343,-1358,-538,134,36,-28,208,125,235,208,0
285431,13,12,593,1081,-1538,-564,220,47,57,180,170,232,222,0
288757,13,13,968,1025,-1513,-678,236,58,-196,123,138,246,243,0
292114,14,13,706,912,-1493,-409,604,80,-182,140,66,260,265,0
295432,15,14,293,762,-2084,-438,747,107,62,189,134,282,273,0
298760,16,15,631,1156,-2176,-741,770,135,88,294,27,264,252,0
302114,16,16,743,893,-1664,-629,1115,173,-11,40,79,274,266,0
305432,17,17,256,368,-1446,-694,1439,222,-156,50,134,284,278,0
308764,18,17,200,687,-1923,-764,1536,273,106,43,-42,287,277,0
312114,19,18,87,612,-1728,-821,1653,329,76,59,61,293,281,0
315456,20,19,0,518,-1124,-913,1742,387,-53,108,-46,301,286,0
318767,21,20,237,443,-974,-902,1874,451,25,29,66,285,290,0
322114,22,21,87,331,-456,-862,1854,513,-40,137,-56,293,296,0
325460,22,22,350,387,-676,-726,1696,569,37,-109,34,295,293,0
328770,23,23,237,143,-651,-755,1700,625,99,-24,111,296,301,0
332114,24,24,425,237,146,-708,1750,683,435,-42,136,286,296,0
335460,25,25,162,50,1983,-270,1820,741,211,266,219,284,290,0
338774,26,25,312,425,3419,1065,2317,814,73,89,-2,276,286,0
342115,27,26,368,293,4125,2483,2110,878,106,196,257,273,293,0
345460,27,27,668,406,4363,3971,2110,938,37,104,226,273,287,0
348777,28,28,875,893,4670,5023,2230,1005,-138,5,357,262,261,0
352114,29,29,687,987,3530,5538,2464,1081,-233,28,418,272,256,0
355460,30,29,950,1100,1833,5725,2694,1157,-191,-52,518,242,250,0
358779,30,30,1662,1325,290,4859,2750,1234,44,-207,731,220,238,0
362138,31,31,1850,1325,538,3050,2895,1315,137,-280,866,210,238,0
365461,31,32,2412,1325,1303,778,2941,1396,-134,-266,815,196,238,0
368783,32,32,2131,1475,1067,-2152,2502,1462,-281,-196,802,216,251,0
372138,33,33,1606,818,-948,-4307,2384,1530,-42,110,557,244,286,0
375461,33,34,1643,631,-1735,-5561,2128,1590,96,128,339,258,296,0
378786,34,35,968,200,-1359,-5604,1620,1635,327,209,290,278,303,0
382139,35,36,762,125,770,-4753,1263,1669,255,302,172,289,307,0
385462,36,37,593,0,2162,-3612,799,1690,11,275,107,298,318,0
388789,37,38,537,0,2291,-2554,580,1704,96,68,174,301,318,0
392139,38,39,275,125,2859,-2624,744,1720,-195,112,45,315,307,0
395462,39,40,293,143,2289,-2467,629,1733,-39,-49,4,314,306,0
398792,40,41,237,387,2292,-3298,166,1719,-129,83,-84,317,293,0
402139,41,42,256,462,1409,-2855,-647,1675,146,89,126,316,289,0
405462,42,42,0,350,2144,-2464,-1191,1614,52,99,-7,322,295,0
408796,43,43,181,368,2783,-1246,-1407,1535,10,58,45,304,294,0
412139,44,44,0,0,3066,-518,-1445,1445,-442,130,-105,309,298,0
415464,45,45,256,0,1140,495,-1779,1342,-154,-73,46,298,303,0
418799,45,46,256,200,-984,1071,-2052,1226,-217,-34,16,298,285,0
422139,46,47,293,256,-2206,1593,-1994,1109,-16,92,113,296,282,0
425468,47,48,31,50,-3003,2369,-1819,994,-151,109,-60,294,277,0
428802,48,49,68,125,-4003,3261,-1997,873,-250,80,-38,292,273,0
432140,49,49,293,293,-5323,4121,-2157,753,-38,65,16,280,280,0
435471,50,50,425,275,-5982,4555,-2114,634,-179,41,-36,273,281,0
438805,50,51,368,237,-7333,5277,-1951,518,109,18,48,276,267,0
442140,51,52,406,256,-6981,5576,-1725,407,95,33,-1,274,266,0
445474,52,53,500,275,-6724,5571,-1510,288,182,77,112,269,265,0
448808,53,53,387,612,-5632,5539,-1369,179,329,-29,213,275,263,0
452164,54,54,593,800,-3889,5055,-1385,70,156,-37,168,282,271,0
455477,54,55,1156,537,-2399,4910,-1329,-41,287,-97,304,268,285,0
458811,55,56,668,312,135,4135,-937,-147,-54,70,243,278,281,0
462167,56,57,725,518,375,3143,-874,-258,29,-109,457,275,270,0
465480,57,58,950,556,375,1990,-809,-370,185,-101,512,263,268,0
468815,58,58,968,781,1926,70,-298,-469,153,61,430,262,272,0
472173,59,59,631,425,2833,-922,332,-551,304,-81,451,280,291,0
475483,59,60,631,500,4153,-1972,882,-601,123,-25,283,296,287,0
478818,60,61,312,425,4737,-3214,873,-649,-75,-81,204,313,291,0
482174,61,62,406,387,3975,-3598,844,-689,-303,-22,89,308,293,0
485487,62,63,0,143,2437,-3700,708,-717,-7,65,160,317,290,0
488821,63,64,0,256,523,-3157,304,-747,87,-2,80,314,300,0
492174,64,65,125,106,696,-2567,-463,-787,-292,-16,111,307,292,0
495491,65,65,12,425,-605,-1418,-901,-833,-187,-73,246,308,286,0
498825,66,66,162,443,-1825,-693,-1513,-904,123,-126,360,300,285,0
502174,67,67,125,575,-1532,462,-1660,-975,8,-94,522,302,278,0
505494,68,68,293,668,-1017,1845,-1987,-1042,-290,-103,282,293,273,0
508828,69,69,631,462,-2948,3824,-2365,-1096,-142,-111,346,275,268,0
512174,69,69,893,837,-3804,4787,-2490,-1137,183,-268,580,261,264,0
515496,70,70,1306,687,-2296,4574,-1967,-1154,436,-444,908,239,272,0
518831,71,71,1531,1025,1296,2769,-1326,-1150,296,-500,860,227,254,0
522174,71,72,1831,931,2998,876,-1114,-1130,-13,-342,697,227,259,0
525500,72,73,1550,1268,3651,-583,-982,-1096,-154,-231,660,242,241,0
528835,73,73,987,837,2959,-1824,-869,-1061,-102,-159,458,256,264,0
532206,74,74,1418,1175,2387,-3119,-679,-1025,-106,-60,300,254,267,0
535503,74,75,837,612,1791,-3706,-515,-979,-28,116,206,285,281,0
538837,75,76,537,406,1879,-3870,-254,-920,-27,104,35,301,292,0
542175,76,77,725,331,1978,-3604,-145,-858,-28,103,29,291,296,0
545506,77,78,650,200,1746,-3059,-122,-801,25,78,5,295,303,0
548840,78,79,537,425,1661,-2980,-313,-757,-60,76,45,301,307,0
552176,79,79,537,368,1077,-3053,-425,-723,-49,-39,89,301,310,0
555509,80,81,706,106,1124,-3631,-412,-693,-149,135,-7,292,308,0
558843,81,81,256,12,512,-3425,-588,-668,74,-72,84,300,313,0
562201,82,82,0,50,694,-3717,-614,-646,-104,94,-59,315,311,0
565512,83,83,331,312,83,-3597,-624,-636,258,93,19,296,297,0
568847,84,84,500,368,1172,-3035,-732,-632,-155,231,-111,303,294,0
572201,84,85,387,312,963,-2094,-882,-634,15,-45,13,309,297,0
575515,85,86,125,12,556,-1965,-789,-649,-179,-14,-43,305,295,0
578850,86,87,0,0,-132,-2237,-498,-675,-147,-75,40,306,290,0
582201,87,88,143,0,-1229,-2173,-471,-717,-208,81,39,288,283,0
585519,88,89,125,0,-2462,-1783,-729,-767,-236,298,52,289,281,0
588853,89,89,125,368,-3867,56,-919,-823,-21,130,76,289,276,0
592202,90,90,256,518,-4202,1204,-864,-872,-327,70,30,282,268,0
595522,91,91,68,125,-6043,2464,-964,-911,-103,85,110,276,273,0
598856,91,92,481,312,-7441,3570,-1214,-935,-156,128,-7,270,263,0
602202,92,93,593,481,-8110,4494,-1081,-940,-39,12,33,264,254,0
605525,93,93,256,818,-8500,5310,-781,-917,38,94,46,282,252,0
608860,94,94,256,443,-7952,5564,-641,-886,204,50,111,266,256,0
612202,95,95,443,500,-6477,5777,-503,-839,434,30,430,256,253,0
615528,95,96,1006,312,-3647,5489,-330,-776,350,85,355,242,263,0
618864,96,96,1306,875,-300,4850,-463,-712,454,167,425,244,267,0
622202,97,97,1306,481,2196,4875,-295,-660,240,123,296,244,288,0
625531,97,98,1512,556,4189,4617,-307,-628,215,128,348,249,284,0
628866,98,99,1418,875,5673,3417,-479,-608,-129,74,388,254,267,0
632203,99,100,1437,1212,5389,2104,-321,-588,-18,81,462,253,249,0
635535,100,100,950,1006,4995,382,-39,-562,-234,42,427,263,260,0
638870,100,101,1137,950,3156,-1926,534,-524,-28,89,306,269,263,0
642227,101,102,631,612,2531,-3426,986,-477,-51,74,203,296,281,0
645538,102,103,481,537,2138,-4260,1012,-437,-8,199,191,304,285,0
648873,103,104,312,350,1194,-3972,925,-404,-185,161,124,313,295,0
652231,104,105,368,312,166,-3550,704,-378,-353,201,144,310,297,0
655541,105,106,331,50,-1200,-2507,508,-353,230,93,187,312,311,0
658876,106,107,50,368,-412,-1683,-26,-340,-264,-27,41,322,305,0
662231,107,107,0,162,-1275,-980,-376,-339,-391,-122,60,329,316,0
665544,108,108,0,31,-3173,-925,-837,-347,158,32,186,315,307,0
668879,109,109,0,125,-4009,-317,-1142,-363,445,-3,263,316,302,0
672236,110,110,256,312,-1359,813,-1373,-387,-80,156,170,295,292,0
675547,111,111,256,706,-953,2867,-1344,-406,-245,66,168,295,271,0
678882,112,112,443,743,-2341,4989,-2027,-442,-96,-84,101,301,269,0
682240,112,113,725,800,-3321,5876,-2108,-483,217,-88,435,286,266,0
685551,113,113,800,500,-2317,6139,-2047,-531,254,-316,581,266,282,0
688885,114,114,1306,443,240,4718,-1563,-565,261,-365,738,239,285,0
692239,115,115,1550,743,2068,3068,-1170,-579,381,-356,788,226,269,0
695555,115,116,1681,856,4098,1055,-707,-572,-31,-158,707,235,263,0
698888,116,117,1456,1100,5021,-1353,-504,-561,-141,-179,522,252,255,0
702240,117,117,968,1025,4262,-2529,-229,-538,-158,-43,399,278,275,0
705558,118,118,893,950,3358,-3296,-205,-507,-177,-26,350,282,279,0
708891,119,119,762,631,2070,-3896,36,-472,134,140,232,289,280,0
712240,119,120,631,237,2034,-3861,89,-445,220,98,141,296,301,0
715561,120,121,668,181,2425,-3393,48,-423,75,149,72,294,304,0
718895,121,122,368,125,2129,-2870,230,-400,-140,23,-1,310,307,0
722240,122,123,200,0,1509,-2702,-62,-392,-193,-57,42,319,315,0
725563,123,124,256,12,540,-2639,32,-376,-55,31,1,316,313,0
728899,124,125,237,125,392,-2975,166,-362,-150,-46,0,317,307,0
732241,125,126,237,406,-80,-2814,38,-351,94,36,-20,317,292,0
735567,126,127,0,106,131,-2989,2,-336,-11,196,-70,321,292,0
738901,127,127,0,387,137,-1826,-251,-334,39,22,-29,314,293,0
742242,128,128,0,0,625,-1512,-215,-339,-166,49,-54,315,302,0
745570,129,129,0,0,-136,-1079,-39,-357,47,-68,61,299,299,0
748904,130,130,0,143,-368,-1139,47,-387,-365,4,-30,298,288,0
752262,131,131,106,181,-1918,-503,-102,-421,-125,69,134,290,286,0
755573,132,132,200,31,-3101,314,-435,-464,-222,127,18,285,278,0
758908,132,133,237,106,-3821,1753,-617,-505,-201,225,67,283,274,0
762266,133,134,293,181,-4935,3127,-705,-543,-190,83,30,280,270,0
765577,134,134,462,443,-5892,3813,-1249,-581,-224,35,77,271,272,0
768911,135,135,162,200,-6791,4941,-1496,-616,268,101,273,271,269,0
772266,136,136,350,293,-5304,5408,-1446,-635,64,83,213,261,264,0
775579,136,137,818,312,-3788,5628,-1564,-649,288,62,333,252,263,0
778914,137,137,837,668,-1349,5735,-1668,-658,212,-21,313,251,260,0
782266,138,138,1475,912,637,5230,-1569,-665,-139,-75,354,235,265,0
785583,138,139,1381,1231,732,4080,-999,-633,-141,-157,492,256,248,0
788917,139,140,687,875,-271,1324,-621,-586,-153,-185,576,277,251,0
792267,140,140,1081,1025,-686,-767,-255,-530,-81,-71,617,256,259,0
795587,141,141,987,1118,-879,-2101,66,-479,161,51,603,261,254,0
798920,141,142,1100,893,677,-3082,272,-434,225,-25,360,271,266,0
802267,142,143,668,706,2010,-3350,541,-395,-14,193,329,294,276,0
805589,143,144,368,368,2031,-2944,692,-358,-79,283,183,310,294,0
808923,144,145,218,575,1347,-2243,396,-338,-173,-72,70,318,299,0
812266,145,145,312,256,-62,-2048,465,-317,-2,92,61,313,316,0
815592,146,147,0,68,9,-1416,507,-303,-177,-113,49,320,310,0
818928,147,147,0,0,-1006,-1312,567,-288,156,-32,67,319,317,0
822267,148,148,0,143,-342,-1437,671,-268,194,-27,103,322,306,0
825595,149,149,0,0,566,-1316,710,-253,243,-2,128,311,317,0
828931,150,150,0,31,1901,-1577,379,-240,-233,-56,40,309,307,0
832268,151,151,312,12,1087,-1269,100,-237,-304,45,42,292,308,0
835600,152,152,143,312,-395,-820,-479,-258,-151,100,-51,301,292,0
838933,153,153,106,256,-1693,446,-792,-283,212,56,200,303,279,0
842289,154,154,0,312,-1273,1491,-929,-313,-164,118,93,297,276,0
845602,154,155,537,312,-1600,2587,-1175,-341,86,96,321,280,276,0
848937,155,155,312,612,-1457,3370,-915,-363,230,8,321,292,276,0
852292,156,156,387,650,-487,4040,-453,-376,-156,138,220,288,274,0
855605,157,157,500,912,-1294,5401,-388,-390,109,96,390,282,260,0
858940,158,158,1062,537,-1508,5777,-240,-394,164,-86,526,252,264,0
862323,158,159,1737,912,-517,5319,212,-374,390,-305,880,237,265,0
865608,159,159,1343,650,1546,3112,706,-333,433,-312,863,242,279,0
868943,160,160,1325,837,4430,622,837,-284,-105,-127,638,243,269,0
872293,160,161,1512,800,4707,-1341,972,-215,-122,-71,563,249,271,0
875611,161,162,1193,631,3796,-2846,804,-143,31,-12,348,266,280,0
878947,162,163,875,387,2526,-3170,719,-75,-28,77,255,283,293,0
882293,163,164,668,237,2047,-2729,714,-4,53,140,209,294,301,0
885615,164,165,706,406,2452,-2000,455,61,-99,287,61,292,308,0
888949,165,165,293,218,1658,-1273,491,125,-13,-81,71,314,318,0
892293,166,167,200,0,1454,-1282,564,174,-167,184,108,303,326,0
895618,167,167,368,0,689,-1077,489,209,267,-287,20,310,317,0
898952,168,168,31,462,1617,-1847,432,230,-374,58,-28,312,289,0
902294,168,169,218,368,608,-1667,216,235,-149,2,7,318,294,0
905622,169,170,0,106,-640,-1354,-418,214,-2,15,-2,314,290,0
908955,170,171,0,162,-681,-1241,-351,186,57,22,-15,313,287,0
912294,171,172,0,0,-313,-657,-123,160,-253,139,-70,301,286,0
915625,172,173,31,0,-586,335,-97,145,-280,43,-25,294,281,0
918983,173,174,106,12,-2138,930,-248,123,89,-172,62,290,279,0
922315,174,175,275,0,-2032,776,-398,94,-230,92,62,281,287,0
925627,175,175,0,0,-3489,1502,-638,57,18,76,178,282,282,0
928986,176,176,106,12,-3624,2245,-721,13,-57,156,83,274,279,0
932319,176,177,537,181,-3615,3196,-1010,-40,25,94,210,267,270,0
935631,177,178,556,200,-2666,4294,-1388,-95,-89,45,216,266,269,0
938989,178,179,425,481,-2405,4579,-1427,-143,-188,-7,325,273,254,0
942319,179,179,481,612,-2728,4391,-969,-158,-106,-319,545,254,247,0
945635,179,180,950,968,-2527,2186,-518,-149,-194,-222,537,245,228,0
948992,180,180,950,1381,-2701,609,-19,-121,-76,-204,656,263,240,0
952319,181,181,950,912,-2459,-743,657,-64,-11,-243,649,263,265,0
955637,182,182,800,1100,-1305,-2565,1169,0,-63,-29,457,271,255,0
958995,182,183,1025,856,-630,-2829,1161,51,99,135,478,275,268,0
962319,183,183,631,1006,-106,-2396,1311,104,18,267,321,296,276,0
965640,184,184,237,537,48,-1721,1068,145,-216,103,215,301,285,0
968998,185,185,406,706,-817,-1301,936,168,-43,182,209,308,292,0
972319,186,186,143,218,-805,-746,964,176,-26,-44,144,306,302,0
975643,187,187,0,256,-613,-327,1163,186,103,50,177,318,300,0
979002,188,188,0,162,54,-336,835,181,-7,-84,10,314,305,0
982319,189,189,12,181,387,-424,808,182,141,3,39,313,304,0
985647,190,190,143,200,1249,-707,725,182,189,-59,-36,306,303,0
989002,191,191,0,50,2003,-858,593,178,68,32,32,310,306,0
992320,192,192,218,181,2686,-1124,461,178,-66,-32,-99,297,299,0
995650,193,193,0,0,2496,-919,424,176,-38,26,49,297,301,0
999007,194,194,0,0,1969,-614,342,169,-117,28,-69,298,295,0
1002341,194,195,200,0,1202,-421,81,156,-101,35,83,298,297,0
1005653,195,196,256,50,450,-30,-256,135,-50,37,5,295,306,0
1009010,196,196,256,687,10,63,-488,113,-152,-48,-17,295,272,0
1012345,197,197,218,500,-743,470,-706,104,113,33,165,297,282,0
1015656,198,198,87,500,-86,1034,-768,91,-76,50,283,288,266,0
1019011,199,199,275,687,-28,1963,-806,70,-128,62,339,278,256,0
1022345,200,200,518,575,-789,2812,-862,46,-302,67,267,265,262,0
1025660,200,200,1193,931,-2964,3963,-1143,18,51,-103,681,245,259,0
1029010,201,201,2131,1456,-2632,3955,-948,0,308,-154,871,248,284,0
1032345,202,202,1925,1137,-536,2626,-520,4,401,-181,911,259,301,0
1035663,203,203,2225,1062,2692,346,-126,23,168,-53,978,259,305,0
1039011,203,204,2206,912,3878,-1273,313,64,47,-51,709,260,313,0
1042346,204,205,1568,556,3848,-2492,543,124,-85,86,526,278,316,0
1045666,205,206,1231,256,2409,-3127,671,190,74,35,331,296,332,0
1049011,206,207,1043,218,1862,-3017,760,244,122,260,231,306,334,0
1052345,207,208,556,87,1487,-2033,725,283,367,222,151,332,341,0
1055670,208,209,593,0,2131,-893,929,313,-56,-6,-15,330,348,0
1059011,209,210,443,143,1607,-403,1080,326,8,10,137,338,338,0
1062346,210,211,387,387,1416,-688,865,316,107,-193,-17,341,325,0
1065672,211,212,68,106,1108,-815,886,308,-454,121,-34,342,324,0
1069040,212,213,181,387,-358,-303,143,271,-40,-245,-33,334,307,0
1072347,213,214,0,0,-1707,-257,124,242,-131,82,-95,333,320,0
1075675,214,215,68,0,-1725,-7,598,231,63,45,-113,324,312,0
1079033,215,216,12,218,-1600,438,831,227,-309,3,-35,327,300,0
1082367,216,217,237,12,-2144,777,688,212,-106,-27,36,315,311,0
1085680,217,218,200,0,-2550,764,582,204,135,26,121,301,309,0
1089037,218,219,312,0,-2088,804,511,195,-173,98,-34,295,298,0
1092371,219,220,293,143,-2907,1331,659,193,-190,70,-31,296,288,0
1095682,220,221,406,181,-3874,2141,258,182,16,51,35,290,286,0
1099037,221,222,350,293,-4460,2794,142,172,169,43,145,293,280,0
1102371,222,222,125,143,-3343,3115,47,161,-55,135,106,289,288,0
1105685,223,223,687,387,-2903,3641,-167,145,101,-53,256,275,275,0
1109037,223,224,818,687,-1772,3186,-37,141,-87,-2,308,268,259,0
1112371,224,225,1062,1156,-1101,2303,88,152,-177,-28,317,273,252,0
1115688,225,226,968,1025,-1226,1085,627,187,-131,-66,384,278,275,0
1119037,226,226,781,968,-880,-245,906,237,-151,100,343,288,278,0
1122372,227,227,425,612,-1106,-1126,1019,293,75,74,418,291,281,0
1125692,228,228,631,650,-353,-1910,1050,351,-56,192,279,296,279,0
1129037,228,229,687,537,98,-1921,1069,411,104,193,309,293,285,0
1132372,229,230,406,275,777,-1650,1061,480,-53,130,92,308,299,0
1135695,230,231,312,143,1444,-1277,877,537,6,155,235,313,306,0
1139038,231,232,350,68,1737,-499,876,581,-10,109,58,311,310,0
1142372,232,233,200,125,2075,-85,527,601,-141,101,105,319,307,0
1145698,233,234,0,0,1174,408,249,599,73,-59,94,319,315,0
1149037,234,235,12,0,1343,346,-98,579,40,-139,94,313,304,0
1152372,235,235,12,87,1558,771,-386,546,105,-63,143,313,309,0
1155701,236,236,12,256,1715,1533,-580,504,-332,-95,291,308,295,0
1159059,237,237,68,425,-31,2288,-665,461,-23,-108,319,305,286,0
1162395,238,238,293,668,-545,2664,-987,401,-451,-183,80,293,273,0
1165704,239,239,312,950,-3113,3663,-1544,319,-316,-136,338,292,258,0
1169062,240,240,668,1025,-4685,3951,-1969,230,211,-293,535,273,254,0
1172396,240,240,1062,931,-3701,3589,-1973,141,216,-474,739,252,259,0
1175708,241,241,1193,856,-1477,2433,-1838,79,207,-368,764,245,263,0
1179063,242,242,1550,950,-231,1283,-1697,22,181,-350,770,226,258,0
1182396,242,243,1850,781,767,431,-1457,-41,142,-301,784,226,267,0
1185711,243,243,1550,1100,1965,-603,-993,-98,97,-291,598,242,266,0
1189063,244,244,1381,950,2368,-1549,-732,-142,-58,-131,468,251,274,0
1192427,244,245,1718,1043,2260,-2141,-587,-179,30,-50,341,254,274,0
1195715,245,246,968,481,2555,-2783,-191,-201,71,54,219,278,288,0
1199063,246,247,687,293,2703,-3221,-138,-226,56,-24,105,293,298,0
1202397,247,248,650,181,2626,-3569,81,-231,196,0,190,295,304,0
1205717,248,249,462,31,3152,-3815,95,-233,-75,58,17,305,312,0
1209064,249,250,443,31,2675,-3482,249,-227,55,-74,28,306,312,0
1212397,250,251,406,68,2305,-3699,335,-211,-169,128,-29,308,310,0
1215720,251,252,518,293,986,-3481,122,-206,135,-6,41,302,314,0
1219063,252,253,293,143,1332,-3807,207,-202,43,56,-48,314,306,0
1222397,253,253,143,87,1424,-3671,231,-215,127,-57,-7,306,309,0
1225725,254,254,350,425,1957,-3672,326,-233,-147,161,-52,311,291,0
1229064,254,255,462,406,1210,-3168,25,-264,93,-47,-42,305,292,0
1232397,255,256,256,350,922,-3061,3,-296,-109,8,-27,316,295,0
1235727,256,257,0,31,101,-2800,45,-328,-78,-47,70,312,294,0
1239085,257,258,0,87,-649,-2269,59,-360,-281,114,9,315,291,0
1242398,258,259,50,0,-1557,-1802,-212,-394,-158,155,81,293,288,0
1245730,259,260,50,0,-3231,-512,-586,-439,-170,156,34,293,286,0
1249085,260,261,143,0,-3860,361,-840,-482,-218,231,36,288,282,0
1252422,261,261,312,312,-5232,1910,-1037,-522,-156,65,83,279,279,0
1255733,262,262,31,125,-6766,3070,-1271,-559,-298,141,-17,278,273,0
1259090,262,263,425,181,-8164,4013,-1453,-592,-23,130,47,273,270,0
1262425,263,264,518,350,-8573,4879,-1431,-619,41,81,47,268,261,0
1265736,264,265,218,537,-8092,5399,-1152,-634,185,64,192,284,267,0
1269091,265,265,350,706,-7000,5613,-1194,-641,318,84,275,277,258,0
1272425,266,266,537,256,-4675,5408,-1073,-626,175,115,220,251,266,0
1275739,266,267,987,368,-2876,5408,-921,-593,414,112,281,243,260,0
1279089,267,268,987,425,-1005,5249,-778,-556,328,-81,265,261,275,0
1282431,268,269,875,162,1233,4469,-877,-526,115,36,307,267,289,0
1285743,269,269,1043,631,2677,3640,-751,-496,33,-99,338,258,280,0
1289090,269,270,1418,781,3323,2497,-563,-468,-93,102,456,254,272,0
1292431,270,271,1118,893,3236,1128,-407,-450,7,-39,481,270,266,0
1295747,271,272,631,556,2796,-1043,-123,-431,110,-30,358,280,268,0
1299090,272,272,706,931,2609,-2696,272,-404,-48,92,208,292,280,0
1302432,273,273,350,462,2342,-3563,579,-380,141,-19,266,295,289,0
1305749,274,274,162,368,1930,-4043,462,-361,-225,203,123,305,294,0
1309090,275,275,50,218,557,-3747,212,-357,-141,64,238,311,302,0
1312432,276,276,0,368,-579,-3116,156,-355,1,145,112,320,294,0
1315752,277,277,350,387,-659,-2291,2,-363,324,-6,205,311,293,0
1319091,277,278,200,87,698,-1674,-98,-377,-93,-55,110,314,304,0
1322433,278,279,350,106,800,-1149,-156,-385,-275,-66,310,306,303,0
1325756,279,280,125,0,-293,94,-356,-403,177,-5,291,302,297,0
1329112,280,281,556,368,746,1549,-533,-427,-206,113,226,279,273,0
1332433,281,281,143,650,113,3620,-805,-462,-181,2,241,301,274,0
1335760,282,282,425,893,-2024,5199,-1205,-501,-4,-98,310,286,261,0
1339115,283,283,668,931,-2706,6160,-1091,-535,98,-211,506,273,259,0
1342433,283,284,1568,1100,-2144,6329,-721,-559,153,-421,581,241,250,0
1345762,284,284,1456,1006,-715,4574,-475,-575,102,-560,718,231,255,0
1349116,285,285,1887,856,336,2323,100,-566,251,-507,820,208,263,0
1352433,285,286,2056,1137,1779,-166,397,-535,69,-306,729,215,248,0
1355765,286,287,1868,1025,2507,-2666,522,-492,-89,-186,518,225,254,0
1359116,287,287,1456,950,2057,-4012,716,-438,-24,-138,368,252,279,0
1362457,287,288,1456,931,1936,-5441,1052,-365,65,5,270,268,280,0
1365768,288,289,1268,743,1966,-5959,1209,-282,86,120,109,278,290,0
1369116,289,290,1100,668,2420,-5900,1194,-200,24,305,56,287,294,0
1372459,290,291,575,293,2483,-5393,810,-138,170,170,38,299,298,0
1375771,291,292,425,237,2852,-5160,767,-77,42,110,102,307,301,0
1379117,292,293,612,87,2867,-5197,549,-26,-120,-10,83,297,309,0
1382459,293,294,537,87,2195,-5350,433,15,28,3,100,301,309,0
1385775,294,295,406,0,2176,-5622,308,49,-227,268,30,308,318,0
1389117,295,296,537,331,1156,-5057,-136,72,88,51,50,301,296,0
1392460,296,296,406,668,1235,-4541,-729,73,38,270,73,308,294,0
1395778,296,297,687,218,1320,-3575,-1056,57,235,124,91,293,302,0
1399145,297,298,556,387,2415,-2730,-1186,33,-167,179,43,298,291,0
1402459,298,299,87,162,2065,-1720,-1400,-6,-141,44,22,307,287,0
1405782,299,300,106,368,7,-1091,-1745,-69,-154,-13,94,306,276,0
1409138,300,301,406,368,-1041,-841,-1975,-149,-193,112,24,290,276,0
1412460,301,302,387,293,-2535,85,-2120,-230,-65,50,51,291,280,0
1415784,302,303,0,218,-3815,813,-2218,-305,-323,222,-83,297,284,0
1419142,303,303,0,275,-5635,2113,-2321,-383,-15,29,98,301,281,0
1422460,304,304,31,275,-6530,3093,-2314,-455,-270,78,-54,294,281,0
1425787,304,305,687,350,-8263,3687,-2297,-524,-23,8,35,275,277,0
1429142,305,306,556,406,-9091,4294,-2087,-584,-9,155,-53,282,274,0
1432461,306,307,181,162,-9600,4927,-1739,-628,20,3,-54,286,271,0
1435791,307,307,425,500,-9847,5430,-1182,-648,96,-93,3,273,269,0
1439142,308,308,406,387,-9323,5286,-870,-650,71,40,0,274,275,0
1442461,308,309,1062,968,-8432,5280,-516,-628,266,104,179,273,262,0
1445794,309,310,781,612,-6480,5237,-306,-604,312,36,202,288,281,0
1449142,310,311,987,556,-4298,4877,-189,-587,374,145,358,277,284,0
1452485,311,312,912,12,-1152,4834,4,-572,405,46,337,265,297,0
1455797,312,312,1006,500,1493,4642,-11,-576,281,242,273,260,287,0
1459143,312,313,1512,218,2969,5005,-275,-597,588,-63,382,249,302,0
1462488,313,314,1381,87,6840,4510,-814,-638,352,-102,267,256,309,0
1465800,314,315,1193,218,9268,4246,-1092,-695,275,129,80,266,302,0
1469143,315,316,612,125,10638,3926,-1205,-765,144,-92,80,297,307,0
1472490,316,317,518,200,11239,3094,-1318,-844,-268,-62,-24,302,303,0
1475803,317,318,87,0,9854,2362,-880,-909,-480,-297,125,309,301,0
1479144,318,319,0,0,6756,856,-976,-965,-520,-242,265,319,302,0
1482489,319,320,200,87,1637,-1680,-648,-1009,-345,-215,414,303,293,0
1485807,320,321,462,50,-585,-3379,-848,-1053,1,-101,264,300,290,0
1489165,320,321,575,481,-1257,-3743,-1036,-1099,-380,-140,149,294,283,0
1492489,321,322,462,800,-3936,-2367,-1840,-1166,-580,222,44,300,266,0
1495810,322,323,312,743,-6646,-420,-2907,-1253,-45,-74,124,308,269,0
1499166,323,324,200,725,-6967,411,-3197,-1330,-153,-353,363,314,270,0
1502489,324,325,50,593,-6318,-937,-3051,-1392,540,-250,697,306,261,0
1505814,325,326,556,650,-3508,-830,-2600,-1436,623,-112,913,279,274,0
1509167,326,326,1062,706,971,286,-1913,-1452,44,-145,629,252,271,0
1512490,326,327,1587,725,3031,1584,-539,-1415,-61,-257,588,240,270,0
1515817,327,328,1418,706,2566,1320,246,-1345,107,-379,728,249,271,0
1519166,328,329,1400,1156,3260,341,746,-1256,128,-99,675,250,247,0
1522521,328,329,1906,1268,4239,-834,1228,-1148,-55,-132,368,244,262,0
1525820,329,330,1287,837,3814,-1699,1357,-1033,-164,-10,306,261,269,0
1529167,330,331,1081,687,2625,-2610,1377,-918,-104,50,240,272,277,0
1532490,331,332,950,631,1702,-3667,1371,-803,11,78,227,279,280,0
1535823,332,333,818,462,1723,-4208,1501,-691,-229,197,51,286,289,0
1539168,333,334,762,368,722,-4158,1632,-585,6,100,74,289,294,0
1542491,333,334,1100,518,200,-3863,1749,-494,-130,166,19,287,302,0
1545826,334,335,1081,500,-612,-3420,1620,-416,82,-53,23,288,303,0
1549168,335,336,1025,387,-612,-3495,1442,-355,-108,153,74,291,309,0
1552495,336,337,687,12,-838,-3260,1083,-311,236,30,-3,293,313,0
1555829,337,338,650,106,8,-3306,863,-279,62,47,108,295,308,0
1559168,338,339,631,350,378,-3457,808,-253,6,108,8,296,295,0
1562498,339,340,537,612,6,-3137,77,-251,15,53,85,301,281,0
1565832,340,341,443,256,-12,-2998,-418,-255,-101,326,9,288,282,0
1569168,340,342,856,218,-450,-2626,-795,-255,78,160,103,282,284,0
1572501,341,343,500,0,-338,-2154,-992,-251,-133,253,97,285,285,0
1575835,342,343,443,237,-1207,-1302,-1333,-255,-92,167,80,288,283,0
1579193,343,344,387,237,-1953,-482,-1702,-267,-153,177,161,291,283,0
1582505,344,345,312,200,-3431,394,-2139,-307,-100,172,-26,295,285,0
1585839,345,346,0,0,-4416,1280,-2306,-348,-54,155,87,297,281,0
1589196,346,347,0,125,-5121,1974,-2439,-404,-166,253,38,308,273,0
1592507,347,348,218,87,-6561,3412,-2510,-456,6,-21,131,284,275,0
1595842,347,348,406,575,-6599,4000,-2516,-503,-144,161,64,290,265,0
1599201,348,349,443,481,-7175,4629,-2552,-525,192,-110,150,288,270,0
1602511,349,350,556,350,-6139,5057,-2037,-498,285,62,251,266,261,0
1605846,350,351,668,368,-4502,5130,-1650,-449,136,159,208,260,260,0
1609201,351,352,1193,462,-3633,5578,-1306,-395,253,-52,279,250,273,0
1612514,351,352,1156,612,-1296,5560,-668,-334,226,52,306,268,281,0
1615849,352,353,1062,518,521,5479,-569,-292,279,103,246,273,286,0
1619202,353,354,1081,350,2195,5242,-627,-295,263,163,222,272,295,0
1622518,354,355,1118,406,4449,4906,-1053,-336,253,66,182,270,292,0
1625852,355,356,931,387,5701,4464,-937,-388,56,-35,269,264,277,0
1629202,355,357,1475,987,6228,3337,-756,-450,-289,-44,248,267,261,0
1632521,356,357,593,687,4331,1392,-14,-493,-115,-117,258,298,277,0
1635855,357,358,443,500,3155,-571,359,-525,-122,25,209,306,287,0
1639202,358,359,462,256,2205,-2116,527,-551,12,36,155,305,300,0
1642523,359,360,406,481,1629,-3068,506,-582,-141,29,246,308,288,0
1645858,360,361,350,387,1121,-3337,497,-618,-309,174,227,311,293,0
1649203,361,362,162,237,-416,-3010,491,-657,42,72,214,316,296,0
1652527,362,363,200,350,-499,-2221,-484,-723,-40,61,70,314,290,0
1655861,363,364,0,12,-951,-1018,-907,-796,-349,-71,100,309,292,0
1659203,364,365,0,125,-2296,-452,-1503,-877,-164,-126,61,317,286,0
1662531,365,365,181,500,-4518,-503,-1886,-963,401,-119,376,299,282,0
1665865,366,366,0,593,-2357,-188,-2107,-1054,64,21,453,309,277,0
1669203,367,367,181,612,-1076,1526,-2020,-1120,32,11,488,299,276,0
1672533,367,368,743,668,-814,3573,-2158,-1174,-203,-276,288,285,273,0
1675867,368,369,781,443,-1522,4045,-1865,-1208,315,-402,829,267,269,0
1679203,369,369,1400,800,-252,3636,-1274,-1216,361,-352,880,234,266,0
1682536,370,370,1493,912,2926,2342,-558,-1192,-26,-353,639,229,260,0
1685871,370,371,1756,1081,3404,1390,-241,-1146,-63,-278,613,231,251,0
1689230,371,372,1587,968,2965,247,77,-1077,-10,-306,612,245,262,0
1692540,372,372,1306,1081,2535,-1899,174,-1000,-124,-101,463,260,272,0
1695875,373,373,1643,912,1579,-3204,253,-916,24,49,317,258,281,0
1699230,373,374,1250,725,1093,-4078,332,-827,41,120,222,279,291,0
1702543,374,375,837,406,1130,-4264,348,-737,-10,144,85,285,292,0
1705877,375,376,650,275,1148,-4005,457,-643,107,191,52,295,299,0
1709230,376,377,425,350,1683,-3704,303,-570,-66,123,49,307,295,0
1712546,377,378,518,87,1076,-3125,369,-507,-5,86,50,302,309,0
1715880,378,379,443,0,1003,-3292,166,-461,-181,89,35,306,318,0
1719230,379,380,425,0,503,-3147,113,-437,82,-66,54,307,315,0
1722549,380,381,556,87,874,-3590,15,-418,-113,0,-20,300,309,0
1725884,381,382,350,87,471,-3459,-184,-405,172,-31,54,311,309,0
1729258,382,383,50,125,1210,-3469,-326,-382,-37,194,20,309,289,0
1732552,382,383,50,125,1035,-2693,-785,-377,70,-14,6,309,289,0
1735887,383,384,331,237,1120,-2581,-752,-377,-171,130,-51,294,283,0
1739230,384,385,350,237,682,-2151,-790,-401,-56,73,15,293,283,0
1742555,385,386,256,275,-109,-1286,-785,-437,-243,119,-3,298,281,0
1745890,386,387,0,0,-1149,-840,-948,-483,-251,138,20,296,286,0
1749231,387,388,12,0,-2770,54,-1114,-534,-87,-10,56,295,283,0
1752559,388,389,31,200,-3601,855,-1115,-584,-280,209,7,294,285,0
1755893,389,389,593,312,-5155,2012,-1151,-635,-16,106,48,280,279,0
1759231,389,390,556,406,-5853,2927,-1205,-658,-182,89,7,282,274,0
1762562,390,391,237,181,-7044,3939,-1383,-673,-181,75,23,283,270,0
1765896,391,392,331,331,-7887,4738,-1244,-665,40,40,77,278,262,0
1769255,392,392,631,593,-7705,4976,-1024,-638,120,87,119,262,264,0
1772565,393,393,1043,1081,-6517,5460,-688,-593,383,25,332,258,256,0
1775900,393,394,1193,706,-4114,5573,-444,-544,148,64,265,266,276,0
1779259,394,395,950,575,-2579,5328,-439,-490,380,-18,355,279,283,0
1782568,395,396,612,331,413,5164,-492,-447,314,-37,292,281,280,0
1785903,396,397,1025,668,2902,4669,-710,-430,42,108,226,259,278,0
1789260,396,397,1343,800,3831,4593,-814,-438,84,35,360,258,271,0
1792571,397,398,1512,856,4602,3159,-761,-454,-100,38,411,249,268,0
1795906,398,399,1231,1137,4334,1642,-577,-475,-139,50,408,264,253,0
1799264,399,400,800,875,3686,63,31,-479,-15,-134,460,287,267,0
1802575,400,400,706,1006,2722,-2583,686,-465,-57,92,311,292,276,0
1805909,401,401,181,612,1912,-3716,573,-458,92,34,276,304,281,0
1809267,402,402,331,350,1512,-4356,422,-456,-277,174,154,296,295,0
1812578,402,403,443,443,-29,-3811,417,-457,-228,118,236,306,290,0
1815913,403,404,200,181,-1034,-3100,323,-456,58,146,120,314,299,0
1819268,404,405,106,125,-709,-2368,-341,-478,-101,-52,6,319,302,0
1822581,405,406,162,68,-839,-1448,-566,-501,-260,-23,63,316,305,0
1825916,406,407,125,162,-1991,-1132,-969,-535,-135,-84,220,318,300,0
1829268,407,408,368,425,-3286,-671,-1162,-572,338,28,209,305,286,0
1832585,408,409,125,218,-1429,391,-1439,-611,34,21,308,302,281,0
1835919,409,409,143,406,-614,2186,-1430,-646,-113,15,260,301,287,0
1839269,410,410,125,481,-1044,3666,-1391,-665,-71,57,223,302,283,0
1842587,411,411,368,593,-2749,5528,-1246,-680,18,-101,319,289,277,0
1845923,412,412,856,725,-2923,6295,-1021,-687,277,-291,464,263,270,0
1849268,412,413,1793,856,-2141,6231,-318,-673,418,-408,721,229,263,0
1852591,413,413,3106,1775,1061,4198,389,-631,364,-573,810,212,283,0
1855925,414,414,350,1193,3288,1660,924,-567,36,-363,741,343,298,0
1859269,414,415,1887,1081,4285,-618,1016,-501,82,-179,645,277,304,0
1862594,415,416,1812,987,4384,-3190,1014,-433,-266,-129,409,281,309,0
1865928,416,417,1362,931,3201,-4611,947,-366,-140,31,260,305,312,0
1869269,417,418,1156,762,2023,-5480,760,-299,-14,195,269,316,321,0
1872597,418,419,1025,650,2173,-5856,650,-240,7,330,-30,323,327,0
1875931,419,420,875,593,2226,-5337,325,-197,21,173,103,331,330,0
1879270,420,421,1156,331,2473,-4987,312,-166,45,-25,13,316,344,0
1879270,420,421,1156,331,2473,-4987,312,-166,45,-25,13,316,344,0
1882601,421,422,350,50,1938,-4684,-61,-154,-41,14,261,343,343,0
1885935,422,423,106,293,2049,-4844,-83,-143,70,-191,81,356,330,0
1889290,423,425,50,237,1630,-5016,9,-127,-382,213,79,359,317,0
1892604,424,425,368,762,-298,-4457,-694,-127,87,32,64,342,305,0
1895938,426,426,218,518,-804,-3899,-1164,-138,71,199,45,332,300,0
1899295,427,427,0,275,-331,-2221,-1623,-165,31,77,70,332,313,0
1902608,428,428,0,181,-260,-997,-1618,-197,-443,187,27,327,302,0
1905941,428,429,368,143,-2187,160,-1924,-258,-103,3,82,308,304,0
1909295,429,430,200,50,-3586,1054,-2377,-354,-268,186,15,317,309,0
1912610,430,431,331,275,-5268,1724,-2545,-452,-18,68,35,310,297,0
1915944,431,432,0,162,-5950,2678,-2464,-542,-204,86,-76,314,287,0
1919295,432,433,537,87,-6291,3757,-2245,-625,-146,64,-18,283,291,0
1922613,433,434,218,218,-7512,4498,-2312,-707,-82,40,-14,300,284,0
1925948,434,435,481,0,-7937,4798,-2241,-767,-80,119,-45,286,299,0
1929295,435,435,500,575,-8359,5305,-1692,-802,302,-34,145,285,281,0
1932617,436,436,275,331,-6098,5065,-1500,-818,277,41,187,281,278,0
1935951,436,437,800,312,-4470,5197,-1427,-827,244,88,290,269,279,0
1939295,437,438,818,312,-2862,5017,-1297,-822,336,135,252,286,297,0
1942619,438,439,837,181,-278,4874,-1479,-824,267,29,238,285,304,0
1945954,439,440,893,218,1708,4738,-1465,-826,225,62,201,282,302,0
1949296,440,441,950,368,3823,4218,-1783,-843,127,137,147,279,294,0
1952623,441,442,950,237,5120,4024,-2155,-878,73,-52,214,279,301,0
1955958,442,443,875,0,6117,3332,-2256,-939,-52,-23,229,283,299,0
1959296,442,444,875,312,5813,2221,-1995,-1013,28,-155,216,299,297,0
1962626,443,445,518,0,5330,655,-1906,-1102,-105,-124,214,302,304,0
1965960,444,445,425,406,4534,-658,-1853,-1191,-191,-156,122,307,292,0
1969317,445,446,462,218,2996,-2265,-1700,-1276,-325,-94,310,305,302,0
1972629,446,447,518,125,1241,-3221,-1620,-1356,-143,-12,222,302,307,0
1975963,447,448,350,387,-514,-3653,-1668,-1432,-190,13,107,311,293,0
1979321,448,449,50,350,-1633,-3210,-2288,-1524,-321,69,-7,322,290,0
1982633,449,450,143,462,-3557,-2221,-2840,-1623,-358,-96,234,317,284,0
1985967,450,451,0,256,-5519,-1692,-3408,-1739,-264,-118,86,324,279,0
1989321,451,452,50,237,-7011,-1214,-3697,-1853,352,-259,491,306,280,0
1992635,452,452,275,500,-5223,-1170,-3638,-1964,576,96,736,294,282,0
1995970,453,453,987,425,-2034,856,-3390,-2070,356,62,806,272,286,0
1999320,453,454,1175,350,338,3463,-2430,-2125,3,-246,629,262,290,0
2002639,454,455,1643,537,216,4009,-1705,-2141,474,-417,869,237,280,0
2005973,455,456,1775,837,1666,3383,-717,-2113,308,-333,835,230,264,0
2009321,455,457,1887,912,3629,2272,121,-2059,-63,-306,588,224,244,0
2012642,456,457,1887,893,2953,1404,541,-1982,144,-167,469,224,261,0
2015976,457,458,1493,837,2428,62,868,-1880,204,-260,530,245,264,0
2019321,457,459,1737,1006,3181,-2033,933,-1772,-128,-21,283,253,260,0
2022645,458,460,1137,462,2599,-3314,658,-1674,-59,-49,147,285,289,0
2025979,459,460,1456,762,2104,-4158,630,-1584,-99,225,140,268,289,0
2029322,460,461,1193,481,1396,-4224,673,-1491,-6,106,-47,282,304,0
2032649,461,462,668,0,1185,-3900,492,-1406,24,275,46,294,314,0
2035984,462,463,650,143,1186,-3447,242,-1345,8,112,-131,295,306,0
2039322,463,464,481,87,943,-3538,5,-1298,65,-47,99,304,309,0
2042652,464,465,293,106,1007,-3948,-71,-1256,49,168,-10,314,308,0
2046010,465,466,425,87,1258,-4156,-241,-1223,2,-172,-24,307,309,0
2049343,465,467,725,368,1452,-5063,-206,-1183,-143,154,-107,307,294,0
2052656,466,468,931,500,530,-4904,-789,-1162,102,14,-57,296,287,0
2056013,467,469,837,481,691,-4553,-1432,-1151,3,227,115,301,288,0
2059375,468,470,443,87,520,-4127,-1733,-1138,80,82,84,304,291,0
2062658,469,471,237,50,500,-3517,-1903,-1127,-185,237,124,299,293,0
2066016,470,471,293,31,-162,-2506,-2103,-1130,-116,131,14,296,294,0
2069347,471,472,181,125,-1985,-1146,-2443,-1147,-224,133,204,302,289,0
2072662,472,473,218,425,-3476,-433,-2754,-1175,-170,316,8,300,273,0
2076020,473,474,0,125,-5162,759,-2849,-1211,-41,140,118,301,273,0
2079347,474,475,0,218,-5912,2344,-2809,-1248,-197,213,73,296,268,0
2082664,474,475,406,481,-7101,3700,-2823,-1284,-57,80,41,290,270,0
2086022,475,476,537,650,-7736,4379,-2816,-1301,-213,169,2,283,261,0
2089347,476,477,537,518,-8902,5233,-2509,-1290,49,59,-23,283,268,0
2092667,477,478,462,425,-9280,5759,-2047,-1248,204,-78,71,271,257,0
2096026,478,479,556,331,-8288,5717,-1632,-1183,238,60,181,266,262,0
2099348,478,479,1025,612,-6273,6056,-1207,-1107,476,-14,336,257,263,0
2102671,479,480,1212,725,-3558,5539,-948,-1031,326,73,322,265,275,0
2106029,480,481,1231,462,-1133,5214,-955,-985,477,107,285,264,289,0
2109349,481,482,1287,575,2623,4760,-673,-953,354,69,302,261,283,0
2112674,482,483,1100,293,4796,4275,-842,-956,228,199,187,255,282,0
2116030,482,483,1418,556,5633,4032,-1057,-993,241,89,307,254,284,0
2119348,483,484,1325,387,7338,3315,-1528,-1058,62,82,334,259,293,0
2122677,484,485,1100,293,7753,2423,-1574,-1134,-102,-48,244,271,298,0
2126035,485,486,575,237,7568,1160,-1297,-1204,-160,-197,237,299,301,0
2129369,486,487,500,462,6201,-1341,-772,-1249,-267,-177,57,303,289,0
2132680,487,488,406,443,3974,-2826,-425,-1282,-440,-115,216,308,290,0
2136039,488,489,275,462,1096,-3673,-511,-1319,-268,-81,350,315,289,0
2139372,489,490,181,143,-1623,-3842,-669,-1355,153,114,316,304,290,0
2142683,489,491,443,0,-1457,-3547,-871,-1390,-256,147,35,306,306,0
2146039,490,491,218,200,-1668,-2372,-1372,-1433,-289,-70,75,313,298,0
2149373,491,492,125,256,-3744,-1019,-2157,-1498,-414,-36,-43,318,295,0
2152688,492,493,200,218,-6564,-463,-2316,-1563,325,-257,91,314,297,0
2156039,493,494,68,462,-6123,-376,-2349,-1630,213,139,268,321,284,0
2159373,494,495,462,612,-2648,1597,-2165,-1673,224,109,500,300,276,0
2162691,495,496,293,218,-1018,3782,-2138,-1695,191,-22,346,293,281,0
2166039,496,497,556,275,-6,5081,-1940,-1701,-57,-112,397,279,278,0
2169373,497,497,931,537,201,5191,-1398,-1685,512,-474,854,259,280,0
2172693,497,498,1831,743,2584,3509,-910,-1648,289,-281,711,227,269,0
2176040,498,499,1831,1118,4527,1848,-737,-1595,28,-279,601,227,249,0
2179374,499,500,1381,1156,5047,-304,-607,-1528,-113,-249,579,251,247,0
2182697,500,500,1418,1606,4608,-2077,-410,-1452,-346,-155,471,254,244,0
2186039,500,501,1643,1043,3026,-3410,-340,-1374,-240,-23,318,258,274,0
2189374,501,502,781,818,1295,-4323,-229,-1293,-66,91,229,288,270,0
2192699,502,503,518,650,735,-4340,-61,-1207,-13,206,107,302,279,0
2196040,503,504,631,293,329,-3624,224,-1122,204,61,118,296,298,0
2199375,504,505,687,256,767,-2928,403,-1045,-92,120,3,293,300,0
2202703,505,505,818,518,446,-2327,388,-982,20,-45,74,286,302,0
2206040,506,506,893,237,658,-2446,258,-936,-247,240,-6,282,317,0
2209375,506,507,893,331,-506,-1978,48,-905,105,-97,157,298,312,0
2212706,507,508,293,68,-483,-2150,-117,-879,-66,79,154,314,310,0
2216065,508,509,200,312,-618,-2159,-17,-859,161,-66,35,319,297,0
2219396,509,510,406,387,-418,-2333,-71,-834,-22,117,-78,308,293,0
2222710,510,511,331,331,-435,-1914,-107,-805,68,108,-43,312,296,0
2226065,511,512,125,0,-345,-1036,-334,-767,77,-43,-30,305,298,0
2229399,512,513,106,87,-199,-805,-398,-731,-140,-39,57,306,291,0
2232713,513,514,0,0,-1108,-479,-393,-702,-181,-46,45,304,288,0
2236065,514,515,0,0,-1541,-393,-403,-691,-242,111,-2,305,285,0
2239400,515,515,218,125,-3451,605,-690,-699,67,55,44,284,289,0
2242715,516,516,68,68,-3662,1229,-951,-713,-175,166,31,292,292,0
2246065,516,517,481,237,-4223,2365,-975,-722,-25,54,187,286,283,0
2249400,517,518,350,143,-4386,3596,-1003,-727,62,143,182,277,272,0
2252719,518,519,500,200,-4340,4102,-1374,-727,-15,135,202,269,269,0
2256066,519,519,331,556,-4200,4747,-1547,-708,198,112,229,278,266,0
2259400,520,520,668,556,-2312,5197,-1346,-677,98,109,254,260,266,0
2262722,520,521,856,593,-1086,5610,-1344,-646,207,93,319,250,248,0
2266094,521,522,1493,1062,426,5718,-1345,-620,-12,75,317,250,257,0
2269400,522,522,1212,987,1618,4882,-998,-585,-243,-122,396,249,261,0
2272725,523,523,837,1268,1266,3458,-586,-542,-144,-237,508,269,246,0
2276066,523,524,1400,1306,824,1059,-184,-504,-293,-36,581,255,244,0
2279401,524,525,1193,1212,-19,-1515,221,-469,-186,-38,570,266,249,0
2282728,525,525,1062,1306,-556,-2825,612,-427,137,12,511,273,260,0
2286066,526,526,837,1268,464,-3641,867,-381,-1,55,315,285,262,0
2289401,527,527,706,1025,410,-3675,1014,-336,-86,213,324,292,275,0
2292731,528,528,87,500,313,-3136,829,-300,-301,202,-30,309,287,0
2296087,528,529,462,293,-607,-2712,433,-279,-119,75,148,305,298,0
2299424,529,530,256,68,-1597,-2133,450,-263,-209,58,-47,316,310,0
2302735,530,531,350,87,-1710,-1701,523,-254,-41,-96,123,311,309,0
2306092,531,531,218,312,-1464,-1632,486,-251,199,13,96,318,313,0
2309424,532,532,406,293,184,-1402,659,-243,181,-57,84,303,309,0
2312738,533,533,256,125,1405,-1059,731,-228,123,-90,44,311,318,0
2316091,534,534,443,12,2192,-1439,542,-213,-134,-40,91,301,324,0
2319425,535,535,0,0,1285,-936,263,-201,-222,-25,46,311,312,0
2322741,536,536,68,143,356,-415,-225,-207,71,64,6,305,301,0
2326092,537,537,0,331,-163,662,-707,-227,234,98,146,312,291,0
2329425,538,538,331,537,770,1796,-689,-245,-251,78,139,291,280,0
2332744,539,539,312,668,13,2512,-763,-259,-10,-35,275,292,273,0
2336092,540,540,387,931,-374,2797,-685,-268,-87,40,138,288,259,0
2339425,540,540,500,781,-1081,3585,-556,-273,-205,117,206,282,267,0
2342747,541,541,556,912,-2238,4617,-589,-278,16,141,289,279,260,0
2346092,542,542,931,762,-2403,4983,-310,-267,383,-102,565,259,268,0
2349425,543,543,1287,781,-627,4142,333,-226,430,-225,778,245,272,0
2352751,543,544,1718,650,1755,2571,530,-179,175,-295,660,238,279,0
2356092,544,544,1756,893,3439,535,984,-117,164,-148,744,236,282,0
2359425,545,545,1437,593,4161,-1581,960,-44,-132,-48,499,253,298,0
2362754,546,546,987,368,3318,-2913,890,31,-224,-33,296,261,294,0
2366092,546,547,1006,256,1766,-3571,754,96,116,86,252,276,300,0
2369426,547,548,875,218,1427,-3215,675,159,56,132,141,283,302,0
2372757,548,549,518,0,1526,-2315,415,214,125,263,57,302,315,0
2376114,549,550,462,0,1197,-1353,554,263,-192,117,101,305,315,0
2379450,550,551,443,12,378,-1052,378,293,-176,82,67,306,313,0
2382760,551,552,293,237,-758,-794,279,308,21,-124,120,314,301,0
2386118,552,553,162,443,-578,-1191,202,307,-124,95,-3,321,290,0
2389479,553,554,0,106,-1623,-572,-235,281,-67,-64,45,315,290,0
2392764,554,555,0,106,-1763,-618,-533,237,-95,16,-43,318,290,0
2396118,555,555,0,87,-2454,-125,-465,191,88,25,19,305,291,0
2399454,556,556,0,12,-1859,808,-171,159,-37,106,-23,305,295,0
2402767,557,557,200,218,-2032,1671,-260,138,60,-47,147,301,284,0
2406117,557,558,293,0,-1985,1593,-138,119,-32,-48,145,280,286,0
2409459,558,559,481,12,-1019,1510,-176,97,-121,-41,79,270,279,0
2412770,559,560,218,106,-1124,2012,-121,78,-35,103,41,284,274,0
2416118,560,560,631,500,-732,3013,-124,54,102,78,154,262,269,0
2419460,561,561,612,275,269,4078,-355,20,15,-110,229,263,281,0
2422773,561,562,725,218,1376,4387,-350,-7,-77,-72,284,257,268,0
2426119,562,563,631,612,1713,4300,-66,-17,-187,-252,410,262,247,0
2429460,563,563,650,1081,1448,3268,480,4,-338,-328,514,261,238,0
2432776,564,564,1025,1568,411,1421,924,55,-566,-318,543,259,230,0
2436118,564,565,968,1212,-1732,-1057,1550,125,-178,-118,636,278,249,0
2439460,565,566,912,1100,-3292,-2356,1644,200,44,124,386,281,255,0
2442779,566,566,481,706,-2514,-2718,1442,267,67,229,478,288,276,0
2446119,567,567,481,575,-2021,-1893,1380,327,14,47,385,288,283,0
2449460,568,568,218,668,-859,-1450,1075,379,-178,251,206,302,278,0
2452783,569,569,500,631,-816,-983,792,413,-203,82,202,287,280,0
2456140,570,570,162,387,-1375,-747,463,418,-71,-12,37,305,293,0
2459461,570,571,312,331,-1362,-732,525,417,-36,-9,171,313,296,0
2462786,571,572,406,556,-740,-478,460,401,93,20,20,308,300,0
2466144,572,572,331,275,114,-736,353,382,77,-96,132,312,315,0
2469461,573,573,181,106,725,-982,346,365,181,17,-40,304,308,0
2472789,574,574,125,0,1513,-1273,362,353,97,-52,45,307,318,0
2476144,575,575,87,0,2249,-1262,250,340,76,1,46,304,310,0
2479461,576,576,0,0,2523,-1465,-19,326,-146,-32,26,310,314,0
2482793,577,577,50,87,1882,-1229,-285,300,-50,75,75,306,304,0
2486144,578,578,31,162,777,-568,-623,268,-351,91,-74,307,300,0
2489462,579,579,143,275,-492,215,-912,231,-48,14,94,301,294,0
2492795,580,580,50,106,-628,472,-1111,190,-200,4,-22,290,287,0
2496144,581,581,0,462,-1384,723,-1502,151,-151,-47,124,293,268,0
2499486,581,581,312,668,-2276,971,-1564,118,-39,-84,7,292,273,0
2502799,582,582,425,593,-2551,844,-1717,79,110,-14,439,286,277,0
2506144,583,583,481,556,-2302,1462,-1420,40,14,250,426,283,279,0
2509487,584,584,706,650,-2858,2662,-1286,8,-120,197,219,271,274,0
2512802,585,585,1193,781,-4370,3922,-1756,-41,220,-121,615,250,272,0
2516144,585,586,2037,706,-2329,2982,-1322,-77,655,-190,916,221,276,0
2519488,586,586,1662,781,1026,1495,-1376,-116,398,-177,932,225,272,0
2522806,586,587,2112,575,3673,206,-966,-143,247,-93,753,217,283,0
2526145,587,588,1962,537,4969,-1127,-259,-140,-36,-27,607,225,285,0
2529487,588,589,1231,518,4185,-1603,21,-128,-31,38,470,264,286,0
2532808,589,590,837,481,2988,-2215,-27,-127,100,143,321,285,288,0
2536166,590,591,443,331,2818,-2490,-212,-149,78,301,127,306,296,0
2539488,591,591,968,293,2717,-1699,-229,-185,95,124,34,278,314,0
2542811,591,593,743,31,2560,-855,-73,-235,7,312,101,290,312,0
2546170,592,593,500,0,1868,253,185,-281,-15,-20,68,303,320,0
2549488,593,594,237,125,1519,-122,295,-317,-178,-21,-11,317,307,0
2552815,594,595,200,368,792,-357,294,-351,-37,-131,-134,319,294,0
2556170,595,596,0,0,-186,-395,-13,-385,-212,-45,-64,315,297,0
2559488,596,597,0,312,-1076,-628,-146,-414,-63,-122,0,317,279,0
2562818,597,598,0,87,-1560,-769,164,-423,-56,42,14,322,275,0
2566170,598,599,0,0,-1440,-280,154,-435,-128,207,-39,304,282,0
2569489,599,600,0,0,-1894,797,-208,-456,-32,105,-5,298,295,0
2572822,600,600,0,162,-2056,1109,-354,-478,-118,51,42,299,287,0
2576171,601,601,50,218,-2683,1662,-581,-507,53,-1,94,293,284,0
2579513,601,602,237,0,-2594,1852,-626,-538,-336,121,-85,283,282,0
2582824,602,603,368,0,-3687,2666,-800,-571,-111,65,-5,276,280,0
2586170,603,604,387,87,-4316,3452,-1097,-604,130,43,134,275,275,0
2589517,604,605,500,312,-3250,3746,-1299,-636,-90,46,110,269,263,0
2592828,605,605,181,87,-2989,4396,-1298,-657,-82,-124,241,270,275,0
2596199,605,606,1268,1118,-2496,3854,-1031,-661,-80,-137,365,262,254,0
2599516,606,607,687,837,-2401,2596,-751,-650,-264,-239,465,277,253,0
2602831,607,608,631,1025,-2738,1108,-312,-612,-108,-194,566,280,259,0
2606172,608,608,762,1268,-2732,-1293,420,-550,-49,-195,615,273,246,0
2609517,609,609,837,1062,-2037,-2693,877,-469,282,21,662,269,257,0
2612835,609,610,1175,893,-367,-3522,1069,-391,148,128,500,267,266,0
2616192,610,611,818,725,1151,-3473,1338,-309,-176,104,417,286,275,0
2619518,611,611,443,875,1022,-2864,1231,-216,-120,35,268,306,283,0
2622837,612,612,87,350,694,-2838,1004,-143,-153,268,61,309,295,0
2626195,613,613,0,162,-390,-1605,700,-79,-14,200,230,316,305,0
2629517,614,614,0,181,-137,-748,772,-24,19,67,99,317,304,0
2632840,615,615,0,162,304,57,684,4,13,-75,253,318,305,0
2636196,616,616,0,106,1266,53,549,21,107,-42,62,321,308,0
2639518,617,617,0,50,2063,197,404,34,265,18,79,310,306,0
2642844,618,618,0,87,3089,23,343,52,41,-154,-19,309,304,0
2646195,619,619,87,125,3131,223,170,64,-216,-11,92,304,302,0
2649518,620,620,125,0,2097,508,180,72,-254,78,-59,286,296,0
2652847,620,621,350,106,704,807,-132,62,10,24,95,290,287,0
2656195,621,621,237,687,-464,1729,-492,37,40,95,29,296,272,0
2659518,622,622,237,668,-730,2392,-863,1,-192,-12,102,296,273,0
2662850,623,623,237,743,-1965,3254,-1058,-30,-142,-107,242,296,269,0
2666196,624,624,331,931,-3045,3482,-1132,-61,-137,-146,220,291,259,0
2669519,625,625,575,406,-4318,3413,-873,-94,112,-123,460,262,271,0
2672853,625,625,1137,781,-4934,3181,-951,-128,297,-287,619,248,267,0
2676196,626,626,1718,931,-2617,2067,-483,-137,611,-524,942,217,259,0
2679522,627,627,0,1512,461,528,-124,-130,496,-427,952,394,281,0
2682856,627,628,2787,1306,3076,-1380,-54,-113,132,-247,644,229,292,0
2686196,628,629,2300,1043,3788,-2951,442,-80,-87,-151,573,255,306,0
2689525,629,630,1625,856,3078,-3253,795,-30,49,-18,518,291,316,0
2692859,630,631,1100,218,2684,-3913,1145,39,-6,228,354,303,334,0
2696196,631,632,575,350,2204,-4174,1101,114,152,40,158,331,327,0
2699528,632,633,800,218,2599,-4187,1145,191,102,209,-7,319,334,0
2702863,633,634,556,181,2429,-3026,1043,255,111,90,107,332,336,0
2706221,634,635,706,106,2631,-2510,921,308,-149,73,40,324,340,0
2709532,635,636,350,50,1723,-2517,1035,350,47,-41,180,343,343,0
2712866,636,637,387,143,1592,-2931,1009,368,-38,93,-1,341,338,0
2716224,637,638,443,406,1105,-2455,1057,374,-31,15,60,338,324,0
2719548,638,639,106,293,996,-1989,652,361,-28,-41,-52,338,312,0
2722869,639,640,0,50,517,-1530,541,336,75,-67,12,344,309,0
2726228,640,641,87,50,669,-1286,656,318,-139,30,-18,323,309,0
2729538,641,642,0,87,-143,-613,921,315,-170,-26,-18,329,307,0
2732873,642,643,237,106,-720,-464,825,319,-114,28,-8,315,306,0
2736230,643,644,0,0,-1651,-72,776,319,-151,-3,10,317,303,0
2739541,644,645,106,12,-1972,-14,588,316,-105,180,35,306,295,0
2742875,645,646,162,68,-2945,914,547,316,-37,119,36,303,292,0
2746230,646,647,275,200,-3430,1779,240,311,-242,127,-13,297,285,0
2749544,647,647,162,500,-4478,2761,53,302,-116,1,44,303,285,0
2752879,648,648,293,256,-4932,3186,-84,294,-175,75,-21,280,282,0
2756231,648,649,650,425,-5726,4123,-88,286,-6,75,47,277,273,0
2759547,649,650,500,481,-5764,4553,-140,285,-25,83,0,285,270,0
2762882,650,651,725,668,-5504,4835,-270,292,14,90,106,291,278,0
2766231,651,651,481,706,-4407,5104,-469,305,317,44,247,304,292,0
2769552,652,652,556,631,-2060,4649,-659,317,147,39,229,300,296,0
2772885,653,653,462,68,-403,4592,-788,328,407,-92,272,289,310,0
2776231,654,654,668,331,2511,4161,-786,331,-10,46,220,278,296,0
2779554,654,655,1006,443,3383,3631,-792,336,10,-54,328,276,290,0
2782888,655,656,1006,612,3319,2337,-750,327,-310,-217,360,276,281,0
2786231,656,657,837,481,2031,-137,-371,320,21,-56,425,285,288,0
2789558,657,658,650,350,1892,-1604,-196,315,282,-63,361,295,295,0
2792892,658,659,425,87,3174,-2755,-224,294,-129,70,372,307,309,0
2796232,659,660,556,406,1945,-2820,-607,250,-326,50,345,300,292,0
2799560,660,660,143,368,160,-2691,-912,186,37,100,271,306,294,0
2802895,661,661,12,218,-394,-2118,-1172,115,41,-120,223,313,302,0
2806232,662,662,0,293,-594,-1256,-2106,14,-694,4,40,319,293,0
2809563,663,663,0,406,-3722,-454,-2856,-107,9,-248,176,313,287,0
2812898,664,664,143,575,-4768,-174,-2715,-221,288,-33,383,317,278,0
2816256,664,665,650,650,-1795,646,-2542,-333,113,9,637,290,274,0
2819567,665,666,687,443,-339,2413,-2375,-438,-28,36,333,288,285,0
2822902,666,666,556,500,-407,3757,-2123,-538,9,-333,409,279,282,0
2826257,667,667,818,556,-626,4301,-1419,-603,373,-473,756,265,279,0
2829570,668,668,1475,687,1169,3311,-888,-647,336,-369,718,230,272,0
2832904,668,669,1643,1118,2609,2195,-862,-695,129,-409,561,237,249,0
2836258,669,670,1475,837,3117,418,-528,-740,8,-284,490,246,264,0
2839573,670,670,1268,1193,2694,-885,-488,-781,-163,-249,395,257,261,0
2842907,671,671,1662,1062,1712,-2241,-535,-822,76,11,359,257,273,0
2846258,671,672,1100,837,1489,-3748,-415,-853,40,194,207,287,285,0
2849576,672,673,781,406,1506,-3890,-288,-879,-134,52,49,288,292,0
2852911,673,674,650,368,1157,-3696,78,-884,108,228,83,295,294,0
2856258,674,675,500,256,1141,-2749,-159,-891,-67,124,25,303,300,0
2859580,675,676,800,31,814,-2401,-298,-898,132,-27,23,287,312,0
2862914,676,677,706,406,936,-2859,-286,-904,-14,104,62,292,308,0
2866258,677,678,612,0,374,-2937,-630,-919,130,6,81,297,317,0
2869584,678,679,500,0,771,-3529,-465,-925,-79,110,7,303,319,0
2872917,678,679,518,0,533,-3609,-588,-929,102,16,8,302,314,0
2876259,679,680,275,106,865,-3803,-629,-928,29,174,-15,315,308,0
2879586,680,681,256,425,1049,-3116,-792,-928,67,28,18,316,291,0
2882920,681,682,143,350,1516,-2338,-983,-934,-132,90,-34,322,295,0
2886259,682,683,0,0,806,-2099,-900,-938,113,-71,53,319,298,0
2889589,683,684,143,87,661,-2024,-542,-931,-66,4,60,304,291,0
2892923,684,685,0,0,638,-2019,-601,-938,-306,84,48,302,284,0
2896259,685,686,0,0,-1539,-1047,-808,-958,-117,145,130,302,282,0
2899592,686,687,0,162,-2349,-113,-1133,-986,-186,238,63,299,271,0
2902927,687,687,0,293,-3390,1471,-996,-998,-198,91,95,298,280,0
2906283,688,688,218,312,-4400,3108,-1015,-1001,-391,174,-20,284,279,0
2909596,688,689,500,293,-6221,4214,-1315,-1006,-58,43,81,269,264,0
2912931,689,690,387,331,-6983,5013,-1246,-979,4,119,24,275,262,0
2916288,690,691,425,556,-7039,5571,-936,-919,61,28,85,273,250,0
2919599,691,691,481,575,-6706,5881,-804,-859,413,36,299,270,265,0
2922933,692,692,968,406,-4392,5691,-639,-800,339,105,341,244,258,0
2926316,692,693,1812,1006,-1044,5492,-536,-742,396,95,475,233,260,0
2929602,693,693,987,781,1226,5034,-369,-687,122,-211,475,261,272,0
2932936,694,694,1043,1175,2940,3051,-158,-648,-320,3,488,258,251,0
2936292,694,695,1887,1343,1636,1520,113,-617,-204,-94,588,229,242,0
2939606,695,696,1718,1250,966,-512,471,-575,-14,40,756,238,247,0
2942940,696,696,1400,1456,1034,-3339,843,-532,56,199,644,255,252,0
2946296,697,697,968,1381,1436,-4421,715,-495,315,310,424,278,256,0
2949608,697,698,1193,1118,2630,-4893,714,-456,-20,422,241,282,270,0
2952943,698,699,706,481,2256,-3828,361,-431,-339,281,96,292,288,0
2956296,699,699,387,612,-440,-2944,-5,-423,-144,201,75,309,297,0
2959612,700,700,293,687,-1367,-2485,-31,-426,-281,213,54,314,293,0
2962947,701,701,143,518,-2401,-1328,-203,-427,-117,120,31,322,302,0
2966297,702,702,181,518,-2851,-1491,-188,-424,110,-16,13,320,302,0
2969615,703,703,0,218,-1972,-1402,30,-414,355,-38,115,331,313,0
2972949,704,704,181,181,23,-1669,88,-392,92,-77,43,315,315,0
2976297,705,705,31,0,1107,-1802,103,-374,-36,-52,22,323,327,0
2979618,706,706,0,0,849,-1892,161,-350,-245,105,-142,309,313,0
2982952,707,707,0,50,-223,-661,-306,-340,212,136,108,313,306,0
2986297,708,708,162,312,93,480,-698,-337,1,90,27,300,292,0
2989621,709,709,68,500,190,1645,-1068,-340,152,152,245,305,282,0
2992956,710,710,368,350,1255,3004,-1145,-348,141,49,98,305,290,0
2996297,710,711,818,350,2454,3896,-1017,-363,105,40,255,281,290,0
