Time, Rlegs, Llegs, DCL, DCR, GyroX, GyroY, GyroZ, GyroZAvg, AccelX, AccelY, AccelZ, LBEMF, RBEMF, SteerOut
3124,942,922,0,0,-244,176,-118,-118,-21,0,226,86,87,0
6458,942,922,0,0,-245,174,-118,-118,-19,2,230,86,87,0
9806,942,922,0,0,-243,175,-118,-118,-22,0,230,86,87,0
13127,942,922,0,0,-245,173,-117,-118,-21,-5,225,86,87,0
16461,942,922,0,0,-246,173,-120,-118,-22,0,228,86,87,0
19806,942,922,0,0,-246,176,-116,-118,-21,0,226,86,87,0
23149,942,922,0,0,-246,176,-116,-118,-20,-6,228,86,87,0
26465,942,922,0,0,-249,178,-117,-118,-22,0,226,86,87,0
29807,942,922,0,0,-247,177,-116,-118,-24,-4,229,86,87,0
33152,942,922,0,0,-247,177,-120,-118,-21,-2,228,86,87,0
36468,942,922,0,0,-248,178,-118,-118,-21,-2,225,85,86,0
39807,942,922,0,0,-247,177,-120,-118,-21,-2,228,86,87,0
43153,942,922,0,0,-248,172,-122,-118,-17,-3,225,86,87,0
46471,942,922,0,0,-246,173,-119,-118,-21,-1,230,86,87,0
49807,942,922,0,0,-249,175,-119,-118,-18,0,223,86,87,0
53153,942,922,0,0,-247,175,-117,-118,-20,0,230,86,87,0
56474,942,922,0,0,-246,176,-118,-118,-20,1,230,86,87,0
59829,942,922,0,0,-245,173,-116,-118,-22,1,229,86,87,0
63153,942,922,0,0,-245,173,-116,-118,-22,0,223,86,87,0
66477,942,922,0,0,-246,173,-118,-118,-19,0,225,86,87,0
69830,942,922,0,0,-246,175,-117,-118,-21,-2,231,86,86,0
73154,942,922,0,0,-244,171,-117,-118,-20,-4,231,86,87,0
76480,942,922,0,0,-246,175,-118,-118,-22,4,224,86,87,0
79831,942,922,0,0,-246,175,-118,-118,-16,-3,223,86,87,0
83154,942,922,0,0,-245,177,-117,-118,-23,1,223,86,87,0
86484,942,922,0,0,-247,178,-118,-118,-20,-1,229,86,87,0
89831,942,922,0,0,-246,178,-120,-117,-20,-1,223,86,87,0
93154,942,922,0,0,-246,179,-118,-117,-18,-2,230,86,87,0
96487,942,922,0,0,-246,175,-121,-118,-20,-2,225,86,86,0
99831,942,922,0,0,-246,176,-117,-117,-19,-3,225,86,87,0
103156,0,0,0,0,-247,178,-119,-118,-18,0,226,86,87,0
106490,0,0,0,0,-248,175,-117,-118,-20,0,227,86,86,0
109831,0,0,0,0,-246,174,-118,-118,-20,-1,222,86,87,0
113160,0,0,0,0,-247,173,-117,-117,-23,-3,227,86,87,0
116493,0,0,0,0,-246,174,-117,-117,-23,0,228,86,87,0
119831,0,0,0,0,-247,172,-118,-117,-21,-1,228,85,86,0
123162,0,0,0,0,-246,171,-116,-117,-22,0,228,86,87,0
126496,0,0,0,0,-245,173,-119,-117,-20,-2,228,86,87,0
129832,0,0,0,0,-246,173,-119,-118,-20,-1,231,86,87,0
133165,0,0,0,0,-246,174,-119,-118,-20,1,227,86,86,0
136500,0,0,0,0,-247,173,-118,-118,-24,0,225,86,87,0
139834,0,0,0,0,-247,176,-119,-118,-23,1,229,86,87,0
143168,0,0,0,0,-245,175,-119,-118,-22,1,227,86,87,0
146504,0,0,0,0,-245,174,-118,-118,-19,-1,226,86,87,0
149857,0,0,0,0,-246,176,-118,-117,-19,1,230,86,87,0
153172,0,0,0,0,-248,179,-121,-118,-22,0,230,86,87,0
156506,0,0,0,0,-243,179,-119,-118,-20,0,229,86,87,0
159860,0,0,0,0,-245,180,-118,-118,-18,0,226,86,87,0
163175,0,0,0,0,-247,178,-118,-118,-23,0,230,86,87,0
166509,0,0,0,0,-243,176,-119,-118,-23,0,230,86,87,0
169865,0,0,0,0,-245,176,-116,-118,-19,-7,225,86,87,0
173178,0,0,0,0,-244,175,-119,-118,-19,-2,227,86,86,0
176512,0,0,0,0,-245,177,-117,-118,-20,-2,229,86,87,0
179866,0,0,0,0,-247,177,-116,-118,-24,1,228,86,87,0
183181,0,0,0,0,-245,175,-117,-118,-22,-2,227,86,87,0
186516,0,0,0,0,-245,176,-118,-118,-18,-2,224,86,87,0
189866,0,0,0,0,-245,173,-118,-118,-20,-4,226,86,87,0
193184,0,0,0,0,-248,174,-120,-118,-21,0,227,86,87,0
196519,0,0,0,0,-248,172,-119,-118,-21,-1,227,86,86,0
199866,0,0,0,0,-250,171,-121,-118,-20,-2,228,86,87,0
203188,0,0,3687,3687,-246,171,-120,-118,-20,0,231,0,0,0
206522,0,1,181,0,-283,122,-118,-118,-110,-55,239,203,201,0
209869,0,1,612,462,-587,139,-102,-117,-40,-18,252,196,188,0
213191,1,1,425,687,-595,194,-96,-117,24,-36,241,206,192,0
216526,1,2,893,425,-291,80,-13,-113,-32,-29,240,197,206,0
219870,2,3,575,425,-138,12,-10,-110,33,25,224,214,206,0
223195,2,3,1025,556,234,-27,-16,-107,36,32,290,206,215,0
226529,3,4,650,350,787,-103,-6,-103,-5,97,266,226,226,0
229869,3,4,1081,425,1102,-209,-47,-101,-59,89,299,219,238,0
233197,4,5,856,331,1006,-143,-273,-106,-53,84,282,231,243,0
236532,5,6,800,406,939,-176,-501,-118,-72,-84,322,234,255,0
239870,5,6,743,162,924,-381,-718,-137,-170,90,284,236,251,0
243200,6,7,800,350,122,-526,-1239,-172,-75,51,264,233,241,0
246535,7,7,837,537,-188,-579,-1623,-219,-88,38,275,231,247,0
249870,7,8,1025,481,-602,-883,-1809,-271,-140,167,275,237,250,0
253204,8,9,856,593,-1691,-1224,-2174,-336,-108,126,190,246,244,0
256539,9,9,1006,443,-2295,-1348,-2273,-403,-57,108,206,238,252,0
259896,9,10,1006,800,-2644,-1593,-2247,-470,-107,204,171,254,249,0
263208,10,11,462,593,-3403,-1654,-2226,-535,-107,184,79,267,244,0
266541,11,11,631,781,-3860,-1535,-2184,-600,-52,129,135,258,250,0
269896,11,12,706,687,-4207,-1505,-2217,-666,-139,225,107,270,255,0
273210,12,13,537,837,-5143,-1171,-2183,-730,-76,174,119,279,247,0
276544,13,14,593,1100,-5271,-880,-2038,-790,-11,239,109,293,266,0
279897,14,14,481,1006,-5166,-865,-1960,-848,-108,152,119,299,271,0
283213,15,15,162,875,-5439,-397,-1792,-900,85,130,152,316,278,0
286548,16,16,312,893,-4876,-387,-1482,-943,62,92,84,308,277,0
289897,17,17,256,912,-4300,-182,-1048,-972,179,162,243,311,276,0
293217,18,18,181,612,-3387,483,-296,-977,137,252,157,315,292,0
296551,19,18,556,1081,-2685,1164,304,-964,109,100,279,311,283,0
299897,19,19,275,762,-1870,1875,1024,-928,190,174,114,326,300,0
303220,20,20,537,818,-459,2482,1853,-867,222,53,203,312,297,0
306555,21,21,425,706,705,3076,2491,-785,347,99,205,318,303,0
309925,22,22,1006,575,2559,3492,2911,-690,467,-147,223,301,324,0
313224,23,23,856,237,5344,2839,2974,-594,341,20,181,293,326,0
316557,24,24,1043,87,7151,2018,2720,-506,280,-114,145,283,334,0
319898,25,25,1381,350,8658,1151,2017,-440,393,-113,301,281,336,0
323227,26,26,987,0,10958,-759,1168,-403,-116,-51,125,286,342,0
326561,26,27,1268,50,9498,-2046,211,-396,-310,-124,303,287,336,0
329898,27,28,1437,612,6723,-3388,-801,-420,-239,-21,211,294,322,0
333230,28,29,1062,725,3864,-4051,-2049,-484,-81,-55,222,298,300,0
336564,29,30,1043,968,2231,-4022,-2917,-574,-245,54,305,299,287,0
339923,30,31,1400,1268,130,-4171,-3637,-679,-262,195,323,296,287,0
343233,31,32,1156,1175,-3095,-2873,-4550,-805,-20,303,430,311,294,0
346568,32,33,950,1175,-4246,-1848,-5193,-945,-107,256,305,306,294,0
349925,33,33,968,1456,-5194,-369,-5294,-1072,16,364,411,321,295,0
353236,34,34,875,1343,-5282,1373,-5094,-1180,-19,319,215,326,301,0
356570,35,35,350,1006,-5442,2810,-4858,-1276,89,166,326,338,303,0
359926,36,36,687,987,-4941,3236,-4380,-1345,-78,170,104,336,320,0
363239,37,37,706,837,-5146,3225,-3707,-1390,158,123,271,335,328,0
366573,38,38,537,800,-4457,2796,-3438,-1427,-187,-6,-22,344,330,0
369931,39,39,387,406,-4437,2719,-3070,-1453,40,-94,85,352,351,0
373243,40,40,425,350,-4289,2390,-2945,-1477,-114,-127,16,350,354,0
376577,41,41,500,425,-4633,2112,-2565,-1488,463,-88,289,346,350,0
379935,42,43,275,0,-2685,1656,-2142,-1486,-304,11,55,341,353,0
383245,43,44,443,0,-2373,1924,-1270,-1462,389,-132,134,332,348,0
386580,44,45,500,0,-190,1846,-976,-1432,179,37,169,313,327,0
389935,45,46,781,537,1847,2723,-462,-1390,127,11,232,314,311,0
393248,46,47,631,218,4175,3573,-151,-1349,-110,-150,95,306,312,0
396584,47,47,575,406,4395,3458,472,-1301,376,-131,101,309,318,0
399935,48,49,237,0,6511,2384,824,-1266,-19,-184,-12,327,334,0
403252,49,49,537,218,7846,1728,980,-1245,230,-233,-8,311,328,0
406586,50,51,312,256,8751,896,954,-1247,-249,-105,-93,323,326,0
409935,51,51,443,200,7750,481,862,-1278,-468,-215,187,316,329,0
413255,52,52,218,818,3206,-796,708,-1334,-694,-204,288,328,296,0
416589,53,53,837,1568,-1253,-2340,512,-1409,-417,-384,396,328,273,0
419935,54,54,293,1643,-4247,-3882,101,-1499,-419,-22,390,341,269,0
423258,55,55,237,1362,-7863,-4526,-297,-1593,-46,-66,613,344,284,0
426592,56,56,181,1287,-7833,-4455,-508,-1672,-48,127,339,347,304,0
429936,57,57,12,856,-7072,-4284,-1151,-1744,-292,57,522,356,311,0
433261,58,57,87,1137,-7434,-3701,-1699,-1804,-312,107,-18,352,312,0
436596,59,58,68,1100,-8567,-2649,-1515,-1826,-96,-43,133,353,314,0
439936,60,59,0,912,-9115,-2359,-1050,-1795,350,307,333,358,324,0
443265,61,60,181,875,-6344,310,-987,-1735,177,343,437,347,326,0
446599,62,61,293,968,-5065,2316,-365,-1632,406,152,178,341,321,0
449957,63,63,275,237,-3111,4097,-10,-1491,375,53,226,342,344,0
453268,64,64,668,237,-571,4338,551,-1311,535,-184,179,319,342,0
456602,65,65,781,218,1991,4211,899,-1118,575,-30,363,313,343,0
459960,66,66,912,162,5368,4285,1255,-919,362,-74,152,306,346,0
463271,67,67,1118,0,7943,3821,682,-746,475,-148,259,295,357,0
466606,68,68,1212,106,9665,2349,390,-597,336,-355,81,290,349,0
469960,69,69,1081,50,10594,592,-185,-487,147,-164,163,297,352,0
473274,70,70,893,200,10335,-1129,-1065,-413,-418,-101,165,307,344,0
476609,70,71,1325,181,8189,-2029,-2057,-381,178,-262,27,300,345,0
479961,71,72,950,481,7271,-3087,-2813,-377,-278,27,7,320,329,0
483277,72,73,800,875,5048,-3399,-3993,-422,-229,-42,54,328,308,0
486613,73,74,575,1062,2936,-3807,-4683,-501,-194,46,110,342,300,0
489961,74,75,443,875,1515,-4081,-4665,-607,-236,-17,47,349,310,0
493280,76,76,0,968,-150,-4503,-4300,-711,-417,-39,-114,358,305,0
496615,77,77,200,1287,-2685,-4442,-4216,-828,-337,17,216,362,288,0
499962,78,78,0,987,-5802,-3963,-4329,-959,-290,-5,-30,363,304,0
503284,79,79,0,837,-8335,-4127,-4199,-1105,-188,169,48,370,312,0
506619,80,80,0,537,-10088,-3808,-3913,-1253,-44,172,-98,366,328,0
509962,81,81,0,293,-10716,-3056,-3704,-1399,134,284,150,364,341,0
513287,82,82,0,237,-9369,-2050,-3180,-1528,407,55,161,357,344,0
516621,83,83,218,125,-7262,-667,-2537,-1635,392,148,335,345,350,0
519990,84,84,725,31,-5390,1044,-1626,-1708,282,45,155,317,354,0
523290,85,85,725,0,-3732,2903,-513,-1740,-18,13,387,301,354,0
526624,86,86,1156,0,-2658,3667,542,-1726,587,-213,544,278,343,0
529962,87,87,1231,237,-592,3932,1458,-1671,795,-182,537,274,327,0
533293,88,88,1100,481,5057,3275,2390,-1580,257,98,203,281,314,0
536628,88,89,1268,443,7865,3608,2311,-1472,420,18,158,288,316,0
539984,89,90,1081,312,9787,3695,2284,-1348,36,198,-68,298,323,0
543296,90,91,893,256,11090,4011,1999,-1238,10,156,-7,308,326,0
546631,91,92,743,125,11040,4935,1914,-1145,-403,124,-28,316,333,0
549988,92,93,631,275,10027,5446,1695,-1061,-666,51,212,322,325,0
553300,93,94,443,593,5104,5120,1839,-993,-1015,-313,341,332,308,0
556634,94,95,987,1531,-606,3617,1771,-937,-755,-535,449,320,275,0
559988,95,96,668,1568,-5732,1704,1523,-907,-346,-263,554,337,273,0
563303,96,96,762,1831,-8789,-1005,1280,-895,251,-144,657,332,275,0
566638,97,97,556,1531,-8616,-2214,797,-909,-79,-75,324,343,291,0
569988,98,98,687,1268,-8275,-3611,378,-918,-337,-50,241,336,305,0
573306,99,99,462,1306,-7216,-3270,797,-906,-424,162,-22,348,303,0
576641,100,100,387,950,-9298,-3069,558,-883,-347,165,-221,352,322,0
579987,101,101,218,837,-11458,-2254,-227,-856,-107,18,-270,361,328,0
583309,102,102,87,725,-11515,-2048,-220,-799,457,-58,185,368,334,0
586645,104,103,0,537,-9228,-2076,-73,-713,800,34,546,363,344,0
589989,105,104,162,350,-4621,-1430,652,-568,524,3,659,348,354,0
593313,106,105,350,312,-72,-614,1044,-389,-20,123,31,336,354,0
596647,107,107,481,181,561,173,1437,-199,505,-127,181,329,345,0
599988,108,108,612,200,2934,853,1553,-16,834,-175,163,322,344,0
603316,109,109,1043,31,8501,996,2063,180,313,-96,246,299,353,0
606650,110,110,950,50,9679,995,2152,382,63,64,8,304,352,0
609988,110,111,1193,68,10040,1204,1566,562,301,-174,83,307,351,0
613319,111,112,1306,87,10582,756,1197,722,127,-89,104,301,350,0
616677,112,113,1193,125,10622,-354,636,858,50,-76,92,307,348,0
620010,113,114,968,293,9792,-1163,-111,954,40,66,150,319,339,0
623323,114,115,837,668,9879,-1089,-804,1008,-9,56,-39,326,319,0
626681,115,116,706,968,9249,-504,-845,1032,-429,4,50,335,305,0
630013,116,117,650,1287,6824,-438,-789,1023,-656,-154,134,338,288,0
633325,117,118,518,1381,1497,-796,-1027,974,-704,39,223,345,283,0
636683,118,119,781,1325,-2776,-1263,-1303,888,-648,35,216,331,286,0
640014,119,119,668,1681,-6988,-1295,-1840,756,-252,287,77,337,283,0
643328,120,120,687,1625,-9782,-1076,-1892,625,-145,135,30,336,286,0
646686,121,121,725,1381,-10730,-475,-2012,490,-67,186,-124,334,299,0
650014,122,122,537,762,-11415,-466,-2043,364,115,34,-55,344,332,0
653332,123,123,556,575,-10986,-580,-2010,241,220,231,120,343,342,0
656692,124,124,556,425,-9222,-590,-1664,136,383,-43,304,343,350,0
660014,125,125,500,293,-7053,-333,-1371,36,8,16,298,346,357,0
663335,127,126,275,68,-5023,-217,-942,-48,370,-78,536,341,352,0
666694,128,128,275,106,-2896,88,-104,-98,16,34,467,325,334,0
670015,128,129,837,275,-1345,343,1067,-105,409,11,609,311,325,0
673338,129,129,1175,631,1536,833,1500,-83,773,-66,225,293,322,0
676697,130,131,1437,256,5390,1138,2124,-29,374,134,58,279,326,0
680015,131,131,1043,443,8406,2781,2623,27,314,-108,73,300,332,0
683341,132,133,800,481,10276,2811,2950,102,-347,-66,-149,313,330,0
686697,133,134,537,181,9207,2427,2879,199,24,-65,42,327,330,0
690015,134,135,368,218,8514,1944,2779,293,-541,193,50,336,328,0
693345,135,135,425,406,6071,2747,2360,369,-428,115,221,317,318,0
696729,136,137,1025,781,4584,3477,2018,412,-715,330,245,318,315,0
700036,137,137,387,968,-17,3918,1877,438,-761,-332,456,336,305,0
703348,138,138,668,1381,-3869,2215,1543,441,-751,-325,417,321,283,0
706706,139,139,668,1887,-8000,666,1063,426,-104,14,481,337,272,0
710040,140,140,256,1381,-10396,-1237,82,364,4,109,232,343,283,0
713351,141,141,256,1137,-9752,-2207,-201,290,-181,63,410,343,296,0
716706,142,142,612,968,-8927,-3027,-93,238,-455,273,-87,340,321,0
720040,143,143,331,968,-9940,-2518,-152,196,-126,245,112,355,321,0
723354,144,144,106,462,-10274,-2095,-218,170,198,-184,-34,351,332,0
726706,145,145,556,500,-8546,-2461,345,184,710,21,649,343,346,0
730040,146,146,743,368,-3413,-1899,826,235,739,-130,624,333,353,0
733357,147,147,725,350,470,-1377,1529,309,76,120,474,332,352,0
736706,148,148,856,500,2132,-679,2068,398,83,-166,-51,325,344,0
740040,149,149,725,612,3514,24,2445,507,489,-39,218,332,338,0
743361,150,150,912,575,6342,499,2709,632,458,-139,181,322,340,0
746707,151,151,1081,350,8716,760,2966,782,227,117,65,313,352,0
750041,152,152,1006,293,10105,983,2694,926,102,64,-48,317,355,0
753364,153,153,950,312,11049,1283,2356,1062,35,-18,18,320,354,0
756706,154,155,781,50,11297,706,1966,1187,-208,38,23,329,352,0
760041,155,156,818,125,9789,465,1453,1296,113,-10,69,327,348,0
763367,156,157,837,387,9502,-192,814,1373,-123,90,-25,326,334,0
766706,157,158,837,968,8256,-222,422,1429,-221,-6,2,328,305,0
770042,158,159,668,1418,5464,-274,-353,1448,-542,-15,204,337,281,0
773371,159,159,762,1643,1394,103,-1250,1412,-672,-124,310,332,285,0
776728,160,160,612,1681,-1960,-386,-1734,1324,-605,-113,141,340,283,0
780063,161,161,425,1718,-7325,-295,-2018,1214,-370,12,238,350,281,0
783373,162,162,687,1906,-9372,-373,-2308,1076,-78,-66,52,336,271,0
786731,163,163,687,1287,-10322,-431,-2446,917,10,48,141,336,304,0
790066,164,164,406,950,-10650,-896,-2367,751,32,68,-19,351,322,0
793377,165,165,612,593,-10454,-1180,-2029,598,173,46,293,340,341,0
796732,166,166,612,593,-8866,-1322,-1388,468,629,-119,373,340,341,0
800066,167,167,481,537,-5130,-1200,-747,371,239,197,375,347,344,0
803380,168,168,293,200,-2636,-903,-236,300,151,-112,341,340,345,0
806732,169,169,481,275,-1079,-583,554,259,426,17,499,330,341,0
810066,170,170,687,368,2106,-134,1910,270,162,-137,297,319,336,0
813383,171,171,762,368,3441,211,2630,319,77,-61,236,315,336,0
816733,172,172,1025,462,4256,618,2927,408,425,-129,-46,301,331,0
820066,173,173,462,200,6739,1339,3603,527,212,137,-9,315,329,0
823386,174,174,425,237,8297,2061,3818,649,-87,-4,-159,317,327,0
826733,175,175,350,143,7675,2506,3884,775,-241,24,125,321,332,0
830066,176,176,218,143,5399,3005,3628,895,-316,106,106,328,332,0
833389,177,177,237,181,3851,3789,3146,983,-48,143,291,327,330,0
836733,178,178,481,31,3417,4624,2788,1044,-404,-59,171,314,338,0
840067,179,179,837,631,2039,5481,2591,1078,-562,-33,403,312,323,0
843392,180,180,537,800,-836,4683,2373,1087,-746,-150,322,328,314,0
846733,181,181,387,1250,-4605,3020,2028,1074,-361,-269,457,336,290,0
850067,182,182,350,1381,-7595,82,1393,1033,-382,-48,293,338,283,0
853396,183,183,312,1381,-9285,-1661,760,964,-44,-42,391,340,283,0
856733,184,183,518,1325,-9470,-3107,791,904,-99,147,162,329,302,0
860068,185,184,275,1100,-8737,-3173,766,855,-200,377,83,342,314,0
863399,186,185,350,1212,-9168,-2273,311,803,-8,82,83,338,308,0
866755,187,186,68,1100,-8458,-1630,577,776,147,-5,421,353,314,0
870091,188,187,106,575,-6486,-2114,426,764,292,-164,175,351,342,0
873403,189,189,12,481,-4680,-2965,732,773,311,120,517,356,347,0
876758,190,190,256,181,-1470,-2374,898,812,396,174,311,341,345,0
880091,191,191,106,256,1641,-635,2073,916,81,208,319,349,341,0
883406,192,192,575,125,2228,164,2126,1037,336,-198,92,324,348,0
886758,193,193,631,12,3079,696,2266,1171,696,-12,342,321,354,0
890092,194,194,800,0,7047,779,2331,1316,353,-8,128,312,359,0
893409,195,195,1043,0,9476,964,2288,1464,-13,109,185,299,357,0
896759,196,196,706,0,9657,853,1752,1592,123,-103,66,317,357,0
900092,197,197,650,0,9223,99,1021,1688,154,-42,161,320,356,0
903412,198,198,912,143,9295,-898,425,1744,-155,-20,19,306,347,0
906791,199,199,2112,1625,8736,-1323,-167,1762,78,-36,84,308,334,0
910092,200,200,1493,1212,8501,-1548,-584,1752,-390,105,6,325,340,0
913416,201,201,1137,1512,6223,-1424,-1314,1693,-301,-110,306,344,324,0
916759,202,202,1362,1587,3165,-1729,-2078,1569,-761,261,248,348,336,0
920092,203,203,612,1362,-2018,-1734,-2989,1393,-404,107,331,372,332,0
923418,204,204,462,1625,-4869,-1574,-3409,1195,-522,202,155,380,318,0
926759,205,205,781,1981,-7552,-794,-3386,977,-59,143,147,379,315,0
930093,206,206,1081,1681,-9185,-612,-3337,753,-86,173,14,363,331,0
933421,207,207,612,1231,-10276,-408,-3147,533,-69,318,-17,372,339,0
936760,209,209,481,875,-10683,-259,-3172,321,244,87,254,379,358,0
940093,210,210,650,462,-9061,157,-2532,143,587,140,164,370,380,0
943425,211,211,331,181,-6507,600,-2021,-6,144,179,276,370,378,0
946784,212,212,575,87,-4556,711,-1637,-138,-5,133,233,357,383,0
950117,213,213,631,106,-3896,1357,-473,-227,219,26,440,338,366,0
953428,214,215,668,293,-2055,1315,351,-279,130,-223,424,336,356,0
956784,215,216,987,293,-507,1523,820,-297,735,-133,208,319,340,0
960120,216,217,1118,256,4109,1895,1546,-273,543,149,84,312,342,0
963431,217,218,1343,50,7197,3419,1972,-236,202,-219,84,300,353,0
966784,218,219,725,12,9081,3446,2324,-187,-121,-36,-54,333,355,0
970121,219,220,443,87,8170,2842,2535,-118,225,-44,87,348,351,0
973434,220,221,406,162,9180,2289,2317,-63,-56,40,-26,350,347,0
976785,221,222,612,293,8628,2570,2222,-7,-242,-68,258,339,340,0
980126,222,223,912,1006,6910,3453,2006,32,-615,-163,263,340,319,0
983437,223,224,650,1418,2472,2983,2214,73,-675,-359,565,354,297,0
986784,224,225,537,1756,-1467,1306,2000,70,-778,-291,408,360,279,0
990126,225,226,556,1775,-7788,-1487,1497,51,-319,-75,346,359,278,0
993440,226,226,837,1812,-10688,-2665,852,7,36,-92,436,344,292,0
996785,228,227,537,1362,-11188,-3168,592,-47,-79,206,83,344,316,0
1000127,229,228,293,1325,-9983,-3193,738,-95,-536,124,22,357,318,0
1003444,230,229,125,950,-11136,-2683,525,-134,-221,-16,-275,366,338,0
1006786,231,230,68,912,-13145,-2221,203,-159,164,-53,-105,369,340,0
1010127,232,231,125,668,-12085,-1926,462,-158,767,134,339,366,353,0
1013447,233,233,293,181,-7646,-885,848,-126,760,97,953,357,363,0
1016786,234,234,687,12,-2837,370,2036,-44,514,-240,544,334,370,0
1020127,235,235,781,312,1550,1349,2672,79,489,-60,179,329,354,0
1023450,236,236,1006,237,3927,1894,3036,239,899,-242,286,317,358,0
1026807,237,237,1287,200,8311,2403,3115,430,578,-22,159,302,360,0
1030128,238,238,1006,200,13146,2035,3092,633,-114,-23,-26,317,360,0
1033453,239,239,837,181,12732,1685,2265,810,226,46,-3,326,361,0
1036811,240,241,837,0,12898,1015,1447,959,-98,-118,-54,326,357,0
1040128,241,242,800,125,11330,102,967,1088,-19,-19,119,328,348,0
1043456,242,243,818,312,10004,-1085,29,1188,-427,221,89,327,338,0
1046810,243,244,725,987,7998,-877,-1022,1235,35,-142,-4,332,302,0
1050128,244,245,968,1212,6123,-1428,-1454,1253,-579,-107,65,321,292,0
1053460,245,245,725,1512,2247,-1935,-2060,1239,-445,-101,268,334,292,0
1056811,246,246,425,1175,-502,-2556,-2033,1191,-525,-21,-35,350,310,0
1060153,247,247,275,1081,-4354,-2682,-1472,1134,-121,-117,192,358,315,0
1063464,248,248,181,1250,-5444,-3476,-1117,1073,-404,-34,22,363,306,0
1066811,249,249,181,1268,-7793,-3559,-1347,983,-238,51,52,363,305,0
1070154,250,250,12,800,-10241,-3753,-1407,877,30,19,9,372,330,0
1073466,252,251,125,706,-10786,-3493,-1344,762,272,75,27,366,335,0
1076813,253,252,0,481,-9146,-3143,-541,666,333,18,368,358,347,0
1080154,254,253,181,368,-6557,-2822,-269,586,121,114,69,347,353,0
1083469,255,254,312,293,-5642,-2140,-45,515,39,133,320,340,357,0
1086812,256,256,368,0,-5310,-750,921,481,271,-16,317,320,353,0
1090154,257,257,725,125,-3559,714,1627,462,369,-135,613,301,333,0
1093472,258,258,1212,68,-638,1140,2429,476,776,-77,402,291,336,0
1096811,258,259,1343,406,3490,1376,3572,541,504,54,305,284,318,0
1100154,259,260,1193,218,8337,2357,3736,631,302,-10,170,292,328,0
1103476,260,261,1137,162,10309,2730,3555,723,-107,209,118,295,331,0
1106833,261,262,856,312,9701,3718,3259,802,96,42,137,310,323,0
1110155,262,263,743,218,10127,4194,2916,877,-325,301,102,316,328,0
1113479,263,264,612,275,9030,5410,2445,947,-154,196,224,323,325,0
1116837,264,265,706,275,8298,6853,1924,993,-663,43,226,318,325,0
1120182,265,265,837,1137,4979,7528,1946,1027,-728,-389,451,328,312,0
1123482,266,266,518,1212,706,6101,1948,1024,-908,-366,319,329,292,0
1126837,267,267,425,1868,-4221,3154,1714,994,-476,-340,478,350,273,0
1130156,268,268,612,1887,-8702,332,1178,936,-376,-6,273,340,272,0
1133485,269,269,50,1325,-11281,-1517,736,862,163,-91,342,354,286,0
1136838,270,270,781,1212,-10371,-3437,1226,804,24,126,87,331,308,0
1140156,271,271,593,1025,-8676,-2747,2208,802,-727,463,-224,341,318,0
1143488,272,272,593,1231,-11297,-1199,1874,815,-21,373,-310,341,323,0
1146837,273,273,237,593,-12577,-111,485,800,29,-76,73,360,341,0
1150180,274,274,256,387,-10635,-363,883,827,-20,-264,-155,359,352,0
1153492,275,275,368,293,-9878,-1514,1338,900,671,-55,534,353,357,0
1156838,276,276,575,125,-5253,-1718,1779,1002,476,46,593,340,364,0
1160183,277,277,950,181,-230,-872,2138,1133,163,189,315,320,361,0
1163495,278,278,875,256,853,236,2763,1283,543,-119,125,324,357,0
1166838,279,279,1381,387,2517,732,2325,1401,1169,-200,293,297,350,0
1170184,280,280,1493,368,9355,-371,2751,1522,110,93,208,291,351,0
1173498,281,282,1362,275,11332,-510,2572,1645,-118,104,43,298,356,0
1176838,282,283,1175,12,10042,-280,1467,1734,201,-120,32,308,354,0
1180184,283,284,950,87,9785,-524,755,1800,402,-210,101,320,350,0
1183501,284,285,1100,331,10609,-1643,258,1825,-249,81,22,312,337,0
1186860,285,286,837,443,9282,-1533,-565,1816,202,52,104,326,331,0
1190184,286,287,1193,725,9429,-1644,-1211,1779,-70,205,-37,309,318,0
1193505,287,288,1362,1043,8318,-1639,-1403,1707,-441,-66,78,316,301,0
1196861,288,289,968,1231,4706,-2497,-1869,1597,-611,144,84,321,291,0
1200185,288,289,1175,1662,534,-2630,-2529,1442,-425,110,227,326,284,0
1203508,290,290,950,1681,-2732,-2687,-3151,1232,-508,227,249,338,283,0
1206862,291,291,387,1531,-6597,-1810,-2709,1031,-153,126,373,352,291,0
1210184,292,292,425,1512,-7600,-1719,-2472,843,-236,227,82,350,292,0
1213511,293,293,387,1268,-9105,-1832,-2425,665,-257,193,105,352,305,0
1216862,294,294,331,893,-11486,-1411,-2640,491,116,221,-94,355,325,0
1220185,295,295,387,518,-11637,-443,-2225,345,530,150,474,352,345,0
1223514,296,296,631,312,-9074,454,-1454,240,337,59,223,339,356,0
1226862,297,297,68,0,-6520,1539,-873,152,256,228,313,352,358,0
1230185,298,298,331,87,-5160,2450,-371,79,264,-181,350,338,351,0
1233517,299,299,781,312,-3457,3063,635,46,395,-182,607,314,339,0
1236863,300,300,950,725,-76,2820,1648,60,143,-162,311,305,317,0
1240186,301,301,1025,668,1281,2651,2324,110,740,75,335,301,320,0
1243520,302,302,987,275,4780,3002,2557,151,434,29,120,287,325,0
1246863,302,303,1587,237,8657,4233,2910,173,164,-106,27,287,343,0
1250189,303,304,800,31,9542,4326,2986,208,-65,144,15,313,338,0
1253524,304,305,612,50,9388,4241,2967,286,108,17,-9,323,337,0
1256863,305,306,631,200,9709,4413,2746,344,-399,-20,-41,322,329,0
1260193,306,307,575,218,8158,4382,2734,388,-484,-56,296,325,328,0
1263527,307,308,668,1025,5088,3978,2799,419,-850,-287,340,337,302,0
1266863,308,309,593,1418,-1126,2056,2434,429,-493,-352,417,341,281,0
1270196,309,310,481,1606,-4345,214,2179,410,-523,-44,338,347,271,0
1273530,310,311,612,1343,-8182,-1681,1592,388,-199,-45,450,340,285,0
1276888,312,311,237,1418,-9970,-3289,756,325,97,-110,311,344,297,0
1280199,313,312,368,1081,-9060,-3850,216,252,-244,-93,263,337,315,0
1283533,314,313,537,800,-8802,-3748,449,220,-457,223,-100,344,330,0
1286892,315,314,0,818,-10665,-2968,-12,196,-221,83,-119,369,329,0
1290203,316,315,0,631,-11432,-2778,-242,180,352,161,-109,374,339,0
1293537,317,317,0,631,-9615,-2414,-38,197,753,166,827,366,339,0
1296919,318,318,406,406,-3982,-445,745,258,571,-81,462,349,349,0
1300205,319,319,387,0,-678,353,1821,359,100,-55,377,334,359,0
1303540,320,320,650,31,1481,788,2622,499,369,-53,113,320,353,0
1306897,321,321,968,481,5203,1666,2861,667,917,2,398,319,345,0
1310209,322,322,612,87,9921,2024,3061,861,377,-60,71,322,350,0
1313543,323,323,556,87,12301,1865,2964,1039,176,-82,70,325,350,0
1316897,324,324,1006,256,12619,1150,2228,1186,16,-85,-106,317,357,0
1320212,325,325,537,0,12191,836,1310,1302,-48,-248,130,326,356,0
1323546,326,327,762,125,10562,-474,565,1402,-304,107,64,314,348,0
1326897,327,327,687,931,8148,-1153,-545,1455,-10,177,52,334,321,0
1330219,328,329,893,762,7454,-992,-892,1473,-497,-38,13,325,316,0
1333549,329,329,556,1006,5050,-1258,-1909,1440,-673,-276,229,327,303,0
1336898,330,330,1025,1343,-670,-3265,-2602,1370,-495,16,159,318,301,0
1340218,331,331,800,1550,-4413,-3214,-3564,1239,-217,91,131,330,290,0
1343552,332,332,800,1475,-6470,-2971,-4127,1059,-236,176,69,330,278,0
1346897,333,333,800,1625,-8098,-2240,-4552,844,16,237,177,330,286,0
1350221,334,334,593,1100,-8608,-1778,-4619,620,-118,333,-42,341,314,0
1353556,335,335,837,950,-9259,-1392,-4386,392,155,278,244,344,322,0
1356898,336,336,406,650,-9230,-539,-3771,180,138,213,94,351,338,0
1360224,337,337,518,593,-7877,84,-3275,-14,567,60,508,345,341,0
1363559,338,338,556,537,-5302,834,-2755,-186,194,145,248,343,344,0
1366899,339,339,31,143,-3010,1689,-1729,-325,178,45,397,354,348,0
1370228,340,340,181,143,-1617,1985,-893,-440,196,-141,262,346,348,0
1373562,341,341,387,0,58,2219,416,-503,157,-1,411,319,344,0
1376899,342,342,1043,237,1770,2269,1315,-530,351,-103,177,300,343,0
1380231,343,343,762,275,3520,2300,1711,-527,647,-73,194,299,325,0
1383566,344,344,500,387,6660,2764,2113,-484,16,63,-19,313,319,0
1386924,345,345,612,293,8506,3956,2522,-412,28,-57,-8,307,324,0
1390234,345,346,668,125,8666,3955,2545,-347,-113,10,-72,320,333,0
1393569,346,347,668,162,8662,3684,2698,-262,-148,-96,42,320,331,0
1396925,347,348,556,125,7871,3600,2816,-167,-705,-102,109,326,333,0
1400237,348,349,687,462,4630,3172,2555,-85,-832,-155,279,319,315,0
1403572,349,350,893,1193,-57,2421,2272,-38,-761,-304,363,325,293,0
1406925,350,351,762,1381,-5186,597,1272,-55,-205,-306,536,332,283,0
1410241,351,352,687,1400,-7689,-979,1105,-102,-384,-84,355,336,282,0
1413575,352,353,575,1550,-8690,-2208,355,-181,146,-187,553,342,290,0
1416925,353,353,631,1231,-8505,-3712,-436,-290,-31,-45,285,339,307,0
1420244,354,354,668,1306,-7490,-4132,-902,-411,-345,7,127,337,303,0
1423578,356,355,443,950,-8303,-4359,-882,-508,-178,218,109,349,322,0
1426925,357,356,0,875,-10036,-3544,-1158,-585,-141,102,-139,359,326,0
1430247,358,357,0,668,-10648,-2938,-1217,-641,476,240,230,363,337,0
1433581,359,358,12,725,-8000,-2323,-1105,-658,456,58,575,356,334,0
1436926,360,359,106,575,-4585,-944,-378,-642,359,-71,351,351,342,0
1440251,361,361,125,68,-2008,287,291,-573,401,-58,452,348,351,0
1443585,362,362,200,443,464,1099,933,-463,420,-157,60,344,347,0
1446925,363,363,425,275,3581,2120,1459,-306,311,-3,325,332,340,0
1450254,364,364,331,143,5451,2780,1753,-122,325,-205,141,337,347,0
1453588,365,365,650,143,7219,3082,1891,78,304,56,282,320,347,0
1456926,366,366,518,12,9032,3124,1500,269,74,-177,-84,327,354,0
1460256,367,367,593,0,9746,2858,913,435,130,-99,74,323,355,0
1463591,368,368,462,12,9835,1936,369,564,-52,-158,60,330,354,0
1466926,369,369,781,162,9343,1054,-326,656,134,-24,85,313,346,0
1470260,370,370,687,368,9243,181,-773,718,-206,-17,-22,318,335,0
1473594,371,371,1006,481,7619,-555,-1465,727,-6,-116,80,303,331,0
1476950,372,372,687,1025,5403,-1884,-2341,681,-255,64,89,320,302,0
1480263,373,373,387,1156,2668,-1965,-2927,577,-381,-130,268,336,295,0
1483597,374,374,50,1306,201,-2218,-2829,447,-643,-127,67,354,287,0
1486955,375,375,181,1287,-3845,-2755,-2599,313,-441,-15,127,347,288,0
1490266,376,376,106,1400,-6537,-3013,-2761,160,-312,81,-27,351,282,0
1493601,377,377,68,1437,-8650,-2489,-2946,-9,-19,29,217,353,296,0
1496960,378,377,143,1100,-9317,-2747,-2571,-169,-66,63,2,349,314,0
1500270,379,378,125,781,-9709,-2652,-1954,-315,70,164,179,350,331,0
1503604,380,379,68,800,-9295,-2206,-1632,-454,384,95,280,353,330,0
1506987,381,381,125,200,-6804,-1343,-901,-562,355,166,527,349,345,0
1510272,382,382,181,0,-4533,-461,-447,-647,396,2,367,330,350,0
1513607,383,383,350,218,-2500,514,474,-672,473,2,567,321,328,0
1516963,384,384,781,143,911,1540,1955,-645,499,-106,557,298,332,0
1520276,385,385,912,218,4094,1623,2798,-569,166,-130,438,291,328,0
1523610,386,386,1212,125,5712,1459,3364,-450,504,-148,101,275,333,0
1526963,386,387,1493,425,8209,1437,3803,-303,163,47,103,276,317,0
1530279,387,388,1062,162,9389,2108,3746,-158,106,79,-44,299,331,0
1533613,388,389,893,275,9629,2411,3486,-13,-208,277,122,308,325,0
1536963,389,390,575,237,8281,4015,3158,123,-267,236,130,325,327,0
1540282,390,391,575,218,6413,4980,3029,252,-613,-48,269,325,328,0
1543617,391,392,912,875,2707,5421,2616,345,-615,-192,278,324,326,0
1546963,392,393,743,781,-2146,4602,2134,403,-593,-170,318,333,315,0
1550286,393,393,800,1137,-5510,3700,1821,431,-89,-273,346,330,312,0
1553620,394,394,856,1456,-6635,1949,1505,432,-201,-153,292,327,295,0
1556964,395,395,462,1306,-7746,-181,857,404,-33,-204,310,348,303,0
1560288,396,396,631,1400,-7684,-2093,193,351,-257,-149,189,339,298,0
1563623,397,397,631,1306,-7936,-3218,647,324,-359,244,-133,339,303,0
1566964,398,398,481,1175,-9571,-3336,728,319,-146,75,-125,347,310,0
1570293,399,399,500,1100,-10664,-2896,396,319,161,154,88,346,314,0
1573626,400,400,462,1006,-9367,-2699,581,348,225,-99,182,348,319,0
1576965,401,401,312,893,-7196,-3194,833,398,454,-59,311,356,325,0
1580295,403,402,68,650,-4375,-3931,959,474,786,-119,592,351,336,0
1583629,404,403,706,893,763,-3710,1919,607,246,313,326,333,323,0
1586986,405,404,443,968,3428,-2070,2806,786,-209,177,41,331,319,0
1590298,406,405,275,462,2422,-227,2898,965,-46,79,159,340,346,0
1593632,407,406,968,293,2706,618,3142,1144,1042,-142,449,319,355,0
1596989,407,407,1418,106,8690,709,3288,1333,28,207,-32,295,365,0
1600302,408,409,1306,87,9707,1260,3356,1530,-59,-31,71,301,366,0
1603636,409,410,1231,87,8904,1980,2659,1694,284,-192,102,305,366,0
1606989,410,411,1531,0,8949,1497,2530,1834,-312,-6,84,289,357,0
1610304,411,412,1643,237,7278,1135,2009,1948,13,-151,86,283,342,0
1613639,412,413,2731,1287,6337,406,1173,2013,-33,-13,-37,275,336,0
1616989,413,414,2131,1381,5009,392,665,2047,-361,-196,312,307,331,0
1620308,414,415,2018,1362,2547,-687,-619,2013,-461,-74,368,313,332,0
1623642,415,416,1775,1306,-329,-2798,-1736,1898,-250,-4,434,326,335,0
1626990,416,417,1718,1700,-2438,-4295,-2882,1720,-195,146,392,329,314,0
1630311,417,418,1850,1700,-3982,-4742,-3998,1490,246,130,531,322,314,0
1633645,418,419,1737,1850,-3427,-5060,-4873,1219,-303,499,214,328,322,0
1636990,419,420,1362,1325,-4597,-4252,-5229,939,-10,322,241,348,334,0
1640314,420,421,1043,1325,-4999,-3497,-5286,664,-473,489,-3,365,334,0
1643648,421,422,687,1475,-5883,-1709,-4572,423,214,57,301,384,342,0
1646990,422,423,406,800,-5363,-1058,-4335,193,453,213,377,399,362,0
1650318,424,424,0,443,-3772,-492,-3458,3,-381,214,-29,415,364,0
1653653,425,425,0,200,-2380,-125,-2741,-148,-87,96,141,395,377,0
1656991,426,426,162,443,-3779,570,-1973,-267,160,-179,187,379,364,0
1660320,427,427,462,481,-3286,1090,-1453,-359,416,-178,374,363,362,0
1663655,428,429,1062,481,-1914,1266,-1154,-422,-251,-12,-49,331,362,0
1667012,429,430,1100,237,-1876,2116,-181,-434,534,51,133,329,359,0
1670324,430,431,1100,200,654,2873,653,-434,337,-72,199,329,361,0
1673658,431,432,725,0,3011,3530,1252,-417,8,-86,169,333,360,0
1677015,432,433,912,237,3426,3369,1223,-392,108,51,8,339,359,0
1680328,433,434,293,0,3308,3456,1580,-360,-26,187,80,356,358,0
1683661,434,435,275,68,4676,3473,1346,-344,13,-31,-25,357,352,0
1687016,435,436,500,406,4627,3712,1145,-338,-226,221,75,362,351,0
1690330,437,438,518,368,4145,4540,961,-368,36,27,57,361,353,0
1693664,438,439,12,575,3640,5039,1153,-420,-398,157,17,372,342,0
1697016,439,439,0,1362,2053,5259,1055,-478,-555,-150,209,377,300,0
1700334,440,440,181,1512,-801,3901,1199,-538,-685,-241,403,363,292,0
1703668,441,441,237,1662,-6165,1218,1527,-593,-385,-91,369,360,284,0
1707016,442,442,706,1831,-9088,-1502,1689,-645,-311,-69,193,351,291,0
1710336,443,443,537,1231,-10353,-2702,2070,-664,-154,384,-68,344,307,0
1713671,444,444,650,1212,-10189,-1781,2483,-665,14,211,-122,354,324,0
1717016,445,445,593,931,-9231,-932,1908,-669,268,-104,214,357,339,0
1720340,447,446,425,518,-7264,-914,2070,-640,179,-478,214,364,359,0
1723674,448,447,443,275,-5181,-2896,2248,-591,932,-305,613,347,372,0
1727017,449,449,1006,0,208,-3187,2923,-480,585,60,779,317,372,0
1730343,450,450,1287,218,4332,-1416,3779,-308,348,44,306,318,359,0
1733678,450,451,1475,275,6906,73,4323,-83,839,-317,267,308,356,0
1737017,451,452,1362,256,10579,-766,4513,182,694,-152,168,314,357,0
1740346,452,453,1400,125,14125,-1717,4483,475,-211,65,15,312,364,0
1743706,453,454,1118,218,12473,-873,3286,741,-548,88,151,327,359,0
1747038,454,455,1100,387,8987,-864,2070,971,233,-79,83,328,350,0
1750349,455,456,931,950,8203,-1312,1036,1146,-103,177,54,337,320,0
1753708,456,457,1062,1418,7249,133,165,1286,-839,11,58,332,297,0
1757042,457,458,1081,1512,3643,888,-681,1373,-613,-237,184,331,292,0
1760352,458,459,1025,1587,-273,409,-1308,1418,-627,-196,376,334,288,0
1763710,459,460,968,1475,-5083,-31,-2522,1401,-291,103,128,337,294,0
1767042,460,461,650,1512,-6756,452,-3108,1349,-188,26,95,354,292,0
1770356,462,461,668,1568,-7901,1501,-3630,1272,-154,107,-78,353,305,0
1773714,463,462,312,856,-8512,1719,-4127,1148,-180,-155,-6,356,343,0
1777042,464,464,200,256,-8974,903,-3966,1004,126,40,-28,362,359,0
1780360,465,465,181,312,-8299,464,-3547,854,243,-62,311,363,356,0
1783718,466,466,368,350,-5611,880,-3033,721,381,-78,209,353,354,0
1787042,467,467,631,331,-3181,1122,-2540,592,-323,-74,256,339,355,0
1790362,468,468,237,0,-2462,1218,-2080,485,257,-127,183,343,358,0
1793721,469,469,443,143,-426,1207,-1028,417,72,-20,391,332,348,0
1797043,470,470,631,331,966,785,-412,374,84,-78,316,322,338,0
1800366,471,471,1118,687,2160,734,-71,336,715,-25,209,296,319,0
1803723,472,472,818,462,6689,799,524,320,330,58,-22,312,331,0
1807043,473,473,331,275,8610,1533,783,307,78,-66,74,322,325,0
1810368,474,474,631,275,9143,1376,1103,293,-6,-133,-139,306,325,0
1813726,475,475,143,0,8641,903,1193,278,-127,-106,35,332,342,0
1817043,476,476,218,106,7509,618,1099,248,-730,114,137,328,334,0
1820372,477,477,50,237,4732,1210,675,191,-614,45,373,337,327,0
1823730,478,478,237,593,-183,1947,-4,131,-798,-199,372,327,308,0
1827064,479,479,537,1400,-4637,1625,-183,61,-497,-322,421,328,282,0
1830375,480,480,256,1400,-7472,175,-39,-10,-237,-90,332,343,282,0
1833733,481,481,181,1362,-9589,-1549,-378,-113,-157,-226,549,347,284,0
1837068,482,481,293,1437,-9641,-2462,-775,-255,23,-46,262,341,296,0
1840378,483,482,256,1325,-8706,-3402,-945,-420,-88,-128,370,343,302,0
1843734,484,483,50,1381,-8008,-4387,-195,-567,-148,227,-7,354,299,0
1847068,485,484,0,1100,-8773,-4139,247,-699,-98,250,-115,364,314,0
1850381,486,485,106,1100,-10205,-3929,478,-787,349,503,103,351,314,0
1853734,487,486,293,593,-7235,-1442,447,-838,609,246,804,341,341,0
1857069,488,487,162,818,-3905,-284,890,-842,473,81,532,348,329,0
1860385,489,488,368,856,-721,239,1149,-812,217,95,321,337,327,0
1863734,490,489,350,800,2561,491,1678,-738,254,298,40,336,328,0
1867068,491,490,331,931,4773,1998,2080,-632,367,26,306,337,321,0
1870388,492,491,593,912,7093,2498,2450,-477,153,-64,150,323,322,0
1873734,493,492,425,500,8076,1910,2372,-305,309,-69,106,332,344,0
1877069,494,493,687,668,9448,1233,2223,-122,318,145,-120,318,335,0
1880391,495,494,818,406,10797,1126,2041,69,32,-10,32,311,349,0
1883735,496,495,518,293,10895,129,1300,234,-133,-56,-68,327,355,0
1887069,497,496,650,350,9337,-476,704,367,-394,-96,204,320,352,0
1890394,498,498,462,350,7606,-505,839,488,68,116,-66,330,352,0
1893766,499,499,537,893,6913,450,-732,544,-167,-78,154,344,325,0
1897069,500,500,350,518,5575,881,-1115,574,-955,-271,-7,338,329,0
1900397,501,501,237,1193,435,8,-1698,554,-390,-56,330,344,309,0
1903735,502,501,650,1493,-4395,155,-2339,493,-613,21,177,338,309,0
1907070,503,502,0,1475,-7232,676,-3030,401,-264,-76,206,362,294,0
1910401,504,503,31,1287,-9160,496,-3189,285,-251,143,-67,355,304,0
1913759,505,504,406,1081,-11208,935,-3472,152,114,-133,63,351,331,0
1917094,506,505,462,1025,-10942,408,-3212,17,-90,20,-122,348,334,0
1920404,507,506,237,368,-10642,-9,-2432,-95,391,11,316,344,353,0
1923760,508,507,687,650,-6822,-465,-1853,-188,796,-50,452,336,354,0
1927094,509,508,650,668,-2486,-378,-1150,-245,-93,17,346,338,353,0
1930407,510,510,406,256,-424,150,-553,-262,627,-369,522,334,358,0
1933760,511,511,593,106,1857,194,796,-231,236,-59,559,324,350,0
1937094,512,512,575,31,3519,103,2115,-164,167,-86,313,309,338,0
1940410,513,513,631,162,3690,-77,2505,-74,159,-118,337,306,331,0
1943761,514,514,593,331,5511,193,2881,40,475,45,30,308,322,0
1947095,515,515,668,106,7877,1194,3122,167,35,-41,113,304,334,0
1950413,516,516,518,162,8624,1560,3329,277,-286,-72,-120,312,331,0
1953761,517,517,443,68,6843,1563,3115,366,-512,164,222,316,336,0
1957095,518,518,312,181,3796,2170,2987,445,-569,156,131,323,330,0
1960416,519,519,350,312,375,3075,2666,514,-470,-24,382,321,323,0
1963761,520,520,350,350,-3720,3382,1892,545,-258,-179,330,321,321,0
1967096,520,521,1175,912,-5551,2767,1266,549,-199,-251,542,310,308,0
1970420,521,522,1100,931,-6889,1396,1135,532,237,-109,459,314,307,0
1973761,522,523,912,1062,-6000,-539,355,478,136,-73,545,324,300,0
1977096,523,523,1006,1193,-5335,-1911,-288,393,-58,-18,396,319,309,0
1980423,524,524,893,1343,-5481,-3253,-741,295,-414,73,14,325,301,0
1983761,525,525,800,1268,-8101,-3996,-555,209,-168,231,-134,330,305,0
1987095,526,526,612,1100,-8899,-3684,-712,123,-18,155,-82,340,314,0
1990426,527,527,556,1043,-9808,-3396,-1179,45,475,226,247,343,317,0
1993783,528,528,481,781,-6397,-2656,-841,-2,574,-10,519,347,331,0
1997119,530,529,125,406,-3315,-1967,-359,-40,530,101,476,350,351,0
2000429,531,530,668,612,-417,-1641,64,-15,384,-45,434,337,340,0
2003786,532,531,237,837,2496,-1068,949,49,131,232,20,342,326,0
2007120,533,532,350,743,3612,527,1526,149,151,91,318,336,331,0
2010432,534,533,312,556,4302,2166,2015,286,545,-48,215,338,341,0
2013786,535,534,556,293,6350,2532,2330,453,473,-60,133,325,355,0
2017119,536,536,800,0,9059,2362,2090,618,346,22,-108,312,359,0
2020436,537,537,968,0,10568,2192,1789,782,-202,-125,152,319,358,0
2023787,538,538,687,0,9479,1862,1124,918,-206,-132,107,318,357,0
2027120,538,539,762,181,8019,1452,667,1015,-54,-130,140,330,345,0
2030439,539,540,931,556,6835,889,-102,1069,46,53,12,321,325,0
2033787,540,541,1156,912,6481,-51,-364,1094,-363,66,93,309,306,0
2037120,541,542,1250,1062,3986,-256,-1064,1078,-425,54,266,306,300,0
2040443,542,543,800,1137,586,-525,-2531,974,-455,-104,370,330,296,0
2043787,543,543,350,1437,-3076,-826,-2707,823,-518,-17,98,354,296,0
2047120,544,544,256,1587,-5865,-1047,-3084,649,-428,-56,46,359,288,0
2050445,546,545,256,1475,-9166,-631,-3299,456,-157,177,-4,359,294,0
2053787,547,546,181,1400,-10530,-1043,-3279,256,183,1,148,347,298,0
2057120,548,547,256,1137,-9208,-1274,-3043,56,108,279,174,343,312,0
2060448,549,548,200,725,-7737,-1154,-2006,-103,236,-56,293,346,334,0
2063787,550,549,387,856,-5417,-1235,-1364,-239,336,246,417,336,327,0
2067121,551,550,593,950,-3688,-1085,-725,-345,96,67,473,325,322,0
2070452,552,551,387,875,-1944,-1252,732,-381,-113,218,268,336,326,0
2073809,553,552,0,593,-1155,-1095,1590,-371,384,-83,495,344,324,0
2077121,554,553,293,443,881,-1141,2107,-340,360,127,300,324,332,0
2080455,555,554,800,256,3062,-277,2859,-262,49,-33,168,313,342,0
2083812,555,555,1175,162,5042,509,3296,-150,-46,128,125,293,347,0
2087145,556,556,931,181,5540,460,3604,-14,413,-17,140,306,346,0
2090458,557,557,706,275,7264,724,4010,127,-11,38,-129,318,341,0
2093813,558,558,893,593,7975,1366,3943,273,-138,95,26,308,324,0
2097149,559,559,593,537,7195,1875,3376,415,-339,150,166,324,327,0
2100461,560,560,575,462,5371,2132,2830,530,-375,145,195,325,331,0
2103813,561,561,500,556,3087,3838,2581,622,-86,212,148,329,326,0
2107182,562,562,687,687,2706,5253,2254,690,-493,96,174,336,336,0
2110464,563,563,368,612,565,6608,1442,706,-601,-292,330,337,324,0
2113813,564,564,725,1100,-4358,5587,1123,693,-664,-326,179,334,314,0
2117155,565,565,481,1550,-7265,3972,795,655,-180,-404,345,347,290,0
2120469,566,566,462,1587,-8558,875,354,593,-157,-265,441,332,272,0
2123813,567,567,481,1625,-10172,-1306,159,533,101,-111,412,347,286,0
2127155,568,568,668,1212,-9513,-3473,663,498,-41,85,145,337,308,0
2130471,569,569,537,1175,-8551,-3789,1280,503,-91,320,13,344,310,0
2133814,570,570,593,1062,-8228,-2943,1129,517,420,-107,222,341,316,0
2137155,571,571,462,725,-6152,-2818,1500,567,200,192,370,348,334,0
2140474,572,572,481,387,-4053,-3444,1753,633,470,-298,185,347,352,0
2143813,573,573,425,143,-1842,-4555,1682,719,244,83,466,348,363,0
2147155,574,574,462,143,1805,-3384,1967,860,203,68,329,346,363,0
2150478,575,575,743,218,3949,-1756,2629,1026,-85,249,-171,331,359,0
2153835,576,576,650,425,3262,-353,2430,1199,224,-14,-17,336,348,0
2157156,577,577,706,443,4226,531,2276,1373,502,-6,154,333,347,0
2160480,578,579,1175,406,6508,820,2572,1556,217,39,237,308,349,0
2163839,579,580,1175,0,8804,1326,2453,1727,76,210,-42,308,358,0
2167156,580,581,1231,0,8776,1931,1966,1852,14,-17,10,305,358,0
2170484,581,582,1175,50,7896,2446,1331,1936,-210,-128,106,308,352,0
2173839,582,583,1512,143,6826,1797,706,1981,-81,139,114,290,347,0
2177156,583,584,1512,725,5215,1149,-202,1951,63,-117,156,292,318,0
2180488,584,585,1831,1118,4893,-171,-890,1874,-538,48,320,275,297,0
2183839,584,586,2393,1175,2176,-912,-1898,1749,-372,-160,533,261,294,0
2187156,585,586,2168,1381,-783,-2452,-2964,1567,-347,146,440,273,299,0
2190490,586,587,2150,1456,-4263,-3770,-4132,1335,-214,286,366,274,295,0
2193839,587,588,1737,1568,-5813,-3841,-4811,1072,76,414,402,296,289,0
2197182,588,589,1268,1531,-5903,-3172,-5263,782,-48,562,225,321,291,0
2200493,589,590,1081,1193,-6178,-994,-5224,495,103,329,283,331,309,0
2203840,590,591,631,1175,-6074,365,-4981,234,241,353,233,355,310,0
2207183,591,592,706,968,-5892,1452,-4531,4,192,273,318,351,321,0
2210497,592,593,762,668,-4916,1864,-3802,-194,73,150,170,348,337,0
2213839,593,594,481,331,-5122,2104,-3001,-359,276,111,236,346,338,0
2217183,594,595,537,293,-4628,1996,-2687,-488,-33,-147,106,343,340,0
2220500,595,596,631,125,-4597,2513,-2273,-594,447,-30,207,338,349,0
2223840,596,597,650,106,-3308,2036,-1339,-660,199,111,294,337,350,0
2227183,597,598,612,162,-2316,1811,-703,-693,10,-334,2,339,347,0
2230503,598,599,462,0,-444,1559,-484,-714,642,-59,19,331,342,0
2233862,599,600,950,537,1763,2507,284,-725,-26,87,104,321,327,0
2237184,600,601,368,331,3784,3693,458,-751,-62,-84,51,336,322,0
2240506,601,602,481,350,4054,3889,823,-761,196,-217,186,330,321,0
2243862,602,603,368,181,5337,3206,1328,-766,38,-18,19,336,330,0
2247183,603,604,256,31,6366,3206,1938,-760,127,-77,81,342,338,0
2250509,604,605,743,425,7859,2382,1674,-760,17,-57,-72,333,334,0
2253865,605,606,350,312,8139,1868,1260,-783,-117,25,44,354,340,0
2257183,606,607,387,237,7930,1950,1358,-822,-387,-291,112,352,344,0
2260512,607,608,275,950,3717,1131,1729,-844,-872,-200,240,358,306,0
2263866,608,609,256,1325,-831,-735,1537,-867,-619,-313,275,359,286,0
2267184,610,610,0,1343,-4710,-3064,1415,-903,-364,-129,231,358,285,0
2270516,611,611,631,1137,-8649,-4704,990,-949,-173,182,361,339,296,0
2273866,612,612,406,743,-9735,-4908,874,-983,55,213,230,335,317,0
2277208,613,613,387,650,-9418,-4192,585,-1007,-153,86,279,336,322,0
2280519,614,614,31,537,-9337,-3260,138,-1024,-328,185,-43,355,328,0
2283894,615,615,125,631,-10198,-2701,-219,-1025,224,4,239,364,337,0
2287211,616,616,0,237,-9815,-2482,-41,-998,700,200,433,361,342,0
2290522,617,617,200,312,-4197,-576,373,-927,422,162,830,344,338,0
2293866,618,618,631,481,-1061,1187,878,-807,427,-69,499,337,345,0
2297212,619,619,743,350,1353,1878,1206,-640,539,-146,466,315,336,0
2300525,620,620,856,125,5542,1963,1293,-450,672,-226,220,309,348,0
2303866,621,621,1343,350,8697,1771,1460,-240,578,-114,292,299,352,0
2307212,622,622,706,0,11675,1300,1259,-37,81,45,26,317,358,0
2310528,623,623,575,0,11816,1362,352,129,83,-127,88,324,357,0
2313867,624,624,593,331,10995,815,-354,259,-395,-29,40,339,353,0
2317244,625,625,1868,1437,8904,9,-834,352,-183,-87,162,321,344,0
2320533,626,627,1362,1156,6472,-1114,-1496,399,-206,-33,7,332,343,0
2323890,627,628,1400,1250,4754,-1308,-2514,404,-555,-248,277,346,338,0
2327213,628,629,1456,1250,1816,-2428,-3213,375,-801,38,269,343,338,0
2330536,629,629,875,1418,-3657,-3033,-4464,277,-297,133,300,358,329,0
2333890,630,631,1250,1625,-5389,-2863,-5323,133,-364,254,158,354,318,0
2337213,631,631,1231,1775,-7174,-2156,-6142,-43,-147,66,63,355,326,0
2340538,632,633,912,1531,-8591,-2190,-6249,-247,-69,324,55,372,339,0
2343890,633,634,406,987,-9305,-1187,-5836,-444,172,223,83,399,352,0
2347214,635,635,181,800,-8799,-601,-5414,-639,578,-8,465,395,362,0
2350541,636,636,425,781,-6286,-207,-3999,-805,185,4,135,382,363,0
2353890,637,637,181,312,-4583,207,-3727,-982,222,50,375,378,371,0
2357213,638,638,537,462,-3189,748,-3387,-1140,56,-131,147,359,363,0
2360544,639,639,762,0,-2474,1895,-1287,-1220,180,9,313,331,375,0
2363891,640,641,1287,237,-1213,1584,-606,-1281,180,-95,581,319,359,0
2367213,641,642,762,68,845,1264,79,-1333,577,77,186,331,352,0
2370548,642,643,893,237,5178,1454,549,-1364,353,0,100,324,343,0
2373890,643,644,893,143,7783,2939,1129,-1373,174,-65,28,324,348,0
2377217,644,645,818,87,9239,3305,1074,-1370,-62,38,-65,328,351,0
2380551,645,646,443,106,7945,3179,1586,-1348,-10,-68,-8,348,350,0
2383891,646,647,443,256,7906,3057,1730,-1312,-7,-28,23,348,342,0
2387220,647,648,443,275,6890,3267,1628,-1265,-308,40,102,348,341,0
2390554,648,649,762,762,4314,3855,1264,-1219,-670,-248,163,348,332,0
2393891,650,650,406,1156,806,3184,1435,-1173,-687,-354,403,351,311,0
2397223,651,651,350,1643,-3130,1861,1232,-1146,-381,-389,407,354,285,0
2400558,652,652,256,1568,-7693,-967,773,-1149,-427,-32,232,359,289,0
2403916,653,653,481,1568,-10249,-2214,294,-1178,42,-8,542,347,289,0
2407226,654,654,687,1287,-10954,-3292,200,-1212,-106,80,14,336,304,0
2410560,655,655,350,1437,-10180,-3659,815,-1232,-355,181,30,354,312,0
2413919,656,655,12,1137,-11086,-3376,814,-1246,-224,183,-346,372,328,0
2417229,657,657,0,781,-12831,-2898,486,-1242,183,170,16,377,331,0
2420564,658,658,181,818,-10619,-2643,626,-1211,553,-114,264,363,345,0
2423919,659,659,387,181,-7355,-2254,1160,-1149,743,179,827,352,363,0
2427232,660,660,556,0,-2400,-1300,1534,-1054,787,-104,736,341,371,0
2430567,661,661,950,218,2424,-139,2809,-888,139,217,151,320,359,0
2433925,662,662,912,368,3889,1001,2810,-700,749,-181,169,322,351,0
2437236,663,663,1343,368,7638,1723,2963,-468,693,-59,314,299,351,0
2440570,664,664,1212,162,12582,1394,3157,-203,91,-11,107,306,362,0
2443925,665,665,1006,12,12856,1621,2767,75,212,134,-13,317,370,0
2447240,666,667,968,0,13571,1596,1899,329,-116,-135,-14,319,360,0
2450574,667,668,837,0,12413,982,1284,552,-257,-250,35,326,357,0
2453925,668,669,1006,218,10167,-654,315,731,-163,84,152,317,343,0
2457242,669,670,931,725,7537,-791,-569,838,-131,123,79,321,316,0
2460577,670,671,537,1287,5814,-704,-1302,914,-524,-112,232,344,288,0
2463926,671,671,256,1531,3254,-791,-1300,979,-840,-196,268,359,291,0
2467246,672,672,125,1381,-809,-1607,-1407,975,-774,-124,169,366,299,0
2470580,673,673,0,1343,-6946,-1341,-1468,948,-338,-38,85,374,301,0
2473926,675,674,0,1400,-9455,-1603,-1564,897,-73,-27,136,372,298,0
2477248,676,675,0,1400,-10553,-1481,-1422,836,-47,177,-141,369,298,0
2480583,677,676,0,1100,-10803,-1454,-1096,766,53,60,30,363,314,0
2483926,678,677,125,668,-10330,-1224,-719,710,427,62,105,350,337,0
2487252,679,678,293,650,-9005,-856,-288,651,547,-40,400,341,338,0
2490586,680,679,68,537,-5582,-716,222,604,186,32,154,353,344,0
2493955,681,680,500,218,-4339,-122,447,567,59,-35,425,329,360,0
2497255,682,681,218,0,-2986,273,737,551,208,-132,468,328,357,0
2500589,683,683,331,162,-814,183,2022,569,198,-71,712,322,347,0
2503927,684,684,875,143,1402,-103,2433,607,577,-153,262,293,332,0
2507258,685,685,912,12,4626,-190,2793,670,389,49,156,291,339,0
2510592,686,686,1156,575,8813,1044,3049,756,427,147,-33,294,325,0
2513951,686,687,1006,106,10865,1705,2980,843,-167,25,-1,302,334,0
2517262,687,688,818,0,10551,1756,2924,909,-19,148,-4,312,344,0
2520596,688,689,668,350,9847,1574,2816,971,-280,82,96,320,321,0
2523952,689,690,668,200,8249,2040,2388,1031,-293,175,124,320,329,0
2527264,690,691,743,218,6229,2577,1588,1061,-426,172,239,316,328,0
2530599,691,692,875,950,3287,4553,1569,1074,-573,86,357,326,322,0
2533952,692,693,593,1025,777,5007,1477,1072,-751,-242,421,341,302,0
2537268,693,693,406,1587,-3175,4627,853,1011,-287,-287,322,351,288,0
2540602,694,694,256,1812,-6530,2242,270,931,-478,-338,350,359,276,0
2543953,695,695,725,1700,-8921,581,-30,838,-211,-59,360,334,282,0
2547271,696,696,575,1643,-10354,-1368,298,748,-163,-196,154,342,285,0
2550606,697,697,650,1418,-10403,-3134,1145,698,-348,291,-17,338,297,0
2553953,698,698,518,1175,-10562,-3108,1779,694,-175,346,-303,345,310,0
2557274,699,699,331,1100,-12121,-2335,1494,701,250,325,-22,355,314,0
2560608,701,699,331,1568,-10619,-1759,988,722,514,-142,264,355,305,0
2563953,702,700,31,1231,-7777,-2510,1775,795,330,195,313,355,323,0
2567277,703,702,256,668,-5412,-2485,2229,905,529,-222,672,341,351,0
2570612,704,703,387,31,-406,-1727,2668,1029,334,47,569,334,369,0
2573954,705,704,781,12,1682,-193,3497,1182,458,-80,205,313,370,0
2577280,706,705,743,218,4339,1134,3548,1339,595,-10,157,315,359,0
2580616,706,706,1587,162,9548,1459,3121,1486,547,-126,194,286,362,0
2583954,707,707,1306,106,12499,777,3253,1632,-105,117,-75,301,365,0
2587284,708,708,1100,181,11459,669,2069,1731,16,-49,-16,312,361,0
2590618,709,709,1006,237,9809,387,997,1784,90,11,60,317,358,0
2593955,710,711,1400,143,8729,-612,-34,1792,-277,44,-14,296,347,0
2597287,711,712,1306,256,7376,-692,-1169,1749,319,357,28,301,341,0
2600622,712,713,1212,1006,7287,-141,-1628,1684,-257,117,-1,308,319,0
2603979,713,713,1156,1081,5831,449,-1834,1604,-454,-134,235,311,315,0
2607290,714,714,1100,1231,2649,-444,-2306,1468,-655,-177,186,314,307,0
2610625,715,715,1381,1418,-2297,-754,-2595,1311,-331,70,258,315,297,0
2613983,716,716,1268,1493,-5284,-914,-3040,1129,-393,285,174,305,293,0
2617294,716,717,1475,1531,-7901,-278,-3755,916,27,200,256,310,291,0
2620628,717,718,1362,1287,-8584,-193,-3718,707,92,338,141,316,304,0
2623983,718,719,1175,931,-8334,99,-3576,504,231,409,251,326,323,0
2627297,719,720,1081,800,-7784,582,-3246,314,179,153,164,331,330,0
2630631,720,721,950,631,-6435,793,-2818,152,284,-4,335,338,339,0
2633987,721,722,1006,387,-4484,1266,-2497,24,232,89,342,335,352,0
2637300,722,723,593,0,-1777,1735,-1948,-85,-175,-50,245,340,357,0
2640635,724,724,706,31,-869,1797,-1235,-170,-72,123,254,334,354,0
2643991,724,725,650,406,-34,1637,-526,-213,289,-202,424,337,334,0
2647303,726,726,237,275,337,664,294,-212,268,-213,252,343,341,0
2650637,727,727,856,462,3109,617,496,-196,363,36,-106,326,331,0
2653991,728,728,856,537,5543,1463,428,-192,219,165,-84,310,327,0
2657306,728,729,893,331,6828,3441,1512,-180,-285,-69,-138,324,338,0
2660642,730,730,368,106,6193,3021,1777,-180,-222,-194,-206,336,334,0
2663992,730,731,500,350,5390,1804,1611,-176,205,-46,168,345,337,0
2667309,732,732,0,256,6288,1703,1380,-164,-563,36,99,347,326,0
2670644,733,733,556,12,3808,1968,1336,-178,-287,-78,422,326,339,0
2673992,734,734,443,687,1417,2194,679,-226,-769,-159,345,333,320,0
2677313,735,735,200,875,-3560,1377,107,-306,-333,-288,460,346,310,0
2680647,736,736,125,1212,-5881,-90,-341,-426,-520,-158,398,350,292,0
2683992,737,737,0,1118,-8167,-1342,-983,-568,-234,-243,433,358,297,0
2687316,738,738,237,1062,-9402,-2634,-1503,-712,37,-63,318,344,300,0
2690650,739,739,275,950,-8683,-3031,-1566,-863,-153,-152,355,342,306,0
2693993,740,740,350,931,-8575,-3625,-1326,-969,-245,176,-123,354,323,0
2697319,741,741,0,575,-9682,-2940,-1360,-1043,47,247,-88,367,326,0
2700654,742,742,0,350,-9884,-2365,-1376,-1085,362,-58,-72,364,338,0
2703993,743,743,312,631,-7773,-1857,-579,-1066,659,138,584,356,339,0
2707323,744,744,593,687,-3143,-677,364,-1004,447,-54,587,339,334,0
2710657,745,745,312,50,173,-185,934,-918,206,22,453,338,352,0
2714014,746,746,1062,368,2284,461,1575,-796,454,-120,97,314,351,0
2717325,747,747,893,556,4982,1687,2191,-647,749,-68,174,323,341,0
2720660,748,748,725,218,8666,2047,2422,-476,462,-183,144,316,343,0
2724017,749,749,1062,312,11051,1785,2266,-288,121,-27,90,314,354,0
2727328,750,750,987,293,11681,1189,1880,-113,61,-23,-33,318,355,0
2730663,751,752,593,31,11882,1113,1332,40,82,-77,-42,323,353,0
2734017,752,753,931,106,11002,454,961,171,-446,175,51,321,349,0
2737332,753,754,725,368,7968,607,405,272,-211,13,58,332,335,0
2740667,754,755,725,481,6739,518,235,357,-264,-142,-34,334,331,0
2744017,755,756,912,1175,4366,153,-53,416,-600,-294,119,324,294,0
2747335,756,756,1062,1550,-966,-1560,-812,430,-515,13,168,316,290,0
2750669,757,757,1193,1418,-4672,-1529,-1891,387,-294,-171,218,309,297,0
2754018,758,758,1006,1568,-6895,-1849,-2412,302,-350,20,80,319,289,0
2757338,759,759,1156,1568,-9272,-1761,-3209,187,-12,117,211,311,289,0
2760672,760,760,987,1250,-9252,-1891,-3359,68,23,221,97,320,306,0
2764019,761,761,800,968,-8728,-1530,-3294,-81,237,283,299,330,321,0
2767342,762,762,875,556,-6934,-851,-2651,-219,382,239,233,326,343,0
2770676,763,763,1118,575,-4541,-273,-2132,-336,523,77,626,313,342,0
2774019,764,764,781,575,-1711,78,-1710,-433,242,239,234,331,342,0
2777344,765,765,537,293,-231,819,-900,-503,130,-80,370,327,340,0
2780679,766,766,368,68,1048,976,-338,-535,184,-81,319,336,352,0
2784019,767,767,500,143,2823,517,584,-520,136,-56,364,329,348,0
2787348,768,768,650,237,4553,191,1134,-474,-210,-117,44,321,343,0
2790683,769,769,762,181,4104,545,1603,-393,363,-78,88,315,330,0
2794040,770,770,593,425,5460,868,1628,-295,16,15,-4,308,317,0
2797351,770,771,650,218,7133,2156,1809,-189,49,-62,65,321,328,0
2800685,771,772,443,256,7517,2590,2038,-84,-527,76,129,332,326,0
2804044,772,773,256,181,5574,3069,1905,17,-234,-5,355,342,330,0
2807355,774,774,331,331,2400,4086,1284,100,-488,6,263,338,322,0
2810688,774,775,443,387,61,4651,1025,150,-415,-238,385,332,319,0
2814044,776,776,462,706,-2177,4306,762,162,-571,-225,434,332,319,0
2817357,777,777,631,1006,-5777,2976,334,144,-171,-274,407,339,303,0
2820692,778,778,612,1062,-7183,1338,-31,93,113,-268,418,340,300,0
2824044,779,779,293,1231,-7108,-181,-310,15,-54,-155,473,341,291,0
2827360,780,780,237,1118,-7322,-2388,-428,-73,-201,-53,220,344,297,0
2830695,781,781,218,1043,-7571,-3256,-328,-154,-254,8,107,345,301,0
2834044,782,781,162,1006,-8355,-3531,-130,-217,54,63,-41,348,319,0
2837364,783,783,312,612,-8621,-3414,-100,-261,100,95,173,340,324,0
2840698,784,783,125,706,-7891,-3311,-308,-301,297,42,46,350,335,0
2844045,785,785,0,50,-6350,-3117,-257,-322,286,-26,333,360,354,0
2847367,786,786,50,68,-3253,-2889,65,-327,266,17,212,354,353,0
2850702,787,787,87,106,-974,-2656,246,-318,173,92,430,350,349,0
2854045,788,788,350,237,747,-1637,571,-275,230,131,182,336,342,0
2857370,789,789,293,350,2655,293,1265,-176,341,77,204,339,336,0
2860704,790,790,387,143,4279,1246,1373,-58,294,-63,64,334,347,0
2864045,791,791,706,125,5584,1700,1514,89,547,149,115,317,348,0
2867374,792,792,706,50,8286,2115,1688,247,91,200,4,317,352,0
2870708,793,793,537,12,9623,2888,1532,398,-32,-41,31,326,354,0
2874066,794,794,575,143,9291,2915,1247,519,-270,-89,3,324,347,0
2877376,795,795,818,237,7186,2257,402,599,75,-205,156,311,342,0
2880766,796,796,1475,1043,7075,1006,-204,646,-179,50,26,294,317,0
2884070,797,797,1231,743,6310,233,-723,651,29,-24,185,291,317,0
2887380,798,798,1325,1062,5391,-1413,-1693,609,-605,-8,315,286,300,0
2890738,798,799,2056,1418,1671,-2645,-2533,511,-645,-174,416,279,297,0
2894069,799,800,1475,1381,-2228,-4149,-3291,373,-457,131,266,294,283,0
2897383,800,801,1287,1400,-6426,-4958,-4412,185,-249,227,165,304,282,0
2900742,801,802,1400,1550,-8167,-4549,-5019,-22,-19,201,156,314,290,0
2904071,802,802,1231,1493,-8688,-4059,-5372,-246,70,371,134,323,309,0
2907386,803,803,406,987,-8214,-2368,-5057,-468,305,407,273,351,320,0
2910744,804,804,575,950,-7031,-1000,-4334,-663,355,204,237,358,338,0
2914071,805,805,518,1043,-5815,505,-3938,-826,366,369,408,361,333,0
2917389,806,806,443,800,-3945,1351,-3070,-954,-9,20,382,348,329,0
2920748,807,807,462,743,-4035,1770,-2186,-1046,38,153,196,347,332,0
2924071,808,809,350,350,-3521,1779,-963,-1087,344,-183,439,337,321,0
2927392,809,809,481,256,-1485,1852,-449,-1100,400,-84,219,330,342,0
2930751,810,811,893,0,764,2233,410,-1077,12,65,254,308,346,0
2934071,811,812,800,0,1057,2630,1067,-1030,439,-105,126,313,344,0
2937397,812,813,687,50,3492,2415,1471,-974,282,20,167,319,337,0
2940753,813,814,668,368,5563,3221,2180,-902,178,103,51,320,320,0
2944071,814,815,593,368,6731,4134,2402,-824,-105,207,-3,324,320,0
2947399,815,816,425,87,6746,5042,2512,-736,110,5,39,333,335,0
2950754,816,817,518,125,7793,4240,2942,-636,-206,-15,-63,328,333,0
2954072,817,818,725,462,7324,4017,3240,-536,113,-39,25,334,332,0
2957402,818,819,500,331,7655,3259,2871,-454,-559,16,-16,346,339,0
2960758,819,820,537,556,4989,3436,2462,-395,-842,-141,286,344,327,0
2964093,820,821,443,1325,544,2854,1921,-375,-964,-171,267,349,286,0
2967405,821,821,350,1550,-5635,1010,1218,-380,-560,-303,280,354,290,0
2970762,822,822,537,1643,-9094,-1103,573,-409,-344,-233,482,344,285,0
2974097,823,823,687,1493,-11522,-2364,180,-456,32,75,315,336,293,0
2977409,824,824,762,1362,-11243,-3521,-185,-510,-174,-210,114,332,300,0
2980761,825,825,481,1025,-10612,-3642,-156,-554,-393,184,23,347,318,0
2984096,826,826,368,931,-11069,-3765,-438,-580,142,-98,-40,353,323,0
2987412,827,827,256,725,-10690,-3582,-226,-581,502,28,163,359,334,0
2990763,829,828,0,518,-6929,-3352,617,-539,577,-1,804,360,343,0
2994097,830,829,312,631,-1659,-2354,850,-459,368,112,746,338,337,0
2997415,831,830,800,443,2760,-1455,1614,-330,210,-97,420,328,347,0
3000763,832,831,500,500,4809,-905,2485,-149,350,91,-131,328,344,0
