Time, Rlegs, Llegs, DCL, DCR, GyroX, GyroY, GyroZ, GyroZAvg, AccelX, AccelY, AccelZ, LBEMF, RBEMF, SteerOut
967,548,546,0,0,-253,168,-112,-111,-21,2,226,72,73,0
4301,548,546,0,0,-254,169,-112,-111,-21,1,224,73,73,0
7640,548,546,0,0,-254,163,-111,-111,-19,1,228,72,73,0
10970,548,546,0,0,-254,166,-113,-111,-17,2,224,73,74,0
14305,548,546,0,0,-256,164,-112,-111,-22,5,222,73,73,0
17641,548,546,0,0,-257,164,-112,-111,-20,1,226,72,73,0
20973,548,546,0,0,-256,169,-110,-111,-19,3,225,72,73,0
24307,548,546,0,0,-256,169,-111,-111,-23,7,231,72,74,0
27642,548,546,0,0,-256,168,-112,-111,-21,5,226,72,74,0
30977,548,546,0,0,-253,170,-110,-111,-16,2,227,73,73,0
34311,548,546,0,0,-252,171,-109,-111,-18,1,224,72,73,0
37665,548,546,0,0,-252,169,-112,-111,-20,3,222,72,73,0
40980,548,546,0,0,-253,171,-112,-111,-20,1,219,72,74,0
44314,548,546,0,0,-255,169,-112,-111,-21,1,224,72,73,0
47669,548,546,0,0,-254,167,-110,-111,-16,-1,223,72,73,0
50983,548,546,0,0,-253,166,-110,-111,-20,5,223,72,74,0
54317,548,546,0,0,-258,168,-112,-111,-19,2,221,72,73,0
57669,548,546,0,0,-257,165,-114,-111,-19,4,225,72,74,0
60986,548,546,0,0,-256,166,-113,-111,-17,2,225,72,73,0
64321,548,546,0,0,-257,166,-113,-111,-18,1,228,72,73,0
67674,548,546,0,0,-256,171,-113,-111,-18,2,226,72,73,0
70989,548,546,0,0,-253,171,-112,-111,-20,4,223,72,74,0
74324,548,546,0,0,-253,171,-111,-111,-21,2,223,72,74,0
77678,548,546,0,0,-254,173,-111,-111,-19,2,226,72,74,0
80992,548,546,0,0,-253,170,-111,-111,-17,5,225,72,74,0
84327,548,546,0,0,-255,167,-109,-111,-17,3,222,72,74,0
87678,548,546,0,0,-254,166,-110,-111,-22,5,225,72,73,0
90995,548,546,0,0,-254,165,-110,-111,-22,1,225,72,74,0
94330,548,546,0,0,-258,165,-111,-111,-19,3,230,72,73,0
97678,548,546,0,0,-256,168,-110,-111,-20,3,223,72,74,0
101265,548,546,0,0,-255,165,-111,-111,-22,4,228,72,74,0
104333,0,0,0,0,-253,167,-112,-111,-18,1,228,72,74,0
107678,0,0,0,0,-254,170,-113,-111,-20,4,225,73,73,0
111002,0,0,0,0,-257,170,-114,-111,-18,2,219,73,74,0
114336,0,0,0,0,-255,171,-111,-111,-22,0,223,72,74,0
117679,0,0,0,0,-253,171,-112,-111,-20,0,224,72,74,0
121005,0,0,0,0,-252,169,-110,-111,-19,1,225,72,73,0
124340,0,0,0,0,-256,167,-111,-111,-20,3,227,73,74,0
127679,0,0,0,0,-256,166,-113,-111,-19,0,219,73,74,0
131009,0,0,0,0,-255,166,-112,-111,-18,2,227,73,74,0
134343,0,0,0,0,-255,166,-110,-111,-19,1,220,72,74,0
137679,0,0,0,0,-255,167,-110,-111,-21,1,223,73,73,0
141011,0,0,0,0,-256,166,-112,-111,-20,0,228,72,73,0
144346,0,0,0,0,-254,165,-111,-111,-20,1,226,72,74,0
147701,0,0,0,0,-254,166,-115,-111,-20,4,225,72,74,0
151015,0,0,0,0,-254,170,-114,-111,-18,1,227,72,73,0
154349,0,0,0,0,-253,170,-110,-111,-19,0,222,72,73,0
157704,0,0,0,0,-253,167,-110,-111,-24,5,221,73,74,0
161018,0,0,0,0,-253,171,-109,-111,-23,2,225,72,73,0
164353,0,0,0,0,-255,169,-111,-111,-21,2,227,72,74,0
167704,0,0,0,0,-252,169,-108,-111,-20,1,225,72,74,0
171021,0,0,0,0,-255,166,-111,-111,-23,3,223,73,74,0
174355,0,0,0,0,-255,168,-109,-111,-20,2,229,73,74,0
177704,0,0,0,0,-252,169,-111,-111,-21,0,221,72,73,0
181024,0,0,0,0,-254,168,-112,-111,-21,3,227,72,74,0
184360,0,0,0,0,-254,166,-113,-111,-21,2,227,72,73,0
187705,0,0,0,0,-254,170,-113,-111,-21,2,223,72,74,0
191028,0,0,0,0,-256,168,-114,-111,-25,2,227,73,74,0
194362,0,0,0,0,-252,170,-113,-111,-20,0,224,72,74,0
197705,0,0,0,0,-257,169,-113,-111,-23,2,220,72,74,0
201031,0,0,0,0,-253,168,-111,-111,-18,1,225,72,73,0
204365,0,1,1287,968,-254,169,-109,-111,-12,-35,209,73,74,0
207709,0,1,125,181,-290,91,-111,-111,-101,-16,198,151,132,0
211034,1,1,0,181,-460,82,-87,-110,23,13,238,153,132,0
214368,1,1,200,481,-363,90,-102,-110,29,20,231,147,132,0
217708,1,2,406,293,-204,19,32,-105,-30,6,204,152,142,0
221038,2,2,68,575,-103,-43,160,-97,4,24,201,170,143,0
224371,2,2,256,425,18,106,267,-85,-10,10,206,160,151,0
227730,2,3,631,237,37,263,361,-70,-37,-10,228,156,161,0
231040,3,3,387,556,-36,301,359,-56,-27,7,232,169,160,0
234375,3,3,781,725,-114,292,301,-43,11,44,242,164,167,0
237733,4,4,256,293,-21,278,258,-31,-32,21,230,176,174,0
241044,4,4,612,462,120,262,273,-19,-5,35,263,173,181,0
244378,4,5,931,387,349,286,214,-9,-29,4,267,172,185,0
247734,5,5,537,556,429,207,148,-1,-60,75,296,193,192,0
251048,5,6,687,143,366,151,-68,0,-87,49,274,185,198,0
254381,6,6,368,256,203,151,-207,-2,-54,82,272,190,196,0
257734,6,7,1043,275,82,227,-388,-11,-70,52,284,170,195,0
261050,7,7,387,181,-289,200,-593,-26,-79,63,294,189,200,0
264385,7,8,818,293,-554,72,-851,-49,-50,45,288,182,194,0
267734,8,8,762,425,-654,-94,-1066,-79,-40,51,270,185,203,0
271054,8,9,706,237,-800,-348,-1299,-116,-56,33,248,188,197,0
274387,9,9,612,406,-1005,-603,-1368,-156,-89,40,266,193,204,0
277734,9,10,987,518,-1223,-860,-1463,-198,-38,67,243,189,198,0
281056,10,10,687,443,-1462,-1125,-1537,-243,-66,92,201,189,202,0
284391,10,11,856,443,-1805,-1249,-1523,-287,-56,29,199,196,202,0
287735,11,11,593,668,-2128,-1405,-1509,-330,-28,162,194,210,206,0
291059,11,12,631,575,-2415,-1554,-1470,-373,-47,81,180,208,195,0
294394,12,12,443,875,-2600,-1628,-1342,-411,-76,121,127,218,195,0
297735,12,13,987,725,-2869,-1546,-1288,-448,-56,89,179,205,203,0
301063,13,14,331,500,-3204,-1590,-1190,-481,15,198,198,224,199,0
304397,14,14,500,818,-3121,-1425,-1165,-514,-39,244,152,227,210,0
307756,14,15,762,893,-3271,-1200,-977,-541,-68,83,139,229,206,0
311067,15,15,237,462,-3498,-908,-870,-565,-50,137,204,241,229,0
314425,16,16,106,650,-3574,-565,-795,-587,-6,241,104,248,219,0
317756,16,16,537,987,-3589,-114,-601,-603,66,129,143,241,217,0
321069,17,17,218,800,-3296,49,-425,-613,41,179,178,258,227,0
324428,18,18,350,800,-3147,270,-348,-625,40,194,100,251,227,0
327760,18,18,518,687,-3043,683,-123,-633,109,99,136,242,233,0
331073,19,19,331,612,-2303,732,255,-634,104,209,159,252,237,0
334430,20,20,87,706,-1636,941,579,-627,76,145,80,265,232,0
337760,21,21,106,293,-1046,1403,1065,-605,118,25,137,248,238,0
341077,21,21,350,462,-173,1364,1445,-569,52,36,95,251,245,0
344434,22,22,331,593,280,1578,1791,-521,208,88,59,252,238,0
347761,23,23,350,556,1262,1914,2259,-459,175,7,88,251,240,0
351079,24,23,87,537,2629,1934,2830,-377,69,84,77,249,241,0
354436,24,24,331,0,3139,2443,3113,-285,332,-77,104,242,260,0
357761,25,25,368,218,4533,2779,3457,-175,197,-82,112,240,248,0
361083,26,26,331,68,5847,2303,3712,-52,112,-56,135,226,240,0
364440,26,26,1006,50,6004,2006,3698,75,182,-109,205,206,257,0
367761,27,27,743,68,6573,1460,3518,203,-105,-155,375,220,256,0
371085,27,28,762,12,5581,240,2770,316,-313,-142,401,219,243,0
374443,28,28,968,331,3637,-1003,1723,403,-48,-193,480,208,242,0
377761,29,29,968,425,2448,-2129,800,469,-207,-72,553,208,237,0
381088,29,30,725,593,469,-2587,-1158,475,-154,-28,578,221,212,0
384443,30,30,800,800,-870,-2553,-2600,440,-62,-57,589,217,217,0
387761,30,31,1250,1100,-1273,-2359,-3603,375,-37,-44,609,209,201,0
391092,31,32,800,1043,-941,-1474,-4468,283,-12,54,588,217,204,0
394447,32,32,818,875,-526,-768,-4839,179,31,99,488,216,213,0
397782,32,33,950,706,-91,-219,-4925,71,110,108,434,225,222,0
401095,33,33,912,968,675,341,-4888,-39,-117,141,393,237,234,0
404451,33,34,931,537,587,428,-4572,-141,9,-21,197,236,241,0
407786,34,35,725,631,559,401,-4191,-235,-9,162,182,247,236,0
411098,35,35,837,893,456,685,-3745,-316,-131,73,174,241,238,0
414451,36,36,293,931,53,674,-3511,-395,-164,148,80,270,236,0
417787,36,37,443,537,-834,397,-3206,-468,-50,-37,22,262,241,0
421101,37,37,350,593,-1392,-48,-2751,-529,-62,9,17,267,254,0
424452,38,38,237,500,-1647,-238,-2467,-587,-25,-51,-49,273,259,0
427786,39,39,0,331,-1974,-446,-2411,-649,-56,-68,16,272,252,0
431104,40,40,0,106,-2799,-858,-2455,-715,-134,35,-124,274,264,0
434452,40,40,256,275,-3753,-753,-2263,-782,-29,-91,-24,272,271,0
437787,41,41,218,256,-3820,-737,-1908,-850,-127,10,50,274,272,0
441107,42,42,125,0,-4150,-780,-1955,-929,-1,-17,-1,263,274,0
444452,43,43,0,0,-4101,-1064,-1814,-1019,-12,34,39,275,270,0
447787,44,44,31,181,-3749,-1052,-1779,-1119,73,88,16,268,260,0
451111,44,45,237,631,-3217,-293,-1574,-1225,91,105,54,261,240,0
454452,45,45,293,125,-2631,250,-1384,-1338,-43,59,30,242,251,0
457787,46,46,218,425,-2842,514,-1512,-1474,239,-74,76,246,235,0
461114,46,47,556,125,-1440,352,-1456,-1617,211,-95,163,228,235,0
464454,47,47,668,237,344,37,-1093,-1759,179,18,206,222,245,0
467788,48,48,575,368,1813,83,-847,-1902,222,-95,194,227,238,0
471117,48,49,631,50,3615,228,-551,-2034,133,10,321,224,239,0
474474,49,49,575,218,4650,528,-567,-2162,97,125,334,227,246,0
477809,50,50,443,368,5182,1396,-576,-2267,52,192,242,234,238,0
481120,50,51,575,31,5653,3103,-700,-2342,-360,122,359,227,240,0
484477,51,52,368,143,4917,4253,-1080,-2401,-509,111,503,238,234,0
487812,52,52,218,593,2808,4881,-1207,-2403,-658,-78,627,246,226,0
491124,53,53,481,668,-1903,3966,-1394,-2365,-476,-365,709,232,206,0
494477,53,53,687,1025,-4257,2198,-1251,-2291,-214,-184,711,221,203,0
497813,54,54,612,1156,-5301,385,-1101,-2186,71,25,683,225,196,0
501127,54,54,1081,1550,-4776,-1195,-907,-2063,154,-62,542,228,203,0
504478,55,55,443,725,-3435,-2182,-587,-1928,13,65,374,246,231,0
507813,56,56,237,612,-3104,-2364,-227,-1782,-398,119,-3,257,237,0
511130,57,56,331,931,-5326,-2043,-241,-1647,-179,4,51,252,236,0
514478,57,57,856,575,-6202,-1922,-49,-1517,-37,98,100,240,255,0
517813,58,58,106,331,-6202,-1576,228,-1393,194,12,144,264,252,0
521133,59,59,143,650,-4794,-1176,293,-1274,246,-2,198,262,251,0
524479,60,59,0,200,-3285,-1233,159,-1169,29,50,32,277,275,0
527813,60,60,256,0,-2909,-1099,235,-1076,162,-71,106,256,272,0
531136,61,61,125,237,-1657,-1317,410,-986,184,-10,41,263,257,0
534479,62,62,331,125,-589,-1299,512,-895,126,-104,96,252,263,0
537813,63,62,12,518,-68,-1017,686,-796,6,10,10,269,258,0
541139,64,63,293,87,261,-840,688,-704,-141,109,-74,254,265,0
544479,64,64,256,0,-228,-425,691,-623,187,-82,-13,256,270,0
547814,65,65,50,218,356,-347,589,-543,70,4,78,267,258,0
551143,66,66,0,0,1332,-62,636,-467,85,171,71,261,263,0
554501,66,66,181,106,1825,925,909,-383,272,-84,125,250,254,0
557835,67,67,350,0,3284,1427,1352,-291,66,-16,85,241,265,0
561146,68,68,331,181,3979,1702,1369,-205,206,71,54,242,250,0
564504,69,69,237,0,4780,2348,1302,-117,281,49,104,231,252,0
567837,69,70,462,0,6289,3000,1434,-27,136,76,109,235,257,0
571150,70,70,443,293,7187,3550,1374,49,108,-38,99,236,244,0
574504,70,71,781,0,7434,3306,1304,116,-121,-78,273,218,244,0
577837,71,72,912,125,6783,2432,1070,167,-301,-150,358,211,237,0
581153,72,72,987,537,4692,965,787,209,-369,-178,406,207,231,0
584504,72,73,1156,706,2336,-414,349,238,-342,-293,586,198,206,0
587838,73,73,1006,856,-130,-1958,-603,241,-145,-155,641,206,214,0
591155,73,74,1381,1193,-2199,-3424,-1396,231,-53,27,580,202,196,0
594505,74,74,893,1100,-2887,-3580,-2178,201,176,86,533,212,201,0
597838,74,75,1362,931,-2590,-2712,-2866,155,65,166,584,203,210,0
601159,75,76,1212,893,-2025,-1624,-3275,92,94,167,555,221,222,0
604505,76,76,950,931,-1554,-608,-3325,22,76,186,399,235,236,0
607838,76,77,1062,537,-1043,510,-3220,-49,159,148,377,229,241,0
611162,77,78,856,462,-147,1171,-3107,-128,37,109,346,240,245,0
614505,78,78,800,556,80,1307,-2847,-210,32,46,183,243,256,0
617838,78,79,762,143,-104,1317,-2514,-281,-62,52,141,245,262,0
621165,79,80,462,293,-627,1336,-2419,-355,-162,84,7,261,254,0
624505,80,81,368,275,-1114,1075,-2274,-433,-23,-2,-54,266,255,0
627839,81,82,275,31,-1286,827,-2040,-506,-54,-8,13,271,268,0
631168,82,82,0,143,-1400,565,-2049,-575,-55,-64,-80,274,262,0
634506,82,83,218,143,-1715,248,-1918,-642,-22,-104,26,274,262,0
637839,83,84,162,87,-1956,95,-1571,-704,-101,38,7,277,265,0
641171,84,85,0,0,-2812,133,-1358,-763,-21,24,-17,276,264,0
644527,85,85,68,218,-3063,206,-1265,-824,-28,99,60,266,258,0
647863,86,86,0,0,-3184,356,-1042,-878,40,62,6,280,273,0
651176,87,87,31,218,-3023,569,-1068,-933,36,82,31,256,246,0
654530,87,88,50,125,-2962,944,-1129,-986,51,213,15,255,235,0
657866,88,88,312,443,-2809,1746,-955,-1036,221,-99,103,241,234,0
661178,89,89,237,518,-1379,1520,-811,-1090,181,-100,184,245,230,0
664530,89,90,500,162,-92,952,-806,-1157,130,6,77,231,233,0
667871,90,90,593,293,1234,497,-672,-1221,268,-74,135,226,242,0
671182,91,91,556,312,3115,340,-421,-1275,64,-96,204,228,241,0
674532,91,92,706,0,4118,178,-242,-1327,212,20,175,220,243,0
677872,92,92,518,125,5677,377,-82,-1373,145,5,198,230,251,0
681184,93,93,312,275,6707,949,80,-1411,-316,81,360,241,243,0
684531,93,94,218,256,5637,1516,40,-1443,-583,-29,426,246,228,0
687872,94,94,162,706,1217,1505,-413,-1481,-594,-187,605,249,220,0
691188,95,95,256,781,-2156,931,-677,-1513,-378,-132,777,244,216,0
694531,95,96,518,725,-4094,134,-916,-1523,-185,-104,794,230,203,0
697873,96,96,293,893,-4888,-565,-959,-1509,27,-63,813,242,210,0
701191,97,97,387,1100,-3831,-728,-1089,-1475,71,-24,622,249,211,0
704532,98,97,406,1175,-2811,-1082,-1052,-1418,-464,83,260,248,223,0
707873,98,98,462,500,-4035,-578,-845,-1342,-320,11,158,245,243,0
711194,99,99,200,537,-5433,-346,-463,-1253,-40,-46,240,259,241,0
714532,100,100,125,518,-5371,-475,-10,-1152,-9,4,210,263,242,0
717873,100,100,312,350,-4469,-531,341,-1045,253,34,225,253,251,0
721197,101,101,0,537,-3076,-860,249,-948,89,78,134,272,241,0
724553,102,102,31,275,-2176,-881,207,-863,45,48,67,268,255,0
727874,103,102,87,406,-1815,-642,388,-775,70,-40,21,265,264,0
731200,104,103,0,68,-1482,-822,342,-693,-92,82,-68,260,266,0
734557,104,104,331,256,-1676,-648,424,-616,-21,-27,-30,252,256,0
737874,105,105,143,218,-1578,-572,512,-536,73,41,-7,262,258,0
741204,106,106,0,12,-1353,-483,543,-460,-9,-77,22,255,253,0
744557,107,106,0,0,-1386,-119,613,-391,205,-61,74,266,270,0
747874,107,107,312,143,-313,-10,721,-326,55,95,17,253,262,0
751207,108,108,200,0,151,378,817,-261,133,-11,35,249,260,0
754557,109,109,0,143,801,772,974,-198,188,-28,88,262,252,0
757899,110,110,0,0,2088,956,1125,-130,76,52,86,245,265,0
761211,110,110,462,162,2654,1614,1197,-57,306,-33,155,235,251,0
764557,111,111,312,143,4131,1941,1315,13,291,-86,194,243,252,0
767900,112,112,350,0,6157,1541,1231,77,271,-52,187,225,246,0
771213,112,112,781,312,7450,1248,1190,139,223,-163,197,218,243,0
774558,113,113,725,106,8747,632,1165,197,-217,-73,288,221,254,0
777900,113,114,818,31,7156,-567,835,236,-192,-108,290,216,242,0
781216,114,114,500,537,5194,-1377,541,260,-281,-190,366,233,231,0
784558,115,115,668,968,3054,-2078,0,263,-418,-174,497,224,208,0
787900,115,116,1006,556,-749,-2779,-1109,226,-294,-46,547,206,214,0
791219,116,116,762,912,-2634,-2936,-1925,164,20,87,542,219,211,0
794558,116,117,1343,1043,-3158,-2477,-2561,97,162,63,576,204,204,0
797901,117,117,800,968,-2340,-1371,-3315,15,60,139,590,217,208,0
801223,118,118,1100,950,-1771,-605,-3550,-67,35,180,432,211,219,0
804579,118,119,1362,631,-1693,-17,-3511,-146,0,111,384,213,236,0
807901,119,119,706,481,-1502,458,-3339,-217,88,90,342,232,244,0
811227,120,120,1081,668,-1342,559,-3094,-281,154,181,286,228,234,0
814583,120,121,912,481,-957,697,-2741,-340,97,90,221,237,244,0
817902,121,121,612,893,-511,735,-2393,-400,69,69,245,253,238,0
821229,122,122,518,406,-314,589,-2147,-467,56,98,62,242,248,0
824583,122,123,687,312,-528,377,-1884,-536,51,-61,41,249,253,0
827901,123,124,275,200,-711,-136,-1517,-592,17,37,53,271,259,0
831233,124,124,218,312,-674,-318,-1618,-649,-172,-121,-161,274,269,0
834584,125,125,0,0,-1315,-463,-1814,-717,-68,-104,-15,277,277,0
837902,126,126,0,181,-2275,-366,-1601,-778,4,35,-43,276,260,0
841236,126,127,181,50,-2652,-66,-1277,-831,45,-24,27,276,267,0
844583,127,128,331,68,-2319,-166,-1113,-882,-186,65,-76,268,266,0
847926,128,128,237,12,-2774,-297,-1065,-932,96,57,-92,257,269,0
851239,129,129,0,50,-2505,-240,-1109,-986,-49,103,85,276,255,0
854584,130,130,0,425,-2194,-32,-1037,-1041,17,66,-15,262,235,0
857929,130,131,237,237,-2043,785,-876,-1094,77,-43,-10,245,229,0
861243,131,131,218,481,-1786,886,-827,-1150,38,-77,83,246,232,0
864584,132,132,368,518,-1253,598,-910,-1214,105,-18,90,238,230,0
867930,132,133,612,50,172,149,-759,-1275,232,-168,170,225,239,0
871245,133,133,481,237,1958,-139,-538,-1333,139,-32,264,232,245,0
874584,134,134,481,312,3291,-381,-430,-1385,137,-3,189,232,241,0
877931,134,135,612,12,4425,-429,-380,-1434,38,28,241,225,241,0
881248,135,135,500,275,4910,152,-451,-1484,-121,264,420,231,243,0
884607,136,136,631,368,4655,1431,-571,-1528,-190,304,417,224,238,0
887930,136,137,518,200,3817,3464,-680,-1566,-570,-34,560,230,231,0
891251,137,137,312,575,1778,3935,-765,-1590,-734,30,747,241,227,0
894608,138,138,537,1043,-1457,3371,-1022,-1588,-360,-127,694,229,202,0
897930,138,138,500,1006,-3380,1880,-897,-1556,-181,-206,766,231,204,0
901255,139,139,612,1193,-3997,511,-713,-1498,-161,-261,723,237,206,0
904608,140,140,537,875,-4253,-819,-507,-1410,-11,-13,381,241,223,0
907931,140,140,462,593,-3547,-1689,-27,-1300,-37,73,250,245,238,0
911258,141,141,462,650,-3643,-1741,244,-1183,-242,101,158,245,235,0
914608,142,142,68,650,-4750,-1638,155,-1073,-115,84,60,266,235,0
917931,142,142,593,650,-5545,-1226,184,-971,158,17,129,254,251,0
921262,143,143,181,331,-4500,-1097,368,-874,110,132,211,260,252,0
924608,144,144,50,406,-3665,-943,390,-787,133,19,136,267,248,0
927931,145,145,0,143,-2564,-588,441,-706,170,58,97,275,262,0
931264,146,146,387,518,-1651,-660,255,-639,-33,22,-13,265,258,0
934609,146,146,87,125,-1412,-564,332,-581,98,-132,-14,265,263,0
937933,147,147,143,275,-1114,-916,504,-515,19,-175,11,262,255,0
941267,148,148,12,275,-1155,-1269,500,-443,61,36,4,269,255,0
944609,149,149,218,162,-1202,-921,653,-372,125,-61,40,258,261,0
947937,149,149,237,200,-665,-911,761,-309,-9,62,-8,257,259,0
951271,150,150,218,0,-711,-614,746,-250,64,27,-57,248,260,0
954609,151,151,0,312,-291,-212,724,-195,101,17,16,265,243,0
957939,152,152,0,0,332,-75,677,-139,36,40,-11,255,257,0
961274,152,152,350,87,474,316,657,-86,233,-21,122,241,255,0
964609,153,153,181,50,1687,600,832,-32,117,83,156,250,257,0
967943,154,154,0,0,3030,1242,999,24,172,142,103,247,248,0
971278,154,155,612,181,3873,2046,1058,85,292,32,110,227,250,0
974634,155,155,800,181,5302,2537,1166,145,201,68,154,217,250,0
977946,156,156,556,0,6772,2993,1145,198,230,55,161,214,250,0
981280,156,157,762,0,7924,3240,1212,249,17,-10,201,219,244,0
984637,157,157,687,668,7707,2980,1237,300,-177,-15,316,223,224,0
987949,157,158,931,350,5670,2057,972,344,-242,-92,348,210,225,0
991284,158,159,687,706,3677,1341,987,393,-710,-244,493,223,206,0
994641,159,159,1081,1250,332,-4,569,432,-268,-227,673,202,193,0
997964,159,160,1550,1493,-2785,-1710,-402,443,-245,-57,669,203,190,0
1001287,160,160,1268,1100,-3923,-2313,-1096,441,141,16,621,202,211,0
1004643,160,161,1400,1043,-3682,-2376,-1842,411,139,-6,668,211,214,0
1007956,161,161,1287,1175,-2023,-1882,-2408,358,80,134,601,217,223,0
1011290,162,162,1550,818,-1120,-1164,-2428,298,-31,148,444,203,226,0
1014643,162,163,1025,481,-860,-357,-2649,216,51,54,301,231,244,0
1017959,163,164,706,218,-699,313,-2554,129,-4,143,333,248,258,0
1021294,164,164,743,687,-756,595,-2439,48,46,125,149,246,249,0
1024643,164,165,781,87,-1047,693,-2268,-28,-19,25,87,244,265,0
1027963,165,166,575,218,-1597,703,-2244,-109,35,114,85,255,258,0
1031296,166,167,143,256,-1659,631,-2208,-190,29,-74,-55,278,272,0
1034644,167,167,0,312,-1586,571,-2279,-275,-30,-77,-12,286,269,0
1037966,168,168,87,106,-2038,449,-2312,-356,-72,-40,-137,265,264,0
1041300,168,169,387,68,-2752,137,-2136,-433,-81,-145,-56,265,266,0
1044644,169,170,368,50,-3184,-328,-1882,-507,-62,-29,47,266,267,0
1047969,170,171,87,0,-3297,-681,-1522,-571,-45,61,-135,269,265,0
1051303,171,171,0,0,-3514,-474,-1404,-635,-58,-48,58,268,264,0
1054644,171,172,293,181,-3522,-176,-1296,-699,180,69,63,258,248,0
1057971,172,173,0,125,-2254,308,-1058,-756,168,101,119,260,235,0
1061306,173,173,181,481,-1287,820,-960,-808,93,-6,95,248,232,0
1064644,174,174,237,556,-798,1136,-928,-858,184,17,64,245,228,0
1067975,174,175,500,200,504,1100,-687,-900,128,-165,134,231,231,0
1071309,175,175,406,312,1626,726,-543,-943,146,-123,174,236,241,0
1074644,176,176,387,181,2768,476,-436,-988,219,-78,128,237,248,0
1077978,176,177,537,0,4530,304,-193,-1027,179,-41,167,229,243,0
1081312,177,178,312,0,5593,449,-23,-1064,89,89,238,241,251,0
1084670,178,178,181,425,6191,895,101,-1097,-39,92,159,248,235,0
1087981,178,179,368,0,6315,2005,115,-1131,-366,1,282,238,242,0
1091315,179,180,125,181,4716,2705,-45,-1171,-701,-45,480,251,232,0
1094672,180,180,162,725,1113,2748,-472,-1216,-530,-99,521,249,219,0
1097984,180,181,950,1175,-3265,1774,-578,-1265,-304,-216,694,235,207,0
1101319,181,181,406,1025,-5064,493,-698,-1305,-189,-119,768,248,215,0
1104671,182,182,537,1025,-5827,-586,-748,-1316,134,-14,678,241,215,0
1107988,183,183,443,912,-4365,-1357,-837,-1308,199,-68,595,246,221,0
1111322,183,183,331,800,-3091,-1786,-538,-1267,-277,196,356,252,227,0
1114671,184,184,181,781,-3508,-1622,-507,-1208,-400,158,105,260,228,0
1117992,185,185,368,556,-5680,-1253,-602,-1150,50,39,186,250,240,0
1121325,185,185,575,687,-5516,-1055,-14,-1068,3,17,206,255,249,0
1124672,186,186,181,481,-5119,-878,264,-980,259,77,203,260,244,0
1127994,187,187,0,481,-3399,-966,213,-897,141,105,109,275,244,0
1131329,188,187,87,593,-2032,-938,87,-824,11,97,64,265,254,0
1134672,189,188,87,462,-1505,-534,503,-738,74,-110,86,265,261,0
1137997,189,189,312,237,-785,-403,600,-650,6,23,12,253,257,0
1141331,190,190,0,368,-526,-169,748,-555,-21,41,-20,270,250,0
1144672,191,191,312,106,-574,283,889,-455,111,44,19,253,264,0
1148001,192,191,12,312,-197,303,940,-359,-37,87,2,259,259,0
1151336,192,192,162,0,-342,533,831,-274,132,-34,25,251,264,0
1154672,193,193,125,50,233,704,854,-200,69,-54,25,253,257,0
1158003,194,194,106,68,974,1017,1017,-125,88,-22,27,254,256,0
1161338,194,194,368,68,1281,1530,1162,-48,234,-88,70,240,256,0
1164696,195,195,331,87,2423,1602,1232,23,86,16,108,242,255,0
1168007,196,196,406,293,3295,1797,1184,90,185,51,120,238,244,0
1171341,196,197,668,0,4344,1929,1189,156,328,-131,182,224,252,0
1174699,197,197,631,162,6041,1292,1197,215,189,-88,214,226,251,0
1178011,198,198,631,106,7354,824,1044,264,155,-89,168,226,254,0
1181344,198,199,968,0,7745,228,926,307,-243,-128,368,208,247,0
1184701,199,200,556,125,6905,-880,657,334,-310,-99,436,230,237,0
1188013,200,200,743,556,4096,-1618,48,336,-190,-80,383,220,230,0
1191347,200,201,762,556,1998,-1978,-552,315,-307,-91,458,219,214,0
1194705,201,201,668,950,72,-2361,-1567,263,-69,-17,586,224,209,0
1198016,201,202,2131,2093,-1645,-2331,-2165,197,-152,106,567,220,206,0
1201351,202,203,1175,987,-2504,-1917,-2881,121,-16,-9,546,255,249,0
1204709,203,203,1043,1137,-2629,-1304,-3545,29,107,73,577,262,257,0
1208020,204,204,1156,1381,-1472,-829,-3723,-65,-56,113,414,256,244,0
1211354,204,205,1606,1193,-997,-308,-3660,-156,77,-23,410,248,254,0
1214709,205,206,1006,668,-574,-158,-3564,-241,-104,108,331,264,266,0
1218023,206,206,781,781,-1058,-63,-3423,-331,-57,198,207,276,276,0
1221358,207,207,593,593,-1489,-111,-3248,-417,5,132,216,286,286,0
1224709,208,208,518,518,-1681,-274,-2875,-488,82,21,30,290,290,0
1228026,209,209,331,387,-1978,-370,-2692,-572,57,-51,58,284,281,0
1231361,210,210,368,406,-1859,-349,-2654,-663,-70,53,-101,298,280,0
1234710,210,211,218,275,-2097,-284,-2698,-754,-93,-244,-80,306,287,0
1238029,211,212,87,0,-2916,-479,-2424,-832,-174,9,-51,297,290,0
1241364,212,213,12,0,-3716,-555,-2335,-921,67,-168,-30,301,304,0
1244710,213,214,312,0,-3737,-1142,-2023,-1003,-176,23,49,285,295,0
1248032,214,215,0,0,-4218,-1142,-1742,-1081,152,6,9,294,300,0
1251368,215,215,0,0,-3661,-878,-1580,-1158,178,89,154,286,275,0
1254710,216,216,0,312,-2276,29,-1379,-1230,-1,70,-10,278,257,0
1258036,216,217,743,425,-1983,702,-1339,-1298,55,-70,73,250,251,0
1261370,217,218,331,293,-1243,817,-1239,-1364,106,3,111,256,242,0
1264710,218,218,218,275,87,417,-988,-1426,265,-107,54,262,259,0
1268040,219,219,612,293,1630,96,-799,-1488,48,-113,175,241,258,0
1271373,219,220,537,0,2780,-233,-794,-1551,72,47,188,245,259,0
1274710,220,221,425,87,3582,-1,-743,-1611,89,92,180,251,253,0
1278043,221,221,462,125,4449,821,-800,-1673,-2,249,291,249,267,0
1281376,222,222,650,68,5176,2077,-812,-1736,-193,54,228,239,254,0
1284735,222,223,368,181,4792,3907,-1021,-1801,-453,-7,359,254,248,0
1288045,223,224,275,406,2969,4587,-1313,-1871,-577,78,461,259,236,0
1291379,224,224,331,631,267,4523,-1319,-1932,-527,-246,513,240,224,0
1294736,224,225,612,1043,-3181,3055,-1323,-1975,-392,-226,617,241,202,0
1298049,225,225,668,1718,-5195,1221,-1194,-1995,-175,-217,673,250,194,0
1301384,226,226,237,912,-6067,-681,-993,-1977,88,-119,640,257,221,0
1304736,227,226,537,1118,-5144,-2356,-546,-1927,113,9,473,241,226,0
1308052,227,227,556,856,-4194,-2893,25,-1836,-330,184,158,256,240,0
1311386,228,228,181,893,-4965,-2540,310,-1715,-252,272,3,276,238,0
1314736,229,229,0,425,-6836,-1816,-15,-1600,96,163,151,274,247,0
1318055,230,229,143,818,-6443,-1396,35,-1484,70,176,167,262,242,0
1321389,231,230,387,556,-5670,-666,328,-1362,310,-6,268,265,256,0
1324736,231,231,331,443,-3298,-711,446,-1242,183,17,152,268,262,0
1328058,232,232,162,0,-2091,-986,241,-1132,161,-99,115,261,270,0
1331392,233,233,0,143,-1066,-853,512,-1027,186,-112,137,278,278,0
1334736,234,233,218,256,861,-938,1010,-911,68,20,44,258,272,0
1338061,234,234,312,200,1118,-578,1316,-787,72,85,43,253,259,0
1341396,235,235,125,125,1552,-18,1414,-658,8,164,-47,263,263,0
1344737,236,236,162,162,1701,936,1331,-541,172,32,13,261,261,0
1348064,237,237,0,87,2166,1659,1268,-428,333,-42,81,262,271,0
1351399,237,237,181,0,3920,1730,1476,-319,-37,-9,44,250,273,0
1354736,238,238,162,0,4569,2103,1622,-214,67,44,52,251,264,0
1358067,239,239,181,68,5199,2485,1692,-112,89,18,52,250,256,0
1361402,240,240,443,0,5914,2795,1627,-18,29,67,12,236,246,0
1364758,240,240,518,0,6479,3300,1440,68,254,-97,66,232,261,0
1368071,241,241,312,200,7603,2902,1433,152,-46,-81,216,243,249,0
1371405,242,242,575,0,7072,1964,1263,222,-336,-189,244,229,244,0
1374762,242,243,837,106,4276,444,751,270,-193,-298,364,215,238,0
1378074,243,243,556,650,2275,-771,234,302,-270,-256,423,230,225,0
1381409,243,244,818,650,336,-1998,-402,313,-153,-193,465,216,209,0
1384762,244,244,875,931,-1540,-3350,-1486,292,-62,-79,454,213,210,0
1388077,245,245,856,1100,-2428,-3551,-2132,250,-89,74,562,214,201,0
1391412,245,245,762,837,-2972,-3087,-2887,192,6,119,575,219,215,0
1394762,246,246,725,762,-2882,-2086,-3341,129,142,157,489,221,219,0
1398080,246,247,1250,781,-2162,-1216,-3220,69,117,93,490,219,228,0
1401415,247,247,1025,837,-1220,-373,-3122,13,107,181,436,231,241,0
1404762,248,248,593,575,-333,591,-2827,-37,63,147,337,238,239,0
1408083,248,249,950,481,-20,1089,-2593,-87,71,104,321,235,244,0
1411418,249,249,706,687,-1,1268,-2244,-140,-68,199,183,248,249,0
1414763,250,250,743,425,-817,1416,-1927,-201,-109,86,70,246,263,0
1418087,251,251,331,350,-1684,1288,-1674,-263,64,-14,91,252,251,0
1421421,251,252,293,181,-1802,833,-1381,-306,33,56,14,270,260,0
1424763,252,252,237,425,-1874,646,-1250,-346,-52,-89,-93,273,263,0
1428091,253,253,125,237,-2200,374,-1222,-394,-106,-69,-15,279,273,0
1431424,254,254,0,0,-2743,288,-1036,-441,14,12,-53,275,271,0
1434763,255,255,0,87,-3027,413,-673,-469,-37,-88,58,271,265,0
1438093,255,256,387,50,-2922,234,-366,-497,-81,2,-2,265,267,0
1441451,256,256,612,425,-2922,277,-221,-535,121,-102,99,253,263,0
1444785,257,257,0,125,-2058,340,-20,-577,-21,66,110,276,263,0
1448096,258,258,0,256,-1768,766,155,-616,135,74,15,262,244,0
1451455,258,259,518,425,-1162,1450,339,-647,190,-76,113,246,235,0
1454787,259,259,387,331,409,1437,583,-669,209,-68,197,237,240,0
1458099,260,260,368,443,1677,1071,618,-695,140,-54,82,238,234,0
1461458,260,261,800,331,2951,757,910,-718,154,-129,86,231,240,0
1464788,261,261,368,143,4541,265,1183,-734,83,-82,136,238,250,0
1468103,262,262,368,312,5092,-4,1132,-749,-24,-31,93,238,241,0
1471461,262,263,875,368,5083,69,1126,-759,-272,7,297,227,238,0
1474788,263,264,312,0,4042,587,1003,-772,-463,25,428,241,245,0
1478107,264,264,256,256,1646,780,638,-792,-583,-61,527,244,244,0
1481465,264,265,706,650,-1364,531,177,-810,-433,-115,662,236,223,0
1484788,265,266,350,631,-4108,-231,-431,-830,-97,-50,745,239,208,0
1488110,266,266,368,818,-4468,-600,-902,-846,-43,-80,666,238,214,0
1491468,266,267,950,743,-4207,-755,-1270,-839,-35,-89,613,223,218,0
1494788,267,267,481,706,-3372,-948,-1552,-821,-177,-190,527,232,220,0
1498113,268,268,631,837,-3467,-1255,-1707,-784,-280,8,262,236,225,0
1501470,268,269,725,593,-4246,-1385,-1634,-731,-82,-37,308,247,238,0
1504789,269,269,256,237,-4523,-1566,-1253,-670,-94,12,248,256,257,0
1508115,270,270,256,556,-4395,-1710,-1224,-610,127,69,216,256,240,0
1511471,271,271,0,593,-3468,-1621,-986,-553,166,49,248,271,238,0
1514790,271,271,631,987,-2268,-1531,-722,-494,-11,156,137,252,233,0
1518119,272,272,50,218,-2120,-1225,-661,-445,76,107,63,267,258,0
1521476,273,273,68,275,-1890,-960,-505,-400,-31,70,41,266,255,0
1524811,274,274,106,500,-2013,-742,-483,-363,-130,85,-3,264,243,0
1528122,275,274,500,425,-2512,-349,-399,-332,62,-19,34,259,263,0
1531480,275,275,12,406,-2384,-409,-203,-300,-70,50,-54,269,248,0
1534814,276,276,162,218,-2618,-514,39,-260,59,-11,-37,261,258,0
1538125,277,277,350,406,-2205,-439,247,-220,168,-4,31,251,248,0
1541480,278,278,143,181,-1287,-632,464,-185,57,44,46,262,260,0
1544814,278,278,218,256,-999,-214,818,-148,232,-26,49,258,256,0
1548128,279,279,200,31,-131,189,1061,-108,83,-6,58,249,258,0
1551480,280,280,31,218,425,816,1157,-71,209,147,114,258,248,0
1554815,280,281,350,0,1492,2033,1284,-36,391,-37,121,241,253,0
1558131,281,281,406,0,3193,2370,1623,4,164,50,125,238,260,0
1561480,282,282,368,218,4016,2819,1761,40,298,-1,112,240,248,0
1564815,282,283,725,0,5491,3478,1955,82,289,-79,185,221,252,0
1568135,283,284,912,0,6864,3267,1938,114,134,-54,266,211,259,0
1571480,284,284,837,331,7389,2688,1841,135,78,-119,283,215,242,0
1574815,284,285,1175,50,7617,1289,1541,148,-143,-164,374,197,241,0
1578138,285,286,1006,368,6859,-81,1207,150,-205,-120,399,206,224,0
1581481,285,286,1418,762,4983,-1414,697,141,-391,-200,452,200,219,0
1584815,286,287,800,612,1490,-3194,-407,108,-283,-167,472,217,211,0
1588142,287,287,1268,1043,-607,-4281,-1156,66,-127,26,507,208,204,0
1591481,287,288,1231,1062,-2165,-4431,-1882,21,-40,198,515,210,203,0
1594847,288,288,1193,1400,-3255,-3159,-3030,-45,29,225,477,222,211,0
1598145,288,289,1362,931,-3003,-2030,-3576,-117,212,251,515,213,220,0
1601502,289,290,1175,743,-1878,-876,-3652,-182,47,264,462,223,230,0
1604837,290,290,1062,856,-927,526,-3561,-240,112,190,296,229,240,0
1608147,290,291,1006,575,-437,1216,-3392,-295,106,155,307,232,239,0
1611505,291,292,762,518,-146,1424,-3127,-354,29,153,245,245,242,0
1614840,292,292,762,650,-379,1344,-2932,-407,-21,165,143,245,251,0
1618151,292,293,1250,762,-548,1188,-2748,-462,-36,82,87,235,245,0
1621507,293,294,650,256,-879,953,-2596,-521,18,179,49,251,256,0
1624840,294,295,331,256,-925,528,-2274,-571,-47,65,-32,268,256,0
1628154,295,295,162,443,-889,516,-2438,-631,20,-130,33,277,262,0
1631507,296,296,50,350,-1190,350,-2483,-694,3,36,-100,283,267,0
1634841,296,297,162,0,-1595,306,-2387,-756,-199,-70,-44,277,270,0
1638157,297,298,68,106,-2404,416,-1845,-807,-70,236,-11,282,264,0
1641506,298,299,331,106,-3053,420,-1554,-857,7,-86,-23,268,264,0
1644869,299,300,31,0,-3113,27,-1477,-911,-93,-67,52,272,273,0
1648161,300,300,0,31,-3052,-170,-1641,-977,117,155,-38,269,256,0
1651507,300,301,312,368,-2435,446,-1397,-1046,162,92,124,257,238,0
1654841,301,302,50,275,-1430,1641,-1070,-1113,110,-42,79,255,227,0
1658163,302,302,293,425,-1121,1616,-1083,-1183,123,-45,7,242,235,0
1661507,303,303,331,406,-359,1222,-1184,-1260,99,-139,97,240,236,0
1664842,303,304,293,31,1083,711,-1007,-1342,153,-73,157,242,240,0
1668167,304,304,256,162,2447,772,-710,-1419,128,-65,179,244,249,0
1671507,305,305,425,293,3543,882,-492,-1496,114,12,337,235,242,0
1674841,305,306,368,125,4840,1334,-478,-1571,30,134,335,238,235,0
1678171,306,306,218,143,5262,2284,-451,-1643,-258,-8,357,246,250,0
1681528,307,307,256,312,4959,3282,-470,-1706,-584,-81,520,244,241,0
1684842,307,308,331,368,1241,3457,-762,-1767,-732,-203,664,240,222,0
1688174,308,308,181,912,-2483,2658,-795,-1814,-300,-395,758,248,209,0
1691532,309,309,200,1043,-4189,1291,-897,-1829,-185,-311,861,247,202,0
1694893,309,309,893,1493,-4762,-475,-851,-1820,119,-138,818,238,206,0
1698176,310,310,406,856,-3981,-1351,-815,-1786,118,-74,535,248,224,0
1701533,311,311,312,725,-2658,-1864,-354,-1703,-164,-181,362,253,231,0
1704866,311,311,931,818,-2491,-2119,54,-1589,-301,-88,284,236,242,0
1708180,312,312,181,593,-3657,-2318,280,-1466,11,52,86,260,238,0
1711533,313,313,125,481,-4047,-2496,496,-1340,16,28,135,263,244,0
1714866,314,314,0,631,-3893,-2567,541,-1217,3,165,100,280,236,0
1718183,315,314,425,500,-4007,-2258,491,-1104,187,57,104,263,259,0
1721533,315,315,125,143,-3173,-1996,512,-996,19,98,56,263,262,0
1724866,316,316,218,218,-2470,-1745,435,-896,27,33,36,258,258,0
1728186,317,317,0,425,-2383,-1564,498,-800,127,-46,37,275,263,0
1731533,318,317,31,331,-1856,-1758,504,-713,-34,52,-14,268,268,0
1734866,318,318,218,200,-1779,-1577,656,-616,43,15,40,258,259,0
1738190,319,319,368,218,-1456,-1505,809,-513,79,-48,61,250,258,0
1741533,320,320,87,406,-1056,-1395,964,-409,34,59,-4,265,248,0
1744895,321,320,162,87,-714,-870,1124,-316,207,-2,8,251,271,0
1748192,321,321,256,0,75,-666,1265,-228,56,13,17,246,260,0
1751533,322,322,200,87,415,-32,1278,-142,227,91,83,249,255,0
1754867,323,323,162,275,1777,538,1405,-47,147,35,134,251,245,0
1758195,323,324,481,0,3104,833,1527,44,78,110,58,234,260,0
1761534,324,324,462,162,3512,1631,1491,124,286,54,65,235,251,0
1764867,325,325,293,275,5041,2153,1529,206,197,3,98,244,245,0
1768199,325,326,537,0,6190,2588,1572,292,116,153,63,231,250,0
1771555,326,326,593,143,6747,3505,1454,369,136,75,38,228,252,0
1774892,327,327,650,181,7491,3819,1375,434,-197,41,204,225,250,0
1778202,327,328,818,31,6494,3629,1159,485,-146,-16,241,216,242,0
1781558,328,328,650,743,5502,2668,659,521,-108,-41,307,225,220,0
1784894,328,329,1437,950,4360,1712,709,557,-602,-164,525,199,209,0
1788205,329,330,1006,743,1964,490,-9,572,-456,-216,609,206,204,0
1791558,330,330,1156,1081,-791,-1822,-677,574,-132,-110,569,198,202,0
1794895,330,331,1550,1325,-2930,-3135,-1358,557,-192,-49,555,203,199,0
1798208,331,331,1156,1118,-3809,-3532,-2165,517,172,121,526,208,210,0
1801558,331,332,1287,1062,-2967,-3199,-2844,455,8,128,487,217,213,0
1804901,332,332,1081,1006,-2684,-2583,-3076,384,201,172,457,228,232,0
1808211,333,333,1231,950,-1779,-1779,-3117,298,38,253,406,220,235,0
1811559,333,334,931,518,-1355,-749,-2885,206,46,283,311,236,242,0
1814901,334,334,668,668,-1383,-90,-2709,112,50,204,258,250,250,0
1818215,335,335,781,706,-1314,424,-2445,21,30,105,238,244,248,0
1821559,335,336,1025,575,-1451,932,-2162,-63,40,183,67,247,255,0
1824901,336,337,350,331,-1800,1015,-1916,-138,-6,105,-32,267,252,0
1828219,337,338,293,387,-2171,944,-1680,-207,92,56,77,270,265,0
1831561,338,338,368,406,-2131,952,-1613,-271,111,22,-62,266,264,0
1834901,339,339,0,31,-1638,932,-1564,-335,38,-81,86,271,268,0
1838221,339,340,200,0,-1431,766,-1581,-400,-176,-13,-5,275,270,0
1841560,340,341,275,0,-2467,558,-1367,-464,-44,-68,-25,271,271,0
1844902,341,342,125,0,-2956,404,-1020,-521,-23,79,66,267,266,0
1848224,342,342,0,0,-2928,490,-731,-574,119,3,21,275,266,0
1851581,343,343,0,237,-1932,737,-568,-627,94,52,83,260,245,0
1854901,343,344,425,500,-1006,1165,-661,-687,71,113,55,251,231,0
1858228,344,344,162,425,-584,1919,-523,-743,188,-120,106,249,235,0
1861584,345,345,293,331,610,1979,-274,-795,72,-106,152,242,240,0
1864902,345,346,743,387,1622,1581,-218,-850,194,-17,51,234,237,0
1868231,346,346,312,181,2609,1136,-134,-901,202,-94,72,241,248,0
1871585,347,347,256,143,4343,673,-37,-950,-99,-147,162,244,250,0
1874903,347,348,668,312,4441,595,-72,-1001,54,91,189,238,241,0
1878234,348,349,200,218,4886,1044,-163,-1052,56,80,148,247,246,0
1881585,349,349,87,0,5667,2307,-240,-1102,-327,181,301,253,261,0
1884926,349,350,631,256,4548,3248,-457,-1153,-563,-63,382,240,244,0
1888237,350,351,368,275,1814,3375,-802,-1198,-704,-286,528,238,227,0
1891585,351,351,125,875,-3037,2175,-1053,-1253,-501,-256,676,251,211,0
1894928,352,352,443,1306,-5467,734,-1217,-1291,-171,-228,693,246,200,0
1898241,352,352,406,912,-6419,-440,-1297,-1310,86,-144,715,248,221,0
1901586,353,353,237,781,-5098,-1640,-1345,-1310,79,-148,618,257,228,0
1904928,354,354,312,818,-3835,-2412,-1119,-1277,-196,15,393,253,226,0
1908244,354,354,537,856,-4017,-2171,-871,-1216,-212,94,185,257,240,0
1911586,355,355,443,368,-5080,-1812,-729,-1142,-26,-16,231,246,250,0
1914928,356,356,275,518,-5086,-1650,-217,-1052,74,22,249,255,242,0
1918247,357,356,181,631,-4195,-1412,137,-957,216,69,245,260,252,0
1924929,358,358,0,293,-1992,-1418,36,-792,122,-13,73,272,254,0
1928250,359,359,0,443,-1397,-1038,305,-715,83,-41,64,281,246,0
1931608,360,360,12,181,-968,-1079,443,-642,-68,50,8,269,260,0
1934930,361,360,0,200,-1381,-760,617,-570,77,41,40,259,259,0
1938253,361,361,350,162,-1075,-631,731,-497,-7,100,-60,251,261,0
1941611,362,362,162,425,-1104,-410,912,-419,145,28,38,261,247,0
1944929,363,363,106,0,-877,-240,906,-342,133,-92,25,254,262,0
1948256,364,363,0,125,-154,-349,853,-272,-23,47,-31,252,253,0
1951611,364,364,256,0,-241,155,907,-212,169,3,26,246,262,0
1954929,365,365,350,331,676,424,1067,-156,160,22,83,241,242,0
1958260,366,366,0,0,1637,588,1173,-101,77,63,94,249,256,0
1961612,366,366,293,106,2386,1227,1210,-43,355,-49,155,244,254,0
1964929,367,367,425,68,3980,1522,1358,15,269,25,152,237,256,0
1968263,368,368,256,0,5170,1878,1375,66,243,9,180,230,250,0
1971612,368,369,968,31,6782,2140,1389,117,224,-79,249,208,242,0
1974954,369,369,575,181,7844,1734,1270,161,-120,-43,317,229,250,0
1978266,370,370,518,0,7035,1200,1141,197,-160,-74,336,216,244,0
1981612,370,371,1043,462,4997,284,425,213,-143,-179,424,204,219,0
1984958,371,371,856,912,3135,-399,-157,213,-424,-164,598,214,211,0
1988269,371,372,1043,706,413,-1342,-1034,188,-206,-124,638,204,206,0
1991613,372,372,1006,968,-2028,-2381,-1999,140,-98,-70,623,206,208,0
1994957,372,373,1625,1193,-2879,-2539,-2721,80,115,8,607,199,206,0
1998272,373,374,1175,1193,-2638,-2296,-3264,11,101,52,560,223,222,0
2001612,374,374,931,687,-1490,-1658,-3691,-65,185,123,399,220,233,0
2004958,374,375,1306,781,-587,-976,-3588,-137,76,62,342,216,228,0
2008276,375,375,875,893,-100,-313,-3448,-203,-10,137,291,239,238,0
2011633,376,376,687,687,-386,167,-3221,-268,40,166,212,249,249,0
2014959,376,377,893,425,-585,392,-2868,-331,110,46,191,238,247,0
2018279,377,378,593,556,-721,549,-2526,-387,-5,156,99,254,240,0
2021636,378,378,743,500,-1310,574,-2217,-449,-13,59,-68,246,259,0
2024959,379,379,575,481,-1858,471,-2003,-516,47,-77,-14,255,260,0
2028282,379,380,350,162,-1906,246,-1817,-576,21,28,-26,267,261,0
2031636,380,381,200,125,-1588,130,-1837,-634,46,-72,-82,275,263,0
2034960,381,382,50,0,-1554,-20,-1985,-706,-139,-80,42,283,275,0
2038285,382,382,0,0,-2279,-98,-1871,-778,-72,0,-111,282,272,0
2041637,383,383,0,0,-3178,-109,-1432,-842,-43,-24,52,281,274,0
2044960,383,384,143,0,-3393,-190,-1242,-904,-31,2,-20,266,268,0
2048288,384,385,0,0,-3509,-275,-1123,-967,102,-83,-4,263,263,0
2051636,385,386,0,162,-2775,-237,-1156,-1032,23,148,46,261,233,0
2054959,386,386,12,462,-2731,220,-1221,-1097,98,176,-40,257,233,0
2058291,386,387,293,256,-2480,1015,-1050,-1158,128,-24,84,242,228,0
2061637,387,388,425,218,-1517,1159,-919,-1220,131,-73,175,235,230,0
2064960,388,388,425,368,-351,839,-906,-1285,201,-104,104,235,238,0
2068295,388,389,631,68,1014,341,-703,-1345,170,-167,206,224,238,0
2071637,389,390,575,68,3337,-97,-461,-1401,127,-42,297,227,238,0
2074963,390,390,631,218,4542,-14,-299,-1454,133,9,238,224,246,0
2078298,390,391,650,12,5521,505,-120,-1501,-8,39,303,223,241,0
2081637,391,392,500,68,6312,1830,-69,-1543,-297,202,378,231,238,0
2084967,392,392,500,293,5672,3088,-135,-1583,-512,148,381,231,242,0
2088301,392,393,312,237,3602,3914,-392,-1608,-802,-87,652,241,229,0
2091637,393,394,143,593,-1398,3336,-935,-1632,-552,-282,749,250,210,0
2094970,394,394,443,1287,-3627,2099,-1119,-1635,-203,-230,749,246,201,0
2098305,394,395,950,987,-4377,820,-1074,-1606,-129,-189,752,235,217,0
2101662,395,395,481,968,-4339,-796,-872,-1548,53,-91,625,244,218,0
2104973,396,396,312,950,-3336,-1639,-918,-1475,-97,48,330,253,219,0
2108307,396,396,875,968,-2934,-1903,-551,-1377,-202,-45,238,239,234,0
2111666,397,397,781,818,-3873,-2260,-426,-1278,-205,45,86,244,242,0
2114977,398,398,181,650,-4916,-2423,-317,-1180,-15,53,53,260,235,0
2118311,399,399,275,762,-4872,-2307,9,-1079,82,65,158,255,245,0
2121665,400,399,125,406,-3941,-2391,-147,-994,47,121,109,263,264,0
2124979,400,400,556,612,-3442,-2036,-253,-923,160,22,79,256,253,0
2128314,401,401,0,200,-2510,-1749,-60,-856,-8,33,37,276,259,0
2131671,402,402,0,368,-1954,-1979,-9,-794,-84,29,-16,270,250,0
2134983,403,402,106,275,-2310,-1889,39,-736,83,-78,-5,264,271,0
2138317,403,403,125,181,-2057,-2102,94,-675,-82,29,-68,263,260,0
2141671,404,404,331,181,-2196,-2239,223,-606,143,-26,-7,252,260,0
2144986,405,405,0,125,-1900,-2246,456,-534,55,-47,61,266,253,0
2148320,406,406,87,0,-1442,-2196,677,-468,22,118,5,255,267,0
2151672,406,406,406,218,-1533,-1229,946,-399,244,8,66,238,248,0
2154989,407,407,125,125,-432,-881,1225,-326,140,4,123,253,253,0
2158323,408,408,106,218,553,-563,1512,-242,151,111,114,254,248,0
2161672,409,408,181,125,1710,667,1933,-144,337,74,167,234,253,0
2164992,409,409,462,0,3122,1518,2317,-39,177,71,113,235,262,0
2168327,410,410,387,237,4036,2393,2525,68,285,80,114,239,247,0
2171672,410,411,612,0,5576,3609,2781,183,243,81,124,227,252,0
2174996,411,412,537,0,6897,4283,2842,294,54,122,92,231,260,0
2178330,412,412,425,237,7421,4983,2701,393,60,41,82,237,247,0
2181672,412,413,818,0,7827,5285,2541,482,-66,4,188,216,245,0
2184999,413,414,631,143,7213,4703,2208,554,-255,-9,260,226,236,0
2188333,414,414,931,631,6186,3565,1612,607,-107,-80,279,210,226,0
2191705,414,415,2581,2187,4664,1417,1226,649,-524,-259,516,196,201,0
2195002,415,415,1325,1493,1939,-642,464,676,-380,-183,651,247,238,0
2198336,415,416,1812,1400,-880,-3084,-590,687,-331,-103,507,237,243,0
2201672,416,417,1793,1437,-3733,-4997,-1674,670,38,-7,510,238,241,0
2205005,417,418,1081,1118,-4463,-5514,-2513,625,25,195,546,260,242,0
2208339,418,418,1231,1437,-3900,-5341,-3193,552,174,502,484,252,241,0
2211698,418,419,1531,1212,-2914,-3422,-3540,470,143,219,511,252,253,0
2215008,419,420,1325,1006,-1828,-1873,-3555,376,-28,204,356,263,264,0
2218343,420,421,706,856,-1806,-576,-3404,283,117,201,314,280,272,0
2221699,421,421,593,837,-1680,835,-3163,194,-50,184,314,286,273,0
2225011,422,422,743,668,-2364,1585,-2930,102,83,45,90,278,282,0
2228346,423,423,218,312,-2996,1870,-2362,33,51,89,124,290,285,0
2231699,424,424,200,387,-3290,1931,-2167,-26,47,62,-15,291,281,0
2235015,424,425,518,293,-3267,2025,-2047,-88,176,-210,38,290,286,0
2238349,425,426,631,106,-2640,1642,-1703,-141,-21,129,1,284,296,0
2241728,426,427,256,0,-2783,1741,-1872,-200,-140,-105,-178,292,295,0
2245018,427,428,0,0,-3562,1653,-1700,-257,-58,57,-7,299,292,0
2248352,428,428,0,50,-3886,1848,-1159,-300,209,90,22,296,287,0
2251700,429,429,0,293,-2590,2338,-737,-337,-50,27,66,285,258,0
2255021,430,430,218,425,-1878,2702,-730,-381,83,-9,45,262,251,0
2258356,430,431,593,462,-1457,2866,-729,-433,270,-61,207,258,249,0
2261700,431,432,593,12,681,2623,-282,-480,87,-109,110,242,257,0
2265024,432,432,462,87,1497,2263,52,-526,238,-60,35,249,269,0
2268359,433,433,443,293,2795,1840,56,-585,135,-117,140,250,258,0
2271700,433,434,537,0,4471,1148,-69,-659,82,27,121,245,262,0
2275027,434,435,612,0,5018,1177,-79,-741,199,30,21,241,265,0
2278362,435,436,218,331,6115,1609,191,-822,10,37,123,262,256,0
2281701,436,436,0,0,6798,2015,406,-898,-221,-186,64,258,264,0
2285031,436,437,406,275,5993,1674,644,-962,-548,-388,255,252,243,0
2288365,437,438,68,575,3801,-271,821,-1016,-527,-237,350,270,227,0
2291729,438,438,668,1325,77,-1845,674,-1064,-544,-177,411,250,215,0
2295034,439,439,256,931,-3266,-2647,592,-1096,-348,-81,539,256,220,0
2298368,439,439,462,1175,-5366,-2911,294,-1125,-151,7,543,261,223,0
2301724,440,440,237,912,-6459,-2875,-9,-1139,-86,44,577,273,237,0
2305037,441,441,0,593,-6074,-2526,-485,-1136,-68,84,513,275,238,0
2308371,442,442,0,706,-5897,-1987,-1173,-1120,-185,173,418,270,248,0
2311729,443,442,0,650,-5874,-912,-1099,-1076,-220,-83,226,278,251,0
2315040,443,443,106,818,-6252,-800,-942,-1006,27,114,241,280,242,0
2318375,444,444,0,293,-5588,271,-766,-919,328,177,473,277,254,0
2321729,445,444,12,462,-3225,1567,-50,-810,162,154,218,269,261,0
2325043,446,445,68,368,-1653,2149,-119,-707,79,21,83,266,266,0
2328378,447,446,0,143,-906,2800,193,-602,191,-81,86,264,262,0
2331733,447,447,200,181,100,2644,291,-502,19,-53,-28,259,260,0
2335047,448,448,31,368,59,2363,364,-416,221,-42,182,268,250,0
2338382,449,448,162,293,155,2683,533,-332,323,-43,179,261,270,0
2341765,450,449,87,162,1513,2368,630,-248,114,-247,52,255,267,0
2345050,450,450,368,31,1823,1915,584,-177,143,-222,115,240,258,0
2348384,451,451,368,106,2123,986,702,-96,249,-243,139,240,254,0
2351737,452,451,612,125,3307,249,875,-16,181,-213,210,227,269,0
2355053,452,452,893,0,3884,-157,1009,51,240,-192,230,212,264,0
2358387,453,453,518,50,4974,-961,826,100,206,-140,228,232,257,0
2361737,454,454,537,293,5752,-1514,561,140,216,-108,206,231,244,0
2365056,454,454,481,12,6225,-1971,248,171,133,-193,198,234,259,0
2368391,455,455,275,143,6280,-2907,-49,178,-192,-64,215,245,252,0
2371738,456,456,462,443,5037,-3057,-627,157,-42,34,152,235,236,0
2375060,456,457,537,350,3758,-2720,-1381,112,-21,-65,169,231,225,0
2378394,457,457,368,800,2138,-2359,-1853,56,-451,81,343,240,217,0
2381738,458,458,406,912,-286,-1589,-2738,-26,-182,126,407,238,211,0
2385063,458,458,725,1006,-2339,-526,-3534,-143,-90,10,451,221,206,0
2388397,459,459,593,875,-3143,46,-3862,-276,61,46,426,228,213,0
2391739,459,460,1400,1175,-2897,331,-3913,-418,-27,148,369,211,207,0
2395066,460,460,931,837,-2421,535,-3811,-563,122,73,357,220,225,0
2398401,461,461,893,706,-1125,187,-3285,-687,103,5,380,222,232,0
2401739,461,461,1100,893,-163,-165,-2952,-798,-90,106,270,227,238,0
2405069,462,462,856,893,-176,-552,-2557,-887,-128,140,196,240,238,0
2408403,463,463,687,593,-614,-1044,-1928,-947,-70,92,239,233,238,0
2411760,463,463,800,856,-752,-1372,-1508,-979,-103,71,80,243,240,0
2415072,464,464,537,893,-1322,-1618,-1034,-974,-45,75,53,257,238,0
2418407,465,465,293,387,-1639,-1841,-533,-957,-62,105,11,254,249,0
2421764,466,466,0,275,-1681,-1858,-336,-938,-79,100,-71,270,255,0
2425075,466,466,537,350,-2229,-1508,-346,-925,75,2,30,257,267,0
2428410,467,467,406,312,-1846,-1336,-133,-927,10,100,60,264,269,0
2431764,468,468,87,0,-1825,-1349,-9,-924,-71,-5,35,265,272,0
2435079,469,469,0,31,-1830,-1426,68,-928,37,17,132,276,268,0
2438413,470,470,518,256,-1582,-1175,197,-931,-120,71,33,258,256,0
2441764,470,470,218,68,-2054,-660,468,-927,109,-2,167,262,270,0
2445082,471,471,87,218,-1132,-182,680,-923,196,24,123,253,246,0
2448416,472,472,275,443,126,822,947,-913,199,101,77,243,234,0
2451764,472,473,912,462,1310,1513,1088,-897,213,-95,234,225,233,0
2455085,473,473,443,331,2814,1863,1136,-883,-83,20,188,234,240,0
2458420,474,474,368,500,2927,2130,1034,-878,-66,94,202,238,231,0
2461765,474,475,800,368,3059,2668,927,-881,-57,8,320,231,238,0
2465088,475,475,406,143,3269,3188,732,-884,-111,137,316,236,250,0
2468423,476,476,406,312,3251,4579,159,-897,-89,163,279,236,241,0
2471765,476,477,781,331,3487,5778,-89,-907,-329,-8,371,232,240,0
2475092,477,477,500,518,2085,5832,-455,-920,-725,-209,548,231,230,0
2478426,478,478,575,631,-2167,4333,-867,-927,-271,-322,515,227,224,0
2481765,478,479,950,743,-3808,2484,-631,-904,-248,-374,612,223,218,0
2485096,479,479,406,837,-4260,327,-614,-865,-45,-158,611,236,213,0
2488429,480,480,593,837,-4325,-1754,-691,-801,54,17,500,226,213,0
2491786,480,480,1212,1025,-3289,-2432,-747,-714,76,-48,322,221,231,0
2495098,481,481,800,518,-2047,-2499,-491,-609,-86,-156,315,227,242,0
2498432,482,482,725,462,-1999,-2706,-188,-492,-145,50,140,231,245,0
2501790,482,482,612,781,-2712,-2905,-159,-378,-149,-31,62,253,244,0
2505102,483,483,368,443,-3215,-3212,-182,-281,-172,75,115,266,262,0
2508436,484,484,0,350,-3861,-3128,-207,-195,57,81,111,278,251,0
2511790,485,485,31,331,-3838,-2787,-133,-120,119,-19,160,268,252,0
2515105,485,486,537,331,-3053,-2508,-76,-62,-42,91,102,257,268,0
2518439,486,486,68,87,-2861,-1909,-158,-20,75,74,74,266,265,0
2521791,487,487,31,181,-2423,-1637,-108,8,60,59,88,268,260,0
2525108,488,488,0,218,-2068,-1571,-134,21,-31,95,4,278,258,0
2528442,489,489,68,368,-2082,-1081,157,36,18,-6,36,266,250,0
2531790,489,489,237,68,-1925,-880,311,57,-85,44,13,257,266,0
2535111,490,490,350,237,-2270,-377,629,81,80,-15,-8,251,257,0
2538446,491,491,0,237,-2046,56,696,103,42,17,29,272,257,0
2541791,492,492,50,218,-1607,17,755,124,33,56,10,257,248,0
2545115,492,492,68,0,-1404,243,704,140,321,-14,111,256,261,0
2548449,493,493,275,125,412,399,931,154,191,40,164,245,253,0
2551791,494,494,312,162,1471,911,1075,167,171,104,93,243,251,0
2555117,494,495,481,0,2224,1798,1248,176,227,-17,65,234,252,0
2558451,495,495,462,218,3670,2502,1378,185,231,87,103,235,248,0
2558451,495,495,462,218,3670,2502,1378,185,231,87,103,235,248,0
2561791,496,496,443,0,4572,3048,1453,195,241,90,94,236,263,0
2565120,496,497,687,0,5807,3592,1620,213,253,11,156,223,250,0
2568479,497,498,781,0,7452,4050,1786,240,100,13,209,218,246,0
2571812,498,498,1081,50,7823,3891,1681,270,-86,-9,260,202,257,0
2575123,498,499,912,87,7174,2895,1620,316,-388,-194,502,211,239,0
2578482,499,500,1006,593,4557,854,1142,354,-364,-234,633,206,212,0
2581816,499,500,1512,1025,2085,-992,687,390,-439,-194,664,195,205,0
2585127,500,501,1193,818,-752,-2852,-40,416,-142,-94,633,196,200,0
2588485,500,501,1606,1100,-2540,-3901,-1246,396,-104,72,666,190,201,0
2591816,501,502,1400,1268,-3106,-3470,-2179,347,206,179,651,211,202,0
2595130,501,502,1606,1381,-2104,-2667,-2832,281,-5,262,539,216,212,0
2598488,502,503,1268,706,-1031,-1266,-3506,194,160,146,465,218,232,0
2601816,503,504,893,650,-183,-360,-3571,98,-194,277,374,238,235,0
2605133,504,504,781,781,-412,332,-3537,-6,-62,21,136,244,244,0
2608491,504,505,1156,800,-1340,831,-3377,-106,-105,34,171,240,243,0
2611817,505,506,687,425,-1790,984,-3190,-200,-46,208,99,249,247,0
2615136,506,506,893,481,-1975,919,-3114,-291,98,185,68,238,260,0
2618495,506,507,893,462,-1769,855,-3024,-381,47,45,9,254,261,0
2621817,507,508,781,350,-1844,1029,-2999,-473,81,52,7,260,267,0
2625139,508,509,31,68,-1707,919,-3220,-568,-40,-62,-43,284,266,0
2628499,509,510,106,162,-2248,500,-3103,-662,-21,-85,40,280,261,0
2631817,510,510,143,143,-2535,98,-2948,-750,-187,-104,-123,278,278,0
2635143,510,511,200,0,-3049,-208,-2563,-835,-61,-67,90,275,280,0
2638500,511,512,181,0,-3674,-261,-2432,-921,64,100,20,276,278,0
2641818,512,513,50,0,-3242,-157,-2112,-1006,90,54,76,271,263,0
2645146,513,514,31,0,-2657,103,-1868,-1086,114,78,148,256,247,0
2648504,514,514,0,331,-1703,578,-1825,-1167,183,177,45,264,240,0
2651818,514,515,668,537,-955,1316,-1933,-1249,95,-46,93,238,229,0
2655149,515,516,200,218,-284,1670,-1639,-1330,219,2,204,247,230,0
2658507,516,516,200,331,1606,1452,-1334,-1405,147,-127,40,247,240,0
2661839,516,517,743,331,2933,911,-1161,-1480,150,-127,159,234,240,0
2665152,517,518,143,31,4252,503,-1061,-1557,52,-20,172,250,240,0
2668509,518,518,350,143,5087,505,-908,-1630,69,25,90,239,250,0
2671843,518,519,593,256,5628,909,-832,-1707,2,74,228,242,244,0
2675155,519,520,0,0,6214,1707,-782,-1787,-193,102,247,259,243,0
2678508,520,520,0,293,5373,2936,-833,-1866,-552,-14,347,258,242,0
2681843,521,521,350,387,2936,3227,-960,-1946,-689,-112,518,239,237,0
2685159,521,522,237,518,-774,2701,-1091,-2016,-535,-149,637,245,214,0
2688508,522,522,218,893,-4627,1273,-960,-2068,-280,-195,652,246,210,0
2691843,523,523,331,1193,-5735,82,-907,-2095,-103,-206,804,252,206,0
2695162,523,524,706,912,-5589,-786,-875,-2083,74,-44,609,248,221,0
2698509,524,524,425,650,-4167,-1742,-677,-2036,-57,86,411,247,235,0
2701843,525,525,106,725,-3668,-1778,-287,-1957,-373,31,238,264,231,0
2705165,526,526,312,818,-4502,-1676,-206,-1854,-224,28,88,253,242,0
2708509,526,526,856,743,-5708,-1417,356,-1731,165,-14,270,240,246,0
2711844,527,527,0,668,-4650,-1439,722,-1598,113,-20,292,270,234,0
2715169,528,528,50,368,-3572,-1764,618,-1473,154,170,161,267,250,0
2718509,529,528,125,443,-2338,-1261,639,-1353,175,87,165,263,262,0
2721843,530,529,200,387,-1318,-1084,778,-1232,-14,98,131,259,265,0
2725172,530,530,181,162,-1035,-926,858,-1110,85,4,54,260,261,0
2728531,531,531,162,181,-896,-562,1124,-981,23,-9,33,261,260,0
2731844,532,532,68,425,-585,-556,1109,-846,-43,42,-40,266,247,0
2735175,533,532,312,31,-937,-154,1106,-715,92,7,34,253,268,0
2738530,533,533,181,125,-504,-121,1134,-587,-135,-9,-66,260,263,0
2741865,534,534,0,0,-743,-163,1000,-476,-26,-44,-75,263,263,0
2745178,535,535,0,31,-919,20,1129,-364,261,-3,74,261,258,0
2748534,536,535,0,0,794,-10,1224,-260,82,117,79,250,263,0
2751868,536,536,293,0,1127,395,1353,-160,166,37,77,244,260,0
2755181,537,537,87,106,1589,839,1394,-59,230,20,68,255,254,0
2758534,538,538,0,12,2758,1504,1401,44,164,74,80,246,243,0
2761869,538,538,631,143,3526,2184,1413,140,355,-31,181,226,252,0
2765184,539,539,500,143,5082,2375,1608,232,253,-6,222,233,252,0
2768534,540,540,556,106,6730,2274,1558,317,-48,-28,236,214,238,0
2771870,540,541,800,0,6510,2032,1376,393,-134,-140,333,217,247,0
2775187,541,541,893,331,5617,1237,1041,454,-229,-173,501,212,242,0
2778535,541,542,987,612,4016,15,655,500,-226,-96,476,207,211,0
2781871,542,542,800,856,1980,-828,-74,522,-203,-180,548,217,214,0
2785191,542,543,1456,1062,-144,-1912,-1104,514,-67,-140,635,198,203,0
2788566,543,544,1437,1250,-1659,-2702,-1866,485,-14,29,580,209,203,0
2791869,544,544,1043,1137,-2278,-2412,-2641,437,75,115,511,214,209,0
2795194,544,545,1137,856,-2233,-1959,-3308,364,131,98,522,225,224,0
2798536,545,545,1062,1006,-1395,-1129,-3338,288,19,170,459,229,232,0
2801870,545,546,1250,631,-1027,-363,-3256,213,54,162,310,219,236,0
2805197,546,547,856,425,-953,191,-3074,138,3,40,253,240,247,0
2808536,547,547,612,631,-770,505,-2746,61,-24,109,264,253,252,0
2811870,548,548,762,743,-938,714,-2494,-9,48,147,79,245,246,0
2815200,548,549,762,256,-1204,944,-2316,-93,-4,-2,39,245,256,0
2818557,549,550,181,350,-1548,1008,-2268,-186,-23,-32,60,276,251,0
2821894,550,550,162,387,-1656,790,-2243,-275,-41,-64,-118,277,265,0
2825204,551,551,0,31,-1786,560,-2492,-373,-37,-97,1,280,268,0
2828561,552,552,0,0,-2511,452,-2426,-473,-94,-36,-152,278,270,0
2831894,552,553,162,87,-3045,419,-2064,-565,-34,-113,1,277,265,0
2835207,553,554,218,143,-3206,156,-1670,-652,-92,11,19,274,262,0
2838590,554,554,162,0,-3616,41,-1735,-741,20,29,-120,265,275,0
2841894,555,555,0,0,-3425,-71,-1492,-822,13,46,139,260,270,0
2845210,556,556,425,237,-2809,337,-1460,-903,74,101,26,251,245,0
2848561,556,557,143,143,-2116,949,-1194,-972,163,41,109,250,234,0
2851894,557,557,218,481,-1168,1594,-1099,-1041,182,-61,137,246,232,0
2855213,558,558,556,631,-378,1660,-1019,-1111,230,-31,146,228,224,0
2858561,558,559,575,181,1454,1310,-864,-1181,209,-120,143,227,232,0
2861895,559,559,500,237,3090,784,-528,-1241,220,-119,198,231,245,0
2865216,560,560,912,312,4716,407,-261,-1293,121,-107,103,225,241,0
2868562,560,561,593,0,6185,205,-145,-1341,-43,-149,133,226,242,0
2871895,561,561,256,143,6328,353,-237,-1399,-146,33,263,244,250,0
2875219,562,562,312,293,6026,1531,-438,-1461,-276,163,257,241,242,0
2878561,562,563,368,162,4934,2774,-449,-1518,-746,-53,464,238,233,0
2881895,563,564,162,387,1995,3068,-793,-1576,-919,-244,658,249,221,0
2885224,564,564,331,762,-2478,2116,-1122,-1631,-429,-309,615,240,217,0
2888590,564,565,893,1156,-5623,904,-1006,-1660,-130,-242,696,238,208,0
2891895,565,565,331,950,-5764,-108,-895,-1654,7,-164,732,252,219,0
2895226,566,566,425,856,-5065,-1172,-870,-1623,135,-54,459,247,224,0
2898584,566,567,650,725,-3337,-1683,-654,-1561,-49,-41,289,251,231,0
2901895,567,567,350,556,-3019,-1838,-254,-1465,-353,59,145,251,240,0
2905229,568,568,500,593,-4586,-1824,37,-1360,-72,8,111,243,238,0
2908587,568,569,781,556,-4780,-1929,397,-1246,122,25,180,244,240,0
2911920,569,569,425,968,-3979,-2160,515,-1133,41,91,195,263,234,0
2915232,570,570,0,425,-3109,-2139,355,-1037,112,65,128,280,247,0
2918587,571,571,0,331,-2292,-1819,409,-946,85,73,118,273,252,0
2921923,572,572,181,368,-1491,-1813,458,-859,-20,46,67,260,250,0
2925235,572,572,87,0,-1515,-1548,642,-768,73,18,47,265,270,0
2928587,573,573,162,162,-1416,-1491,664,-677,-69,35,22,261,261,0
2931928,574,574,0,312,-1871,-1430,625,-580,-12,-4,-31,277,253,0
2935239,575,575,87,537,-2141,-1150,945,-475,142,-46,44,265,257,0
2938616,576,575,87,237,-1416,-1102,1346,-368,-34,30,83,255,263,0
2941929,576,576,406,68,-1471,-637,1622,-265,141,8,83,238,256,0
2945242,577,577,256,162,-732,77,1761,-156,194,-14,46,246,251,0
2948588,578,578,50,143,264,281,1791,-53,123,130,36,257,252,0
2951929,578,578,425,162,850,624,1849,49,243,-14,82,237,251,0
2955245,579,579,256,106,2226,1027,2010,149,172,101,134,246,254,0
2958588,580,580,425,218,2885,1710,2058,248,199,146,86,237,248,0
2961929,580,581,725,0,3583,2550,2054,344,301,-50,112,221,252,0
2965248,581,581,725,12,5231,2860,2225,440,162,15,177,221,259,0
2968588,581,582,1231,256,5957,2874,2154,524,280,-20,221,210,246,0
2971929,582,583,1062,0,6947,2576,1951,593,18,-147,292,203,244,0
2975251,583,584,1475,31,6315,1080,1749,653,-295,-286,547,197,258,0
2978610,583,584,1400,500,4552,-496,1047,693,-223,-134,543,201,233,0
2981930,584,585,912,537,2666,-1776,473,721,-322,-110,597,211,215,0
2985255,584,585,1550,818,-240,-3174,-886,708,-100,-53,621,193,216,0
2988613,585,586,1418,1118,-1432,-3629,-1799,676,-156,127,586,210,210,0
2991931,585,586,1418,968,-2242,-3357,-2888,621,236,198,473,210,218,0
2995258,586,587,1156,987,-1445,-2264,-3917,530,96,135,504,224,217,0
2998613,587,588,1025,1100,-608,-1337,-4323,423,96,212,421,231,211,0
