Time, Rlegs, Llegs, DCL, DCR, GyroX, GyroY, GyroZ, GyroZAvg, AccelX, AccelY, AccelZ, LBEMF, RBEMF, SteerOut
2446,913,930,0,0,-247,173,-118,-117,-14,4,232,89,90,0
5780,913,930,0,0,-247,174,-120,-117,-11,0,231,89,90,0
9120,913,930,0,0,-249,173,-117,-117,-11,2,228,89,90,0
12450,913,930,0,0,-243,172,-118,-117,-12,1,231,89,90,0
15784,913,930,0,0,-246,174,-118,-117,-14,2,226,89,90,0
19120,913,930,0,0,-246,174,-118,-117,-14,4,229,89,90,0
22452,913,930,0,0,-247,174,-117,-117,-10,3,231,89,90,0
25787,913,930,0,0,-248,174,-116,-117,-15,5,229,89,90,0
29141,913,930,0,0,-249,173,-118,-117,-13,2,226,89,90,0
32456,913,930,0,0,-246,174,-116,-117,-14,4,223,89,90,0
35790,913,930,0,0,-247,176,-117,-117,-7,1,225,89,90,0
39145,913,930,0,0,-247,175,-115,-117,-10,0,226,89,90,0
42459,913,930,0,0,-248,174,-116,-117,-10,3,231,89,90,0
45793,913,930,0,0,-246,172,-118,-117,-14,1,223,89,90,0
49145,913,930,0,0,-247,174,-116,-117,-13,1,229,89,90,0
52462,913,930,0,0,-248,177,-118,-117,-12,-1,225,89,91,0
55797,913,930,0,0,-248,174,-119,-117,-14,2,224,89,90,0
59146,913,930,0,0,-246,173,-119,-117,-12,0,225,90,90,0
62466,913,930,0,0,-248,175,-116,-117,-13,3,225,89,90,0
65799,913,930,0,0,-246,175,-120,-117,-10,1,233,89,90,0
69146,913,930,0,0,-248,175,-118,-117,-14,2,227,89,90,0
72468,913,930,0,0,-249,175,-117,-117,-12,2,228,89,90,0
75803,913,930,0,0,-248,175,-117,-117,-9,0,230,89,90,0
79147,913,930,0,0,-250,174,-115,-117,-11,1,227,89,90,0
82472,913,930,0,0,-248,175,-117,-117,-13,3,223,89,90,0
85806,913,930,0,0,-248,174,-116,-117,-10,-1,226,89,90,0
89146,913,930,0,0,-244,171,-115,-117,-14,3,226,89,90,0
92475,913,930,0,0,-248,173,-116,-117,-14,2,226,89,90,0
95809,913,930,0,0,-246,172,-117,-117,-15,4,226,89,90,0
99147,913,930,0,0,-248,173,-118,-117,-15,4,234,89,90,0
102745,913,930,0,0,-248,171,-117,-117,-14,2,228,89,90,0
105812,0,0,0,0,-245,171,-119,-117,-16,4,227,89,90,0
109147,0,0,0,0,-250,175,-119,-117,-12,0,227,89,90,0
112481,0,0,0,0,-245,175,-119,-117,-9,-2,226,89,91,0
115815,0,0,0,0,-249,176,-118,-117,-13,2,229,89,90,0
119171,0,0,0,0,-250,176,-116,-117,-14,5,227,89,90,0
122484,0,0,0,0,-248,176,-118,-117,-9,4,223,89,90,0
125819,0,0,0,0,-246,176,-117,-117,-13,1,222,89,90,0
129172,0,0,0,0,-247,175,-117,-117,-13,4,231,89,90,0
132487,0,0,0,0,-248,174,-115,-117,-11,-1,228,89,90,0
135822,0,0,0,0,-245,172,-119,-117,-13,3,229,89,90,0
139172,0,0,0,0,-247,172,-117,-117,-13,1,232,89,91,0
142491,0,0,0,0,-248,173,-117,-117,-12,3,225,89,90,0
145825,0,0,0,0,-247,174,-115,-117,-10,1,233,89,90,0
149172,0,0,0,0,-248,173,-117,-117,-12,-1,229,89,90,0
152494,0,0,0,0,-246,174,-116,-117,-18,2,225,89,90,0
155828,0,0,0,0,-249,175,-116,-117,-13,2,229,89,90,0
159172,0,0,0,0,-249,175,-118,-117,-11,1,228,89,90,0
162498,0,0,0,0,-249,175,-117,-117,-13,5,227,89,90,0
165831,0,0,0,0,-248,174,-114,-116,-11,1,227,89,90,0
169172,0,0,0,0,-249,176,-118,-117,-14,2,223,89,90,0
172501,0,0,0,0,-249,172,-117,-116,-15,4,224,89,90,0
175835,0,0,0,0,-249,173,-119,-116,-13,2,222,89,90,0
179173,0,0,0,0,-248,175,-119,-117,-15,4,229,89,90,0
182503,0,0,0,0,-248,173,-119,-117,-13,4,224,89,90,0
185838,0,0,0,0,-248,174,-118,-117,-10,1,229,89,90,0
189173,0,0,0,0,-247,176,-118,-117,-11,2,232,89,90,0
192507,0,0,0,0,-249,175,-116,-117,-10,0,225,89,90,0
195862,0,0,0,0,-247,174,-117,-117,-14,2,229,89,90,0
199194,0,0,0,0,-246,172,-117,-117,-10,0,227,89,90,0
202510,0,0,0,0,-245,174,-117,-117,-12,3,228,89,90,0
205868,0,0,312,0,-245,174,-117,-117,-40,-78,246,226,252,0
209201,0,1,687,818,-360,-6,-51,-115,-86,2,204,222,199,0
212514,1,1,500,837,-860,77,34,-110,-63,-20,201,232,214,0
215871,1,2,968,612,-1160,79,213,-100,-48,-30,327,223,226,0
219201,2,2,687,1025,-1176,-312,177,-90,-46,-28,303,238,220,0
222517,3,3,743,950,-1349,-810,380,-75,-102,122,299,235,224,0
225874,3,4,1212,1175,-1391,-1043,591,-53,-78,-18,366,242,228,0
229202,4,4,931,1381,-1448,-1630,737,-26,-69,33,398,257,233,0
232519,5,5,1006,1475,-1573,-2160,851,3,-103,240,318,253,228,0
235877,5,5,931,1137,-1674,-2124,1051,40,-31,156,338,253,242,0
239201,6,6,893,1306,-1636,-2216,990,74,-8,326,412,255,233,0
242522,7,7,1043,1343,-1527,-2156,715,100,-33,327,368,247,231,0
245880,7,7,1343,1287,-1459,-1570,647,124,-28,261,329,247,250,0
249202,8,8,1025,1175,-1458,-1297,551,145,-146,300,253,264,256,0
252526,9,9,1025,1062,-1669,-903,298,158,-110,373,216,264,262,0
255884,9,9,1343,1231,-1849,-438,304,171,69,158,205,279,285,0
259202,10,10,1156,1212,-1560,-584,374,187,-141,225,182,289,286,0
262530,11,11,668,893,-1826,-623,534,207,70,111,58,299,287,0
265885,12,12,1043,1456,-1678,-534,912,239,94,70,134,315,293,0
269203,13,13,762,968,-1343,-830,1034,275,116,126,62,330,319,0
272533,14,14,406,893,-1036,-1113,1256,318,167,43,73,349,323,0
275889,15,15,256,500,-474,-1545,1256,361,4,70,-9,357,344,0
279223,16,16,181,462,-348,-1369,1390,408,119,113,14,361,346,0
282536,17,17,218,275,956,-1505,1326,453,-41,15,-16,359,356,0
285892,18,18,518,443,1173,-1511,1295,497,-193,41,-100,359,363,0
289227,19,19,500,387,1233,-1605,1033,533,24,-16,-20,360,366,0
292538,21,20,87,387,996,-1561,851,563,-95,-98,-70,366,366,0
295921,22,21,31,575,834,-1518,668,588,204,-129,67,365,352,0
299227,23,23,143,106,1868,-1787,581,610,176,204,110,343,345,0
302542,24,24,50,68,3625,-575,618,633,357,122,253,348,347,0
305893,25,25,856,706,5214,652,243,644,-102,367,45,321,329,0
309227,26,26,1006,593,5096,2272,-127,644,214,192,239,313,335,0
312545,27,27,1025,612,6014,3455,-174,642,-212,282,241,312,334,0
315894,28,28,818,912,4741,4625,-291,634,-138,129,428,323,318,0
319228,29,29,1025,968,3419,5062,-270,625,-472,467,391,312,315,0
322548,30,29,1400,1325,-13,5735,58,620,-234,121,371,308,312,0
325894,30,30,1512,1193,-1917,5802,332,625,-78,329,385,302,319,0
329228,31,31,2150,1437,-2700,5780,558,631,483,93,467,288,326,0
332552,32,33,2131,875,187,4326,1009,644,406,56,643,289,356,0
335894,33,34,2075,612,2539,2620,1031,653,-114,-5,233,308,370,0
339228,34,35,1981,650,2582,742,1129,661,-359,52,255,313,368,0
342554,35,36,1362,912,149,-1009,802,654,-141,114,85,346,354,0
345894,36,37,1100,856,-992,-1305,652,643,130,386,102,360,357,0
349229,37,38,987,593,-733,-919,413,634,87,164,26,366,371,0
352558,38,39,800,443,-362,-499,560,631,95,-58,-115,376,379,0
355915,40,41,612,181,-206,-1523,311,623,-352,-251,15,386,393,0
359250,41,42,50,0,-1862,-2338,84,617,-521,242,5,396,398,0
362561,42,43,350,256,-5360,-1196,-609,588,532,240,113,380,369,0
365919,43,44,368,331,-3651,533,-960,547,90,126,144,379,365,0
369254,44,45,350,387,-1882,2510,-313,520,-191,64,180,380,362,0
372564,46,47,743,500,-3097,2758,-504,476,-285,-106,297,359,356,0
375919,47,48,462,575,-4442,2358,-197,437,-15,-62,317,358,336,0
379254,48,49,706,912,-4010,2036,559,416,103,-190,783,345,318,0
382567,49,49,968,1268,-2732,1322,1604,426,-52,-144,535,331,315,0
385920,50,51,837,800,-2456,76,2242,453,-18,-110,662,338,324,0
389282,51,51,1400,1981,-1475,-938,2612,493,144,113,455,344,313,0
392571,52,53,1456,1418,198,-1099,2704,537,161,89,576,341,343,0
395919,53,53,781,1156,1231,-762,2640,588,-15,-115,39,377,357,0
399254,54,55,725,500,1578,-617,2602,642,3,226,158,380,376,0
402574,55,56,350,425,1973,-354,2286,693,141,-106,-92,400,380,0
405920,57,57,87,425,2393,-463,2093,740,-71,81,-128,398,380,0
409254,58,58,275,612,2444,-226,1717,774,24,-26,131,404,386,0
412577,59,60,293,218,2573,-542,1380,810,246,-282,-17,403,391,0
415920,61,61,0,331,3588,-1095,1339,856,85,52,141,405,385,0
419254,62,62,256,368,4450,-1370,980,892,-178,-68,127,389,383,0
422580,63,63,0,31,3483,-1458,554,918,-195,-54,-119,390,381,0
425920,64,65,12,0,2036,-1256,418,940,-147,2,113,382,369,0
429254,65,66,406,125,1195,-1191,142,942,-180,2,60,361,360,0
432583,66,67,275,275,-1006,-690,-143,927,-243,317,92,368,352,0
435941,68,68,218,818,-2762,431,-685,889,125,-103,257,371,339,0
439276,69,69,425,837,-2891,1222,-1034,825,-244,251,292,360,338,0
442586,70,70,762,725,-3562,2224,-1036,760,-33,52,386,342,344,0
445945,71,71,968,650,-3634,2627,-1314,684,146,104,382,331,348,0
449278,72,72,1268,518,-3901,3108,-1436,614,318,-44,676,315,355,0
452591,73,73,2150,800,-1486,1810,-1299,553,527,-28,623,288,360,0
455945,73,74,2037,518,937,435,-1160,504,221,-88,667,310,375,0
459279,75,75,1437,387,3128,-789,-1010,455,107,32,238,326,382,0
462593,76,77,1437,87,3513,-1825,-1078,411,-2,136,386,342,382,0
465946,77,78,1081,350,3626,-1817,-1114,374,167,179,37,361,384,0
469279,78,79,800,368,4255,-1187,-1167,356,190,265,139,376,383,0
472597,79,80,593,500,5200,384,-891,359,-156,103,-130,387,376,0
475946,80,82,425,218,4526,1385,-790,344,-81,-131,-123,396,375,0
479279,82,83,181,0,4445,912,-1207,322,-554,-359,84,393,388,0
482599,83,84,0,0,906,71,-1166,291,-550,6,-56,404,385,0
485946,84,85,200,218,-2299,848,-1389,231,317,243,180,388,371,0
489279,85,86,143,443,-2202,2559,-1595,131,-426,-87,8,391,359,0
492602,86,87,556,556,-3371,3745,-1741,6,-612,-279,-52,369,353,0
495947,88,89,87,593,-6084,2912,-2193,-143,-66,-117,421,378,335,0
499280,89,90,237,500,-7552,1914,-1582,-277,-11,-224,199,370,340,0
502606,90,91,518,856,-7238,989,-646,-380,-229,-315,387,355,321,0
505948,91,92,500,687,-8061,-189,-96,-464,202,-258,326,356,330,0
509280,92,93,781,650,-7041,-1816,537,-519,-120,-201,488,341,332,0
512609,93,93,743,950,-4573,-1984,688,-563,403,184,230,343,332,0
515946,94,95,1325,931,-3212,-1527,897,-588,147,77,471,348,353,0
519280,95,96,1231,631,-1712,-1130,849,-605,43,-32,92,353,369,0
522613,96,97,743,575,-728,-1112,894,-619,147,138,435,379,372,0
525968,98,98,256,725,428,-1034,1063,-616,186,-61,261,389,364,0
529305,99,99,218,275,1727,-975,902,-605,346,-83,-47,391,388,0
532615,100,101,50,368,3415,-734,895,-590,108,-1,214,400,383,0
535972,101,102,481,68,4555,-552,892,-567,227,-189,34,393,399,0
539308,103,103,143,500,5658,-974,897,-534,-63,-30,79,395,376,0
542619,104,104,125,181,5723,-1481,428,-500,-365,-79,246,396,393,0
545972,105,105,0,443,3984,-1748,-376,-479,-370,49,-33,385,359,0
549308,106,107,181,500,1673,-790,-820,-472,-107,237,71,373,340,0
552622,107,108,162,875,415,477,-1134,-467,-355,1,-37,374,336,0
555972,109,109,0,912,-1812,1316,-1673,-474,-393,112,200,372,318,0
559314,109,110,443,781,-4665,1818,-2320,-506,-14,-74,336,359,325,0
562625,111,111,443,1025,-5333,2014,-2556,-550,-125,160,416,343,328,0
565973,112,111,1381,968,-5928,2643,-2450,-595,452,-87,692,309,347,0
569314,112,113,2206,593,-3197,2433,-1869,-619,448,-48,873,281,351,0
572629,113,114,2112,162,-166,1471,-1181,-621,612,-272,953,270,358,0
575973,114,115,2393,893,3211,-88,-542,-602,330,-80,998,291,355,0
579314,115,116,1925,668,5560,-1546,35,-573,-74,20,424,316,367,0
582632,116,117,1662,518,4855,-2240,276,-540,-180,148,504,330,375,0
585973,117,118,1250,481,3474,-2651,350,-491,69,77,233,352,377,0
589315,118,119,875,237,3420,-2162,376,-443,393,299,60,372,390,0
592635,119,121,800,0,5043,-1462,582,-381,-117,210,-54,376,389,0
595974,120,122,800,87,4826,-347,973,-301,-190,91,-239,392,398,0
599315,122,123,425,462,3686,-92,782,-222,-46,-125,89,396,378,0
602638,123,124,218,462,2695,-130,543,-137,-375,-130,43,407,378,0
606023,124,125,0,368,1139,-214,260,-79,-109,-177,170,419,379,0
609315,126,127,0,0,-422,-383,538,-42,-4,-59,4,400,370,0
612641,127,128,0,0,-968,407,749,-16,-14,298,-289,390,381,0
615998,128,129,350,125,-1513,1175,617,-13,-67,81,136,380,376,0
619315,129,130,275,181,-2264,2087,269,-26,-209,-52,177,384,373,0
622644,130,131,443,256,-2870,2664,189,-48,87,13,149,375,369,0
625998,132,133,462,350,-3033,2908,240,-67,-230,64,127,358,348,0
629315,133,134,462,387,-4311,3463,305,-86,-125,98,-49,358,346,0
632647,134,135,518,800,-4818,3500,718,-97,-257,-179,209,355,324,0
635999,135,136,331,837,-5729,2948,1200,-87,-108,-3,88,365,322,0
639340,136,137,518,1062,-6094,1542,1381,-72,-59,-24,198,375,330,0
642651,137,138,425,1250,-5951,288,1275,-60,326,-15,262,380,336,0
645999,138,139,1025,837,-4384,-300,1422,-44,-27,69,177,364,358,0
649341,140,140,743,593,-3289,-619,1755,-2,235,-10,195,363,371,0
652654,141,141,537,556,-1979,-688,1850,66,-18,147,74,374,373,0
655999,142,142,537,387,-1287,-666,1579,141,167,83,225,374,382,0
659342,143,143,181,387,108,-504,1186,214,175,128,1,393,382,0
662657,144,145,256,0,1353,-101,1168,303,-6,146,130,389,389,0
665999,146,146,162,425,2337,31,857,402,225,-156,-7,394,380,0
669342,147,147,0,0,3009,-259,836,508,-95,-22,-69,392,391,0
672660,148,148,0,31,2317,-267,841,611,-226,-32,292,391,381,0
676000,149,149,275,837,1630,-159,749,693,-77,-165,300,368,338,0
679342,150,151,481,706,1700,865,812,755,-282,-86,603,357,329,0
682663,151,151,912,1568,795,2079,833,798,-457,-452,705,334,299,0
686020,152,152,1606,1606,-1823,2238,775,821,-120,-481,1018,297,297,0
689342,153,153,2056,1400,-2246,991,1191,850,176,-624,1211,273,308,0
692666,154,154,2168,1287,-405,-274,1674,891,246,-433,1203,267,314,0
696024,155,155,2093,1081,1837,-1305,1922,939,12,-357,918,271,325,0
699373,155,156,2825,1606,2425,-2911,2184,989,-19,-219,678,284,333,0
702670,156,157,1906,931,2614,-4120,2136,1026,-164,251,302,333,369,0
706025,157,158,1437,631,2199,-4691,2241,1071,13,76,299,358,385,0
709343,159,160,818,275,2112,-4680,1870,1113,97,236,-63,375,388,0
712673,160,161,912,200,2215,-4088,1635,1156,-102,227,162,370,392,0
716025,161,162,593,12,2186,-3298,1338,1181,82,135,48,387,402,0
719366,162,163,668,425,2176,-2813,1361,1200,-54,199,163,399,396,0
722676,163,165,837,387,1778,-3313,1150,1216,-218,-202,7,390,382,0
726025,165,166,500,650,512,-3967,1154,1244,158,-13,-216,392,368,0
729367,166,167,537,125,924,-4444,554,1256,201,88,54,390,396,0
732680,167,168,87,0,1742,-4516,346,1259,-119,-40,72,394,387,0
736025,168,169,181,0,1434,-4466,585,1268,-170,144,-119,389,384,0
739371,170,171,0,0,280,-3693,614,1264,-110,122,88,393,368,0
742682,171,172,0,0,-663,-2644,441,1241,-180,136,-121,390,378,0
746025,172,173,331,237,-1221,-1777,276,1206,-77,236,196,381,370,0
749371,173,174,406,518,-2041,-853,276,1175,-354,94,42,377,355,0
752686,174,175,537,706,-3355,-90,89,1133,-83,150,8,370,345,0
756026,176,176,500,762,-4024,549,56,1080,-178,186,189,356,342,0
759371,177,177,443,912,-5359,2056,280,1031,-158,203,9,359,334,0
762690,178,178,968,1287,-6202,2773,509,998,-63,88,144,351,334,0
766047,179,179,256,1025,-6590,3062,528,977,-25,62,-58,389,348,0
769372,180,181,443,537,-6052,3157,472,955,-101,61,118,379,358,0
772692,181,182,293,331,-5843,3087,361,940,272,-87,-81,387,369,0
776049,182,183,781,593,-4958,2869,787,938,20,72,-15,377,371,0
779372,184,184,200,631,-3408,2665,563,930,160,-175,-19,392,369,0
782696,185,185,368,462,-2825,2484,242,914,51,63,-140,383,378,0
786049,186,187,125,0,-2837,2571,19,889,126,157,71,396,388,0
789372,187,188,293,125,-1287,2783,-303,853,248,-32,-93,387,380,0
792699,189,189,0,0,-431,3117,-599,811,-143,196,-66,400,390,0
796050,190,190,0,0,-553,3627,-963,743,41,-77,120,385,385,0
799372,191,191,143,162,-956,3728,-1411,647,93,-244,-183,375,374,0
802702,192,193,312,331,-1213,3302,-1369,544,68,-115,155,366,365,0
806049,193,194,593,293,-636,2636,-1464,430,440,-135,199,351,351,0
809372,194,195,650,406,2391,3092,-1183,326,184,242,169,348,345,0
812705,195,196,931,331,3615,4364,-1074,223,340,160,43,333,349,0
816050,196,197,1756,293,4304,5589,-1203,127,287,-174,607,289,351,0
819374,197,198,2168,368,6220,4037,-132,71,269,-322,899,267,347,0
822708,198,199,2525,893,7886,1340,718,52,195,-297,1003,248,319,0
826050,199,200,0,1437,8957,-1225,1414,54,-429,-198,814,500,374,0
829377,199,201,0,1512,6241,-4251,2492,96,-202,170,846,575,370,0
832712,200,202,3800,1775,4291,-5256,2653,142,-128,6,754,259,356,0
836050,201,203,3387,2056,2964,-5314,2670,209,-371,497,552,302,341,0
839380,202,204,2787,1025,-112,-3769,1893,257,-123,429,678,334,396,0
842714,203,205,2093,950,-1041,-2951,2038,302,-182,421,238,371,400,0
846051,204,207,1756,800,-1978,-1978,1717,337,-183,377,263,405,408,0
849383,205,208,1493,987,-2802,-572,1083,357,-36,-38,28,419,398,0
852718,207,209,762,1081,-3198,156,357,359,-123,185,-107,442,393,0
856075,208,211,593,125,-3553,343,89,354,27,-10,219,431,408,0
859387,210,212,0,0,-3231,360,-202,344,-35,-54,12,466,425,0
862721,211,213,237,275,-3231,346,-378,331,-329,129,-193,434,400,0
866078,212,215,0,0,-4013,523,-949,292,-121,291,142,452,406,0
869390,214,216,31,50,-3642,1097,-1197,239,175,196,297,429,396,0
872725,215,217,443,125,-2723,1901,-1366,180,-224,-138,-206,407,392,0
876083,216,219,856,387,-3449,2423,-1323,124,-5,194,56,401,378,0
879393,218,220,593,575,-3260,2852,-1235,74,348,-64,203,399,368,0
882727,219,221,368,293,-2361,3153,-1027,17,-51,-41,-26,395,367,0
886084,220,222,1193,1118,-2466,3458,-682,-21,149,30,136,387,359,0
889396,221,223,762,743,-876,3121,-668,-49,346,-160,158,410,379,0
892731,223,225,650,612,811,2865,-458,-64,-81,110,50,400,386,0
896085,224,226,668,106,1765,2677,-536,-71,391,-105,182,399,397,0
899400,225,227,575,256,4052,2327,-552,-70,520,-73,207,404,389,0
902734,227,228,368,50,5559,2397,-647,-60,59,132,23,415,400,0
906085,228,230,500,162,6764,2396,-1032,-48,87,-20,29,408,394,0
909403,229,231,350,106,7233,2182,-1357,-48,-294,49,-6,416,397,0
912737,231,232,0,200,5557,2263,-1726,-56,-314,101,-55,437,392,0
916113,232,233,50,237,3911,1926,-2221,-88,-152,-234,214,412,386,0
919406,233,235,0,387,2279,1596,-2609,-136,-429,-185,175,403,346,0
922740,235,235,218,1212,466,1462,-2632,-181,-778,-177,57,387,318,0
926086,236,236,312,1531,-2258,894,-2807,-265,-686,-232,271,382,317,0
929410,237,237,350,1568,-7204,124,-3505,-396,-328,-202,124,380,315,0
932743,238,238,668,1662,-9411,-877,-3833,-560,-178,-263,403,363,310,0
936085,239,239,1137,1606,-9441,-2182,-3649,-752,459,-206,590,338,313,0
939412,240,240,1868,1268,-6254,-3310,-2900,-926,1127,-150,1090,299,331,0
942747,241,241,2037,931,-448,-3425,-2366,-1083,405,58,964,290,349,0
946086,242,242,1850,537,3377,-3345,-416,-1155,52,53,933,300,370,0
949415,243,244,1925,875,4429,-3014,854,-1192,122,34,670,316,372,0
952750,244,245,1775,612,4583,-2716,1545,-1198,-50,247,664,340,370,0
956086,245,246,1343,575,4192,-2088,2266,-1161,27,39,208,363,388,0
959419,246,247,1287,518,4200,-2315,2520,-1093,361,215,160,366,391,0
962754,247,248,818,237,4989,-2502,2630,-1014,-121,295,-101,391,406,0
966111,248,250,987,50,4690,-1754,2281,-936,183,176,-130,382,400,0
969422,250,251,143,200,5234,-1427,1866,-866,-149,107,-1,411,392,0
972756,251,252,256,387,4738,-657,1806,-780,-461,68,-113,405,382,0
976112,252,253,818,612,3708,-85,1143,-707,-15,-66,107,391,386,0
979425,253,255,200,0,2372,122,1440,-619,-357,-185,-123,404,385,0
982759,255,256,0,0,556,283,1807,-521,-421,97,-189,425,392,0
986112,256,257,0,50,-589,554,1697,-430,-47,-31,153,400,380,0
989428,257,258,275,50,-2054,1735,1424,-353,-132,102,45,384,380,0
992763,258,259,181,293,-2562,2761,1179,-295,110,133,123,389,367,0
996112,260,261,181,87,-2465,3371,622,-255,-100,78,189,373,362,0
999432,261,262,181,237,-3212,4594,630,-221,-69,19,-111,373,354,0
1002766,262,263,237,387,-3544,5237,685,-183,-47,-33,73,370,346,0
1006112,263,264,275,462,-3831,5503,964,-135,-171,-90,65,368,342,0
1009435,264,265,931,1193,-4898,4902,1126,-80,-208,-79,153,369,339,0
1012769,265,266,800,1006,-5684,3916,1069,-14,-25,-166,159,376,349,0
1016113,267,267,143,800,-6360,2816,1179,64,120,-30,-42,395,360,0
1019438,268,268,556,725,-5909,2055,1677,171,71,-8,189,373,364,0
1022773,269,269,275,668,-4706,1962,1971,302,148,69,-76,388,367,0
1026113,270,271,200,12,-4240,2089,1903,443,119,196,61,392,386,0
1029441,271,272,725,462,-3188,2287,1658,577,311,9,-51,380,378,0
1032775,273,273,0,12,-2172,2587,1545,713,-137,132,-79,410,402,0
1036113,274,274,143,293,-2496,2843,1037,855,-19,-90,203,395,387,0
1039444,275,276,312,0,-1878,2455,899,1002,321,-246,113,386,387,0
1042778,276,277,125,12,-599,1488,908,1145,124,-304,215,376,366,0
1046114,277,278,368,106,441,-376,793,1260,132,-430,301,363,361,0
1049447,279,279,800,462,2002,-1934,805,1359,505,-269,537,340,342,0
1052782,279,280,1212,968,4562,-2462,1256,1412,345,-492,753,318,315,0
1056141,280,281,1718,1231,6486,-3253,2075,1450,-93,-348,754,307,317,0
1059451,281,282,1775,1193,5940,-3982,2467,1479,-250,-447,734,304,319,0
1062785,282,283,1550,1306,4590,-4709,2919,1499,-127,-185,886,316,313,0
1066142,283,284,1343,1400,3321,-5143,3696,1536,-108,-214,760,327,308,0
1069454,284,285,1231,1156,2078,-5356,3888,1575,-135,-129,693,333,321,0
1072788,285,286,1512,1250,1495,-5416,4068,1631,-258,80,555,338,336,0
1076147,286,287,1250,912,389,-3959,3459,1681,-79,262,593,352,354,0
1079457,287,288,1268,387,433,-3143,3126,1722,29,11,276,351,382,0
1082791,288,289,1118,256,745,-2942,2958,1779,-158,338,205,359,389,0
1086147,290,290,968,350,30,-2495,2597,1815,-247,42,229,367,400,0
1089460,291,292,931,293,-674,-2353,2450,1835,-75,118,16,369,387,0
1092795,292,293,687,406,-961,-2384,1976,1844,3,51,154,382,381,0
1096150,293,294,650,631,-586,-2386,1550,1847,22,113,-13,384,369,0
1099464,294,295,725,443,-348,-2182,952,1840,-20,63,-41,380,379,0
1102798,296,297,631,0,-302,-2655,506,1837,-155,-64,78,381,389,0
1106151,297,298,237,0,-864,-3486,-4,1817,-48,-44,-202,386,395,0
1109466,298,299,237,162,-1595,-3423,-241,1788,-111,132,110,386,374,0
1112801,299,300,387,68,-2252,-2775,-633,1738,-288,101,-113,378,379,0
1116151,300,301,275,162,-3430,-1504,-1184,1666,-22,251,45,384,374,0
1119470,302,303,68,275,-3684,-748,-1273,1593,-132,14,218,379,352,0
1122804,303,304,237,818,-5067,-16,-1212,1518,-172,138,-57,370,339,0
1126151,304,305,650,612,-6378,899,-1254,1426,-115,278,146,348,334,0
1129473,305,306,518,481,-7094,2104,-987,1334,-102,93,-17,355,341,0
1132807,306,307,537,462,-7448,2769,-654,1254,226,152,304,354,342,0
1136152,307,308,875,1043,-6449,2943,-663,1182,214,-49,22,372,347,0
1139476,308,309,818,781,-4885,2735,-468,1119,159,189,217,375,361,0
1142810,309,310,987,556,-3401,2682,-410,1073,279,-24,99,366,373,0
1146151,310,311,950,706,-1051,2379,-244,1038,78,190,112,368,365,0
1149479,312,312,481,425,66,1966,-462,995,111,55,203,377,380,0
1152814,313,314,237,631,1196,1878,-624,951,115,120,-141,390,369,0
1156152,314,315,481,331,1855,2172,-801,900,62,249,50,393,385,0
1159483,315,316,331,293,2242,2585,-1281,821,261,-23,-85,401,387,0
1162817,317,317,500,293,3261,2968,-1690,703,-13,136,-89,392,387,0
1166173,318,318,0,0,3342,3325,-2302,554,-21,-86,104,396,388,0
1169486,319,320,0,0,3035,3103,-2497,385,116,-170,2,385,374,0
1172821,320,321,181,68,3813,2881,-2295,198,184,-83,331,373,363,0
1176176,321,322,406,237,5685,2934,-2318,4,180,-95,112,361,354,0
1179489,322,323,575,350,6307,3051,-2015,-185,-349,41,-28,352,348,0
1182823,324,324,725,668,4759,3330,-1701,-346,-363,104,271,344,331,0
1186177,325,325,800,1418,1466,3909,-1687,-497,-107,-39,625,340,307,0
1189493,325,326,1793,1831,848,3481,-1117,-624,-121,-250,862,303,285,0
1192827,326,327,1775,1268,358,1456,-449,-719,-66,-129,1076,288,299,0
1196177,327,327,2693,2356,177,-1280,302,-786,24,-159,999,275,293,0
1199495,328,328,2375,1756,291,-2857,686,-827,-53,38,1105,292,325,0
1202830,329,329,2243,1587,355,-4181,1391,-832,82,128,761,299,334,0
1206177,330,330,1775,950,845,-5043,2285,-790,109,274,588,324,368,0
1209499,331,331,1587,725,1352,-4570,2633,-724,99,340,193,334,380,0
1212834,332,333,1193,237,1611,-3743,2662,-640,109,267,314,355,390,0
1216178,333,334,1100,650,2131,-3186,2809,-545,-74,240,20,376,384,0
1219502,334,335,987,387,1780,-2392,2335,-452,-31,133,116,382,398,0
1222836,335,337,650,500,1485,-1933,2154,-348,73,-81,186,400,392,0
1226206,337,338,0,162,1761,-1814,2277,-237,212,8,38,424,390,0
1229505,338,339,0,0,2031,-1658,1987,-137,-319,11,48,410,395,0
1232839,339,340,0,68,437,-1160,1788,-42,15,-55,34,408,379,0
1236178,341,341,12,237,-854,-438,1751,43,203,184,-96,398,386,0
1239508,342,343,68,0,-271,309,1646,115,-169,119,231,395,385,0
1242843,343,344,312,143,-676,1144,1708,189,-210,6,-93,382,375,0
1246199,344,345,518,162,-2060,1630,1334,245,-90,-23,33,371,374,0
1249511,346,346,500,256,-2736,1996,1015,290,-120,-25,67,372,369,0
1252846,347,347,650,425,-3092,2916,1193,334,-112,163,-84,364,360,0
1256203,348,349,500,368,-3384,3852,1401,393,-52,-36,51,356,347,0
1259515,349,350,631,856,-3302,3892,1181,449,62,138,-65,369,357,0
1262849,350,351,293,331,-2698,3835,846,501,29,199,102,387,369,0
1266203,351,352,593,500,-1917,3624,419,554,113,-83,-65,387,376,0
1269519,352,353,856,818,-1013,3615,368,618,82,118,-115,373,359,0
1272852,354,354,631,743,-93,3537,302,699,191,-99,147,385,363,0
1276203,355,355,181,481,1382,3357,-109,774,68,-43,-200,393,377,0
1279521,356,357,218,68,1518,3147,-397,833,143,-31,127,391,383,0
1282855,357,358,237,143,2407,3221,-516,890,125,-76,-7,406,395,0
1286203,359,359,293,275,3591,3729,-808,927,-69,83,-80,387,388,0
1289525,360,360,0,0,3168,4194,-1296,940,-34,-60,184,396,389,0
1292858,361,361,106,143,2375,4431,-1689,940,-121,-241,-82,377,375,0
1296204,362,363,218,200,338,4227,-1962,913,-435,-117,270,371,356,0
1299527,363,364,387,743,-1435,3794,-2325,855,-449,-262,134,362,327,0
1302862,364,365,443,1175,-4037,2899,-2653,763,-336,-271,362,359,304,0
1306204,365,365,875,1531,-6166,1056,-2999,647,10,-685,748,336,301,0
1309530,366,366,1381,1456,-4685,-1314,-2567,524,456,-487,1056,309,305,0
1312865,367,367,2281,1943,-1332,-3193,-2501,374,392,-402,1106,277,295,0
1316204,368,368,1606,1568,2854,-3941,-1795,236,-22,-233,1105,297,299,0
1319534,369,369,2281,2187,4337,-3476,-949,123,-267,-303,968,297,302,0
1322892,370,370,1718,1456,4009,-2957,101,38,-226,-175,875,327,341,0
1326226,371,371,1700,1250,3216,-3006,1135,1,-246,-40,535,328,352,0
1329537,372,372,1287,893,2535,-3104,1986,-4,21,-25,432,350,371,0
1332895,373,373,1006,462,2991,-3587,2449,1,-80,263,26,365,394,0
1336229,374,375,781,275,3333,-3568,2479,16,-235,196,150,377,388,0
1339540,375,376,931,743,2586,-3108,2165,28,-141,-26,-193,385,379,0
1342899,377,377,500,218,1135,-2628,1846,31,-73,252,8,392,407,0
1346229,378,378,218,406,-76,-2241,1425,24,36,185,218,407,397,0
1349544,379,380,481,350,-36,-1875,1640,22,-143,-153,-235,393,384,0
1352902,380,381,0,162,-319,-1155,2127,47,-240,61,-269,412,374,0
1356229,382,382,0,0,-1510,-745,3086,111,61,-446,-188,392,389,0
1359546,383,383,0,31,-1836,-1854,3207,174,-70,-100,-166,386,381,0
1362905,384,385,256,162,-2783,-2620,2836,219,18,39,146,385,374,0
1366230,385,386,425,143,-3066,-2310,2622,264,91,89,19,376,375,0
1369551,386,387,350,312,-2814,-1188,2293,310,-86,166,203,380,366,0
1372909,387,388,481,406,-2988,-42,2177,364,-113,96,98,373,361,0
1376230,389,389,256,537,-3378,1455,2114,419,-191,43,-133,369,354,0
1379553,390,390,425,687,-4100,1779,2083,475,-2,84,117,360,346,0
1382912,391,391,781,1025,-4229,2264,2036,542,22,144,-101,361,348,0
1386231,392,393,293,425,-4060,3095,1893,613,-31,12,146,387,364,0
1389556,393,394,368,387,-4014,3086,1652,681,200,-136,-39,383,366,0
1392913,394,395,668,518,-3390,2803,1687,759,-55,-10,50,383,375,0
1396230,396,396,387,612,-2485,2625,1690,852,164,-13,69,382,370,0
1399559,397,397,462,537,-1979,2232,1583,955,291,-85,-89,378,374,0
1402917,398,398,312,256,-1752,2032,1460,1061,137,5,168,386,389,0
1406252,399,400,162,143,43,1997,1131,1169,253,-68,58,394,379,0
1409563,401,401,162,0,1101,2111,1106,1287,-101,144,30,394,395,0
1412921,402,402,0,0,1291,2102,690,1402,16,-69,181,393,392,0
1416255,403,403,68,12,1731,1910,622,1502,-83,9,-40,379,382,0
1419566,404,405,200,0,944,2325,577,1598,162,113,319,372,379,0
1422921,405,406,593,162,766,2939,99,1657,131,-92,260,351,358,0
1426255,406,407,837,631,1779,3093,395,1699,189,-44,624,338,333,0
1429569,407,408,950,1006,3360,2385,853,1723,-150,-605,918,332,313,0
1432921,408,409,1775,1512,3623,1013,1058,1720,-72,-501,1118,288,286,0
1436256,409,409,1812,1625,3057,-1251,1564,1707,-250,-570,1085,286,296,0
1439573,410,410,1850,1531,1965,-3088,1731,1685,-187,-403,1045,284,301,0
1442953,411,411,3612,3012,502,-4540,2108,1673,-116,-163,779,274,306,0
1446256,411,412,181,875,-1397,-5145,2230,1675,112,-182,732,473,420,0
1449576,412,413,3443,2000,-1440,-4938,2209,1687,263,235,490,299,360,0
1452922,413,414,3050,1418,-725,-4434,2300,1714,183,125,317,320,391,0
1456256,414,415,2356,1043,234,-3751,2298,1734,165,295,228,357,411,0
1459579,416,417,2037,537,1308,-3730,2206,1737,30,278,246,374,422,0
1462922,417,418,1325,818,1400,-3263,1594,1690,-127,343,36,412,423,0
1466257,418,420,1268,500,818,-2554,1086,1624,105,76,127,415,424,0
1469583,420,421,650,875,1013,-2872,1008,1567,-53,68,127,448,404,0
1472923,421,422,800,818,1166,-3110,782,1509,-167,90,-115,424,407,0
1476257,422,424,612,0,1316,-3525,118,1441,316,143,-36,414,425,0
1479585,424,425,612,0,1984,-3779,-625,1354,-28,38,-4,414,443,0
1482944,425,427,762,0,1124,-3637,-1253,1249,-494,223,-126,390,417,0
1486257,426,428,593,143,-1087,-3088,-1555,1135,34,130,22,399,391,0
1489588,428,429,200,0,-1879,-2618,-1931,1011,-47,-40,95,420,417,0
1492944,429,430,237,443,-3493,-1909,-2189,883,-387,174,-53,418,391,0
1496281,430,432,143,575,-5380,-1344,-2233,762,-41,224,36,423,368,0
1499592,432,433,256,668,-6021,-1041,-2096,644,-290,128,24,417,363,0
1502947,433,434,725,912,-7219,-2,-1881,532,-227,280,-134,376,350,0
1506281,434,435,1175,1268,-8339,1160,-1383,439,-8,174,180,372,351,0
1509595,435,436,1250,1268,-8775,1802,-646,374,150,-66,29,368,351,0
1512948,436,437,312,1175,-8205,1891,125,342,45,96,-48,418,356,0
1516282,438,438,106,1062,-7205,1833,149,312,153,-69,222,413,362,0
1519598,439,439,162,875,-6291,1654,468,305,165,-82,-79,410,372,0
1522948,440,441,425,837,-5633,901,421,299,57,29,105,412,374,0
1526282,442,442,387,387,-4774,541,326,291,441,-250,137,398,398,0
1529601,443,443,275,87,-4094,801,380,300,-114,291,-111,404,414,0
1532948,444,444,181,406,-2849,2235,56,289,-61,29,109,409,397,0
1536311,445,446,406,31,-1625,2398,-771,239,202,-233,-98,393,397,0
1539605,447,447,106,0,-1037,1752,-699,184,67,203,274,377,404,0
1542948,448,448,856,106,-145,2670,-2,135,281,292,415,353,393,0
1546283,449,450,931,0,1875,3886,-349,70,328,37,25,349,397,0
1549608,450,451,893,68,3084,4615,-299,-4,458,206,301,351,379,0
1552949,451,452,781,181,5384,5561,275,-65,341,140,127,357,373,0
1556283,452,453,1362,368,7267,7291,130,-130,479,68,226,326,363,0
1559611,453,454,1568,368,8700,8250,281,-194,235,-97,72,315,363,0
1562949,454,455,1737,331,9880,8291,289,-256,460,-119,300,306,365,0
1566283,455,456,2093,237,11903,6779,44,-324,158,-208,411,287,370,0
1569614,456,458,2487,425,12865,4406,-36,-375,137,-384,437,302,380,0
1572970,456,459,2675,200,13107,-742,-341,-419,-432,-143,463,308,392,0
1576306,457,460,2412,593,9689,-3759,-962,-481,98,-15,373,322,371,0
1579617,458,461,2187,556,8785,-4968,-1103,-540,-481,464,158,334,373,0
1582973,460,462,1137,593,6878,-4293,-2140,-610,-1123,-161,373,374,371,0
1586307,461,463,237,612,350,-4957,-2597,-672,-1007,6,89,422,370,0
1589620,462,465,218,406,-5408,-5319,-2841,-722,-441,135,405,423,365,0
1592974,464,466,162,687,-9053,-3402,-2708,-758,237,298,217,426,366,0
1596307,465,467,331,481,-8811,-975,-2979,-790,-71,210,47,417,377,0
1599623,466,468,31,350,-8387,1100,-3254,-824,-176,7,363,413,364,0
1602974,467,469,162,443,-9461,2344,-3587,-866,757,-180,418,406,359,0
1606307,469,470,331,500,-7855,2818,-2972,-893,202,-76,314,381,356,0
1609627,470,471,387,425,-5605,3260,-2013,-898,265,46,185,378,360,0
1612974,471,473,1006,143,-3687,4527,-1333,-896,15,-148,205,345,359,0
1616307,472,474,1250,125,-1777,5306,-568,-894,986,-333,566,332,360,0
1619630,473,475,1062,406,3126,4502,183,-892,212,-37,342,342,345,0
1622975,474,476,1231,1137,5217,3579,1086,-862,-308,-133,298,349,322,0
1626307,475,477,1156,1137,4443,1925,1846,-819,-347,-200,312,337,306,0
1629633,476,478,1625,2187,2423,189,2737,-747,-432,-181,313,348,302,0
1632975,477,479,1137,1456,178,-2747,3403,-651,82,78,334,374,325,0
1636308,478,479,1006,1775,-263,-3920,3424,-556,242,339,172,381,324,0
1639637,480,481,650,1306,570,-4138,3376,-452,415,156,157,384,349,0
1642975,481,482,593,612,2058,-3607,3442,-320,83,113,-65,387,370,0
1646309,482,483,612,87,2746,-2883,3337,-194,-121,250,232,386,398,0
1649640,483,484,518,631,2406,-2219,3198,-94,-502,-170,-200,407,385,0
1652997,485,485,87,387,407,-2596,2602,-2,86,139,-119,414,398,0
1656332,486,487,181,500,1020,-2293,2624,88,71,131,116,409,376,0
1659642,487,488,350,87,2166,-2266,2436,156,77,-88,-119,400,398,0
1663000,489,489,0,0,2537,-2547,1647,203,-59,-48,-31,395,393,0
1666337,490,490,0,312,1896,-2271,1237,233,-263,2,270,397,366,0
1669646,491,491,0,518,570,-1594,276,233,-236,47,-19,384,355,0
1673000,492,493,481,725,-1297,439,-1029,199,-246,164,275,373,344,0
1676336,493,494,500,950,-2193,1889,-1569,151,-60,32,175,372,332,0
1679650,495,495,650,968,-2875,3227,-2112,96,-175,164,57,364,331,0
1683000,496,495,575,1456,-3653,5071,-2995,32,-71,31,180,352,321,0
1686342,497,497,762,1081,-4072,5703,-3286,-35,-250,245,167,342,325,0
1689653,498,497,706,1231,-5091,6275,-3176,-67,371,21,363,345,333,0
1693001,499,499,1793,968,-3666,5192,-2778,-73,163,68,575,307,351,0
1696342,499,500,2337,931,-1813,3394,-2115,-50,631,-169,753,294,353,0
1699655,500,501,2337,968,1780,541,-1803,-22,372,319,675,294,351,0
1703001,501,502,2412,987,5289,-2246,-1564,21,244,62,342,306,366,0
1706343,502,503,2187,593,6142,-3412,-1394,80,-19,272,257,318,387,0
1709658,503,504,1737,706,5607,-3306,-1121,157,-38,190,29,342,381,0
1713001,504,505,1231,462,5204,-2072,-868,222,51,413,-32,369,394,0
1716343,506,507,500,312,4681,-1306,-587,267,-61,62,212,392,386,0
1719662,507,508,500,87,3900,-555,-361,297,180,-167,-196,392,398,0
1723001,508,509,218,87,2873,-881,-353,304,-545,-106,138,403,394,0
1726343,509,510,50,425,-98,-1024,-542,281,-851,-108,41,412,376,0
1729665,511,512,181,125,-4372,102,-1281,207,181,263,-102,389,376,0
1733022,512,513,237,312,-5257,2770,-1744,95,-330,26,109,386,366,0
1736343,513,514,162,218,-6500,3680,-1455,-35,-267,-133,30,390,371,0
1739668,514,515,293,462,-7105,3601,-1630,-192,-20,53,259,383,358,0
1743026,515,516,387,537,-6636,2869,-1358,-342,-216,-254,105,378,354,0
1746344,517,517,237,762,-7306,2561,-570,-465,85,-107,183,370,342,0
1749671,518,518,387,818,-6572,2117,-8,-573,-9,-425,440,362,339,0
1753055,519,519,1231,1868,-5432,268,543,-660,103,-92,290,353,319,0
1756344,520,520,1625,1381,-4661,-1030,1004,-729,422,-218,504,332,345,0
1759675,521,521,1306,1381,-1937,-1931,1496,-763,337,8,304,349,345,0
1763027,522,522,781,1175,1458,-2531,2390,-770,87,10,371,377,356,0
1766344,523,524,706,443,3195,-2957,2376,-772,45,3,53,381,379,0
1769678,525,525,331,518,3926,-3019,2427,-748,-102,279,28,401,375,0
1773027,526,526,425,781,3868,-2572,2221,-717,214,-81,90,396,377,0
1776369,527,527,331,481,4298,-2099,1940,-665,-21,64,-97,401,393,0
1779682,528,528,312,500,3845,-1376,1880,-574,-70,120,202,402,392,0
1783027,529,530,331,293,3154,-865,1406,-481,-103,-203,227,401,387,0
1786369,531,531,0,0,1786,-909,928,-386,-92,81,246,388,398,0
1789685,532,532,0,200,877,-429,69,-291,27,80,210,385,372,0
1793027,533,533,256,650,1703,874,-434,-201,-598,-32,-2,369,348,0
1796370,534,534,218,912,-626,1666,-978,-133,-499,-27,277,371,334,0
1799688,535,535,350,875,-3323,2047,-1515,-93,-43,-115,301,364,336,0
1803028,536,536,725,1568,-4232,2942,-1798,-83,-112,284,280,360,315,0
1806370,537,537,931,1400,-5261,4609,-2297,-99,203,-138,425,349,324,0
1809691,538,538,1268,762,-4777,5097,-2372,-124,189,-151,537,331,358,0
1813049,539,539,1906,612,-2073,3694,-1815,-137,649,-312,693,297,366,0
1816371,540,541,2431,631,1328,1745,-1460,-148,336,-226,802,289,369,0
1819695,541,542,2075,706,3700,-369,-1102,-155,138,-85,551,308,365,0
1823052,542,543,1887,706,4733,-2476,-1080,-171,-92,126,406,318,365,0
1826371,543,544,1568,593,3946,-3655,-935,-188,-3,-33,208,335,371,0
1829697,544,545,1362,481,3037,-4400,-645,-198,287,418,-26,346,377,0
1833053,545,546,1137,500,3864,-3819,-506,-196,122,458,-28,374,392,0
1836371,547,548,500,462,4708,-2408,-190,-162,53,197,-192,392,378,0
1839700,548,549,556,293,4569,-1857,78,-105,-215,-83,33,389,387,0
1843053,549,550,668,500,3205,-2107,-156,-65,-417,-291,-97,383,376,0
1846399,550,551,462,350,1180,-2866,-82,-16,-162,36,121,390,380,0
1849704,551,553,0,256,-643,-3197,-211,18,-398,68,227,401,369,0
1853053,553,554,181,218,-2614,-1538,-1213,-1,-111,153,-231,389,371,0
1856396,554,555,125,256,-3473,460,-1157,-37,-312,310,33,392,369,0
1859707,555,556,256,312,-4868,2496,-1160,-90,-115,-112,43,385,366,0
1863054,556,557,350,256,-6855,3446,-1466,-167,-16,85,233,380,369,0
1866400,558,558,0,368,-7217,3528,-1771,-269,83,-45,204,392,363,0
1869710,559,559,312,425,-7474,3978,-1864,-402,-4,83,-44,366,360,0
1873054,560,561,556,200,-7224,4767,-1263,-516,225,-145,253,353,356,0
1876401,561,562,462,518,-6007,4840,-755,-615,154,-90,132,358,339,0
1879713,562,563,743,1006,-5023,3835,-621,-704,66,12,294,363,349,0
1883054,563,564,987,837,-4192,2621,-458,-779,328,-140,211,366,358,0
1886399,564,565,1118,687,-1937,2001,-233,-845,212,-37,439,359,366,0
1889716,565,566,1268,593,-86,1515,-211,-896,135,-93,375,351,371,0
1893055,566,567,1193,650,1351,854,-201,-931,287,61,337,355,368,0
1896400,567,568,1043,518,2929,616,-162,-938,216,-83,310,363,375,0
1899719,569,570,425,518,4809,843,13,-924,327,-33,84,380,375,0
1903077,570,571,425,0,6388,436,-87,-896,45,-6,206,396,404,0
1906401,571,572,518,406,6296,21,-447,-863,-425,-215,52,391,381,0
1909723,572,573,50,0,4549,-498,-734,-830,-144,-56,254,396,389,0
1913077,574,575,0,162,1953,-1401,-1361,-800,81,-227,339,396,358,0
1916400,575,576,143,293,2000,-1401,-1933,-787,-330,-155,-47,375,351,0
1919726,576,577,31,1137,717,-1591,-1847,-788,-490,-42,353,381,322,0
1923078,577,578,312,631,-3335,-1360,-2426,-818,-55,20,180,366,333,0
1926400,578,579,462,500,-4333,-489,-3016,-878,-80,15,573,358,340,0
1929729,579,580,856,1025,-4873,411,-3219,-944,504,-188,512,337,328,0
1933078,580,581,1606,856,-2019,1191,-2704,-1000,328,-106,834,313,337,0
1936401,581,582,1531,350,303,1277,-2170,-1047,371,-330,721,301,348,0
1939732,582,583,2600,912,2542,596,-1228,-1070,204,-40,799,280,354,0
1943078,583,584,1775,687,4243,-325,-246,-1072,50,-181,540,324,366,0
1946402,584,585,1662,575,4392,-1384,291,-1065,-17,-21,554,330,372,0
1949736,585,586,1231,593,3837,-2312,578,-1042,-83,138,136,353,371,0
1953079,586,587,1100,687,2761,-2880,570,-1022,136,123,217,360,366,0
1956404,587,588,781,293,3214,-3121,678,-994,-82,295,-7,377,387,0
1959739,588,590,1062,275,3249,-2239,932,-927,-110,36,-156,378,388,0
1963078,590,591,368,350,2562,-1520,633,-871,-117,23,109,399,384,0
1966408,591,592,443,500,1769,-1473,718,-812,-355,-79,-53,395,376,0
1969743,592,593,218,612,646,-1600,594,-748,-83,-61,201,407,370,0
1973079,593,595,0,0,-981,-1137,326,-682,-224,-210,83,416,373,0
1976411,595,596,0,0,-2708,-682,531,-608,-106,60,-104,396,372,0
1979745,596,597,0,0,-3336,-363,763,-544,-136,57,53,390,371,0
1983103,597,598,237,312,-4839,779,796,-496,-105,141,-199,386,366,0
1986414,598,599,275,275,-5502,1676,686,-455,181,171,226,384,368,0
1989749,599,600,387,312,-5570,1902,480,-426,48,-92,294,378,366,0
1993107,601,601,275,443,-5580,2060,591,-400,-93,205,-5,368,359,0
1996417,602,602,387,593,-5637,2514,607,-374,63,59,126,362,351,0
1999751,603,603,406,612,-5583,3216,921,-339,209,-10,65,361,350,0
2003107,604,605,893,481,-4157,3203,1000,-303,93,51,330,355,361,0
2006420,605,606,856,162,-3127,2991,803,-278,104,-11,29,357,378,0
2009755,606,607,818,237,-1968,2847,761,-252,361,230,369,359,374,0
2013112,607,608,1268,631,914,2467,763,-214,149,82,116,351,369,0
2016423,608,609,1175,612,1975,2076,589,-173,305,-26,328,356,370,0
2019758,609,610,1118,631,3476,1178,316,-120,31,1,220,359,369,0
2023112,610,612,1043,275,4525,826,293,-51,212,70,8,363,372,0
2026427,612,613,425,87,5049,437,188,12,125,-15,146,380,382,0
2029761,613,614,218,143,5039,-86,55,90,-147,-32,-28,391,379,0
2033113,614,615,31,0,3057,-339,-417,171,-452,39,231,397,383,0
2036431,615,616,256,425,665,-815,-806,246,141,-66,304,385,360,0
2039764,616,617,556,856,951,-680,-1163,294,-277,-50,116,369,337,0
2043113,618,618,312,1175,-162,-491,-1558,313,-926,-185,362,366,320,0
2046434,619,619,87,1175,-5350,-602,-2109,286,-82,-266,194,378,320,0
2049767,620,620,218,1212,-7434,-946,-2593,213,-73,-267,609,371,318,0
2053114,621,621,687,1400,-6741,-971,-2355,130,516,-153,706,346,308,0
2056436,622,622,1231,1137,-3407,-32,-1772,56,497,-118,1067,317,322,0
2059770,623,623,1493,687,498,288,-955,9,371,-227,833,303,346,0
2063146,624,624,3312,2056,3160,-523,292,-2,-104,-149,935,290,357,0
2066440,625,626,1362,1362,3664,-1326,1115,2,-66,-129,673,394,394,0
2069774,626,627,3031,931,3624,-2128,2044,47,-48,115,542,321,401,0
2073114,627,628,2243,1156,3605,-2272,2287,96,-14,67,191,347,389,0
2076443,628,629,2056,800,3859,-2769,2411,152,192,112,173,357,408,0
2079777,629,631,2000,125,4204,-3787,2518,221,-204,375,33,360,428,0
2083114,630,632,1793,312,3575,-3736,2282,276,165,201,101,387,434,0
2086446,631,633,1306,462,3612,-3827,1969,313,39,-274,21,413,426,0
2089781,633,635,743,537,2112,-3507,1707,342,-364,127,-40,427,406,0
2093138,634,636,875,593,847,-3483,1157,356,-66,17,87,420,403,0
2096449,636,637,837,162,1254,-4158,1059,375,-153,240,-69,402,406,0
2099783,637,639,818,31,-401,-3764,711,378,-475,396,-203,387,397,0
2103140,638,640,406,125,-2519,-3030,12,360,57,39,161,409,392,0
2106452,639,641,181,50,-2967,-2803,77,333,-153,256,213,421,396,0
2109786,641,642,0,162,-3568,11,183,308,-636,408,-178,415,390,0
2113140,642,644,612,368,-7376,1101,518,299,133,-129,68,398,379,0
2116456,643,645,481,537,-7336,1587,920,304,55,-20,-154,405,370,0
2119790,644,646,387,762,-6712,1549,778,304,146,325,313,410,358,0
2123141,646,647,331,650,-6539,2911,611,305,59,-161,142,397,364,0
2126458,647,648,893,875,-7817,2785,1330,337,-37,-33,-106,387,372,0
2129793,648,649,875,762,-7285,2692,1465,373,323,-76,-54,388,378,0
2133141,649,651,312,200,-5917,2305,1888,426,147,11,229,418,392,0
2136462,651,652,162,0,-5323,2627,2064,489,-202,68,-147,410,405,0
2139797,652,653,181,368,-5498,2223,1755,557,336,-6,46,409,383,0
2143141,653,655,181,87,-4234,2183,1343,624,158,62,45,425,398,0
2146465,655,656,237,143,-2718,2648,1044,693,287,42,-75,406,395,0
2149799,656,657,481,31,-404,2781,812,767,213,38,332,393,401,0
2153141,657,658,293,162,556,2830,534,850,-215,31,13,403,394,0
2156468,658,660,312,0,372,3174,184,937,56,-111,-72,398,401,0
2159803,660,661,162,0,649,3017,-168,1005,335,-121,405,390,387,0
2163141,661,662,537,162,2475,3224,-122,1057,234,130,293,370,374,0
2166472,662,663,706,462,4628,3925,57,1088,521,145,313,361,358,0
2169806,663,664,931,537,7371,4641,-257,1071,411,-178,248,349,354,0
2173141,664,665,1493,312,9538,4704,35,1037,711,-165,468,319,366,0
2176475,665,667,1700,0,12167,3490,256,981,46,-269,483,308,372,0
2179810,666,668,1850,0,12423,1385,767,934,58,-295,525,300,369,0
2183166,667,669,1550,781,10835,-843,673,880,-564,-153,621,316,325,0
2186478,668,670,1400,1175,7318,-2658,963,831,-579,-207,675,324,304,0
2189812,669,671,1775,1512,2951,-5414,617,779,-633,-98,558,324,322,0
2193170,670,672,1400,1193,-852,-6806,134,722,-359,126,599,360,339,0
2196481,671,673,1437,987,-2836,-7723,-265,660,-270,277,416,358,350,0
2199815,672,674,1343,612,-3865,-6691,-950,594,250,420,330,363,370,0
2203170,673,675,1231,481,-2568,-5640,-1112,526,-106,561,226,369,377,0
2206484,674,676,762,575,-2333,-3840,-899,476,-44,358,177,394,372,0
2209818,676,677,368,743,-2073,-1907,-1025,444,-64,20,279,399,363,0
2213175,677,678,725,1156,-2333,-1124,-1270,401,-281,47,141,396,357,0
2216488,678,679,856,987,-3332,-276,-1714,342,179,213,98,389,366,0
2219822,680,681,275,125,-2965,746,-1932,266,26,236,62,400,376,0
2223179,681,682,143,0,-2704,2179,-1908,177,-225,111,-151,391,393,0
2226491,682,683,237,275,-2930,3036,-2107,87,65,38,221,386,368,0
2229825,683,684,312,162,-3202,3483,-2422,-7,-128,-10,4,382,374,0
2233179,684,685,631,143,-3569,4055,-2449,-125,218,60,115,365,375,0
2236494,685,687,706,106,-3253,4546,-2203,-239,-215,19,-19,361,361,0
2239828,687,688,668,162,-4543,5052,-1877,-357,22,-81,-112,363,358,0
2243178,688,689,575,593,-3449,5108,-1390,-465,185,-2,225,368,351,0
2246497,689,690,256,237,-2094,5017,-1012,-551,-13,70,92,369,354,0
2249831,690,691,1081,781,-1087,4704,-990,-624,187,35,279,361,361,0
2253179,691,692,931,537,266,4277,-932,-686,49,-45,114,369,374,0
2256500,692,693,856,518,1562,3874,-809,-737,159,-130,195,373,375,0
2259835,693,695,912,743,2845,2573,-690,-775,-188,-141,161,370,363,0
2263180,695,696,275,331,2425,1915,-702,-803,1,131,-36,388,369,0
2266503,696,697,368,181,1927,1273,-815,-823,262,-47,129,383,377,0
2269838,697,698,462,368,3062,1351,-906,-847,105,-16,72,394,383,0
2273179,698,699,387,275,4329,1644,-948,-879,-104,20,74,398,388,0
2276507,699,701,762,0,3999,1567,-1132,-906,-188,-42,392,378,387,0
2279841,701,702,106,0,3292,1534,-1044,-940,61,-51,58,397,388,0
2283180,702,703,0,0,2766,1267,-1504,-995,-248,-227,109,387,370,0
2286511,703,704,181,518,1016,728,-1541,-1067,-388,-301,-51,373,339,0
2289844,704,705,256,1100,-1688,-440,-1738,-1142,-233,-353,355,369,308,0
2293202,705,706,706,1362,-3431,-1736,-2132,-1239,-184,-433,273,361,310,0
2296514,706,707,912,1325,-4304,-3056,-2213,-1328,7,-301,582,350,312,0
2299848,707,708,1100,1081,-3275,-3931,-1578,-1381,470,-181,853,340,325,0
2303205,708,709,1550,1081,-606,-3616,-943,-1402,232,-123,859,316,325,0
2306516,709,710,1718,1006,1620,-2995,47,-1371,253,-201,867,307,329,0
2309851,710,711,1531,818,3915,-2820,1338,-1295,83,45,840,317,339,0
2313205,711,712,1868,1081,4466,-2636,2242,-1196,-143,3,534,319,345,0
2316520,712,713,1531,818,3935,-2910,2927,-1073,-134,230,555,337,359,0
2319854,713,714,1587,650,3331,-3101,3349,-929,-126,192,235,334,368,0
2323205,714,715,1568,706,2909,-3106,3313,-771,102,307,65,351,381,0
2326523,715,716,1531,706,2973,-3137,3261,-609,-42,157,124,353,381,0
2329858,716,718,1343,481,2433,-2495,2978,-456,-58,23,-117,363,393,0
2333205,718,719,837,331,1234,-2209,2453,-314,-149,46,118,374,385,0
2336526,719,720,687,293,314,-2227,2240,-168,-121,21,-52,382,387,0
2339861,720,721,725,687,79,-2044,1918,-32,-12,113,71,380,366,0
2343206,721,723,425,68,-299,-1788,1910,96,-18,48,214,392,379,0
2346529,723,724,0,68,-26,-819,2013,217,-706,-356,-102,419,379,0
2349864,724,725,87,218,-2993,206,1692,314,-260,-36,77,394,371,0
2353206,725,726,162,293,-5542,997,2109,411,131,205,-48,390,367,0
2356532,726,727,312,143,-5478,1440,2325,515,21,119,117,382,375,0
2359866,727,728,275,200,-4945,1493,1932,604,-194,111,189,384,372,0
2363206,729,730,31,106,-5389,1954,1439,675,-226,-50,-119,381,361,0
2366535,730,731,481,256,-6014,2308,1686,749,20,-117,147,357,353,0
2369870,731,732,500,668,-5942,2358,2368,845,37,81,-83,356,347,0
2373255,732,733,1100,875,-5725,2547,2338,943,7,101,192,360,356,0
2376538,733,734,762,425,-5068,2525,2332,1044,207,-34,24,378,380,0
2379873,734,735,781,481,-3324,1995,2021,1137,386,110,166,377,377,0
2383231,735,736,987,537,-1204,1328,1802,1229,136,142,328,366,374,0
2386542,736,737,1250,556,729,1334,1416,1306,159,0,93,352,373,0
2389876,738,739,1250,50,2013,1049,1254,1392,275,74,196,352,384,0
2393231,739,740,743,406,3201,1248,941,1470,275,163,-45,379,381,0
2396545,740,741,518,350,4601,1474,532,1540,313,173,79,391,384,0
2399880,741,742,612,500,5895,1797,-45,1606,-145,40,-46,386,376,0
2403232,742,744,0,0,5475,1853,-440,1661,-42,-27,-24,420,391,0
2406549,744,745,0,0,4589,1429,-696,1689,-223,-198,271,403,382,0
2409883,745,746,31,162,3442,1177,-933,1689,-323,-45,161,381,358,0
2413232,746,747,125,893,2779,1109,-1070,1654,-400,-193,262,376,319,0
2416551,747,748,331,1231,1352,593,-989,1581,-549,-112,315,365,301,0
2419886,748,749,837,1381,-3175,330,-1296,1471,-407,-47,499,354,309,0
2423232,749,750,1175,1512,-5788,376,-1505,1332,97,-207,675,336,302,0
2426554,750,751,1400,1512,-5500,405,-1087,1194,352,-23,1052,324,302,0
2429889,751,752,2281,1343,-1733,339,-334,1080,559,-298,994,277,311,0
2433232,752,753,2056,987,1365,-911,362,989,297,-181,1057,289,330,0
2436558,753,753,2450,1775,3661,-2491,1474,942,-30,-105,656,288,324,0
2439892,754,754,2037,1212,4549,-3256,2611,947,-183,86,683,310,354,0
2443232,755,755,1868,1025,3490,-3164,2873,967,-32,37,250,319,364,0
2446562,756,757,1700,612,2749,-3716,3182,1006,-62,152,345,328,370,0
2449895,757,758,1643,781,3067,-4269,3272,1049,34,440,-66,347,377,0
2453254,758,759,1437,781,3519,-3988,2923,1077,-115,295,26,358,377,0
2456564,759,760,1062,443,3324,-3567,2377,1099,-272,70,-82,378,395,0
2459922,760,761,818,875,2192,-3089,1730,1087,215,-32,220,391,372,0
2463257,761,763,368,706,1980,-3535,1318,1055,-263,-48,136,415,365,0
2466567,763,764,462,556,833,-3786,687,1016,-296,185,-151,390,369,0
2469925,764,765,818,443,-645,-3709,72,974,-25,187,4,371,375,0
2473258,765,766,875,706,-1335,-2616,-586,903,-326,204,-54,368,361,0
2476570,766,767,387,425,-2725,-1642,-961,799,-137,74,166,394,376,0
2479929,767,769,312,350,-4217,-366,-898,698,-361,3,164,398,364,0
2483257,769,770,237,256,-5621,1194,-871,598,-343,-170,-156,386,369,0
2486574,770,771,312,312,-7521,1658,-769,510,173,230,103,382,366,0
2489932,771,772,350,312,-8737,2478,-578,436,85,37,-91,380,366,0
2493257,772,773,293,406,-8234,3112,-273,383,-26,107,124,383,361,0
2496577,773,774,575,481,-8419,3674,-243,336,-80,-123,64,368,357,0
2499935,775,775,875,875,-9172,3732,351,318,-4,138,-101,372,372,0
2503258,776,777,687,331,-9015,3609,490,317,284,-73,114,382,385,0
2506581,777,778,443,293,-7390,3584,736,341,121,-28,-160,395,387,0
2509939,778,779,593,406,-5732,3098,672,376,52,162,28,387,381,0
2513259,779,780,575,293,-5281,2794,425,411,136,133,87,388,387,0
2516583,781,781,387,387,-4244,3068,390,452,301,107,-77,382,382,0
2519941,782,783,575,500,-2444,3404,261,494,203,104,135,388,376,0
2523259,783,784,687,0,-870,3580,-122,521,241,69,-30,382,403,0
2526586,784,785,537,218,257,3668,-389,549,125,223,-37,390,391,0
2529941,785,787,181,0,1023,3690,-834,570,-78,-123,92,389,392,0
2533259,787,788,106,0,958,3950,-1009,573,338,-73,146,377,384,0
2536590,788,789,350,0,2631,3804,-1280,543,359,-85,452,364,374,0
2539946,789,790,687,181,5549,3532,-1133,496,257,-133,274,346,357,0
2543280,790,791,931,237,7882,3299,-1399,407,563,-250,359,333,354,0
2546593,791,792,743,181,10485,2252,-1263,285,411,-321,246,343,357,0
2549949,792,793,1231,481,13572,1407,-1010,164,279,-145,326,333,357,0
2553284,793,794,1362,500,14978,271,-657,44,-159,-283,255,326,356,0
2556596,794,795,818,256,13686,-1143,-154,-62,-581,-241,505,339,353,0
2559950,795,796,1531,2056,9214,-2748,88,-151,-911,-173,442,337,293,0
2563284,796,797,1081,1662,4129,-3809,41,-224,-675,-155,660,361,314,0
2566599,797,798,1043,1681,410,-5715,-233,-285,-526,-47,474,363,313,0
2569950,798,799,950,1493,-3339,-6491,-394,-338,-215,117,504,368,323,0
2573284,799,800,987,1025,-4702,-6146,-929,-389,5,149,371,366,348,0
2576603,801,801,856,781,-4963,-5080,-1406,-435,30,277,331,373,361,0
2579950,802,803,687,575,-4048,-4332,-1303,-457,11,422,439,382,372,0
2583284,803,804,743,687,-3562,-3209,-1194,-465,21,350,-21,379,366,0
2586606,804,805,593,725,-3140,-1410,-876,-464,-41,278,251,387,364,0
2589978,805,806,593,612,-2984,-398,-1248,-476,122,-135,61,383,366,0
2593285,806,807,0,275,-2534,129,-1115,-487,173,131,52,400,368,0
2596609,808,808,12,237,-1501,511,-972,-499,177,-4,94,382,370,0
2599951,809,809,443,425,-1273,1298,-914,-519,-261,82,-265,375,376,0
2603285,810,811,481,237,-2953,2211,-993,-542,16,27,-6,373,370,0
2606612,811,812,331,181,-3044,2542,-1145,-589,411,-186,76,381,373,0
2609950,812,813,537,200,-1342,2903,-755,-628,34,133,140,370,372,0
2613286,813,814,668,387,-567,3193,-505,-667,-221,-92,60,363,362,0
2616616,815,815,368,500,-1515,3199,-226,-695,194,-17,-54,363,356,0
2619972,816,816,537,612,-948,3128,188,-702,277,-79,213,354,350,0
2623307,817,817,856,818,799,3297,710,-692,-96,119,-53,357,359,0
2626619,818,819,537,387,523,3451,892,-673,-91,18,199,374,366,0
2629975,819,820,837,650,552,3249,761,-645,294,-38,76,374,368,0
2633310,820,821,893,837,1853,2533,749,-609,53,104,179,371,358,0
2636622,821,822,1100,1006,2845,1415,703,-561,-195,-79,87,360,349,0
2639975,822,823,1006,893,2157,437,864,-503,-78,-2,68,365,355,0
2643310,824,824,518,1006,1158,-300,962,-433,2,-188,112,375,349,0
2646625,825,825,293,687,661,-1402,925,-369,136,-4,-115,387,366,0
2649976,826,827,537,556,1283,-1475,633,-305,-73,20,136,390,373,0
2653310,827,828,106,0,1122,-1031,80,-263,-229,-90,121,393,390,0
2656629,828,829,275,237,-617,-281,-536,-248,-90,78,231,384,370,0
2659977,830,830,12,500,-370,43,-935,-257,21,-5,244,382,356,0
2663311,831,831,181,875,328,272,-1332,-294,-674,-234,25,373,336,0
2666632,832,832,218,837,-3741,-179,-1652,-348,-86,-297,460,371,338,0
2669976,833,833,462,1156,-4582,-947,-1922,-409,162,-155,596,358,321,0
2673311,834,834,856,931,-3464,-265,-1705,-455,296,-116,909,337,333,0
2676635,835,835,987,1212,-728,1142,-1241,-482,172,-289,932,330,318,0
2679977,836,836,1700,1118,1212,1230,-700,-475,213,-390,1037,292,323,0
2683343,837,837,3275,2975,2735,238,-308,-440,93,-203,879,292,308,0
2686638,838,838,1325,1100,3866,-890,-98,-403,27,-288,788,396,408,0
2689977,839,839,2150,1606,3828,-1798,216,-359,-317,70,446,352,381,0
2693312,840,840,2018,1287,2747,-2534,461,-317,-174,87,466,359,398,0
2696641,841,842,1812,856,2274,-3596,445,-264,97,124,106,370,405,0
2699998,842,843,1700,687,2273,-4000,470,-215,-136,295,55,376,414,0
2703334,843,844,1700,725,1644,-3990,537,-167,-171,106,43,392,428,0
2706644,845,846,1475,293,582,-3204,349,-128,31,252,-79,388,435,0
2710002,846,847,781,593,368,-2563,-26,-98,123,113,303,425,419,0
2713335,847,849,481,387,787,-2776,84,-59,-108,46,133,441,414,0
2716648,849,850,293,50,225,-3361,112,-32,-189,-33,-236,415,412,0
2720002,850,851,593,125,-247,-3661,-17,-17,-27,-14,28,399,408,0
2723335,851,853,443,0,-1098,-3970,-297,-19,54,-20,94,407,402,0
2726651,853,854,0,68,-1776,-4047,-349,-36,-276,184,-9,431,395,0
2730002,854,855,593,293,-1931,-2113,-656,-79,-47,279,68,399,399,0
2733336,855,856,706,368,-3814,-286,-320,-116,-351,4,-40,393,395,0
2736655,856,858,368,143,-4933,578,-103,-143,140,49,-55,411,391,0
2740002,858,859,106,518,-4830,-19,-507,-183,-27,224,251,409,371,0
2743336,859,860,275,631,-4591,1317,-750,-228,-358,50,-188,400,365,0
2746657,860,861,893,1100,-5994,1997,-272,-264,38,-103,-38,387,360,0
2750003,861,862,1006,762,-6119,1925,-208,-300,101,-146,74,381,378,0
2753336,863,864,556,406,-5549,1946,322,-319,-51,-106,-174,389,381,0
2756661,864,865,462,481,-4456,1610,806,-314,38,61,234,394,377,0
2760003,865,866,556,818,-4099,1291,533,-299,155,-165,-6,405,375,0
2763336,867,867,200,443,-3793,1041,356,-272,143,146,60,408,395,0
2766663,868,868,200,462,-2791,1436,324,-232,273,116,166,408,394,0
2770004,869,870,143,87,-1438,1861,17,-190,289,-16,-71,411,398,0
2773336,871,871,162,87,-276,2414,-221,-145,-197,149,-90,394,398,0
2776667,872,872,0,256,-198,2896,-555,-103,-188,-16,143,406,385,0
2780024,873,874,0,0,-464,2945,-970,-80,108,-199,-134,403,402,0
2783337,874,875,350,0,-584,2790,-1086,-75,81,-128,-22,380,399,0
2786671,876,876,50,181,-315,1933,-1218,-91,305,-200,164,396,373,0
2790028,877,877,275,406,1607,1939,-992,-112,544,270,203,368,361,0
2793361,878,878,556,443,4243,3403,-679,-131,375,243,325,353,359,0
2796674,879,879,1287,387,5866,5672,-565,-155,285,-105,256,314,362,0
2800029,880,881,2131,0,6755,5623,-383,-181,423,-236,931,269,368,0
2803364,880,882,2393,331,8075,3847,688,-174,115,-328,908,271,349,0
2806677,881,883,2731,725,8153,663,1284,-148,-257,-255,889,253,328,0
2810028,882,884,1831,1325,6005,-1307,1673,-113,37,-244,930,337,332,0
2813369,883,885,0,1006,4817,-3667,2079,-59,-149,215,772,486,349,0
2816680,883,886,3312,1062,3578,-4518,1828,-1,-232,126,601,274,346,0
2820029,884,887,2937,875,1392,-4287,1215,34,-404,313,588,294,356,0
2823371,885,888,1962,631,-1119,-4062,504,46,-326,212,382,346,369,0
2826682,886,889,2112,556,-2664,-3762,-73,44,34,290,370,338,373,0
2830029,887,890,1700,1043,-2686,-3055,-569,36,7,241,158,376,363,0
2833371,888,891,1081,1081,-2934,-1544,-1372,4,-21,285,90,409,361,0
2836686,890,892,912,1006,-3440,-104,-2338,-48,-96,-43,311,402,365,0
2840029,891,894,706,162,-3768,101,-2595,-119,-102,20,-126,393,374,0
2843371,892,895,443,125,-4306,238,-2563,-196,-144,253,-78,407,376,0
2846689,894,896,331,0,-4924,984,-2914,-271,201,-22,-69,413,387,0
2850030,895,897,387,50,-5017,1373,-3277,-350,-199,22,-185,394,380,0
2853371,896,898,200,106,-5856,1923,-3293,-445,266,69,202,404,377,0
2856692,897,899,331,256,-5199,2659,-3177,-537,-10,-68,-186,397,369,0
2860030,899,901,725,368,-5643,2821,-2802,-635,-37,191,-52,376,363,0
2863371,900,902,800,368,-5864,2897,-2537,-739,224,-183,23,372,363,0
2866695,901,903,237,68,-4730,2735,-2276,-827,-90,127,-93,386,363,0
2870054,902,904,931,1006,-4682,2985,-2151,-906,272,-122,189,385,349,0
2873371,903,905,893,406,-3343,2833,-2073,-980,350,-210,128,387,381,0
2876699,905,907,725,387,-1306,2611,-1703,-1034,-26,51,127,396,382,0
2880055,906,908,350,31,-151,2589,-2008,-1090,482,-187,175,400,385,0
2883372,907,909,500,50,1855,2131,-2095,-1138,200,-16,57,392,384,0
2886702,908,910,481,0,3333,2180,-2251,-1178,91,25,45,393,389,0
2890055,909,911,743,368,4067,2097,-2572,-1225,298,-78,13,395,383,0
2893372,911,913,518,0,4524,2524,-2645,-1269,-96,123,-86,391,388,0
2896706,912,914,87,12,5091,3046,-2926,-1330,63,-15,2,414,386,0
2900083,913,915,0,50,5493,2667,-3364,-1414,-156,-49,8,421,380,0
2903398,915,916,0,0,4856,2649,-3605,-1509,24,13,-19,413,377,0
2906708,916,917,0,12,4776,2576,-4111,-1625,247,-121,108,404,366,0
2910055,917,918,331,668,5400,2097,-4076,-1774,-391,-122,-7,381,347,0
2913398,918,919,312,818,4122,1891,-4312,-1949,-378,-80,118,382,339,0
2916711,920,920,593,1362,1529,1105,-4289,-2135,-443,-359,473,367,310,0
2920056,921,921,612,1587,-281,280,-3778,-2318,-285,-201,629,350,298,0
2923398,922,922,1100,1681,-1475,-593,-3517,-2485,-225,-332,955,324,293,0
2926716,923,923,1475,1606,-1742,-2000,-2870,-2613,-50,-349,913,320,297,0
2930056,923,924,1943,1606,-965,-3061,-1748,-2683,157,-321,989,295,297,0
2933398,924,925,1906,1400,512,-3515,-850,-2708,-107,-12,976,317,328,0
2936719,925,926,1643,1287,1666,-3649,570,-2672,56,-26,856,331,334,0
2940056,926,927,1906,1231,2258,-3467,1546,-2581,44,230,656,333,353,0
2943399,927,928,1718,931,2303,-3034,2373,-2434,-153,32,452,343,369,0
2946721,929,929,1456,837,1701,-2841,2590,-2272,-179,323,195,357,374,0
2950078,930,930,800,425,904,-2637,2963,-2099,18,264,224,376,396,0
2953399,931,932,668,200,1087,-2007,3107,-1911,23,246,-180,383,392,0
2956724,932,933,481,218,440,-789,3040,-1713,-88,185,82,393,391,0
2960081,933,934,462,518,-34,-524,2796,-1523,211,-66,-75,410,391,0
2963399,935,935,31,106,358,-405,3010,-1330,-61,65,-75,397,393,0
2966727,936,937,50,237,185,-2,2984,-1149,-344,-313,22,396,386,0
2970081,937,938,50,31,-1717,-219,3245,-968,-60,-147,-202,396,381,0
2973399,938,939,200,31,-3160,-531,3271,-795,-38,155,-83,388,381,0
2976731,940,940,312,0,-2567,-38,3216,-627,-84,-12,-96,382,385,0
2980082,941,941,125,256,-2618,924,3436,-455,-182,112,-80,376,369,0
2983424,942,942,275,312,-3454,1424,3095,-305,-56,-173,223,368,366,0
2986734,943,944,443,443,-4130,1553,3171,-143,49,-96,-104,359,359,0
2990081,944,945,481,125,-4137,1630,3600,34,53,76,153,357,360,0
2993455,945,946,1118,743,-3375,2002,3780,222,69,-16,-69,359,363,0
2996738,946,947,837,556,-2257,2101,3596,415,61,107,25,374,373,0
3000082,948,948,200,687,-1560,1995,3242,599,36,-48,70,392,366,0
