Time, Rlegs, Llegs, DCL, DCR, GyroX, GyroY, GyroZ, GyroZAvg, AccelX, AccelY, AccelZ, LBEMF, RBEMF, SteerOut
1431,135,136,0,0,-256,168,-113,-110,-17,2,229,47,48,0
4765,135,136,0,0,-256,170,-110,-110,-19,1,223,47,48,0
8100,135,136,0,0,-256,167,-111,-110,-21,2,224,47,48,0
11455,135,136,0,0,-256,165,-110,-110,-21,4,221,47,48,0
14769,135,136,0,0,-257,168,-109,-110,-19,0,224,47,48,0
18103,135,136,0,0,-256,164,-109,-110,-19,2,225,47,48,0
21458,135,136,0,0,-257,166,-112,-110,-16,0,223,47,48,0
24772,135,136,0,0,-257,166,-111,-110,-19,3,226,47,48,0
28106,135,136,0,0,-258,164,-110,-110,-19,2,225,47,49,0
31457,135,136,0,0,-256,164,-111,-110,-17,2,226,47,48,0
34775,135,136,0,0,-255,166,-112,-110,-17,1,221,47,48,0
38110,135,136,0,0,-259,168,-111,-110,-17,1,227,47,48,0
41457,135,136,0,0,-256,166,-110,-110,-16,4,231,47,48,0
44778,135,136,0,0,-258,169,-113,-110,-17,2,222,47,48,0
48113,135,136,0,0,-258,168,-112,-110,-18,0,225,47,48,0
51457,135,136,0,0,-256,169,-109,-110,-22,4,225,46,48,0
54782,135,136,0,0,-255,166,-111,-110,-17,0,226,47,48,0
58116,135,136,0,0,-254,169,-111,-110,-15,3,225,47,48,0
61457,135,136,0,0,-253,166,-109,-110,-17,2,226,47,48,0
64784,135,136,0,0,-257,167,-110,-110,-18,0,221,47,48,0
68119,135,136,0,0,-257,166,-110,-110,-20,4,222,47,48,0
71458,135,136,0,0,-254,165,-111,-110,-20,0,224,47,48,0
74788,135,136,0,0,-255,166,-109,-110,-21,2,226,47,48,0
78122,135,136,0,0,-255,167,-108,-110,-18,1,224,47,48,0
81458,135,136,0,0,-257,170,-110,-110,-17,3,229,47,48,0
84792,135,136,0,0,-256,167,-109,-110,-23,6,224,47,48,0
88125,135,136,0,0,-258,169,-112,-110,-21,5,226,47,48,0
91460,135,136,0,0,-254,167,-110,-110,-18,3,224,47,48,0
94794,135,136,0,0,-257,165,-111,-110,-20,4,220,47,48,0
98128,135,136,0,0,-257,166,-113,-110,-17,2,229,47,48,0
101483,135,136,0,0,-258,167,-113,-110,-18,1,229,47,48,0
104798,0,0,0,0,-256,165,-112,-110,-16,1,224,47,48,0
108132,0,0,0,0,-258,167,-111,-110,-18,2,220,47,48,0
111487,0,0,0,0,-258,165,-112,-110,-20,1,224,47,48,0
114801,0,0,0,0,-258,166,-110,-110,-17,2,227,47,48,0
118135,0,0,0,0,-257,165,-111,-110,-16,1,222,47,48,0
121487,0,0,0,0,-256,168,-109,-110,-20,4,224,47,48,0
124804,0,0,0,0,-255,167,-109,-110,-21,2,226,47,48,0
128138,0,0,0,0,-256,167,-110,-110,-19,0,224,47,48,0
131492,0,0,0,0,-254,166,-110,-110,-17,3,223,47,48,0
134807,0,0,0,0,-256,164,-110,-110,-19,2,227,47,48,0
138141,0,0,0,0,-255,166,-113,-110,-17,1,229,47,48,0
141495,0,0,0,0,-256,165,-112,-110,-16,2,219,47,48,0
144810,0,0,0,0,-256,167,-109,-110,-17,5,226,47,48,0
148144,0,0,0,0,-258,167,-111,-110,-17,3,230,47,48,0
151496,0,0,0,0,-257,166,-110,-110,-18,3,228,47,48,0
154813,0,0,0,0,-256,169,-113,-110,-14,1,227,47,47,0
158148,0,0,0,0,-257,169,-110,-110,-21,0,226,47,48,0
161495,0,0,0,0,-257,168,-111,-110,-16,3,227,46,48,0
164816,0,0,0,0,-255,168,-112,-110,-21,2,231,47,48,0
168151,0,0,0,0,-257,166,-112,-110,-18,0,225,47,48,0
171496,0,0,0,0,-257,169,-112,-110,-14,1,222,47,48,0
174820,0,0,0,0,-255,169,-110,-110,-18,0,225,47,48,0
178154,0,0,0,0,-257,165,-112,-110,-20,4,226,47,48,0
181496,0,0,0,0,-257,165,-111,-110,-19,1,226,47,48,0
184823,0,0,0,0,-257,165,-111,-110,-18,5,222,47,48,0
188157,0,0,0,0,-254,167,-111,-111,-18,2,225,47,48,0
191497,0,0,0,0,-254,168,-111,-111,-18,3,219,47,48,0
194826,0,0,0,0,-258,165,-111,-111,-16,2,221,47,48,0
198160,0,0,0,0,-257,167,-107,-110,-16,-2,222,47,48,0
201497,0,0,0,0,-256,167,-110,-110,-21,3,222,47,48,0
204829,0,0,0,0,-256,166,-111,-110,-31,-18,222,47,47,0
208164,0,0,0,0,-272,147,-111,-110,-31,-2,228,56,59,0
211520,0,0,0,0,-287,150,-108,-110,-19,7,229,51,57,0
214833,0,0,0,0,-272,173,-106,-110,-9,1,223,47,56,0
218167,0,0,0,0,-220,175,-90,-109,-23,4,222,46,55,0
221525,0,0,0,0,-232,167,-86,-109,-27,4,224,45,53,0
224836,0,0,0,0,-273,169,-90,-108,-13,3,228,45,51,0
228170,0,0,12,0,-256,168,-95,-107,-12,3,222,45,50,0
231525,0,0,12,0,-233,167,-99,-107,-21,6,224,45,48,0
234840,0,0,0,0,-250,158,-112,-107,-24,6,224,46,48,0
238173,0,0,0,0,-270,160,-117,-107,-17,3,226,47,48,0
241525,0,0,0,0,-272,162,-124,-108,-18,5,226,46,48,0
244842,0,0,0,0,-271,171,-124,-108,-15,4,229,47,48,0
248176,0,0,0,0,-263,175,-125,-109,-16,2,231,47,48,0
251525,0,0,218,181,-249,177,-119,-109,-22,-10,224,50,52,0
254846,0,0,31,0,-273,158,-119,-109,-23,1,226,60,62,0
258180,0,0,50,50,-313,172,-114,-109,-5,1,220,59,59,0
261525,0,0,68,50,-256,177,-99,-109,-12,2,222,58,59,0
264848,0,1,68,0,-198,164,-53,-107,-26,3,225,58,59,0
268183,0,1,68,0,-224,169,-35,-105,-16,6,221,58,56,0
271526,1,1,0,0,-230,176,-16,-102,-14,6,225,58,50,0
274852,1,1,181,237,-197,180,-2,-98,-22,1,222,52,49,0
278187,1,1,31,50,-222,162,-5,-95,-28,9,229,60,59,0
281526,1,1,68,68,-285,164,-22,-92,-18,9,229,58,58,0
284855,1,1,106,68,-279,170,-53,-90,-9,-2,222,56,58,0
288189,1,1,68,68,-240,144,-56,-89,-19,3,224,58,58,0
291547,1,1,50,87,-245,141,-67,-87,-16,2,225,59,57,0
294858,1,1,106,68,-251,162,-73,-86,-15,3,222,56,58,0
298193,1,1,387,387,-248,185,-79,-85,-23,-6,219,57,57,0
301550,1,1,50,87,-259,190,-82,-84,-25,14,222,75,73,0
304861,1,1,87,68,-301,215,-87,-84,-13,8,229,73,74,0
308196,1,1,125,106,-262,233,-75,-82,-10,8,226,71,72,0
311551,1,1,106,125,-170,232,-44,-80,-21,10,225,72,71,0
314864,1,1,87,125,-121,240,-11,-77,-20,14,229,73,71,0
318199,2,1,0,143,-119,265,13,-73,-22,17,231,72,70,0
321551,2,2,218,87,-114,324,29,-69,-19,6,231,66,73,0
324868,2,2,162,31,-135,371,31,-65,-20,21,226,69,76,0
328202,2,2,125,181,-163,423,19,-62,-8,17,218,71,68,0
331552,2,2,200,162,-137,465,14,-59,-20,9,226,67,69,0
334871,2,2,256,162,-150,479,-13,-56,-25,17,228,64,69,0
338205,2,2,256,143,-201,484,-41,-55,-6,8,228,64,70,0
341552,2,2,256,143,-178,479,-63,-53,16,16,229,64,70,0
344874,2,2,556,368,-101,456,-71,-52,-10,1,225,64,74,0
348209,2,2,293,181,-83,418,-95,-51,-28,7,229,78,84,0
351551,2,3,331,0,-122,422,-122,-51,-11,14,237,76,84,0
354878,3,3,68,87,-52,453,-143,-51,3,8,228,74,73,0
358212,3,3,312,181,98,429,-159,-52,-9,15,240,61,68,0
361552,3,3,331,143,200,409,-194,-55,-54,-2,225,60,70,0
364880,3,3,275,125,42,356,-186,-57,-46,2,227,63,71,0
368215,3,3,425,256,-89,345,-196,-60,-53,-8,210,71,80,0
371553,3,3,256,87,-196,299,-195,-64,-66,5,200,80,89,0
374884,3,3,293,106,-418,340,-224,-70,-8,-16,215,78,88,0
378242,3,3,312,143,-354,347,-241,-77,9,-10,235,77,86,0
381577,3,4,312,0,-182,316,-262,-86,-16,-2,241,77,86,0
384888,4,4,31,0,-44,315,-297,-95,-6,-4,236,76,78,0
388245,4,4,350,106,43,324,-327,-104,-25,-10,237,59,72,0
391577,4,4,556,312,99,309,-373,-114,-67,-31,222,64,77,0
394891,4,4,162,50,-107,234,-381,-124,-66,-15,224,85,91,0
398248,4,4,331,162,-338,233,-402,-135,-31,-17,225,76,85,0
401578,4,5,350,0,-437,165,-421,-146,-30,-31,229,75,87,0
404893,4,5,312,0,-462,28,-439,-157,-19,-23,222,77,83,0
408252,4,5,293,12,-427,-72,-470,-169,-13,-24,228,78,77,0
411577,5,5,0,68,-322,-142,-470,-181,-26,-28,219,79,74,0
414896,5,5,331,293,-249,-182,-465,-193,-37,-19,227,76,78,0
418255,5,5,256,0,-260,-231,-480,-207,-41,-5,216,80,94,0
421578,5,5,312,106,-312,-247,-524,-223,-23,-5,220,77,88,0
424900,5,6,293,0,-298,-232,-547,-240,-25,-2,229,78,89,0
428259,5,6,275,0,-270,-220,-577,-259,-40,-3,222,79,87,0
431578,5,6,293,0,-325,-202,-625,-280,-26,2,224,78,86,0
434903,5,6,293,0,-342,-191,-657,-301,-46,18,232,78,81,0
438260,6,6,218,143,-366,-187,-686,-323,-40,-1,230,82,86,0
441579,6,6,293,31,-407,-218,-698,-344,-36,2,236,78,92,0
444906,6,7,237,0,-428,-242,-705,-365,-16,3,227,81,89,0
448261,6,7,312,0,-407,-276,-690,-385,-27,13,228,77,86,0
451579,6,7,293,0,-375,-302,-673,-403,-18,22,227,78,81,0
454909,6,7,481,200,-346,-299,-660,-421,-27,26,217,81,80,0
458265,6,7,275,50,-348,-293,-623,-437,-32,27,222,92,88,0
461600,7,7,12,87,-385,-268,-620,-452,5,40,220,90,86,0
464912,7,7,331,106,-345,-241,-616,-466,-14,29,220,73,85,0
468268,7,8,275,0,-345,-251,-622,-479,-22,40,226,76,84,0
471603,7,8,312,0,-369,-263,-616,-493,-8,39,225,74,80,0
474916,7,8,350,31,-377,-190,-579,-505,-19,36,222,72,73,0
478269,7,8,612,406,-404,-113,-502,-514,-27,34,214,74,69,0
481603,7,8,406,237,-482,-75,-462,-522,-7,40,210,85,78,0
484919,8,8,0,68,-531,-63,-412,-527,-17,50,217,92,87,0
488269,8,8,331,162,-577,-5,-394,-531,1,41,223,73,82,0
491603,8,8,256,162,-528,-6,-360,-533,-12,32,214,77,82,0
494922,8,9,256,0,-524,-53,-343,-534,-11,43,233,77,80,0
498269,8,9,331,106,-531,-33,-304,-531,-13,41,228,73,69,0
501605,8,9,312,162,-482,35,-203,-526,-3,30,218,74,66,0
504925,8,9,575,425,-459,68,-171,-519,-7,40,211,76,68,0
508269,8,9,331,181,-460,101,-175,-511,-4,24,222,89,81,0
511604,9,9,12,106,-472,173,-162,-502,-18,53,214,90,85,0
514929,9,9,425,143,-507,241,-190,-494,-9,33,217,68,83,0
518270,9,9,293,200,-512,254,-209,-485,-24,17,227,75,80,0
521605,9,10,256,0,-590,206,-278,-480,-16,20,233,77,81,0
524932,9,10,312,0,-644,238,-271,-473,-17,14,229,74,75,0
528270,9,10,293,181,-690,288,-249,-464,-19,10,223,75,65,0
531604,9,10,462,387,-717,264,-258,-455,-21,12,226,82,70,0
534935,10,10,0,181,-758,252,-264,-446,-28,16,226,94,81,0
538291,10,10,275,143,-818,278,-261,-434,-18,17,222,76,83,0
541626,10,10,275,200,-813,269,-261,-422,-22,4,220,76,80,0
544939,10,10,237,237,-842,206,-285,-409,-32,19,226,78,78,0
548295,10,11,237,0,-917,177,-275,-396,-25,10,222,78,80,0
551630,10,11,218,87,-935,204,-204,-381,-24,0,220,79,70,0
554941,10,11,200,181,-917,193,-156,-364,-16,15,226,80,65,0
558295,11,11,0,293,-881,197,-128,-347,-29,10,224,92,75,0
561630,11,11,143,125,-923,228,-84,-329,-33,20,221,83,84,0
564945,11,11,256,125,-988,250,-54,-311,-18,-1,216,77,84,0
568296,11,11,181,162,-1004,231,-23,-292,-36,23,210,81,82,0
571630,11,11,181,162,-1071,205,10,-273,-23,9,222,81,82,0
574948,11,11,181,162,-1102,228,58,-252,-24,9,222,81,82,0
578296,11,12,181,0,-1109,225,98,-229,-13,7,223,81,77,0
581631,12,12,162,387,-1087,234,112,-208,-13,14,224,82,70,0
584951,12,12,143,181,-1075,280,136,-188,-20,16,220,83,81,0
588296,12,12,162,68,-1104,322,151,-169,-27,0,228,82,87,0
591630,12,12,181,143,-1181,340,144,-151,-6,7,224,81,83,0
594954,12,12,181,143,-1165,344,161,-134,-12,9,231,81,83,0
598296,12,12,162,143,-1180,339,172,-117,8,-9,233,82,83,0
601631,12,13,162,0,-1137,303,207,-100,10,1,227,82,82,0
604957,13,13,0,0,-1038,286,220,-84,9,16,222,85,75,0
608296,13,13,237,331,-982,285,218,-70,17,8,211,78,73,0
611631,13,13,162,87,-932,303,237,-58,12,-2,214,82,86,0
614960,13,13,106,31,-913,297,218,-45,9,3,214,85,89,0
618318,13,13,162,106,-930,305,218,-34,15,-4,218,82,85,0
621652,13,13,143,125,-888,327,271,-19,10,-3,224,83,84,0
624964,13,14,87,0,-897,289,268,-4,20,-9,228,86,85,0
628321,14,14,0,0,-860,259,287,12,20,-1,228,85,79,0
631655,14,14,0,12,-812,271,291,30,25,0,226,79,74,0
634967,14,14,275,331,-785,289,285,47,28,-7,221,76,73,0
638322,14,14,68,31,-759,297,295,64,22,-7,218,87,89,0
641655,14,14,106,87,-733,365,316,82,19,-2,219,85,86,0
644970,14,14,106,162,-721,425,345,101,25,-16,224,85,82,0
648322,14,15,68,0,-697,420,390,121,23,-5,222,87,83,0
651655,15,15,0,0,-645,366,379,142,26,8,226,87,78,0
654974,15,15,0,31,-606,358,350,162,31,2,224,81,73,0
658323,15,15,275,368,-579,371,335,178,19,-7,216,76,71,0
661655,15,15,106,87,-602,378,316,193,7,0,205,85,86,0
664976,15,15,0,50,-653,353,304,207,12,-11,209,91,88,0
668322,15,15,68,143,-705,301,271,218,8,-14,200,87,83,0
671655,16,15,0,125,-699,174,259,228,33,-9,226,88,84,0
674980,16,16,0,0,-586,73,222,235,30,-11,229,87,85,0
678322,16,16,0,0,-458,56,205,241,9,-2,228,82,76,0
681656,16,16,0,50,-370,162,202,246,9,7,219,78,72,0
684983,16,16,256,406,-363,241,188,249,13,0,223,77,69,0
688323,16,16,50,50,-365,301,162,250,5,-7,222,88,88,0
691656,16,16,12,87,-378,391,175,251,-9,-13,231,90,86,0
694986,17,16,0,143,-468,432,206,253,11,-23,230,89,83,0
698344,17,17,0,0,-493,377,256,257,10,-26,233,85,80,0
701656,17,17,0,12,-449,257,278,260,8,-17,229,81,74,0
704989,17,17,275,387,-418,265,306,265,32,-18,232,79,73,0
708347,17,17,12,68,-349,293,372,270,18,-20,219,93,90,0
711680,17,17,68,106,-322,261,429,276,-3,9,229,90,88,0
714993,18,17,0,125,-426,248,427,283,14,-2,223,92,87,0
718348,18,17,0,143,-501,206,451,289,-14,-18,206,92,86,0
721684,18,18,0,0,-685,30,426,296,-5,-13,185,91,82,0
724995,18,18,0,87,-785,-120,392,301,62,3,217,87,73,0
728347,18,18,143,293,-606,-52,353,304,101,18,256,86,78,0
731688,18,18,87,68,40,239,372,307,48,-11,228,89,90,0
735000,19,18,0,106,215,395,388,310,-20,-11,216,95,88,0
738348,19,18,0,162,5,455,401,314,-9,-25,228,91,85,0
741690,19,19,0,0,-277,436,464,319,27,-19,228,89,85,0
745002,19,19,0,0,-331,336,502,326,48,-27,239,83,78,0
748349,19,19,0,143,-284,260,506,332,62,-20,234,78,70,0
751690,19,19,312,350,-94,238,512,337,69,-24,232,77,75,0
755005,19,19,12,162,62,202,520,341,30,-35,220,93,85,0
758348,20,19,0,87,61,141,527,346,2,-37,227,93,89,0
761690,20,19,0,143,-137,94,523,351,21,-32,241,90,86,0
765009,20,19,0,181,-206,87,547,358,44,-28,231,85,84,0
768349,20,20,0,0,-122,81,543,365,53,-27,226,80,84,0
771691,20,20,0,0,112,116,523,372,57,-24,225,78,78,0
775011,20,20,312,312,283,192,492,379,46,-27,224,77,77,0
778349,21,20,0,106,413,220,489,386,21,-22,225,98,88,0
781690,21,20,0,143,361,185,446,393,-14,-25,209,93,86,0
785015,21,20,0,162,53,122,419,399,-1,-12,207,88,85,0
788370,21,21,0,0,-145,40,371,405,35,-16,228,80,85,0
791691,21,21,31,0,-93,-35,348,410,30,-10,248,76,80,0
795018,21,21,125,143,-19,-43,307,414,22,-7,234,71,70,0
798374,21,21,293,368,59,-34,254,417,41,-10,239,78,74,0
801691,22,21,0,181,249,-14,238,418,5,-5,231,94,84,0
805022,22,21,0,106,278,15,234,417,-24,-6,231,89,88,0
808374,22,21,0,143,145,29,233,416,7,-4,234,80,86,0
811691,22,21,87,218,90,44,240,414,31,-12,216,73,82,0
815024,22,22,125,0,187,72,260,410,6,0,221,71,84,0
818374,22,22,68,50,179,74,249,404,-7,-8,235,74,75,0
821716,22,22,350,406,116,112,202,397,2,-11,229,75,72,0
825027,22,22,106,237,83,123,197,389,13,-14,227,88,81,0
828374,23,22,0,125,118,80,187,382,-2,-2,233,88,87,0
831717,23,22,0,181,97,22,173,375,-2,-13,225,78,84,0
835031,23,22,162,237,30,-19,146,369,19,-16,224,69,81,0
838375,23,23,162,0,58,-33,132,361,17,-2,225,69,81,0
841717,23,23,125,106,120,10,86,352,4,0,223,71,72,0
845035,23,23,368,406,107,79,48,341,19,-7,228,74,72,0
848375,23,23,143,143,113,100,13,327,33,4,230,86,86,0
851718,23,23,143,125,263,71,8,311,-13,-9,231,86,87,0
855038,24,23,0,143,260,21,-14,295,12,-4,233,83,86,0
858375,24,23,200,181,237,-40,-31,278,8,-1,231,67,84,0
861718,24,24,218,0,263,-84,-26,261,-6,7,225,66,86,0
865041,24,24,200,0,187,-65,-65,242,-11,4,231,67,82,0
868397,24,24,293,218,102,-2,-99,223,19,17,229,78,82,0
871718,24,24,162,106,177,81,-161,201,26,7,237,85,88,0
875044,24,24,218,106,305,135,-183,178,-8,2,237,82,88,0
878400,24,24,218,125,342,123,-227,155,-4,0,240,82,87,0
881719,25,25,0,0,336,40,-246,132,8,17,242,83,86,0
885047,25,25,181,0,360,-22,-266,108,-13,15,230,68,82,0
888400,25,25,275,68,295,-39,-305,85,-15,23,226,63,74,0
891718,25,25,406,350,152,-11,-347,61,-2,27,222,72,75,0
895050,25,25,181,106,170,21,-383,37,1,22,208,84,88,0
898400,25,25,256,87,214,72,-389,14,-17,17,217,80,89,0
901743,25,25,293,106,190,135,-411,-7,6,3,222,78,88,0
905053,25,25,256,87,272,125,-421,-29,22,6,229,80,89,0
908401,26,26,12,0,413,86,-417,-49,-3,2,220,77,86,0
911743,26,26,331,0,482,44,-417,-69,-1,17,224,60,82,0
915057,26,26,518,237,469,45,-420,-90,-4,23,216,66,81,0
918401,26,26,200,12,428,50,-451,-111,-8,10,222,83,93,0
921748,26,26,293,68,370,91,-438,-133,-17,14,223,78,90,0
925060,26,27,312,87,263,122,-448,-155,-6,8,223,77,89,0
928402,26,27,331,0,178,135,-448,-175,9,0,238,76,88,0
931747,26,27,331,0,297,123,-430,-195,7,-6,242,76,83,0
935063,27,27,50,0,369,75,-422,-214,8,-3,240,75,81,0
938402,27,27,425,106,436,23,-414,-232,0,-1,226,71,88,0
941747,27,27,293,31,496,-14,-432,-250,-8,13,234,78,92,0
945066,27,27,331,106,496,-19,-445,-268,-10,11,233,76,88,0
948424,27,28,331,0,494,-12,-517,-287,-14,11,230,76,88,0
951748,27,28,312,0,447,1,-551,-306,-28,23,221,77,85,0
955069,27,28,537,125,384,16,-629,-326,-10,26,226,78,84,0
958425,28,28,0,31,342,-36,-754,-350,-12,7,236,91,89,0
961748,28,28,200,125,378,-88,-804,-374,-17,9,226,80,84,0
965072,28,28,406,162,388,-82,-842,-400,-45,33,219,69,82,0
968425,28,29,293,0,290,-38,-909,-427,-34,16,218,75,83,0
971748,28,29,293,0,149,-34,-936,-455,-26,18,229,75,78,0
975076,28,29,312,68,97,-11,-949,-481,-26,22,215,74,71,0
978425,28,29,612,462,71,44,-945,-506,-10,20,217,74,66,0
981748,28,29,500,237,135,61,-919,-529,0,11,221,80,78,0
985080,29,29,0,125,224,30,-915,-550,-5,12,226,92,84,0
988425,29,29,331,200,358,21,-852,-569,-32,20,214,73,80,0
991749,29,29,387,237,326,49,-823,-586,-77,21,215,70,78,0
995083,29,29,293,293,195,29,-821,-603,-18,2,230,75,75,0
998426,29,30,293,12,86,7,-732,-615,-38,17,227,75,74,0
1001751,29,30,350,200,-17,48,-719,-625,-44,21,218,72,64,0
1005085,29,30,631,631,-124,103,-680,-634,-30,3,232,73,57,0
1008426,29,30,387,331,-155,47,-649,-642,1,3,233,86,73,0
1011754,30,30,50,312,10,3,-631,-648,-1,17,226,88,74,0
1015088,30,30,406,368,130,40,-614,-654,-47,10,217,69,71,0
1018426,30,30,312,331,118,40,-598,-660,-45,9,225,74,73,0
1021757,30,30,331,368,-26,5,-576,-665,-44,14,230,73,71,0
1025092,30,30,368,312,-116,27,-550,-668,-47,23,235,71,74,0
1028427,30,30,350,350,-212,77,-563,-672,-32,22,221,72,72,0
1031761,30,31,575,237,-284,78,-541,-675,-8,22,229,76,78,0
1035095,30,31,331,200,-227,42,-545,-678,-5,26,231,89,80,0
1038451,31,31,87,331,-146,13,-523,-681,-29,18,224,86,73,0
1041764,31,31,406,312,-151,-13,-513,-684,-18,26,218,69,74,0
1045098,31,31,312,293,-181,-26,-519,-687,-37,22,205,74,75,0
1048454,31,31,350,350,-290,-20,-536,-690,-24,24,205,72,72,0
1051767,31,31,368,350,-318,44,-533,-693,-23,33,203,71,72,0
1055102,31,31,312,275,-365,117,-543,-694,-7,27,208,74,76,0
1058459,31,31,481,537,-336,186,-548,-694,-13,27,212,81,78,0
1061770,31,32,312,87,-283,170,-578,-692,2,26,204,90,86,0
1065104,32,32,87,237,-236,160,-564,-686,-37,28,223,86,78,0
1068460,32,32,368,331,-261,186,-540,-678,-26,24,219,71,73,0
1071773,32,32,331,368,-299,124,-505,-667,-21,31,221,73,71,0
1075108,32,32,350,443,-331,111,-477,-654,-9,37,228,72,67,0
1078461,32,32,350,350,-287,175,-422,-638,-2,33,225,72,72,0
1081776,32,32,612,575,-187,198,-390,-620,0,34,228,74,76,0
1085111,32,32,387,350,-77,196,-350,-602,-30,24,237,86,88,0
1088461,33,33,31,143,11,180,-338,-584,-16,49,237,89,83,0
1091780,33,33,237,275,53,192,-294,-564,-45,32,225,78,76,0
1095114,33,33,387,256,-53,164,-246,-545,-48,31,210,70,77,0
1098461,33,33,293,275,-273,144,-219,-526,-26,44,216,75,76,0
1101783,33,33,256,237,-379,218,-194,-507,-23,32,217,77,78,0
1105117,33,33,275,218,-347,246,-157,-489,-15,46,208,76,79,0
1108461,33,33,537,387,-267,271,-130,-470,-38,28,217,78,86,0
1111786,33,33,256,218,-275,232,-135,-453,-29,31,209,93,95,0
1115120,34,34,0,0,-297,214,-157,-438,-41,37,214,91,92,0
1118462,34,34,275,200,-403,273,-219,-425,-36,37,219,76,80,0
1121789,34,34,237,162,-460,252,-238,-413,-52,33,210,78,82,0
1125124,34,34,200,87,-570,249,-279,-403,-34,32,197,80,86,0
1128462,34,34,218,143,-546,354,-372,-397,-23,28,206,79,83,0
1131793,34,34,162,181,-416,427,-436,-393,-11,9,208,82,81,0
1135128,34,35,387,31,-351,461,-502,-391,-44,17,215,86,89,0
1138462,35,35,0,87,-424,439,-565,-392,-25,22,212,92,86,0
1141796,35,35,162,106,-458,453,-576,-393,-35,19,227,82,85,0
1145131,35,35,200,50,-472,460,-567,-395,-34,20,206,80,88,0
1148487,35,35,106,68,-524,433,-558,-396,-20,25,196,85,87,0
1151799,35,35,106,87,-520,465,-563,-397,-15,9,216,85,86,0
1155133,35,35,106,50,-483,508,-540,-397,-38,20,200,85,88,0
1158488,36,36,50,68,-478,520,-532,-397,-27,-5,207,88,87,0
1161802,36,36,68,31,-477,516,-516,-397,-21,-1,207,87,89,0
1165136,36,36,125,12,-468,499,-486,-395,-27,0,200,84,90,0
1168488,36,36,87,31,-483,483,-452,-391,-20,-13,205,86,89,0
1171805,36,36,12,50,-514,462,-421,-386,-20,-17,219,90,88,0
1175140,36,37,68,0,-502,422,-363,-381,-25,1,217,87,88,0
1178489,37,37,0,0,-427,365,-227,-372,-20,-2,227,90,91,0
1181808,37,37,0,0,-379,334,-123,-361,-7,0,215,89,91,0
1185143,37,37,125,0,-352,355,-54,-349,-16,-19,212,84,94,0
1188489,37,37,31,0,-347,434,-1,-337,-25,-19,213,89,97,0
1191812,37,37,12,0,-380,461,33,-325,-7,-40,221,90,97,0
1195146,37,38,50,0,-372,466,67,-313,-10,-44,229,88,99,0
1198489,38,38,0,0,-330,420,150,-299,-16,-25,229,91,103,0
1201815,38,38,87,0,-304,354,191,-285,-5,-29,229,89,110,0
1205149,38,38,106,0,-257,308,240,-271,-4,-32,223,88,113,0
1208489,38,39,68,0,-228,260,296,-256,-27,-57,231,90,114,0
1211818,38,39,50,0,-240,209,326,-240,-7,-57,237,91,118,0
1215153,38,39,68,0,-220,157,369,-225,-13,-40,237,90,124,0
1218490,39,40,0,0,-244,76,426,-207,-16,-51,242,93,123,0
1221821,39,40,0,0,-288,19,461,-188,-10,-50,225,89,126,0
1225156,39,40,0,0,-307,-3,515,-165,-11,-55,240,81,134,0
1228514,39,41,200,0,-269,1,603,-139,4,-43,230,83,130,0
1231825,39,41,31,0,-208,3,674,-109,1,-49,224,92,132,0
1235159,39,41,68,0,-53,24,745,-74,41,-46,227,90,138,0
1238517,40,42,0,0,370,16,861,-34,-20,-27,213,89,135,0
1241828,40,42,0,0,445,2,972,12,-35,-63,219,83,134,0
1245162,40,42,87,0,410,14,1001,60,14,-20,218,73,136,0
1248518,40,43,406,0,310,162,955,108,-57,-30,221,72,124,0
1251831,40,43,275,0,29,310,814,151,-68,-48,247,79,119,0
1255165,40,43,87,0,-273,339,643,189,4,-44,272,89,113,0
1258522,40,43,162,0,-254,240,433,220,13,-32,263,85,100,0
1261835,41,44,0,0,-24,180,271,245,-22,-27,263,85,90,0
1265168,41,44,87,0,102,145,105,265,-60,-32,258,73,78,0
1268526,41,44,200,0,-107,130,-91,279,-66,-32,238,67,66,0
1271838,41,44,443,0,-275,151,-222,287,-51,-20,234,70,55,0
1275171,41,44,275,0,-346,206,-326,291,-52,-30,225,79,46,0
1278527,41,44,125,68,-386,234,-430,291,-49,-28,231,87,42,0
1281840,41,44,218,68,-394,220,-465,287,-40,-36,233,82,42,0
1285175,42,44,0,31,-317,174,-447,281,-47,-29,224,84,44,0
1288526,42,44,87,50,-222,110,-362,273,-51,-25,218,73,43,0
1291843,42,44,237,31,-225,65,-285,266,-54,-25,214,65,44,0
1295178,42,44,181,31,-256,17,-189,260,-55,-19,210,68,44,0
1298526,42,44,312,162,-336,-24,-72,257,-55,-14,202,77,53,0
1301848,42,44,143,68,-405,-66,-13,254,-44,3,211,86,58,0
1305181,42,44,162,143,-452,-67,28,250,-13,-5,218,85,54,0
1308528,42,44,200,125,-336,-79,81,247,-20,-2,218,83,55,0
1311851,43,44,0,143,-286,-97,122,243,-25,9,212,86,54,0
1315185,43,44,0,162,-314,-103,144,238,-18,14,226,80,53,0
1318527,43,44,500,425,-293,-92,149,233,-10,15,228,67,55,0
1321853,43,44,331,256,-270,-68,151,226,-35,13,225,76,64,0
1325188,43,44,106,106,-330,-57,138,217,-26,35,228,88,72,0
1328528,43,44,143,181,-401,-2,80,205,3,17,231,86,68,0
1331856,43,44,162,162,-312,-26,110,193,3,11,228,85,69,0
1335191,44,44,0,218,-169,-14,152,178,-13,27,224,85,66,0
1338549,44,44,0,162,-105,96,146,162,-21,25,222,78,69,0
1341860,44,45,462,237,-124,159,156,144,-6,28,227,69,65,0
1345194,44,45,256,256,-116,232,154,121,-20,14,219,80,64,0
1348553,44,45,68,143,-143,319,164,96,-19,27,228,90,70,0
1351863,44,45,162,181,-189,382,137,69,5,22,234,85,68,0
1355198,44,45,218,143,-185,421,123,43,-5,23,226,82,70,0
1358553,45,45,0,181,-146,494,104,21,-2,15,222,83,68,0
1361866,45,45,50,162,-131,537,68,3,-5,16,229,75,69,0
1365200,45,45,631,425,-124,540,27,-9,-17,4,229,60,71,0
1368552,45,45,256,162,-123,493,29,-16,-24,3,228,80,85,0
1371869,45,45,218,162,-186,460,56,-18,-18,5,221,82,85,0
1375204,45,46,350,0,-238,457,36,-14,5,3,224,75,84,0
1378553,45,46,368,31,-195,419,10,-7,-7,6,227,74,76,0
1381873,45,46,331,143,-114,412,10,3,-11,-6,230,76,70,0
1385207,46,46,312,125,-39,383,27,17,-30,-2,237,77,71,0
1388553,46,46,481,425,-20,310,24,33,-26,0,241,68,71,0
1391875,46,46,518,200,-20,303,25,47,-37,2,228,66,83,0
1395210,46,46,237,87,-47,286,31,60,-38,4,227,81,89,0
1398553,46,46,293,143,-140,353,-5,68,-24,7,234,78,86,0
1401879,46,47,387,0,-134,412,-22,74,-24,1,234,73,84,0
1405214,46,47,368,0,-127,433,-41,75,-24,-1,233,74,78,0
1408554,46,47,331,106,-49,441,-73,73,-24,-2,235,76,72,0
1411882,46,47,612,406,5,426,-88,69,-47,-4,229,77,72,0
1415217,47,47,162,181,-18,403,-104,63,-54,-8,223,85,84,0
1418575,47,47,293,50,-179,309,-102,56,-44,-1,230,78,91,0
1421885,47,47,387,143,-234,236,-147,47,-25,-10,221,73,86,0
1425219,47,48,331,0,-198,158,-165,37,-42,-3,228,76,88,0
1428575,47,48,312,0,-170,79,-215,26,-44,-5,217,77,86,0
1431888,47,48,312,0,-215,56,-258,14,-40,-2,214,77,82,0
1435223,47,48,612,293,-239,34,-323,1,-47,-8,214,77,78,0
1438579,48,48,12,87,-290,-3,-373,-13,-53,-9,217,93,89,0
1441892,48,48,237,50,-374,-51,-419,-31,-34,9,229,81,91,0
1445226,48,49,387,106,-426,-73,-522,-52,-27,-1,215,73,88,0
1448580,48,49,331,0,-377,-174,-550,-74,-37,5,214,76,86,0
1451895,48,49,556,200,-354,-239,-606,-98,-22,3,222,77,80,0
1455229,48,49,425,125,-344,-274,-644,-123,-48,-2,213,84,84,0
1458579,48,49,312,50,-410,-315,-656,-148,-39,8,220,90,88,0
1461899,49,49,50,87,-437,-334,-684,-173,-20,36,229,88,86,0
1465232,49,49,425,106,-392,-358,-738,-199,-26,25,233,68,85,0
1468580,49,50,312,0,-295,-411,-771,-225,-28,17,238,74,86,0
1471902,49,50,293,0,-252,-431,-782,-251,-25,31,225,75,78,0
1475236,49,50,331,87,-268,-342,-768,-276,-21,14,215,73,70,0
1478580,49,50,631,406,-249,-212,-717,-300,-55,14,214,73,69,0
1481904,49,50,368,125,-368,-183,-717,-323,-47,27,212,87,84,0
1485240,50,50,0,125,-532,-159,-690,-345,-24,24,219,92,84,0
1488580,50,50,368,125,-548,-62,-653,-366,-9,33,221,71,84,0
1491908,50,50,387,162,-486,-53,-605,-386,-21,17,222,70,82,0
1495242,50,51,331,0,-494,-114,-564,-404,-9,26,234,73,78,0
1498580,50,51,312,68,-382,-154,-505,-421,-14,21,224,74,71,0
1501911,50,51,350,143,-337,-107,-419,-435,-25,21,213,72,67,0
1505268,50,51,537,350,-373,-75,-321,-445,-18,22,208,78,72,0
1508602,50,51,331,143,-442,-78,-301,-453,-17,31,219,89,83,0
1511914,51,51,0,106,-491,-56,-282,-461,-17,12,222,95,85,0
1515273,51,51,387,143,-509,33,-271,-467,-4,29,229,70,83,0
1518605,51,51,350,200,-501,37,-253,-472,-8,21,225,72,80,0
1521917,51,52,275,200,-504,12,-267,-477,-3,45,231,76,80,0
1525276,51,52,331,0,-515,49,-247,-482,-10,35,226,73,76,0
1528605,51,52,612,462,-527,105,-214,-484,-12,23,221,74,66,0
1531920,51,52,443,312,-552,111,-211,-485,-21,13,222,83,74,0
1535279,52,52,12,143,-609,114,-196,-485,-23,30,223,90,83,0
1538606,52,52,293,181,-687,168,-205,-483,1,28,226,75,81,0
1541924,52,52,331,181,-661,175,-239,-480,-7,12,228,73,81,0
1545282,52,52,256,237,-614,90,-307,-478,0,20,238,77,78,0
1548606,52,53,275,0,-551,102,-297,-475,-14,22,231,76,80,0
1551927,52,53,293,125,-528,147,-246,-466,-18,8,222,75,68,0
1555284,52,53,537,481,-541,142,-214,-455,-11,13,218,78,65,0
1558606,52,53,312,237,-545,137,-209,-443,-34,9,218,90,78,0
1561930,53,53,0,162,-652,159,-188,-429,-31,29,225,93,82,0
1565288,53,53,293,200,-725,200,-201,-415,-4,16,231,75,80,0
1568606,53,53,256,218,-679,154,-219,-400,-36,3,221,77,79,0
1571933,53,53,181,237,-726,109,-256,-385,-28,22,227,81,78,0
1575289,53,53,237,237,-780,168,-241,-368,-32,2,217,78,78,0
1578607,53,54,256,0,-815,186,-183,-350,-32,6,218,77,77,0
1581936,54,54,425,368,-877,171,-170,-331,-21,14,215,84,71,0
1585293,54,54,12,237,-910,184,-140,-313,-39,38,217,90,78,0
1588628,54,54,181,200,-974,228,-153,-295,-16,12,222,81,80,0
1591940,54,54,256,218,-986,208,-146,-278,-29,11,212,77,79,0
1595297,54,54,181,200,-1016,137,-150,-263,-23,3,220,81,80,0
1598631,54,54,218,237,-1052,137,-108,-247,-26,1,224,79,78,0
1601943,54,54,237,237,-1068,152,-50,-231,-11,2,222,78,78,0
1605298,54,55,443,350,-1030,118,14,-215,-9,35,219,83,72,0
1608632,55,55,68,312,-981,115,23,-201,-7,31,217,87,74,0
1611946,55,55,143,162,-922,156,46,-190,-23,20,218,83,82,0
1615297,55,55,218,143,-967,207,75,-178,-26,26,217,79,83,0
1618632,55,55,162,143,-1012,240,104,-166,-15,31,221,82,83,0
1621950,55,55,162,162,-1015,287,112,-154,-10,31,219,82,82,0
1625298,55,55,162,200,-1058,344,130,-142,-11,18,226,82,80,0
1628632,56,55,0,162,-1063,355,150,-129,5,30,223,83,82,0
1631952,56,56,181,200,-1031,355,149,-116,0,23,215,81,80,0
1635297,56,56,125,200,-1084,329,128,-106,-19,15,214,84,80,0
1638632,56,56,125,125,-1169,307,142,-95,-6,16,217,84,84,0
1641956,56,56,125,106,-1216,315,155,-84,4,8,226,84,85,0
1645298,56,56,106,143,-1235,296,182,-72,2,14,224,85,83,0
1648633,56,56,106,181,-1211,270,173,-59,17,17,226,85,81,0
1651959,57,57,0,0,-1148,257,154,-44,5,17,225,89,84,0
1655298,57,57,0,0,-1096,256,141,-31,-1,2,221,83,78,0
1658633,57,57,181,293,-1079,286,136,-19,15,6,219,81,75,0
1661962,57,57,50,87,-1028,330,144,-8,21,14,218,88,86,0
1665320,57,57,68,68,-904,389,159,3,16,1,224,87,87,0
1668654,57,57,87,106,-841,417,182,15,25,0,225,86,85,0
1671965,58,57,0,106,-807,423,227,28,20,-1,223,89,85,0
1675324,58,57,0,106,-768,408,252,43,4,0,225,89,85,0
1678658,58,58,0,0,-814,373,248,58,10,-5,219,88,84,0
1681968,58,58,0,0,-869,343,256,74,15,-12,217,83,76,0
1685323,58,58,87,181,-859,355,294,89,23,-26,229,86,81,0
1688658,58,58,31,31,-771,340,338,105,38,-38,236,89,89,0
1691972,58,58,50,106,-610,313,376,121,35,-40,245,88,85,0
1695324,59,58,0,143,-453,294,448,140,36,-26,249,89,83,0
1698659,59,59,0,0,-328,253,481,159,24,-35,245,87,86,0
1701975,59,59,275,237,-292,215,504,180,15,-29,233,79,81,0
1705323,59,59,106,143,-326,259,533,200,20,-27,233,88,86,0
1708658,59,59,12,68,-327,289,566,219,15,-38,229,93,90,0
1711978,59,59,68,87,-328,286,578,237,11,-18,236,90,89,0
1715324,60,59,0,125,-396,273,571,254,26,-24,220,91,87,0
1718659,60,59,0,106,-381,248,568,270,19,-30,220,88,88,0
1721981,60,60,0,0,-351,235,558,285,1,-18,214,79,85,0
1725324,60,60,350,312,-438,271,529,298,16,-15,207,75,77,0
1728659,60,60,218,218,-505,338,503,311,33,-2,211,82,82,0
1731984,60,60,50,87,-495,340,511,323,19,-28,217,91,89,0
1735325,61,60,0,143,-407,322,470,333,26,-14,227,90,86,0
1738659,61,60,0,256,-350,292,457,342,27,-14,224,87,80,0
1741988,61,61,0,0,-248,227,429,352,18,-6,222,82,84,0
1745324,61,61,87,0,-171,180,405,360,25,-5,216,73,78,0
1748660,61,61,387,443,-153,208,379,367,22,-2,214,73,70,0
1751992,61,61,200,293,-125,261,360,372,38,-4,221,83,78,0
1755346,61,61,50,125,-9,280,358,378,27,-13,217,91,87,0
1758682,62,61,0,143,-22,260,373,385,-10,2,217,91,86,0
1761994,62,61,0,162,-136,246,382,392,15,4,223,87,85,0
1765349,62,61,0,200,-275,230,403,401,2,0,221,82,83,0
1768683,62,62,31,0,-335,164,427,410,31,6,238,76,81,0
1771997,62,62,425,387,-265,159,405,417,44,3,245,71,73,0
1775350,62,62,87,218,-66,241,427,425,36,-9,237,89,82,0
1778683,62,62,31,162,73,232,444,432,16,-9,236,92,85,0
1782000,63,62,0,181,67,204,441,438,-4,2,238,89,84,0
1785350,63,62,0,200,-96,225,444,444,12,-5,233,84,83,0
1788683,63,62,0,200,-137,254,449,450,31,-10,226,79,83,0
1792004,63,63,87,0,-63,269,433,454,33,-18,223,73,80,0
1795350,63,63,387,443,82,322,418,457,19,-12,212,73,70,0
1798683,63,63,200,293,130,373,392,457,25,-28,225,83,78,0
1802007,63,63,68,143,152,355,380,455,14,-34,211,90,86,0
1805351,64,63,0,125,124,278,352,451,-23,-34,212,89,87,0
1808684,64,63,0,162,-4,221,325,445,5,-18,220,83,85,0
1812010,64,63,31,181,-67,166,311,439,26,-38,226,76,84,0
1815351,64,64,181,0,24,70,294,430,29,-31,230,68,83,0
1818685,64,64,406,350,82,27,245,420,21,-29,238,72,75,0
1822013,64,64,275,350,89,19,206,408,22,-24,245,79,75,0
1825351,64,64,106,200,119,5,173,396,17,-32,243,88,83,0
1828685,64,64,125,200,124,6,162,383,-7,-24,242,87,83,0
1832016,65,64,0,218,62,34,129,371,21,-25,245,88,82,0
1835372,65,64,31,237,89,55,104,359,25,-14,241,76,81,0
1838709,65,65,200,0,199,89,81,345,3,-24,235,67,83,0
1842019,65,65,481,406,178,124,33,331,0,-21,236,68,72,0
1845376,65,65,162,293,103,123,-7,317,23,-20,239,85,78,0
1848712,65,65,106,181,150,75,-8,303,10,-22,237,88,84,0
1852023,65,65,181,181,176,14,-16,290,-5,-12,221,84,84,0
1855377,66,65,0,181,104,-68,-62,276,30,-15,226,85,84,0
1858712,66,65,50,181,159,-108,-65,263,13,3,218,75,84,0
1862026,66,65,218,200,249,-93,-78,249,-9,0,210,66,83,0
1865376,66,66,443,218,173,-25,-127,234,1,0,222,70,82,0
1868718,66,66,200,200,136,24,-139,218,3,8,225,83,83,0
1872029,66,66,143,181,142,50,-155,200,10,3,221,86,84,0
1875377,66,66,218,143,134,60,-168,181,10,-7,222,82,86,0
1878718,66,66,218,162,146,19,-163,164,30,-3,234,82,85,0
1882032,67,66,0,162,256,-33,-164,145,14,6,235,82,85,0
1885377,67,67,218,0,295,-66,-155,127,-31,11,219,66,84,0
1888718,67,67,537,368,157,-85,-160,108,-7,12,233,65,74,0
1892036,67,67,293,293,65,-79,-174,88,6,17,237,78,78,0
1895377,67,67,181,125,92,-53,-176,69,-6,19,223,84,87,0
1898719,67,67,237,106,101,-29,-175,50,-12,22,222,81,88,0
1902039,67,67,293,125,84,0,-189,31,15,18,234,78,87,0
1905378,67,67,293,143,175,41,-212,12,3,14,241,78,86,0
1908719,68,68,12,0,255,61,-221,-6,-11,13,226,77,86,0
1912042,68,68,631,237,270,82,-230,-24,-8,18,221,60,81,0
1915398,68,68,237,162,229,109,-251,-42,-1,22,227,81,85,0
1918719,68,68,218,106,243,96,-291,-61,-11,19,231,82,88,0
1922045,68,68,331,87,297,75,-296,-79,-29,9,226,76,89,0
1925402,68,68,293,106,233,43,-345,-98,5,18,243,78,88,0
1928719,68,68,312,143,263,29,-382,-116,3,15,236,77,86,0
1932048,68,69,331,0,319,5,-405,-134,-10,22,233,76,85,0
1935403,69,69,293,293,301,-20,-425,-152,-19,21,216,78,78,0
1938720,69,69,256,125,279,-17,-458,-171,-7,31,229,80,87,0
1942052,69,69,293,31,284,4,-508,-190,6,19,226,78,92,0
1945403,69,69,331,106,341,46,-517,-209,-27,27,221,76,88,0
1948744,69,69,331,143,291,105,-554,-227,-16,14,222,76,86,0
1952055,69,70,593,368,228,148,-560,-244,-5,-3,225,75,87,0
1955402,69,70,443,12,244,150,-549,-261,5,20,234,83,90,0
1958745,70,70,12,125,296,125,-559,-278,-5,-4,229,90,84,0
1962059,70,70,256,87,308,73,-569,-294,-15,1,229,77,86,0
1965403,70,70,406,125,312,12,-567,-310,-12,15,237,69,84,0
1968746,70,70,312,125,348,-8,-584,-325,-10,9,233,74,84,0
1972061,70,70,312,143,397,-23,-588,-340,-40,19,219,74,83,0
1975403,70,71,387,0,290,10,-635,-355,-24,20,227,70,78,0
1978746,70,71,631,312,208,71,-650,-371,-33,13,228,73,74,0
1982065,70,71,406,200,131,98,-655,-386,-16,6,233,85,80,0
1985404,71,71,50,162,97,70,-665,-402,-15,22,225,88,82,0
1988746,71,71,368,162,139,60,-672,-418,-24,14,217,71,82,0
1992068,71,71,425,162,129,78,-674,-434,-26,20,233,68,82,0
1995425,71,71,350,200,97,102,-690,-450,-27,14,226,72,80,0
1998746,71,71,350,200,78,106,-682,-466,-28,14,210,72,80,0
2002071,71,72,350,0,38,107,-691,-482,-22,31,211,72,78,0
2005428,71,72,593,406,-33,161,-696,-499,-17,7,222,75,69,0
2008747,71,72,350,200,-43,120,-692,-514,-9,13,226,88,80,0
2012074,72,72,50,256,2,45,-689,-529,-26,18,215,88,77,0
2015429,72,72,387,256,76,33,-698,-544,-35,20,207,70,77,0
2018747,72,72,387,237,76,23,-682,-558,-31,23,222,70,78,0
2022077,72,72,350,275,6,-15,-635,-570,-37,30,223,72,76,0
2025429,72,72,350,293,-95,14,-601,-580,-38,35,223,72,75,0
2028748,72,73,668,368,-211,97,-600,-589,-16,36,222,71,71,0
2032081,72,73,462,443,-226,148,-583,-597,-12,27,227,82,67,0
2035429,72,73,350,275,-149,119,-578,-603,6,21,229,88,76,0
2038772,73,73,87,331,-6,115,-579,-608,-20,39,223,86,73,0
2042083,73,73,368,293,56,130,-593,-614,-30,24,217,71,75,0
2045430,73,73,406,237,25,115,-592,-618,-34,37,220,69,78,0
2048775,73,73,312,275,2,107,-567,-620,-39,36,212,74,76,0
2052087,73,73,331,256,-82,170,-556,-621,-27,44,211,73,77,0
2055429,73,73,631,575,-147,264,-559,-621,-39,38,221,73,76,0
2058775,73,74,406,87,-178,265,-546,-621,-21,25,215,85,86,0
2062090,73,74,331,162,-154,205,-563,-621,-32,27,220,89,82,0
2065430,74,74,237,387,-250,194,-582,-622,-36,23,221,78,70,0
2068776,74,74,425,275,-334,159,-550,-621,-31,27,228,68,76,0
2072093,74,74,275,256,-382,71,-491,-619,-34,29,210,76,77,0
2075452,74,74,312,312,-478,75,-459,-615,-29,34,219,74,74,0
2078776,74,74,293,293,-485,145,-442,-610,-11,29,215,75,75,0
2082096,74,74,537,537,-416,232,-419,-604,-7,23,222,78,78,0
2085453,74,75,275,106,-282,234,-419,-596,-9,24,228,92,85,0
2088776,75,75,31,237,-215,229,-389,-588,-17,29,230,89,78,0
2092100,75,75,331,256,-138,233,-343,-578,-11,14,231,73,77,0
2095453,75,75,312,162,-91,212,-328,-567,-48,33,210,74,82,0
2098776,75,75,275,162,-160,228,-329,-556,-30,29,212,76,82,0
2102103,75,75,275,181,-230,346,-364,-546,-11,21,211,76,81,0
2105454,75,75,575,500,-179,409,-376,-537,-19,19,209,76,80,0
2108777,75,75,406,293,-167,446,-408,-528,-37,-24,200,85,91,0
2112106,76,76,0,0,-215,438,-541,-523,-32,17,220,92,91,0
2115454,76,76,256,181,-246,458,-541,-518,-77,4,237,77,81,0
2118776,76,76,293,143,-343,415,-574,-515,-47,32,202,75,83,0
2122109,76,76,256,87,-440,346,-578,-511,-54,10,209,77,86,0
2125455,76,76,237,143,-631,372,-623,-509,-8,19,215,78,83,0
2128778,76,76,237,162,-580,438,-648,-510,-13,7,210,78,82,0
2132112,76,77,537,106,-486,484,-689,-512,-38,18,209,78,85,0
2135454,76,77,275,87,-374,505,-689,-515,-28,5,219,92,86,0
2138781,77,77,0,50,-345,456,-684,-518,-5,-2,223,97,88,0
2142116,77,77,162,50,-266,402,-656,-521,-13,-4,215,82,88,0
2145454,77,77,218,68,-240,410,-669,-523,-15,11,209,79,87,0
2148784,77,77,143,68,-299,416,-670,-526,-11,13,205,83,87,0
2152119,77,77,143,68,-365,449,-669,-528,-53,11,205,83,87,0
2155455,77,78,125,0,-435,497,-649,-531,-1,9,212,84,87,0
2158788,78,78,31,87,-427,536,-634,-533,-24,-3,209,89,86,0
2162122,78,78,68,31,-472,518,-605,-535,-29,-20,220,87,89,0
2165479,78,78,181,31,-500,507,-567,-535,-33,-4,217,81,89,0
2168791,78,78,87,31,-522,504,-548,-535,-17,-8,218,86,89,0
2172126,78,79,106,0,-538,425,-510,-533,-25,-25,221,85,87,0
2175483,78,79,125,0,-506,393,-475,-530,-1,-25,229,84,87,0
2178795,78,79,87,0,-438,369,-438,-529,-39,-13,219,86,86,0
2182128,79,79,0,0,-449,321,-346,-525,-34,-11,218,88,87,0
2185483,79,79,106,0,-463,292,-272,-520,-25,-20,219,85,91,0
2188797,79,79,87,0,-462,304,-216,-513,-30,-4,211,86,92,0
2192132,79,79,87,0,-519,364,-196,-507,-12,-22,217,86,91,0
2195488,79,80,106,0,-509,368,-180,-500,-7,-26,215,85,93,0
2198801,79,80,50,0,-462,353,-140,-494,-23,-27,216,88,95,0
2202135,80,80,87,0,-458,329,-93,-486,-7,-26,209,89,99,0
2205489,80,80,50,0,-426,306,-68,-478,-12,-33,223,91,104,0
2208804,80,81,125,0,-414,261,-20,-467,-11,-42,218,87,103,0
2212138,80,81,87,0,-411,181,45,-454,-6,-32,224,89,106,0
2215489,80,81,87,0,-395,132,120,-438,0,-25,219,89,112,0
2218807,80,81,106,0,-360,88,173,-415,1,-29,221,88,118,0
2222142,81,82,0,0,-312,44,223,-392,-2,-48,230,92,115,0
2225489,81,82,181,0,-315,11,285,-365,-67,-51,240,84,118,0
2228810,81,82,143,0,-381,-18,332,-336,-14,-63,223,86,125,0
2232144,81,83,68,0,-417,-74,423,-304,-11,3,230,90,126,0
2235490,81,83,87,0,-334,-103,504,-268,3,5,226,89,128,0
2238813,82,83,0,0,-168,-138,587,-228,1,-26,209,89,134,0
2242148,82,83,0,0,-12,-203,687,-185,-23,-22,212,89,133,0
2245490,82,84,0,0,-27,-205,735,-140,-20,-24,217,83,133,0
2248816,82,84,331,0,-63,-174,793,-95,-21,-28,212,76,139,0
2252151,82,85,125,0,-94,-130,856,-47,0,-28,226,87,130,0
2255490,82,85,31,0,-36,-91,870,0,27,-26,219,92,133,0
2258820,82,85,143,0,162,14,829,47,-5,-5,236,86,133,0
2262155,83,86,0,0,96,206,655,87,-57,-19,244,90,124,0
2265490,83,86,0,0,-259,314,465,122,-25,-47,266,84,114,0
2268823,83,86,68,0,-429,315,326,151,15,-48,267,74,111,0
2272157,83,86,481,0,-223,295,166,174,22,-47,261,68,102,0
2275515,83,87,143,0,-35,292,57,193,-27,-40,260,86,86,0
2278826,83,87,106,0,-30,295,-99,205,-40,-44,260,88,76,0
2282160,83,87,162,0,-158,296,-250,212,-36,-38,249,85,67,0
2285516,84,87,0,0,-231,305,-302,217,-45,-49,250,84,54,0
2288829,84,87,106,0,-263,306,-314,218,-54,-53,242,72,46,0
2292163,84,87,200,0,-341,279,-298,217,-54,-45,238,67,42,0
2295517,84,87,443,106,-383,230,-271,215,-27,-48,230,70,40,0
2298832,84,87,218,0,-319,152,-221,214,-36,-46,222,82,46,0
2302167,84,87,162,31,-256,30,-151,215,-34,-38,223,85,44,0
2305517,84,87,256,31,-206,-32,-110,216,-35,-28,210,80,44,0
2308836,84,87,200,50,-151,-82,-61,217,-45,-15,212,83,43,0
2312170,85,87,0,31,-157,-106,-10,219,-61,-8,210,86,44,0
2315517,85,87,162,31,-288,-112,3,220,-35,1,210,69,44,0
2318839,85,87,500,331,-366,-96,-11,218,-34,-1,211,67,44,0
2322174,85,87,200,87,-431,-100,-45,213,-43,5,212,83,57,0
2325517,85,87,181,106,-514,-104,-66,205,-11,10,222,84,56,0
2328842,85,87,200,106,-497,-105,-96,195,2,10,220,83,56,0
2332177,85,87,200,106,-330,-141,-71,184,-22,22,218,83,56,0
2335518,86,87,0,106,-288,-116,-59,172,-24,24,223,85,56,0
2338845,86,87,87,106,-295,-63,-59,157,-8,26,228,73,56,0
2342179,86,87,500,425,-254,21,-33,140,-30,19,228,67,55,0
2345519,86,87,143,125,-281,53,-25,121,-24,33,225,86,71,0
2348848,86,87,125,125,-348,92,-22,99,12,30,235,87,71,0
2352183,86,87,181,143,-253,153,-28,75,21,34,231,84,70,0
2355542,86,87,181,143,-109,194,-9,50,-14,20,230,84,70,0
2358851,87,87,0,125,-78,227,8,24,-10,20,233,87,71,0
2362187,87,87,0,125,-112,278,20,-2,-4,30,232,83,71,0
2365542,87,87,406,387,-115,316,26,-27,-22,8,222,72,73,0
2368855,87,88,162,0,-142,327,36,-47,-26,2,225,85,84,0
2372189,87,88,143,0,-233,373,13,-61,12,25,224,86,82,0
2375546,87,88,218,125,-208,457,13,-70,27,14,216,82,71,0
2378858,87,88,293,143,-79,513,23,-75,-26,21,227,78,70,0
2382192,88,88,12,143,-56,555,-5,-77,-28,4,224,77,70,0
2385551,88,88,237,106,-176,566,-21,-74,-8,2,235,65,72,0
2388861,88,88,612,425,-205,538,-9,-67,-12,-6,230,61,71,0
2392196,88,88,237,143,-211,472,18,-57,-27,2,227,81,86,0
2395555,88,89,293,0,-298,442,26,-46,-4,-19,228,78,87,0
2398864,88,89,350,0,-334,399,-12,-37,9,-16,230,75,83,0
2402199,88,89,293,12,-196,296,-23,-30,-5,-18,229,78,77,0
2405555,88,89,312,87,-66,261,-22,-23,-15,-14,234,77,73,0
2408868,88,89,312,106,-46,241,-28,-19,-36,-5,233,77,72,0
2412203,89,89,350,368,-84,241,-64,-18,-11,-1,239,75,74,0
2415555,89,89,368,31,-62,259,-80,-19,-37,-15,242,74,92,0
2418871,89,89,312,125,-87,272,-86,-21,-21,-2,238,77,87,0
2422205,89,90,331,0,-75,298,-146,-26,-21,7,233,76,88,0
2425555,89,90,350,0,-49,299,-157,-30,-50,0,232,75,87,0
2428875,89,90,331,0,-131,293,-192,-35,-35,-12,225,76,83,0
2432208,89,90,350,0,-230,234,-222,-40,-37,1,221,75,79,0
2435555,90,90,293,218,-247,182,-241,-44,-38,-10,227,78,82,0
2438877,90,90,143,12,-273,112,-245,-50,-33,-2,221,86,93,0
2442212,90,90,350,87,-323,33,-290,-57,-13,-13,230,75,89,0
2445556,90,91,350,0,-256,-32,-309,-65,-25,-2,224,75,90,0
2448880,90,91,293,0,-169,-92,-330,-74,-39,0,220,78,86,0
2452215,90,91,556,106,-155,-119,-391,-85,-41,-7,213,77,85,0
2455556,90,91,350,12,-188,-127,-414,-98,-47,2,214,88,90,0
2458884,91,91,0,50,-259,-146,-447,-111,-40,-2,217,92,88,0
2462218,91,91,200,106,-295,-179,-507,-126,-31,19,226,80,85,0
2465557,91,92,425,0,-268,-215,-555,-144,-35,-3,231,68,88,0
2468887,91,92,293,0,-260,-275,-586,-163,-27,16,219,75,85,0
2472221,91,92,275,0,-258,-315,-607,-183,-29,21,232,76,82,0
2475577,91,92,350,0,-256,-282,-610,-203,-48,7,216,72,76,0
2478890,91,92,556,256,-328,-266,-600,-222,-38,5,216,77,77,0
2482225,91,92,350,50,-387,-294,-588,-241,-38,27,219,88,88,0
2485581,92,92,68,181,-429,-270,-579,-260,-17,26,224,87,81,0
2488894,92,93,425,0,-401,-215,-576,-277,-16,24,221,68,84,0
2492228,92,93,331,0,-270,-260,-543,-294,-19,26,229,73,80,0
2495581,92,93,293,68,-257,-304,-558,-311,-4,27,228,75,71,0
2498897,92,93,331,87,-201,-257,-518,-328,-28,24,216,73,70,0
2502231,92,93,293,106,-196,-143,-418,-342,-35,25,215,75,69,0
2505581,92,93,500,162,-282,-114,-381,-353,-28,23,216,80,82,0
2508900,92,93,350,68,-353,-108,-349,-363,-20,25,213,88,87,0
2512235,93,93,87,125,-426,-38,-308,-372,-6,50,229,86,84,0
2515582,93,93,406,162,-402,21,-284,-380,-20,39,226,69,82,0
2518903,93,94,275,0,-425,-32,-274,-387,-5,29,232,76,81,0
2522238,93,94,275,50,-392,-85,-305,-394,2,44,228,76,72,0
2525582,93,94,312,143,-332,3,-256,-399,-33,23,223,74,67,0
2528906,93,94,556,425,-382,81,-200,-401,-11,0,222,77,68,0
2532241,93,94,331,162,-467,78,-164,-401,-11,24,212,89,82,0
2535582,94,94,68,162,-510,128,-165,-400,-2,33,225,87,82,0
2538910,94,94,387,162,-560,235,-169,-398,0,22,225,70,82,0
2542244,94,94,275,181,-521,213,-182,-397,0,17,234,76,81,0
2545582,94,95,293,0,-481,148,-220,-396,-6,26,233,75,78,0
2548913,94,95,331,87,-437,187,-165,-392,-6,12,227,73,70,0
2552247,94,95,312,181,-417,238,-104,-386,-6,11,228,74,65,0
2555604,94,95,518,350,-434,213,-93,-378,-20,4,223,79,72,0
2558916,94,95,293,181,-478,203,-92,-369,-7,19,221,91,81,0
2562250,95,95,0,125,-512,246,-97,-359,6,28,221,93,84,0
2565607,95,95,312,162,-482,282,-96,-348,-8,12,229,74,82,0
2568919,95,95,256,237,-463,239,-147,-337,-3,14,228,77,78,0
2572253,95,95,237,181,-453,172,-175,-325,-18,17,224,78,81,0
2575607,95,96,293,0,-458,215,-136,-311,-32,-3,228,75,78,0
2578923,95,96,556,462,-534,239,-76,-294,-16,13,218,77,66,0
2582256,95,96,350,331,-610,197,-61,-277,-18,12,218,88,73,0
2585608,96,96,0,200,-635,199,-45,-260,-34,34,217,95,80,0
2588925,96,96,181,218,-717,240,-53,-243,-3,12,230,81,79,0
2592260,96,96,275,200,-650,223,-55,-227,-19,12,220,76,80,0
2595608,96,96,200,256,-641,170,-81,-211,-29,24,228,80,77,0
2598929,96,97,237,0,-688,220,-64,-196,-26,17,230,78,81,0
2602263,96,97,237,106,-714,309,-8,-179,-22,6,210,78,69,0
2605608,96,97,481,481,-710,324,-5,-163,-21,10,221,81,65,0
2608932,97,97,0,237,-725,329,8,-150,-39,27,217,93,78,0
2612266,97,97,256,162,-814,344,6,-137,-22,20,219,77,82,0
2615608,97,97,275,143,-826,310,14,-126,-17,-13,213,76,83,0
2618935,97,97,162,162,-793,248,44,-115,-27,11,222,82,82,0
2622269,97,97,200,162,-810,226,55,-105,-15,10,224,80,82,0
2625608,97,97,200,181,-809,240,73,-94,-19,14,222,80,81,0
2628938,97,98,181,0,-809,233,85,-82,-32,19,218,81,79,0
2632296,98,98,181,312,-890,260,57,-72,-13,20,220,81,74,0
2635630,98,98,200,162,-942,305,63,-64,-20,21,218,80,82,0
2638941,98,98,181,125,-951,334,48,-57,-6,10,224,81,84,0
2642299,98,98,143,162,-968,343,43,-50,-6,-1,214,83,82,0
2645633,98,98,162,162,-940,353,60,-43,-2,17,213,82,82,0
2648944,98,98,143,200,-907,333,64,-36,-2,11,227,83,80,0
2652303,98,99,125,0,-900,299,59,-27,2,12,215,84,78,0
2655633,99,99,125,387,-853,289,40,-20,1,15,207,84,70,0
2658948,99,99,181,275,-853,313,41,-16,0,0,220,81,76,0
2662306,99,99,106,87,-844,321,57,-11,-10,-22,208,85,86,0
2665634,99,99,106,106,-840,304,26,-8,6,9,219,85,85,0
2668951,99,99,106,125,-827,308,36,-3,5,17,212,85,84,0
2672309,99,99,87,162,-824,298,48,0,6,-1,213,86,82,0
2675634,100,99,0,125,-848,263,45,6,4,12,206,87,84,0
2678955,100,100,0,0,-871,239,39,13,7,4,213,85,82,0
2682312,100,100,200,312,-899,243,38,18,7,8,216,80,74,0
2685634,100,100,68,143,-899,250,24,21,13,2,218,87,83,0
2688958,100,100,50,68,-867,281,37,24,10,6,220,88,87,0
2692316,100,100,50,125,-851,325,30,27,18,1,223,88,84,0
2695634,100,100,68,125,-835,350,40,30,2,-3,220,87,84,0
2698960,101,101,0,143,-870,331,61,33,5,4,223,92,83,0
2702317,101,101,50,218,-921,309,49,37,14,6,228,91,82,0
2705635,101,101,50,143,-875,290,52,41,6,8,215,91,86,0
2708963,101,101,31,87,-847,214,82,44,13,-5,219,92,89,0
2712322,101,101,12,68,-798,141,83,47,14,13,222,93,90,0
2715656,102,101,0,106,-714,141,109,50,32,-1,227,94,88,0
2718967,102,101,0,125,-584,207,175,55,15,-6,221,96,87,0
2722325,102,102,0,0,-539,244,213,61,16,0,214,94,86,0
2725659,102,102,50,218,-506,297,254,68,12,-8,233,91,82,0
2728971,102,102,12,106,-452,411,333,77,22,15,228,93,88,0
2732326,102,102,12,68,-436,460,365,86,7,-2,224,93,90,0
2735660,103,102,0,143,-493,482,417,96,10,-13,223,96,86,0
2738973,103,102,0,162,-571,474,464,109,33,-8,237,95,85,0
2742326,103,103,0,0,-514,474,520,123,24,-19,245,91,87,0
2745660,103,103,0,0,-440,472,585,140,21,-32,234,88,81,0
2748977,103,103,106,350,-383,435,606,157,20,-26,223,88,75,0
2752326,104,103,0,125,-318,446,630,175,32,-34,226,94,87,0
2755660,104,103,0,68,-247,426,638,193,-4,-53,213,96,90,0
2758979,104,103,0,87,-342,275,616,211,22,-25,224,96,89,0
2762326,104,103,0,143,-312,217,590,228,48,-37,228,91,86,0
2765661,104,104,0,0,-154,193,577,244,25,-38,223,89,87,0
2768983,104,104,0,0,-41,183,565,260,13,-39,233,85,83,0
2772326,105,104,0,293,-45,192,528,276,28,-30,237,86,78,0
2775661,105,104,0,87,17,215,522,291,29,-26,228,92,89,0
2778987,105,104,0,106,28,231,523,306,-5,-43,236,87,88,0
2782327,105,104,0,200,-136,233,491,320,3,-40,229,82,83,0
2785662,105,105,0,0,-247,225,476,334,25,-36,234,78,87,0
2788989,105,105,31,0,-223,182,453,347,30,-43,248,76,82,0
2792326,105,105,50,143,-130,147,398,358,40,-43,250,75,70,0
2795683,106,105,12,443,-25,134,356,368,32,-53,241,77,70,0
2798992,106,105,0,200,43,108,313,377,22,-50,236,84,83,0
2802351,106,105,0,125,38,52,290,385,-2,-45,239,80,87,0
2805683,106,105,0,143,-50,2,245,391,11,-39,240,78,86,0
2808996,106,105,68,200,-125,-25,210,396,36,-26,222,74,83,0
2812352,106,106,68,0,-66,-29,192,400,28,-36,228,74,83,0
2815686,106,106,31,68,-5,-44,159,403,31,-30,224,76,74,0
2818999,106,106,350,481,13,-3,116,404,25,-19,229,75,68,0
2822352,106,106,12,218,57,10,106,403,34,-18,228,93,82,0
2825686,107,106,0,162,115,-28,97,401,-3,-14,228,95,85,0
2829002,107,106,0,218,-3,-77,84,397,-7,-5,223,89,82,0
2832352,107,106,0,275,-107,-126,73,391,15,-2,234,80,79,0
2835687,107,107,87,0,-72,-151,95,384,23,7,224,73,82,0
2839006,107,107,106,87,21,-141,97,376,8,8,223,72,73,0
2842352,107,107,312,462,25,-101,82,365,9,9,226,77,69,0
2845686,107,107,50,237,45,-45,82,353,25,21,224,91,81,0
2849008,108,107,0,218,152,-14,121,341,-21,24,223,92,82,0
2852352,108,107,0,200,66,12,125,326,-16,12,220,83,83,0
2855687,108,107,87,218,-44,-2,118,311,34,11,220,73,82,0
2859011,108,107,106,256,56,-26,139,296,14,19,221,72,80,0
2862353,108,107,106,256,114,-26,131,280,-3,22,225,72,80,0
2865687,108,108,350,218,120,2,116,264,5,18,213,75,82,0
2869015,108,108,87,237,162,13,101,249,17,13,231,89,81,0
2872353,109,108,0,218,200,18,90,234,10,18,226,90,82,0
2875688,109,108,0,200,198,15,54,218,10,14,225,82,83,0
2879018,109,108,106,200,188,39,16,202,-2,16,224,72,83,0
2882374,109,108,200,275,186,76,-38,184,2,21,229,67,79,0
2885710,109,109,106,0,155,112,-87,165,0,16,225,72,82,0
2889021,109,109,406,331,97,157,-134,146,1,6,220,72,76,0
2892378,109,109,181,237,87,148,-167,126,16,8,229,84,81,0
2895711,109,109,143,162,102,101,-183,106,16,2,229,86,85,0
2899024,110,109,0,162,204,59,-187,87,0,5,231,84,85,0
2902378,110,109,106,143,238,52,-214,70,17,1,229,72,86,0
2905711,110,109,218,181,293,60,-230,53,5,10,219,66,84,0
2909028,110,109,143,181,356,88,-272,35,-10,14,230,70,84,0
2912378,110,110,406,181,334,135,-311,18,-27,7,228,72,84,0
2915711,110,110,181,181,235,154,-345,0,-15,-3,230,84,84,0
2919031,110,110,181,125,136,113,-364,-16,-9,-3,223,84,87,0
2922378,110,110,237,106,120,72,-358,-32,-16,1,230,81,88,0
2925712,110,110,218,125,79,43,-376,-48,8,-4,237,82,87,0
2929034,111,110,0,181,178,14,-374,-63,2,4,239,81,84,0
2932378,111,111,293,0,250,15,-381,-78,-19,3,225,62,85,0
2935712,111,111,443,200,216,52,-382,-92,-2,10,236,70,83,0
2939037,111,111,162,106,201,104,-397,-107,2,5,232,85,88,0
2942379,111,111,293,50,259,135,-394,-122,-14,4,228,78,91,0
2945713,111,111,293,87,265,141,-396,-137,2,2,228,78,89,0
2949040,111,111,256,106,281,117,-416,-153,13,4,237,80,88,0
2952379,112,112,143,0,337,82,-438,-169,1,-1,230,83,91,0
2955712,112,112,237,0,366,41,-479,-188,-4,-3,230,78,94,0
2959044,112,112,293,0,355,57,-488,-207,-33,-2,234,75,91,0
2962401,112,112,312,68,266,63,-526,-227,-23,2,231,74,87,0
2965713,112,112,293,87,176,68,-529,-248,-17,-6,226,75,86,0
2969047,112,112,293,143,159,61,-532,-269,-21,-1,227,75,83,0
2972404,112,113,312,0,145,69,-537,-289,-18,1,228,74,86,0
2975741,112,113,312,0,189,62,-557,-310,-23,7,227,74,81,0
2979050,113,113,237,237,216,37,-581,-331,-26,3,230,78,78,0
2982404,113,113,181,87,235,-10,-619,-352,-9,2,226,81,86,0
2985740,113,113,406,50,300,-33,-620,-372,-49,5,220,69,88,0
2989053,113,113,331,68,239,-49,-631,-390,-28,17,216,73,87,0
2992404,113,113,275,143,162,-32,-645,-408,-28,9,224,76,83,0
2995746,113,114,312,0,111,-5,-643,-424,-25,13,213,74,85,0
2999056,113,114,331,0,76,36,-671,-439,-43,27,214,73,78,0
