Time, Rlegs, Llegs, DCL, DCR, GyroX, GyroY, GyroZ, GyroZAvg, AccelX, AccelY, AccelZ, LBEMF, RBEMF, SteerOut
1230,775,805,743,0,-248,177,-116,-117,-21,-3,225,82,82,0
4551,775,805,762,0,-247,179,-115,-117,-24,1,223,81,82,0
7878,775,805,743,0,-246,177,-118,-117,-22,2,230,82,83,0
11233,775,805,743,0,-248,177,-119,-117,-22,0,226,82,82,0
14551,775,805,762,0,-248,176,-121,-117,-22,0,227,81,83,0
17881,775,805,743,0,-247,175,-120,-117,-20,-2,225,82,82,0
21233,775,805,743,0,-250,175,-120,-117,-23,-1,228,82,83,0
24552,775,805,743,0,-247,172,-119,-117,-22,-1,229,82,82,0
27884,775,805,762,0,-247,173,-118,-117,-20,-2,226,81,82,0
31233,775,805,743,0,-245,172,-115,-117,-18,-4,227,82,82,0
34554,775,805,762,0,-246,174,-117,-117,-18,-3,226,81,83,0
37887,775,805,762,0,-245,174,-114,-117,-20,-2,234,81,82,0
41234,775,805,743,0,-246,173,-117,-117,-18,0,225,82,82,0
44576,775,805,743,0,-248,172,-118,-117,-21,2,223,82,82,0
47891,775,805,743,0,-247,175,-119,-117,-21,-1,231,82,83,0
51234,775,805,743,0,-247,174,-120,-117,-16,-2,229,82,82,0
54580,775,805,743,0,-247,176,-119,-117,-22,3,225,82,83,0
57894,775,805,743,0,-246,177,-119,-117,-23,0,227,82,83,0
61234,775,805,743,0,-248,177,-118,-117,-20,0,225,82,82,0
64581,775,805,762,0,-247,178,-118,-117,-21,-1,226,81,82,0
67898,775,805,743,0,-245,180,-117,-117,-23,3,228,82,83,0
71236,775,805,762,0,-248,175,-117,-117,-22,0,227,81,83,0
74582,775,805,762,0,-245,175,-117,-117,-19,-1,221,81,82,0
77901,775,805,762,0,-246,177,-115,-117,-19,-3,224,81,83,0
81235,775,805,762,0,-247,173,-118,-117,-17,-3,224,81,83,0
84581,775,805,743,0,-248,173,-117,-117,-22,0,230,82,83,0
87903,775,805,743,0,-248,171,-119,-117,-22,0,230,82,82,0
91258,775,805,762,0,-251,173,-119,-117,-20,-3,229,81,82,0
94581,775,805,762,0,-249,172,-120,-117,-21,1,231,81,83,0
97907,775,805,743,0,-249,171,-118,-117,-20,1,230,82,83,0
101258,775,805,743,0,-247,176,-120,-117,-21,0,231,82,82,0
104645,0,0,631,612,-248,173,-116,-117,-19,-1,227,81,82,0
107910,0,0,612,612,-247,178,-118,-117,-21,0,226,82,82,0
111259,0,0,612,593,-248,176,-117,-118,-22,0,226,82,83,0
114581,0,0,612,612,-246,176,-119,-118,-19,0,226,82,82,0
117913,0,0,631,612,-247,175,-117,-118,-25,0,231,81,82,0
121258,0,0,631,612,-246,174,-120,-117,-22,0,223,81,82,0
124582,0,0,612,612,-247,175,-118,-117,-22,0,226,82,82,0
127916,0,0,612,593,-249,172,-117,-117,-20,0,230,82,83,0
131258,0,0,631,612,-248,172,-119,-117,-21,1,229,81,82,0
134586,0,0,612,593,-246,172,-117,-117,-20,-2,224,82,83,0
137919,0,0,612,593,-247,172,-116,-117,-17,0,227,82,83,0
141259,0,0,612,593,-247,175,-117,-117,-24,0,228,82,83,0
144588,0,0,612,612,-244,176,-117,-117,-19,0,228,82,82,0
147923,0,0,612,593,-246,177,-116,-117,-18,0,233,82,83,0
151260,0,0,612,593,-245,178,-117,-117,-21,0,229,82,83,0
154592,0,0,631,612,-247,180,-119,-117,-21,-1,227,81,82,0
157926,0,0,612,593,-246,175,-119,-117,-18,-2,228,82,83,0
161260,0,0,631,612,-246,175,-119,-117,-20,-2,223,81,82,0
164595,0,0,612,593,-247,172,-118,-117,-22,-3,229,82,83,0
167929,0,0,612,612,-247,176,-119,-117,-22,-1,225,82,82,0
171284,0,0,631,593,-247,172,-118,-117,-20,-1,225,81,83,0
174598,0,0,631,612,-249,171,-115,-117,-23,-1,228,81,82,0
177932,0,0,612,612,-248,173,-117,-117,-22,3,225,82,82,0
181287,0,0,612,612,-251,172,-116,-117,-15,-3,223,82,82,0
184601,0,0,631,593,-246,175,-115,-117,-19,0,229,81,83,0
187935,0,0,612,593,-248,175,-116,-117,-22,0,227,82,83,0
191288,0,0,631,593,-246,177,-117,-117,-21,1,229,81,83,0
194604,0,0,631,612,-248,177,-120,-117,-19,-3,226,81,82,0
197939,0,0,612,612,-245,176,-118,-117,-19,-3,231,82,82,0
201293,0,0,631,612,-246,177,-118,-117,-19,2,226,81,82,0
204607,0,0,50,0,-246,175,-117,-117,-29,-59,227,167,170,0
207942,0,0,143,293,-375,46,-112,-117,-95,22,221,178,170,0
211296,0,1,593,200,-682,332,-103,-116,47,-25,206,170,175,0
214611,1,1,350,387,-439,390,-58,-115,13,-13,215,183,181,0
217945,1,1,818,481,-83,267,-41,-112,-61,3,220,174,192,0
221297,2,2,443,443,-97,130,-35,-110,-35,27,218,194,194,0
224615,2,2,912,518,-146,57,-29,-107,-31,28,282,185,206,0
227949,3,3,443,143,-91,-89,-132,-107,-1,23,296,194,210,0
231297,3,3,593,331,333,-381,-179,-109,-24,92,276,202,216,0
234617,4,4,593,275,442,-557,-305,-115,-121,50,249,202,219,0
237951,4,5,706,275,203,-586,-469,-126,-117,22,297,212,219,0
241297,5,5,500,406,-71,-597,-655,-143,-66,68,296,223,228,0
244621,5,6,612,237,-168,-795,-862,-166,-174,105,260,215,219,0
247955,6,6,218,200,-627,-954,-1129,-198,-66,169,300,220,221,0
251297,6,7,818,443,-1056,-925,-1428,-239,-41,86,257,204,208,0
254624,7,7,500,668,-1187,-1187,-1575,-284,-138,95,287,221,212,0
257959,7,8,1006,668,-1402,-1430,-1644,-332,-105,136,223,210,212,0
261298,8,8,837,1081,-2120,-1495,-1662,-380,-96,140,199,219,206,0
264627,9,9,462,631,-2615,-1565,-1700,-430,-64,89,244,223,214,0
267961,9,9,556,968,-2871,-1802,-1620,-476,-88,126,225,234,212,0
271298,10,10,500,800,-3351,-1845,-1567,-522,-52,214,172,237,221,0
274630,10,11,1025,856,-3530,-1478,-1524,-566,5,121,215,225,218,0
277965,11,11,425,612,-3590,-1267,-1329,-603,28,227,171,241,231,0
281323,12,12,275,818,-3448,-1093,-1193,-637,-35,224,146,249,220,0
284633,13,13,687,968,-3439,-755,-959,-663,-18,204,189,243,228,0
287967,13,13,631,1043,-3436,-466,-678,-681,-50,165,134,264,242,0
291324,14,14,368,875,-3469,-130,-520,-694,-37,67,121,278,251,0
294636,15,15,368,668,-3426,225,-236,-697,174,152,230,278,262,0
297971,16,15,368,800,-2902,500,170,-688,194,243,118,278,271,0
301324,16,16,631,762,-1836,698,443,-671,11,140,71,280,273,0
304639,17,17,181,462,-1640,715,624,-648,61,115,116,288,273,0
307974,18,18,143,406,-1470,659,954,-614,47,11,-32,290,276,0
311325,19,19,218,331,-892,707,1355,-568,150,55,162,286,280,0
314643,20,19,237,631,-20,896,1822,-508,147,79,16,285,280,0
317977,21,20,556,556,952,1133,2492,-427,158,12,131,284,284,0
321325,21,21,556,481,2066,1255,2819,-337,160,54,45,284,288,0
324647,22,22,518,406,2930,1680,3121,-238,230,24,106,286,292,0
327980,23,23,443,256,4255,2317,3540,-126,158,68,156,285,295,0
331325,24,24,631,275,5475,3034,3555,-14,274,-103,105,275,294,0
334650,25,25,425,0,6703,3128,3549,100,73,-127,279,270,298,0
337983,25,26,1193,237,7186,2575,3187,205,-73,-206,252,245,296,0
341325,26,26,1025,331,6467,845,2637,297,-183,-168,343,254,291,0
344652,27,27,968,875,5429,-383,2177,380,-210,-168,501,257,262,0
347987,27,28,1568,1081,4003,-2058,893,428,-391,-176,568,241,251,0
351325,28,29,1456,1287,497,-2900,-507,439,-431,-233,649,247,240,0
354655,29,29,1193,1156,-1749,-3886,-1608,424,-12,-16,665,245,247,0
357990,30,30,1587,1362,-2639,-4085,-2813,381,108,192,596,240,236,0
361325,30,31,1325,1268,-2388,-3039,-3818,311,23,128,582,254,241,0
364660,31,31,1137,1006,-1934,-2230,-4233,230,103,270,584,264,271,0
367993,32,32,1325,1100,-1171,-1124,-4323,147,-42,340,317,259,271,0
371350,33,33,968,875,-1402,38,-4337,64,66,222,332,278,283,0
374662,33,34,1193,856,-1476,635,-4108,-12,5,259,244,282,284,0
377996,34,35,631,387,-1668,1123,-3944,-87,6,146,237,296,293,0
381354,35,35,406,462,-2267,1319,-3738,-156,34,121,94,308,305,0
384665,36,36,443,500,-2544,1065,-3531,-225,52,28,15,306,303,0
387999,37,37,275,406,-3133,1093,-3593,-300,209,-29,63,315,308,0
391355,38,38,125,331,-2331,854,-3657,-384,-117,-49,-9,323,312,0
394668,39,39,200,50,-2692,1080,-3795,-481,-142,-38,-28,319,327,0
398003,40,40,68,162,-3548,774,-3489,-574,-210,49,-112,326,321,0
401359,41,41,275,331,-4978,925,-3197,-667,123,-131,-20,315,312,0
404671,42,42,0,0,-4723,592,-2944,-764,-92,131,-83,328,319,0
408006,43,43,87,293,-4636,1256,-2541,-857,307,184,73,309,298,0
411362,44,44,0,12,-3638,1969,-2667,-960,-26,1,-8,303,295,0
414675,44,45,387,200,-3666,2156,-2551,-1070,180,-161,134,291,285,0
418010,45,46,537,143,-3237,1484,-2224,-1182,114,-80,15,283,288,0
421363,46,47,650,106,-1769,873,-2041,-1302,119,-73,90,277,290,0
424678,47,47,368,68,-871,670,-2094,-1446,290,-95,137,276,292,0
428013,48,48,387,0,1057,-68,-2232,-1603,70,54,119,275,298,0
431363,48,49,837,0,1787,291,-2118,-1767,338,191,167,267,296,0
434681,49,50,818,312,3367,856,-1923,-1938,204,159,138,268,279,0
438016,50,51,218,143,4927,1574,-1940,-2110,158,60,171,284,272,0
441363,51,52,312,237,5637,1551,-1944,-2281,257,-57,176,279,267,0
444684,52,53,425,312,6776,927,-2025,-2444,-39,58,42,273,279,0
448019,53,53,612,893,6705,529,-1845,-2584,-319,-68,175,279,248,0
451364,53,54,856,1568,4440,-58,-1233,-2691,-735,-34,357,284,230,0
454688,54,54,481,1718,36,-1241,-1069,-2752,-610,-59,543,304,238,0
458022,55,55,106,1456,-5370,-2860,-881,-2764,-163,34,585,308,236,0
461363,56,56,0,1268,-6525,-3399,-601,-2732,120,329,646,314,246,0
464692,57,57,256,1381,-6007,-2668,-528,-2661,23,311,760,300,256,0
468025,58,57,162,1268,-4791,-1252,-388,-2554,-274,329,346,305,262,0
471364,59,58,0,1043,-4585,-143,-181,-2427,-544,43,225,318,274,0
474694,60,59,0,1025,-6721,68,186,-2286,-176,205,35,316,275,0
478028,61,60,0,781,-7176,1570,592,-2132,370,69,311,319,288,0
481385,62,61,125,593,-4800,2904,1183,-1967,265,145,339,307,298,0
484697,62,62,293,556,-3006,4190,1830,-1786,441,-281,332,298,300,0
488031,63,62,350,425,416,4205,2373,-1595,266,-189,232,295,307,0
491389,64,63,631,162,2431,3866,2425,-1409,513,-233,147,280,321,0
494700,65,64,593,50,4700,3885,2460,-1220,282,-152,249,277,322,0
498035,66,65,725,12,6744,3515,2051,-1042,261,-218,133,270,324,0
501389,66,66,1118,218,7778,2512,1388,-880,200,-278,232,265,313,0
504703,67,67,912,293,8556,1263,920,-742,53,-144,120,276,309,0
508038,68,68,350,0,7764,-414,94,-639,-55,-21,299,290,315,0
511390,69,69,350,106,6643,-1162,-672,-568,243,-298,167,290,303,0
514707,70,70,237,387,6192,-1879,-1575,-538,-170,45,135,296,288,0
518041,71,71,537,781,4075,-2091,-2295,-526,-213,-220,284,280,267,0
521390,71,72,725,931,2435,-3061,-2891,-537,2,-89,84,286,259,0
524711,72,72,725,950,1460,-3696,-3175,-567,-180,-59,135,286,274,0
528044,73,73,200,875,-140,-4253,-3515,-613,-171,88,125,298,262,0
531420,74,74,537,1212,-1506,-4250,-3712,-663,-300,135,128,301,265,0
534714,75,75,143,837,-3219,-3613,-4030,-719,1,216,285,306,269,0
538047,76,76,218,837,-3968,-2829,-3666,-768,-147,228,113,302,285,0
541390,77,76,181,837,-4875,-1912,-3522,-818,17,176,268,304,285,0
544717,78,77,350,593,-5273,-836,-3301,-860,110,278,142,311,298,0
548051,78,78,687,631,-5051,236,-2790,-887,133,162,219,293,296,0
551390,79,79,462,518,-4394,1006,-2348,-897,106,150,108,305,302,0
554720,80,80,443,575,-3625,1529,-1940,-900,218,-86,110,306,299,0
558055,81,81,218,143,-2252,2034,-1531,-909,220,49,219,302,306,0
561411,82,82,31,31,-1032,2060,-1128,-911,92,-82,62,312,312,0
564723,83,83,368,50,-455,1899,-748,-907,-64,50,141,294,311,0
568057,84,84,218,31,-178,1626,-92,-891,260,-92,110,302,312,0
571414,85,85,218,350,992,1483,306,-865,229,-76,235,302,295,0
574726,86,86,0,0,2385,1476,750,-829,100,82,-93,297,298,0
578061,86,87,425,162,3704,2560,1060,-791,96,62,76,273,287,0
581415,87,87,443,256,4406,3097,1142,-761,105,-106,104,272,282,0
584729,88,88,425,162,5281,2693,1510,-732,-100,-94,44,273,287,0
588064,89,89,331,200,5394,2484,1797,-713,-213,-166,228,278,285,0
591416,90,90,275,312,4572,2094,1868,-712,-715,-133,285,281,279,0
594732,90,91,500,218,1653,1864,1501,-739,-440,-88,501,269,268,0
598067,91,91,106,537,-1779,1916,1051,-782,-275,-231,474,290,267,0
601416,92,92,275,931,-2793,1251,522,-842,-369,-131,558,281,246,0
604735,93,93,612,1137,-4007,648,-343,-917,-144,-189,694,263,235,0
608070,93,93,987,1268,-4850,-360,-1001,-992,-179,-222,552,259,244,0
611416,94,94,556,1081,-4349,-972,-1146,-1056,-175,-165,523,266,238,0
614739,95,95,593,931,-4101,-1510,-1352,-1102,-409,-160,381,264,246,0
618074,96,95,631,1081,-5143,-2715,-1660,-1132,-79,-17,155,280,272,0
621416,97,96,331,912,-5121,-3386,-1433,-1128,-151,-54,243,296,281,0
624743,97,97,481,725,-5107,-3715,-1316,-1097,-53,53,140,304,291,0
628076,98,98,462,706,-4711,-3932,-1291,-1047,93,-4,235,305,292,0
631417,99,99,500,706,-3655,-3558,-1138,-984,74,183,189,303,292,0
634745,100,100,162,312,-3099,-3062,-1012,-906,-3,39,47,305,297,0
638103,101,101,312,556,-2864,-2495,-956,-819,-38,181,147,313,300,0
641438,102,102,143,181,-2853,-2148,-860,-720,-31,55,-31,306,304,0
644748,103,103,0,125,-2838,-1959,-639,-626,-24,10,79,319,307,0
648106,104,103,0,443,-3066,-1862,-393,-528,165,-26,10,319,306,0
651441,105,104,312,368,-2614,-1531,-52,-426,284,14,223,297,310,0
654751,106,105,331,462,-1388,-1025,523,-323,250,44,68,296,305,0
658110,107,106,218,275,166,-429,1162,-213,163,-48,130,297,310,0
661442,107,107,537,387,952,-42,1485,-106,283,206,64,296,304,0
664755,108,108,387,0,2036,679,1727,-4,289,31,158,288,309,0
668113,109,109,575,0,3917,2026,2196,99,273,101,210,278,315,0
671441,110,110,256,87,5272,2673,2437,198,193,49,85,295,304,0
674758,111,111,425,181,6395,3343,2581,282,301,148,145,286,299,0
678116,112,112,593,181,8198,4094,2627,354,178,144,-63,277,299,0
681442,112,113,1006,256,8877,4616,2448,407,61,45,131,271,295,0
684761,113,114,800,31,8986,4762,2178,442,-43,-127,89,266,291,0
688120,114,115,800,331,8511,3229,1532,454,-241,-141,213,266,275,0
691442,115,115,1156,818,6962,1930,1000,438,4,-20,393,247,265,0
694764,115,116,1193,1418,5826,557,734,405,-579,-239,360,261,233,0
698122,116,117,1362,1437,880,-1718,-341,336,-718,-303,380,257,237,0
701442,117,117,1287,1531,-3595,-3619,-919,260,-314,1,514,261,248,0
704767,118,118,1193,1456,-6050,-4771,-1494,181,-61,56,349,266,252,0
708125,118,119,1493,1062,-6746,-5354,-1881,106,113,308,403,266,273,0
711442,119,119,743,743,-6062,-4825,-2090,51,209,373,312,290,290,0
714771,120,120,443,612,-4408,-3808,-1956,21,4,368,297,306,297,0
718130,121,121,350,668,-3514,-1508,-1451,12,91,230,357,311,294,0
721464,122,122,218,350,-2946,66,-1242,15,15,189,241,318,311,0
724774,123,123,237,518,-2719,1309,-1092,33,148,73,341,317,302,0
728129,124,124,256,368,-1835,1672,-376,66,-156,19,72,316,310,0
731464,125,125,350,331,-2399,2089,-156,102,158,16,145,311,312,0
734777,126,126,68,0,-2203,2092,9,143,-23,-13,22,310,314,0
738161,127,127,293,12,-1399,2231,229,186,247,-105,133,296,311,0
741468,128,128,0,0,-191,2158,370,229,164,117,-57,301,299,0
744780,128,129,462,181,1171,2646,661,279,169,91,-44,287,286,0
748133,129,130,687,256,2396,3910,1028,338,51,-16,33,275,282,0
751468,130,130,631,406,3037,3819,1257,398,-115,-64,83,278,290,0
754783,131,131,350,0,3024,3693,1533,458,252,-99,147,277,296,0
758134,132,132,293,0,4944,3062,2081,525,-42,-42,68,280,299,0
761468,133,133,275,218,5616,2830,2090,573,2,-92,151,281,284,0
764787,133,134,631,218,5803,2857,1980,599,-302,-20,85,278,284,0
768134,134,135,631,593,4699,3403,1702,606,-678,-15,268,278,264,0
771468,135,135,50,575,945,3079,1616,602,-593,-323,436,293,265,0
774790,136,136,218,1156,-2463,1412,848,560,-514,-262,461,284,234,0
778134,137,137,650,1325,-5857,-629,351,495,-270,-159,576,261,225,0
781468,137,137,1175,1681,-7151,-1358,76,417,5,-54,555,267,240,0
784794,138,138,856,1193,-6368,-2102,-113,331,-51,-40,497,284,266,0
788134,139,139,650,1175,-5231,-2670,-374,243,-126,128,427,295,267,0
791469,140,140,87,575,-5047,-2724,-855,148,-334,43,28,309,283,0
794797,141,141,143,256,-6276,-2785,-1221,62,-127,142,216,306,300,0
798135,142,141,275,668,-6526,-2190,-1325,-10,-36,100,125,299,294,0
801469,143,142,106,687,-5616,-2054,-1339,-74,284,114,411,308,293,0
804799,144,143,0,650,-3429,-1370,-1203,-101,236,113,240,314,295,0
808158,144,144,518,425,-1087,-583,-1002,-104,82,24,152,302,307,0
811490,145,145,312,612,-430,-173,-1164,-94,-138,43,-62,313,297,0
814803,146,146,68,443,-381,-47,-883,-62,56,-51,-72,310,290,0
818160,147,147,181,125,-543,224,-833,-23,202,186,45,304,307,0
821494,148,148,106,87,-48,527,-708,15,155,3,-60,308,309,0
824806,149,149,0,0,891,1011,-508,44,130,12,107,310,309,0
828159,150,150,87,0,2042,1559,-188,77,110,-102,-48,304,311,0
831494,151,151,293,50,2869,1798,-57,110,129,8,243,293,306,0
834809,152,152,500,0,3449,2000,133,126,196,-30,129,282,316,0
838160,152,153,856,125,4652,2072,85,133,250,-114,248,279,302,0
841494,153,153,593,200,5889,1774,162,138,256,-92,182,277,298,0
844812,154,154,481,143,7233,1014,245,138,40,-139,270,283,301,0
848160,155,155,743,350,7590,297,188,133,-98,43,316,269,290,0
851494,156,156,800,856,6647,-398,-81,110,-326,-81,280,266,263,0
854815,156,157,1137,1025,4391,-918,-822,52,-454,-219,494,264,254,0
858160,157,157,1006,1250,454,-1754,-1084,-20,-355,-133,503,271,258,0
861526,158,158,1118,1512,-1844,-2640,-1291,-109,-189,-15,384,270,249,0
864819,159,159,968,1156,-3376,-2760,-1590,-223,3,84,523,262,252,0
868161,159,160,1081,875,-4018,-2412,-1853,-347,150,173,454,272,267,0
871495,160,160,1137,1118,-3554,-1659,-1937,-469,85,101,451,269,270,0
874822,161,161,818,818,-3197,-369,-1698,-575,78,248,342,286,286,0
878161,162,162,781,556,-2738,177,-1352,-668,-7,184,265,288,300,0
881495,163,163,800,481,-2879,588,-850,-721,26,175,288,287,304,0
884825,164,164,781,443,-2693,689,-435,-746,35,125,90,288,306,0
888182,164,165,950,481,-2427,717,-336,-759,22,7,136,295,304,0
891518,165,166,237,68,-2002,669,-268,-763,-80,-64,-78,317,310,0
894828,166,167,218,31,-1736,521,-461,-766,37,-93,14,318,312,0
898186,167,168,200,0,-2576,415,-282,-748,-74,16,-17,319,315,0
901519,168,169,387,31,-2963,79,11,-710,75,1,65,309,312,0
904832,169,170,0,0,-3646,-10,326,-658,194,-111,-15,318,309,0
908185,170,171,293,68,-2161,-26,619,-597,54,135,57,296,292,0
911519,171,171,200,181,-1727,892,531,-543,66,51,123,285,286,0
914835,172,172,181,293,-1186,1324,687,-490,-49,-77,41,286,280,0
918186,173,173,181,162,-1148,1263,947,-424,80,-104,140,286,287,0
921521,174,174,406,162,-246,695,1243,-358,150,3,55,274,287,0
924838,174,175,500,0,1173,240,1310,-291,258,-86,161,269,285,0
928186,175,176,406,0,2538,-175,1333,-227,369,-76,134,274,280,0
931520,176,177,556,0,4193,-500,1308,-170,100,127,173,266,298,0
934841,177,177,575,31,5276,531,1506,-117,278,103,176,265,294,0
938187,177,178,837,256,6589,1397,1589,-66,-308,90,167,267,282,0
941520,178,179,275,462,5884,2197,1431,-25,-548,81,289,281,255,0
944844,179,180,143,818,1978,2130,1216,9,-592,-57,450,288,236,0
948187,180,180,350,1662,-1261,1204,872,31,-614,-172,506,295,225,0
951520,181,181,350,1437,-4364,256,747,47,-298,-95,782,295,237,0
954848,182,182,706,1531,-6220,-1026,404,54,11,24,738,292,248,0
958187,182,182,650,1343,-5824,-1860,284,65,139,112,736,295,258,0
961520,183,183,500,1175,-4614,-2038,96,94,-175,218,449,303,267,0
964851,184,184,125,931,-4168,-1462,-96,125,-376,132,136,307,264,0
968208,185,185,331,1062,-5414,-589,-336,155,-168,56,169,312,273,0
971520,186,185,31,762,-5825,240,-496,189,79,107,109,312,289,0
974854,187,186,331,443,-4191,1158,-271,238,182,108,397,296,306,0
978212,188,187,12,500,-2550,1691,-183,293,227,17,40,313,303,0
981545,189,188,0,368,-1205,1967,-60,344,170,-159,129,315,310,0
984858,190,189,293,406,736,1936,-27,386,46,8,-41,298,308,0
988212,191,190,162,293,1185,2222,155,417,187,-139,75,300,309,0
991548,191,191,387,368,2229,2387,274,439,111,50,-54,304,305,0
994860,192,192,218,256,3336,2671,33,451,195,-52,-29,297,295,0
998213,193,193,387,0,4186,2502,68,461,124,-45,77,288,311,0
1001553,194,194,256,12,5037,1857,1,476,216,-263,6,295,308,0
1004863,195,195,425,0,5984,1072,-256,477,3,-149,190,286,314,0
1008213,196,196,462,0,5809,470,-463,462,-68,-174,83,284,312,0
1011554,197,197,443,162,5296,-248,-762,428,130,-148,219,285,300,0
1014867,197,198,537,0,5557,-1334,-847,382,181,-105,112,280,299,0
1018212,198,199,556,631,5904,-1860,-990,334,-216,-183,154,279,259,0
1021554,199,199,481,725,4446,-2020,-1419,269,-313,-229,266,283,270,0
1024870,200,200,387,818,1641,-2965,-1877,180,-320,-77,276,288,265,0
1028213,201,201,1268,1250,-400,-3495,-2045,78,-92,-41,357,294,295,0
1031554,202,202,856,1193,-1300,-4055,-1991,-25,-132,-95,205,316,298,0
1034874,203,203,631,1193,-2494,-4022,-2096,-132,-25,173,469,328,298,0
1038213,204,203,912,1231,-3072,-3285,-2095,-238,-95,201,286,313,312,0
1041555,204,204,781,875,-3658,-2590,-1992,-347,-220,194,447,320,315,0
1044877,206,205,818,968,-4768,-1246,-1542,-445,34,265,263,318,310,0
1048235,207,206,481,762,-5038,-58,-1267,-530,102,113,336,320,321,0
1051555,207,207,687,556,-4648,905,-752,-591,275,295,188,325,332,0
1054879,208,209,800,462,-3646,1525,-172,-624,258,139,294,319,337,0
1058238,210,210,368,143,-2789,1799,119,-643,110,79,33,326,338,0
1061555,210,211,762,50,-2226,1620,436,-642,-15,-70,132,321,343,0
1064883,211,212,350,0,-2188,1512,751,-628,18,0,42,327,343,0
1068267,212,213,218,0,-1771,1089,900,-603,248,-132,215,332,333,0
1071556,213,214,125,0,-896,1098,1279,-560,176,128,61,321,314,0
1074886,214,215,481,162,698,1947,1874,-491,166,112,20,302,303,0
1078239,215,216,837,181,1199,2679,1940,-414,264,-80,121,283,302,0
1081556,216,217,612,87,2685,2277,2130,-339,-13,-55,76,295,307,0
1084890,217,218,387,106,3527,2097,2520,-255,283,-143,123,291,306,0
1088239,218,219,350,0,5366,1561,2922,-162,79,-127,24,293,309,0
1091582,219,219,406,106,6199,1328,2829,-72,35,-17,27,290,306,0
1094892,220,220,631,50,7005,1248,2699,6,-418,90,67,294,309,0
1098239,220,221,500,500,5694,1832,2719,82,-476,-216,356,301,285,0
1101582,221,222,293,875,2620,1384,2373,156,-647,-216,374,296,249,0
1104896,222,223,425,1231,-2047,-341,1350,196,-598,-121,517,289,230,0
1108239,223,223,406,1437,-5213,-1036,857,222,-403,-114,565,290,235,0
1111581,224,224,800,1643,-7062,-1667,418,243,-100,73,552,287,242,0
1114899,225,225,687,1137,-6805,-1953,-215,251,39,45,711,293,269,0
1118240,226,225,368,1156,-5658,-1997,-737,252,-310,94,321,310,284,0
1121582,226,226,218,743,-5637,-2204,-1334,237,-283,158,289,318,290,0
1124902,227,227,293,706,-6526,-1747,-1514,220,-424,191,-41,314,292,0
1128240,228,228,237,650,-7477,-1297,-1646,213,281,126,280,317,295,0
1131583,229,229,462,781,-6661,-793,-1751,217,213,186,282,305,288,0
1134905,230,230,293,406,-4335,304,-1444,236,205,163,169,314,308,0
1138261,231,231,293,331,-2876,1046,-1574,249,135,69,202,314,312,0
1141583,232,232,218,293,-1854,1338,-1388,271,243,-73,41,318,314,0
1144908,233,233,0,31,-520,1821,-1275,297,278,111,162,321,312,0
1148265,234,234,162,31,948,2502,-855,332,190,-54,52,305,312,0
1151583,235,235,143,50,2191,3307,-487,365,287,-15,153,306,311,0
1154912,236,236,87,0,3897,3649,-13,404,334,-117,47,304,319,0
1158264,237,237,312,0,5455,3509,110,431,191,-140,293,292,312,0
1161583,238,238,481,0,6568,3148,216,444,153,-176,161,283,319,0
1164916,238,239,912,331,7544,2008,-109,436,120,-172,212,276,307,0
1168265,239,239,743,200,8071,1051,-249,415,286,-152,173,285,314,0
1171608,240,240,556,162,8849,-333,-389,379,-135,-166,137,279,300,0
1174918,241,241,593,462,7651,-1501,-701,329,-90,-103,258,277,284,0
1178266,242,242,593,743,6024,-2362,-1279,249,-354,-5,224,277,269,0
1181611,242,243,818,1043,3600,-2916,-1981,129,-403,-198,383,281,253,0
1184922,243,243,725,1137,145,-4114,-2541,-10,-72,-74,236,286,264,0
1188266,244,244,743,1306,-883,-4805,-2659,-160,-222,102,143,285,255,0
1191642,245,245,668,1550,-2453,-4638,-3039,-333,-201,148,297,294,247,0
1194924,246,246,331,856,-4347,-3656,-3246,-526,-76,222,226,296,268,0
1198266,247,247,200,518,-5014,-2558,-3338,-719,-35,241,326,303,286,0
1201612,248,247,162,800,-5337,-1459,-3007,-897,-8,331,182,305,287,0
1204928,248,248,706,612,-5770,-91,-2715,-1067,173,203,326,292,297,0
1208266,249,249,612,406,-5086,713,-2295,-1213,231,191,279,297,308,0
1211611,250,250,537,518,-4073,1067,-1743,-1310,237,76,291,301,302,0
1214931,251,251,537,612,-2677,1492,-1384,-1380,175,94,277,301,297,0
1218289,252,252,368,350,-1518,1535,-932,-1422,-4,-67,46,310,311,0
1221612,253,253,443,0,-969,1484,-548,-1432,-36,-54,163,290,321,0
1224934,254,254,181,0,-713,1132,-45,-1411,13,-14,25,304,320,0
1228289,255,255,68,0,-525,951,269,-1361,226,-60,179,310,314,0
1231613,256,256,293,256,532,914,651,-1293,143,1,-37,298,300,0
1234937,256,257,387,68,2224,1644,1116,-1207,81,102,111,291,292,0
1238290,257,258,612,181,2752,2590,1189,-1115,121,-43,94,279,286,0
1241613,258,258,143,200,3644,2525,1401,-1026,-66,-140,127,288,285,0
1244940,259,259,256,143,4392,2283,1752,-922,43,-128,130,282,288,0
1248289,260,260,143,68,4934,1924,1863,-820,-334,43,146,288,292,0
1251613,260,261,631,181,3891,2215,1658,-729,-163,-56,326,278,286,0
1254944,261,262,312,68,2401,3026,1411,-658,-343,-82,378,279,276,0
1258290,262,263,387,406,665,3048,1067,-609,-477,-281,518,275,258,0
1261613,263,263,462,912,-2272,2171,746,-585,-281,-284,636,271,247,0
1264947,264,264,668,1118,-4125,60,325,-579,-309,-190,569,260,236,0
1268290,264,265,1100,1156,-5045,-919,110,-582,39,-39,631,253,234,0
1271615,265,265,593,968,-4794,-1483,-10,-579,67,-11,535,264,244,0
1274950,266,266,725,800,-3460,-2413,-254,-579,-104,-53,402,257,253,0
1278290,267,267,668,818,-3746,-2812,-441,-581,-242,-20,270,278,270,0
1281619,267,267,631,856,-4471,-2853,-554,-576,-11,165,129,296,284,0
1284953,268,268,387,687,-4474,-2858,-599,-555,16,66,187,309,293,0
1288291,269,269,537,650,-4107,-2679,-718,-515,49,104,151,301,295,0
1291623,270,270,481,668,-3305,-2518,-673,-457,103,27,161,304,294,0
1294956,271,271,0,275,-2318,-1851,-500,-390,63,164,172,314,299,0
1298315,272,272,181,556,-1785,-1464,-487,-310,47,120,-2,320,300,0
1301625,273,273,12,331,-1581,-1174,-350,-219,52,159,109,313,296,0
1304959,274,274,0,143,-1086,-950,-239,-123,20,90,-47,315,306,0
1308315,275,275,218,125,-1236,-743,-87,-31,50,-9,90,302,307,0
1311629,276,276,125,218,-1040,-296,105,56,153,17,-52,307,318,0
1314963,277,277,387,331,-26,233,219,134,81,-72,79,309,312,0
1318318,278,277,256,87,536,386,233,196,62,22,-35,295,320,0
1321632,278,278,518,256,1082,314,-16,239,124,13,40,297,311,0
1324966,279,279,87,0,1963,818,-46,267,158,-1,60,304,317,0
1328324,280,280,237,12,2833,1211,11,284,23,12,68,296,308,0
1331635,281,281,181,68,3216,1945,83,288,305,103,170,299,305,0
1334969,282,282,425,256,4948,2540,41,281,134,42,82,286,295,0
1338325,283,283,837,125,5872,3077,67,263,201,8,193,264,302,0
1341638,283,284,1100,237,6786,3186,251,236,23,-17,165,266,296,0
1344972,284,285,706,200,7128,2529,-121,195,3,-35,269,271,282,0
1348325,285,286,1006,650,6536,1704,-356,140,-85,7,343,255,258,0
1351641,286,286,987,1175,5811,-130,-752,62,-370,-30,337,256,246,0
1354975,286,287,1325,1568,2485,-1107,-1092,-30,-417,-241,427,254,225,0
1358325,287,287,1325,1643,-316,-2362,-1268,-121,-477,12,506,259,242,0
1361644,288,288,1006,1568,-3288,-3687,-1738,-220,-73,178,457,276,246,0
1364979,289,289,1456,1531,-5257,-3779,-1975,-315,88,223,523,268,248,0
1368326,289,290,1268,1175,-5171,-3360,-2069,-403,146,381,465,278,267,0
1371647,290,290,856,781,-4463,-2085,-2037,-476,163,314,475,284,288,0
1374983,291,291,725,593,-3099,-914,-1617,-530,223,371,424,291,298,0
1378326,292,292,593,537,-2171,30,-1230,-569,-34,287,254,298,301,0
1381651,293,293,331,481,-1995,1348,-776,-585,170,117,294,312,304,0
1384985,294,294,500,387,-1738,1552,-427,-584,-45,45,138,303,309,0
1388326,295,295,368,256,-1807,1509,-53,-569,-41,-117,99,310,316,0
1391654,296,296,331,237,-2099,1176,477,-535,0,40,-39,312,317,0
1394988,297,297,462,0,-2089,1274,552,-495,119,-60,81,305,319,0
1398355,297,298,237,0,-1662,1160,813,-449,94,41,-69,315,312,0
1401657,298,299,256,12,-765,1365,1138,-398,284,152,121,298,295,0
1404991,299,300,481,200,332,2348,1325,-341,-42,-41,-16,286,285,0
1408327,300,301,593,125,791,2712,1591,-281,55,-42,155,280,289,0
1411660,301,301,556,443,1116,2668,1864,-215,240,-106,231,282,288,0
1414996,302,302,181,0,3068,2025,2275,-141,-94,-75,16,286,298,0
1418352,303,303,181,0,3348,1814,2445,-68,200,-56,187,286,300,0
1421663,303,304,556,200,4284,1475,2362,-1,2,161,125,282,285,0
1424998,304,305,593,218,4954,2018,2157,58,-73,169,136,280,284,0
1428352,305,306,462,350,4738,3088,2137,126,-371,-54,202,287,277,0
1431667,306,307,181,68,2227,3080,1675,179,-570,-154,333,286,276,0
1435001,307,307,218,1025,-1138,2121,1098,213,-303,-209,433,284,241,0
1438352,308,308,331,1212,-3140,693,682,232,-486,-223,467,278,231,0
1441670,308,309,1156,1568,-5508,-296,277,239,-250,-158,530,268,246,0
1445004,309,309,650,1343,-6125,-1325,20,238,7,-122,476,295,258,0
1448354,310,310,593,893,-5565,-2366,-97,227,-168,-19,409,298,282,0
1451673,311,311,12,425,-5334,-2675,-353,220,-188,59,225,313,291,0
1455007,312,312,0,350,-5611,-2741,-635,211,-200,87,72,315,295,0
1458353,313,313,181,425,-5794,-1980,-654,214,-111,126,168,304,291,0
1461676,314,313,0,518,-5761,-1571,-1011,217,127,65,47,314,302,0
1465011,315,314,0,593,-4521,-1250,-1153,220,275,63,292,314,298,0
1468353,316,315,12,425,-2744,-611,-1083,241,103,67,43,313,307,0
1471680,317,316,0,518,-1829,-48,-1060,269,5,-63,142,316,302,0
1475014,318,317,162,87,-1296,74,-1016,302,197,111,87,305,309,0
1478354,318,318,218,0,-494,318,-739,343,257,57,196,302,317,0
1481683,319,319,218,162,1201,1299,-387,381,266,113,95,302,305,0
1485017,320,320,12,31,2463,1992,-120,416,190,-54,68,308,307,0
1488353,321,321,106,106,3249,2316,4,440,287,-79,199,303,303,0
1491686,322,322,350,256,4881,1952,166,459,193,-214,161,290,295,0
1495020,323,323,537,87,6006,1859,130,465,68,-49,355,280,304,0
1498378,323,324,968,256,6349,1499,-25,449,179,-106,186,273,295,0
1501689,324,325,762,106,6992,518,10,432,120,-188,338,268,287,0
1505023,325,325,593,462,7213,-127,-13,406,-116,-220,370,277,284,0
1508382,326,326,518,668,5884,-987,-716,348,-333,-241,471,281,273,0
1511692,327,327,631,1100,2390,-1808,-1463,261,-282,-242,564,275,250,0
1515027,327,328,1043,1043,329,-2820,-1903,152,-21,-101,421,269,253,0
1518382,328,328,1100,1512,-540,-3436,-2219,24,-145,-104,419,266,244,0
1521696,329,329,931,1662,-1956,-3039,-2433,-122,-130,170,559,280,241,0
1525030,330,330,725,912,-2622,-2110,-2791,-286,136,50,388,275,265,0
1528387,331,331,687,668,-2421,-1621,-2705,-444,4,160,455,277,278,0
1531699,331,331,931,762,-2566,-605,-2247,-582,16,154,213,280,289,0
1535034,332,332,818,743,-2893,280,-2188,-717,102,44,270,286,290,0
1538391,333,333,631,575,-2698,742,-1781,-825,135,73,190,296,299,0
1541702,334,334,518,612,-2084,695,-1502,-906,33,80,101,302,297,0
1545036,335,335,368,425,-2101,743,-1443,-972,19,13,85,310,307,0
1548391,336,336,462,331,-2111,628,-1285,-1021,-46,67,-67,305,312,0
1551705,337,337,0,87,-2183,686,-1317,-1063,-104,-65,87,315,309,0
1555040,338,338,0,0,-2489,479,-1241,-1099,-190,15,-89,318,317,0
1558391,339,339,12,0,-3498,333,-1004,-1119,-119,40,63,313,321,0
1561709,340,340,0,0,-4463,114,-737,-1122,67,-1,-164,317,317,0
1565043,340,341,143,0,-4256,198,-566,-1119,11,75,-5,304,306,0
1568391,341,342,162,256,-3672,815,-443,-1102,103,267,-14,303,282,0
1571712,342,342,87,143,-2490,1684,-358,-1077,41,-45,88,291,288,0
1575047,343,343,87,218,-2125,1642,-201,-1049,135,-77,88,291,284,0
1578391,344,344,368,125,-1046,991,17,-1016,-11,-118,0,276,289,0
1581715,345,345,500,200,-260,396,94,-981,245,-83,198,269,285,0
1585049,345,346,725,0,1384,-61,143,-953,128,-189,110,257,283,0
1588392,346,347,500,0,2825,-478,59,-939,102,56,192,269,282,0
1591719,347,347,556,0,4482,-108,252,-928,290,157,205,266,298,0
1595053,348,348,518,50,6367,289,337,-917,-94,123,145,268,293,0
1598392,348,349,893,275,6871,1174,210,-916,-115,92,251,264,281,0
1601722,349,350,312,425,6302,1752,-45,-922,-347,121,282,279,257,0
1605055,350,351,331,725,4501,1915,41,-919,-617,-117,404,278,241,0
1608414,351,351,406,1625,1616,1643,128,-916,-755,-50,557,292,227,0
1611724,352,352,350,1493,-3476,25,-39,-917,-671,-101,597,295,234,0
1615059,353,353,631,1737,-6578,-1232,-49,-896,-173,27,726,296,237,0
1618417,353,353,612,1418,-7327,-2001,-21,-851,114,208,646,297,254,0
1621728,354,354,687,1343,-5638,-2031,-69,-793,25,265,543,293,258,0
1625062,355,355,87,837,-4426,-1488,80,-722,-212,340,401,309,269,0
1628417,356,355,218,1193,-4782,-632,148,-641,-344,187,-74,318,282,0
1631731,357,356,0,781,-6676,471,-68,-556,-160,114,89,328,288,0
1635066,358,357,12,687,-6492,973,-229,-478,251,107,183,313,293,0
1638418,359,358,0,650,-4711,1918,50,-407,216,53,308,315,295,0
1641734,360,359,256,275,-2249,2285,288,-329,-13,-22,47,300,315,0
1645069,361,360,162,275,-1347,2403,379,-262,194,-151,145,305,315,0
1648417,362,361,31,87,-185,2154,501,-199,247,1,-3,307,320,0
1651737,363,362,293,200,1814,2467,513,-138,274,-91,124,293,314,0
1655071,363,363,537,0,3356,2589,524,-81,175,20,107,280,314,0
1658418,364,364,443,0,4214,2368,589,-22,168,-205,113,285,314,0
1661741,365,365,143,0,5201,1687,368,27,180,-108,215,301,312,0
1665075,366,366,275,0,5910,970,174,64,150,-187,72,294,311,0
1668418,367,367,275,106,6039,322,-81,85,99,-97,243,294,303,0
1671743,368,368,462,237,6106,-785,-489,87,143,-151,94,284,296,0
1675079,368,369,631,0,6596,-1334,-579,83,13,-243,152,275,302,0
1678418,369,369,443,556,6504,-1710,-837,68,-38,-73,123,285,279,0
1681747,370,370,237,762,4503,-2086,-1649,23,-368,-214,214,296,268,0
1685081,371,371,312,856,1963,-2545,-2120,-43,-222,-128,326,292,263,0
1688439,372,372,237,987,168,-3407,-2335,-119,-231,-11,136,301,261,0
1691750,373,373,650,1043,-1788,-3737,-2614,-205,-137,-89,258,279,274,0
1695085,373,373,875,1137,-2849,-3633,-2692,-291,-143,256,268,283,269,0
1698443,374,374,781,987,-3735,-3063,-2798,-387,63,154,355,288,277,0
1701753,375,375,387,631,-4370,-2009,-2753,-483,-102,323,362,293,280,0
1705088,376,376,425,443,-4708,-1200,-2480,-567,31,243,262,291,290,0
1708443,377,377,256,350,-4905,-256,-2313,-638,137,233,381,300,295,0
1711756,378,378,350,387,-4165,749,-1796,-695,156,47,170,295,309,0
1715091,379,379,612,462,-3301,1231,-1394,-743,146,58,308,297,305,0
1718444,379,379,668,462,-2272,1648,-906,-770,134,90,158,294,305,0
1721759,380,380,818,387,-795,1795,-256,-777,13,-119,160,286,309,0
1725094,381,381,181,0,-214,1878,321,-766,109,-84,84,304,315,0
1728472,382,382,500,0,610,1661,875,-736,9,-103,124,285,312,0
1731763,383,383,143,0,1450,1608,1440,-694,248,-123,186,288,308,0
1735097,384,384,312,87,3037,1390,1894,-639,101,16,33,279,291,0
1738444,384,385,725,406,4172,2048,2097,-572,103,65,125,273,274,0
1741767,385,386,818,331,5291,2843,2260,-494,79,-81,98,268,278,0
1745101,386,387,368,0,6134,2842,2439,-419,-192,-108,28,276,285,0
1748444,387,387,293,162,6004,2954,2527,-349,-100,-125,116,280,287,0
1751769,388,388,368,143,5478,2855,2489,-283,-677,-44,213,276,288,0
1755103,389,389,256,350,2578,3206,2077,-234,-506,-165,400,282,277,0
1758445,389,390,593,593,-552,3218,1406,-206,-508,-242,423,280,264,0
1761772,390,391,312,631,-4103,2028,714,-200,-406,-292,484,279,246,0
1765107,391,391,293,931,-5598,837,145,-214,-179,-220,525,280,246,0
1768465,392,392,593,931,-6225,-411,-549,-243,67,-129,522,264,246,0
1771775,392,393,1306,1118,-5553,-1643,-915,-277,-85,-219,461,260,254,0
1775134,393,393,1100,931,-4832,-2361,-1013,-306,-142,-28,334,271,280,0
1778466,394,394,706,800,-4045,-2991,-1280,-331,-229,-126,180,292,287,0
1781779,395,395,256,612,-4798,-3548,-1286,-353,-21,144,196,300,281,0
1785137,396,396,162,668,-4763,-3799,-1288,-367,-34,131,120,305,278,0
1788470,397,397,125,725,-4450,-3806,-1547,-364,215,173,357,307,275,0
1791782,398,397,68,725,-2999,-3106,-1608,-348,99,196,176,310,291,0
1795140,398,398,687,687,-2216,-2348,-1331,-316,-44,34,215,293,293,0
1798470,399,399,462,556,-2109,-1802,-1209,-272,98,205,160,305,300,0
1801786,400,400,256,593,-1770,-1395,-1118,-223,93,9,156,316,298,0
1805143,401,401,331,406,-1450,-993,-946,-165,-58,7,-64,312,308,0
1808469,402,402,12,256,-1460,-850,-734,-102,-31,-65,19,313,300,0
1811788,403,403,200,275,-1583,-516,-413,-38,206,136,61,303,299,0
1815146,404,404,87,31,-766,160,62,36,212,-81,14,304,307,0
1818470,405,405,87,12,304,696,484,107,103,-31,95,304,308,0
1821792,406,406,87,87,1213,961,653,171,185,82,-50,304,304,0
1825150,407,407,162,50,1879,1666,686,221,198,79,184,300,306,0
1828470,408,408,425,162,2850,2727,709,251,255,49,100,286,300,0
1831795,408,409,518,0,4359,3685,847,267,261,-88,175,281,300,0
1835152,409,409,743,31,5654,3971,968,270,147,-50,144,269,307,0
1838471,410,410,631,218,6984,3460,795,250,-28,-118,178,275,297,0
1841798,411,411,1006,350,6920,2294,558,208,116,-229,383,255,290,0
1845153,411,412,1343,687,7001,765,284,152,-121,-23,346,253,272,0
1848470,412,413,1212,1306,6121,-896,-289,72,-265,-178,397,260,239,0
1851801,413,413,2187,2468,3149,-1920,-905,-32,-362,-205,473,261,246,0
1855157,414,414,1512,1718,291,-3450,-1392,-154,-434,28,433,297,286,0
1858492,415,415,1137,1643,-2630,-4718,-2119,-298,117,-56,418,301,274,0
1861804,416,416,1437,1512,-4284,-5047,-2450,-440,123,179,358,301,281,0
1865161,416,417,1400,1100,-4595,-4648,-2725,-569,55,324,490,303,303,0
1868497,417,418,1175,743,-4912,-3451,-2637,-673,203,459,326,315,322,0
1871808,418,419,1100,556,-4343,-2292,-2231,-748,90,280,384,319,332,0
1875161,419,420,1175,781,-4217,-727,-1801,-787,223,254,297,315,320,0
1878497,420,421,725,556,-3564,837,-1519,-806,188,144,330,339,332,0
1881811,421,422,368,50,-3169,1540,-1125,-809,283,78,218,342,343,0
1885162,422,423,443,12,-2451,1752,-910,-798,-2,-18,83,338,345,0
1888496,423,424,481,50,-2984,1932,-680,-779,-213,-102,-15,336,343,0
1891814,424,425,425,125,-3365,1518,-342,-749,-71,-20,191,339,339,0
1895162,426,426,0,0,-3387,1241,12,-700,-25,-42,-74,338,340,0
1898496,427,427,0,31,-2227,1281,-17,-651,292,98,89,332,326,0
1901817,428,428,50,0,-956,2183,378,-597,-69,128,-85,309,317,0
1905163,428,429,631,50,-1059,3057,303,-550,27,-69,90,294,309,0
1908497,429,430,556,106,-1023,2882,509,-499,27,-81,102,298,306,0
1911821,430,431,631,162,126,2364,970,-439,14,-68,73,294,303,0
1915162,431,432,556,237,1020,2294,1294,-376,402,-203,128,298,299,0
1918497,432,433,312,0,3385,1070,1233,-324,60,-46,75,295,305,0
1921823,433,434,443,0,4436,774,1043,-294,212,-31,97,288,311,0
1925163,434,435,293,0,5538,794,1191,-272,-26,159,-49,296,300,0
1928498,434,435,725,256,6246,1817,1249,-253,49,95,24,289,298,0
1931827,435,436,425,31,6531,1835,1176,-238,-161,45,80,289,294,0
1935212,436,437,1193,1325,5908,1640,1093,-226,-450,-165,83,282,259,0
1938518,437,438,575,1118,2826,646,1159,-216,-763,-129,389,299,254,0
1941830,438,439,293,1325,-1408,-408,1212,-208,-666,-134,500,314,259,0
1945188,439,439,218,1343,-5922,-1442,972,-203,-196,-48,467,318,258,0
1948522,440,440,312,1475,-7756,-2864,400,-208,-179,262,416,313,251,0
1951833,441,441,312,968,-7922,-2534,74,-214,112,305,580,313,278,0
1955188,442,442,350,743,-6561,-1824,-265,-214,-142,183,372,311,290,0
1958523,443,442,237,781,-5198,-935,-632,-205,-332,56,259,317,304,0
1961837,444,443,0,612,-6489,-776,-661,-182,-36,252,-36,325,297,0
1965189,445,444,0,462,-6088,167,-862,-143,217,225,255,333,305,0
1968523,446,445,0,256,-4025,2596,-656,-87,223,15,353,318,316,0
1971840,447,446,387,443,-2119,3616,-169,-7,589,-188,416,309,306,0
1975188,447,447,650,218,889,3425,31,75,413,-290,188,295,318,0
1978523,448,448,781,125,4036,2616,346,156,396,-256,263,283,318,0
1981843,449,449,518,68,6242,2402,412,225,432,-142,315,297,321,0
1985189,450,450,650,68,8189,2106,359,284,108,-303,195,290,321,0
1988522,451,451,331,0,8072,1184,-127,315,-20,-203,294,291,317,0
1991846,452,452,556,31,7466,-10,-319,333,-167,-211,127,279,307,0
1995189,452,453,800,331,5997,-958,-598,336,162,-255,323,282,291,0
1998523,453,454,631,687,5005,-1847,-1624,296,-64,-183,292,291,272,0
2001849,454,455,668,893,3784,-2518,-2183,227,-278,-202,365,289,277,0
2005189,455,455,631,1175,1493,-3282,-2787,141,143,-195,279,291,262,0
2008523,456,456,275,818,962,-4226,-3078,33,-312,-91,198,294,265,0
2011852,457,457,312,912,-702,-4099,-3395,-82,-226,59,370,292,260,0
2015210,458,457,350,1081,-2216,-3291,-3752,-215,-73,134,271,290,267,0
2018545,458,458,743,1043,-2988,-2322,-3985,-370,67,92,268,290,274,0
2021855,459,459,575,931,-3317,-1421,-3698,-526,-182,352,207,299,280,0
2025213,460,460,612,875,-4246,-253,-3789,-683,66,107,168,297,283,0
2028547,461,461,406,743,-4736,707,-3519,-825,-59,202,217,308,290,0
2031859,462,462,181,275,-4955,948,-3218,-963,26,86,78,304,299,0
2035214,463,463,237,256,-5059,1194,-2960,-1095,143,123,146,301,300,0
2038547,464,464,406,125,-4801,1293,-2614,-1213,15,61,-32,292,307,0
2041862,464,465,593,368,-4778,1379,-2620,-1329,-20,-59,111,298,310,0
2045214,465,465,350,106,-4680,1408,-2374,-1439,96,37,-7,311,324,0
2048547,466,467,612,0,-4600,918,-1930,-1538,-118,-18,27,297,316,0
2051865,467,467,537,256,-5025,909,-1558,-1617,206,-96,89,301,316,0
2055214,468,468,500,218,-4074,903,-1048,-1662,203,21,117,303,318,0
2058576,469,469,200,218,-2150,1763,-370,-1676,240,43,121,301,300,0
2061868,470,470,181,106,-298,2725,8,-1667,92,-30,182,286,290,0
2065215,471,471,743,256,938,3487,502,-1632,299,-205,317,256,282,0
2068548,471,472,1043,256,3426,2368,1006,-1580,116,-217,151,256,282,0
2071871,472,473,706,162,5204,1377,1411,-1509,237,-137,156,274,287,0
2075215,473,473,687,87,6745,990,1422,-1444,241,-251,56,259,291,0
2078550,474,474,706,87,9283,321,1549,-1390,81,10,21,258,291,0
2081875,474,475,856,12,9636,523,1598,-1341,56,-108,-40,266,295,0
2085216,475,476,537,125,9988,820,1867,-1294,-622,238,143,283,289,0
2088548,476,477,406,706,7234,510,1905,-1247,-955,17,262,290,258,0
2091878,477,477,68,1043,2089,-648,1479,-1212,-702,-138,594,292,240,0
2095215,478,478,143,1418,-2378,-2128,1003,-1177,-659,26,545,288,220,0
2098549,478,479,687,1531,-6475,-2579,499,-1151,-293,-22,602,275,214,0
2101882,479,479,931,1662,-6898,-2558,20,-1132,3,-9,707,280,241,0
2105240,480,480,593,1268,-6147,-3160,-513,-1097,-70,121,647,298,262,0
2108573,481,481,406,1137,-4860,-2703,-1462,-1075,-179,80,352,308,269,0
2111884,482,482,50,781,-4905,-2939,-1795,-1044,-565,63,-35,311,272,0
2115240,483,482,200,1118,-6139,-2853,-1696,-1000,70,295,437,303,270,0
2118576,484,483,518,706,-5841,-1395,-1607,-944,-55,118,258,286,292,0
2121887,484,484,575,875,-5406,-458,-1389,-871,52,292,240,299,283,0
2125240,485,485,200,575,-4587,540,-1813,-803,49,355,91,319,299,0
2128576,486,486,312,593,-3604,1411,-2059,-752,245,47,119,313,298,0
2131891,487,487,200,556,-2354,1886,-2026,-696,-63,-24,51,319,300,0
2135241,488,488,443,312,-2596,1666,-2236,-656,55,-138,-72,306,313,0
2138582,489,489,106,0,-2554,1969,-1960,-617,272,45,107,308,314,0
2141894,490,490,256,0,-852,2108,-1833,-582,293,-69,83,300,321,0
2145241,491,491,50,0,976,2134,-1777,-556,-71,18,86,306,322,0
2148583,492,492,218,0,1224,2307,-1708,-527,-7,53,-190,297,318,0
2151897,493,493,237,0,959,2910,-1864,-511,228,10,151,296,325,0
2155241,494,494,406,0,1616,3548,-1778,-506,267,-59,157,287,309,0
2158582,494,495,1043,0,3041,3038,-1969,-519,271,-242,309,269,318,0
2161900,495,495,725,50,4103,2025,-1994,-549,445,-155,216,270,306,0
2165242,496,496,743,200,6307,839,-2059,-602,305,-98,261,269,298,0
2168583,497,497,837,50,8046,-52,-2109,-668,208,-231,220,264,306,0
2171904,497,498,1193,500,8514,-1258,-2238,-753,-70,-62,171,261,282,0
2175242,498,499,1025,856,7697,-2014,-2331,-858,-179,52,180,270,263,0
2178583,499,500,612,1025,5834,-2428,-2442,-978,-320,-143,269,292,254,0
2181907,500,500,631,1381,3696,-2845,-2391,-1097,-463,-102,147,296,256,0
2185264,501,501,687,1400,208,-3222,-2346,-1219,-129,44,333,293,255,0
2188583,502,502,387,1081,-2384,-3444,-1901,-1328,-191,198,211,293,256,0
2191910,502,503,818,1231,-3961,-3090,-1750,-1441,-71,279,401,286,264,0
2195266,503,503,762,1250,-5019,-1956,-1438,-1546,-27,280,355,289,263,0
2198584,504,504,725,931,-5854,-551,-994,-1623,52,236,366,291,280,0
2201913,505,505,612,856,-6054,438,-415,-1667,114,285,350,297,284,0
2205267,506,506,537,743,-5858,1343,11,-1683,98,59,143,301,290,0
2208584,507,507,481,406,-5248,2152,566,-1666,201,92,298,304,308,0
2211917,508,508,312,0,-3942,2400,1016,-1618,210,44,126,297,324,0
2215267,508,509,800,0,-2898,2242,1339,-1530,60,-15,238,287,318,0
2218609,509,510,537,0,-2229,1740,1785,-1418,13,-45,76,301,322,0
2221920,510,511,425,0,-1704,1241,2225,-1296,242,-40,163,307,329,0
2225267,511,512,218,0,-842,1168,2338,-1173,449,-15,75,300,302,0
2228610,512,512,256,387,1475,1036,2719,-1044,102,72,27,298,291,0
2231923,513,513,256,331,2151,2148,2984,-894,238,-41,118,282,278,0
2235268,514,514,593,218,3078,2335,3320,-726,52,-150,121,264,284,0
2238610,514,515,743,143,4237,1672,3670,-548,111,-145,143,272,288,0
2241927,515,516,875,143,5483,1189,3954,-355,238,-114,116,265,288,0
2245268,516,517,631,181,7106,548,4025,-168,-142,-48,92,278,286,0
2248610,517,518,556,0,6786,536,3660,3,-120,-13,109,266,301,0
2251930,517,518,650,162,6516,1038,3441,166,-611,142,228,277,287,0
2255268,518,519,556,350,4536,1835,3110,317,-651,-312,458,282,277,0
2258611,519,520,500,1081,150,1587,2117,441,-623,-290,462,285,238,0
2261932,520,521,275,856,-3089,271,1320,538,-536,-71,525,281,234,0
2265317,521,521,875,1868,-5418,-215,751,623,-116,-121,620,283,230,0
2268610,522,522,593,1118,-5901,-1311,67,687,-80,-62,529,282,254,0
2271935,522,523,818,1118,-5267,-2237,-403,739,-151,-39,540,286,270,0
2275293,523,523,612,837,-4816,-2786,-622,785,-314,-43,173,297,285,0
2278611,524,524,443,800,-5492,-3547,-980,825,-329,154,55,306,287,0
2281939,525,525,387,931,-6380,-3032,-1151,862,-76,191,71,309,280,0
2285293,526,526,650,800,-6625,-2557,-1405,894,155,136,140,295,287,0
2288612,527,527,331,743,-4727,-1436,-1404,925,221,139,325,312,290,0
2291942,528,528,87,218,-3178,-908,-1445,953,154,234,175,309,302,0
2295294,529,529,106,237,-1829,-383,-1903,953,142,98,183,308,301,0
2298612,530,529,0,575,-282,-155,-1940,947,-71,94,-111,315,299,0
2301946,531,530,0,593,-28,77,-1857,934,14,-14,71,318,298,0
2305294,532,531,12,350,-209,258,-1725,911,268,-31,-47,313,311,0
2308636,532,532,237,387,678,739,-1468,878,273,-75,141,312,304,0
2311948,533,533,631,125,2140,1293,-1211,840,134,106,26,291,318,0
2315294,534,534,556,181,3041,1605,-947,793,89,-77,8,295,315,0
2318639,535,535,162,0,3437,2140,-929,732,181,53,44,300,318,0
2321951,536,536,218,0,4256,2648,-781,666,79,39,15,297,311,0
2325294,537,537,312,50,4307,3500,-717,587,203,-55,191,292,306,0
2328639,538,538,650,293,4962,3675,-599,499,221,-98,108,274,293,0
2331955,538,539,1025,312,5793,3309,-711,404,181,-90,294,270,292,0
2335295,539,540,1306,556,6381,2456,-883,291,-31,-93,347,255,279,0
2338640,540,541,800,706,6074,899,-1216,160,-250,-95,402,266,255,0
2341958,541,541,1025,950,3884,-301,-1524,9,-381,-228,560,254,258,0
2345317,541,542,1306,1325,1169,-2110,-1697,-158,-422,-239,501,255,238,0
2348641,542,543,1025,1437,-1760,-3694,-2034,-345,-157,-69,480,275,237,0
2351961,543,543,1081,1662,-2745,-4171,-2355,-545,-57,20,481,272,241,0
2355318,544,544,1025,1456,-2986,-4282,-2523,-738,-112,149,317,275,252,0
2358641,545,545,950,1025,-3445,-3772,-2602,-927,73,195,369,279,275,0
2361965,545,546,762,725,-3464,-3183,-2390,-1098,-8,316,235,289,291,0
2365318,546,546,668,481,-3638,-2077,-1858,-1223,26,233,296,294,304,0
2368641,547,547,387,706,-4059,-976,-1561,-1313,214,177,252,309,292,0
2371967,548,548,331,537,-3303,-233,-1223,-1374,90,215,182,312,301,0
2375318,549,549,425,275,-2863,607,-799,-1401,170,141,234,307,315,0
2378641,550,550,275,275,-2095,832,-520,-1405,87,79,22,315,315,0
2381972,551,551,162,237,-2010,1049,-280,-1394,48,56,64,321,317,0
2385319,552,552,350,237,-2057,1014,-151,-1369,-104,72,-36,311,317,0
2388670,553,553,0,0,-2523,1336,40,-1331,213,-77,60,318,316,0
2391974,554,554,0,0,-1890,1299,346,-1277,106,-5,-59,304,306,0
2395320,555,555,0,12,-1160,1673,704,-1211,177,239,49,297,295,0
2398643,555,556,556,406,-403,2615,904,-1137,75,-6,-83,282,274,0
2401977,556,557,725,12,-54,3111,1201,-1040,23,-82,130,273,295,0
2405319,557,557,331,50,128,2831,1472,-934,161,-127,128,278,293,0
2408646,558,558,87,0,1610,2063,1832,-818,72,-12,97,291,296,0
2411980,559,559,800,218,2731,1738,1954,-703,263,-84,187,269,284,0
2415319,559,560,593,143,4444,995,1892,-598,136,69,104,280,288,0
2418650,560,561,668,181,5717,1217,1694,-508,97,169,181,276,286,0
2421985,561,562,275,0,6127,2067,1611,-428,-236,3,183,281,285,0
2425319,562,562,425,837,4823,2509,1594,-349,-809,-121,425,273,251,0
2428653,563,563,406,1043,508,1945,1005,-293,-681,-400,514,274,240,0
2431987,563,564,1043,1718,-2736,440,756,-247,-513,-197,614,274,222,0
2435343,564,564,987,1587,-5696,-916,421,-215,-144,-174,745,277,245,0
2438655,565,565,556,1437,-6732,-1642,259,-185,72,-52,697,300,253,0
2441991,566,566,368,856,-5752,-2385,202,-151,64,37,584,294,268,0
2445347,567,567,0,856,-4120,-2424,101,-110,-358,78,390,315,268,0
2448659,568,568,0,443,-4801,-2568,-423,-75,-138,171,92,320,290,0
2451994,569,568,218,762,-5049,-1912,-311,-32,-279,74,122,302,289,0
2455351,570,569,87,612,-5578,-1126,-420,17,37,192,77,309,297,0
2458662,571,570,68,593,-4714,-377,-415,78,138,13,165,310,298,0
2461996,572,571,481,406,-3726,205,-368,145,127,107,95,304,308,0
2465352,572,572,518,293,-2414,878,-296,217,146,-79,177,302,314,0
2468665,573,573,181,0,-1240,1140,-96,289,163,31,135,304,314,0
2471999,574,574,87,50,-230,1120,83,350,180,-10,-4,309,311,0
2475353,575,575,87,0,871,1464,40,400,87,15,50,304,309,0
2478668,576,576,31,31,1496,1756,57,440,144,-20,19,307,307,0
2482004,577,577,125,0,2075,1986,1,465,151,-94,231,302,313,0
2485353,578,578,125,31,3225,1869,12,481,124,-99,-8,302,307,0
2488671,579,579,518,12,3856,1609,-145,486,44,-81,187,281,308,0
2492006,579,579,537,87,4015,1139,-335,480,221,-110,124,280,304,0
2495353,580,580,631,0,5173,224,-611,460,368,-38,237,275,311,0
2498675,581,581,500,181,6582,3,-667,428,330,-152,186,282,299,0
2502010,582,582,556,237,8283,-562,-748,383,-97,41,124,279,296,0
2505354,583,583,612,443,7982,-905,-932,325,-9,-212,170,276,285,0
2508678,583,584,800,706,7045,-1481,-968,257,-288,19,195,282,271,0
2512013,584,585,762,1212,5357,-1565,-952,182,-369,-69,299,289,249,0
2515354,585,585,612,1550,2467,-1501,-873,97,-416,-42,333,297,247,0
2518681,586,586,312,1100,185,-2141,-591,18,-333,22,271,297,255,0
2522016,587,587,406,1193,-2380,-2174,-697,-62,-224,150,380,292,250,0
2525354,588,587,462,1306,-4678,-1453,-1068,-149,-112,133,315,289,260,0
2528684,588,588,725,1175,-5716,-933,-1278,-239,-83,26,369,291,267,0
2532019,589,589,687,950,-6188,-634,-1038,-321,30,225,222,293,279,0
2535354,590,590,762,650,-6060,-142,-989,-384,55,173,144,289,295,0
2538687,591,591,481,500,-5788,101,-749,-431,13,165,242,304,303,0
2542022,592,592,331,125,-5338,211,-488,-459,138,76,71,296,307,0
2545380,593,593,218,68,-4153,317,-99,-470,125,31,279,302,310,0
2548691,594,594,218,0,-2985,398,13,-476,30,42,94,302,317,0
2552025,595,595,218,12,-2322,430,331,-469,-44,-72,174,302,313,0
2555381,596,596,0,0,-2127,540,846,-429,131,-97,64,301,309,0
2558695,596,597,331,0,-1259,533,1023,-388,265,-123,242,294,301,0
2562028,597,597,162,68,429,673,1479,-328,284,124,77,287,292,0
2565380,598,598,612,256,2857,1449,2051,-251,104,-32,2,263,282,0
2568698,599,599,350,293,3455,1970,2290,-168,229,-208,158,277,280,0
2572032,600,600,406,218,4719,1568,2604,-77,78,-48,56,274,284,0
2575380,600,601,762,218,5310,1276,3133,22,-71,-55,194,271,284,0
2578700,601,601,312,50,5153,1534,3115,117,-41,1,170,279,293,0
2582035,602,602,312,31,5314,1932,2742,202,-286,57,197,279,294,0
2585381,603,603,293,218,4270,3665,2316,272,-338,26,419,280,284,0
2588703,604,604,237,631,2352,4191,1488,319,-720,-230,390,283,262,0
2592038,604,605,387,837,-1802,3583,782,343,-474,-385,551,275,235,0
2595409,605,605,1100,1718,-5547,1674,165,352,-346,-238,583,271,238,0
2598707,606,606,481,1231,-6721,377,-202,357,-22,-351,574,288,248,0
2602042,607,607,368,987,-6532,-828,-664,355,118,-45,549,294,261,0
2605382,608,607,481,1137,-4899,-2347,-767,352,-18,85,332,288,269,0
2608710,608,608,950,818,-4349,-2656,-591,357,-250,-22,279,279,286,0
2612044,609,609,743,1193,-4417,-2671,-660,365,-114,-27,123,290,266,0
2615382,610,610,500,912,-4650,-3350,-806,370,-43,116,145,303,281,0
2618714,611,611,237,762,-4172,-2969,-682,379,9,45,191,317,289,0
2622048,612,612,31,143,-3657,-3054,-889,378,62,79,48,312,306,0
2625406,613,613,0,218,-2461,-2603,-966,367,133,156,214,314,302,0
2628716,614,613,218,406,-1741,-2099,-839,362,-55,-7,2,302,308,0
2632051,615,614,143,518,-1572,-1750,-720,373,58,-6,119,306,302,0
2635410,616,615,0,406,-1028,-1475,-671,392,39,33,-72,314,308,0
2638720,617,616,293,425,-676,-1147,-593,406,84,-38,99,293,302,0
2642054,618,617,462,218,-423,-810,-509,421,204,100,-25,300,313,0
2645411,618,618,406,331,789,-194,-236,437,157,-3,151,303,307,0
2648723,619,619,143,0,1734,348,-93,449,103,-17,61,301,315,0
2652058,620,620,68,0,2353,693,-95,449,109,34,64,305,309,0
2655415,621,621,218,0,2582,1381,-22,448,254,48,95,297,310,0
2658726,622,622,275,68,3373,1679,83,441,221,-33,39,294,305,0
2662060,623,623,837,181,4305,2139,75,416,394,2,201,280,299,0
2665418,623,624,1043,237,6233,2533,116,388,289,27,63,269,296,0
2668729,624,625,818,0,6868,2592,-24,341,85,83,220,265,294,0
2672064,625,626,706,312,6508,2546,-267,269,50,-80,287,271,292,0
2675419,626,626,931,762,5827,1648,-802,172,-188,-35,282,259,268,0
2678732,626,627,2000,1493,4268,1004,-1085,57,-198,-139,385,271,282,0
2682068,627,628,1550,1512,2559,-291,-1286,-80,-425,-29,453,295,281,0
2685419,628,629,1512,1718,-699,-2091,-1679,-230,-209,95,492,297,270,0
2688736,629,630,1362,1700,-2777,-2760,-2028,-379,-38,186,542,305,287,0
2692070,630,630,1456,1212,-3783,-3595,-2193,-520,-16,276,446,284,297,0
2695420,631,631,1156,1156,-4784,-3723,-2059,-631,246,313,495,300,300,0
2698739,632,632,1025,1025,-3974,-3304,-1689,-708,-104,456,331,307,307,0
2702073,633,633,912,931,-3765,-2015,-1348,-755,202,199,401,313,312,0
2705419,634,634,518,556,-2830,-652,-768,-773,111,389,267,334,332,0
2708742,635,635,631,593,-2307,401,-403,-765,194,173,361,328,330,0
2712076,636,636,556,350,-1445,699,23,-740,-199,39,-41,332,343,0
2715420,637,637,537,331,-2260,1034,454,-708,13,-58,62,333,344,0
2718745,638,638,87,31,-2344,677,613,-668,-234,-23,76,339,342,0
2722079,639,639,0,0,-2372,507,941,-613,498,-4,189,333,330,0
2725420,640,641,50,0,-291,158,1054,-559,-227,183,-102,325,327,0
2728748,641,641,293,350,-679,1414,1270,-492,376,4,17,312,309,0
2732083,642,642,481,162,407,2184,1553,-413,100,31,148,302,319,0
2735420,643,643,218,12,1949,2557,1977,-325,3,-190,80,300,311,0
2738751,644,644,387,50,2174,1997,2271,-231,-3,-55,12,307,309,0
2742086,644,645,481,181,2721,1685,2544,-131,350,-179,153,302,302,0
2745442,645,646,500,87,4821,1193,2665,-29,-156,88,81,301,307,0
2748755,646,647,500,125,5191,1288,2539,65,93,121,88,301,305,0
2752089,647,648,143,0,5504,2287,2497,151,-113,184,104,304,298,0
2755445,648,649,143,237,5855,3510,2334,226,-437,104,104,304,283,0
2758758,649,650,143,650,3814,4199,1968,291,-584,-81,372,304,261,0
2762092,650,650,856,1456,953,3886,1430,336,-886,-83,377,284,252,0
2765445,651,651,593,1568,-4819,2788,915,362,-434,-213,590,298,246,0
2768761,651,652,743,1418,-7314,1402,618,379,-201,-146,512,306,254,0
2772096,652,652,368,1381,-7898,24,366,387,174,-127,653,310,256,0
2775446,653,653,331,706,-5649,-1439,339,398,87,170,331,312,292,0
2778765,654,654,162,818,-3418,-1880,272,415,-334,92,182,321,286,0
2782100,655,655,181,837,-3663,-1509,28,441,-269,186,25,320,285,0
2785446,656,656,200,800,-4782,-441,-329,465,21,8,43,319,287,0
2788768,657,657,143,481,-3628,-27,-182,499,-32,-101,173,322,304,0
2792102,658,658,68,106,-3387,-595,150,556,215,-97,86,326,324,0
2795446,659,659,218,293,-1335,-934,167,625,243,66,293,318,314,0
2798771,660,660,0,0,948,-572,235,701,144,-157,71,315,319,0
2802105,661,661,256,0,2150,13,752,789,120,-75,153,300,318,0
2805446,662,662,31,0,2849,546,1203,879,302,-47,-29,307,315,0
2808775,663,663,0,0,3352,1338,1243,960,126,-93,176,314,325,0
2812108,664,663,406,275,3472,1898,860,1011,-22,-310,223,287,310,0
2815448,664,664,968,350,2842,1315,795,1048,335,-302,338,273,306,0
2818777,665,665,1025,518,4085,659,847,1074,213,-156,178,270,297,0
2822111,666,666,950,462,5513,400,853,1087,-407,-118,340,258,284,0
2825467,667,667,537,668,2812,231,-32,1066,4,-367,528,280,273,0
2828780,668,668,725,725,1591,-713,-514,1021,-99,-145,428,270,270,0
2832115,668,669,931,931,1030,-1759,-1167,952,-194,-60,483,275,275,0
2835472,669,669,1025,1118,-677,-2366,-1656,860,233,-50,418,270,265,0
2838784,670,670,1062,1137,-461,-2715,-1919,752,-12,-87,387,268,264,0
2842118,671,671,1418,1043,-613,-2576,-2217,621,74,42,426,270,274,0
2845471,672,672,818,687,-861,-2430,-2231,480,-127,115,264,286,293,0
2848788,672,673,818,106,-1770,-2153,-2121,334,-117,182,265,286,308,0
2852121,673,673,575,612,-2627,-1184,-1983,189,-63,101,152,299,297,0
2855472,674,674,406,462,-2966,-695,-1902,50,-90,71,151,308,305,0
2858791,675,675,350,200,-3509,-258,-1870,-85,17,96,80,311,319,0
2862125,676,676,350,368,-3527,-128,-1835,-216,-68,129,24,311,310,0
2865472,677,677,237,106,-3953,267,-1910,-337,143,-8,110,317,324,0
2868794,678,678,406,293,-3201,143,-1706,-435,-68,41,-62,308,314,0
2872128,679,679,237,425,-3295,455,-1696,-516,4,-49,81,317,307,0
2875473,680,680,162,0,-3543,172,-1472,-582,-116,-44,-59,305,318,0
2878796,681,681,181,0,-3718,221,-1301,-634,235,-75,164,304,314,0
2882131,682,682,106,162,-2613,451,-1012,-676,-34,122,-63,308,305,0
2885473,682,683,275,31,-1456,1303,-669,-705,249,86,201,297,294,0
2888799,683,684,706,331,-204,2251,-409,-719,229,-55,105,274,278,0
2892134,684,685,762,368,1383,2397,-88,-712,53,-83,171,271,276,0
2895473,685,685,350,200,2670,2137,209,-699,253,-204,101,277,285,0
2898803,686,686,462,125,4446,1319,556,-687,237,-101,108,271,289,0
2902161,686,687,893,50,6054,803,535,-675,145,-71,103,264,293,0
2905494,687,688,668,143,7036,622,643,-662,-33,107,82,276,288,0
2908806,688,689,237,0,7913,1084,732,-663,-116,72,59,283,281,0
2912164,689,690,50,87,8039,2571,912,-672,-549,6,309,293,275,0
2915497,690,690,68,593,5272,2871,251,-703,-940,-247,418,292,264,0
2918809,690,691,537,1100,-6,2057,12,-730,-448,-274,557,283,237,0
2922168,691,692,687,1418,-3468,238,-244,-762,-512,-182,599,275,220,0
2925526,692,692,1118,1850,-6296,-848,-353,-800,-167,-72,719,270,231,0
2928813,693,693,331,1250,-7088,-1624,-594,-845,157,-8,679,296,247,0
2932171,694,694,256,950,-5078,-2636,-564,-861,111,120,495,300,263,0
2935498,695,694,237,1137,-3492,-2643,-361,-857,-458,171,213,301,269,0
2938816,696,695,31,987,-4515,-2497,-737,-843,-404,343,-44,312,277,0
2942174,696,696,631,912,-6692,-1650,-587,-810,-228,98,53,296,281,0
2945498,697,697,500,893,-7335,-989,-618,-769,154,177,194,303,282,0
2948819,698,698,368,631,-5904,-200,-539,-717,360,42,293,310,296,0
2952178,699,699,462,425,-3158,579,-219,-654,153,118,258,305,307,0
2955498,700,699,143,256,-1521,607,-211,-594,221,-80,168,306,316,0
2958822,701,700,87,443,422,561,-16,-533,-19,-84,150,309,306,0
2962180,702,701,0,218,1045,702,223,-466,4,56,-119,315,318,0
2965499,703,702,237,312,1025,1265,347,-397,178,36,70,301,313,0
2968826,704,703,87,50,1987,1876,386,-328,180,36,-110,304,322,0
2972181,705,704,0,237,3346,2477,253,-260,18,-113,155,309,312,0
2975499,705,705,537,31,3736,2395,178,-201,78,-44,-2,296,323,0
2978828,706,706,350,0,4112,2291,-26,-149,160,-142,210,290,311,0
2982186,707,707,518,0,5036,2102,-122,-107,80,-38,210,281,319,0
2985520,708,708,818,31,5279,1526,-416,-79,55,-169,70,265,307,0
2988832,709,709,481,237,5367,989,-608,-67,274,-54,173,283,296,0
2992189,710,710,725,425,6359,188,-719,-68,-41,-38,138,270,286,0
2995523,710,711,1193,650,5378,-448,-1321,-97,-254,-232,396,261,274,0
2998835,711,711,706,931,3237,-1427,-1794,-150,-218,-314,398,271,259,0
