Time, Rlegs, Llegs, DCL, DCR, GyroX, GyroY, GyroZ, GyroZAvg, AccelX, AccelY, AccelZ, LBEMF, RBEMF, SteerOut
3122,644,646,912,293,201,-139,-152,-151,-15,-2,222,61,62,0
6452,644,646,912,293,199,-140,-154,-151,-13,0,220,61,62,0
9787,644,646,912,293,200,-139,-152,-151,-15,0,224,61,62,0
13122,644,646,912,293,201,-138,-153,-151,-17,0,225,61,62,0
16456,644,646,893,293,199,-136,-153,-151,-14,-7,225,62,62,0
19790,644,646,912,293,200,-137,-152,-151,-13,-3,221,61,62,0
23124,644,646,912,293,200,-133,-150,-151,-18,0,227,61,62,0
26459,644,646,893,293,202,-134,-150,-151,-15,0,228,62,62,0
29794,644,646,912,293,203,-135,-150,-151,-15,0,226,61,62,0
33146,644,646,912,293,204,-136,-151,-151,-14,-2,229,61,62,0
36462,644,646,912,293,202,-133,-150,-151,-14,-1,226,61,62,0
39797,644,646,912,293,200,-134,-152,-151,-14,-3,224,61,62,0
43150,644,646,912,293,200,-135,-151,-151,-15,-2,229,61,62,0
46466,644,646,912,293,198,-135,-154,-151,-14,-5,228,61,62,0
49800,644,646,912,293,199,-137,-153,-151,-16,-6,223,61,62,0
53154,644,646,893,293,200,-137,-154,-151,-16,-4,227,62,62,0
56469,644,646,893,275,200,-135,-153,-151,-14,-4,225,62,63,0
59803,644,646,912,293,200,-138,-153,-151,-13,-3,224,61,62,0
63155,644,646,912,293,203,-137,-154,-151,-14,-2,223,61,62,0
66472,644,646,912,293,200,-138,-151,-151,-14,-5,225,61,62,0
69807,644,646,912,293,202,-135,-151,-151,-14,-5,226,61,62,0
73159,644,646,912,293,204,-138,-150,-151,-16,0,224,61,62,0
76475,644,646,912,293,204,-137,-151,-151,-11,-4,225,61,62,0
79809,644,646,912,293,200,-138,-152,-151,-14,0,221,61,62,0
83159,644,646,912,293,202,-137,-150,-151,-14,-1,225,61,62,0
86478,644,646,912,293,200,-138,-152,-151,-20,-2,226,61,62,0
89813,644,646,912,293,196,-136,-152,-151,-20,-1,226,61,62,0
93159,644,646,912,293,199,-138,-151,-151,-15,0,229,61,62,0
96481,644,646,912,275,202,-136,-152,-151,-12,-3,227,61,63,0
99816,644,646,912,293,202,-134,-151,-151,-15,-3,224,61,62,0
103160,0,0,0,0,203,-133,-153,-151,-19,-1,228,61,62,0
106484,0,0,0,0,200,-135,-152,-151,-15,0,222,61,62,0
109819,0,0,0,0,202,-136,-153,-151,-14,-2,222,61,62,0
113160,0,0,0,0,200,-136,-152,-151,-15,-2,225,62,63,0
116488,0,0,0,0,200,-135,-150,-151,-16,-2,227,61,62,0
119822,0,0,0,0,200,-136,-154,-151,-16,-2,224,61,62,0
123160,0,0,0,0,200,-138,-153,-151,-12,-1,223,61,62,0
126491,0,0,0,0,201,-136,-153,-151,-16,-2,224,61,63,0
129825,0,0,0,0,198,-139,-154,-151,-17,-3,227,61,62,0
133161,0,0,0,0,201,-137,-153,-152,-12,-6,223,62,62,0
136494,0,0,0,0,200,-136,-150,-152,-15,0,227,61,62,0
139828,0,0,0,0,201,-136,-153,-152,-14,-1,224,61,62,0
143182,0,0,0,0,202,-135,-152,-152,-10,0,226,61,62,0
146497,0,0,0,0,201,-133,-153,-152,-16,-2,229,61,62,0
149832,0,0,0,0,203,-137,-153,-152,-16,-5,225,61,62,0
153186,0,0,0,0,204,-137,-151,-152,-18,-5,226,61,62,0
156501,0,0,0,0,201,-137,-154,-152,-14,-4,225,62,62,0
159835,0,0,0,0,203,-136,-153,-152,-15,-5,227,61,62,0
163186,0,0,0,0,200,-134,-153,-152,-15,-3,226,62,62,0
166504,0,0,0,0,201,-138,-151,-152,-17,-1,230,62,62,0
169838,0,0,0,0,201,-137,-150,-151,-14,-7,224,61,62,0
173186,0,0,0,0,201,-136,-151,-151,-16,-1,224,61,62,0
176507,0,0,0,0,201,-135,-151,-151,-15,-1,223,61,63,0
179841,0,0,0,0,203,-138,-151,-152,-17,-2,223,61,62,0
183186,0,0,0,0,202,-136,-152,-152,-17,-3,222,62,62,0
186510,0,0,0,0,204,-138,-151,-152,-12,-3,226,61,62,0
189845,0,0,0,0,199,-138,-153,-152,-17,-2,226,61,62,0
193186,0,0,0,0,202,-139,-151,-152,-14,-2,229,62,63,0
196513,0,0,0,0,199,-138,-151,-152,-15,-5,224,62,62,0
199848,0,0,0,0,200,-137,-154,-152,-16,0,220,61,62,0
203190,0,0,2656,2656,196,-139,-153,-152,-17,-6,226,0,0,0
206516,1,1,0,0,192,-151,-151,-152,-67,18,237,145,137,0
209851,1,1,87,218,-62,-264,-97,-150,-63,3,255,137,130,0
213190,1,1,668,518,-477,-280,-67,-147,24,-11,147,122,130,0
216520,2,1,668,706,-432,-497,-15,-143,-43,46,287,138,136,0
219855,2,2,125,350,-619,-812,47,-137,-19,-15,308,151,139,0
223211,2,2,668,725,-607,-1166,112,-129,16,47,331,138,135,0
226523,3,2,762,950,-465,-1564,141,-119,-41,75,338,149,139,0
229857,3,3,125,537,-278,-1856,89,-112,29,135,317,167,145,0
233214,3,3,706,743,-215,-1872,-81,-110,11,203,304,152,150,0
236526,4,3,368,837,-83,-1540,-186,-111,-4,195,240,170,161,0
239860,4,4,837,781,197,-703,-375,-117,-52,201,271,161,164,0
243215,5,4,143,706,238,-70,-649,-133,-46,145,273,182,168,0
246530,5,5,481,912,171,242,-748,-152,-102,157,248,180,157,0
249864,6,5,593,1100,-472,139,-758,-171,-61,142,201,174,163,0
253215,6,6,556,556,-796,180,-521,-182,33,111,195,180,180,0
256532,7,6,162,406,-746,188,-259,-185,62,41,89,185,188,0
259867,7,7,350,425,-728,119,-146,-185,37,107,33,191,187,0
263215,8,7,125,500,-769,90,-70,-183,69,89,50,203,199,0
266536,8,8,425,162,-621,212,-98,-181,30,-40,79,187,201,0
269870,9,8,181,425,-603,262,17,-176,16,-7,21,200,203,0
273215,9,9,593,312,-464,210,108,-167,68,65,-16,194,209,0
276539,10,10,50,0,-103,141,79,-160,76,70,-11,207,210,0
279873,10,10,518,275,291,300,-58,-157,-6,1,81,198,211,0
283215,11,11,312,387,350,311,-111,-156,39,31,76,209,205,0
286542,12,11,87,200,244,91,-153,-156,78,17,79,205,215,0
289877,12,12,331,237,459,-326,-242,-159,111,8,179,208,213,0
293216,13,13,125,443,1049,-536,-154,-159,29,42,250,219,202,0
296545,14,13,350,162,975,-857,-135,-159,-149,85,253,207,217,0
299904,14,14,237,312,-603,-1274,-400,-166,-87,83,320,213,209,0
303238,15,15,312,575,-1346,-1213,-463,-176,41,84,373,221,207,0
306549,16,15,181,293,-1372,-1068,-466,-186,293,190,359,228,222,0
309906,16,16,0,162,684,208,-533,-198,46,47,394,239,229,0
313241,17,17,0,256,1281,1633,-576,-211,-143,10,268,245,224,0
316552,18,17,125,481,580,2604,-582,-226,-49,-75,165,231,228,0
319910,18,18,387,331,-389,3122,-372,-236,85,-279,538,217,220,0
323241,19,19,162,462,405,2756,-169,-241,149,-277,583,229,213,0
326555,20,19,425,725,1462,1841,-11,-242,-43,-355,390,215,215,0
329913,20,20,950,950,1301,251,-309,-255,-8,-304,587,203,203,0
333242,21,20,556,725,783,-477,-398,-272,-77,-190,606,208,215,0
336558,21,21,950,725,569,-989,-568,-293,-41,-242,416,203,215,0
339916,22,22,1025,687,-121,-1949,-819,-316,8,-180,478,199,217,0
343241,23,22,725,443,-63,-2506,-669,-331,151,-9,359,199,230,0
346561,23,23,743,518,567,-2560,-760,-343,71,75,285,214,226,0
349920,24,24,612,518,1499,-2741,-390,-335,38,-3,239,221,226,0
353242,24,24,875,575,2047,-2693,-163,-317,-73,85,286,213,229,0
356565,25,25,425,443,1900,-2150,-141,-297,-149,156,103,221,220,0
359923,26,26,406,312,415,-1335,-565,-299,-74,151,103,222,227,0
363242,26,26,931,462,-270,-758,-926,-320,170,115,197,210,235,0
366568,27,27,650,256,320,-437,-962,-345,139,116,143,209,230,0
369925,28,28,312,200,1634,-361,-1233,-381,186,207,109,227,233,0
373242,28,29,837,162,2544,-7,-1717,-432,117,82,91,215,235,0
376572,29,29,181,50,3076,324,-2007,-495,-44,54,-14,234,241,0
379929,30,30,237,12,3267,119,-2236,-569,-139,-125,-47,231,243,0
383264,30,31,481,87,2573,-175,-2160,-639,-19,-66,-9,234,239,0
386574,31,32,0,0,2103,-323,-2048,-701,33,22,16,250,245,0
389932,32,32,181,106,2279,-145,-2040,-761,-58,3,-124,234,238,0
393267,33,33,0,68,2036,136,-2104,-822,22,-1,-55,248,240,0
396578,33,34,50,0,2123,246,-1966,-876,51,79,-77,241,230,0
399932,34,34,275,612,1924,524,-1869,-929,15,-35,7,229,211,0
403267,35,35,181,518,1902,769,-1661,-977,-230,-51,36,244,226,0
406581,36,36,125,443,1496,635,-1459,-1010,-311,-11,-30,247,230,0
409933,36,37,256,50,-460,408,-1373,-1039,-1,4,80,240,235,0
413268,37,37,68,181,-539,88,-1227,-1062,-96,-19,35,250,244,0
416584,38,38,218,406,-1012,-326,-1132,-1081,-596,200,129,242,232,0
419934,39,39,0,237,-4129,1025,-1464,-1109,-76,223,256,254,241,0
423268,39,39,181,143,-3905,2165,-1753,-1145,-109,267,77,244,246,0
426587,40,40,443,68,-3153,2657,-2016,-1197,102,161,516,230,250,0
429934,41,41,181,312,-1861,2475,-2489,-1269,9,-225,829,244,237,0
433268,42,42,425,706,-755,1145,-2168,-1337,-411,-326,604,231,216,0
436591,42,42,950,612,-1536,-833,-1858,-1385,-356,-306,806,203,221,0
439934,43,43,762,818,-2207,-2186,-1133,-1408,-86,-320,861,213,210,0
443268,43,44,893,818,-1602,-3474,-550,-1408,143,-86,649,222,210,0
446593,44,44,350,631,-416,-4042,61,-1380,38,80,520,235,220,0
449934,45,45,350,612,94,-3437,433,-1346,-170,8,405,235,221,0
453268,45,46,387,425,-451,-2898,736,-1299,-187,235,239,237,219,0
456596,46,46,50,518,-1095,-1347,712,-1264,-82,292,216,239,214,0
459934,47,47,31,725,-1556,-21,691,-1238,9,189,234,240,203,0
463269,48,47,312,650,-1211,897,937,-1204,-19,162,169,225,223,0
466600,48,48,312,443,-1145,1559,1208,-1149,90,54,182,225,218,0
469956,49,49,162,443,-546,1857,1493,-1073,191,128,151,233,218,0
473290,50,49,425,537,417,2065,1854,-985,7,-49,-3,219,229,0
476604,50,50,218,0,477,1937,2143,-880,10,-189,-112,230,243,0
479960,51,51,0,0,599,1400,1878,-767,290,-115,-36,244,244,0
483294,52,52,256,200,2091,630,1590,-655,50,-84,-113,228,231,0
486606,52,52,275,0,2040,310,1502,-538,-115,17,67,227,247,0
489959,53,53,125,68,1228,746,1443,-425,26,90,-14,235,238,0
493294,54,54,0,481,1164,970,1610,-311,40,25,-2,245,216,0
496609,54,55,181,12,1087,884,1589,-198,122,29,-3,232,225,0
499959,55,55,162,68,1983,945,1735,-78,20,23,-65,233,238,0
503294,56,56,312,237,2397,1062,1630,34,-6,-31,-16,237,241,0
506612,57,57,162,293,2267,1271,1311,133,24,-81,45,245,238,0
509960,57,58,143,0,2449,1145,1378,228,-235,-1,-24,246,243,0
513294,58,58,181,443,639,533,1211,311,-482,-109,132,244,230,0
516616,59,59,0,350,-3028,-172,775,379,9,-67,55,254,235,0
519960,60,60,181,406,-4104,-623,433,430,-6,-80,-62,244,232,0
523295,60,60,200,425,-4693,-723,-144,461,138,29,218,243,231,0
526619,61,61,0,500,-5021,-681,-651,487,64,-373,505,254,227,0
529960,62,62,237,537,-4446,-1477,-670,521,838,-70,861,241,225,0
533295,62,63,837,406,-1323,-1970,-706,562,955,34,1241,225,232,0
536622,63,63,856,200,4647,-1394,-246,632,76,-117,944,208,243,0
539960,64,64,800,650,4874,-888,204,706,-391,-207,671,211,219,0
543295,64,65,1231,1062,2627,-515,404,776,6,-316,811,204,197,0
546625,65,65,818,1025,1734,-637,787,836,89,-189,523,210,199,0
549981,66,66,781,762,1992,-1201,754,877,-142,-119,411,212,213,0
553318,66,66,781,725,1517,-1573,755,899,-28,-68,295,218,221,0
556628,67,67,612,725,575,-1915,458,900,117,64,348,227,221,0
559985,68,68,387,406,638,-2227,525,893,-42,167,200,223,222,0
563318,68,68,968,556,366,-1699,472,886,-82,168,112,208,230,0
566632,69,69,800,500,-1001,-317,-27,863,-62,188,114,217,233,0
569985,70,70,443,87,-1196,142,-259,826,66,228,57,220,239,0
573319,70,71,856,0,-403,445,-351,777,109,98,79,214,244,0
576635,71,71,518,200,1104,876,-717,708,107,61,8,232,249,0
579985,72,72,0,106,1633,1168,-834,624,-199,25,2,255,238,0
583319,72,73,275,106,1128,1189,-1220,519,-252,-320,-191,245,238,0
586638,73,74,87,218,-1570,-389,-697,438,-70,76,-108,255,248,0
589986,74,74,0,68,-1566,-802,-730,366,108,-33,-27,251,240,0
593319,75,75,0,50,-1310,-491,-614,300,160,66,96,267,241,0
596641,76,76,31,181,-192,-135,-371,243,-19,130,-95,242,234,0
600017,76,77,650,312,-256,77,-686,171,-98,43,-26,235,237,0
603320,77,77,200,256,-734,205,-845,95,12,48,-33,243,240,0
606644,78,78,350,556,-702,661,-601,22,-132,12,-67,235,224,0
609987,78,79,387,556,-973,1198,-591,-46,-114,-139,32,249,224,0
613320,79,79,87,500,-1563,984,-254,-95,20,-39,-21,249,227,0
616649,80,80,0,256,-1527,335,19,-138,-85,-51,-136,261,240,0
619987,81,81,312,106,-1740,160,129,-171,50,-57,3,237,248,0
623320,82,82,237,68,-1450,-163,150,-191,102,-9,-46,241,250,0
626651,82,82,181,50,-519,-657,-366,-216,405,45,368,244,251,0
630010,83,83,293,0,1876,-680,-325,-222,405,-48,426,238,257,0
633320,84,84,143,200,4718,-781,3,-201,282,12,287,246,243,0
636654,84,85,575,0,6961,-336,297,-171,139,-110,195,223,249,0
640011,85,85,593,293,7679,-821,489,-134,-497,77,369,222,238,0
643344,86,86,443,537,4624,-948,686,-104,-1013,82,731,230,225,0
646657,86,87,800,1325,-1654,-1127,423,-98,-501,-136,946,227,183,0
650040,87,87,425,1400,-3671,-2296,-57,-112,-96,41,1158,235,183,0
653348,88,88,425,1100,-2949,-2745,-399,-149,-77,297,894,219,183,0
656660,88,88,1212,1343,-1327,-1150,-744,-196,-43,172,651,193,186,0
660012,89,89,631,968,-643,-418,-700,-241,-230,275,484,208,190,0
663354,89,89,1137,1025,-1194,10,-641,-276,-259,182,216,197,203,0
666664,90,90,743,1118,-2645,960,-366,-303,9,58,232,218,198,0
670013,91,91,12,612,-2070,1483,-194,-324,190,163,182,241,209,0
673354,92,91,125,650,-540,1828,-105,-327,91,126,105,235,223,0
676667,92,92,518,518,186,2299,268,-310,-87,-68,-7,230,230,0
680013,93,93,0,0,-398,2114,719,-277,231,-187,-32,242,250,0
683354,94,93,237,0,687,1566,653,-234,345,-19,-48,229,259,0
686670,94,94,462,50,3248,1128,319,-198,-116,-82,35,233,255,0
690013,95,95,0,12,2519,758,137,-156,0,23,73,248,241,0
693354,96,96,87,143,2418,864,-23,-135,58,47,-44,237,234,0
696673,96,97,556,331,2564,1302,227,-105,61,-68,58,228,240,0
700041,97,97,518,593,2698,1262,200,-79,61,32,-40,242,238,0
703355,98,98,0,275,2998,1039,264,-59,48,25,-84,254,239,0
706676,99,99,50,0,3247,1200,155,-33,38,-16,6,251,255,0
710035,100,99,31,387,3483,1240,39,-5,-41,-13,-62,252,249,0
713355,100,100,143,31,3471,1218,-109,9,-5,-4,-27,246,252,0
716680,101,101,0,218,3259,1120,-307,18,116,20,16,260,242,0
720038,102,102,68,237,3542,1033,-441,12,-352,1,5,250,241,0
723355,103,103,162,181,2696,1015,-318,1,-417,-83,203,245,244,0
726683,103,103,312,12,-721,347,-531,-18,-162,-23,156,237,253,0
730038,104,104,162,387,-2692,-214,-708,-45,-49,-162,91,245,233,0
733355,105,105,237,743,-3461,-283,-952,-63,-388,-126,18,241,214,0
736687,106,105,350,706,-5126,-839,-1058,-86,-311,-133,38,235,216,0
740038,106,106,218,481,-7242,-1368,-1391,-130,-91,-151,231,242,228,0
743355,107,107,387,481,-7820,-1861,-1730,-193,261,-237,436,233,228,0
746690,108,107,950,518,-7001,-4202,-1763,-263,410,-235,851,203,242,0
750067,108,108,1456,518,-4821,-5870,-1470,-331,1118,144,1167,182,232,0
753381,109,109,1175,143,1584,-4994,-915,-373,311,96,835,181,236,0
756692,109,110,1456,331,5389,-3544,566,-353,2,55,728,182,226,0
760038,110,110,1175,800,4479,-2633,1534,-293,113,134,821,197,217,0
763381,110,111,1006,818,4202,-1565,2047,-206,49,82,613,206,200,0
766696,111,111,743,818,3514,-844,2868,-94,87,-1,340,220,216,0
770039,112,112,818,1043,2131,-663,2787,12,-163,299,408,216,204,0
773382,112,113,1156,518,409,757,2058,88,270,23,380,198,216,0
776700,113,113,837,275,1235,476,1998,156,-26,267,199,215,245,0
780040,114,114,837,237,747,912,1641,211,-32,140,54,215,247,0
783382,114,115,556,68,-648,1755,984,233,140,-41,69,230,240,0
786702,115,116,237,87,889,1733,1439,256,-40,94,76,247,239,0
790040,116,117,50,275,2096,1948,653,256,-715,-271,-248,257,229,0
793382,116,117,106,0,-1669,1426,825,272,-281,-41,-86,254,246,0
796706,117,118,50,106,-4191,581,1578,317,351,27,13,257,238,0
800064,118,119,275,443,-2970,595,1853,375,-59,-56,-99,255,230,0
803383,119,119,0,106,-2691,946,2202,437,144,40,74,260,248,0
806708,120,120,12,256,-2043,1310,2128,497,80,134,-92,253,240,0
810064,120,121,518,575,-1954,1626,1830,546,-46,-17,-29,242,223,0
813383,121,122,368,387,-2324,1788,1774,597,-153,-27,-47,250,233,0
816712,122,122,68,181,-3259,1548,1649,647,63,-134,27,250,244,0
820065,123,123,0,350,-3067,1526,1945,711,198,-148,111,269,235,0
823383,123,124,387,200,-1941,1032,2298,793,-262,-49,-197,249,243,0
826715,124,125,0,0,-2643,531,2136,873,174,-57,26,258,259,0
830065,125,125,0,0,-1737,140,2062,948,436,-128,264,254,261,0
833407,126,126,181,0,1064,-375,2252,1035,256,96,242,244,257,0
836719,127,127,650,68,2793,8,2401,1132,336,-50,259,235,250,0
840065,127,128,537,0,4549,-63,2941,1253,349,-198,104,225,251,0
843411,128,129,631,0,6742,-693,3109,1384,46,-222,86,220,240,0
846721,129,129,1137,181,7705,-1628,3167,1526,-193,-376,190,209,244,0
850065,129,130,331,668,6872,-3107,3595,1692,-230,-257,311,240,206,0
853412,130,130,0,1193,5035,-5452,3135,1845,-1070,61,635,250,178,0
856725,131,131,200,1306,-796,-5972,2464,1968,-635,199,783,231,172,0
860066,131,131,725,1456,-3149,-4981,959,2027,0,449,716,219,180,0
863412,132,132,293,950,-2174,-3372,-684,1988,-165,405,814,226,191,0
866728,133,133,893,1156,-2065,-477,-1485,1894,-360,454,727,210,196,0
870066,133,133,1025,1043,-2317,1273,-2308,1757,-279,194,425,203,202,0
873411,134,134,350,1025,-1977,2182,-3053,1572,-574,33,206,223,187,0
876731,134,134,875,1343,-3853,1812,-3045,1390,172,123,225,211,186,0
880088,135,135,556,818,-3315,1843,-2542,1246,224,-61,219,228,214,0
883412,136,135,0,350,-1493,1108,-1423,1140,244,39,101,244,239,0
886734,136,136,481,275,243,783,-1550,1040,252,-100,39,232,243,0
890089,137,137,368,87,1021,873,-1595,959,43,-121,-28,238,253,0
893412,138,138,0,0,1275,726,-1880,855,-73,-26,-123,249,245,0
896737,139,139,181,0,2170,377,-1936,775,103,-94,80,232,249,0
900090,139,139,743,818,2913,285,-1917,689,-22,73,-11,230,226,0
903413,140,140,218,200,3181,504,-1888,581,-144,67,-7,242,243,0
906741,141,141,0,143,2594,732,-1984,461,167,70,26,262,246,0
910090,142,142,0,31,3218,902,-1903,332,145,56,-121,260,252,0
913412,142,142,350,406,3947,1169,-1977,204,-98,-18,-3,251,248,0
916744,143,143,12,0,3350,1371,-2233,77,-12,-35,30,253,255,0
920089,144,144,0,106,3310,1094,-2486,-55,7,-84,-61,258,248,0
923413,145,145,0,237,3199,900,-2679,-190,-23,-66,3,255,241,0
926747,146,145,50,162,3069,614,-2576,-332,-36,10,-109,251,245,0
930090,146,146,125,218,1968,135,-2487,-481,-479,-159,193,247,242,0
933416,147,147,0,462,-1031,-482,-2527,-627,-278,-154,254,258,229,0
936751,148,148,125,556,-3521,-1392,-2386,-766,-236,-13,10,247,224,0
940090,148,148,200,725,-4776,-1347,-2523,-915,-334,-77,25,243,215,0
943419,149,149,218,856,-6598,-1142,-2907,-1081,-132,111,3,242,208,0
946754,150,150,443,518,-8016,-1543,-3154,-1271,39,-318,341,230,226,0
950091,151,150,781,312,-7343,-3082,-2932,-1460,872,-10,995,202,243,0
953422,151,151,1081,200,-3224,-3993,-2308,-1631,929,130,962,186,233,0
956757,152,152,1512,406,3838,-3336,-1081,-1777,17,90,844,163,222,0
960114,152,152,1512,781,5022,-2216,141,-1871,-1,-61,825,179,218,0
963426,153,153,1118,687,3982,-1002,1208,-1910,30,72,855,184,207,0
966760,153,154,856,968,3121,-597,2153,-1873,93,199,550,214,208,0
970118,154,154,650,1100,2822,-237,2434,-1775,-19,134,304,225,201,0
973428,155,155,612,931,2375,45,2266,-1658,132,152,372,211,194,0
976764,155,155,1175,631,2222,328,1733,-1532,116,84,259,197,226,0
980118,156,156,612,500,1613,377,1467,-1391,-121,117,87,227,233,0
983433,156,157,556,12,56,744,1237,-1257,100,129,124,230,243,0
986766,157,158,500,143,-192,929,1040,-1145,248,95,46,233,252,0
990125,158,158,106,331,698,974,1033,-1068,-432,-47,-90,254,242,0
993435,159,159,0,0,-627,900,711,-998,-328,-114,-34,246,246,0
996770,159,160,181,125,-3371,339,979,-917,-17,10,-148,250,237,0
1000124,160,161,443,68,-3994,163,1174,-822,48,-22,-125,246,250,0
1003438,161,161,0,443,-4151,434,1649,-710,129,-1,-10,276,246,0
1006772,162,162,0,50,-2789,515,1805,-593,124,35,-58,273,251,0
1010124,163,163,0,443,-2456,1006,1851,-476,-26,-33,-13,265,230,0
1013441,163,164,368,350,-2495,1082,1778,-359,-121,33,-108,250,235,0
1016776,164,164,50,256,-3337,1079,1575,-250,-93,-113,-37,251,240,0
1020125,165,165,143,462,-3850,875,1673,-136,143,-98,55,246,229,0
1023445,166,166,0,218,-3318,409,1965,-5,24,-68,-17,267,242,0
1026779,167,167,312,0,-3007,317,1977,134,14,-155,134,253,259,0
1030125,167,167,425,237,-2599,47,1946,278,482,-167,241,247,257,0
1033448,168,168,350,0,-247,-539,2120,425,267,-77,341,235,254,0
1036782,169,169,31,0,1689,-384,2226,572,270,-95,268,252,254,0
1040125,170,170,462,31,3147,-334,2590,732,391,-96,112,229,252,0
1043451,170,171,725,0,5917,-448,3046,902,142,-101,146,215,243,0
1046785,171,171,537,0,7196,-923,3068,1076,216,-141,119,225,259,0
1050126,172,172,237,0,8909,-1592,3316,1271,131,-141,89,229,243,0
1053454,172,173,237,125,10070,-1776,3801,1488,-146,-178,243,229,219,0
1056788,173,173,106,912,8101,-2603,3550,1691,-1215,59,589,236,193,0
1060126,174,174,275,1493,2338,-3483,2639,1845,-1070,103,660,227,162,0
1063457,174,174,293,1400,-5052,-3168,752,1903,-158,235,826,226,167,0
1066792,175,175,387,1212,-5039,-2101,-210,1892,111,340,1086,221,177,0
1070150,175,175,912,1062,-3251,-647,-833,1828,-112,251,897,209,201,0
1073460,176,176,593,725,-1681,673,-1764,1706,-173,166,548,210,203,0
1076795,177,176,631,987,-1113,1311,-2388,1555,-597,98,162,208,205,0
1080151,177,177,856,1268,-3276,1633,-2813,1396,-207,35,27,212,190,0
1083464,178,178,312,425,-4523,1181,-2347,1269,282,52,359,225,219,0
1086798,179,178,631,275,-2692,962,-1765,1168,105,47,-11,224,243,0
1090152,179,179,293,218,-1602,855,-1560,1080,147,96,176,242,246,0
1093468,180,180,162,0,-145,926,-1530,1000,179,-2,121,233,249,0
1096802,181,181,0,0,978,747,-1758,913,-32,-84,-18,248,247,0
1100152,182,181,200,350,1429,483,-1916,831,281,-51,49,243,251,0
1103470,182,182,575,425,3032,296,-1838,743,93,9,80,239,247,0
1106804,183,183,0,125,3377,501,-1747,651,-191,93,52,260,247,0
1110152,184,184,106,125,2826,647,-1745,545,130,-21,-86,248,247,0
1113473,185,185,50,0,3311,936,-1701,436,116,19,-37,251,259,0
1116808,185,185,0,0,3724,1041,-1897,319,-131,42,-92,254,263,0
1120152,186,186,181,0,3099,950,-2153,196,-92,-50,-51,244,257,0
1123476,187,187,0,87,2256,830,-2490,69,73,-8,-15,265,249,0
1126812,188,188,0,181,2402,635,-2609,-64,59,66,-119,261,244,0
1130153,189,188,68,331,2547,617,-2579,-206,84,-41,21,250,252,0
1133480,189,189,200,87,3042,575,-2413,-343,-254,-31,19,243,249,0
1136814,190,190,0,200,1864,79,-2407,-479,-555,-115,66,261,243,0
1140154,191,191,200,687,-1017,-441,-2450,-622,-337,-86,233,243,217,0
1143483,192,191,0,650,-3940,-999,-2463,-769,-220,2,92,242,219,0
1146817,192,192,312,818,-5626,-943,-2511,-928,-231,-64,269,237,210,0
1150153,193,193,368,556,-6736,-1324,-2719,-1108,264,-319,357,224,214,0
1153486,194,193,1100,706,-5695,-3635,-2534,-1283,914,-16,934,185,222,0
1156822,194,194,1268,443,-717,-4254,-2030,-1450,419,59,952,176,220,0
1160177,194,195,1662,593,3238,-3681,-1171,-1606,87,80,919,171,212,0
1163490,195,195,1250,931,4096,-2615,778,-1692,-136,127,771,193,210,0
1166824,196,196,762,650,3520,-1547,1277,-1735,-94,121,712,203,209,0
1170182,196,196,987,968,2388,-586,2064,-1694,-127,104,502,207,208,0
1173492,197,197,743,1100,1334,310,2467,-1610,221,106,361,220,201,0
1176828,198,198,931,800,1403,680,2417,-1509,195,124,287,210,217,0
1180182,198,198,987,687,1583,1072,1792,-1398,148,60,254,207,223,0
1183497,199,199,837,462,1237,937,1346,-1281,29,143,148,215,235,0
1186830,199,200,781,0,512,608,845,-1167,-45,-13,42,218,250,0
1190187,200,201,368,0,237,568,642,-1073,129,66,-21,240,248,0
1193499,201,201,331,143,1025,1044,823,-992,-501,-105,-72,242,252,0
1196834,202,202,0,162,-983,686,556,-926,-352,-81,-121,249,235,0
1200190,202,203,1006,575,-3743,235,790,-854,201,-76,-23,264,271,0
1203503,203,204,406,218,-3388,-85,1138,-763,201,57,-89,296,290,0
1206836,204,205,0,0,-2863,383,1372,-660,-41,-14,27,303,291,0
1210191,205,206,162,200,-2799,718,1562,-554,181,54,10,293,275,0
1213506,206,207,256,293,-2284,792,1562,-451,-68,29,-6,288,270,0
1216840,207,207,312,518,-2873,1078,1405,-352,-128,-40,-139,285,274,0
1220191,208,208,181,462,-3478,936,1421,-255,-16,-152,-34,292,277,0
1223508,209,209,0,0,-3441,808,1741,-141,145,-138,47,297,287,0
1226843,210,210,31,125,-2344,5,1908,-14,-139,-18,-76,284,279,0
1230191,211,211,12,31,-2875,-304,1845,120,263,13,-30,285,284,0
1233512,212,212,0,0,-1916,-401,1903,261,258,245,6,273,286,0
1236846,213,213,462,0,-634,287,2139,409,327,-33,315,261,283,0
1240191,213,214,706,0,812,595,2308,556,486,-58,283,248,273,0
1243515,214,215,1081,12,3682,103,2390,706,490,-50,393,228,269,0
1246849,215,216,443,68,5986,-82,2424,858,245,-100,222,246,266,0
1250192,216,216,368,143,7876,-780,2637,1018,34,-241,169,238,250,0
1253518,216,217,968,631,8825,-1467,3237,1197,-377,-420,290,222,224,0
1256852,217,218,443,893,7623,-3691,3106,1380,-992,-229,576,234,194,0
1260192,218,218,200,1212,3415,-5689,2706,1543,-818,300,706,247,193,0
1263521,218,219,837,1268,-2390,-5331,1309,1648,456,465,665,229,190,0
1266856,219,219,500,1043,-1819,-3505,-172,1679,-112,655,862,231,202,0
1270213,220,220,237,1043,-1307,-1434,-625,1635,-267,436,653,245,202,0
1273525,220,221,612,725,-1722,1170,-1707,1542,-174,372,654,241,219,0
1276859,221,221,368,781,-1718,2317,-2443,1401,-558,15,192,238,216,0
1280217,222,222,12,931,-3646,2321,-2900,1233,-95,148,134,257,208,0
1283528,223,222,425,781,-4079,2199,-2392,1083,348,-155,-18,235,232,0
1286863,223,223,443,162,-1970,2090,-1380,984,69,56,-155,234,249,0
1290216,224,224,12,31,-1432,1540,-1373,899,-61,-76,3,257,256,0
1293532,225,225,125,200,-1297,1358,-2036,809,-46,25,53,251,247,0
1296865,226,226,0,0,-693,1506,-2123,722,181,-136,-25,251,265,0
1300217,226,226,593,218,-146,1329,-2298,625,132,-6,71,238,258,0
1303534,227,227,237,368,798,1258,-2308,535,-42,152,10,257,250,0
1306869,228,228,0,0,899,1678,-2254,440,89,64,-31,254,254,0
1310217,229,229,31,0,1093,2269,-2219,335,71,-20,66,252,256,0
1313537,230,230,0,0,1649,2459,-2507,214,-110,43,-131,255,254,0
1316872,230,230,350,237,1068,2701,-2856,76,-87,-6,-29,251,257,0
1320217,231,231,143,181,545,2844,-2977,-65,103,-57,-29,262,260,0
1323541,232,232,0,106,1011,2015,-2946,-201,24,-147,-126,271,248,0
1326875,233,233,0,106,1089,1533,-2864,-335,152,-112,96,265,248,0
1330218,234,233,31,462,1562,924,-2634,-471,70,-122,121,252,245,0
1333544,234,234,256,68,2156,-687,-2673,-615,-147,-271,345,240,250,0
1336878,235,235,256,593,1382,-1845,-2643,-755,103,-251,583,240,222,0
1340218,236,236,631,912,1104,-2494,-2204,-883,-129,-103,506,220,205,0
1343547,236,236,1325,1231,1046,-2706,-1539,-998,-22,-324,807,199,204,0
1346881,237,237,706,987,488,-3277,-808,-1096,222,-164,839,216,201,0
1350240,238,237,631,687,1156,-3445,129,-1166,220,-48,752,210,223,0
1353551,238,238,1025,837,2799,-2856,1449,-1197,163,-25,717,205,215,0
1356885,239,239,518,593,2825,-2584,2435,-1203,109,61,589,216,212,0
1360243,239,239,668,837,2660,-2349,2964,-1211,-111,116,412,224,215,0
1363553,240,240,556,856,1756,-1549,3141,-1210,-57,125,353,230,214,0
1366888,241,241,293,125,884,-715,3099,-1198,-29,177,228,228,237,0
1370243,241,241,931,87,198,-160,2916,-1148,104,135,122,210,255,0
1373556,242,242,893,50,40,214,2608,-1061,121,98,230,212,257,0
1376891,243,243,425,0,1021,304,2353,-968,164,39,160,221,254,0
1380243,244,244,200,0,1857,214,2371,-841,-278,146,-6,233,252,0
1383561,244,245,200,68,1188,786,1849,-706,-379,-120,-85,249,240,0
1386894,245,245,0,0,-598,709,1767,-561,-34,-70,-41,255,251,0
1390244,246,246,0,125,-1563,195,2070,-421,37,-63,-85,253,237,0
1393564,247,247,0,68,-2187,-98,2449,-301,27,-168,-26,248,240,0
1396897,247,248,312,368,-1497,-355,3091,-162,113,80,-53,253,234,0
1400244,248,248,0,462,-806,-282,3037,-3,32,104,-54,255,229,0
1403566,249,249,200,368,-786,201,2811,150,-36,64,-73,243,234,0
1406900,250,250,0,425,-1139,254,2670,305,-120,46,-89,257,231,0
1410244,250,250,443,575,-1750,415,2554,457,47,-75,74,246,239,0
1413569,251,251,68,256,-1445,547,2823,616,180,-110,96,250,240,0
1416904,252,252,0,68,-582,264,3106,782,-216,-36,-134,256,250,0
1420244,253,253,218,125,-1212,-10,2969,953,49,-51,-91,242,247,0
1423573,253,253,125,0,-1536,-515,2940,1134,199,12,-59,247,264,0
1426931,254,254,462,0,-350,-671,2988,1321,253,243,300,229,265,0
1430245,255,255,368,0,1189,-292,3321,1517,249,108,175,234,262,0
1433576,256,256,406,31,3708,-321,3395,1712,377,-89,183,232,252,0
1436933,256,257,800,0,6144,-604,3450,1902,58,14,273,211,245,0
1440265,257,257,725,350,7503,-722,3290,2089,-564,182,505,215,235,0
1443579,258,258,1081,1062,4562,-394,3130,2269,-949,-62,590,212,197,0
1446937,258,259,443,1306,-32,-1010,2243,2408,-632,-117,1037,234,172,0
1450269,259,259,125,1193,-3129,-1941,899,2484,-183,304,1172,235,178,0
1453582,259,260,1137,1381,-3230,-1727,-47,2508,-42,339,964,197,184,0
1456940,260,260,968,912,-1911,-690,-964,2474,-159,223,742,206,209,0
1460269,261,261,462,762,-1038,89,-1877,2370,-384,226,515,217,201,0
1463585,261,261,818,875,-1893,1016,-2485,2216,-302,55,83,214,211,0
1466944,262,262,650,893,-2789,1441,-2597,2042,-88,38,10,223,210,0
1470270,263,263,0,537,-2783,1395,-2299,1872,35,-19,60,242,213,0
1473588,263,263,350,518,-1253,1330,-1928,1715,159,129,-47,239,230,0
1476947,264,264,406,162,-686,1411,-1726,1570,140,-102,-57,236,249,0
1480270,265,265,87,12,-422,1347,-1700,1436,-19,-32,77,237,241,0
1483592,266,265,50,106,1003,1373,-1674,1310,180,-38,-5,239,252,0
1486950,266,266,425,331,1712,1215,-1804,1179,121,-47,35,235,240,0
1490270,267,267,0,312,2221,811,-1940,1061,15,35,11,245,225,0
1493595,268,268,218,162,2438,736,-1917,946,-39,41,-82,230,233,0
1496953,268,268,593,462,2246,809,-1854,823,47,-28,12,238,245,0
1500270,269,269,0,125,2413,910,-1799,690,139,-2,-84,254,247,0
1503598,270,270,0,68,2859,863,-1861,536,-73,7,-160,254,250,0
1506953,271,271,106,181,2325,991,-1971,379,-53,-11,51,248,244,0
1510271,272,271,87,256,1894,863,-2248,221,38,-14,-32,249,256,0
1513601,272,272,68,125,2131,649,-2432,62,-24,-24,-44,250,247,0
1516957,273,273,106,162,2364,744,-2565,-97,98,48,-57,248,245,0
1520292,274,274,31,256,2661,833,-2576,-266,124,-12,-59,252,240,0
1523605,275,274,350,125,3340,971,-2505,-442,-177,-77,79,235,247,0
1526961,275,275,125,106,2607,803,-2453,-611,-619,-7,147,247,248,0
1530296,276,276,0,368,-206,-25,-2570,-783,-479,-278,220,254,234,0
1533608,277,277,87,706,-3963,-646,-2754,-963,-170,-197,183,249,216,0
1536961,277,277,181,856,-4992,-888,-2547,-1146,-267,68,147,244,208,0
1540295,278,278,518,875,-6061,-1644,-2867,-1342,93,-351,409,226,207,0
1543611,279,278,818,931,-6234,-3435,-3008,-1543,42,-216,510,210,220,0
1546961,279,279,1512,406,-5504,-5682,-2825,-1735,785,119,997,179,238,0
1550296,280,280,1137,256,-1308,-5399,-1855,-1890,718,269,921,183,230,0
1553614,280,280,1606,518,3086,-4247,-462,-1975,183,79,849,174,232,0
1556962,281,281,1193,875,3664,-2704,1117,-1968,264,101,911,196,213,0
1560296,282,282,668,668,4431,-938,2336,-1894,-73,166,606,208,208,0
1563617,282,282,875,893,3078,-108,2852,-1774,-289,168,451,213,212,0
1566962,283,283,706,725,1428,550,2897,-1625,362,120,391,222,221,0
1570297,283,284,1062,275,1597,455,2347,-1474,83,116,262,203,229,0
1573621,284,284,968,368,1565,447,1866,-1335,175,145,68,208,240,0
1576963,285,285,556,125,1227,448,1259,-1223,42,170,139,230,253,0
1580297,285,286,518,68,862,355,937,-1134,-9,15,90,232,240,0
1583624,286,287,275,0,1551,559,951,-1050,-292,5,-59,245,246,0
1586963,287,287,31,425,1228,799,913,-969,-620,-166,-52,258,237,0
1590297,288,288,0,0,-2575,225,1015,-885,-181,-12,-96,256,253,0
1593627,288,289,181,106,-3640,143,1182,-791,250,6,17,250,238,0
1596984,289,290,387,256,-2810,342,1545,-682,24,-6,-49,249,240,0
1600318,290,291,31,31,-2038,879,1867,-564,111,-14,-60,268,252,0
1603630,291,291,0,387,-1864,1222,2006,-444,99,53,48,257,233,0
1606988,292,292,125,425,-1256,1046,1915,-327,-210,15,-125,247,231,0
1610322,292,293,443,350,-2419,887,1605,-219,-158,-89,-53,246,235,0
1613633,293,293,0,162,-3020,609,1652,-106,150,-64,39,269,245,0
1616987,294,294,0,106,-2117,223,1887,22,31,-46,21,267,248,0
1620322,295,295,0,87,-1894,144,1971,160,-60,-56,-14,255,249,0
1623636,295,296,350,0,-2217,-2,1984,302,2,22,-134,251,255,0
1626988,296,296,575,312,-1759,168,1975,444,135,70,102,239,253,0
1630323,297,297,0,0,-142,577,2205,591,410,14,384,258,258,0
1633640,298,298,350,0,1829,466,2446,745,413,-103,248,235,256,0
1636988,298,299,1081,125,3729,301,2629,907,452,-175,325,212,247,0
1640322,299,300,575,0,7114,-605,2645,1076,386,-129,224,223,248,0
1643643,300,300,537,256,8535,-1057,2963,1248,-290,-212,141,225,240,0
1646988,300,301,537,725,7655,-1877,3387,1443,-755,-250,391,229,203,0
1650322,301,302,12,893,2682,-4052,2800,1625,-860,137,825,241,178,0
1653647,302,302,12,1400,-2277,-4053,1787,1769,-151,117,868,241,167,0
1656988,302,303,687,1062,-3550,-3439,559,1844,107,397,1060,221,185,0
1660323,303,303,387,893,-1379,-1159,-657,1838,-322,477,920,221,194,0
1663649,304,304,425,612,-1501,249,-1620,1753,-301,330,581,219,209,0
1666989,304,304,912,1043,-1925,1449,-2156,1612,-455,160,305,209,202,0
1670323,305,305,331,856,-3001,2502,-2791,1436,-356,62,212,224,196,0
1673653,306,305,181,931,-4218,2057,-2839,1257,80,-130,32,232,208,0
1677010,306,306,425,500,-3803,1185,-2095,1118,178,-148,-8,235,231,0
1680345,307,307,12,0,-1382,525,-1205,1022,226,84,61,241,244,0
1683656,308,308,0,87,-378,828,-1258,943,38,-37,65,245,253,0
1687014,309,308,200,68,-303,938,-1682,862,-99,-81,104,231,254,0
1690347,309,309,125,0,80,411,-1609,782,278,5,-1,235,242,0
1693659,310,310,0,350,1112,317,-1660,701,223,30,47,245,223,0
1697014,311,311,200,293,2103,401,-1655,618,-169,37,74,243,238,0
1700347,311,311,593,312,1605,542,-1728,527,-13,28,-56,238,253,0
1703662,312,312,87,125,1753,508,-1532,431,213,-51,-77,249,247,0
1707014,313,313,0,31,2715,697,-1546,324,-55,36,-24,261,252,0
1710347,314,314,0,50,2348,999,-1893,202,-128,35,-81,261,251,0
1713666,314,314,50,143,1738,1061,-2181,74,67,-43,41,251,246,0
1717014,315,315,50,68,1591,872,-2288,-47,31,-40,-63,251,250,0
1720347,316,316,125,312,1730,594,-2392,-173,13,-70,-46,247,237,0
1723669,317,317,0,200,1890,694,-2387,-306,164,-29,51,255,243,0
1727015,318,317,162,537,2513,640,-2316,-440,-84,-2,-53,245,241,0
1730348,318,318,218,0,2230,231,-2141,-569,-288,-83,-9,242,256,0
1733672,319,319,0,312,-103,-117,-2416,-707,-328,-42,202,262,237,0
1737015,320,320,106,781,-2509,-416,-2552,-855,-142,-36,145,248,212,0
1740348,320,320,368,950,-3705,-688,-2494,-1010,-242,-371,432,234,203,0
1743675,321,321,762,856,-4096,-2264,-2347,-1165,482,-161,882,213,208,0
1747015,322,321,1025,931,-3036,-3950,-2226,-1317,855,-153,1110,189,210,0
1750348,322,322,1775,837,1960,-4257,-1313,-1451,-20,40,896,165,215,0
1753679,323,323,1362,612,2872,-4006,-154,-1562,117,13,963,171,211,0
1757036,323,323,1175,968,2645,-3349,1122,-1614,270,179,780,197,208,0
1760348,324,324,1043,1325,3159,-1526,2317,-1597,-116,176,749,204,189,0
1763681,324,325,912,968,1834,-473,2806,-1527,-67,177,547,211,208,0
1767039,325,325,743,743,593,377,2702,-1422,303,186,408,220,220,0
1770373,326,326,987,537,938,803,2287,-1300,215,61,332,207,231,0
1773684,326,327,1231,275,1352,647,2110,-1167,-1,127,184,194,245,0
1777040,327,327,593,350,510,762,1429,-1035,18,49,125,228,241,0
1780376,328,328,650,218,295,459,896,-918,173,148,71,225,248,0
1783688,328,329,462,125,1153,760,982,-822,-6,-6,41,235,237,0
1787041,329,330,50,0,1412,1114,868,-757,-400,-130,-87,257,246,0
1790382,330,330,0,275,-1245,642,697,-696,-307,-106,-165,261,245,0
1793691,331,331,0,12,-3045,187,1000,-612,250,25,-92,254,243,0
1797040,331,332,293,143,-2726,-25,1261,-523,31,-87,-60,254,246,0
1800382,332,333,181,106,-2142,444,1728,-417,36,32,-4,260,248,0
1803694,333,333,0,87,-1674,685,1950,-304,132,138,0,271,249,0
1807041,334,334,0,350,-852,752,1831,-193,-210,95,-104,256,235,0
1810382,335,335,162,387,-2177,1060,1441,-100,-111,-78,-26,245,233,0
1813697,335,335,368,481,-2835,869,1509,-5,19,-28,-40,250,244,0
1817041,336,336,462,575,-2463,777,1702,107,74,-113,87,245,239,0
1820383,337,337,0,12,-1599,595,1975,237,21,-74,0,266,253,0
1823700,338,338,0,162,-1816,16,1966,370,1,-51,-153,256,245,0
1827041,338,339,387,31,-2280,30,1905,504,93,-18,38,249,252,0
1830383,339,339,125,0,-1829,135,1933,639,128,3,55,247,260,0
1833704,340,340,0,50,-887,117,1985,773,251,43,236,256,251,0
1837041,341,341,368,12,453,502,2199,909,359,-130,292,234,253,0
1840383,341,342,1043,143,3539,-26,2184,1053,227,-119,138,214,246,0
1843708,342,343,650,0,5128,-599,2119,1199,348,34,299,219,255,0
1847062,343,343,443,0,6934,-656,2152,1344,163,-161,188,218,243,0
1850383,343,344,856,725,8672,-1492,2851,1506,-251,-295,312,212,203,0
1853710,344,344,256,1025,7008,-3483,2770,1662,-794,-26,611,228,187,0
1857066,345,345,68,1231,2243,-4589,2335,1776,-403,76,833,238,176,0
1860383,345,345,575,1531,-2820,-4509,942,1811,-56,292,901,227,176,0
1863714,346,346,237,1081,-2367,-3322,-189,1770,-24,429,944,229,184,0
1867066,347,347,481,762,-1129,-1297,-1039,1665,-365,394,990,216,201,0
1870383,347,347,762,987,-1738,1072,-1962,1516,-273,261,519,217,205,0
1873716,348,348,275,650,-1994,2303,-2476,1354,-420,7,195,227,207,0
1877067,349,348,31,1062,-3203,2720,-2654,1200,-314,-6,231,240,201,0
1880409,349,349,387,950,-4429,2243,-2246,1063,268,-101,212,237,207,0
1883720,350,350,0,500,-2575,1501,-1407,975,237,-86,-14,247,231,0
1887067,351,350,0,50,-1317,948,-911,918,-35,21,174,244,255,0
1890410,351,351,518,200,-520,1105,-1164,851,-14,99,73,230,247,0
1893723,352,352,106,0,-77,1183,-1569,775,76,-48,-6,236,250,0
1897067,353,353,87,275,47,994,-1526,706,258,-42,120,249,239,0
1900410,354,353,237,293,1554,760,-1512,627,103,70,-47,241,254,0
1903726,354,354,312,237,1965,1062,-1542,540,-99,51,-13,237,241,0
1907067,355,355,0,50,1645,1448,-1611,435,173,16,-3,254,251,0
1910410,356,356,0,12,2312,1505,-1513,327,108,25,-97,254,253,0
1913729,357,357,0,0,2510,1660,-1695,217,-123,47,17,254,266,0
1917068,357,357,425,218,1887,1873,-2087,107,-22,-42,-70,247,258,0
1920410,358,358,0,87,1317,1728,-2335,-13,17,-107,-41,255,249,0
1923732,359,359,0,143,1342,1436,-2243,-136,43,-17,-21,257,246,0
1927089,360,360,162,275,1662,1110,-2155,-265,69,-69,-104,245,239,0
1930411,360,360,218,0,2128,995,-2183,-395,56,-9,18,242,255,0
1933737,361,361,31,200,2272,896,-2162,-522,-189,-50,-85,252,243,0
1937092,362,362,237,293,1255,495,-2241,-652,-318,-292,299,241,238,0
1940411,363,363,312,725,-828,-714,-1974,-776,143,-274,472,237,215,0
1943739,363,363,650,1081,-807,-2007,-2086,-910,-301,-233,353,219,196,0
1947093,364,364,612,818,-1685,-3458,-2402,-1053,193,-440,689,211,200,0
1950411,365,364,1025,1062,-3488,-5605,-1919,-1179,450,-65,793,189,203,0
1953742,365,365,1006,631,-1315,-5808,-1560,-1295,384,16,691,190,210,0
1957093,366,366,818,368,1431,-5201,-10,-1385,376,118,860,200,224,0
1960411,366,366,1231,743,2886,-3832,1015,-1440,104,180,785,194,220,0
1963745,367,367,462,631,3157,-2359,1917,-1453,-5,288,624,219,210,0
1967093,368,367,518,931,2686,-1224,2253,-1412,-140,241,496,216,210,0
1970435,368,368,875,650,567,112,2099,-1340,208,121,407,213,225,0
1973748,369,369,650,68,741,588,1888,-1249,155,161,360,209,240,0
1977093,369,370,1100,12,1135,726,1748,-1133,79,155,158,201,243,0
1980439,370,370,687,218,1149,1044,1152,-1019,47,97,88,223,248,0
1983752,371,371,406,0,1236,1199,991,-905,186,105,87,222,246,0
1987094,371,372,575,200,2250,1251,985,-804,-19,-16,-104,229,233,0
1990440,372,373,406,12,2149,1742,806,-735,-419,-23,-31,238,243,0
1993755,373,373,50,500,445,1722,387,-695,-206,-149,-5,267,243,0
1997094,374,374,0,0,-1091,1042,812,-633,-35,84,-120,262,259,0
2000440,374,375,256,87,-1940,1116,950,-554,127,-204,55,256,249,0
2003758,375,376,143,200,-1231,1234,1532,-459,61,1,16,262,243,0
2007116,376,376,312,462,-328,1335,1676,-359,-21,58,-66,253,245,0
2010440,377,377,0,350,-400,1642,1567,-262,-90,16,-79,260,235,0
2013761,378,378,312,387,-893,1481,1521,-164,-144,-41,-96,237,233,0
2017117,378,379,350,312,-1571,1498,1388,-73,-30,-52,17,251,237,0
2020440,379,379,0,275,-1289,1506,1578,28,160,-49,70,257,239,0
2023764,380,380,12,106,-205,1183,1817,150,-127,33,-48,253,248,0
2027118,381,381,0,181,-811,1032,1686,276,34,-53,-59,262,244,0
2030441,381,382,425,0,-877,895,1722,399,-3,88,-88,247,254,0
2033768,382,383,106,0,-505,1014,1772,522,25,246,126,248,259,0
2037118,383,383,125,68,-711,1411,1881,649,613,-161,302,247,250,0
2040441,384,384,575,12,2025,773,2185,785,78,-255,384,223,253,0
2043771,384,385,762,275,2643,-707,2252,925,-111,-433,468,217,227,0
2047118,385,385,406,650,1673,-3928,2440,1063,437,-447,443,220,207,0
2050441,386,386,725,818,3518,-6491,2652,1211,-570,-159,589,203,198,0
2053774,386,387,668,706,2003,-7331,2747,1372,-646,111,647,206,188,0
2057118,387,387,143,912,-321,-6267,1487,1479,-85,281,665,234,193,0
2060443,388,388,125,856,-601,-4801,391,1540,-423,549,700,235,196,0
2063777,388,388,181,575,-1225,-2361,-800,1515,-480,433,730,232,211,0
2067118,389,389,256,856,-2506,422,-2155,1416,-144,186,539,228,196,0
2070447,389,389,893,1025,-2164,1843,-2349,1283,-282,257,531,210,203,0
2073780,390,390,387,987,-1930,3092,-2156,1145,-45,-32,413,221,189,0
2077119,391,391,0,800,-1999,2691,-1632,1028,-95,-139,226,249,199,0
2080450,392,391,0,1043,-1219,1318,-1326,928,-103,117,383,247,202,0
2083784,392,392,125,368,-1154,480,-852,847,162,-78,26,235,222,0
2087119,393,393,181,0,-611,78,-261,802,176,38,-13,232,247,0
2090453,394,393,68,68,30,286,-472,757,56,44,-61,238,254,0
2093787,394,394,725,481,636,532,-905,698,-60,-28,46,231,244,0
2097143,395,395,143,68,576,434,-905,644,126,99,47,246,250,0
2100456,396,396,218,87,782,526,-1116,597,58,-4,-96,242,249,0
2103791,397,396,200,537,1201,822,-1163,536,57,12,35,243,241,0
2107146,397,397,518,218,1422,1124,-1135,470,-16,48,19,242,258,0
2110459,398,398,68,50,1624,1099,-1006,391,135,-12,-10,250,251,0
2113794,399,399,0,0,2243,1226,-1117,304,-9,48,-15,259,254,0
2117151,400,400,0,31,2097,1326,-1469,209,-79,-27,-78,258,252,0
2120462,400,400,31,0,1734,1196,-1616,111,83,-156,34,252,254,0
2123796,401,401,12,143,1720,808,-1552,19,46,-39,-16,253,246,0
2127152,402,402,12,293,2042,174,-1550,-78,10,-76,-88,253,238,0
2130465,403,403,0,125,2131,141,-1515,-182,-55,51,19,254,247,0
2133800,403,403,87,181,1762,163,-1358,-277,-396,57,23,249,244,0
2137153,404,404,200,275,-764,-41,-1694,-384,-360,39,141,243,239,0
2140468,405,405,0,706,-3035,-6,-1740,-494,-228,-79,291,258,216,0
2143803,406,405,200,950,-3588,-490,-1839,-610,62,-199,388,233,209,0
2147153,406,406,762,762,-4230,-2616,-2018,-741,126,-302,697,203,203,0
2150472,407,407,1081,612,-3716,-4354,-2058,-876,677,-92,1088,186,211,0
2153806,407,407,1737,781,-35,-4786,-1429,-997,336,-101,979,167,218,0
2157154,408,408,1231,593,2580,-4303,25,-1079,127,-54,851,178,212,0
2160475,408,409,1418,687,2605,-3433,910,-1136,282,72,950,184,207,0
2163809,409,409,931,1100,2956,-1971,1728,-1129,211,162,783,210,201,0
2167154,410,410,556,875,2200,-402,2422,-1065,-14,68,527,214,197,0
2170478,410,410,912,668,747,333,2062,-976,196,108,472,211,224,0
2173812,411,411,818,631,525,833,1656,-857,202,78,379,216,226,0
2177154,411,412,1118,125,1457,546,1445,-738,-53,135,156,200,237,0
2180481,412,412,1062,162,662,851,806,-646,68,77,174,203,251,0
2183816,413,413,706,293,294,971,425,-581,200,119,85,222,244,0
2187154,413,414,462,31,2125,1041,385,-528,-80,53,-66,235,242,0
2190484,414,415,106,68,2121,1371,144,-497,-494,-76,-64,254,240,0
2193819,415,415,1043,1437,-40,1160,-29,-489,-163,-180,-49,262,241,0
2197155,416,416,556,500,-2012,193,350,-464,-128,53,-123,288,291,0
2200488,417,417,0,312,-2718,242,528,-419,220,-58,21,311,285,0
2203822,418,418,0,125,-2049,307,1073,-357,-24,59,-50,311,295,0
2207180,419,419,181,293,-1683,957,1073,-289,174,62,48,292,286,0
2210491,420,420,0,218,-981,935,1141,-217,-284,39,-141,292,274,0
2213825,421,421,537,387,-2055,1307,986,-150,-17,-44,-7,273,265,0
2217181,422,422,0,387,-2579,1344,1007,-88,49,-136,-66,291,265,0
2220494,422,423,87,106,-2126,1127,1288,-12,4,-128,109,297,280,0
2223828,423,424,12,0,-1599,557,1421,77,17,-30,-69,285,289,0
2227180,424,425,87,0,-1653,-205,1368,170,-70,23,-110,281,284,0
2230497,425,425,181,50,-1678,113,1423,263,189,76,-54,276,283,0
2233832,426,426,0,0,-1083,499,1571,361,42,-42,89,274,283,0
2237181,427,427,106,0,-1255,1113,1527,456,451,-62,192,264,282,0
2240500,428,428,368,0,798,719,1613,549,192,-4,247,250,272,0
2243835,428,429,612,0,2482,445,1575,651,349,-52,288,241,261,0
2247180,429,430,650,0,4945,-215,1564,754,363,-120,233,223,248,0
2250504,430,430,912,537,6358,-1375,1880,870,-93,-389,518,209,229,0
2253838,430,431,1268,1175,5311,-3588,1804,990,-352,-332,458,206,195,0
2257181,431,432,500,837,2287,-6986,1795,1110,-572,43,684,231,197,0
2260507,432,432,443,1025,-479,-6948,1159,1191,37,533,554,234,203,0
2263841,432,433,818,1118,-413,-5083,77,1193,-175,480,920,230,198,0
2267181,433,433,237,893,62,-2156,-1278,1124,-483,479,671,245,210,0
2270510,434,434,443,837,-816,284,-2034,1007,-474,387,437,234,213,0
2273845,435,435,650,818,-1587,2640,-2406,856,-592,-55,414,239,214,0
2277182,435,435,293,743,-3999,2463,-2255,721,105,167,264,242,218,0
2280513,436,436,256,800,-2761,3102,-1703,616,369,-262,184,244,215,0
2283848,437,437,0,350,-337,2889,-855,544,50,-66,-81,266,239,0
2287205,438,437,0,0,72,1941,-1205,481,132,-74,-176,264,258,0
2290516,438,438,125,0,422,1510,-1333,426,-45,-27,-46,251,264,0
2293851,439,439,350,406,1028,1835,-1356,372,-58,-60,6,251,248,0
2297210,440,440,200,275,1151,1822,-1728,313,65,-59,-46,259,255,0
2300520,441,441,0,0,873,1716,-1831,257,86,95,-3,258,254,0
2303854,442,441,387,387,1552,2014,-1614,196,29,165,-87,249,249,0
2307210,442,442,312,200,2067,2514,-1947,118,111,37,91,253,259,0
2310523,443,443,50,0,2309,2848,-2217,15,10,36,12,251,260,0
2313857,444,444,0,87,2221,3098,-2372,-91,-78,22,-118,267,249,0
2317215,445,445,0,125,1715,3394,-2491,-205,19,-48,32,262,247,0
2320527,446,445,0,200,2010,2996,-2497,-314,-201,-102,-46,259,259,0
2323860,446,446,0,162,1504,2123,-2216,-414,-359,-214,231,257,245,0
2327219,447,447,200,443,-445,956,-2367,-529,-119,-320,306,243,230,0
2330529,448,448,143,818,-639,-266,-2057,-637,-40,-421,384,246,210,0
2333864,448,448,575,1025,-646,-1732,-2361,-754,-308,-442,495,223,199,0
2337218,449,449,481,781,-2103,-3887,-2692,-882,-93,-273,361,228,212,0
2340532,450,449,387,818,-3047,-5302,-2655,-1014,-50,-154,411,233,226,0
2343867,450,450,818,575,-3117,-6079,-2197,-1131,681,-56,637,216,229,0
2347219,451,451,1062,575,-5,-4841,-1168,-1218,397,-11,674,203,229,0
2350536,452,452,781,162,2629,-3767,393,-1255,444,87,723,202,235,0
2353871,452,452,912,368,4104,-3055,1276,-1264,-28,149,582,211,240,0
2357219,453,453,462,593,3503,-1704,2183,-1254,-32,119,503,235,228,0
2360539,454,454,237,218,2448,-859,2553,-1231,29,0,330,231,232,0
2363873,454,454,725,312,1450,-421,2573,-1206,105,38,345,221,243,0
2367219,455,455,725,275,1260,-163,2620,-1161,131,132,201,221,245,0
2370542,456,456,856,0,1380,-93,2454,-1086,180,110,128,214,250,0
2373877,456,457,781,12,1891,-93,2176,-979,109,92,128,218,243,0
2377220,457,457,312,50,2134,34,1971,-853,-35,204,11,243,257,0
2380545,458,458,50,0,2021,335,1948,-717,-187,47,-29,241,246,0
2383880,458,459,312,68,1319,617,1535,-599,-213,-95,27,243,240,0
2387220,459,460,106,293,-910,455,1828,-489,-60,-42,-18,254,228,0
2390549,460,460,0,312,-1582,358,2051,-398,117,-75,-58,248,227,0
2393883,461,461,106,425,-1045,578,2411,-285,118,-98,17,248,231,0
2397221,461,462,425,350,-77,510,2788,-156,-126,41,-85,247,235,0
2400552,462,463,0,0,-586,537,2734,-28,-50,24,-38,254,240,0
2403886,463,463,87,481,-1030,545,2664,108,78,-8,-21,249,228,0
2407241,464,464,0,312,-806,312,2532,244,-108,-3,-24,259,237,0
2410555,465,465,537,218,-1216,509,2361,369,194,-98,117,241,242,0
2413890,465,465,0,200,-518,401,2646,512,-54,31,-49,257,243,0
2417245,466,466,50,0,-74,6,2695,666,-132,19,-92,251,255,0
2420558,467,467,50,0,-9,63,2586,821,402,-68,188,251,256,0
2423892,468,468,706,143,2095,-99,2850,988,108,95,255,232,246,0
2427245,468,469,575,0,3160,607,2765,1152,-72,107,465,223,250,0
2430562,469,469,518,200,2887,1389,2465,1298,-340,-26,639,226,243,0
2433896,470,470,912,762,2141,1107,2000,1435,-682,-145,802,221,213,0
2437245,470,471,1006,1250,-1377,-200,1113,1534,-428,-206,1019,216,187,0
2440565,471,471,612,1250,-2768,-1062,604,1626,-249,-180,1063,221,187,0
2443900,472,472,818,818,-2201,-1641,-110,1707,-134,-26,740,214,198,0
2447245,472,472,912,987,-1200,-1720,-889,1762,-74,-23,602,209,205,0
2450568,473,473,406,537,-734,-1566,-1120,1796,-318,97,307,220,213,0
2453902,473,473,762,687,-1028,-1395,-1328,1791,-289,149,246,217,221,0
2457246,474,474,368,818,-1926,-673,-1598,1729,-29,67,130,238,214,0
2460571,475,475,0,725,-1575,-62,-1733,1635,46,131,182,243,203,0
2463905,475,475,612,612,-579,665,-1693,1514,58,174,0,225,225,0
2467246,476,476,462,68,-107,1471,-1410,1390,-12,-112,48,233,254,0
2470574,477,477,162,0,-377,1315,-1316,1268,166,13,69,233,243,0
2473909,478,478,125,425,338,984,-1270,1147,127,-52,-53,235,235,0
2477246,478,478,350,106,1921,932,-1339,1028,-28,-37,55,239,252,0
2480578,479,479,0,31,1808,751,-1364,918,23,23,-2,247,240,0
2483912,480,480,162,275,1747,266,-1471,810,45,4,-25,233,227,0
2487268,480,481,368,125,1880,268,-1401,705,28,-40,49,238,235,0
2490581,481,481,0,12,2012,419,-1349,615,24,-24,-56,244,241,0
2493915,482,482,350,387,2091,176,-1374,515,23,-58,-60,235,233,0
2497271,483,483,0,143,2359,153,-1288,411,8,-4,1,259,246,0
2500584,483,484,12,0,2500,241,-1408,291,-19,-7,-77,253,256,0
2503919,484,484,68,0,2390,253,-1691,151,24,5,3,250,256,0
2507271,485,485,106,218,2470,485,-1810,9,51,47,1,248,242,0
2510587,486,486,0,200,2803,425,-1963,-134,-139,-14,-84,257,243,0
2513921,486,487,162,0,1837,412,-2097,-279,-321,2,139,245,249,0
2517272,487,487,200,425,-913,177,-2113,-419,-394,16,190,243,231,0
2520590,488,488,0,518,-3089,-379,-2045,-565,-337,-154,165,258,226,0
2523924,489,489,350,706,-4696,-912,-2062,-714,-284,-71,132,235,216,0
2527273,489,489,275,612,-6647,-1348,-2286,-866,-360,-45,-57,239,221,0
2530593,490,490,125,631,-8801,-1616,-2610,-1037,187,121,231,247,220,0
2533928,491,491,687,462,-8714,-2361,-2550,-1203,1129,23,1065,217,229,0
2537272,491,491,1812,500,-1465,-2491,-1869,-1338,1116,27,1121,173,243,0
2540596,492,492,1400,218,3880,-2152,-1030,-1433,221,-80,1032,179,242,0
2543931,492,493,1512,406,5491,-1113,531,-1451,-91,-89,901,179,222,0
2547272,493,493,1343,837,4365,-285,1397,-1426,-104,-92,835,188,215,0
2550600,494,494,706,762,3191,46,2090,-1358,-65,-44,443,206,203,0
2553935,494,495,893,987,2304,-217,2539,-1250,114,102,410,212,191,0
2557273,495,495,725,1006,2070,-380,1997,-1153,130,171,277,221,206,0
2560603,496,496,875,518,2161,-521,1768,-1056,-30,58,146,213,216,0
2563961,496,496,912,462,1113,-386,942,-977,-189,49,135,211,235,0
2567294,497,497,462,106,-1468,-245,501,-907,-107,76,86,235,254,0
2570606,498,498,500,125,-2844,-167,499,-839,161,56,168,233,237,0
2573965,498,499,368,0,-2199,300,391,-782,257,46,27,240,244,0
2577298,499,499,87,462,-767,461,350,-730,-411,32,-171,255,235,0
2580610,500,500,125,0,-2959,342,34,-690,-272,-68,32,237,257,0
2583967,500,501,275,0,-4134,-40,157,-643,277,-28,1,245,244,0
2587297,501,502,181,68,-3045,-237,365,-589,-53,1,-109,250,240,0
2590613,502,503,218,350,-3486,-53,435,-529,-143,-42,-122,258,251,0
2593971,503,503,0,200,-4321,-71,689,-464,305,16,54,258,243,0
2597298,504,504,0,256,-2972,-99,784,-397,26,87,-21,256,240,0
2600616,504,505,406,537,-3069,471,613,-335,-181,-73,-60,248,225,0
2603974,505,505,293,650,-4088,527,656,-274,33,8,33,254,235,0
2607299,506,506,0,443,-3836,104,764,-207,-59,-65,-29,255,230,0
2610619,507,507,50,293,-3985,65,905,-125,144,-58,1,251,238,0
2613977,507,508,443,200,-4030,-53,920,-40,158,-61,76,246,243,0
2617298,508,508,50,0,-2360,-458,961,50,259,-140,320,251,255,0
2620623,509,509,106,31,-516,-831,1146,152,289,-34,294,248,252,0
2623980,510,510,125,0,1751,-1233,1483,264,312,-17,207,247,255,0
2627298,510,511,781,162,3489,-1196,1935,388,502,-106,250,228,245,0
2630625,511,512,387,0,6150,-1076,2286,524,280,-39,171,233,264,0
2633981,512,512,443,0,8130,-1210,2715,681,237,-31,231,230,258,0
2637299,512,513,818,125,9495,-1132,2867,852,184,-77,53,226,247,0
2640629,513,514,331,31,10651,-1254,3144,1030,-12,-18,50,240,240,0
2643986,514,515,0,181,11194,-1144,3328,1192,-386,296,249,254,216,0
2647320,515,515,106,1193,8630,174,3379,1330,-1034,84,663,236,178,0
2650632,515,515,218,1568,3659,320,2734,1399,-980,-22,896,230,158,0
2653989,516,516,256,1625,-3732,-1069,1145,1391,-512,92,952,228,155,0
2657324,516,516,1043,1531,-5725,-1194,989,1356,31,312,1071,202,176,0
2660635,517,517,706,968,-4572,-635,737,1300,182,281,802,204,190,0
2663989,518,517,256,1137,-1508,-299,-9,1237,-12,219,748,228,197,0
2667324,518,518,893,1043,-474,64,-685,1161,-614,300,82,210,202,0
2670638,519,519,462,725,-2349,944,-1343,1089,-258,160,-9,217,203,0
2673990,520,519,537,575,-4310,1044,-1477,1028,5,64,-114,213,227,0
2677324,520,520,556,500,-4068,1624,-1241,973,110,-52,-9,228,231,0
2680641,521,521,0,0,-3226,1564,-1277,921,211,-131,3,251,245,0
2683990,522,521,0,162,-2184,580,-827,884,166,-106,69,242,249,0
2687325,522,522,425,0,-658,531,-867,856,59,48,139,235,259,0
2690644,523,523,443,537,-187,975,-1327,810,227,-14,152,246,241,0
2693990,524,524,237,125,1423,1048,-1423,754,275,-85,26,241,247,0
2697325,525,525,0,106,1988,772,-1222,702,81,1,53,263,248,0
2700648,526,525,0,275,2225,736,-1143,645,-13,75,-186,258,255,0
2703990,526,526,312,87,2594,1245,-1167,584,-71,16,-89,253,265,0
2707325,527,527,0,68,1790,1326,-1398,521,-107,-14,-19,256,250,0
2710651,528,528,0,31,1147,1045,-1555,452,-79,-25,-138,257,252,0
2713991,529,529,0,87,268,1014,-1910,368,11,-11,12,266,249,0
2717326,529,529,31,87,460,1039,-2004,277,137,-117,-33,252,249,0
2720654,530,530,181,143,930,879,-1978,187,144,2,-4,244,246,0
2724012,531,531,12,162,1903,862,-1819,100,42,11,5,253,245,0
2727346,532,532,200,162,2295,744,-1893,5,-74,-3,-96,243,245,0
2730657,532,532,181,162,1917,627,-2095,-106,-7,34,105,244,245,0
2734015,533,533,312,125,1764,404,-1985,-228,-2,-185,290,237,247,0
2737350,534,534,518,350,1305,-812,-1918,-360,-451,-354,363,226,235,0
2740662,534,535,875,706,-204,-2618,-1950,-505,138,-129,650,213,222,0
2744016,535,535,912,1118,348,-4052,-1698,-648,-40,-105,756,195,184,0
2747350,536,536,1175,912,1860,-4437,-933,-776,64,-62,769,181,195,0
2750664,536,536,1475,1193,1735,-4813,-374,-891,126,19,821,181,196,0
2754016,537,537,912,650,1293,-4186,807,-972,-63,286,894,195,209,0
2757350,537,537,1006,1231,1135,-2575,1730,-1003,-162,281,761,206,194,0
2760667,538,538,743,1081,35,-196,1832,-981,362,-15,688,220,202,0
2764017,538,539,1043,556,510,1241,1940,-952,384,84,681,204,214,0
2767350,539,539,1006,293,1734,1320,1798,-919,103,148,443,206,244,0
2770671,540,540,968,218,2091,1020,1762,-863,72,77,192,208,248,0
2774016,540,541,912,0,1606,749,1470,-796,36,5,100,211,248,0
2777351,541,541,556,125,1477,638,1089,-720,108,4,33,230,253,0
2780673,542,542,462,218,2657,255,940,-644,-115,136,-172,235,248,0
2784017,542,543,500,0,1613,433,460,-591,31,18,27,233,248,0
2787351,543,544,68,12,1248,794,529,-535,-120,-92,41,256,243,0
2790677,544,545,387,331,890,548,651,-489,-21,-59,-49,249,252,0
2794017,545,545,31,387,-9,-27,760,-438,111,-79,-42,268,249,0
2797351,545,546,350,87,-222,-165,966,-366,8,-49,-84,251,249,0
2800680,546,547,200,518,-295,245,1104,-287,114,39,-11,259,226,0
2804038,547,547,181,556,420,582,1333,-207,23,63,13,260,240,0
2807352,548,548,0,218,326,513,1096,-137,-194,-11,-70,256,242,0
2810683,549,549,12,406,-565,507,1138,-65,72,-60,8,253,232,0
2814038,550,550,0,125,-264,432,1412,22,-17,-28,-24,254,247,0
2817375,550,551,368,143,-30,454,1446,115,-42,-69,55,250,246,0
2820686,551,551,0,0,-98,244,1490,222,95,-43,-51,264,260,0
2824042,552,552,12,0,328,-286,1504,331,-30,104,-152,253,265,0
2827375,553,553,87,0,-85,24,1443,438,66,-4,-2,249,254,0
2830689,553,554,275,0,-23,179,1504,542,69,44,32,239,254,0
2834042,554,555,143,0,-39,466,1645,653,-8,4,-29,246,253,0
2837376,555,555,331,68,-221,695,1628,769,55,-69,-10,236,250,0
2840693,556,556,0,0,203,359,1648,882,54,-31,3,242,245,0
2844042,556,557,125,106,127,-48,1679,995,-6,-164,511,235,220,0
2847375,557,557,181,818,135,-1054,1879,1114,-435,-120,631,232,198,0
2850696,558,558,668,1118,-1244,-2468,1391,1211,-162,28,801,206,182,0
2854043,558,558,856,1062,-2553,-3585,1124,1275,-123,120,925,196,185,0
2857376,559,559,875,1231,-2480,-3606,292,1296,-66,165,954,195,176,0
2860699,559,559,1343,1287,-1808,-2630,-306,1261,-52,312,1150,186,189,0
2864043,560,560,500,725,-419,-957,-1229,1169,-377,210,774,215,203,0
2867376,560,561,950,818,-373,-199,-1726,1058,-200,293,740,207,198,0
2870702,561,561,631,1025,-502,818,-1872,939,-388,111,458,224,203,0
2874044,562,562,0,650,-1610,1554,-1724,828,-124,-6,183,249,207,0
2877377,563,562,0,912,-1531,1645,-1612,723,137,23,250,247,209,0
2880706,563,563,350,706,-445,1220,-1233,639,118,18,-148,239,220,0
2884064,564,564,0,0,542,779,-683,583,221,-36,-88,253,245,0
2887377,565,565,0,0,997,605,-902,526,93,24,14,242,243,0
2890708,566,565,256,331,1245,766,-1258,472,104,13,97,240,252,0
2894065,566,566,593,331,2339,876,-1121,420,13,-88,57,238,252,0
2897401,567,567,275,87,2407,721,-1164,364,118,51,-62,239,249,0
2900712,568,568,0,556,2673,570,-1291,300,134,45,-96,256,240,0
2904068,569,568,87,200,3342,991,-1256,230,-81,20,10,249,259,0
2907404,569,569,12,0,2967,1087,-1286,155,68,22,-34,253,258,0
2910716,570,570,0,0,3155,904,-1434,69,9,14,-62,260,254,0
2914069,571,571,0,0,3135,1130,-1762,-19,-85,37,-4,260,254,0
2917405,572,571,0,481,2480,1163,-1967,-116,5,-78,-69,254,244,0
2920718,572,572,106,0,2304,978,-1954,-222,81,-102,-6,248,259,0
2924068,573,573,275,50,2924,690,-1842,-324,62,-14,-54,239,251,0
2927410,574,574,0,162,3306,458,-1833,-428,-162,-46,-57,258,245,0
2930721,575,575,0,12,2992,353,-1744,-530,-285,-70,90,248,237,0
2934069,575,575,143,200,767,53,-2034,-638,-335,-9,32,246,243,0
2937410,576,576,162,781,-1094,3,-2230,-755,-86,-65,63,245,212,0
2940724,577,577,12,968,-2724,252,-2371,-881,-609,-75,185,243,192,0
2944070,578,577,125,1100,-6273,-157,-2507,-1010,-489,-33,139,237,201,0
2947412,578,578,650,893,-8040,-756,-2754,-1147,197,-308,354,209,196,0
2950728,579,578,837,875,-7965,-2205,-2788,-1287,312,-152,302,199,213,0
2954069,579,579,1493,593,-7449,-5473,-2695,-1430,964,74,902,180,228,0
2957411,580,580,1062,293,-2438,-5763,-2467,-1550,640,77,759,187,228,0
2960731,580,580,1568,518,2515,-4531,-876,-1613,-165,227,780,176,232,0
2964070,581,581,987,612,3175,-2628,475,-1607,331,175,878,207,227,0
2967411,582,582,500,293,3403,-830,1389,-1554,-4,200,599,217,228,0
2970734,582,582,781,593,2838,532,2136,-1449,204,66,440,218,228,0
2974091,583,583,912,331,2232,976,2291,-1324,330,85,386,211,242,0
2977411,584,584,706,31,3062,684,2186,-1197,161,36,154,206,242,0
2980737,584,585,837,237,3313,336,1547,-1095,121,-54,86,215,231,0
2984095,585,585,425,87,2855,-144,1079,-1010,-10,13,49,237,255,0
2987412,586,586,125,0,2213,-96,1121,-937,-352,140,-11,237,249,0
2990740,586,587,575,31,1472,316,1206,-878,-105,-61,-47,239,252,0
2994095,587,588,143,368,929,296,1196,-812,-188,-12,-67,262,234,0
2997412,588,588,0,181,-1070,176,1343,-731,-32,90,-3,267,244,0
3000744,589,589,0,425,-1618,581,1645,-645,227,90,-15,257,231,0
