Time, Rlegs, Llegs, DCL, DCR, GyroX, GyroY, GyroZ, GyroZAvg, AccelX, AccelY, AccelZ, LBEMF, RBEMF, SteerOut
3301,259,256,0,331,192,-144,-144,-144,-23,0,221,22,23,0
6623,259,256,0,331,190,-143,-145,-144,-21,0,224,22,23,0
9969,259,256,0,331,191,-143,-144,-144,-21,0,220,22,23,0
13301,259,256,0,331,193,-143,-144,-144,-22,1,220,22,23,0
16626,259,256,0,331,192,-143,-141,-144,-22,-1,221,22,23,0
19968,259,256,0,331,194,-145,-143,-144,-23,-1,218,22,23,0
23302,259,256,0,331,191,-143,-145,-144,-26,0,223,22,23,0
26629,259,256,0,331,190,-147,-143,-144,-22,-4,220,22,23,0
29968,259,256,0,331,190,-146,-145,-144,-21,-4,223,22,23,0
33302,259,256,0,331,190,-143,-143,-144,-25,0,223,22,23,0
36632,259,256,0,331,191,-142,-145,-144,-20,-2,227,23,23,0
39969,259,256,0,331,191,-141,-144,-144,-25,-1,221,22,23,0
43302,259,256,0,331,191,-141,-145,-144,-23,-1,224,22,23,0
46636,259,256,0,331,193,-145,-144,-144,-22,0,223,22,23,0
49990,259,256,0,331,192,-144,-142,-144,-20,-3,217,22,23,0
53304,259,256,0,331,191,-144,-145,-144,-23,0,220,22,23,0
56639,259,256,0,331,192,-145,-145,-144,-18,-2,219,22,23,0
59993,259,256,0,331,190,-146,-143,-144,-19,0,216,22,23,0
63327,259,256,0,331,192,-146,-144,-144,-18,0,219,22,23,0
66643,259,256,0,331,193,-143,-144,-144,-24,-1,227,22,23,0
69994,259,256,0,331,192,-143,-145,-144,-19,-2,226,22,23,0
73330,259,256,0,331,193,-142,-145,-144,-21,-3,223,22,23,0
76645,259,256,0,331,192,-141,-144,-144,-20,-2,226,22,23,0
79994,259,256,0,331,192,-143,-144,-144,-24,-1,218,22,23,0
83335,259,256,0,331,193,-147,-145,-144,-21,0,218,22,23,0
86648,259,256,0,331,191,-147,-144,-144,-23,-2,223,22,23,0
89994,259,256,0,331,191,-145,-142,-144,-21,1,222,22,23,0
93336,259,256,0,331,193,-147,-144,-144,-18,-4,222,22,23,0
96653,259,256,0,331,192,-145,-144,-144,-17,-3,227,22,23,0
99994,259,256,0,331,191,-144,-144,-144,-25,3,229,22,23,0
103401,0,0,0,0,191,-143,-145,-144,-22,-2,226,22,23,0
106655,0,0,0,0,191,-143,-145,-144,-21,-3,221,22,23,0
109995,0,0,0,0,193,-144,-144,-144,-23,-1,223,22,23,0
116659,0,0,0,0,192,-140,-144,-144,-24,-1,223,22,23,0
119995,0,0,0,0,192,-143,-142,-143,-22,0,225,22,23,0
123337,0,0,0,0,191,-145,-145,-144,-20,0,219,22,23,0
130016,0,0,0,0,191,-144,-145,-144,-19,-1,223,22,23,0
133337,0,0,0,0,189,-145,-144,-144,-23,-2,223,22,23,0
136665,0,0,0,0,191,-146,-144,-144,-23,0,222,22,23,0
140020,0,0,0,0,188,-144,-144,-144,-23,1,219,22,23,0
143337,0,0,0,0,191,-143,-145,-144,-24,0,223,22,23,0
146668,0,0,0,0,189,-145,-147,-144,-22,-2,222,22,23,0
150020,0,0,0,0,191,-141,-146,-144,-23,0,217,22,23,0
153337,0,0,0,0,190,-141,-142,-144,-18,-1,222,22,23,0
156671,0,0,0,0,193,-145,-142,-144,-21,-1,221,22,23,0
160021,0,0,0,0,192,-141,-143,-144,-22,-1,221,22,23,0
163340,0,0,0,0,192,-144,-143,-144,-24,1,223,22,23,0
166674,0,0,0,0,192,-145,-145,-144,-19,-4,219,22,23,0
170021,0,0,0,0,192,-144,-143,-144,-22,1,227,22,23,0
173363,0,0,0,0,192,-143,-142,-144,-20,-2,222,22,23,0
176677,0,0,0,0,192,-144,-148,-144,-25,-1,227,22,23,0
180021,0,0,0,0,191,-145,-144,-144,-23,1,219,22,23,0
183363,0,0,0,0,192,-145,-146,-144,-22,-1,221,22,23,0
186680,0,0,0,0,190,-147,-144,-144,-21,-1,225,22,23,0
190021,0,0,0,0,190,-142,-148,-144,-23,1,228,22,23,0
193364,0,0,0,0,191,-144,-146,-144,-21,-2,214,23,23,0
196684,0,0,0,0,191,-143,-145,-144,-24,0,220,22,23,0
200021,0,0,0,0,192,-144,-142,-144,-23,-5,221,22,23,0
203367,0,0,1062,1062,190,-144,-144,-144,-25,2,219,0,0,0
206687,1,0,0,31,181,-156,-145,-144,-28,-8,211,51,55,0
210024,1,0,0,0,95,-233,-157,-144,-11,4,220,58,59,0
213367,1,0,0,50,73,-213,-194,-146,-7,-6,218,51,54,0
216690,1,0,200,275,186,-203,-194,-147,-44,2,217,46,58,0
220046,1,0,106,68,183,-270,-197,-149,-69,19,225,51,69,0
223367,1,1,143,0,33,-295,-232,-152,-28,-3,233,49,69,0
226693,1,1,425,143,90,-286,-265,-156,-55,-5,219,50,65,0
230049,1,1,181,12,216,-245,-254,-159,-87,0,227,63,72,0
233368,2,1,0,68,-11,-228,-274,-163,-30,-1,235,67,69,0
236697,2,1,0,125,-26,-229,-300,-168,-15,2,227,58,66,0
240049,2,2,350,68,180,-219,-255,-171,-48,-4,225,54,69,0
243368,2,2,143,87,134,-239,-228,-174,-20,-8,220,65,68,0
246701,2,2,162,68,44,-259,-203,-176,-66,-9,232,64,69,0
250050,2,2,481,368,-94,-311,-209,-178,-45,-2,226,63,69,0
253392,3,2,0,218,-183,-308,-181,-179,-32,-7,226,79,77,0
256703,3,3,50,0,-223,-299,-128,-178,-34,9,248,70,82,0
260050,3,3,293,0,-270,-321,-74,-176,-18,11,232,57,75,0
263396,3,3,481,275,-281,-350,12,-171,-47,9,237,63,74,0
266706,3,3,218,162,-355,-382,96,-164,-40,-12,235,77,80,0
270050,4,4,0,0,-541,-431,197,-153,53,15,211,79,77,0
273396,4,4,425,293,-349,-487,297,-140,16,33,216,66,73,0
276709,4,4,350,218,-153,-495,367,-124,9,44,231,70,77,0
280051,4,4,237,106,-20,-481,413,-106,11,49,198,76,83,0
283396,4,4,256,218,290,-258,532,-85,-45,80,197,75,77,0
286714,5,5,181,181,450,113,539,-64,-70,52,209,79,79,0
290051,5,5,275,181,234,295,567,-41,-62,19,228,74,79,0
293396,5,5,331,256,143,277,634,-17,-7,49,258,71,75,0
296717,5,5,631,631,238,263,669,8,-49,19,257,71,71,0
300074,6,6,125,181,140,213,671,33,-90,4,246,82,79,0
303396,6,6,218,312,-208,47,674,59,-83,6,258,77,72,0
306719,6,6,518,293,-532,-168,568,81,-5,7,242,61,73,0
310073,6,6,556,425,-533,-442,521,102,-25,33,253,75,82,0
313397,6,7,312,106,-512,-580,489,121,-41,-1,225,88,83,0
316722,7,7,12,256,-611,-764,426,140,-28,5,218,88,75,0
320074,7,7,668,668,-501,-873,290,155,-1,25,236,69,69,0
323396,7,7,406,387,-233,-808,344,172,1,32,191,83,84,0
326726,7,7,275,406,-74,-598,453,192,-52,57,164,90,83,0
330075,8,8,68,387,23,-287,549,216,-62,56,195,96,79,0
333399,8,8,312,425,-225,-143,596,243,-92,58,206,83,77,0
336728,8,8,312,387,-665,-54,615,270,35,31,238,83,79,0
340075,8,8,537,762,-711,-43,633,299,66,45,236,87,75,0
343397,9,9,106,275,-401,57,654,329,-9,71,230,94,85,0
346732,9,9,331,350,-165,123,852,363,-4,41,223,82,81,0
350075,9,9,331,443,-417,-59,853,397,-11,31,205,82,76,0
353401,9,9,556,706,-662,-308,832,429,45,67,225,86,78,0
356735,10,10,162,275,-583,-333,831,462,77,88,221,91,85,0
360075,10,10,350,331,-197,-164,828,493,37,44,224,81,82,0
363404,10,10,368,312,18,-128,781,522,45,73,217,80,83,0
366739,11,10,275,612,84,-167,715,546,36,53,209,85,83,0
370075,11,11,256,125,129,-168,592,564,42,73,233,86,93,0
373407,11,11,350,256,372,-128,686,583,5,19,227,81,86,0
376741,11,11,293,331,465,-210,634,597,-41,41,213,84,82,0
380100,12,11,87,631,179,-381,538,604,65,62,196,95,82,0
383411,12,12,68,143,237,-357,430,606,64,60,205,96,92,0
386745,12,12,237,181,677,-226,486,608,2,39,150,87,90,0
390103,12,12,125,218,697,-20,606,611,-95,32,146,93,88,0
393413,13,12,0,500,174,-29,629,613,-8,22,142,100,89,0
400104,13,13,125,143,-17,-51,613,613,3,46,178,93,92,0
403416,14,13,0,237,136,78,608,611,69,12,199,97,87,0
406751,14,14,12,181,450,101,595,609,-13,16,191,99,90,0
410109,14,14,181,87,354,18,575,606,-60,53,179,90,95,0
413421,14,14,143,106,-62,15,541,605,18,20,167,92,94,0
416754,15,15,0,237,-109,79,457,603,71,13,185,99,87,0
420109,15,15,162,68,348,205,476,603,57,19,170,91,96,0
423424,15,15,68,31,493,228,448,603,-15,6,199,96,98,0
426757,16,15,0,181,417,159,388,606,-5,-34,205,101,90,0
430110,16,16,68,200,310,41,388,608,37,-29,250,96,89,0
433426,16,16,68,162,396,-33,380,606,53,35,199,96,91,0
436760,17,16,31,0,556,-101,366,600,42,6,244,98,102,0
440110,17,17,0,0,936,-82,336,592,6,-46,232,105,97,0
443429,17,17,0,125,902,-122,261,581,-35,-49,233,107,93,0
446764,17,17,0,0,547,-131,182,567,-23,-35,236,107,100,0
450110,18,18,0,0,296,21,140,550,-27,-40,234,114,93,0
453433,18,18,0,162,261,86,101,527,18,-36,251,114,96,0
456767,19,18,0,0,406,143,21,501,5,-53,233,120,105,0
460110,19,18,0,87,375,196,-72,473,-49,-52,203,127,100,0
463436,19,19,0,0,283,279,-150,442,-52,-53,227,127,97,0
466770,20,19,0,87,126,299,-242,409,-71,-59,223,138,100,0
470111,20,19,0,162,-316,223,-389,372,-45,-38,198,132,96,0
473439,21,20,0,0,-529,247,-474,335,-14,-41,184,144,94,0
476773,21,20,0,293,-503,383,-674,295,-24,-76,232,140,89,0
480111,22,20,0,181,-545,391,-722,251,-21,-68,169,148,95,0
483442,22,21,0,0,-620,414,-780,207,-114,-60,163,144,98,0
486776,23,21,0,0,-939,471,-791,166,43,-39,217,152,95,0
490135,23,21,0,181,-610,675,-811,127,125,-105,339,144,95,0
493446,24,22,0,0,357,841,-611,93,33,-144,350,150,92,0
496780,24,22,0,0,728,649,-493,58,-145,-150,370,140,91,0
500137,25,22,0,368,122,252,-288,30,15,-179,390,143,85,0
503448,25,22,0,275,146,20,-78,9,75,-223,340,129,90,0
506783,26,23,0,0,686,-238,86,-7,5,-196,312,122,94,0
510136,26,23,0,125,850,-461,101,-22,41,-116,280,108,82,0
513452,26,23,0,462,794,-440,19,-40,7,-129,291,101,80,0
516787,27,23,0,237,500,-448,-24,-59,-13,-123,268,90,92,0
520137,27,24,0,50,187,-607,-2,-76,3,-93,200,79,86,0
523455,27,24,0,481,-36,-698,-30,-91,-36,-70,178,64,79,0
526789,27,24,87,218,-369,-744,-72,-108,63,-38,181,52,93,0
530137,27,25,181,0,-222,-825,-92,-125,80,-33,186,47,93,0
533458,27,25,162,143,120,-956,-59,-139,-12,3,175,48,81,0
536792,27,25,331,368,224,-1040,-57,-153,0,21,176,55,85,0
540137,28,25,0,181,135,-1065,-22,-166,-3,43,173,66,95,0
543461,28,26,31,50,-8,-934,39,-176,-25,68,141,55,86,0
546796,28,26,481,556,-457,-526,-209,-193,38,80,142,47,75,0
550138,28,26,218,312,-487,-266,-144,-206,77,32,241,61,88,0
553464,28,26,181,256,-28,-460,-177,-217,113,10,257,63,91,0
556799,28,27,275,125,547,-910,-86,-224,-33,32,231,58,82,0
560138,29,27,106,481,509,-1085,-124,-231,15,93,232,67,79,0
563468,29,27,87,350,372,-1087,-170,-237,6,49,255,68,86,0
566802,29,27,368,368,312,-1122,-2,-235,-14,32,227,53,85,0
570138,29,28,631,593,271,-1148,200,-224,-4,101,230,55,73,0
573471,29,28,350,575,163,-955,221,-209,-3,126,256,70,74,0
576805,29,28,368,500,0,-620,314,-187,19,44,231,69,78,0
580162,30,28,218,631,113,-607,423,-159,34,47,289,72,82,0
583474,30,29,218,293,276,-702,486,-123,10,113,295,72,84,0
586808,30,29,537,406,335,-700,569,-83,-33,105,247,55,78,0
590167,30,29,762,762,168,-724,674,-37,-16,97,229,59,75,0
593477,30,29,593,650,161,-843,776,11,9,117,247,68,81,0
596812,31,30,462,312,385,-909,827,62,-1,116,228,75,83,0
600166,31,30,275,462,700,-781,872,108,-44,134,176,69,75,0
603481,31,30,725,762,559,-593,805,149,-19,138,172,61,75,0
606815,31,30,537,481,338,-346,725,180,26,117,199,71,90,0
610171,31,31,462,125,540,-170,683,204,3,93,214,75,93,0
613484,32,31,162,331,693,-21,636,221,0,146,205,75,82,0
616818,32,31,575,706,718,129,472,233,3,134,202,69,78,0
620175,32,31,575,406,779,160,411,245,10,131,230,69,94,0
623487,32,32,462,125,1003,88,306,256,3,121,193,75,93,0
626822,32,32,462,293,1240,90,152,260,-47,130,177,75,84,0
630175,33,32,368,537,1258,160,23,262,-32,127,197,80,87,0
633490,33,32,425,350,1269,235,-94,261,-49,89,214,77,97,0
640175,33,33,406,293,1026,462,-485,241,-75,111,202,78,84,0
643493,34,33,218,406,916,544,-622,223,-26,97,213,88,94,0
650176,34,34,425,181,1116,460,-865,172,-81,90,212,77,90,0
653496,34,34,331,87,958,461,-1042,146,-26,80,209,82,95,0
656831,35,34,106,387,869,510,-1226,112,0,90,210,94,95,0
660176,35,35,218,0,979,611,-1335,76,-34,35,200,88,109,0
663500,35,35,293,0,887,657,-1387,35,-22,32,191,84,112,0
666834,35,36,200,0,890,721,-1516,-7,10,33,216,89,101,0
670177,36,36,0,0,1103,836,-1544,-50,31,46,170,100,100,0
673503,36,36,143,0,1281,846,-1504,-97,-3,21,186,92,108,0
676837,36,37,125,0,1381,778,-1477,-150,31,10,177,93,105,0
680177,37,37,0,0,1495,796,-1514,-204,-1,-20,139,104,110,0
683506,37,37,31,0,1542,784,-1541,-262,49,-4,161,98,116,0
686840,37,38,50,0,1722,705,-1629,-326,-32,-29,172,97,112,0
690198,38,38,0,0,1632,573,-1611,-391,12,-30,173,101,120,0
693510,38,38,0,0,1567,353,-1561,-458,-48,-1,141,103,118,0
696844,38,39,0,0,1194,170,-1613,-529,15,-63,124,100,118,0
700202,39,39,0,0,917,117,-1603,-604,-92,-57,147,102,121,0
703512,39,40,0,0,363,69,-1685,-682,-42,-105,174,111,115,0
706847,39,40,0,0,-162,-87,-1655,-761,-88,-141,212,110,114,0
710201,40,40,0,0,-455,-372,-1512,-834,9,-132,194,117,115,0
713516,40,41,0,0,-622,-622,-1529,-904,-219,-141,291,123,106,0
716850,40,41,0,0,-1280,-490,-1436,-970,-108,-69,344,123,106,0
720202,41,41,0,0,-1423,84,-1529,-1038,90,-138,327,134,95,0
723520,41,42,0,0,-764,451,-1488,-1099,29,-226,394,130,90,0
726854,42,42,0,50,-296,413,-1160,-1148,-141,-266,358,134,86,0
730203,42,42,0,87,-521,301,-720,-1180,-80,-297,323,128,84,0
733522,43,42,0,125,-494,26,-411,-1198,-27,-288,330,123,82,0
736856,43,43,0,125,-56,-444,-174,-1204,-25,-258,366,121,82,0
740203,43,43,0,87,242,-543,85,-1199,-78,-219,298,101,84,0
743525,43,43,12,50,334,-645,309,-1179,-100,-196,302,88,86,0
746860,44,43,0,143,342,-726,367,-1152,-99,-152,253,81,81,0
750203,44,44,425,87,-16,-620,482,-1118,-59,-95,218,66,84,0
753528,44,44,256,0,-321,-449,453,-1080,-8,-101,214,75,89,0
756863,44,44,143,12,-245,-435,375,-1041,-21,-70,180,81,88,0
760203,45,44,125,425,-176,-539,342,-998,-13,-70,201,82,82,0
763532,45,45,275,0,-108,-632,330,-949,-19,-28,163,74,89,0
766866,45,45,256,0,-106,-843,296,-898,-13,-19,157,75,91,0
770224,45,45,200,12,-154,-984,212,-848,-16,3,146,78,88,0
773536,46,46,481,50,-232,-1052,170,-796,-45,35,174,79,86,0
776869,46,46,0,50,-371,-995,107,-744,-11,65,163,92,86,0
780227,46,46,256,50,-382,-797,137,-693,-3,57,164,75,86,0
783538,46,46,556,368,-329,-560,133,-642,-6,74,180,75,85,0
786873,47,47,368,12,-511,-441,105,-592,-55,59,202,85,88,0
790228,47,47,0,68,-788,-472,121,-540,18,65,213,92,85,0
793542,47,47,256,125,-812,-509,128,-485,36,74,249,75,82,0
796876,47,47,575,481,-636,-614,144,-430,7,69,260,74,79,0
800228,47,48,293,68,-560,-677,140,-377,60,130,288,89,85,0
803544,48,48,12,200,-433,-611,94,-324,30,79,255,88,78,0
806879,48,48,743,462,212,-377,298,-264,19,165,253,65,80,0
810228,48,48,481,293,523,-64,281,-203,-84,91,272,79,89,0
813548,48,49,387,50,389,4,401,-139,-46,85,286,84,86,0
816882,49,49,312,312,159,-153,486,-76,10,90,284,72,72,0
820229,49,49,725,593,328,-308,595,-10,-47,69,284,66,73,0
823551,49,49,406,387,182,-404,649,54,-83,49,239,83,84,0
826885,49,50,518,406,-190,-605,700,124,-8,55,248,88,78,0
830229,50,50,31,406,-157,-735,747,194,-12,92,228,98,78,0
833554,50,50,387,387,-52,-603,740,253,-91,96,215,79,79,0
836889,50,50,368,312,-63,-85,975,306,-87,83,182,80,83,0
840229,50,50,556,725,-253,252,917,348,-82,75,203,86,77,0
843558,51,51,12,237,-571,428,941,383,-67,66,233,99,87,0
846892,51,51,387,350,-885,669,973,410,21,39,232,79,81,0
850230,51,51,350,350,-721,766,1135,436,45,31,243,81,81,0
853561,51,52,518,762,-448,704,1175,461,-18,-9,206,88,75,0
856919,52,52,68,256,-367,494,1190,484,-8,9,208,96,86,0
860255,52,52,350,275,-158,358,1377,512,3,21,194,81,85,0
863565,52,52,387,312,-282,147,1311,542,-34,-4,185,79,83,0
866921,53,52,200,575,-603,-273,1214,569,67,23,178,89,85,0
870254,53,53,181,106,-493,-473,1140,594,122,14,210,90,94,0
873567,53,53,387,162,-166,-565,999,616,74,27,201,79,91,0
876925,53,53,293,293,406,-589,996,641,54,33,197,84,84,0
880254,54,54,181,218,667,-551,858,662,1,63,178,90,88,0
883570,54,54,87,181,558,-555,709,681,-28,72,184,95,90,0
886929,54,54,312,143,262,-375,605,696,-24,75,170,83,92,0
890255,54,54,518,518,120,-244,535,708,53,51,194,88,88,0
893573,55,55,0,143,172,-206,368,716,46,30,221,103,92,0
896932,55,55,181,106,684,-125,456,727,-38,39,203,90,94,0
900255,55,55,200,181,529,-37,479,738,-57,16,213,89,90,0
903576,56,56,443,275,138,-166,463,748,-34,0,184,92,85,0
906935,56,56,0,181,-284,-357,357,755,48,74,209,100,90,0
910255,56,56,143,50,-87,-211,368,763,90,39,229,92,97,0
913580,56,56,181,125,309,-11,335,764,-19,-1,171,90,93,0
916937,57,57,0,162,566,160,311,765,-16,-1,181,100,91,0
920255,57,57,143,106,549,255,356,764,-91,2,169,92,94,0
923584,57,57,125,68,161,315,372,760,-48,-8,215,93,96,0
926938,58,58,0,0,-54,349,390,754,49,15,199,102,90,0
930256,58,58,12,237,143,362,406,746,81,37,216,99,87,0
933586,58,58,87,0,483,318,417,737,8,-67,183,95,100,0
936942,58,58,50,143,555,26,412,727,-11,-44,182,97,92,0
940277,59,59,0,0,547,-138,448,718,3,-69,180,106,97,0
943589,59,59,0,50,500,-277,464,702,-4,-43,206,100,97,0
946946,59,59,0,87,450,-386,408,686,51,-6,205,100,95,0
950280,60,60,0,0,671,-355,327,667,19,-19,228,108,95,0
953593,60,60,31,143,707,-250,221,643,3,-12,210,103,97,0
956946,60,60,0,0,558,23,48,609,-68,-21,225,109,107,0
960281,61,61,0,0,204,156,-58,571,-25,-62,241,118,101,0
963596,61,61,0,87,33,232,-120,530,-26,-60,271,116,100,0
966946,62,61,0,12,-75,253,-326,477,15,-60,287,125,104,0
970281,62,62,0,0,-78,265,-409,423,5,-37,250,127,98,0
973600,62,62,0,0,-55,315,-477,370,-50,-59,249,128,92,0
976947,63,62,0,200,-236,418,-535,318,-8,-72,197,138,94,0
980281,63,62,0,181,-439,395,-639,267,-9,-51,237,140,95,0
983602,64,63,0,0,-412,500,-659,215,-33,-66,220,150,98,0
986946,64,63,0,200,-310,490,-797,163,-52,-85,182,144,94,0
990282,65,63,0,181,-428,508,-909,113,-30,-100,215,153,95,0
993605,65,64,0,0,-531,612,-901,65,-3,-182,276,149,92,0
996947,66,64,0,50,-509,353,-819,23,84,-133,349,157,86,0
1000282,66,64,0,331,129,256,-747,-11,13,-125,320,147,87,0
1003608,67,65,0,218,560,324,-585,-43,-106,-150,304,151,93,0
1006948,67,65,0,0,180,215,-343,-69,-40,-212,346,138,92,0
1010282,68,65,0,406,42,-10,-223,-90,82,-219,378,141,83,0
1013612,68,65,0,387,477,-211,-157,-106,55,-142,350,127,84,0
1016969,69,66,0,12,736,-295,-154,-123,14,-141,262,119,88,0
1020303,69,66,0,218,622,-394,-224,-140,79,-187,305,106,77,0
1023615,69,66,0,368,620,-546,-204,-156,54,-128,280,96,85,0
1026972,69,66,0,237,468,-776,-204,-174,33,-77,223,78,92,0
1030306,70,67,0,50,283,-837,-141,-190,-8,-44,205,64,86,0
1033618,70,67,87,537,-37,-848,-125,-206,-9,-40,182,52,76,0
1036972,70,67,237,237,-210,-970,-32,-220,52,-19,172,44,92,0
1040307,70,67,106,275,-15,-1095,30,-232,-1,42,141,51,90,0
1043621,70,68,106,0,-52,-1122,37,-243,-8,62,138,51,89,0
1046972,70,68,368,462,-447,-923,-121,-261,12,58,151,53,80,0
1050308,70,68,162,181,-516,-782,-32,-277,83,66,198,64,95,0
1053624,71,69,0,331,-207,-868,-94,-292,93,39,221,65,87,0
1056973,71,69,500,481,371,-922,-24,-303,-24,78,243,46,79,0
1060307,71,69,218,406,395,-902,-61,-312,52,31,211,61,83,0
1063629,71,69,106,331,-6,-994,-274,-322,21,49,255,67,87,0
1066974,71,70,256,125,118,-982,-57,-322,21,68,237,59,82,0
1070308,71,70,500,593,279,-1084,-10,-319,25,36,228,62,73,0
1073631,72,70,0,462,386,-1156,19,-308,-19,84,245,79,80,0
1076973,72,70,368,650,350,-959,5,-295,-34,81,206,64,81,0
1080308,72,70,443,575,39,-744,73,-278,-28,40,229,60,85,0
1083635,72,71,425,293,-90,-758,250,-253,55,89,274,61,84,0
1086974,72,71,406,593,243,-757,406,-221,-26,89,272,62,68,0
1090308,72,71,706,931,359,-692,574,-182,-16,82,239,62,66,0
1093637,73,71,218,575,302,-653,692,-136,36,76,236,72,85,0
1096994,73,72,443,275,309,-641,683,-86,-5,115,248,60,85,0
1100330,73,72,556,537,386,-601,776,-33,-22,92,244,54,71,0
1103641,73,72,762,818,393,-639,797,16,2,96,229,59,72,0
1106998,73,72,462,518,552,-715,875,67,-15,115,234,75,88,0
1110331,74,73,162,293,612,-709,820,111,-38,102,227,75,84,0
1113644,74,73,275,481,596,-645,804,147,-36,149,184,69,74,0
1116998,74,73,762,537,302,-533,710,176,-34,129,189,59,87,0
1120332,74,73,462,425,184,-400,675,202,20,137,200,75,93,0
1123647,74,74,425,218,365,-236,527,223,-29,101,211,77,88,0
1126998,75,74,218,387,588,-18,390,242,3,133,213,72,79,0
1130332,75,74,762,462,908,48,303,258,0,127,204,59,91,0
1133651,75,74,462,312,1172,129,143,269,-36,110,200,75,99,0
1136999,75,75,425,237,1377,228,28,274,-51,106,219,77,87,0
1140332,75,75,762,575,1287,358,-87,275,-50,134,213,75,85,0
1143653,76,75,256,350,1176,495,-272,268,-34,135,223,86,97,0
1146999,76,76,425,125,1260,570,-408,254,2,131,192,77,93,0
1150333,76,76,425,256,1323,735,-554,236,-47,120,199,77,86,0
1153657,76,76,668,481,1332,807,-728,217,-29,97,208,80,90,0
1157000,77,76,143,331,1384,802,-873,190,-68,59,183,92,98,0
1160333,77,77,275,0,1216,809,-1012,162,-63,57,179,85,101,0
1163660,77,77,368,68,965,799,-1218,124,-51,52,212,80,96,0
1167000,77,77,518,387,821,790,-1360,84,-17,63,212,88,95,0
1170333,78,78,0,12,953,806,-1422,48,-27,44,200,100,99,0
1173663,78,78,218,0,974,745,-1491,3,25,55,202,88,103,0
1177021,78,78,181,0,1260,704,-1553,-44,27,40,174,90,101,0
1180333,79,79,0,0,1437,744,-1589,-94,-86,5,148,100,101,0
1183666,79,79,0,0,1305,812,-1626,-145,-2,-27,140,100,104,0
1187025,79,79,87,0,1152,819,-1617,-198,20,-66,169,95,106,0
1190358,79,80,50,0,1406,719,-1607,-256,22,-23,183,97,105,0
1193669,80,80,0,0,1632,579,-1563,-318,1,-21,144,104,114,0
1197025,80,80,31,0,1587,489,-1585,-385,-50,-34,160,98,115,0
1200394,80,81,425,0,1282,315,-1566,-456,-50,-65,174,98,117,0
1203672,81,81,0,0,1064,191,-1561,-526,-4,-45,140,112,123,0
1207026,81,82,0,0,708,218,-1570,-599,-3,-58,133,111,118,0
1210365,81,82,0,0,502,202,-1527,-672,-52,-107,215,111,118,0
1213676,82,82,0,0,225,-46,-1503,-746,-74,-97,182,120,120,0
1217026,82,83,0,0,-153,-284,-1350,-814,-116,-120,194,118,114,0
1220367,83,83,0,0,-620,-501,-1436,-884,-91,-101,270,129,114,0
1223679,83,84,0,0,-1129,-373,-1377,-949,-74,-113,300,129,100,0
1227026,84,84,0,0,-1327,43,-1388,-1014,10,-142,320,132,96,0
1230368,84,84,0,0,-1183,329,-1228,-1068,103,-166,377,137,94,0
1233683,84,84,0,31,-220,348,-976,-1111,-16,-218,316,131,87,0
1237026,85,85,0,87,-173,283,-602,-1139,-109,-307,293,134,84,0
1240367,85,85,0,68,-505,140,-201,-1150,44,-296,287,123,85,0
1243686,86,85,0,50,-32,-386,-18,-1152,-29,-266,374,116,86,0
1247026,86,85,0,462,342,-558,197,-1143,-138,-188,320,104,80,0
1250367,86,86,0,50,285,-406,350,-1123,-60,-173,308,94,86,0
1253689,87,86,0,68,289,-142,369,-1099,-12,-206,263,84,85,0
1257027,87,86,0,50,241,-253,312,-1072,-65,-176,235,74,86,0
1260368,87,86,462,368,78,-299,390,-1037,-21,-125,240,64,85,0
1263692,87,87,331,0,2,-243,264,-1002,-49,-114,199,71,96,0
1267048,87,87,181,0,11,-343,166,-965,-31,-108,216,79,93,0
1270368,88,87,125,237,7,-553,61,-925,-35,-71,187,82,92,0
1273695,88,88,256,0,-141,-812,-68,-884,-55,-42,178,75,92,0
1277051,88,88,237,0,-315,-949,-167,-845,-43,-19,146,76,92,0
1280370,88,88,200,0,-563,-1068,-227,-806,-2,-20,126,78,92,0
1283698,89,88,481,293,-652,-1080,-71,-759,8,48,117,79,89,0
1287051,89,89,0,0,-735,-939,-72,-712,-71,69,159,90,94,0
1290369,89,89,256,0,-1017,-891,-38,-662,39,63,194,75,89,0
1293701,89,89,256,106,-695,-871,37,-611,31,83,205,75,83,0
1297052,89,90,331,12,-356,-744,146,-556,-40,60,210,87,88,0
1300394,90,90,0,31,-368,-629,200,-501,-21,66,209,95,87,0
1303704,90,90,200,181,-558,-676,252,-443,1,64,217,78,79,0
1307051,90,90,593,406,-569,-696,342,-384,-15,99,249,73,83,0
1310394,90,90,312,350,-582,-591,435,-321,12,104,260,88,86,0
1313708,91,91,50,0,-405,-396,427,-259,86,116,291,86,89,0
1317052,91,91,875,556,50,-294,376,-199,-14,99,286,58,75,0
1320394,91,91,612,368,595,-182,580,-134,-84,107,277,72,85,0
1323711,91,92,406,87,446,68,643,-72,-83,74,292,83,84,0
1327053,92,92,275,481,124,-96,745,-4,-15,60,282,85,74,0
1330395,92,92,350,462,165,-352,841,64,-41,94,279,81,75,0
1333715,92,92,462,387,131,-582,877,135,-11,71,264,75,79,0
1337053,92,92,368,462,308,-639,980,204,19,101,216,80,75,0
1340395,93,93,275,406,430,-559,1012,266,-90,79,170,85,78,0
1343718,93,93,143,406,94,-404,1028,317,-102,100,193,92,78,0
1347074,93,93,368,387,-149,-245,1134,359,-69,106,165,80,79,0
1350396,93,93,293,387,-387,62,1225,398,-80,90,166,84,79,0
1353721,94,94,68,331,-1079,439,1147,428,3,60,239,96,82,0
1357077,94,94,256,312,-950,600,1250,456,10,100,211,86,83,0
1360396,94,94,331,350,-662,843,1249,483,-38,44,218,82,81,0
1363724,94,94,312,368,-638,769,1299,514,20,9,200,83,80,0
1367078,95,95,143,331,-618,489,1180,539,-5,10,196,92,82,0
1370396,95,95,293,218,-597,240,1156,567,13,-1,205,84,88,0
1373728,95,95,462,293,-462,-6,1156,597,7,5,203,75,84,0
1377078,95,95,631,612,-441,-308,990,627,71,37,215,82,83,0
1380420,96,96,50,237,-237,-587,763,652,102,60,211,97,87,0
1383730,96,96,368,181,391,-645,552,675,38,63,210,80,90,0
1387078,96,96,368,181,780,-530,539,699,-1,43,176,80,90,0
1390420,96,96,556,556,843,-468,392,713,-92,52,172,86,86,0
1393733,97,97,0,106,318,-407,249,723,-31,74,204,101,94,0
1397078,97,97,218,218,-17,-255,149,729,-17,25,196,88,88,0
1400425,97,97,218,237,-160,-169,59,730,24,22,197,88,87,0
1403737,98,98,106,312,-47,-90,-34,724,12,30,202,94,83,0
1407078,98,98,12,125,-36,24,-100,715,-1,42,172,99,93,0
1410424,98,98,143,143,-89,69,-74,705,-18,11,168,92,92,0
1413740,98,98,125,181,-347,2,-78,692,-27,1,147,93,90,0
1417079,99,99,0,143,-454,-48,-29,677,65,2,185,100,92,0
1420425,99,99,143,106,-197,-34,58,666,32,2,183,92,94,0
1423743,99,99,87,125,165,-20,183,660,33,-29,227,95,93,0
1427102,100,100,0,0,374,51,292,651,15,-6,201,101,87,0
1430425,100,100,31,218,499,99,339,641,50,10,207,98,88,0
1433746,100,100,68,125,786,282,478,633,24,16,205,96,93,0
1437102,101,100,0,68,803,395,550,624,-12,4,191,100,96,0
1440426,101,101,0,0,573,403,555,614,6,-51,191,104,90,0
1443749,101,101,0,181,355,199,614,602,8,-35,228,102,90,0
1447103,101,101,0,0,351,3,620,590,16,-67,224,102,100,0
1450455,102,102,0,256,407,-165,600,576,29,-30,239,108,91,0
1453753,102,102,0,68,665,-247,613,560,38,-16,209,107,101,0
1457103,103,102,0,0,907,-238,588,540,12,-38,191,110,110,0
1460426,103,102,0,12,909,-185,545,521,-1,-42,166,116,104,0
1463756,103,103,0,31,777,50,402,495,-58,-29,164,119,103,0
1467103,104,103,0,0,488,166,319,466,-101,-52,260,131,105,0
1470426,104,104,0,0,73,183,179,431,-22,-51,232,128,98,0
1473759,105,104,0,0,-30,150,-30,393,39,-52,229,129,98,0
1477103,105,104,0,31,171,213,-193,351,-49,-40,231,135,103,0
1480428,105,104,0,143,67,225,-333,304,-66,-52,219,137,97,0
1483762,106,105,0,0,-440,133,-514,257,-18,-51,228,148,94,0
1487103,106,105,0,162,-734,141,-652,213,-62,-60,163,143,96,0
1490431,107,105,0,106,-925,237,-842,170,6,-80,204,152,99,0
1493766,107,106,0,0,-965,464,-1038,120,6,-116,246,147,97,0
1497104,108,106,0,237,-733,494,-1047,75,6,-113,268,155,92,0
1500434,108,106,0,181,-442,225,-970,37,116,-89,296,146,95,0
1503768,109,107,0,218,636,239,-841,6,64,-127,347,157,93,0
1507104,109,107,0,0,1103,325,-577,-13,-65,-167,336,146,95,0
1510437,110,107,0,237,858,194,-244,-19,-112,-170,358,149,92,0
1513772,110,107,0,237,78,-145,-50,-18,-8,-184,314,138,92,0
1517128,111,108,0,31,340,-241,98,-12,96,-186,302,139,87,0
1520440,111,108,0,481,796,-261,147,-5,-11,-161,282,123,79,0
1523775,112,108,0,293,662,-317,129,0,-5,-154,268,115,89,0
1527131,112,108,0,275,443,-386,48,-1,75,-114,332,95,90,0
1530444,112,109,0,0,335,-484,107,-3,36,-112,297,81,89,0
1533778,112,109,0,443,33,-676,145,-7,46,-95,217,65,81,0
1537136,113,109,0,275,-81,-830,192,-12,72,-75,189,47,90,0
1540447,113,110,68,0,57,-954,212,-20,62,-31,191,37,91,0
1543782,113,110,181,162,339,-1054,250,-30,-4,0,148,31,80,0
1547137,113,110,181,256,227,-1158,238,-40,-9,53,132,47,91,0
1550450,113,110,31,143,70,-1206,231,-52,-16,3,122,55,97,0
1553785,113,111,162,0,-208,-1242,330,-61,-11,38,96,48,90,0
1557137,113,111,293,425,-655,-1115,90,-77,33,92,169,57,82,0
1560453,113,111,106,293,-875,-716,-178,-101,129,58,219,67,89,0
1563788,113,111,162,350,-359,-650,-225,-127,79,39,284,64,86,0
1567138,114,112,200,518,246,-1075,-307,-153,52,78,295,62,77,0
1570458,114,112,275,481,642,-1331,-303,-175,9,92,247,58,79,0
1573791,114,112,218,331,740,-1332,-359,-197,-22,89,223,61,87,0
1577138,114,112,387,612,651,-1241,-300,-212,48,36,219,63,83,0
1580460,114,113,237,293,534,-1246,-194,-217,-1,76,236,71,84,0
1583794,114,113,256,518,233,-1127,-294,-220,-51,168,180,70,72,0
1587138,115,113,31,518,-161,-754,-233,-217,19,77,213,66,72,0
1590464,115,113,612,725,-390,-564,-155,-206,44,76,253,51,77,0
1593797,115,114,350,312,-190,-510,38,-184,14,91,257,65,83,0
1597140,115,114,368,518,-168,-367,36,-157,-33,122,255,64,72,0
1600466,115,114,425,500,-199,-234,151,-119,47,75,278,61,73,0
1603800,115,114,687,687,4,-408,308,-77,52,88,279,63,79,0
1607139,116,114,162,575,423,-569,444,-33,22,79,260,75,85,0
1610469,116,115,462,425,790,-594,497,8,-12,100,224,59,77,0
1613804,116,115,481,537,712,-460,565,44,-56,124,194,58,71,0
1617139,116,115,481,612,548,-412,585,70,-32,131,190,74,83,0
1620472,116,115,387,556,395,-390,559,89,-71,142,193,79,86,0
1623807,117,116,125,350,248,-296,491,101,-30,110,189,77,81,0
1627165,117,116,687,725,271,-222,448,110,-15,126,182,63,77,0
1630476,117,116,631,443,358,-174,399,119,2,143,198,66,92,0
1633811,117,116,387,500,637,-104,371,129,-10,136,201,79,89,0
1637165,117,117,500,275,882,-69,307,135,-25,110,194,73,85,0
1640479,118,117,387,631,1113,-32,188,136,-40,127,196,79,82,0
1643813,118,117,387,312,1185,-24,111,134,-27,113,203,79,99,0
1647165,118,118,500,87,1237,25,2,127,-52,136,195,73,95,0
1650482,118,118,462,237,1210,156,-222,113,-19,134,186,75,87,0
1653817,119,118,350,518,1284,343,-367,94,-37,145,190,81,88,0
1657165,119,118,275,312,1263,463,-519,70,-56,116,200,85,99,0
1660486,119,119,443,50,1267,598,-751,36,-51,129,200,76,97,0
1663820,119,119,350,200,993,775,-867,7,-61,99,203,81,89,0
1667166,120,119,200,406,866,799,-1022,-19,-24,87,213,89,94,0
1670488,120,120,50,0,876,782,-1188,-49,-1,82,246,97,102,0
1673823,120,120,350,68,1020,907,-1286,-80,-64,22,221,81,96,0
1677166,120,120,237,50,887,929,-1413,-114,-12,72,213,87,97,0
1680492,121,121,12,331,892,933,-1550,-151,-15,36,196,99,98,0
1683826,121,121,125,0,940,941,-1597,-192,4,62,209,93,107,0
1687166,121,121,162,0,1028,939,-1641,-237,24,-19,212,91,110,0
1690495,121,122,50,0,1221,962,-1633,-279,35,-30,190,97,105,0
1693829,122,122,0,0,1516,895,-1624,-322,21,-5,180,102,106,0
1697167,122,122,50,0,1768,858,-1600,-368,6,-46,152,97,112,0
1700498,122,123,425,0,2017,797,-1664,-421,-81,-31,135,98,110,0
1703832,123,123,0,0,1664,649,-1671,-474,-59,-46,129,118,115,0
1707191,123,123,0,0,1289,531,-1792,-535,22,-78,150,112,117,0
1710501,124,124,0,0,1131,329,-1708,-598,-14,-71,149,113,117,0
1713836,124,124,0,0,991,74,-1627,-663,7,-71,113,120,123,0
1717194,124,125,0,0,808,-120,-1630,-729,-46,-85,157,116,116,0
1720504,125,125,0,0,433,-287,-1547,-795,-152,-115,141,124,114,0
1723839,125,125,0,0,-669,-417,-1576,-863,-94,-96,169,122,116,0
1727195,125,126,0,0,-1103,-516,-1587,-930,-87,-129,189,126,106,0
1730508,126,126,0,0,-1034,-467,-1436,-990,-164,-106,281,132,105,0
1733842,126,126,0,0,-1378,8,-1384,-1047,119,-88,347,130,100,0
1737200,127,127,0,0,-991,475,-1352,-1102,99,-204,389,139,96,0
1740511,127,127,0,0,-131,548,-940,-1143,-148,-250,380,131,93,0
1743845,128,127,0,12,-108,613,-580,-1171,-88,-291,376,133,88,0
1747203,128,128,0,143,-110,487,-247,-1184,33,-297,421,120,81,0
1750515,128,128,0,50,169,-163,-56,-1189,28,-311,422,109,86,0
1753848,129,128,0,68,380,-242,155,-1185,-78,-263,350,105,85,0
1757203,129,128,0,68,445,-179,357,-1166,-16,-235,362,87,85,0
1760517,129,128,200,350,818,-206,350,-1144,-58,-236,292,78,86,0
1763852,129,129,218,0,719,-172,414,-1115,-127,-206,226,77,93,0
1767204,130,129,0,0,89,-150,333,-1081,-8,-167,249,76,90,0
1770521,130,129,481,312,108,-272,250,-1046,-67,-101,231,63,88,0
1773855,130,130,275,0,239,-397,79,-1012,-80,-80,217,74,95,0
1777204,130,130,162,0,53,-535,-33,-976,-19,-58,129,80,92,0
1780524,131,130,0,0,79,-722,-158,-940,-101,-33,106,79,93,0
1783858,131,130,275,275,-318,-843,-242,-904,-45,-7,135,74,90,0
1787204,131,131,275,0,-704,-869,-316,-865,-84,16,90,74,99,0
1790527,131,131,162,0,-1068,-797,-424,-829,29,22,134,80,100,0
1793862,131,131,481,181,-1087,-873,-537,-794,15,41,178,79,95,0
1797205,132,132,0,0,-846,-1007,-434,-757,-6,82,198,91,89,0
1800530,132,132,256,68,-754,-1053,-400,-718,-17,41,197,75,85,0
1803865,132,132,293,87,-788,-1171,-338,-679,17,52,187,73,84,0
1807205,132,132,425,350,-799,-1312,-318,-637,-10,50,192,82,86,0
1810534,133,133,0,0,-647,-1316,-184,-590,78,118,198,94,92,0
1813868,133,133,293,68,-180,-1014,-15,-535,30,117,213,73,85,0
1817226,133,133,725,500,146,-739,27,-481,-15,102,280,66,78,0
1820536,133,133,462,368,277,-686,92,-427,-40,145,300,80,85,0
1823871,134,134,50,106,201,-564,306,-366,-6,120,314,86,83,0
1827229,134,134,500,462,205,-387,444,-304,-10,111,335,73,75,0
1830540,134,134,556,368,221,-394,490,-240,-38,106,297,70,80,0
1833874,134,134,500,425,98,-421,574,-172,-42,108,291,73,77,0
1837230,134,135,762,556,-34,-419,694,-106,22,87,279,75,70,0
1840543,135,135,256,518,-25,-460,680,-41,-9,118,262,86,72,0
1843877,135,135,406,406,332,-225,862,27,-40,156,213,78,78,0
1847230,135,135,406,406,542,165,1110,91,-67,120,202,78,78,0
1850546,135,135,650,818,269,377,1166,146,-73,88,199,81,72,0
1853880,136,136,87,387,-29,420,1158,190,-68,65,198,95,79,0
1857230,136,136,256,443,-369,624,1364,234,-97,84,151,86,76,0
1860550,136,136,312,406,-1016,840,1359,272,83,26,218,83,78,0
1863884,136,136,537,687,-802,644,1385,304,47,72,208,87,79,0
1867230,137,137,0,162,-548,571,1338,335,15,59,156,100,91,0
1870552,137,137,350,312,-247,543,1554,370,27,44,177,81,83,0
1873887,137,137,312,350,-265,357,1452,405,-63,-7,158,83,81,0
1877231,138,137,293,650,-717,-17,1340,439,11,45,185,84,81,0
1880556,138,138,162,200,-765,-273,1203,474,49,58,213,91,89,0
1883890,138,138,368,256,-256,-322,1110,510,56,66,212,80,86,0
1887231,138,138,331,256,188,-372,936,544,29,57,209,82,86,0
1890559,139,138,256,556,355,-479,612,571,-10,47,188,86,86,0
1893893,139,139,143,68,233,-563,425,594,-25,70,198,92,96,0
1897232,139,139,406,237,-31,-548,231,615,14,41,214,78,87,0
1900562,139,139,237,256,-218,-452,-13,631,42,51,219,87,86,0
1903896,140,140,50,200,186,-375,-61,643,67,33,225,97,89,0
1907253,140,140,68,200,645,-268,20,656,-2,45,200,96,89,0
1910566,140,140,218,200,493,-183,10,667,-101,6,187,88,89,0
1913900,140,140,162,200,-179,-173,46,678,-78,-18,180,91,89,0
1917255,141,141,0,106,-551,-168,125,688,24,20,188,105,94,0
1920569,141,141,50,106,-452,-20,125,692,90,12,217,97,94,0
1923903,141,141,87,106,-81,75,162,696,16,-6,219,95,94,0
1927256,142,142,0,256,154,125,197,700,34,-1,201,104,86,0
1930572,142,142,31,125,488,181,304,700,-43,-22,176,98,93,0
1933906,142,142,87,87,349,263,427,699,-24,-23,159,95,95,0
1937256,143,142,0,125,84,330,548,701,-23,2,157,102,93,0
1940575,143,143,0,143,-22,398,624,702,50,-31,181,104,92,0
1943910,143,143,87,87,227,386,678,702,38,-7,224,95,95,0
1947257,143,143,0,31,548,303,707,703,22,-40,218,100,98,0
1950578,144,144,0,237,694,-35,665,697,-24,-57,196,106,92,0
1953913,144,144,68,0,560,-287,657,682,-14,4,144,101,106,0
1957257,144,144,12,0,486,-364,644,666,-15,-43,205,104,109,0
1960581,145,145,0,0,387,-369,617,649,52,-6,223,113,100,0
1963916,145,145,0,12,631,-279,501,622,-13,-13,201,110,104,0
1967257,146,145,0,0,755,-200,398,592,35,-34,230,115,107,0
1970585,146,146,0,0,954,-5,196,555,-30,-19,222,122,98,0
1973920,146,146,0,125,900,157,112,517,-64,-34,214,124,98,0
1977258,147,146,0,0,431,253,35,469,-48,-73,234,133,107,0
1980588,147,147,0,50,-111,176,-96,421,26,-84,229,132,102,0
1983946,148,147,0,106,-116,161,-257,371,7,-97,229,143,99,0
1987279,148,147,0,50,-117,177,-443,320,-46,-53,226,140,102,0
1990591,149,148,0,162,-452,239,-672,264,-47,-44,236,139,96,0
1993949,149,148,0,0,-614,308,-739,212,-77,-103,199,145,95,0
1997282,150,148,0,200,-747,318,-898,164,-41,-62,210,152,94,0
2000594,150,148,0,143,-822,477,-1047,118,-76,-85,176,153,97,0
2003953,151,149,0,0,-907,597,-1103,77,-19,-39,135,162,95,0
2007283,151,149,0,0,-854,528,-1155,41,120,-122,336,153,96,0
2010597,152,149,0,200,296,696,-878,15,73,-125,389,159,94,0
2013956,152,150,0,0,751,662,-699,-6,-84,-141,360,152,96,0
2017283,153,150,0,0,394,401,-428,-20,-51,-188,339,152,91,0
2020601,153,150,0,293,300,35,6,-21,53,-237,365,140,89,0
2023959,154,150,0,200,732,-254,248,-17,51,-183,332,137,94,0
2027284,154,151,0,0,1079,-519,379,-9,5,-175,274,121,92,0
2030604,154,151,0,181,819,-654,328,-4,37,-134,277,107,79,0
2033961,155,151,0,350,586,-620,222,-3,54,-124,304,95,86,0
2037284,155,152,0,0,662,-736,213,-6,-13,-148,245,81,95,0
2040608,155,152,0,0,500,-1004,144,-15,-94,-62,191,69,89,0
2043965,155,152,31,500,-36,-1114,58,-30,46,-12,176,55,78,0
2047283,155,152,143,200,-172,-1055,15,-49,43,-36,162,49,94,0
2050610,156,153,0,0,-67,-1026,11,-70,-18,-7,131,46,93,0
2053966,156,153,350,462,-175,-993,29,-91,-40,38,139,38,80,0
2057283,156,153,256,237,-305,-813,60,-110,-1,49,149,43,92,0
2060613,156,153,12,143,-430,-605,-5,-131,41,98,152,56,97,0
2063970,156,154,218,12,-452,-448,-141,-155,2,26,178,45,88,0
2067305,156,154,481,556,-298,-353,-103,-178,106,46,261,47,75,0
2070616,156,154,200,312,252,-501,-180,-199,63,33,256,62,88,0
2074003,156,154,406,593,693,-742,-163,-217,-19,34,217,62,84,0
2077308,157,155,50,293,711,-949,-144,-227,-6,94,213,65,84,0
2080620,157,155,68,368,446,-983,-214,-238,-15,74,224,64,80,0
2083974,157,155,312,406,336,-934,-72,-241,-14,44,211,51,78,0
2087308,157,155,556,837,210,-954,75,-236,-25,82,218,54,71,0
2090623,157,156,387,406,-92,-813,55,-226,-5,102,229,63,78,0
2093974,157,156,331,481,-215,-580,152,-207,14,83,244,66,74,0
2097309,157,156,406,462,-182,-539,226,-179,54,51,286,62,75,0
2100626,158,156,406,762,138,-730,427,-143,30,72,274,62,75,0
2103975,158,156,443,593,398,-776,521,-98,12,107,251,60,84,0
2107309,158,157,462,293,484,-745,645,-45,-18,100,255,59,84,0
2110629,158,157,425,462,510,-763,784,13,-1,93,256,61,75,0
2113975,158,157,743,762,577,-825,945,78,-19,81,236,60,75,0
2117309,158,157,500,650,621,-840,1001,137,-61,106,201,73,81,0
2120632,159,158,125,312,641,-711,1042,191,-70,117,197,77,83,0
2123975,159,158,443,462,446,-588,951,234,-87,117,207,60,75,0
2127310,159,158,687,650,142,-481,904,262,-28,120,191,63,81,0
2130636,159,158,425,443,-20,-364,799,280,2,121,217,77,92,0
2133975,159,159,462,181,162,-195,689,289,-27,117,214,75,90,0
2137310,160,159,181,350,332,-98,605,298,-1,61,209,74,81,0
2140639,160,159,687,537,600,-23,424,304,-51,111,233,63,87,0
2143997,160,160,481,12,763,-41,291,307,-42,92,223,74,99,0
2147331,160,160,462,275,821,-35,157,307,-35,118,205,75,85,0
2150642,161,160,181,256,965,26,-105,302,5,98,207,74,86,0
2154000,161,160,462,350,1219,113,-262,293,-17,134,180,75,97,0
2157335,161,161,481,50,1435,273,-461,279,-47,89,165,74,97,0
2160646,161,161,443,181,1375,515,-706,256,-46,119,194,76,90,0
2164001,161,161,650,518,1207,713,-851,227,-77,96,197,81,88,0
2167335,162,162,237,87,972,822,-994,196,-70,81,212,87,95,0
2170649,162,162,350,106,775,813,-1215,163,13,70,214,81,94,0
2174001,162,162,387,106,818,768,-1348,124,-60,57,225,79,94,0
2177335,162,162,593,425,689,705,-1549,81,-24,53,208,84,93,0
2180652,163,163,181,0,599,570,-1666,34,-19,43,221,90,101,0
2184001,163,163,293,0,696,610,-1751,-15,8,64,218,84,102,0
2187335,163,163,237,0,888,670,-1765,-64,1,25,211,87,100,0
2190655,163,164,443,106,997,800,-1782,-117,22,83,210,92,94,0
2194001,164,164,12,12,1122,958,-1794,-175,5,15,176,99,99,0
2197336,164,164,200,0,1178,987,-1714,-231,71,-13,180,89,105,0
2200658,164,165,462,0,1493,884,-1669,-288,63,27,176,96,108,0
2204002,165,165,0,0,1881,851,-1645,-346,-1,-20,122,122,116,0
2207336,165,165,0,0,2033,766,-1638,-411,-2,-51,176,113,121,0
2210661,165,166,237,0,1876,564,-1630,-478,11,-4,176,108,119,0
2214002,166,166,0,0,1723,437,-1633,-549,-98,-116,139,116,126,0
2217336,166,167,0,0,1264,199,-1521,-621,-11,-74,123,107,120,0
2220665,167,167,0,0,875,-205,-1521,-698,85,-26,125,109,122,0
2224023,167,167,0,0,917,-124,-1427,-774,-119,-75,107,115,116,0
2227338,167,168,0,0,269,-176,-1400,-850,-52,-118,148,111,114,0
2230668,168,168,0,0,-507,-377,-1366,-923,-125,-93,223,115,112,0
2234027,168,168,0,0,-711,-501,-1311,-992,-63,-70,176,120,105,0
2237360,168,169,0,0,-887,-612,-1327,-1058,-107,-73,275,117,101,0
2240671,169,169,0,0,-1240,-148,-1239,-1119,-129,-76,341,127,99,0
2244027,169,169,0,50,-1379,475,-1273,-1177,126,-147,407,123,86,0
2247360,170,170,0,106,-743,711,-1113,-1225,112,-199,449,129,83,0
2250674,170,170,0,125,330,508,-795,-1259,-238,-229,318,126,82,0
2254027,170,170,0,68,-111,516,-498,-1280,-71,-294,308,120,85,0
2257361,171,170,0,425,-358,335,-131,-1281,-15,-291,364,119,82,0
2260677,171,171,0,0,-217,-249,-111,-1276,-102,-266,360,105,91,0
2264027,171,171,0,0,-169,-388,164,-1256,-56,-244,362,89,89,0
2267360,172,171,0,68,157,-523,359,-1223,-30,-183,294,84,85,0
2270680,172,172,256,87,494,-676,461,-1182,-124,-189,259,75,84,0
2274028,172,172,181,12,211,-712,578,-1133,-29,-130,198,79,88,0
2277360,172,172,256,12,94,-616,528,-1078,-35,-100,152,75,88,0
2280684,173,172,162,350,41,-500,456,-1022,-70,-92,178,80,86,0
2284028,173,173,143,0,-189,-518,322,-964,-35,-69,191,81,92,0
2287361,173,173,312,0,-265,-676,241,-904,-12,-64,173,72,98,0
2290687,173,173,200,0,-69,-813,235,-842,6,2,156,78,100,0
2294028,173,174,462,0,-135,-900,86,-784,-101,0,124,80,92,0
2297361,174,174,0,0,-648,-996,-52,-730,-5,-1,144,94,93,0
2300691,174,174,200,0,-883,-999,-16,-675,37,48,171,78,91,0
2304028,174,174,556,312,-612,-897,63,-619,6,63,201,75,88,0
2307362,174,175,275,0,-524,-856,43,-565,-64,44,187,90,91,0
2310694,175,175,0,0,-694,-951,97,-511,4,86,201,95,92,0
2314049,175,175,256,106,-582,-903,132,-456,10,82,232,75,83,0
2317386,175,175,556,500,-459,-740,264,-397,-13,78,237,75,78,0
2320696,175,176,275,31,-438,-675,354,-334,10,109,247,90,87,0
2324053,176,176,331,425,-325,-547,430,-273,57,130,272,82,77,0
2327389,176,176,500,218,-90,-349,490,-211,24,110,273,73,88,0
2330700,176,176,462,218,404,-233,553,-149,-7,119,273,75,88,0
2334055,176,177,462,106,447,-85,553,-88,-15,85,288,75,78,0
2337390,177,177,462,593,284,-161,666,-24,-13,80,291,75,68,0
2340703,177,177,481,481,283,-297,687,37,0,70,289,74,74,0
2344053,177,177,462,350,188,-377,723,101,-39,76,287,75,81,0
2347395,177,178,387,162,209,-465,886,168,-23,73,236,79,75,0
2350707,178,178,350,556,242,-433,912,236,-69,92,218,81,70,0
2354053,178,178,218,425,-23,-355,893,299,-112,76,184,88,77,0
2357396,178,178,387,293,-266,-226,952,353,-61,79,183,79,84,0
2360709,178,178,312,368,-291,62,1090,403,-67,114,147,83,80,0
2364054,179,179,106,368,-469,360,1042,440,-47,71,189,94,80,0
2367395,179,179,125,368,-772,398,1041,476,-50,49,192,93,80,0
2370712,179,179,350,368,-937,420,1041,503,45,39,206,81,80,0
2374054,179,179,293,425,-891,466,1072,525,30,49,219,84,77,0
2377395,180,180,125,368,-771,302,954,541,42,23,207,93,80,0
2380717,180,180,181,275,-437,152,916,551,42,53,187,90,85,0
2384055,180,180,350,237,-39,149,998,566,26,46,184,81,87,0
2387396,180,180,650,612,132,91,964,582,-25,24,200,81,83,0
2390719,181,181,87,218,-9,-108,880,599,-2,23,205,95,88,0
2394076,181,181,387,293,-116,-308,843,618,13,21,241,79,84,0
2397397,181,181,387,331,-35,-525,692,632,55,40,256,79,82,0
2400722,181,181,593,612,109,-647,473,644,98,82,255,84,83,0
2404079,182,182,87,143,599,-558,321,656,56,89,216,95,92,0
2407396,182,182,331,275,936,-279,365,668,-90,73,190,82,85,0
2410725,182,182,275,275,533,-178,274,675,-87,58,173,85,85,0
2414080,182,182,443,556,-112,-167,141,678,-16,60,166,92,86,0
2417397,183,183,0,68,-467,-44,96,678,18,46,184,104,96,0
2420729,183,183,162,181,-464,74,103,677,25,-1,201,91,90,0
2424080,183,183,125,218,-354,84,126,672,71,5,204,93,88,0
2427422,184,184,0,256,52,-46,102,664,28,5,156,103,86,0
2430732,184,184,50,125,171,-124,119,655,-10,-20,149,97,93,0
2434080,184,184,162,106,225,-106,192,645,-33,-19,136,91,94,0
2437423,185,184,0,143,137,1,250,636,-6,2,142,95,92,0
2440735,185,185,0,181,41,113,342,629,8,45,167,101,90,0
2444080,185,185,87,143,98,172,409,621,37,32,210,95,92,0
2447423,185,185,68,87,267,295,403,612,93,-3,217,96,95,0
2450738,186,186,0,200,664,332,456,604,37,-10,230,107,94,0
2454081,186,186,0,68,931,286,546,594,-22,-19,197,105,101,0
2457423,186,186,50,68,359,-21,577,583,-77,-48,206,102,101,0
2460741,187,186,0,443,-195,-304,531,572,12,-15,212,109,97,0
2464081,187,187,12,0,-28,-347,486,557,95,-5,211,104,106,0
2467424,187,187,0,0,537,-291,393,535,11,-6,234,106,107,0
2470744,188,188,0,50,721,-207,297,512,-4,-3,227,115,102,0
2474102,188,188,0,50,741,-82,249,487,30,-2,208,114,102,0
2477424,188,188,0,31,710,153,135,459,-7,-60,238,118,103,0
2480748,189,188,0,125,560,255,25,426,-31,-84,224,126,98,0
2484105,189,189,0,50,289,316,-16,396,-16,-52,215,126,102,0
2487424,190,189,0,0,75,246,-136,363,16,-76,239,138,106,0
2490751,190,189,0,143,123,173,-263,324,-3,-82,236,135,97,0
2494106,191,190,0,0,92,211,-381,282,-60,-39,195,146,95,0
2497424,191,190,0,218,-321,383,-537,237,-43,-88,202,144,93,0
2500755,192,190,0,68,-571,358,-576,193,-27,-84,189,143,101,0
2504106,192,191,0,0,-632,334,-705,149,-54,-37,189,148,97,0
2507425,193,191,0,237,-789,475,-860,108,-46,-66,181,155,92,0
2510757,193,191,0,162,-939,633,-997,67,9,-82,200,155,96,0
2514107,194,192,0,0,-941,515,-1055,22,107,-124,332,162,95,0
2517449,194,192,0,0,60,537,-836,-12,0,-88,346,150,89,0
2520761,195,192,0,218,536,453,-698,-38,-50,-160,355,159,93,0
2524107,195,192,0,143,423,275,-529,-57,-79,-199,367,147,97,0
2527453,196,193,0,0,185,-95,-231,-68,71,-191,433,147,94,0
2530764,196,193,0,387,721,-286,-40,-73,31,-182,347,132,84,0
2534107,197,193,0,256,1077,-371,14,-76,40,-163,287,123,91,0
2537453,197,194,0,0,993,-410,7,-79,7,-150,282,111,89,0
2540768,197,194,0,106,721,-359,-102,-88,5,-132,278,98,83,0
2544108,198,194,0,406,453,-412,-141,-101,30,-86,278,84,83,0
2547453,198,194,0,143,137,-723,-150,-116,21,-57,212,74,97,0
2550771,198,195,0,0,35,-922,-169,-134,56,6,174,59,92,0
2554128,198,195,181,443,113,-944,-177,-152,-10,-16,157,47,81,0
2557452,198,195,181,218,-95,-822,-221,-173,-13,-13,147,47,93,0
2560774,198,195,143,200,-260,-783,-194,-196,33,52,138,49,94,0
2564131,198,196,143,0,-322,-717,-129,-218,8,51,154,49,89,0
2567453,199,196,87,368,-320,-598,-66,-237,23,32,171,52,85,0
2570776,199,196,0,162,-321,-579,-17,-253,33,38,161,60,96,0
2574131,199,196,387,518,-183,-560,-94,-268,52,58,208,47,88,0
2577454,199,197,256,162,58,-503,-123,-281,23,24,245,54,91,0
2580780,199,197,218,293,290,-742,-120,-293,47,14,256,56,84,0
2584131,199,197,275,350,528,-1060,-58,-299,-14,51,232,53,81,0
2587453,199,198,556,387,566,-1328,97,-296,-23,59,209,54,79,0
2590783,199,198,293,350,446,-1317,257,-288,-7,72,210,68,81,0
2594131,200,198,0,425,283,-1207,323,-274,3,83,208,71,77,0
2597454,200,198,293,425,118,-946,279,-257,-15,103,192,52,77,0
2600786,200,198,650,725,-47,-755,474,-230,31,69,217,49,77,0
2604132,200,199,387,331,-14,-714,541,-196,45,82,275,63,82,0
2607455,200,199,387,500,217,-721,711,-156,-40,73,260,63,73,0
2610790,200,199,443,593,219,-710,772,-110,-1,114,251,60,68,0
2614131,201,199,387,668,121,-729,855,-56,49,67,288,63,80,0
2617458,201,200,387,218,386,-866,928,3,23,82,271,63,88,0
2620793,201,200,500,406,567,-838,972,66,-25,92,235,57,78,0
2624132,201,200,481,537,529,-752,954,122,-19,116,219,58,71,0
2630796,201,200,350,500,323,-572,973,223,-18,119,199,81,89,0
2634132,202,201,106,368,126,-302,772,254,-54,111,213,78,80,0
2637464,202,201,818,725,119,-2,767,279,-11,114,223,56,77,0
2640800,202,201,687,462,162,-41,583,297,-22,81,219,63,91,0
2644156,202,202,425,125,282,-140,515,313,33,100,224,77,93,0
2647469,202,202,500,368,575,-137,258,324,11,104,212,73,80,0
2650802,203,202,556,650,682,-168,161,334,-51,90,220,70,81,0
2654160,203,202,575,350,730,-219,28,339,22,123,207,69,97,0
2657471,203,203,462,68,1086,-59,-148,340,-1,142,213,75,96,0
2660805,203,203,425,256,1236,166,-285,337,9,132,199,77,86,0
2664160,204,203,443,481,1454,378,-398,331,-18,133,214,76,90,0
2667474,204,204,275,50,1497,567,-519,321,-72,127,198,85,97,0
2670809,204,204,462,143,1262,710,-690,303,-59,129,206,75,92,0
2674165,204,204,425,237,1120,789,-814,280,-31,88,213,77,87,0
2677477,204,204,687,443,1030,708,-997,249,-38,83,192,79,92,0
2680812,205,205,106,0,1005,604,-1116,218,-43,90,168,94,100,0
2684166,205,205,387,106,950,548,-1281,181,-74,86,182,79,94,0
2687481,205,205,293,68,808,540,-1444,140,-37,44,189,84,96,0
2690815,205,206,537,106,693,581,-1578,92,-31,67,188,87,94,0
2694166,206,206,12,12,647,723,-1615,39,5,28,188,99,99,0
2697490,206,206,1587,1325,797,785,-1674,-20,25,42,179,84,98,0
2700818,206,207,950,593,1036,775,-1703,-84,21,-18,175,118,137,0
2704166,207,207,0,0,1310,704,-1890,-152,5,-52,207,155,166,0
2707488,207,208,256,0,1347,473,-1943,-227,46,26,263,139,155,0
2710821,208,208,237,0,1821,168,-1889,-303,84,49,195,140,165,0
2714167,208,209,387,0,2255,-184,-1758,-380,-2,84,110,132,155,0
2717491,209,209,0,0,2211,-283,-1691,-457,-35,96,126,147,163,0
2720824,209,210,68,0,2052,64,-1603,-534,-39,11,93,133,152,0
2724167,210,210,0,0,1808,186,-1611,-613,-66,-36,76,142,143,0
2727493,210,211,87,0,1106,166,-1633,-695,-99,10,46,132,141,0
2730829,211,211,0,0,386,282,-1754,-779,-90,-87,77,136,145,0
2734167,211,212,106,0,-314,134,-1730,-865,-113,-29,131,131,130,0
2737497,212,212,0,0,-1389,233,-1850,-954,-3,-27,216,130,128,0
2740831,212,213,0,0,-1544,560,-2014,-1041,-124,-117,218,137,116,0
2744168,212,213,143,162,-1619,688,-2095,-1130,-92,-162,291,129,112,0
2747501,213,213,0,181,-1359,788,-1763,-1203,-33,-216,367,135,111,0
2750834,213,214,12,0,-1355,754,-1599,-1269,60,-275,430,120,107,0
2754194,214,214,0,0,-855,432,-1247,-1316,-79,-264,466,117,107,0
2757503,214,214,256,387,-387,23,-462,-1336,-145,-302,502,107,100,0
2760837,214,215,293,68,-462,-194,-58,-1339,14,-338,477,105,101,0
2764194,215,215,0,31,15,-315,326,-1324,-117,-370,426,112,103,0
2767506,215,215,537,443,48,-651,677,-1294,-63,-251,401,92,97,0
2770841,215,216,481,31,8,-649,762,-1258,-64,-229,324,95,103,0
2774194,216,216,0,0,130,-513,837,-1215,-118,-216,256,114,105,0
2777510,216,216,125,68,-334,-435,1004,-1162,-20,-146,245,98,101,0
2780844,216,217,575,68,-489,-455,930,-1108,76,-66,205,90,101,0
2784194,217,217,0,0,-296,-445,948,-1047,-115,-30,133,111,106,0
2787513,217,217,0,106,-195,-387,930,-983,13,-32,93,105,99,0
2790847,217,218,218,0,-305,-380,739,-920,-16,-41,100,93,100,0
2794193,218,218,50,68,-580,-463,607,-856,-26,-10,113,102,101,0
2797516,218,218,0,68,-372,-446,751,-783,51,39,84,110,101,0
2800850,218,219,256,0,-203,-241,735,-710,-44,-16,109,91,96,0
2804194,218,219,518,218,-379,-284,621,-638,17,4,175,93,93,0
2807519,219,219,0,125,-375,-576,602,-566,50,69,162,106,98,0
2810854,219,220,387,0,-133,-578,687,-485,6,39,172,84,89,0
2814194,219,220,706,593,96,-640,738,-401,-18,1,204,83,73,0
2817522,220,220,106,556,-77,-1192,667,-322,-75,-4,224,99,75,0
2820857,220,220,106,312,-370,-1616,746,-243,-22,89,250,99,88,0
2824195,220,220,631,631,-416,-1767,736,-168,67,59,269,82,82,0
2827525,220,221,425,218,-9,-1785,690,-96,-52,91,256,93,88,0
2830860,221,221,68,462,387,-1517,814,-20,-40,175,270,96,75,0
2834218,221,221,462,462,245,-1142,667,51,-60,142,277,75,75,0
2837528,221,221,612,762,-102,-839,533,122,-28,176,255,83,75,0
2840863,222,222,350,312,15,-470,751,200,-42,169,256,97,83,0
2844219,222,222,143,518,191,23,947,287,-63,113,298,92,72,0
2847532,222,222,425,518,-200,260,905,378,-28,135,288,77,72,0
2850866,222,222,612,650,-524,282,857,471,21,129,247,83,81,0
2854223,223,223,87,218,-532,467,1019,558,48,134,255,95,88,0
2857536,223,223,256,425,-340,694,997,639,25,98,259,86,77,0
2860870,223,223,481,462,-337,669,1010,709,8,99,221,74,75,0
2864228,223,223,575,537,-425,580,998,755,62,80,222,85,87,0
2867538,224,224,87,143,-349,373,921,786,110,102,205,95,92,0
2870872,224,224,331,275,16,311,941,805,97,111,178,82,85,0
2874231,224,224,800,537,511,398,1081,817,25,88,150,73,87,0
2877542,224,224,537,350,877,318,1047,826,42,59,137,87,97,0
2880876,225,225,12,50,894,60,890,828,-10,23,96,99,97,0
2884231,225,225,331,162,874,-390,669,817,-96,37,102,82,91,0
2887544,225,225,612,481,127,-472,563,806,1,39,98,83,90,0
2890879,226,226,218,0,-189,-510,310,786,139,24,126,104,100,0
2894232,226,226,0,50,222,-576,64,759,28,75,93,106,97,0
2897548,226,226,200,50,780,-370,136,740,-47,94,91,89,97,0
2900882,226,226,500,406,726,-154,119,725,-80,37,106,89,94,0
2904232,227,227,0,0,231,-271,91,704,-120,62,121,112,100,0
2907552,227,227,50,68,-838,-257,86,684,-24,-1,186,97,96,0
2910885,227,227,143,125,-1041,-161,124,668,69,36,256,92,93,0
2914232,228,228,12,68,-622,-172,47,651,78,37,261,99,96,0
2917555,228,228,162,12,51,-147,36,631,0,26,260,91,99,0
2920889,228,228,181,12,421,-54,74,610,-52,37,245,90,99,0
2924233,229,229,0,0,234,95,126,593,-78,29,224,97,94,0
2927557,229,229,31,106,-328,273,214,576,17,17,252,98,94,0
2930892,229,229,106,0,-235,434,278,562,68,17,302,94,105,0
2934233,229,230,31,0,204,593,346,551,102,-29,281,98,100,0
2937561,230,230,0,0,856,600,443,540,58,-32,262,107,101,0
2940895,230,230,0,0,1186,490,521,535,29,-49,201,102,104,0
2944234,230,231,0,0,1163,333,631,538,-63,-45,171,106,99,0
2947564,231,231,0,50,674,283,680,536,-10,-84,221,117,102,0
2950898,231,231,0,31,442,412,695,528,10,-41,221,118,103,0
2954254,232,232,0,0,482,491,706,522,29,-79,239,126,97,0
2957567,232,232,0,0,657,510,680,516,-51,-68,190,131,100,0
2960902,232,232,0,50,548,503,583,503,-38,-42,144,131,102,0
2964258,233,232,0,125,388,630,455,486,-47,-111,128,140,98,0
2967570,233,233,0,0,46,720,299,464,-62,-87,171,138,100,0
2970904,234,233,0,0,-284,666,181,438,10,-76,216,147,98,0
2974258,234,233,0,162,-598,485,-153,405,-13,-97,142,142,96,0
2977573,235,234,0,0,-674,412,-386,363,-58,-101,191,151,96,0
2980908,235,234,0,0,-935,475,-659,309,-75,-58,191,147,92,0
2984258,236,234,0,218,-1085,661,-1017,244,9,-125,246,158,93,0
2987576,236,235,0,0,-981,526,-1109,182,-44,-207,305,149,95,0
2990911,237,235,0,0,-943,66,-1165,124,153,-126,434,157,92,0
2994259,237,235,0,312,387,155,-1289,67,49,-147,470,149,88,0
2997580,238,235,0,331,849,370,-1102,22,-184,-197,392,152,87,0
3000914,238,236,0,0,393,279,-863,-6,-29,-221,371,137,89,0
