Time, Rlegs, Llegs, DCL, DCR, GyroX, GyroY, GyroZ, GyroZAvg, AccelX, AccelY, AccelZ, LBEMF, RBEMF, SteerOut
2379,127,134,12,0,192,-142,-144,-145,-22,0,226,13,14,0
5712,127,134,12,0,190,-143,-146,-145,-22,1,223,13,14,0
9040,127,134,12,0,190,-145,-145,-145,-22,1,227,13,14,0
12379,127,134,12,0,193,-143,-145,-145,-24,0,219,13,14,0
15712,127,134,31,0,193,-143,-144,-145,-18,0,218,12,14,0
19043,127,134,12,0,192,-146,-143,-144,-19,-2,218,13,14,0
22380,127,134,12,0,193,-143,-144,-144,-22,-2,226,13,14,0
25713,127,134,12,0,193,-144,-144,-144,-21,-4,221,13,14,0
29046,127,134,12,0,193,-144,-145,-144,-19,-1,219,13,14,0
32401,127,134,12,0,194,-143,-143,-144,-21,0,220,13,14,0
35715,127,134,12,0,192,-144,-146,-144,-22,0,224,13,14,0
39049,127,134,12,0,195,-144,-145,-144,-22,0,222,13,14,0
42405,127,134,12,0,190,-146,-144,-144,-22,1,223,13,14,0
45737,127,134,12,0,191,-145,-146,-144,-24,2,221,13,14,0
49052,127,134,12,0,191,-143,-145,-145,-21,1,224,13,14,0
52405,127,134,12,0,192,-143,-146,-145,-20,-3,218,13,13,0
55741,127,134,31,0,192,-140,-148,-145,-22,0,223,12,14,0
59056,127,134,12,0,192,-138,-148,-145,-22,-1,219,13,14,0
62405,127,134,12,0,192,-139,-146,-145,-22,0,226,13,14,0
65745,127,134,12,0,191,-140,-146,-145,-21,-1,222,13,14,0
69060,127,134,12,0,189,-142,-148,-145,-21,-1,222,13,14,0
72405,127,134,31,0,191,-142,-147,-145,-21,0,223,12,13,0
75748,127,134,12,0,194,-143,-144,-145,-22,-1,223,13,14,0
79063,127,134,12,0,192,-142,-145,-145,-24,0,224,13,14,0
82405,127,134,31,0,193,-144,-145,-145,-21,2,221,12,14,0
85747,127,134,12,0,189,-142,-145,-145,-23,1,221,13,14,0
89065,127,134,12,0,192,-142,-144,-145,-19,-1,222,13,14,0
92406,127,134,12,0,194,-144,-143,-145,-21,0,222,13,14,0
95747,127,134,12,0,194,-142,-144,-145,-17,-2,226,13,14,0
99069,127,134,12,0,192,-141,-143,-145,-24,-1,227,13,14,0
102454,127,134,12,0,194,-144,-145,-145,-19,1,224,13,13,0
105747,0,0,0,0,192,-142,-146,-145,-25,-1,221,12,14,0
109073,0,0,0,0,195,-142,-144,-145,-21,0,221,13,14,0
112406,0,0,0,0,193,-143,-145,-145,-21,0,226,13,14,0
115748,0,0,0,0,191,-144,-147,-145,-21,0,221,13,14,0
119075,0,0,0,0,190,-142,-148,-145,-22,1,226,13,14,0
122428,0,0,0,0,191,-145,-145,-145,-20,1,225,13,14,0
125748,0,0,0,0,191,-142,-146,-145,-21,0,223,13,14,0
129079,0,0,0,0,193,-145,-147,-145,-26,1,216,13,14,0
132431,0,0,0,0,190,-144,-145,-145,-22,-1,223,13,14,0
135748,0,0,0,0,192,-141,-145,-145,-24,2,217,13,14,0
139081,0,0,0,0,190,-144,-147,-145,-19,-1,224,13,14,0
142431,0,0,0,0,194,-144,-144,-145,-19,0,219,13,14,0
145750,0,0,0,0,193,-143,-146,-145,-19,1,223,13,14,0
149085,0,0,0,0,194,-141,-143,-145,-24,3,223,13,14,0
152431,0,0,0,0,191,-142,-145,-145,-22,-1,224,12,14,0
155774,0,0,0,0,191,-141,-143,-145,-21,0,224,13,14,0
159088,0,0,0,0,192,-142,-145,-145,-20,1,224,13,14,0
162432,0,0,0,0,193,-141,-145,-145,-22,1,223,13,14,0
165774,0,0,0,0,192,-143,-143,-145,-23,0,223,12,14,0
169091,0,0,0,0,193,-143,-145,-145,-22,0,220,13,14,0
172432,0,0,0,0,194,-143,-145,-145,-23,2,222,13,14,0
175775,0,0,0,0,195,-141,-146,-145,-22,0,223,13,14,0
179094,0,0,0,0,193,-143,-147,-145,-21,-1,220,13,13,0
182433,0,0,0,0,192,-140,-145,-145,-21,0,224,13,14,0
185775,0,0,0,0,192,-143,-147,-145,-24,0,221,13,14,0
189097,0,0,0,0,190,-142,-147,-145,-23,-1,226,12,13,0
192432,0,0,0,0,192,-142,-146,-145,-20,-2,224,13,13,0
195775,0,0,0,0,192,-143,-145,-145,-26,1,224,13,14,0
199100,0,0,0,0,192,-142,-145,-145,-18,1,227,13,14,0
202660,0,0,0,0,189,-141,-144,-145,-20,-2,222,13,14,0
205778,0,0,181,125,190,-141,-147,-145,-22,-8,218,20,23,0
209104,0,1,0,0,190,-172,-141,-145,-25,11,231,37,31,0
212460,0,1,0,0,137,-158,-152,-145,-7,4,220,31,25,0
215778,0,1,68,0,142,-174,-154,-145,-7,-2,224,26,21,0
219107,0,1,87,0,247,-212,-114,-144,-50,6,219,25,18,0
222461,0,1,50,0,186,-242,-68,-142,-20,8,212,27,14,0
225779,0,1,87,12,156,-212,-66,-139,-19,3,219,25,13,0
229110,0,1,312,200,205,-190,-64,-137,-38,2,220,29,19,0
232461,0,1,68,12,131,-233,-89,-135,-14,12,227,42,29,0
235802,0,1,125,106,116,-223,-131,-134,1,4,218,39,24,0
239113,1,1,0,68,215,-256,-140,-134,-32,5,218,38,26,0
242461,1,1,0,87,217,-284,-131,-134,-28,15,216,30,25,0
245803,1,1,181,68,177,-225,-131,-133,-23,9,215,20,26,0
249118,1,1,143,87,157,-151,-123,-133,-15,10,217,22,25,0
252461,1,1,218,200,156,-94,-117,-132,-22,1,217,34,35,0
255807,1,1,87,68,144,-100,-137,-132,-22,4,230,41,42,0
259120,1,1,200,125,121,-108,-152,-132,15,-9,221,35,39,0
262461,1,1,181,162,296,-185,-82,-130,-47,-33,206,36,37,0
265807,1,2,181,0,333,-341,-115,-129,-54,-19,205,36,35,0
269123,1,2,181,106,181,-454,-156,-129,-7,21,217,36,24,0
272461,1,2,462,462,244,-292,-79,-127,-22,-3,222,37,21,0
275807,1,2,350,218,245,-216,-32,-124,-85,2,222,43,34,0
279127,2,2,0,125,-20,-239,-82,-122,0,3,250,53,39,0
282484,2,2,237,143,-36,-199,-114,-121,3,-2,254,33,38,0
285807,2,2,237,162,164,-211,-40,-118,-37,-8,243,33,37,0
289129,2,2,200,143,249,-258,-14,-113,-36,2,224,35,38,0
292485,2,2,200,162,243,-243,-7,-109,-8,8,221,35,37,0
295808,2,2,200,162,317,-177,28,-104,-12,12,217,35,37,0
299132,2,2,425,425,391,-83,55,-97,-36,6,225,39,39,0
302485,2,3,181,0,331,-16,45,-91,-32,19,237,52,51,0
305808,3,3,0,12,269,33,9,-87,20,5,225,51,45,0
309136,3,3,125,181,406,72,4,-82,20,15,231,39,36,0
312485,3,3,256,181,639,122,-5,-77,-51,25,226,32,36,0
315810,3,3,143,143,512,168,-3,-73,-39,14,232,38,38,0
319139,3,3,181,162,322,180,-45,-70,-37,-5,234,36,37,0
322485,3,3,312,237,139,27,-91,-68,-27,-7,206,45,49,0
325809,3,3,162,162,84,51,-139,-69,-20,39,187,53,53,0
329142,3,4,200,0,60,310,-63,-68,58,-26,231,51,53,0
332486,4,4,0,68,478,336,-14,-67,-16,-33,223,53,42,0
335811,4,4,68,181,498,209,17,-64,-31,-19,233,42,36,0
339146,4,4,218,87,311,61,22,-61,-19,-25,237,34,41,0
342486,4,4,462,425,238,-121,49,-55,-21,-18,230,37,39,0
345814,4,4,275,200,215,-220,14,-50,-16,-12,225,47,51,0
349148,4,4,143,68,294,-271,-16,-47,-51,8,212,54,58,0
352487,4,4,181,162,205,-164,-76,-45,-17,-2,198,52,53,0
355817,5,5,0,0,190,-55,-84,-44,-42,-11,213,51,52,0
359152,5,5,12,68,140,13,-123,-44,-25,-13,234,45,42,0
362487,5,5,237,125,113,44,-143,-44,-24,-14,234,33,39,0
365820,5,5,481,406,208,28,-155,-44,-44,-9,246,36,40,0
369155,5,5,368,200,230,-8,-173,-47,-60,-11,239,42,51,0
372514,5,5,256,87,125,-74,-170,-49,-47,0,228,48,57,0
375825,5,6,275,0,68,-67,-170,-49,-54,-20,210,47,54,0
379158,5,6,331,0,76,-64,-142,-51,-41,-3,221,44,48,0
382514,5,6,312,143,142,-60,-114,-54,-42,-6,217,45,38,0
385827,6,6,50,143,138,-118,-4,-51,-73,-2,235,43,38,0
389161,6,6,443,87,-41,-246,33,-47,-14,-3,238,22,41,0
392519,6,6,387,162,-51,-442,103,-42,-28,3,227,41,53,0
395830,6,6,256,87,-13,-510,211,-35,-67,14,212,48,57,0
399165,6,6,368,125,-179,-518,237,-28,-18,13,212,42,55,0
402520,6,7,406,0,-196,-594,238,-21,-5,24,202,40,55,0
405833,6,7,350,0,-157,-614,229,-16,-24,19,230,43,51,0
409169,7,7,256,0,19,-584,372,-6,46,68,217,48,48,0
412520,7,7,443,350,554,-371,419,6,-60,36,216,38,43,0
415837,7,7,518,181,507,-269,436,20,-53,25,213,34,52,0
419171,7,7,200,68,295,-269,412,33,0,47,186,51,58,0
422521,7,8,256,0,154,-133,466,48,-6,55,198,48,54,0
425840,7,8,331,0,322,44,635,69,-60,25,229,44,50,0
429174,7,8,293,68,184,129,571,89,-80,24,235,46,42,0
432521,7,8,275,87,-242,28,533,110,0,17,229,47,41,0
435843,8,8,312,387,-189,-29,565,130,0,51,233,45,41,0
439177,8,8,425,162,-107,5,484,146,-24,23,233,39,53,0
442521,8,8,218,68,-164,-61,416,158,-15,18,207,50,58,0
445846,8,8,275,143,-241,-135,315,167,-10,18,214,47,54,0
449181,8,9,312,0,-349,-158,182,171,15,6,245,45,55,0
452551,8,9,537,200,-370,-175,18,172,-11,-17,235,46,48,0
455849,8,9,368,181,-109,-212,91,175,25,13,234,55,49,0
459184,9,9,0,50,245,-151,5,177,-26,7,219,62,56,0
462522,9,9,312,125,206,-167,-138,176,-2,-26,220,42,52,0
465853,9,9,293,125,142,-240,-199,173,-3,-1,224,43,52,0
469187,9,10,218,0,87,-278,-319,168,6,-13,228,47,48,0
472522,9,10,218,87,13,-324,-394,160,8,-11,236,47,38,0
475856,9,10,200,143,67,-374,-450,152,0,-3,229,48,35,0
479190,9,10,500,425,29,-359,-529,141,5,16,215,48,36,0
482547,10,10,68,125,31,-332,-591,127,-15,4,211,55,52,0
485860,10,10,218,87,8,-302,-637,112,-22,6,218,47,54,0
489193,10,10,237,162,-43,-238,-688,94,-16,-9,207,46,50,0
492548,10,10,237,181,-83,-239,-666,73,-28,20,209,46,49,0
495862,10,11,237,0,-159,-248,-635,52,-14,-6,219,46,46,0
499197,10,11,218,162,-165,-276,-569,31,0,7,229,47,34,0
502548,11,11,0,200,9,-295,-484,10,-1,6,237,48,32,0
505865,11,11,443,462,168,-298,-400,-9,-23,10,238,35,34,0
509200,11,11,293,237,208,-302,-287,-26,-44,6,217,43,46,0
512548,11,11,181,256,132,-286,-191,-39,-38,16,224,49,45,0
515868,11,11,293,237,41,-258,-85,-53,-52,26,232,43,46,0
519204,11,11,256,293,-142,-255,39,-65,-37,18,239,45,43,0
522548,11,12,237,50,-219,-309,88,-76,-2,26,245,46,40,0
525873,11,12,181,237,-132,-326,122,-85,-2,25,245,49,30,0
529206,12,12,0,218,-35,-266,187,-94,-22,29,226,49,31,0
532548,12,12,368,293,-43,-198,194,-107,-44,12,220,39,43,0
535875,12,12,218,162,-155,-126,208,-119,-36,30,216,47,50,0
539209,12,12,218,181,-334,-36,196,-129,-21,18,221,47,49,0
542549,12,12,256,200,-415,-24,204,-141,-17,17,229,45,48,0
545878,12,12,218,237,-396,-81,202,-149,13,22,224,47,46,0
549212,12,13,218,218,-247,-158,160,-157,14,34,209,47,47,0
552549,13,13,0,31,-123,-186,141,-163,-11,32,211,44,41,0
555882,13,13,500,500,-10,-175,129,-164,-15,30,209,32,32,0
559216,13,13,275,275,-9,-174,83,-162,-36,29,191,44,44,0
562574,13,13,181,162,-79,-146,61,-163,-31,23,200,49,50,0
565884,13,13,200,181,-158,-81,72,-161,-16,23,198,48,49,0
569219,13,13,162,200,-271,-84,63,-155,-8,18,221,50,48,0
572577,13,13,162,200,-320,-146,2,-149,2,23,225,50,48,0
575888,14,14,0,0,-260,-190,-46,-140,-6,14,212,49,44,0
579222,14,14,0,143,-207,-191,-81,-130,-28,15,207,43,35,0
582577,14,14,406,368,-293,-213,-133,-120,-12,3,218,37,39,0
585891,14,14,162,125,-307,-262,-170,-109,-22,9,205,50,52,0
589226,14,14,106,106,-329,-239,-164,-96,-4,-1,225,53,53,0
592583,14,14,162,143,-365,-218,-132,-80,-20,-10,233,50,51,0
595894,14,14,125,181,-426,-275,-113,-62,17,-3,239,52,49,0
599229,15,15,0,181,-313,-327,-102,-45,38,21,251,54,49,0
602586,15,15,0,0,-141,-289,-84,-27,0,21,233,46,45,0
605897,15,15,68,125,-91,-229,-76,-12,-7,15,219,39,36,0
609232,15,15,368,312,-117,-119,-57,0,-2,7,206,39,42,0
612586,15,15,31,68,-120,-57,5,13,-27,-18,208,57,55,0
615901,15,15,125,143,-196,2,92,25,-10,-3,220,52,51,0
619236,15,15,106,162,-277,22,198,37,15,-2,226,53,50,0
622586,16,16,0,0,-210,-100,224,47,33,7,217,60,51,0
625904,16,16,0,0,-40,-171,229,53,7,20,206,54,45,0
629238,16,16,0,106,63,-131,254,58,-2,6,195,48,37,0
632586,16,16,312,350,10,-79,256,62,-13,10,186,42,40,0
635907,16,16,181,162,-76,-39,243,64,0,-9,204,49,50,0
639241,16,16,31,31,-110,47,256,66,-9,-7,197,57,57,0
642587,17,16,0,106,-152,76,245,67,26,-8,226,55,53,0
645910,17,16,0,125,-120,31,252,69,19,0,227,55,52,0
649244,17,17,0,0,-8,-152,214,69,21,10,232,53,51,0
652587,17,17,0,0,61,-222,149,67,7,13,225,48,43,0
655913,17,17,0,68,64,-207,132,66,11,-3,215,44,39,0
659248,17,17,275,368,26,-117,110,65,-2,-6,205,44,39,0
662587,17,17,31,31,-34,-78,101,65,9,-8,217,57,57,0
665916,18,17,0,87,-34,-76,90,65,17,-17,239,63,54,0
669252,18,18,0,0,-29,-137,82,65,18,-2,243,61,51,0
672608,18,18,0,0,-1,-264,55,65,21,15,223,59,48,0
675920,18,18,0,12,67,-371,9,63,15,9,219,58,42,0
679254,18,18,0,31,132,-307,-28,62,19,3,191,58,41,0
682612,19,18,0,31,241,-126,-37,63,1,3,184,60,41,0
685923,19,18,0,218,246,38,-9,65,-28,-5,190,64,47,0
689258,19,18,0,0,11,77,20,70,-6,-22,221,66,60,0
692613,19,18,0,68,-67,-18,9,75,26,-3,231,66,55,0
695926,19,19,0,0,-10,-121,46,82,16,-23,239,68,54,0
699261,20,19,0,0,76,-278,97,89,-27,-17,228,70,49,0
702643,20,19,0,312,-45,-376,108,96,11,7,199,72,45,0
705930,20,19,0,125,-83,-350,117,103,-3,27,203,72,55,0
709264,20,19,0,12,-122,-208,67,107,-9,12,208,73,61,0
712613,21,19,0,87,-280,-163,-7,110,8,20,226,78,57,0
715933,21,20,0,0,-278,-80,-63,109,30,10,225,82,57,0
719267,21,20,0,0,19,-10,-31,108,8,-3,210,79,52,0
722614,21,20,0,0,50,-72,-11,105,55,0,234,80,49,0
725936,22,20,0,0,305,-64,23,100,46,21,252,83,48,0
729270,22,20,0,237,653,135,146,97,-57,13,206,81,49,0
732613,22,20,0,31,337,185,184,96,-56,25,188,78,60,0
735939,22,21,0,0,-90,185,264,96,-16,-5,222,79,58,0
739274,23,21,0,0,-333,178,275,97,54,-6,228,83,53,0
742613,23,21,0,0,-192,174,315,99,43,-12,236,79,49,0
745942,23,21,0,0,12,193,431,104,-15,-16,222,79,47,0
749276,23,21,0,87,159,208,484,112,20,-11,238,79,41,0
752614,24,21,0,218,349,195,504,120,57,-42,289,84,50,0
755946,24,22,0,0,636,67,541,130,41,-49,279,76,59,0
759281,24,22,0,0,762,-160,522,142,18,-39,258,75,56,0
762635,25,22,0,0,714,-186,515,154,10,-42,243,73,50,0
765949,25,22,0,12,725,-82,468,165,44,-57,230,75,45,0
769284,25,22,0,50,737,31,338,172,-2,-64,247,72,43,0
772639,25,22,0,350,521,-15,257,177,18,-41,242,69,43,0
775952,25,22,0,162,345,-58,147,179,67,-51,250,65,53,0
779286,26,23,0,0,405,-173,46,179,39,-78,249,64,59,0
782639,26,23,0,0,426,-300,-79,176,49,-70,247,57,51,0
785955,26,23,0,12,401,-393,-185,171,71,-50,235,49,45,0
789289,26,23,0,125,602,-376,-258,165,27,-41,225,44,39,0
792640,26,23,0,87,630,-340,-311,155,19,-33,215,38,41,0
795958,26,23,0,87,596,-346,-335,144,32,-29,228,32,41,0
799292,26,23,0,256,772,-240,-279,135,-36,-30,199,25,48,0
802640,26,24,0,0,728,-184,-234,126,-53,-46,211,21,56,0
805961,26,24,0,0,416,-277,-144,119,-25,-44,224,15,53,0
809296,26,24,50,50,207,-416,-72,113,11,-20,212,11,43,0
812640,26,24,0,125,320,-429,-57,108,5,-25,214,14,39,0
815964,26,24,12,68,468,-451,20,106,-29,-4,219,13,42,0
819299,26,24,331,368,529,-412,39,108,-4,30,235,12,42,0
822640,26,24,106,181,637,-233,-6,109,-27,52,239,24,52,0
825968,26,24,0,87,699,-69,-97,107,-43,18,230,32,57,0
829303,27,25,0,0,625,29,-182,102,-34,9,224,26,56,0
832640,27,25,0,0,514,-51,-198,95,-62,0,217,20,48,0
835971,27,25,0,50,238,-254,-230,83,-30,2,234,16,43,0
839329,27,25,31,87,0,-507,-297,68,20,23,229,12,41,0
842661,27,25,350,387,181,-507,-323,50,0,46,207,11,41,0
845974,27,25,87,200,397,-357,-365,30,-7,35,212,25,51,0
849332,27,26,0,0,398,-214,-375,8,-19,33,208,30,57,0
852665,27,26,50,0,349,-122,-379,-16,-29,16,206,27,53,0
855978,27,26,125,12,218,-39,-333,-41,30,23,209,23,45,0
859336,27,26,50,125,349,42,-303,-67,41,2,228,27,39,0
862666,27,26,87,106,575,8,-247,-91,-26,-14,225,25,40,0
865981,27,26,425,368,527,-142,-203,-114,-14,3,227,23,42,0
869338,27,26,87,125,309,-352,-139,-134,15,15,247,41,55,0
872666,27,26,87,125,299,-401,-105,-152,21,23,240,41,55,0
875984,27,27,143,0,342,-361,-101,-166,22,18,222,38,53,0
879343,27,27,162,50,397,-266,-96,-177,26,19,231,37,43,0
882666,27,27,143,125,446,-141,-92,-185,19,6,240,38,39,0
885987,28,27,0,162,503,-66,-81,-188,3,-6,218,36,37,0
889345,28,27,500,406,447,-109,-8,-186,-23,-7,220,19,40,0
892666,28,27,350,275,312,-147,22,-180,41,-12,225,27,47,0
895991,28,27,31,143,379,-190,32,-171,36,-8,225,44,54,0
899348,28,28,275,0,589,-253,65,-159,4,-14,208,31,52,0
902666,28,28,256,50,580,-285,70,-146,4,6,231,32,43,0
905994,28,28,200,218,470,-279,50,-136,-2,5,246,35,34,0
909349,28,28,237,181,423,-290,43,-127,5,1,230,33,36,0
912667,28,28,518,500,426,-325,55,-121,8,4,229,34,35,0
915996,28,28,406,293,473,-341,18,-118,-14,-9,245,40,46,0
919353,28,28,275,143,565,-482,47,-115,-14,-7,255,47,54,0
922688,29,28,50,256,653,-645,109,-112,-35,-2,233,43,48,0
926000,29,28,350,256,633,-693,113,-110,-60,33,215,27,48,0
929357,29,29,200,293,272,-512,3,-110,-16,75,211,35,30,0
932691,29,29,162,350,-2,-225,-169,-112,-41,21,196,37,27,0
936003,29,29,575,556,-186,-4,-235,-114,16,17,226,31,32,0
939357,29,29,331,237,-70,-40,-280,-116,51,15,241,44,49,0
942691,29,29,293,143,316,-143,-277,-118,26,9,244,46,54,0
946006,29,29,387,200,611,-204,-283,-117,-34,8,250,41,51,0
949358,29,29,350,275,593,-350,-285,-116,-21,9,237,43,47,0
952721,30,30,293,162,509,-449,-369,-116,3,34,228,43,50,0
956010,30,30,462,237,569,-445,-342,-115,-39,45,210,34,46,0
959358,30,30,237,293,420,-406,-358,-114,-29,46,220,46,43,0
962692,30,30,312,293,293,-372,-374,-116,-24,38,214,42,43,0
966012,30,30,350,293,238,-361,-397,-119,-37,42,218,40,43,0
969358,30,30,368,256,94,-441,-353,-122,-15,47,215,39,45,0
972692,30,30,368,275,18,-475,-353,-127,2,44,224,39,44,0
976016,30,30,368,312,116,-448,-306,-132,-5,56,209,39,42,0
979358,31,30,312,593,62,-388,-398,-141,7,72,229,42,43,0
982693,31,31,312,106,139,-233,-438,-152,3,62,222,42,53,0
986019,31,31,368,218,226,-113,-417,-162,-8,54,233,39,47,0
989359,31,31,350,293,290,-51,-414,-172,-19,51,234,40,43,0
992693,31,31,350,256,302,2,-425,-182,5,58,245,40,45,0
996023,31,31,425,256,367,75,-446,-196,5,50,240,36,45,0
999379,31,31,387,293,551,86,-446,-211,5,35,247,38,43,0
1002714,31,31,406,331,699,58,-459,-226,-5,41,239,37,41,0
1006025,31,32,650,387,791,42,-453,-242,-36,59,225,40,38,0
1009383,32,32,31,312,768,24,-468,-259,-15,44,229,57,42,0
1012718,32,32,368,293,730,-24,-474,-275,-31,55,215,39,43,0
1016028,32,32,368,256,699,10,-519,-293,-38,60,211,39,45,0
1019384,32,32,293,237,564,74,-579,-313,-47,44,200,43,46,0
1022718,32,32,293,237,436,123,-614,-333,-33,52,188,43,46,0
1026032,32,32,275,237,206,217,-817,-360,-17,50,183,44,46,0
1029384,32,32,556,593,89,280,-896,-391,-1,11,213,45,43,0
1032719,33,33,106,68,187,236,-947,-424,11,15,215,53,55,0
1036035,33,33,181,162,342,132,-1039,-457,-39,33,213,49,50,0
1039384,33,33,293,218,420,130,-1068,-485,-27,25,217,43,47,0
1042718,33,33,293,181,400,95,-1086,-511,-38,16,211,43,49,0
1046039,33,33,218,162,386,67,-1078,-536,-42,25,215,47,50,0
1049384,33,33,181,237,322,125,-1108,-562,-8,19,212,49,46,0
1052719,33,33,218,237,346,213,-1099,-588,-14,31,223,47,46,0
1056042,34,34,181,256,366,273,-1132,-614,-43,13,232,49,45,0
1059384,34,34,162,218,342,255,-1064,-636,3,12,245,50,47,0
1062719,34,34,200,162,270,242,-1100,-660,-24,-6,254,48,50,0
1066044,34,34,181,143,321,273,-1028,-681,-23,-17,232,49,51,0
1069384,34,34,143,143,274,219,-1052,-702,-15,3,231,51,51,0
1072719,34,34,143,106,299,201,-1029,-722,3,9,226,51,53,0
1076049,34,34,143,143,350,248,-991,-741,2,-13,207,51,51,0
1079405,35,35,0,0,445,257,-946,-760,-1,-8,218,52,51,0
1082741,35,35,237,237,512,259,-908,-779,-26,-12,221,46,46,0
1086051,35,35,87,68,422,223,-873,-794,-19,-22,217,54,55,0
1089409,35,35,106,68,350,239,-841,-806,-34,-15,233,53,55,0
1092743,35,35,87,68,275,227,-787,-818,-3,-30,220,54,55,0
1096054,35,35,106,106,368,80,-684,-826,7,-40,220,53,53,0
1099410,36,36,0,0,550,4,-615,-832,0,-28,204,56,51,0
1102743,36,36,0,0,586,-44,-534,-835,-37,-28,193,54,48,0
1106057,36,36,0,0,484,-118,-459,-835,-18,-39,207,49,47,0
1109409,36,36,87,50,410,-143,-411,-834,-37,-22,181,54,56,0
1112743,36,36,31,0,283,-175,-402,-832,-17,-33,192,57,61,0
1116060,36,36,68,50,234,-198,-447,-832,9,-20,203,55,56,0
1119410,37,37,0,0,349,-231,-412,-830,-12,-37,221,57,59,0
1122743,37,37,0,0,405,-324,-348,-824,-11,-23,211,53,61,0
1126064,37,37,0,0,376,-394,-258,-814,-45,2,218,51,62,0
1129411,37,37,0,0,230,-337,-221,-802,-29,-15,208,46,63,0
1132744,37,37,293,0,135,-267,-215,-783,6,0,221,43,60,0
1136067,37,38,125,0,180,-181,-181,-761,-14,-6,205,52,61,0
1139411,37,38,0,0,269,-150,-160,-736,2,-3,225,61,63,0
1142744,38,38,0,0,375,-165,-139,-708,-15,6,227,59,65,0
1146070,38,38,0,0,445,-235,-139,-679,-38,-9,234,54,69,0
1149411,38,38,0,0,358,-314,-126,-649,-30,-1,234,47,70,0
1152744,38,39,0,0,251,-344,-127,-619,-38,17,206,45,73,0
1156073,38,39,12,0,108,-261,-148,-589,-5,9,204,42,76,0
1159411,38,39,293,0,128,-171,-177,-561,14,4,205,43,83,0
1162744,39,40,0,0,209,-114,-190,-531,-1,20,230,61,81,0
1166076,39,40,0,0,285,-108,-184,-504,-11,7,220,64,83,0
1169433,39,40,0,0,303,-182,-151,-474,-22,5,192,59,89,0
1172769,39,40,0,0,324,-266,-109,-445,-15,12,195,58,93,0
1176080,39,41,0,0,382,-386,-79,-415,0,14,199,56,92,0
1179436,39,41,0,0,441,-450,-75,-385,-24,-5,182,54,100,0
1182772,40,41,0,0,419,-451,-83,-357,5,51,199,54,97,0
1186084,40,42,0,0,527,-374,2,-327,-11,12,193,53,93,0
1189437,40,42,0,0,541,-312,66,-297,8,20,176,51,100,0
1192773,40,42,0,0,635,-206,84,-267,10,-22,190,52,97,0
1196087,40,43,0,0,889,-51,112,-237,-52,-29,202,53,95,0
1199436,40,43,0,0,662,48,80,-210,-126,26,239,55,95,0
1202778,41,43,0,0,95,309,-72,-191,-29,7,249,55,83,0
1206090,41,44,0,0,107,676,-306,-181,70,-43,269,59,77,0
1209437,41,44,0,0,713,782,-336,-175,41,-35,242,55,70,0
1212778,41,44,0,0,894,775,-397,-173,-143,-122,312,54,65,0
1216093,41,44,0,0,92,430,-489,-175,-82,-128,310,53,58,0
1219437,41,44,0,0,-292,91,-429,-176,42,-146,287,49,47,0
1222778,41,45,0,0,-48,-193,-401,-175,-16,-78,293,46,39,0
1226096,42,45,12,0,425,-255,-520,-178,-51,-100,286,45,30,0
1229437,42,45,68,0,511,-241,-541,-184,-83,-111,227,42,20,0
1232778,42,45,50,0,344,-279,-541,-193,-99,-105,196,43,14,0
1236100,42,45,68,0,-111,-195,-404,-199,-53,-114,197,42,10,0
1239438,42,45,68,0,-222,-113,-337,-203,-29,-88,207,42,6,0
1242780,42,45,87,0,-3,-30,-250,-205,-18,-101,218,41,4,0
1246102,42,45,125,0,357,-137,-116,-203,-72,-106,215,39,2,0
1249459,42,45,406,237,286,-400,-12,-199,-61,-87,240,40,1,0
1252779,43,45,0,0,193,-673,78,-193,-61,-49,243,49,14,0
1256106,43,45,125,12,151,-910,157,-184,-63,-27,241,39,13,0
1259462,43,45,162,31,90,-961,124,-176,-52,9,221,37,12,0
1262779,43,46,181,0,0,-915,76,-169,-45,39,228,36,11,0
1266108,43,46,162,0,-95,-727,16,-163,-60,39,235,37,10,0
1269463,43,46,181,0,-182,-610,43,-156,-38,36,224,36,9,0
1272779,43,46,425,106,-174,-459,50,-148,-32,49,202,39,8,0
1276112,43,46,218,0,-175,-202,-45,-145,-40,-1,198,50,14,0
1279463,44,46,0,31,-274,-174,-125,-145,-2,-1,223,55,12,0
1282804,44,46,31,31,-290,-231,-145,-148,3,-8,196,44,12,0
1286115,44,46,237,31,-96,-371,-193,-151,10,-3,202,33,12,0
1289463,44,46,162,31,-21,-441,-202,-155,-16,17,190,37,12,0
1292806,44,46,143,12,-159,-456,-240,-162,20,7,212,38,13,0
1296119,44,46,462,331,-83,-447,-181,-170,-35,33,204,37,12,0
1299463,44,46,237,68,-168,-493,-187,-179,-7,43,221,49,26,0
1302806,44,46,162,87,-207,-500,-195,-188,30,44,250,53,25,0
1306122,45,46,0,106,59,-441,-180,-196,12,43,251,51,24,0
1309463,45,47,143,0,194,-469,-146,-199,-25,44,225,38,23,0
1312806,45,47,256,0,169,-446,-109,-193,-10,56,223,32,16,0
1316125,45,47,162,50,159,-246,-46,-183,-3,47,212,37,11,0
1319464,45,47,481,350,220,-80,-2,-171,-24,11,209,36,11,0
1322806,45,47,256,106,229,-15,2,-156,-32,27,208,48,24,0
1326128,45,47,200,87,141,-13,-46,-144,17,28,228,51,25,0
1329485,45,47,256,125,277,26,-74,-134,22,18,228,48,23,0
1332806,46,47,0,106,481,40,-74,-120,-17,18,227,50,24,0
1336131,46,47,31,106,545,85,-98,-106,-14,31,230,44,24,0
1339488,46,47,293,106,531,196,-131,-93,-10,34,227,30,24,0
1342807,46,47,462,387,545,313,-154,-85,-5,33,239,37,25,0
1346134,46,47,218,143,587,442,-188,-81,-24,29,238,50,38,0
1349489,46,47,200,106,531,513,-216,-79,-12,24,229,51,40,0
1352807,46,47,256,125,533,570,-238,-83,16,13,231,48,39,0
1356138,46,47,218,125,696,596,-201,-89,-15,-8,220,50,39,0
1359489,47,47,0,181,727,581,-158,-97,-51,-11,232,46,36,0
1362807,47,47,237,125,545,485,-120,-105,-15,-47,258,33,39,0
1366140,47,48,500,162,366,220,-25,-110,30,-42,246,35,37,0
1369488,47,48,106,143,550,91,41,-111,-16,-32,204,56,38,0
1372831,47,48,162,125,677,100,65,-109,-42,-42,199,53,39,0
1376144,47,48,218,125,570,156,91,-108,-37,-48,201,50,39,0
1379489,47,48,181,106,464,187,133,-105,-58,-45,192,52,40,0
1382836,48,48,0,106,324,225,174,-99,-39,-40,204,52,40,0
1386147,48,48,162,106,262,249,171,-89,-23,-52,227,37,40,0
1389490,48,48,593,387,306,154,120,-81,-18,-54,240,30,41,0
1392835,48,48,256,162,372,-37,79,-72,-74,-49,231,48,53,0
1396150,48,49,237,0,282,-210,36,-65,-67,-35,225,49,55,0
1399490,48,49,387,0,134,-232,-6,-58,-44,-30,211,41,46,0
1402836,48,49,387,87,99,-256,-46,-54,-59,-9,210,41,41,0
1406153,48,49,425,143,-10,-193,-120,-51,-52,-11,232,39,38,0
1409511,49,49,162,68,-43,-130,-179,-51,-26,-2,248,37,42,0
1412837,49,49,650,387,184,-155,-210,-52,-37,-1,253,27,41,0
1416156,49,49,425,162,418,-281,-202,-54,-96,5,244,39,53,0
1419513,49,50,368,0,156,-353,-181,-56,-101,5,212,42,57,0
1422835,49,50,387,0,-99,-402,-222,-61,38,-2,258,41,51,0
1426160,49,50,312,31,350,-554,-182,-67,-82,12,222,45,44,0
1429513,49,50,312,106,303,-539,-192,-73,-4,8,230,45,40,0
1432836,49,50,312,68,311,-530,-225,-79,-42,13,217,45,42,0
1436163,50,50,256,350,311,-490,-295,-86,-63,39,209,48,43,0
1439513,50,50,312,68,128,-360,-323,-93,-61,30,212,45,58,0
1442836,50,50,293,68,-7,-263,-350,-101,-29,28,210,46,58,0
1446166,50,51,312,0,18,-271,-400,-110,-18,33,208,45,55,0
1449514,50,51,293,0,63,-267,-388,-117,-57,4,206,46,47,0
1452838,50,51,518,293,-39,-266,-371,-123,-26,22,196,47,43,0
1456169,50,51,312,68,-115,-365,-328,-126,-40,15,191,58,55,0
1459514,51,51,143,87,-178,-445,-306,-128,-10,41,208,51,54,0
1462838,51,51,350,143,-195,-465,-308,-132,9,36,216,40,51,0
1466173,51,52,275,0,-25,-544,-254,-135,-46,45,196,44,51,0
1469514,51,52,237,0,-85,-574,-238,-138,-20,43,196,46,45,0
1472841,51,52,256,50,-174,-513,-232,-145,-9,50,196,45,40,0
1476176,51,52,275,87,-139,-408,-181,-152,-26,56,213,44,38,0
1479514,51,52,462,275,-157,-333,-198,-160,-11,48,209,50,44,0
1482845,52,52,0,50,-154,-276,-195,-169,0,53,209,61,56,0
1486179,52,52,293,31,-92,-201,-217,-180,5,33,225,43,57,0
1489515,52,53,293,0,-91,-176,-212,-192,-24,27,229,43,52,0
1492848,52,53,237,0,-97,-202,-183,-203,-7,31,239,46,51,0
1496182,52,53,237,0,-45,-237,-153,-211,5,26,247,46,45,0
1499539,52,53,256,106,43,-238,-108,-217,-19,29,236,45,37,0
1502851,52,53,237,87,23,-207,-100,-222,1,31,232,46,38,0
1506186,53,53,181,275,-7,-126,-139,-226,-21,39,242,49,44,0
1509543,53,53,218,31,-104,-3,-208,-231,-2,28,235,47,57,0
1512854,53,54,218,0,-143,63,-298,-236,15,8,238,47,52,0
1516188,53,54,256,0,-88,126,-326,-241,6,-6,252,45,47,0
1519547,53,54,218,68,-49,172,-325,-245,31,-8,240,47,39,0
1522858,53,54,256,143,86,149,-376,-250,-14,-23,225,45,35,0
1526192,53,54,256,87,58,70,-377,-256,-4,-12,228,45,38,0
1529549,54,54,200,387,81,87,-398,-262,-13,-22,209,48,38,0
1532861,54,54,200,87,138,72,-450,-270,-1,-14,218,48,54,0
1536195,54,54,200,50,429,37,-478,-279,-60,-29,180,48,56,0
1539549,54,54,162,181,172,-27,-494,-287,-2,2,207,50,49,0
1542865,54,55,143,0,82,-77,-522,-294,7,-27,187,51,48,0
1546199,54,55,125,87,291,-146,-518,-300,-52,-16,201,52,38,0
1549549,55,55,0,162,132,-179,-550,-307,-61,-13,190,52,34,0
1552867,55,55,0,125,-113,-180,-526,-311,-8,-16,211,50,36,0
1556201,55,55,293,425,-125,-191,-513,-315,-60,-30,210,43,36,0
1559549,55,55,143,125,-222,-260,-528,-319,-59,-25,215,51,52,0
1562870,55,55,125,143,-369,-333,-465,-324,-37,-27,221,52,51,0
1566204,55,55,181,256,-481,-370,-397,-327,-24,-24,232,49,45,0
1569549,55,56,181,68,-492,-447,-311,-327,-20,-10,237,49,39,0
1572873,56,56,0,181,-493,-575,-308,-328,5,-5,240,53,33,0
1576208,56,56,0,181,-267,-570,-286,-330,22,20,250,48,33,0
1579550,56,56,481,425,-10,-466,-247,-330,-13,10,240,33,36,0
1582877,56,56,293,256,80,-352,-217,-331,-18,4,234,43,45,0
1586211,56,56,106,125,99,-271,-137,-330,-40,8,228,53,52,0
1589550,56,56,181,200,-16,-171,-36,-325,-22,6,249,49,48,0
1592880,56,56,162,237,-130,-139,72,-316,-18,11,243,50,46,0
1596214,57,56,125,218,-233,-227,94,-306,1,13,252,52,47,0
1599550,57,57,0,0,-256,-287,86,-298,-6,18,237,47,43,0
1602883,57,57,106,218,-291,-288,79,-290,0,29,223,37,31,0
1606217,57,57,425,481,-314,-233,68,-285,-10,17,201,36,33,0
1609575,57,57,162,200,-325,-137,62,-280,-26,15,192,50,48,0
1612887,57,57,143,125,-393,20,84,-273,-25,23,193,51,52,0
1616220,57,57,181,181,-471,89,114,-263,-3,12,208,49,49,0
1619576,57,57,143,256,-485,32,106,-250,5,14,212,51,45,0
1622889,58,58,0,0,-427,-117,44,-239,17,27,217,53,48,0
1626224,58,58,31,31,-229,-188,34,-227,3,21,214,41,41,0
1629576,58,58,200,200,-157,-243,7,-215,-12,20,190,32,32,0
1632892,58,58,443,443,-111,-274,-11,-204,-16,19,177,35,35,0
1636227,58,58,125,162,-113,-241,-10,-192,-42,9,188,52,50,0
1639576,58,58,143,143,-210,-205,-14,-178,-50,-19,201,51,51,0
1642896,58,58,162,181,-368,-295,-29,-164,-5,10,222,50,49,0
1646231,59,58,0,200,-409,-407,-53,-150,3,21,237,54,48,0
1649577,59,58,0,200,-352,-480,-96,-137,4,32,230,49,48,0
1652899,59,59,31,0,-307,-498,-112,-124,-18,27,231,41,43,0
1656233,59,59,125,181,-353,-408,-111,-111,-23,38,225,36,33,0
1659576,59,59,143,256,-421,-243,-124,-98,2,19,199,51,45,0
1662902,59,59,31,125,-396,-24,-88,-85,-12,23,221,57,52,0
1666236,59,59,106,162,-419,97,-37,-69,-20,12,243,53,50,0
1669577,60,59,0,200,-492,98,9,-55,2,17,248,58,48,0
1672905,60,59,0,237,-445,-71,33,-41,16,9,240,58,46,0
1676241,60,60,0,0,-328,-198,74,-29,4,11,215,55,48,0
1679577,60,60,0,143,-255,-229,102,-16,8,11,207,48,35,0
1682909,60,60,237,443,-134,-164,141,-3,12,4,188,46,35,0
1686243,60,60,87,200,-35,-80,166,9,6,11,194,54,48,0
1689602,61,60,0,87,27,8,178,21,-29,6,201,61,54,0
1692912,61,60,0,162,-94,10,194,32,-15,3,218,64,50,0
1696246,61,60,0,162,-293,-79,159,38,2,-2,234,65,50,0
1699602,61,60,0,143,-404,-186,167,41,10,5,221,62,51,0
1702915,61,61,31,200,-398,-166,136,42,6,3,229,60,51,0
1706249,61,61,0,162,-412,-134,110,43,20,-8,228,62,53,0
1709606,62,61,0,106,-361,-143,101,43,-9,10,215,68,56,0
1712918,62,61,0,143,-457,-169,83,44,-1,-4,212,69,54,0
1716252,62,61,0,143,-538,-170,69,44,26,7,210,68,54,0
1719611,62,62,0,0,-472,-169,77,44,25,6,214,70,54,0
1722921,63,62,0,0,-282,-125,91,43,34,-5,214,71,50,0
1726256,63,62,0,387,-126,-70,102,43,42,24,202,76,41,0
1729613,63,62,0,125,-4,0,65,44,40,-2,197,79,55,0
1732925,63,62,0,31,150,27,73,45,-40,-10,180,79,60,0
1736260,64,62,0,106,-16,60,76,47,-76,-16,194,82,56,0
1739615,64,62,0,143,-419,-11,108,51,4,-15,200,86,54,0
1742928,64,63,0,0,-631,-199,139,55,18,-3,203,84,52,0
1746262,64,63,0,12,-572,-272,199,62,70,22,227,83,45,0
1749615,65,63,0,368,-235,-155,207,69,88,5,246,89,42,0
1752931,65,63,0,106,339,186,295,80,-6,6,220,87,56,0
1756265,65,63,0,106,213,363,370,95,-39,12,205,87,56,0
1759615,66,63,0,181,-285,459,413,111,-12,-23,257,92,52,0
1762934,66,64,0,0,-290,357,489,130,139,-63,308,91,54,0
1766268,66,64,0,0,432,104,561,151,92,-50,305,87,49,0
1769617,67,64,0,106,840,-128,603,173,10,-43,264,85,40,0
1772937,67,64,0,350,807,-260,561,192,62,-24,266,89,43,0
1776272,67,64,0,12,847,-167,603,210,18,-65,253,83,61,0
1779615,67,64,0,12,777,-124,636,229,-23,-72,250,79,61,0
1782940,68,64,0,143,317,-194,581,245,13,-44,228,81,54,0
1786276,68,65,0,0,178,-201,534,258,58,-27,232,78,58,0
1789616,68,65,0,0,294,-222,460,268,111,-53,243,69,53,0
1792944,68,65,0,0,873,-186,332,274,70,-41,186,65,53,0
1796279,69,65,0,200,1241,-63,368,280,-11,-45,184,63,51,0
1799616,69,65,0,87,1105,-75,350,284,6,-60,220,60,57,0
1802947,69,66,0,0,726,-443,293,289,51,-48,235,54,57,0
1806281,69,66,0,0,736,-586,276,292,26,-13,210,45,53,0
1809637,69,66,0,0,804,-537,126,292,28,6,203,39,48,0
1812950,69,66,0,12,811,-411,36,289,-22,14,221,34,45,0
1816284,69,66,0,106,599,-324,-89,283,-37,2,230,28,40,0
1819641,69,66,0,350,324,-240,-115,277,-30,10,221,22,43,0
1822953,69,66,0,106,149,-147,-177,270,-37,8,219,17,56,0
1826288,69,66,12,125,123,-114,-166,262,4,8,233,13,55,0
1829641,69,67,50,0,237,-145,-172,254,15,19,242,11,54,0
1832957,69,67,12,12,443,-181,-128,247,-7,-4,212,13,45,0
1836291,69,67,31,87,537,-201,-88,242,28,-16,193,12,41,0
1839641,69,67,12,50,818,-151,61,241,-37,-13,188,13,43,0
1842960,69,67,312,368,928,-66,151,244,-93,-36,211,13,42,0
1846295,69,67,31,106,588,-201,195,247,-9,-21,214,28,56,0
1849641,69,68,50,0,473,-324,258,250,-41,18,215,27,56,0
1852964,69,68,87,0,335,-249,207,250,-25,-17,227,25,51,0
1856297,69,68,50,12,159,-268,141,248,61,-37,242,27,45,0
1859642,70,68,0,87,414,-311,150,244,12,3,234,25,41,0
1862967,70,68,0,87,744,-161,54,234,-28,-5,221,19,41,0
1866300,70,68,293,368,603,-54,-4,221,-38,-25,246,14,42,0
1869642,70,68,50,68,378,-101,-38,205,-20,-17,266,27,58,0
1872970,70,68,50,143,164,-193,-96,184,-33,-19,248,27,54,0
1876304,70,69,106,0,10,-246,-179,160,37,-19,244,24,54,0
1879642,70,69,87,0,120,-246,-265,134,104,-1,244,25,48,0
1882973,70,69,68,68,789,4,-345,104,6,-2,203,26,42,0
1886307,70,69,106,143,972,180,-358,73,-74,-28,211,24,38,0
1889663,70,69,387,368,578,120,-336,44,-54,-55,241,25,42,0
1892976,70,69,106,106,-10,-221,-264,19,0,-33,235,40,56,0
1896311,70,69,106,125,-81,-415,-218,-1,32,-6,225,40,55,0
1899667,70,70,162,0,23,-476,-234,-18,70,-18,229,37,53,0
1902979,70,70,143,0,525,-454,-280,-39,114,-26,217,38,46,0
1906314,71,70,143,106,1045,-336,-269,-58,41,-17,176,38,40,0
1909667,71,70,0,125,1205,-257,-162,-72,-72,-21,196,32,39,0
1912982,71,70,406,350,601,-333,-57,-83,-37,-3,238,24,43,0
1916316,71,70,218,87,111,-402,-36,-88,20,18,242,34,57,0
1919667,71,70,125,162,84,-427,8,-89,12,15,245,39,53,0
1922986,71,71,256,0,279,-398,-62,-88,77,9,243,32,54,0
1926320,71,71,218,0,656,-368,-76,-87,47,23,233,34,46,0
1929667,71,71,237,87,1026,-337,-44,-82,-56,18,239,33,41,0
1932988,71,71,218,143,772,-319,-76,-80,-48,28,226,34,38,0
1936323,71,71,500,275,550,-326,-65,-76,-29,34,229,35,47,0
1939668,71,71,256,68,420,-335,-59,-74,-8,36,236,48,58,0
1942992,72,71,0,162,484,-333,-114,-75,11,40,231,52,53,0
1946326,72,72,331,0,710,-328,-171,-82,-15,25,214,28,51,0
1949668,72,72,312,50,736,-332,-224,-94,-40,51,214,29,43,0
1952995,72,72,406,406,667,-274,-354,-111,-35,37,220,37,37,0
1956330,72,72,275,143,556,-243,-423,-132,-39,30,214,44,51,0
1959668,72,72,293,106,512,-264,-484,-154,-34,38,221,43,53,0
1962998,72,72,331,162,556,-245,-529,-175,-18,30,229,41,50,0
1966357,72,72,293,237,595,-254,-590,-198,-24,34,226,43,46,0
1969690,73,73,0,12,709,-243,-595,-218,-14,44,215,43,42,0
1973001,73,73,162,181,707,-125,-718,-241,-81,36,196,34,33,0
1976359,73,73,293,200,277,-39,-866,-266,-73,14,215,27,32,0
1979693,73,73,443,406,-64,-46,-860,-290,39,16,241,35,37,0
1983005,73,73,275,237,26,-173,-784,-309,47,18,235,44,46,0
1986363,73,73,387,200,395,-212,-705,-323,-1,20,247,38,48,0
1989693,73,73,406,218,579,-270,-614,-331,-22,14,254,37,47,0
1993008,73,73,350,312,559,-346,-464,-335,-24,40,257,40,42,0
1996366,73,73,368,331,570,-322,-381,-336,-1,53,241,39,41,0
1999694,73,74,368,0,600,-287,-335,-338,29,39,243,39,43,0
2003011,74,74,12,218,847,-254,-232,-339,-9,51,245,42,31,0
2006369,74,74,443,312,915,-176,-177,-337,-11,40,220,35,42,0
2009694,74,74,368,181,817,-99,-182,-334,1,41,205,39,49,0
2013014,74,74,350,237,743,-46,-176,-331,-15,35,215,40,46,0
2016372,74,74,368,218,669,-45,-193,-332,-15,31,215,39,47,0
2019695,74,74,387,218,586,-103,-195,-336,-7,19,202,38,47,0
2023017,74,74,368,293,452,-164,-247,-343,-29,44,206,39,43,0
2026375,74,74,387,237,275,-153,-265,-351,-54,31,222,38,46,0
2029695,74,75,650,350,84,-170,-328,-360,16,44,233,40,40,0
2033020,75,75,162,293,116,-122,-374,-369,-6,33,229,50,43,0
2036377,75,75,425,218,179,-95,-421,-381,7,35,231,36,47,0
2039695,75,75,406,218,291,-62,-452,-393,-28,39,232,37,47,0
2043024,75,75,350,256,300,7,-558,-408,-18,31,230,40,45,0
2046381,75,75,368,218,284,28,-611,-425,-10,27,220,39,47,0
2049716,75,75,350,181,305,18,-676,-443,-10,35,220,40,49,0
2053027,75,76,312,0,389,26,-735,-460,-27,37,213,42,43,0
2056384,75,76,518,406,481,63,-774,-478,-28,11,219,47,37,0
2059719,76,76,0,218,485,53,-854,-493,10,18,216,59,47,0
2063030,76,76,312,143,565,46,-953,-510,-54,21,198,42,51,0
2066385,76,76,275,181,515,112,-954,-524,-40,27,191,44,49,0
2069720,76,76,218,181,331,176,-1185,-545,-30,0,197,47,49,0
2073033,76,76,237,200,322,235,-1126,-562,-14,20,210,46,48,0
2076386,76,76,237,200,316,247,-1195,-580,-39,11,212,46,48,0
2079720,76,77,556,256,334,247,-1204,-596,-26,19,215,45,45,0
2083036,77,77,87,293,361,233,-1228,-607,-22,-10,232,54,43,0
2086386,77,77,237,218,457,145,-1177,-617,-29,-12,250,46,47,0
2089720,77,77,256,275,529,79,-1122,-627,-47,22,228,45,44,0
2093040,77,77,181,218,549,99,-982,-636,-79,-8,209,49,47,0
2096386,77,77,181,200,298,36,-949,-647,-47,9,206,49,48,0
2099721,77,78,200,0,24,-3,-1101,-666,-31,3,217,48,48,0
2103043,77,78,181,12,-72,62,-1095,-689,-17,-8,238,49,42,0
2106386,78,78,162,425,-46,30,-1110,-713,-8,-20,240,50,36,0
2109720,78,78,143,125,43,0,-1120,-741,-30,7,226,51,52,0
2113046,78,78,181,68,41,106,-1166,-772,-44,-44,232,49,55,0
2116387,78,78,143,87,-85,160,-1217,-804,-46,-27,231,51,54,0
2119721,78,78,125,87,-38,119,-1114,-833,-1,-6,232,52,54,0
2123050,78,78,143,125,210,78,-1069,-861,-36,-9,205,51,52,0
2126386,79,79,0,0,254,45,-1013,-886,-19,-24,223,53,52,0
2129721,79,79,0,0,297,7,-927,-907,-24,-19,218,46,44,0
2133052,79,79,293,293,324,-56,-830,-925,-41,-19,210,43,43,0
2136411,79,79,87,12,215,-98,-808,-940,-24,-46,188,54,58,0
2139745,79,79,106,87,152,-130,-723,-951,-17,-38,206,53,54,0
2143056,79,79,87,125,279,-152,-660,-959,-8,-38,214,54,52,0
2146412,79,80,87,0,390,-190,-557,-962,-47,-21,207,54,53,0
2149746,80,80,0,0,234,-288,-478,-959,-31,-5,206,55,51,0
2153059,80,80,0,0,-46,-319,-412,-953,-22,-8,208,48,48,0
2156412,80,80,406,237,-80,-320,-343,-943,-2,-8,196,37,46,0
2159746,80,80,181,68,-76,-291,-323,-930,11,-21,201,49,55,0
2163062,80,80,50,0,53,-282,-309,-915,5,-8,221,56,61,0
2166412,80,80,143,50,123,-289,-287,-898,-23,-12,237,51,56,0
2169746,81,81,0,0,130,-329,-295,-877,-37,-5,232,52,57,0
2173065,81,81,0,0,0,-385,-258,-855,-5,17,248,51,55,0
2176412,81,81,12,0,-29,-441,-205,-825,-8,16,220,42,57,0
2179746,81,81,106,0,-40,-393,-112,-793,-16,14,224,37,56,0
2183069,81,81,387,50,92,-262,-114,-759,-4,14,205,38,56,0
2186412,81,82,50,0,152,-126,-105,-725,-13,16,213,56,57,0
2189747,81,82,68,0,199,29,-131,-691,-22,10,233,55,58,0
2193072,81,82,87,0,214,53,-124,-658,0,-7,243,54,60,0
2196413,82,82,0,0,286,-9,-99,-626,-33,-22,213,57,64,0
2199747,82,82,0,0,324,-126,-118,-599,-25,-11,199,50,65,0
2203075,82,82,275,0,207,-215,-153,-574,-12,-15,192,47,63,0
2206413,82,83,31,0,123,-271,-174,-545,-33,-2,182,60,67,0
2209748,82,83,50,0,25,-345,-192,-517,-8,14,195,59,69,0
2213078,83,83,87,0,14,-338,-197,-488,-11,9,210,57,75,0
2216434,83,84,0,0,60,-275,-143,-458,-48,34,212,58,75,0
2219771,83,84,0,0,-15,-193,-115,-425,-28,16,197,57,75,0
2223081,83,84,0,0,-26,-206,-47,-388,-26,12,210,50,80,0
2226438,83,84,218,0,13,-210,6,-353,5,34,199,50,85,0
2229771,83,85,50,0,70,-165,70,-318,3,-14,215,59,85,0
2233084,84,85,0,0,246,-226,172,-280,15,-8,229,62,89,0
2236438,84,85,0,0,418,-283,260,-243,12,0,238,60,98,0
2239771,84,86,0,0,526,-318,365,-206,7,-10,241,57,94,0
2243088,84,86,0,0,566,-353,459,-166,13,-1,209,54,97,0
2246438,84,86,0,0,625,-301,547,-127,5,-29,191,49,103,0
2249771,84,87,218,0,678,-239,662,-85,-4,0,201,50,99,0
2253091,85,87,0,0,771,-180,713,-46,-26,-4,199,65,99,0
2256439,85,87,0,0,707,-47,739,-8,-34,-47,220,65,101,0
2259772,85,88,0,0,394,58,684,26,-31,-39,239,61,94,0
2263094,85,88,0,0,187,227,541,53,34,-49,285,52,89,0
2266439,85,88,31,0,343,404,350,74,2,-50,285,44,85,0
2269772,85,89,162,0,917,510,104,87,-7,-52,293,37,74,0
2273098,85,89,331,0,975,546,-17,96,-35,-43,279,44,68,0
2276438,86,89,0,0,657,529,-37,104,-77,-135,281,55,56,0
2279772,86,89,12,0,119,131,-163,107,-55,-135,299,45,50,0
2283100,86,89,218,0,-40,-208,-162,108,30,-78,280,34,40,0
2286439,86,89,106,0,232,-272,-250,104,31,-82,252,40,27,0
2289772,86,89,162,0,685,-164,-347,96,-84,-96,202,37,17,0
2293104,86,89,162,0,577,-100,-396,87,-74,-71,245,37,11,0
2296460,86,89,368,68,274,-30,-398,79,-73,-68,239,42,10,0
2299797,87,89,0,0,237,-13,-310,73,-93,-55,243,55,14,0
2303107,87,89,0,50,297,-64,-249,68,-86,-51,242,50,11,0
2306464,87,89,237,12,371,-176,-180,66,-75,-33,224,33,13,0
2309797,87,89,237,31,433,-312,-84,69,-82,-22,218,33,12,0
2313110,87,89,162,31,314,-381,-37,73,-92,-23,197,37,12,0
2316464,87,89,181,31,82,-426,-19,78,-70,-9,174,36,12,0
2319800,87,89,481,237,-75,-424,-34,83,-23,0,185,36,17,0
2323114,87,89,218,50,-25,-416,-66,86,-47,0,195,50,27,0
2326464,87,89,200,162,-67,-433,-89,87,-65,6,179,51,21,0
2329806,88,89,0,162,-292,-495,-64,86,-28,11,187,51,21,0
2333117,88,89,181,125,-336,-500,-12,86,-16,23,193,36,23,0
2336464,88,89,218,125,-308,-433,-14,83,28,9,248,34,23,0
2339806,88,90,181,0,8,-510,-44,76,10,9,248,36,23,0
2343120,88,90,443,181,102,-672,-61,66,-41,26,218,38,20,0
2346465,88,90,162,125,-56,-773,-100,52,-9,27,214,53,23,0
2349807,88,90,181,143,-209,-697,-101,34,-17,49,208,52,22,0
2353123,88,90,237,125,-237,-558,-87,14,15,32,228,49,23,0
2356465,89,90,12,143,-120,-475,-67,-8,-2,30,234,45,22,0
2359807,89,90,200,143,-12,-411,-72,-32,8,29,251,35,22,0
2363127,89,90,200,143,60,-367,-94,-58,33,31,245,35,22,0
2366465,89,90,350,275,232,-288,-96,-82,-15,34,221,43,31,0
2369807,89,90,162,125,333,-145,-111,-103,2,41,214,53,39,0
2373129,89,90,200,162,382,16,-100,-117,9,41,211,51,37,0
2376487,89,90,218,143,469,188,-86,-123,5,36,219,50,38,0
2379807,90,90,0,143,541,330,-33,-123,4,31,238,51,38,0
2383132,90,90,0,162,582,388,-25,-123,14,42,241,48,37,0
2386490,90,90,218,143,689,461,-42,-119,8,40,232,34,38,0
2389807,90,90,443,350,809,616,-7,-114,-35,40,219,38,43,0
2393136,90,91,162,0,757,737,42,-105,-5,15,240,53,52,0
2396491,90,91,200,50,684,743,52,-93,-44,-6,245,51,43,0
2399809,90,91,256,125,382,572,95,-77,-5,16,253,48,39,0
2403139,90,91,275,106,327,467,76,-63,-21,-5,244,47,40,0
2406491,91,91,125,87,483,397,76,-51,-8,-11,211,39,41,0
2409808,91,91,387,87,603,449,33,-42,-22,-15,199,25,41,0
2413142,91,91,537,312,641,441,26,-35,-52,-35,178,33,45,0
2416491,91,92,256,0,536,365,58,-31,-71,-31,199,48,57,0
2419833,91,92,387,0,329,322,92,-27,-32,-31,205,41,53,0
2423145,91,92,387,0,366,227,69,-24,-32,-37,211,41,46,0
2426491,91,92,350,106,512,53,49,-21,-80,-39,216,43,40,0
2429834,91,92,350,106,435,-155,10,-19,-91,-26,224,43,40,0
2433148,92,92,68,68,255,-292,-23,-17,-61,-30,242,42,42,0
2436491,92,92,387,200,191,-426,-95,-18,-74,-20,248,41,51,0
2439834,92,92,275,87,118,-560,-160,-23,-93,-9,245,47,57,0
2443153,92,93,312,0,-12,-569,-248,-30,-53,2,235,45,55,0
2446492,92,93,331,0,-7,-528,-320,-39,-79,7,236,44,51,0
2449834,92,93,331,0,-71,-413,-446,-51,-84,12,231,44,46,0
2453155,92,93,518,256,-170,-312,-519,-64,-63,1,235,47,45,0
2456513,93,93,12,50,-148,-288,-552,-78,-57,9,237,58,56,0
2459834,93,93,331,68,-86,-284,-609,-94,-15,8,245,41,55,0
2463158,93,94,350,0,101,-326,-615,-111,-50,-3,226,40,53,0
2466516,93,94,275,0,213,-457,-572,-127,-75,5,220,44,49,0
2469834,93,94,293,0,72,-572,-551,-141,-42,-1,209,43,43,0
2473161,93,94,293,50,-13,-606,-486,-153,-46,19,205,43,40,0
2476517,93,94,537,350,-58,-583,-452,-164,-22,19,187,46,40,0
2479835,93,94,406,106,-55,-536,-425,-174,-31,21,192,53,53,0
2483164,94,94,0,12,-39,-468,-409,-184,-25,57,207,63,58,0
2486517,94,94,312,125,25,-384,-403,-196,-40,34,206,42,52,0
2489835,94,95,293,0,22,-311,-389,-207,-57,39,210,43,53,0
2493168,94,95,237,0,-133,-270,-400,-218,-16,44,204,46,48,0
2496517,94,95,237,31,-202,-290,-427,-231,-20,27,222,46,41,0
2499860,94,95,237,106,-275,-294,-359,-244,-33,33,206,46,37,0
2503171,95,95,218,350,-416,-263,-353,-257,16,25,219,47,40,0
2506518,95,95,200,68,-349,-268,-346,-270,7,28,233,48,55,0
2509863,95,95,218,125,-182,-327,-343,-284,1,26,224,47,52,0
2513174,95,96,256,0,-257,-357,-350,-297,-18,25,226,45,54,0
2516517,95,96,275,0,-246,-385,-281,-307,52,6,234,44,47,0
2519863,95,96,218,0,-100,-354,-150,-312,42,47,225,47,43,0
2523177,95,96,218,68,-27,-264,-153,-319,-2,51,253,47,39,0
2526518,95,96,218,68,-25,-208,-114,-325,58,17,242,47,39,0
2529863,96,96,200,293,176,-81,-269,-336,-12,17,261,48,43,0
2533180,96,96,237,31,198,-94,-291,-346,4,14,257,46,57,0
2536518,96,96,275,125,87,2,-292,-356,105,11,222,44,52,0
2539864,96,97,237,0,307,105,-315,-365,-30,-56,227,46,51,0
2543184,96,97,237,0,64,-24,-275,-371,-3,1,244,46,46,0
2546541,96,97,256,106,-175,-101,-329,-376,66,-15,228,45,37,0
2549865,96,97,218,106,122,-127,-266,-376,44,0,237,47,37,0
2553187,97,97,0,106,294,-95,-296,-376,-21,-6,215,48,37,0
2556541,97,97,275,200,286,-79,-421,-375,8,-29,191,44,48,0
2559865,97,97,106,68,188,-82,-378,-370,-51,4,197,53,55,0
2563190,97,98,181,143,117,-23,-387,-365,-40,-21,205,49,51,0
2566542,97,98,200,0,-58,8,-326,-356,-27,-21,197,48,45,0
2569864,97,98,181,125,-51,-58,-262,-345,-23,-15,199,49,36,0
2573193,97,98,125,162,-2,-128,-246,-335,-32,-11,213,52,34,0
2576542,98,98,0,125,11,-176,-232,-325,-41,-9,207,48,36,0
2579865,98,98,406,406,-19,-227,-221,-317,-31,-16,212,37,37,0
2583197,98,98,218,125,-35,-293,-196,-309,-58,-11,205,47,52,0
2586542,98,98,143,143,-106,-339,-159,-301,-64,-9,226,51,51,0
2589865,98,98,200,237,-279,-387,-107,-291,-34,-19,226,48,46,0
2593200,98,99,200,0,-304,-465,-64,-281,-35,3,236,48,47,0
2596542,98,99,162,106,-305,-561,-67,-271,-25,14,238,50,37,0
2599868,99,99,0,200,-273,-559,-96,-261,-5,14,241,49,32,0
2603204,99,99,143,143,-137,-476,-91,-251,-32,28,233,35,35,0
2606542,99,99,406,387,-109,-393,-136,-244,-24,15,228,37,38,0
2609872,99,99,125,125,-126,-268,-137,-237,-38,4,225,52,52,0
2613206,99,99,162,162,-173,-152,-102,-229,-33,19,245,50,50,0
2616543,99,99,181,237,-229,-84,-45,-220,-29,13,241,49,46,0
2619875,99,100,125,0,-268,-167,-18,-210,-8,30,242,52,47,0
2623210,100,100,0,50,-284,-225,-42,-202,-11,17,229,51,40,0
2626567,100,100,68,200,-271,-222,-45,-199,-12,36,214,39,32,0
2629879,100,100,200,143,-265,-150,-44,-195,-16,31,199,32,35,0
2633212,100,100,368,312,-261,-56,-73,-194,-24,22,194,39,42,0
2636571,100,100,125,106,-290,26,-70,-188,-36,20,184,52,53,0
2639881,100,100,200,143,-423,114,-21,-179,-22,16,205,48,51,0
2643216,100,100,200,181,-512,60,17,-170,-17,6,204,48,49,0
2646571,100,100,143,200,-559,-123,22,-159,14,12,206,51,48,0
2649884,101,101,0,0,-481,-351,29,-150,8,26,205,48,46,0
2653219,101,101,125,125,-357,-431,31,-139,6,24,208,36,36,0
2656576,101,101,406,406,-258,-450,2,-130,1,20,191,37,37,0
2659888,101,101,143,162,-174,-382,-12,-121,-12,26,192,51,50,0
2663223,101,101,125,87,-196,-256,-24,-109,-41,13,214,52,54,0
2666577,101,101,125,162,-373,-171,-28,-98,-24,11,228,52,50,0
2669891,101,101,106,218,-499,-208,-23,-87,9,21,243,53,47,0
2673226,102,102,0,0,-428,-272,-61,-78,20,31,237,56,50,0
2676577,102,102,0,106,-322,-297,-100,-73,-8,31,230,48,37,0
2679894,102,102,12,143,-307,-238,-101,-69,8,38,219,42,35,0
2683229,102,102,406,368,-268,-122,-129,-65,-23,14,205,37,39,0
2686577,102,102,12,68,-330,-41,-150,-63,-33,10,204,58,55,0
2689898,102,102,68,106,-511,112,-115,-61,-19,-2,219,55,53,0
2693232,102,102,68,143,-591,117,-43,-57,25,-11,241,55,51,0
2696578,103,102,0,162,-501,10,46,-52,28,-11,245,60,50,0
2699901,103,103,0,0,-264,-194,96,-47,26,2,226,58,49,0
2703235,103,103,125,312,-103,-287,101,-42,-12,-6,218,55,45,0
2706578,103,103,12,125,-143,-328,172,-34,-2,4,202,61,55,0
2709904,103,103,50,87,-273,-331,195,-25,-3,0,205,59,57,0
2713238,104,103,0,162,-357,-309,245,-13,10,20,218,60,53,0
2716579,104,103,0,162,-368,-256,236,-1,56,36,220,61,53,0
2719907,104,104,0,0,-110,-211,202,7,33,26,214,58,51,0
2723241,104,104,0,0,17,-186,175,14,3,19,194,59,46,0
2726578,104,104,31,312,11,-92,157,20,-2,6,187,60,45,0
2729910,104,104,0,50,-34,-18,184,27,-6,-5,192,62,59,0
2733244,105,104,0,68,-79,54,219,35,-15,1,203,66,58,0
2736603,105,104,0,106,-199,80,227,43,28,-6,220,69,56,0
2739913,105,105,0,125,-134,34,254,54,30,-7,210,69,55,0
2743248,105,105,0,0,39,24,305,65,0,11,206,69,56,0
2746604,106,105,0,0,28,37,321,76,-12,13,206,75,46,0
2749916,106,105,0,350,-214,-16,317,85,7,17,204,79,43,0
2753251,106,105,0,31,-258,-20,315,95,16,7,203,77,60,0
2756604,106,105,0,143,-228,28,307,103,-12,-1,212,74,54,0
2759920,107,106,0,0,-429,27,229,109,-13,-2,225,80,54,0
2763254,107,106,0,0,-539,55,196,116,23,2,219,83,54,0
2766604,107,106,0,0,-482,-17,175,121,95,-7,243,79,48,0
2769923,107,106,0,0,152,94,152,127,65,7,269,80,46,0
2773257,108,106,0,237,565,352,215,134,-44,-11,200,86,49,0
2776605,108,106,0,31,425,517,264,143,-113,-23,205,83,60,0
2779926,108,106,0,162,-217,435,359,157,-7,-73,255,83,53,0
2783261,109,107,0,0,-429,129,399,172,106,-58,297,83,54,0
2786605,109,107,0,0,32,-256,482,190,47,-57,265,85,51,0
2789929,109,107,0,0,462,-409,510,210,19,-63,239,81,48,0
2793264,109,107,0,31,513,-477,490,230,66,-62,257,80,44,0
2796605,110,107,0,275,753,-322,553,251,43,-35,253,80,47,0
2799933,110,107,0,31,910,-130,554,270,3,-54,238,80,60,0
2803267,110,108,0,0,844,-25,555,286,-27,-76,256,74,58,0
2806605,110,108,0,0,417,-90,591,301,36,-13,276,69,53,0
2809936,111,108,0,0,257,-140,408,311,79,-24,242,71,47,0
2813271,111,108,0,31,366,-125,454,320,99,-47,212,71,44,0
2816605,111,108,0,12,937,-79,124,317,90,-26,205,65,45,0
2819939,111,108,0,275,1429,3,140,314,-56,-60,221,60,47,0
2823273,111,108,0,50,1078,-236,47,308,-41,-84,222,54,59,0
2826630,111,109,0,0,258,-644,-8,302,6,-24,197,49,55,0
2829942,112,109,0,0,-28,-623,-80,294,41,-1,197,44,51,0
2833277,112,109,0,12,86,-403,-169,284,55,7,260,38,45,0
2836634,112,109,0,106,490,-230,-297,269,73,12,241,30,40,0
2839945,112,109,0,87,964,-26,-259,254,-30,25,208,24,41,0
2843280,112,109,0,312,998,94,-244,239,-120,-33,215,18,45,0
2846639,112,109,12,125,269,-156,-135,227,-53,-29,246,13,55,0
2849948,112,110,31,0,-58,-390,-67,215,27,31,220,12,54,0
2853283,112,110,31,0,43,-398,-48,204,73,-3,194,12,46,0
2856639,112,110,0,106,575,-278,-61,192,106,-12,174,14,40,0
2859952,112,110,0,68,1036,-132,74,184,35,-26,158,14,42,0
2863286,112,110,0,68,1036,-84,178,180,-76,-7,221,14,42,0
2866642,112,110,125,200,254,-211,225,180,-55,-14,231,23,51,0
2869955,112,110,0,68,-30,-411,312,184,11,31,248,32,58,0
2873289,112,110,12,125,-13,-428,264,186,33,16,251,29,55,0
2876642,112,111,87,0,317,-331,158,187,85,39,246,25,53,0
2879959,112,111,87,31,810,-248,69,182,-36,12,242,25,44,0
2883292,112,111,50,125,807,-226,-26,173,-8,-4,241,27,39,0
2886643,112,111,87,106,588,-326,16,162,-12,24,208,25,40,0
2889961,112,111,293,275,562,-211,-14,149,-8,19,221,30,47,0
2893296,112,111,12,50,563,-26,-70,132,16,4,227,45,59,0
2896643,113,112,0,0,629,41,-126,112,-33,-7,237,39,54,0
2899964,113,112,0,0,448,-44,-149,92,-39,-15,230,32,50,0
2903299,113,112,106,68,254,-147,-173,70,-10,-11,232,24,42,0
2906644,113,112,106,125,262,-268,-180,47,1,-18,235,24,39,0
2909968,113,112,87,106,380,-334,-187,23,23,0,217,25,40,0
2913303,113,112,350,275,546,-314,-189,0,12,2,223,27,47,0
2916644,113,112,106,68,645,-241,-162,-18,-12,-9,236,40,58,0
2919971,113,112,106,125,642,-158,-180,-38,0,-5,208,40,55,0
2923305,113,113,181,0,691,-89,-146,-46,-21,6,213,36,55,0
2926645,113,113,162,0,606,-67,-134,-55,-45,-14,231,37,46,0
2929975,113,113,181,68,372,-117,-171,-61,18,-21,244,36,42,0
2933309,113,113,181,125,351,-244,-170,-66,4,-11,235,36,39,0
2936665,114,113,12,181,392,-375,-169,-69,-4,13,235,45,52,0
2939978,114,113,12,68,462,-394,-224,-71,45,-6,248,45,58,0
2943312,114,113,331,162,695,-373,-249,-69,-13,10,230,28,53,0
2946669,114,114,200,0,718,-336,-307,-71,-4,32,231,35,53,0
2949980,114,114,200,12,630,-243,-345,-74,-9,23,227,35,45,0
2953315,114,114,406,293,638,-147,-382,-82,-22,12,217,37,43,0
2956669,114,114,200,68,525,-153,-437,-93,-7,13,219,48,55,0
2959984,114,114,275,125,604,-200,-424,-105,-5,2,221,44,52,0
2963318,114,114,275,125,719,-312,-464,-118,23,-17,210,44,52,0
2966669,115,114,12,125,814,-544,-417,-133,18,-9,223,42,52,0
2969987,115,115,350,0,814,-615,-345,-149,-50,24,196,24,48,0
2973321,115,115,275,68,613,-516,-358,-168,-9,46,210,28,39,0
2976670,115,115,481,481,506,-285,-368,-189,-7,29,220,33,33,0
2979990,115,115,425,293,509,-149,-339,-208,0,42,214,36,43,0
2983324,115,115,256,143,557,-56,-334,-223,17,20,239,45,51,0
2986670,115,115,312,237,811,-36,-283,-234,-13,0,247,42,46,0
2989994,115,115,368,256,928,-178,-260,-241,-3,-1,250,39,45,0
2993328,115,116,350,0,955,-342,-208,-248,-14,16,224,40,48,0
2996670,115,116,350,181,962,-436,-243,-256,-28,24,233,40,33,0
2999996,116,116,87,256,888,-435,-274,-262,-46,23,234,38,29,0
