Time, Rlegs, Llegs, DCL, DCR, GyroX, GyroY, GyroZ, GyroZAvg, AccelX, AccelY, AccelZ, LBEMF, RBEMF, SteerOut
3143,920,1002,0,0,204,-132,-153,-153,-22,-14,223,83,84,0
6471,920,1002,0,0,203,-134,-149,-153,-21,-9,228,83,84,0
9826,920,1002,0,0,205,-135,-153,-153,-24,-14,227,83,85,0
13144,920,1002,0,0,206,-135,-153,-153,-23,-13,227,84,84,0
16474,920,1002,0,0,205,-135,-150,-153,-21,-14,221,83,85,0
19827,920,1002,0,0,202,-132,-152,-153,-24,-12,222,83,84,0
23144,920,1002,0,0,204,-133,-151,-152,-25,-14,225,84,84,0
26479,920,1002,0,0,206,-132,-155,-152,-24,-14,227,84,85,0
29827,920,1002,0,0,204,-130,-153,-152,-25,-13,221,83,84,0
33146,920,1002,0,0,206,-132,-154,-152,-22,-14,220,83,85,0
36481,920,1002,0,0,201,-133,-157,-153,-23,-11,227,83,84,0
39827,920,1002,0,0,204,-135,-155,-153,-24,-10,227,83,85,0
43170,920,1002,0,0,202,-134,-153,-153,-24,-15,222,83,85,0
46484,920,1002,0,0,206,-132,-155,-153,-24,-12,224,84,85,0
49827,920,1002,0,0,202,-134,-155,-153,-26,-12,223,83,84,0
53170,920,1002,0,0,205,-134,-153,-153,-24,-15,227,84,85,0
56487,920,1002,0,0,201,-135,-155,-153,-22,-12,226,83,84,0
59828,920,1002,0,0,202,-135,-154,-154,-23,-9,222,83,85,0
63170,920,1002,0,0,201,-138,-156,-154,-22,-12,223,83,85,0
66490,920,1002,0,0,202,-137,-153,-154,-24,-9,230,84,85,0
69828,920,1002,0,0,200,-136,-153,-153,-22,-15,225,84,85,0
73171,920,1002,0,0,202,-137,-152,-153,-27,-10,222,83,85,0
76494,920,1002,0,0,202,-134,-153,-153,-23,-9,225,84,85,0
79849,920,1002,0,0,203,-132,-153,-153,-23,-13,221,84,85,0
83170,920,1002,0,0,205,-134,-150,-153,-21,-12,231,83,85,0
86497,920,1002,0,0,205,-132,-152,-153,-26,-13,225,83,85,0
89852,920,1002,0,0,203,-134,-152,-153,-22,-11,223,83,85,0
93171,920,1002,0,0,204,-134,-152,-153,-24,-9,228,83,85,0
96500,920,1002,0,0,204,-133,-152,-153,-25,-13,221,83,84,0
99853,920,1002,0,0,205,-134,-151,-153,-22,-16,229,83,84,0
103171,0,0,0,0,202,-133,-154,-153,-25,-10,224,84,85,0
106503,0,0,0,0,206,-133,-153,-153,-28,-8,226,84,85,0
109853,0,0,0,0,206,-131,-153,-153,-22,-14,223,83,84,0
113173,0,0,0,0,206,-132,-153,-153,-24,-11,221,84,84,0
116506,0,0,0,0,203,-131,-154,-153,-25,-14,225,83,85,0
119854,0,0,0,0,205,-129,-153,-153,-21,-12,226,83,84,0
123196,0,0,0,0,202,-134,-155,-153,-24,-12,218,84,84,0
126510,0,0,0,0,203,-131,-153,-153,-23,-14,227,83,84,0
129854,0,0,0,0,204,-133,-156,-153,-23,-13,226,83,85,0
133199,0,0,0,0,203,-136,-156,-153,-23,-12,221,83,85,0
136513,0,0,0,0,201,-134,-155,-153,-22,-9,223,84,84,0
139854,0,0,0,0,202,-133,-155,-153,-22,-12,226,84,85,0
143200,0,0,0,0,202,-134,-156,-153,-22,-11,226,84,84,0
146516,0,0,0,0,201,-135,-153,-153,-19,-14,225,84,85,0
149854,0,0,0,0,200,-134,-154,-153,-21,-11,228,84,84,0
153199,0,0,0,0,203,-140,-154,-153,-24,-12,225,83,85,0
156519,0,0,0,0,203,-138,-152,-153,-22,-12,220,84,85,0
159854,0,0,0,0,204,-136,-153,-153,-23,-14,220,83,85,0
163201,0,0,0,0,201,-139,-154,-153,-25,-13,225,83,84,0
166523,0,0,0,0,202,-133,-152,-153,-20,-11,225,84,85,0
169877,0,0,0,0,204,-137,-150,-153,-22,-11,224,83,84,0
173200,0,0,0,0,202,-136,-153,-153,-22,-9,224,84,84,0
176526,0,0,0,0,204,-136,-151,-153,-22,-10,221,83,85,0
179877,0,0,0,0,202,-137,-154,-153,-27,-7,224,83,84,0
183201,0,0,0,0,205,-135,-151,-153,-25,-10,223,84,85,0
186529,0,0,0,0,203,-134,-153,-153,-25,-14,226,83,85,0
189878,0,0,0,0,204,-134,-152,-153,-22,-10,222,83,85,0
193201,0,0,0,0,203,-134,-152,-153,-26,-12,223,84,85,0
196532,0,0,0,0,204,-134,-154,-153,-23,-11,221,83,84,0
199878,0,0,0,0,202,-133,-154,-153,-22,-14,230,83,85,0
203229,0,0,3800,3800,203,-132,-156,-153,-22,-11,226,0,0,0
206535,0,0,200,0,177,-157,-152,-153,-51,23,249,232,264,0
209881,1,1,518,650,-43,-185,-94,-151,-64,-28,219,215,208,0
213205,1,1,818,706,-199,-166,-158,-151,4,20,267,215,221,0
216539,2,2,443,406,-82,-245,-89,-149,124,90,272,235,237,0
219882,2,3,1250,556,599,-432,-65,-146,192,-1,277,224,245,0
223207,3,3,968,593,2254,-1008,-63,-144,125,31,321,239,259,0
226542,4,4,968,556,2945,-1559,-193,-145,-52,84,252,239,261,0
229882,4,5,1212,331,2571,-2362,-498,-156,-180,110,403,242,273,0
233233,5,6,800,87,1204,-2330,-781,-175,-254,181,294,260,282,0
236545,6,6,12,87,3,-1463,-934,-200,-192,123,52,286,282,0
239882,7,7,125,518,-1453,-646,-1359,-237,-162,-13,302,296,275,0
243214,8,8,293,743,-2496,-704,-1797,-288,-102,249,259,287,263,0
246548,8,9,743,481,-2687,-729,-1945,-344,43,104,288,279,277,0
249906,9,10,818,462,-2426,-799,-1771,-395,-151,110,298,275,278,0
253217,10,10,556,800,-3018,-978,-1621,-441,-142,-4,120,289,276,0
256551,11,11,537,893,-3437,-1205,-1036,-468,-232,151,189,290,271,0
259909,12,12,0,1081,-4437,-1467,-511,-479,-66,157,39,322,261,0
263220,13,13,200,968,-5970,-1650,-364,-486,120,142,243,308,267,0
266554,14,14,650,1175,-5585,-1538,-107,-485,35,292,93,320,292,0
269910,15,14,443,1175,-5278,-285,-285,-489,33,156,200,331,308,0
273224,16,15,218,1193,-4994,-135,-388,-496,36,218,84,343,307,0
276558,17,16,106,950,-4334,130,-55,-493,529,143,295,349,320,0
279916,18,17,368,612,-1848,1035,248,-481,26,165,54,335,338,0
283227,19,18,162,425,-312,1909,372,-464,313,-96,243,346,348,0
286561,20,20,293,31,2134,1550,6,-459,259,-102,221,339,353,0
289916,21,21,818,256,4214,1004,-62,-456,359,-97,245,327,357,0
293230,22,22,912,331,7310,406,-636,-472,147,32,21,322,353,0
296564,23,23,800,12,8270,-19,-577,-485,270,-95,393,308,350,0
299916,24,24,931,143,9274,-1785,-1404,-524,220,75,213,301,343,0
303234,24,25,1400,143,10172,-2788,-1690,-572,-245,-120,321,292,343,0
306567,25,26,1250,125,8999,-3397,-2278,-638,-637,280,269,300,344,0
309916,26,27,987,387,4554,-2972,-2735,-719,-246,335,367,314,330,0
313236,27,28,950,743,1807,-1606,-2494,-792,-151,152,473,316,311,0
316570,28,29,893,818,353,-23,-3445,-897,-153,146,366,319,307,0
319917,29,30,1550,1362,-1406,1326,-3867,-1013,-3,105,191,300,294,0
323240,30,31,1062,968,-2098,1269,-3941,-1133,-115,158,88,310,299,0
326574,31,32,1418,1418,-3274,1437,-4191,-1262,35,54,275,327,311,0
329917,32,33,650,968,-4131,390,-4525,-1402,-211,-18,-63,368,335,0
333242,33,34,443,1193,-5401,-379,-4522,-1537,-540,115,-188,379,323,0
336577,35,35,0,931,-8210,-237,-4619,-1666,17,-154,-121,404,337,0
339917,36,36,143,593,-8668,-234,-4028,-1767,522,33,-13,379,355,0
343246,37,37,256,425,-7213,-35,-4134,-1867,22,145,132,373,364,0
346580,38,38,743,425,-5426,-312,-3696,-1940,248,-108,222,363,380,0
349918,39,40,593,0,-2670,-365,-2950,-1976,1,-58,170,371,387,0
353249,40,41,762,68,-688,-423,-2351,-1989,284,-458,288,362,383,0
356583,42,42,931,331,248,-651,-1765,-1989,307,-62,160,353,369,0
359942,43,43,312,12,1461,-774,-1169,-1974,260,-136,419,350,366,0
363252,44,44,443,368,3704,-919,-1075,-1976,260,-2,87,343,347,0
366586,45,45,612,650,5119,-545,-621,-1979,349,35,156,334,332,0
369943,46,46,781,687,8034,38,-205,-1974,338,122,-122,341,346,0
373255,47,48,687,275,9732,158,-143,-1975,-3,49,43,346,352,0
376590,48,49,837,143,10570,-92,-120,-1970,-7,-31,-111,338,359,0
379944,49,50,650,406,8501,-631,-89,-1961,-798,457,323,348,345,0
383258,50,51,462,406,4144,570,-465,-1974,-551,247,172,358,345,0
386594,51,52,350,537,2604,2733,-616,-2001,-613,-41,360,364,338,0
389943,52,53,743,1512,-1739,2944,-66,-2014,-996,-437,481,363,306,0
393262,54,54,331,1681,-6644,793,-553,-2032,-437,-13,377,369,297,0
396597,55,55,237,1850,-10591,-880,-795,-2055,218,-26,323,374,304,0
399944,56,56,781,1550,-9173,-2135,-436,-2048,30,-137,589,361,320,0
403265,57,57,518,1400,-7601,-3355,16,-2030,-420,198,60,375,328,0
406599,58,58,350,1418,-7436,-4341,905,-1958,-560,334,-531,384,327,0
409944,59,59,293,856,-11883,-1100,1169,-1868,285,162,-27,387,357,0
413268,61,60,0,743,-11197,453,113,-1794,650,-5,833,396,363,0
416602,62,61,50,387,-7035,1109,781,-1684,1089,-12,645,384,382,0
419945,63,62,593,200,-769,-95,1383,-1563,673,63,316,351,388,0
423272,64,64,762,0,2691,102,875,-1428,375,251,685,342,394,0
426607,65,65,1362,12,5385,1673,377,-1295,855,-198,613,310,382,0
429945,66,66,1250,87,9706,179,121,-1168,604,-183,162,316,378,0
433275,67,67,1118,181,11643,-792,-333,-1048,37,262,343,323,373,0
436610,68,68,1137,200,12852,-838,-1288,-946,117,27,-213,322,372,0
439945,69,70,650,0,12989,-549,-2689,-889,-11,142,40,348,371,0
443278,70,71,518,0,13503,-56,-1964,-806,-259,61,-181,355,368,0
446612,71,72,293,143,12337,120,-1487,-727,-354,-264,-45,367,359,0
450000,72,73,931,1418,8743,-1321,-2101,-663,-450,-393,-50,369,327,0
453281,74,74,462,1756,5191,-2241,-1878,-606,-227,164,-75,378,309,0
456615,75,75,237,1793,3991,-1697,-1520,-562,-311,-141,213,390,307,0
459974,76,76,387,1775,419,-1762,-990,-519,-479,52,62,382,308,0
463284,77,77,218,1531,-3504,-1558,-1553,-513,-742,44,287,391,321,0
466618,79,78,425,1550,-7547,-2017,-1627,-527,-428,-81,128,380,320,0
469978,80,79,218,1718,-11495,-2524,-1221,-531,-355,115,-422,391,327,0
473288,81,80,237,1231,-13512,-2311,-740,-535,103,-29,151,390,353,0
476623,82,81,312,687,-12661,-1977,-707,-551,295,-136,-130,386,382,0
479978,83,82,443,781,-11022,-1499,-869,-573,102,214,-205,379,377,0
483291,85,84,0,0,-11307,-1745,-872,-597,-129,-5,324,387,390,0
486625,86,85,143,0,-11745,-2063,-835,-620,682,37,733,359,395,0
489982,87,86,987,12,-7726,-1700,-160,-611,800,104,524,314,382,0
493294,88,87,1512,631,-3832,-860,1054,-559,832,363,601,286,349,0
496628,89,89,1831,818,386,890,1435,-512,809,115,571,285,339,0
499982,89,90,1925,537,6134,1844,1462,-449,516,120,353,296,354,0
503297,90,91,1531,425,9940,1812,1466,-378,496,-30,53,317,360,0
506632,91,92,1306,143,12189,1502,1138,-329,-37,78,-142,329,375,0
509982,92,93,1062,368,12477,1075,900,-301,221,-162,-284,342,363,0
513300,94,94,968,518,12346,911,1209,-292,-227,180,-216,351,375,0
516635,95,96,668,556,10903,1209,1553,-280,-160,26,300,367,373,0
519982,96,97,312,500,10160,2152,1701,-230,-212,279,32,386,360,0
523303,97,98,368,987,9133,3010,1732,-200,-496,-85,202,383,334,0
526638,98,99,237,1718,6846,2634,1886,-185,-967,-200,569,390,295,0
529983,100,100,631,2281,-742,542,1143,-176,-1004,-147,535,369,281,0
533306,101,100,743,2450,-6729,-1382,820,-162,-562,-43,436,363,288,0
536641,102,101,668,2000,-9843,-2714,1287,-126,-706,523,20,367,312,0
539983,103,102,425,1362,-12869,-639,1832,-58,-182,461,-129,380,346,0
543310,104,103,237,781,-13455,1453,1172,18,-206,65,-17,386,373,0
546644,105,105,0,406,-13676,2444,520,118,-13,-209,-249,386,377,0
549983,107,106,181,0,-14374,433,249,187,347,-258,-103,373,399,0
553314,108,107,481,312,-12832,-814,672,254,244,296,465,357,382,0
556648,109,108,968,462,-8788,379,995,351,413,283,629,331,374,0
560005,110,110,1625,200,-5560,1610,239,417,978,-462,409,296,372,0
563316,111,111,2562,31,-1422,501,687,486,1321,-309,734,262,381,0
566650,111,112,2150,0,5742,-1353,691,539,652,300,815,284,389,0
570008,112,113,1606,0,13033,-1226,-155,583,227,248,43,313,386,0
573319,113,114,1268,181,12277,-1006,-458,619,-35,118,3,331,373,0
576654,114,116,1287,687,10929,-1029,-1011,626,351,23,-22,350,366,0
580008,116,117,856,743,12730,24,-1464,603,69,144,-225,373,363,0
583323,117,118,537,837,13477,622,-1467,579,-178,-261,-269,390,358,0
586657,118,119,462,650,13119,379,-1540,558,-182,-420,-702,394,368,0
590009,119,120,31,537,10534,-462,-826,560,205,-130,-78,417,374,0
593326,121,121,50,518,12139,-556,-245,578,-150,-247,140,400,375,0
596660,122,123,368,443,11523,-1055,337,594,-1101,-236,-139,383,379,0
600009,123,124,406,462,5401,-2337,-139,556,-944,40,60,397,378,0
603329,125,125,293,856,188,-2685,-614,492,-96,59,298,403,357,0
606663,126,126,0,312,-1891,-2129,-135,442,44,28,22,390,366,0
610009,127,128,0,0,-903,-1025,465,411,-209,337,177,392,371,0
613332,128,129,0,12,-1614,-156,702,398,-76,41,106,391,366,0
616666,130,130,87,200,-3299,699,779,394,-216,110,-50,378,356,0
620009,131,131,12,425,-4392,1477,607,375,-31,-45,109,366,344,0
623335,132,132,68,462,-4602,1955,663,347,-489,84,-181,363,342,0
626670,133,133,143,425,-6584,2176,597,313,-110,-84,-34,359,344,0
630009,134,134,556,537,-7864,1766,118,262,-211,67,-36,353,354,0
633339,135,135,275,125,-8365,1981,208,210,-123,110,104,352,360,0
636674,136,136,950,743,-8004,2291,-11,174,755,-43,490,352,363,0
640031,137,138,743,275,-4296,2219,-400,136,437,271,687,363,372,0
643342,138,139,556,312,-1124,2242,-749,72,-1,-131,679,373,370,0
646676,140,140,743,931,2,1334,-698,-6,-528,-131,570,363,337,0
650035,141,141,0,1381,-2638,-767,-582,-61,-628,-97,679,391,313,0
653345,142,142,143,1456,-6147,-2014,-506,-93,-680,64,545,379,309,0
656679,143,143,181,1493,-8984,-1906,-625,-120,404,9,573,393,323,0
660034,145,144,0,1081,-5779,-1700,-366,-153,418,-36,819,392,345,0
663349,146,145,31,987,-2239,-1067,-19,-184,520,145,553,385,350,0
666683,147,146,293,950,828,-730,399,-179,359,93,508,371,352,0
670035,148,147,0,537,3338,677,985,-170,-177,58,272,368,354,0
673351,149,148,312,481,2895,1346,1150,-156,38,-229,176,350,357,0
676686,150,150,668,537,3326,945,1301,-110,76,-151,148,331,354,0
680035,151,151,650,537,5147,709,1089,-62,332,-63,-18,348,354,0
683355,152,152,650,350,7415,447,803,-5,-26,-118,45,348,364,0
686689,153,153,575,537,8506,604,260,48,153,72,88,352,354,0
690035,154,154,650,106,10374,344,-253,86,-73,-154,-148,348,377,0
693358,156,155,331,256,8500,-54,-645,114,-617,-123,28,349,369,0
696692,157,157,350,275,4903,-171,-1497,93,385,-81,181,348,352,0
700035,158,158,631,893,4168,-131,-1376,57,-115,-5,-46,353,339,0
703361,159,159,218,968,3273,90,-1543,-1,-509,-242,22,375,335,0
706695,160,160,425,1081,606,-569,-1778,-52,-578,-113,39,380,345,0
710036,161,161,500,931,-3513,-163,-2237,-102,-206,-80,123,376,353,0
713364,162,162,556,893,-5045,-279,-2370,-172,-239,-19,44,373,355,0
716698,164,163,106,762,-6641,-8,-2241,-257,-496,3,-130,381,362,0
720036,165,164,31,462,-8997,454,-2434,-355,-29,-89,-66,385,378,0
723368,166,166,200,125,-9372,217,-2411,-455,-74,62,-41,376,380,0
726726,167,167,443,218,-8949,604,-1836,-531,449,112,289,379,391,0
730057,168,168,256,0,-5560,589,-1835,-609,147,-109,259,369,383,0
733370,170,169,106,331,-4174,665,-1257,-667,454,-139,331,361,365,0
736729,171,170,593,537,-2001,355,-262,-679,471,-393,672,335,354,0
740061,172,172,818,443,1580,-667,286,-676,-122,-92,399,323,343,0
743374,173,173,800,425,1588,-1161,945,-646,890,-95,447,324,344,0
746732,174,174,631,500,5457,-1027,1957,-573,388,115,200,333,340,0
750061,175,175,556,256,9785,425,2511,-471,163,-85,113,337,353,0
753377,176,176,162,87,10575,838,3129,-351,-10,77,-90,358,362,0
756735,177,177,0,237,10255,412,3402,-227,-510,118,8,373,354,0
760089,178,178,762,931,8094,-331,2869,-121,-1324,87,201,362,353,0
763380,179,179,912,1025,1844,623,2017,-39,-541,-50,505,354,348,0
766739,180,180,931,1400,-3492,805,1142,7,68,-232,430,353,328,0
770062,181,181,631,1625,-6599,-203,1061,41,-692,177,510,369,316,0
773384,183,182,668,1343,-10156,-1171,-290,20,397,17,579,367,331,0
776742,184,183,143,1193,-8895,-2221,-1567,-59,134,-51,334,379,339,0
780062,185,184,406,1268,-7279,-3104,-1625,-146,-670,-17,-83,381,351,0
783386,186,186,443,893,-9089,-3745,-1503,-234,-320,-21,-428,379,355,0
786744,187,187,31,462,-11569,-2969,-783,-292,290,172,48,401,378,0
790062,189,188,0,668,-7938,-1150,-867,-344,493,40,410,392,367,0
793391,190,189,31,0,-5319,191,-251,-360,639,-78,553,365,389,0
796748,191,191,481,0,-1266,71,238,-345,530,-19,511,341,372,0
800083,192,192,668,0,3040,409,-174,-330,433,71,257,331,372,0
803393,193,193,950,106,5058,1413,45,-282,767,-269,313,316,361,0
806752,194,194,1287,556,8792,1101,-131,-243,247,92,-6,314,353,0
810086,195,195,856,331,11400,850,-276,-203,160,158,131,337,365,0
813397,196,196,1081,275,12372,498,-1096,-182,166,82,-151,325,368,0
816752,197,198,800,87,12961,351,-1930,-173,-49,124,-96,340,362,0
820087,198,199,631,68,12439,425,-1980,-160,-442,-112,-262,349,363,0
823399,199,200,1437,1250,10007,352,-1673,-143,-477,-80,-42,374,368,0
826752,200,201,1006,1306,6367,-512,-2042,-130,-153,-162,-28,397,365,0
830088,202,202,0,1625,5145,-532,-1919,-115,-380,-114,-129,437,348,0
833402,203,203,181,1737,2940,-594,-1979,-119,-581,-214,259,425,342,0
836753,205,204,331,2056,-2698,-1463,-1932,-122,-673,-123,189,417,341,0
840088,206,205,425,1850,-6137,-2068,-1799,-139,-454,51,65,412,352,0
843406,207,206,518,1662,-9234,-2437,-1546,-180,-270,85,225,407,362,0
846753,209,208,0,1250,-12222,-3082,-1160,-225,-26,105,68,432,368,0
850088,210,209,0,856,-13551,-2608,-872,-282,302,-82,-321,423,389,0
853409,211,210,0,593,-11746,-1848,-1046,-375,462,151,41,422,399,0
856754,213,212,0,0,-8616,-1951,-724,-476,266,-11,537,405,422,0
860088,214,213,293,0,-7693,-2277,-416,-587,-460,-270,264,383,423,0
863412,215,214,950,312,-8493,-2753,-418,-707,635,-80,612,348,398,0
866754,216,216,1925,743,-2760,-1815,535,-780,740,201,553,296,359,0
870088,217,217,1812,668,1693,6,1320,-801,974,35,670,302,363,0
873416,218,218,1343,687,6319,516,1463,-791,535,30,373,327,362,0
876754,219,219,818,181,10926,249,1663,-772,377,81,219,355,389,0
880089,220,220,781,218,12921,-432,1344,-721,-92,28,-404,357,387,0
883420,221,222,818,0,12289,-737,1034,-640,-548,137,-232,355,383,0
886775,222,223,1343,181,10162,-213,1275,-550,-208,100,-37,363,409,0
890110,224,224,518,575,9756,1122,1644,-451,-236,394,222,391,388,0
893423,225,225,443,1025,9153,2340,1698,-374,-74,554,241,395,364,0
896778,226,226,537,1325,7187,3315,1402,-303,-463,73,240,390,348,0
900113,227,227,331,2337,4016,2884,1476,-249,-1145,134,549,401,294,0
903425,229,228,443,2225,-1922,1411,596,-238,-838,-306,613,379,300,0
906780,230,229,800,2075,-8696,-1767,667,-211,-660,188,127,376,324,0
910114,231,230,725,1831,-11962,-2336,1441,-168,-477,408,-57,380,337,0
913428,232,231,556,1268,-12973,-711,1940,-103,47,365,-391,389,367,0
916780,234,232,0,256,-13793,1924,1113,-60,249,-23,-355,392,401,0
920114,235,234,0,0,-13579,944,543,-8,-329,-245,-131,392,403,0
923431,236,235,162,0,-13428,-381,472,66,652,66,7,374,405,0
926780,237,236,650,425,-9915,-268,746,151,538,350,600,348,376,0
930114,238,238,1100,31,-7343,1329,438,217,643,-42,293,324,381,0
933434,239,239,1793,143,-4632,1745,155,286,1404,-465,597,287,375,0
936779,240,240,2112,12,3467,-545,687,367,985,169,859,286,398,0
940114,240,241,2450,106,9171,-828,212,435,579,221,480,284,393,0
943438,242,243,1456,0,11528,-563,-614,477,-194,159,-123,321,387,0
946780,243,244,1493,650,9640,-557,-1204,495,31,3,411,339,368,0
950114,244,245,1081,893,10560,200,-1931,483,221,183,-155,361,355,0
953441,245,246,481,781,11713,1106,-1844,462,100,3,86,393,361,0
956781,246,247,387,593,12008,920,-2206,420,-465,-474,-633,398,371,0
960115,248,248,68,350,8878,141,-1334,411,270,-104,-169,399,384,0
963444,249,250,50,0,9974,-65,-990,403,-66,-139,204,400,389,0
966801,250,251,556,556,10904,-514,-100,413,-417,-174,-206,389,373,0
970137,251,252,687,331,9513,-1351,-174,420,-1047,185,-231,382,385,0
973448,253,253,0,481,4208,-2085,-1069,370,-281,27,446,419,377,0
976833,254,255,0,68,900,-1812,-713,307,9,8,199,404,379,0
980138,255,256,0,0,1488,-1329,27,262,-178,373,128,401,370,0
983450,257,257,68,0,1431,-616,266,218,28,81,108,379,387,0
986805,258,258,87,481,833,423,330,186,-247,149,-132,378,357,0
990139,259,259,312,593,-803,1275,290,163,-200,156,322,366,351,0
993454,260,260,331,575,-2029,2552,-109,120,-419,-22,-76,365,352,0
996805,261,262,406,237,-4869,3456,-766,45,-347,137,34,361,354,0
1000139,262,263,575,87,-6611,3805,-1241,-46,-176,-96,-48,352,362,0
1003457,263,264,537,200,-7267,4016,-906,-118,-585,-257,215,354,356,0
1006806,264,265,462,331,-9309,2875,-470,-179,-447,-266,104,358,349,0
1010139,266,266,462,818,-11368,1295,-731,-221,548,-266,527,362,343,0
1013460,267,267,218,800,-8967,-728,-884,-269,301,-78,969,375,344,0
1016806,268,268,575,1287,-4646,-2764,-212,-321,-52,71,617,372,334,0
1020140,269,269,68,1343,-3787,-3584,563,-364,-732,357,243,399,331,0
1023464,270,270,31,1306,-5964,-3274,345,-388,-218,31,388,401,333,0
1026807,272,271,0,1287,-6406,-2374,779,-380,94,90,534,391,334,0
1030140,273,272,0,1081,-4363,-1490,1385,-352,760,-170,1012,388,345,0
1033468,274,274,143,725,-4,-1168,1977,-313,-217,55,463,379,348,0
1036806,275,275,762,950,1344,-453,2439,-251,195,257,305,362,352,0
1040140,276,276,443,237,2284,160,2295,-184,429,4,351,359,370,0
1043470,278,277,762,181,4043,827,1997,-143,160,22,61,342,373,0
1046828,278,278,931,181,6808,442,1601,-100,246,-98,-12,333,373,0
1050140,280,279,368,350,7221,121,1245,-42,42,210,-51,347,364,0
1053474,281,281,425,350,7465,426,266,3,413,13,71,344,364,0
1056831,282,282,556,162,9312,423,-655,43,-181,-73,-101,337,358,0
1060164,283,283,293,0,8999,476,-591,82,-305,-116,22,351,367,0
1063476,284,284,312,218,7083,93,-544,134,-371,-63,-63,350,355,0
1066832,285,285,181,668,4247,185,-988,145,274,-43,77,357,331,0
1070198,286,286,800,1643,4198,-129,-1398,132,-679,-107,-95,360,315,0
1073479,287,287,593,1418,796,-164,-1774,80,-444,-22,35,371,327,0
1076831,288,288,575,1137,-3908,-234,-2041,22,-202,-86,185,372,342,0
1080173,290,289,0,1081,-5323,-34,-2028,-7,-442,54,11,387,345,0
1083483,291,290,143,818,-7582,87,-2258,-55,80,-22,107,379,359,0
1086832,292,292,50,406,-9270,336,-2483,-134,-506,97,-274,384,365,0
1090173,293,293,406,593,-11386,938,-2533,-221,203,-167,-38,381,371,0
1093486,294,294,425,387,-9576,755,-2304,-304,636,-179,378,380,382,0
1096832,296,295,387,331,-4849,862,-1607,-363,350,-114,365,366,385,0
1100174,297,296,556,500,-2822,783,-1269,-399,258,-389,604,357,376,0
1103489,298,298,275,0,-1083,238,-387,-387,83,-386,547,352,386,0
1106833,299,299,612,200,1677,-827,681,-327,-36,-175,625,334,356,0
1110174,300,300,893,537,1509,-1800,1393,-255,664,-183,398,319,338,0
1113492,301,301,593,481,3485,-1633,2017,-178,964,-158,450,335,341,0
1116833,302,302,818,687,9921,-522,2718,-70,163,209,-56,339,346,0
1120175,303,303,593,518,11278,1243,3080,53,23,-59,48,351,355,0
1123496,304,304,312,368,10840,1467,3424,167,137,-179,-80,366,363,0
1126833,305,305,350,406,9613,510,3397,255,-1416,239,126,364,361,0
1130174,306,307,650,406,4278,1152,2651,327,-357,136,368,348,345,0
1133499,307,308,1156,1043,-404,2517,2258,373,-485,-323,400,341,331,0
1136854,309,309,537,1212,-5052,1714,2255,401,-350,-464,423,358,322,0
1140175,310,310,406,1175,-7414,-285,1551,387,-443,-76,383,365,324,0
1143502,311,311,200,1212,-10729,-1172,228,318,589,-305,253,376,322,0
1146858,312,312,650,1062,-8767,-3143,-887,219,16,-74,280,368,346,0
1150175,313,313,612,950,-7053,-3856,-475,141,-458,54,5,370,352,0
1153505,314,314,237,762,-8595,-4129,-470,77,-247,160,-555,390,362,0
1156858,316,315,12,575,-11932,-3100,207,44,487,124,47,386,372,0
1160176,317,316,0,387,-7708,-944,-148,31,1082,-132,611,393,382,0
1163509,318,318,106,237,-4058,-121,781,76,562,-69,761,377,370,0
1166858,319,319,781,0,868,-419,905,123,396,-102,339,341,385,0
1170200,320,320,1062,331,3104,-68,825,166,855,95,362,326,365,0
1173512,321,321,1137,443,5918,1277,706,219,863,-222,554,322,359,0
1176859,322,322,1250,331,11342,913,702,284,273,-61,89,316,365,0
1180201,323,324,987,0,12528,225,289,349,113,71,82,330,369,0
1183514,324,325,1006,256,12758,-62,-1140,377,410,42,-94,329,369,0
1186859,325,326,687,0,13292,-85,-1828,383,-343,120,-72,346,378,0
1190201,326,327,593,143,11797,91,-1847,396,-518,51,-169,351,359,0
1193518,327,328,425,312,9166,179,-1653,422,-357,-256,-22,360,350,0
1196859,328,329,837,1512,6921,-765,-1349,459,-296,-219,196,374,322,0
1200201,330,330,312,1906,3624,-1335,-1513,484,-472,-42,-6,386,301,0
1203521,331,331,181,1793,-355,-1591,-1469,488,-273,-102,257,393,307,0
1206859,332,332,275,1475,-3792,-1835,-1409,484,-637,-55,195,388,324,0
1210202,333,333,575,1456,-6738,-2000,-1531,448,-481,-102,180,372,325,0
1213525,335,334,68,1343,-8751,-2617,-1324,385,-257,50,75,399,331,0
1216881,336,335,143,1568,-11621,-2584,-1278,302,-290,21,-323,395,335,0
1220202,337,336,275,1081,-13368,-2144,-872,212,447,67,129,388,361,0
1223528,338,337,443,706,-11763,-1720,-997,95,301,-216,147,379,381,0
1226884,340,339,0,50,-9137,-1810,-853,-27,317,-3,216,382,380,0
1230203,341,340,275,0,-7189,-2203,-779,-158,199,-193,600,352,401,0
1233532,342,341,837,0,-4935,-1385,249,-256,-64,270,147,322,384,0
1236884,342,342,1793,425,-3210,240,1090,-305,853,-9,755,287,360,0
1240203,343,344,1625,387,1029,679,1488,-329,526,27,612,296,346,0
1243534,344,344,1268,743,5117,1220,1905,-340,902,-63,319,315,343,0
1246884,345,346,1156,425,11205,944,2037,-325,4,-13,-25,337,360,0
1250227,346,347,1043,275,12709,702,1905,-272,192,-138,-77,343,368,0
1253537,347,348,856,0,12968,181,1447,-199,-182,118,-255,337,367,0
1256885,349,349,1156,556,12055,444,1709,-131,-451,47,-155,341,373,0
1260227,350,350,650,575,9704,1446,2012,-54,-50,247,113,368,372,0
1263541,351,352,443,331,8566,2909,1734,-6,-335,344,307,379,369,0
1266885,352,353,162,1306,6533,4007,1726,52,-494,-48,287,394,317,0
1270230,353,354,462,1812,3031,3522,1761,82,-960,-325,787,378,290,0
1273543,355,354,500,2206,-2545,575,754,78,-563,-278,730,376,285,0
1276885,356,355,875,2225,-9021,-1714,617,71,-388,65,274,356,300,0
1280231,357,356,818,1850,-11176,-2995,672,70,-293,223,76,359,320,0
1283546,358,357,612,1343,-11550,-2591,1673,100,-666,673,-484,370,347,0
1286913,359,358,106,893,-14551,128,1272,131,226,268,-122,393,367,0
1290231,360,360,0,31,-15017,927,164,172,59,-314,-111,384,381,0
1293550,362,361,0,0,-15150,-984,278,238,727,31,-104,395,391,0
1296908,363,362,481,256,-12305,-1778,415,308,755,228,568,357,385,0
1300232,364,363,912,387,-7849,248,1128,395,418,232,481,334,378,0
1303553,365,365,1606,387,-5125,1825,811,463,728,-360,337,297,378,0
1306909,366,366,1981,0,-1530,147,862,537,1546,217,663,277,386,0
1310231,366,367,2262,143,6086,-266,1096,617,933,248,744,278,375,0
1313556,367,368,1981,31,13160,78,544,678,91,78,-15,293,381,0
1316909,368,369,1475,50,13819,-417,75,728,-8,107,17,320,380,0
1320232,369,371,1287,181,12410,-489,-746,746,219,87,-51,350,377,0
1323559,370,372,1006,518,13205,87,-1458,741,-161,30,-74,365,359,0
1326909,372,373,856,762,13394,573,-1159,732,131,38,-307,373,362,0
1330233,373,374,668,743,13593,648,-1148,727,-274,-352,-397,383,363,0
1333562,374,375,350,500,13239,-202,-831,728,-242,-199,-377,400,376,0
1336910,375,376,12,556,11269,-531,-714,730,185,-49,-143,418,373,0
1340232,377,378,50,481,11778,-488,-279,713,-844,-159,277,400,361,0
1343566,378,379,331,556,8194,-1198,486,694,-909,-40,67,385,357,0
1346910,379,380,237,1025,3906,-2000,105,651,-1016,257,190,406,348,0
1350234,380,381,0,556,-1650,-2224,-228,585,15,49,316,419,353,0
1353569,382,382,0,518,-2871,-1653,946,550,-82,176,240,401,355,0
1356910,383,383,0,406,-2062,-961,1497,538,-111,148,132,386,361,0
1360238,384,385,0,31,-2504,-569,1779,548,43,40,71,385,365,0
1363572,385,386,125,350,-4730,182,1587,544,-327,101,44,376,348,0
1366910,387,387,162,537,-5940,438,1673,534,-30,-146,141,358,338,0
1370241,388,388,275,350,-5689,573,1866,538,-456,-18,-102,352,348,0
1373575,389,389,312,143,-7211,350,1929,544,-149,-75,-13,350,359,0
1376910,390,390,256,106,-7921,-102,1652,541,-274,42,-33,353,361,0
1380262,391,391,950,800,-8829,292,1672,569,97,73,96,352,360,0
1383579,392,392,650,593,-7738,851,1438,595,92,15,-52,368,371,0
1386935,393,394,331,31,-6665,861,1005,605,320,243,546,385,385,0
1390247,395,395,443,293,-3775,938,450,567,293,208,752,363,371,0
1393582,396,396,462,162,-181,1479,-496,512,126,108,452,362,378,0
1396938,397,397,593,593,1157,2018,-725,484,-212,249,567,355,355,0
1400251,398,398,650,1550,1443,3484,-796,451,-906,89,431,368,320,0
1403586,399,399,256,1850,-4492,2979,-1187,401,-760,35,473,389,304,0
1406944,400,400,275,2000,-9825,831,-1826,308,-359,62,422,388,296,0
1410254,402,401,0,1531,-10371,173,-1725,229,754,-173,714,401,321,0
1413588,403,402,0,781,-3225,-116,-618,183,617,-294,757,378,341,0
1416944,404,403,481,406,1447,-1333,346,159,775,28,336,341,361,0
1420258,405,404,668,218,5668,-940,1322,184,401,61,441,331,371,0
1423591,406,406,612,162,8921,1664,1289,222,-289,-208,115,334,374,0
1426944,407,407,837,368,8679,1419,933,274,365,-437,121,338,363,0
1430260,408,408,668,443,10223,-310,1094,354,-109,34,331,347,359,0
1433595,409,409,518,368,10445,-746,180,396,-28,-85,-98,355,363,0
1436945,410,410,556,500,9546,-1340,-543,415,-319,41,22,353,356,0
1440263,411,411,593,537,6698,-1469,-821,415,-461,-63,102,351,354,0
1443598,412,412,1793,2356,4293,-1219,-1483,391,358,-85,-64,355,325,0
1446945,414,413,912,1475,4073,-880,-1836,342,-1000,-55,238,386,372,0
1450266,415,415,368,968,-558,-860,-2799,240,-99,-178,181,415,383,0
1453601,416,416,406,1025,-4565,-1128,-3375,131,-277,-106,-127,413,380,0
1456945,418,417,293,1531,-6065,-879,-3814,19,-466,40,-131,419,369,0
1460270,419,418,387,968,-8643,-571,-4147,-139,-48,-172,-13,414,399,0
1463605,420,420,387,500,-10586,-284,-3821,-306,-150,-6,-150,414,408,0
1466946,422,421,0,743,-11344,-69,-3552,-472,413,100,53,420,395,0
1470273,423,423,143,0,-8947,-364,-3396,-628,892,-75,314,411,419,0
1473608,424,424,481,0,-5193,-206,-2817,-768,245,-278,154,389,416,0
1476946,425,425,575,181,-4498,358,-2366,-901,269,-163,586,384,405,0
1480277,427,427,800,406,-2463,455,-1406,-1005,417,-201,920,356,393,0
1483611,428,428,968,481,1538,-216,-413,-1069,-131,-64,415,347,373,0
1486946,429,429,1175,781,2156,-44,230,-1114,1053,200,459,336,357,0
1490279,430,430,1100,837,6487,610,1157,-1123,438,59,-27,340,354,0
1493614,431,431,875,350,11258,2104,1757,-1100,-287,-135,-30,352,380,0
1496972,432,433,406,0,10706,1566,1608,-1063,27,7,-176,377,389,0
1500282,433,434,162,0,10525,1182,1728,-994,-57,200,-198,390,390,0
1503617,434,435,800,12,10261,864,1447,-926,-772,-27,279,356,382,0
1506971,436,436,1006,856,7744,1946,1339,-859,-716,160,404,365,373,0
1510286,437,437,743,1437,3809,2300,1802,-766,-795,-416,513,379,342,0
1513620,438,438,350,2018,-2469,-800,1407,-665,-825,-395,373,400,311,0
1516972,439,439,687,1906,-7711,-3142,175,-606,-541,121,379,382,317,0
1520289,440,440,837,1756,-11584,-4249,-826,-612,385,46,311,374,325,0
1523623,442,441,800,1231,-9775,-4240,-677,-644,-439,129,-18,376,353,0
1526972,443,442,443,1193,-10404,-3768,-599,-704,-631,116,-252,395,371,0
1530292,444,444,500,837,-13143,-3103,-787,-769,-232,168,-408,392,374,0
1533627,445,445,537,556,-14848,-2603,-459,-812,340,210,129,390,389,0
1536973,447,446,0,256,-11580,-2027,-914,-875,837,172,540,397,385,0
1540296,448,447,31,293,-8078,14,199,-875,159,36,224,381,383,0
1543630,449,449,875,0,-2609,1241,722,-835,881,-247,445,336,386,0
1546973,450,450,1568,0,1488,715,331,-799,1067,246,691,299,383,0
1550298,451,451,1700,237,6956,1815,749,-729,1059,8,580,292,370,0
1553634,452,452,1381,68,13786,1962,455,-658,126,28,-125,309,379,0
1556973,453,454,1512,0,14926,1338,355,-559,-56,179,132,318,389,0
1560302,454,455,968,31,14429,881,-1102,-488,147,381,-266,347,381,0
1563636,455,456,312,0,14072,1594,-1983,-431,-342,-56,-162,366,376,0
1566973,456,457,781,556,13517,1629,-982,-332,-340,-105,-54,377,373,0
1570306,457,458,275,518,12620,1519,-918,-241,122,101,-175,404,375,0
1573639,459,460,293,800,10990,789,-627,-150,-297,-99,-21,403,360,0
1576998,460,461,162,1043,9852,833,-643,-64,-221,-31,-78,394,331,0
1580308,461,462,350,1043,8225,713,-322,13,-495,31,237,384,331,0
1583643,462,463,293,1475,4058,220,-268,79,-706,-156,130,387,324,0
1587001,464,464,31,1268,-1032,-512,104,126,-918,101,248,401,335,0
1590311,465,465,106,1250,-5705,-705,141,143,60,-84,269,397,336,0
1593646,466,466,125,1025,-7184,-430,992,167,50,2,16,396,348,0
1597030,467,467,0,350,-7284,-104,1477,177,127,-19,-31,417,380,0
1600314,469,468,0,143,-6459,-154,1344,164,285,100,25,401,375,0
1603649,470,469,0,0,-6416,-7,1295,154,-594,57,-209,381,389,0
1607006,471,471,631,481,-9103,-16,1493,147,-177,-51,74,349,357,0
1610318,472,472,650,706,-11535,-659,1530,150,-92,97,-12,348,345,0
1613652,473,473,875,593,-12397,-282,1986,170,336,201,-222,336,351,0
1617010,474,474,743,387,-10694,-44,1669,166,86,-17,29,343,362,0
1620321,475,475,612,256,-7293,-509,1757,177,570,-37,617,350,369,0
1623655,476,476,893,87,-1687,-2038,1559,220,699,-170,504,335,378,0
1627010,477,478,1118,0,1701,-3015,1646,297,305,252,326,323,376,0
1630324,478,479,1475,312,4216,-3151,1466,364,600,72,205,324,370,0
1633659,479,480,1100,68,6413,-3122,1497,430,131,17,243,344,383,0
1637010,481,481,631,743,7250,-2551,1424,499,-320,113,111,369,363,0
1640327,482,482,406,987,5958,-2261,1134,548,-257,512,179,381,350,0
1643662,483,483,275,1062,3550,375,930,606,-258,470,568,388,346,0
1647012,484,484,537,1268,2659,2741,1001,631,-316,-157,544,374,335,0
1650330,485,485,743,1662,406,2881,688,630,-773,273,593,363,314,0
1653666,486,486,762,1812,-5333,1720,187,626,-856,-178,316,362,306,0
1657011,488,487,556,1700,-8874,579,591,621,-103,-28,183,373,328,0
1660334,489,488,50,781,-9378,-633,1314,647,203,260,214,380,357,0
1663668,490,490,237,481,-4008,1272,2138,703,300,802,-226,370,373,0
1667011,491,491,1193,331,-3606,3408,772,762,800,-484,645,319,365,0
1670337,492,492,1493,0,835,895,1088,858,489,-180,624,303,389,0
1673671,493,493,1550,331,6853,-997,879,916,146,151,549,300,365,0
1677011,494,494,1025,312,9224,-346,173,950,525,-291,26,328,366,0
1680340,495,496,1025,331,10588,-1,-442,956,556,-136,316,328,365,0
1683675,496,497,668,200,14378,-1547,-95,973,-708,-62,-84,347,372,0
1687033,497,498,406,0,12033,-2177,-803,958,-834,217,200,361,379,0
1690343,498,499,1025,743,7582,-1419,-1295,926,312,-36,85,364,363,0
1693678,499,500,650,1062,6438,-194,-1560,874,-50,-11,94,384,346,0
1697036,501,501,425,1268,5479,-217,-2007,807,-817,-312,33,380,335,0
1700347,502,502,293,1456,338,-1440,-2421,700,-515,99,-55,387,325,0
1703682,503,503,200,1362,-4089,-785,-2924,562,-432,-61,295,392,330,0
1707037,504,504,537,556,-6187,-43,-3266,418,-91,-149,95,374,373,0
1710350,506,506,0,537,-7242,-1,-3386,272,-606,84,-125,405,374,0
1713684,507,507,275,125,-10527,-130,-3315,122,-128,-37,-33,388,396,0
1717037,508,508,256,87,-11504,-41,-3498,-34,69,109,-135,389,398,0
1720353,509,509,350,200,-10856,472,-2535,-176,6,27,238,384,392,0
1723687,510,511,0,87,-8609,381,-2524,-307,246,-155,207,385,378,0
1727037,512,512,143,68,-7829,487,-2547,-441,347,127,166,359,363,0
1730356,513,513,518,218,-6206,1155,-1630,-541,723,-445,658,339,355,0
1733690,514,514,668,575,-1450,938,-953,-622,618,-198,603,331,336,0
1737037,515,515,1306,818,1452,747,-504,-684,744,-100,505,313,339,0
1740359,516,516,1100,706,6386,1400,777,-706,176,-63,-2,324,345,0
1743694,517,517,781,593,9539,2682,1675,-698,-130,-184,396,341,351,0
1747038,518,518,218,312,9970,2187,2109,-668,161,-25,-288,371,366,0
1750362,519,520,181,0,10569,1234,2202,-628,-19,124,-87,373,369,0
1753697,520,521,612,331,11086,784,2006,-597,-9,-228,-272,370,369,0
1757037,521,522,800,518,11359,716,1687,-565,-570,-204,188,360,359,0
1760366,522,523,481,1137,7150,317,1751,-516,-1061,-447,514,377,326,0
1763700,524,524,218,1756,-1377,-2036,1042,-502,-958,-331,465,375,293,0
1767038,525,525,743,1793,-7858,-4074,156,-539,-135,74,533,363,307,0
1770370,526,526,1006,1418,-11079,-4899,-1442,-650,160,313,217,349,327,0
1773703,527,527,743,950,-11389,-3691,-1769,-730,-141,195,137,363,352,0
1777059,528,528,331,706,-11262,-3174,-2099,-829,-616,190,-344,385,365,0
1780372,529,529,368,800,-13270,-2461,-2339,-930,-30,76,-192,383,360,0
1783706,531,530,0,406,-13762,-2621,-2248,-1006,468,120,154,412,377,0
1787063,532,532,87,0,-9822,-1382,-2132,-1058,532,154,476,378,383,0
1790376,533,533,462,162,-6656,1216,-223,-1062,490,-45,419,358,374,0
1793710,534,534,1043,331,-1861,1913,-648,-1058,725,-152,496,327,365,0
1797063,535,535,1512,312,1917,2086,-723,-1040,1150,-14,815,302,366,0
1800378,536,536,1418,312,9033,2358,-383,-1003,873,55,121,307,366,0
1803713,537,537,1437,406,14533,2618,-289,-949,-92,11,-82,306,361,0
1807064,538,539,893,0,14667,2126,-836,-900,117,12,-60,335,369,0
1810382,539,540,668,0,14579,1349,-2050,-872,41,3,-25,347,370,0
1813716,540,541,1156,687,14007,1509,-2382,-845,-317,56,-326,357,366,0
1817063,541,542,687,706,13172,1775,-1769,-794,88,-144,-246,382,365,0
1820385,542,543,612,706,12870,1446,-1147,-727,-219,-152,-67,386,365,0
1823719,544,544,87,1400,10029,1259,-1637,-668,-292,-44,-18,398,328,0
1827064,545,545,368,1606,8300,1123,-1506,-636,-753,-57,353,383,317,0
1830388,546,546,406,1887,5768,194,-1140,-593,-1091,-50,80,381,302,0
1833722,547,547,687,2056,-1109,-195,-1121,-548,-614,73,249,382,309,0
1837064,549,548,31,1906,-5165,-700,-1144,-533,-405,-69,243,401,317,0
1840391,550,549,143,1512,-8960,-994,-1064,-537,-257,70,-147,395,338,0
1843726,551,550,68,837,-10380,-889,-384,-533,245,-21,103,399,374,0
1847064,552,552,0,87,-8945,-888,-251,-565,219,-59,33,396,378,0
1850395,554,553,0,12,-7285,-235,-473,-632,-195,162,-169,377,382,0
1853754,555,554,50,125,-8579,-336,-359,-709,-690,22,126,364,376,0
1857086,556,555,256,181,-11753,-700,-218,-785,-505,-65,39,353,373,0
1860398,557,556,537,425,-14680,-898,70,-845,418,88,-41,338,360,0
1863756,558,557,837,856,-13151,-1149,24,-897,931,7,431,338,353,0
1867089,559,559,950,368,-8106,-719,322,-942,886,41,664,332,363,0
1870401,560,560,1137,312,-1045,-1415,2,-975,572,35,536,322,366,0
1873759,561,561,1268,275,1939,-2240,290,-970,690,-5,522,315,368,0
1877089,562,562,1925,556,4273,-2918,152,-921,410,45,88,300,373,0
1880404,563,563,1362,706,6413,-2707,564,-848,101,-138,162,330,365,0
1883762,564,565,481,162,7748,-3140,403,-769,183,43,-155,377,378,0
1887089,565,566,125,68,8157,-3606,149,-692,-207,174,7,396,383,0
1890407,566,567,293,237,8883,-2822,418,-608,84,32,-15,387,374,0
1893767,568,568,350,931,8598,-2223,523,-525,-305,358,398,384,353,0
1897090,569,569,556,1100,7813,-911,240,-511,-40,526,574,373,344,0
1900410,570,570,668,1418,5899,2137,341,-480,-821,296,293,367,327,0
1903769,571,571,481,1831,838,2583,353,-446,-1145,130,383,377,305,0
1907118,572,572,125,1643,-6060,1513,142,-430,-568,97,241,392,311,0
1910415,574,573,0,1137,-12215,499,688,-400,201,128,29,391,322,0
1913772,575,574,293,837,-10963,305,1183,-336,516,142,83,367,354,0
1917090,576,575,500,706,-7379,1416,1934,-212,-222,221,-126,356,361,0
1920417,577,576,687,481,-8892,3380,1742,-83,706,-218,-13,346,373,0
1923772,578,578,1118,237,-5376,2948,931,0,471,-398,575,323,370,0
1927091,579,579,1775,481,471,1357,937,65,496,-203,720,288,357,0
1930420,580,580,1700,237,6076,-252,-203,110,857,36,403,292,370,0
1933777,581,581,1212,200,11059,-157,-192,151,859,-214,373,318,372,0
1937111,582,582,650,200,14624,-847,-87,184,42,-37,-161,348,372,0
1940424,583,584,650,443,13741,-1715,-709,197,-408,209,10,368,379,0
1943780,584,585,631,462,11201,-636,-848,206,-347,-67,-324,385,378,0
1947115,585,586,556,743,8659,381,-900,212,-88,21,-143,389,363,0
1950426,587,587,443,1250,7426,830,-1083,190,-249,-272,-28,395,336,0
1953781,588,588,256,1587,4769,-96,-885,170,-365,-76,77,389,318,0
1957116,589,589,481,1475,1878,-595,-686,163,-342,-221,298,377,324,0
1960430,590,590,293,837,-1642,-597,-1114,140,-642,-81,119,387,358,0
1963781,591,591,706,837,-5415,-700,-1155,110,-593,22,203,381,374,0
1967116,593,592,50,837,-8293,-1165,-1569,59,102,-52,49,400,374,0
1970433,594,594,0,0,-9889,-1297,-1591,9,-143,83,-136,396,392,0
1973781,595,595,0,0,-9587,-501,-1104,-35,410,-97,158,391,388,0
1977116,596,596,50,87,-7703,-506,-995,-66,-237,-10,-51,380,378,0
1980436,598,598,0,31,-9892,-549,-736,-98,-238,204,93,379,381,0
1983782,599,599,256,200,-10418,-192,-688,-124,604,-111,381,353,356,0
1987116,600,600,312,481,-7834,-299,-449,-156,127,-99,283,350,341,0
1990439,601,601,743,593,-4780,396,-295,-178,798,-120,499,327,335,0
1993782,602,602,1400,612,-225,613,-144,-187,706,-135,521,308,350,0
1997116,603,603,1212,181,4360,1392,816,-175,426,-117,450,302,357,0
2000443,604,604,1418,743,8607,1073,2046,-127,114,-95,-79,327,363,0
2003782,605,605,256,631,9761,104,1946,-74,180,-78,130,389,369,0
2007117,606,607,368,12,10939,-405,1698,-31,115,133,-423,383,386,0
2010446,607,608,237,181,11010,67,1433,1,-244,384,2,390,377,0
2013803,608,609,368,518,10318,1518,1465,43,-520,1,489,383,359,0
2017138,610,610,143,1418,6781,1772,1747,76,-943,-108,480,379,311,0
2020449,611,611,687,2150,-692,-835,1085,73,-907,-137,697,366,288,0
2023807,612,612,837,1756,-6968,-2450,344,23,-339,232,456,358,309,0
2027141,613,613,856,1531,-10715,-2718,-878,-58,155,223,284,357,321,0
2030452,614,614,612,1006,-9990,-2117,-1028,-119,-734,55,-83,370,349,0
2033807,615,615,0,162,-11355,-1066,-799,-173,-173,280,-450,392,374,0
2037142,617,616,0,256,-13505,-1117,-1107,-201,471,148,28,377,369,0
2040456,618,617,0,256,-10346,-255,-1845,-253,763,369,574,369,369,0
2043807,619,618,875,725,-7514,869,-1070,-284,821,-313,575,336,360,0
2047142,620,620,1250,256,-2141,64,-326,-272,181,-54,556,316,369,0
2050459,621,621,1756,387,1862,372,-634,-265,1087,-111,644,289,362,0
2053807,622,622,1400,293,7123,1332,-459,-251,895,-48,219,308,367,0
2057142,623,623,1062,237,12808,1882,-414,-230,176,-126,307,326,370,0
2060462,624,624,687,181,15438,785,-73,-205,-22,203,-257,346,373,0
2063808,625,626,1268,968,14371,592,-1284,-224,-192,165,130,383,383,0
2067143,626,627,818,556,13341,1322,-2117,-255,-150,-190,-336,407,405,0
2070465,627,628,556,668,12143,815,-1567,-268,-353,-104,-124,421,399,0
2073808,629,630,500,1231,10211,256,-1503,-266,-198,43,109,424,369,0
2077142,630,631,537,1418,7949,319,-1691,-269,76,-86,-120,422,359,0
2080469,632,632,575,1737,6609,-82,-1119,-270,-1001,-9,202,420,342,0
2083809,633,633,368,1493,2532,-405,-689,-260,-640,141,290,415,355,0
2087143,634,634,481,1268,-2165,-269,-593,-256,-762,-89,25,409,367,0
2090472,636,635,87,931,-7836,-824,-586,-252,-511,202,-53,430,385,0
2093830,637,637,0,312,-10792,-1004,-466,-253,575,-24,102,428,398,0
2097165,638,638,0,143,-9440,-727,-58,-245,249,-190,-14,425,407,0
2100474,640,639,0,406,-6881,24,301,-232,-96,7,15,426,393,0
2103833,641,641,50,275,-8036,63,162,-252,-209,15,144,396,384,0
2107166,642,642,425,312,-10370,-275,520,-300,-495,54,-108,376,382,0
2110478,643,643,631,575,-12027,-719,521,-344,568,-201,286,365,368,0
2113834,644,644,875,612,-8712,-756,546,-380,663,166,493,352,366,0
2117167,646,645,668,331,-4124,-582,638,-405,408,109,481,347,381,0
2120481,647,647,1081,237,1160,-1123,708,-429,768,86,478,341,386,0
2123862,648,648,1531,575,4708,-1707,901,-455,161,107,126,337,388,0
2127166,649,649,1287,368,6244,-1519,1243,-450,268,-150,269,350,399,0
2130485,650,650,706,406,8238,-1613,1394,-417,-31,13,-178,381,397,0
2133834,651,652,237,556,7565,-1845,1203,-352,-221,446,122,406,373,0
2137167,653,653,0,687,6470,-256,1106,-286,-149,99,164,423,366,0
2140487,654,654,0,1325,4615,1218,1373,-218,-749,-59,566,409,332,0
2143834,655,655,950,1943,855,277,886,-156,-645,76,662,368,315,0
2147168,656,656,1193,1925,-3638,-961,451,-84,-832,214,438,355,316,0
2150492,657,657,931,1456,-8585,-876,267,-42,-414,221,151,369,341,0
2153834,658,658,575,1025,-9692,-670,158,-27,-116,162,-225,388,364,0
2157168,660,659,0,443,-10120,-417,557,9,137,551,-278,383,375,0
2160494,661,660,0,237,-7562,1722,-271,15,903,-148,311,387,386,0
2163835,662,662,1325,12,-3926,2009,-361,17,563,-402,723,312,382,0
2167168,663,663,1493,0,743,308,260,27,264,-18,488,303,385,0
2170497,664,664,1437,518,5524,-217,-72,65,449,50,354,306,355,0
2173835,665,665,1306,518,8615,1011,-510,115,705,-184,341,329,371,0
2177168,666,666,968,481,12931,1004,-699,143,355,-203,-50,347,373,0
2180500,667,668,481,31,15573,-500,-259,181,-407,177,-182,373,381,0
2183856,668,669,425,237,13091,-689,-1439,189,-485,-50,-158,376,370,0
2187193,669,670,856,668,9724,420,-1528,177,15,-58,-31,373,367,0
2190503,670,671,706,800,7738,407,-1711,145,3,-373,-18,381,360,0
2193859,672,672,237,1212,7046,-63,-1600,113,-500,-28,-234,390,338,0
2197196,673,673,368,1718,4027,-328,-1917,72,-340,-65,216,383,311,0
2200506,674,674,293,1475,-24,-416,-2228,16,-721,-111,31,387,324,0
2203860,675,675,593,800,-3909,-4,-2539,-60,-659,228,97,387,376,0
2207196,677,677,87,406,-6770,-150,-2548,-149,-193,-195,185,398,381,0
2210510,678,678,181,143,-9351,-565,-2605,-236,-283,105,-192,393,395,0
2213860,679,679,31,125,-11057,19,-2529,-331,369,117,69,401,396,0
2217230,680,681,0,0,-9243,542,-2063,-412,223,-102,32,410,398,0
2220513,682,682,0,0,-9079,331,-2119,-495,-341,262,-30,389,384,0
2223860,683,683,256,143,-10786,438,-2049,-579,431,2,317,369,375,0
2227202,684,684,537,443,-9477,275,-1793,-657,309,-404,327,354,359,0
2230516,685,685,856,800,-7205,522,-1381,-728,807,-127,574,337,340,0
2233861,686,686,1493,781,-3280,608,-918,-796,842,36,438,303,341,0
2243861,689,690,387,68,8637,726,1558,-850,-8,-285,374,362,363,0
2247202,690,691,68,181,9476,331,2216,-824,212,-124,-40,379,357,0
2250523,691,692,237,162,10007,-871,1949,-791,145,86,-46,390,378,0
2253862,693,693,331,575,10751,-1120,1668,-753,-496,289,95,385,372,0
2257203,694,694,500,950,10197,-1376,1688,-708,-916,-348,347,376,352,0
2260526,695,695,743,1625,3653,-2720,1003,-682,-864,-119,641,363,316,0
2263882,696,696,893,1737,-2249,-3816,702,-677,-588,152,472,355,310,0
2267203,697,697,931,1625,-7858,-3733,-795,-694,-304,330,430,353,316,0
2270529,698,698,743,1231,-10296,-2576,-1512,-730,-187,374,91,363,337,0
2273886,700,699,368,893,-11586,-930,-2037,-802,-444,223,-79,383,371,0
2277205,701,701,350,425,-13163,13,-2294,-871,357,-10,-45,384,380,0
2280533,702,702,0,218,-12698,-879,-2085,-920,440,63,9,385,371,0
2283886,703,703,406,181,-7903,336,-1645,-950,1010,65,698,361,373,0
2287203,704,704,1287,425,-4229,2005,-428,-955,295,-89,444,314,360,0
2290535,705,705,1456,275,-420,1681,-603,-929,946,-125,525,305,368,0
2293887,706,706,1493,500,4464,1117,-819,-907,1227,-194,489,303,356,0
2297228,707,708,1137,0,11483,1507,-637,-873,609,-59,401,322,368,0
2300539,708,709,837,0,15837,1381,-769,-847,5,-73,-230,338,367,0
2303887,709,710,725,312,15605,737,-915,-816,15,102,-53,360,366,0
2307230,710,711,331,0,14793,547,-2064,-811,-340,-109,-266,365,373,0
2310542,711,712,1062,668,12233,755,-1728,-786,-560,41,-81,362,367,0
2313887,713,713,368,1043,9858,133,-1518,-753,-337,-287,56,383,347,0
2317230,714,714,312,1193,8590,202,-1271,-712,-107,115,-147,386,339,0
2320545,715,715,218,1662,7223,654,-1956,-694,-862,-321,232,391,314,0
2323887,716,716,275,1568,2898,-156,-1999,-692,-687,-139,34,388,319,0
2327230,717,717,406,1381,-3541,-880,-2130,-692,-480,101,284,381,329,0
2330549,719,718,218,1325,-6448,-1027,-2325,-701,-96,7,235,407,348,0
2333888,720,720,31,650,-8141,-1275,-2188,-713,-633,129,-194,401,368,0
2337230,721,721,68,462,-11740,-983,-2070,-735,420,16,-40,399,378,0
2340551,722,722,143,181,-9554,-711,-1763,-761,-14,117,32,395,393,0
2343909,724,723,0,68,-8500,-167,-1619,-803,-310,10,-58,383,379,0
2347230,725,725,0,0,-10442,-287,-1769,-879,-117,11,110,379,384,0
2350555,726,726,68,0,-11930,-521,-1793,-984,-280,82,-1,363,367,0
2353912,727,727,818,575,-12191,-486,-1383,-1097,684,-148,535,339,352,0
2357230,728,728,968,781,-7674,-935,-972,-1188,673,107,428,331,341,0
2360558,729,729,1362,762,-3880,-682,-812,-1265,598,-51,489,310,342,0
2363912,730,730,1568,481,1668,-746,-730,-1341,656,27,533,299,357,0
2367231,731,731,1306,387,7354,-451,236,-1365,393,-194,511,313,362,0
2370561,732,732,856,406,9334,-687,1301,-1346,166,-193,-92,337,361,0
2373913,733,734,462,350,9911,-1461,1278,-1281,143,-96,5,378,368,0
2377231,734,735,162,125,10451,-2437,829,-1208,119,-54,-155,394,380,0
2380564,735,736,125,256,11377,-2093,589,-1126,-220,219,-89,396,373,0
2383914,737,737,575,500,11410,-1016,802,-1029,-535,49,466,372,376,0
2387255,738,738,556,1400,8491,234,1219,-926,-843,30,521,373,328,0
2390568,739,739,575,2093,3661,-369,1257,-835,-1127,-38,728,372,291,0
2393913,740,740,668,1906,-3242,-1794,681,-801,-1006,203,561,367,301,0
2397259,741,741,631,1700,-10490,-2332,-295,-791,-385,377,298,369,312,0
2400571,742,742,593,1306,-12308,-1404,-498,-781,-110,261,-95,371,333,0
2403913,744,743,50,518,-12828,-190,-237,-769,-73,-106,-496,380,371,0
2407260,745,744,237,425,-14943,61,-58,-746,691,-130,105,370,376,0
2410574,746,745,162,425,-12660,-207,-462,-732,366,49,465,374,376,0
2413913,747,747,818,181,-10363,986,-181,-673,915,-17,451,339,373,0
2417260,748,748,931,331,-5176,1713,82,-617,351,-215,298,333,365,0
2420577,749,749,1662,406,-950,1176,-132,-574,1094,-191,952,294,361,0
2423935,750,750,1587,406,4449,579,-23,-535,963,131,647,298,361,0
2427260,751,751,1287,200,11841,1334,-153,-478,341,-6,447,314,372,0
2430580,752,752,1043,106,14562,1070,-198,-422,-54,-54,-184,327,377,0
2433968,753,754,1100,481,14171,157,-909,-384,-124,46,226,360,377,0
2437260,754,755,856,687,13082,949,-1946,-372,-196,-2,-215,373,366,0
2440583,755,756,500,87,12456,1586,-1437,-348,-130,36,-166,392,398,0
2443938,757,757,125,725,11938,1306,-1330,-325,36,-197,-232,396,364,0
2447261,758,758,368,893,10697,639,-910,-299,233,171,-201,383,355,0
2450586,759,760,275,1231,10197,559,-1147,-284,-374,-29,229,388,337,0
2453937,760,761,725,1193,8503,251,-730,-251,-556,-157,-146,380,339,0
2457261,761,762,368,1175,3249,-200,-592,-214,-1058,108,208,399,340,0
2460590,763,763,331,1456,-2146,-593,-610,-190,-441,-11,259,385,341,0
2463938,764,764,50,950,-5509,-1158,-509,-175,-245,252,-115,400,352,0
2467260,765,765,0,143,-7402,-248,71,-148,111,90,50,402,375,0
2470594,767,766,0,293,-5987,-1,427,-112,52,-92,-14,385,367,0
2473938,768,767,0,143,-6003,274,425,-106,-220,161,-132,386,375,0
2477262,769,769,0,0,-6883,668,491,-131,-155,-4,168,371,377,0
2480596,770,770,237,350,-8256,336,436,-157,-587,-170,-119,354,348,0
2483938,771,771,762,800,-10880,154,617,-164,93,20,69,342,340,0
2487265,772,772,856,537,-11412,223,578,-164,90,-124,38,337,354,0
2490599,773,773,725,312,-9174,371,738,-166,792,40,564,344,366,0
2493938,774,774,875,237,-3080,-542,968,-174,257,-35,516,336,370,0
2497268,775,775,1250,556,1057,-1609,924,-184,576,159,447,336,373,0
2500602,776,777,1062,350,4380,-2022,1125,-171,271,73,39,346,384,0
2503939,777,778,856,0,5786,-2059,1287,-121,128,158,195,357,390,0
2507272,779,779,275,293,6322,-1502,1321,-64,179,26,104,372,371,0
2510607,780,780,125,443,6369,-888,1392,-13,-590,350,-17,380,363,0
2513963,781,781,425,1418,3465,82,1475,34,-819,72,406,380,327,0
2517274,782,782,200,1718,-2567,-295,886,76,-313,-115,688,392,311,0
2520609,783,783,781,1700,-5113,-1320,403,94,-258,110,668,361,312,0
2523966,785,784,556,1362,-6184,-1210,-14,91,-71,152,635,357,330,0
2527290,786,785,256,1081,-5626,254,152,100,-890,-327,-390,369,341,0
2530612,787,786,0,575,-8159,-206,650,121,345,233,332,382,352,0
2533971,788,788,537,387,-5939,494,260,134,784,31,670,354,362,0
2537281,789,789,1306,162,328,2510,517,156,1101,-129,677,313,374,0
2540615,790,790,1287,406,5125,972,866,212,-275,-234,152,314,361,0
2543972,791,791,1193,425,5662,-84,496,288,56,160,234,319,360,0
2547284,792,792,968,537,8511,863,190,339,336,-101,101,331,354,0
2550618,793,793,575,406,10398,960,-244,373,443,-158,143,352,361,0
2553972,794,794,443,181,13359,-413,-267,393,-410,-67,-183,359,373,0
2557287,795,796,462,0,10686,-896,-943,399,-1042,230,118,358,372,0
2560622,796,797,837,481,6173,-407,-1705,369,136,-192,-123,358,361,0
2563973,798,798,556,818,4721,-381,-1634,336,232,-3,-165,373,359,0
2567291,799,799,500,1156,4393,-489,-2377,281,-801,-349,200,376,341,0
2570625,800,800,387,1568,886,-876,-2463,220,-1350,-1614,-285,382,319,0
2573973,801,801,575,2600,-771,417,-3924,95,-1948,-2048,113,372,264,0
2577294,802,801,743,2600,-2874,-188,-5044,-75,-1392,-520,-7,363,280,0
2580629,803,802,650,2675,-7133,-197,-3293,-191,-30,247,-191,368,276,0
2583973,805,803,200,2487,-9778,1117,-4997,-363,243,310,-163,392,302,0
2587297,806,804,275,2356,-10418,3770,-6578,-582,166,235,-114,388,309,0
2590631,807,805,68,1662,-9821,4644,-5723,-780,1799,128,367,379,326,0
2593975,808,806,162,1400,-1499,6211,-5837,-981,141,-351,484,374,340,0
2597300,809,807,593,1287,3797,5418,-6558,-1209,-235,-653,418,351,346,0
2600634,810,808,987,1081,1749,2148,-5968,-1425,370,-95,419,330,357,0
2603974,811,809,1606,612,2905,1124,-5164,-1616,84,-115,464,297,382,0
2607303,812,810,1231,612,4580,-355,-5113,-1810,143,-318,437,317,382,0
2610638,813,812,1156,818,4893,-1322,-5070,-2009,-174,-3,251,321,371,0
2613974,814,813,893,781,4623,-1720,-4848,-2202,115,-129,35,351,373,0
2617306,815,814,312,387,4892,-1299,-4796,-2395,-60,-112,-85,366,378,0
2620641,816,815,856,950,4703,-1130,-5026,-2598,90,-249,-122,373,384,0
2623999,818,816,537,781,4484,-2729,-5286,-2791,81,-267,-51,374,393,0
2627310,819,818,481,612,4518,-5365,-4810,-2954,-981,-131,216,377,386,0
2630645,820,819,687,912,-646,-6766,-4276,-3087,-1116,-42,178,366,370,0
2634000,821,820,668,818,-6882,-8324,-3815,-3211,-71,318,206,367,375,0
2637313,822,821,143,1325,-10976,-9512,-4218,-3364,-423,265,-33,395,348,0
2640648,823,822,387,1775,-11879,-9377,-4020,-3497,397,560,118,398,340,0
2644000,825,824,406,1175,-11227,-8778,-4216,-3645,227,144,694,381,356,0
2647316,826,825,87,1231,-9234,-7617,-4784,-3822,387,513,332,398,353,0
2650651,827,826,312,1437,-9609,-7581,-4721,-3985,733,482,943,386,342,0
2654000,828,827,406,1606,-5502,-5941,-4189,-4122,230,578,648,361,313,0
2657320,829,828,593,1493,-4748,-2905,-2629,-4196,-274,781,321,351,319,0
2660654,830,829,706,1737,-6687,6,-3141,-4286,400,85,359,345,322,0
2664000,832,830,950,1606,-5425,902,-2165,-4324,-58,-27,713,332,329,0
2667323,832,831,1437,1306,-2493,2117,-440,-4285,434,516,395,322,345,0
2670657,833,832,1512,593,-870,3961,206,-4227,594,12,119,318,383,0
2674001,834,833,1306,368,-1219,6723,20,-4152,1275,-288,167,329,395,0
2677326,835,835,1550,50,7014,7332,-283,-4084,91,-151,-262,316,396,0
2680661,836,836,1325,200,6738,5969,-2165,-4029,-93,-22,-292,328,388,0
2684001,838,837,1681,931,5685,5227,-2650,-3954,-127,191,-164,361,417,0
2687329,839,839,612,50,6488,5068,-3069,-3947,520,-104,127,418,448,0
2690663,840,840,143,106,7613,5110,-3429,-3898,-752,-258,-399,443,445,0
2694002,842,842,162,275,3449,4504,-3395,-3799,-63,-58,-390,442,436,0
2697332,843,843,331,1137,2103,4684,-2631,-3702,845,129,136,433,390,0
2700666,845,844,406,912,4982,5876,-2260,-3590,19,-126,102,429,402,0
2704002,846,845,481,725,4658,6567,-2566,-3466,-191,30,-142,409,412,0
2707335,847,847,293,50,3226,6748,-2808,-3367,-195,45,-285,419,432,0
2710670,849,848,0,0,2111,6903,-3192,-3305,-344,-275,-57,438,439,0
2714026,850,850,0,0,166,6880,-2999,-3239,-289,-112,-53,416,428,0
2717338,851,851,0,0,37,6433,-2550,-3160,-494,13,39,418,428,0
2720674,853,853,0,143,-36,5966,-2365,-3083,197,-234,68,427,407,0
2724030,854,854,0,0,-526,5028,-2102,-2999,-15,-56,-62,401,421,0
2727342,855,855,237,0,-1007,4739,-2027,-2905,234,139,232,386,399,0
2730676,856,856,518,331,-2,4906,-1887,-2799,386,16,73,371,381,0
2734034,858,858,575,106,1349,5734,-1073,-2682,-186,-151,105,352,377,0
2737345,859,859,762,237,-544,5032,-1886,-2607,-346,-706,636,342,370,0
2740679,860,860,1400,518,-4280,1765,-2065,-2553,-323,-828,521,324,355,0
2744066,861,861,1812,1287,-5666,-1793,-394,-2433,140,-510,-22,322,350,0
2747349,862,862,1493,1306,-4927,-5927,-612,-2327,-169,-407,162,339,349,0
2750683,863,863,1006,1381,-6319,-8738,-191,-2201,-215,-377,318,365,345,0
2754039,864,864,500,1231,-8088,-11136,367,-2040,341,78,-17,392,353,0
2757352,865,866,575,781,-8012,-12039,-130,-1896,182,413,70,388,361,0
2760686,867,867,556,350,-6312,-11119,-80,-1768,140,-28,163,389,384,0
2764039,868,868,481,537,-5207,-10663,109,-1682,112,-73,94,393,390,0
2767355,869,869,556,481,-3190,-11126,-57,-1586,427,-270,297,389,393,0
2770689,870,871,293,443,-2928,-12292,-97,-1521,1194,352,257,403,395,0
2774039,872,872,0,106,1321,-12545,-169,-1513,1031,687,824,405,397,0
2777358,873,873,200,0,7043,-9468,401,-1507,731,617,649,372,389,0
2780693,874,874,612,143,8405,-7444,715,-1485,543,555,458,350,375,0
2784039,875,876,1381,143,8825,-4354,1738,-1422,672,759,880,309,359,0
2787362,876,877,1643,31,11719,-649,2702,-1270,1263,387,509,295,365,0
2790695,877,878,1343,0,16869,1355,2877,-1097,-395,643,-101,311,368,0
2794039,878,879,1137,312,16409,3748,2828,-913,-452,653,-122,338,366,0
2797364,879,880,1043,293,13896,6386,1818,-749,216,109,149,343,367,0
2800699,880,882,1381,368,13863,6951,1982,-581,-550,-85,-1,325,363,0
2804040,881,883,612,350,11113,5375,1607,-448,-37,24,201,366,348,0
2807368,882,884,687,1456,10463,4910,1283,-338,-826,106,-264,382,309,0
2810702,883,885,368,1775,6401,5874,1993,-195,-1131,-160,-34,399,308,0
2814040,885,886,0,1493,1304,4460,2444,-31,97,-192,419,407,307,0
2817370,886,886,0,1775,-1554,3028,3239,169,-186,122,97,409,308,0
2820705,887,887,106,1643,-3064,2626,3510,372,-886,10,90,397,315,0
2824061,888,888,556,1868,-6779,1781,3718,568,-505,54,-49,389,319,0
2827374,890,889,50,1775,-11238,1172,3861,763,-226,40,-79,400,324,0
2830708,891,890,87,1287,-12311,1379,3933,951,662,-98,90,398,350,0
2834064,892,892,275,406,-10177,2006,4133,1144,93,-61,-125,388,381,0
2837377,894,893,0,0,-9212,2609,4460,1342,-532,-161,-83,409,410,0
2840712,895,894,0,0,-10903,1934,4539,1518,-231,71,7,390,391,0
2844065,896,896,125,0,-13051,810,4902,1730,-147,-370,-19,376,390,0
2847381,897,897,481,87,-13922,653,5147,1955,338,-122,9,357,378,0
2850715,898,898,800,368,-12520,-98,5033,2125,1017,-90,655,340,363,0
2854065,899,899,1400,537,-8624,-1172,5107,2303,855,119,896,308,354,0
2857383,900,900,2075,575,-1770,-2386,4542,2451,1038,-11,600,272,352,0
2860718,901,901,2131,443,2547,-3594,4485,2580,887,-30,689,269,359,0
2864065,902,903,1887,0,7388,-4008,4409,2722,245,-37,91,282,374,0
2867387,902,904,1793,0,8767,-4783,4365,2861,104,6,31,303,367,0
2870721,904,905,1437,406,9931,-5520,4558,3000,-98,84,-292,342,365,0
2874066,905,906,481,406,8984,-5844,4601,3145,101,81,-268,393,381,0
2877390,906,907,575,537,8190,-5475,4271,3282,212,192,-117,388,374,0
2880724,907,909,462,312,10507,-5071,4035,3413,673,84,40,394,386,0
2884066,909,910,12,481,13179,-5805,4461,3540,68,160,162,402,361,0
2887393,910,911,125,837,12957,-4954,4099,3646,-623,774,22,396,342,0
2890727,911,912,350,1081,10985,-2039,3632,3705,-865,728,357,384,329,0
2894066,912,913,387,1662,6197,1630,2858,3710,-985,540,308,398,314,0
2897397,914,914,368,1793,2104,3765,2266,3691,-671,486,103,383,307,0
2900730,915,915,0,1193,-1536,5158,2124,3669,-458,264,286,392,319,0
2904087,916,916,275,1362,-6243,5054,1979,3674,-322,365,159,368,310,0
2907399,917,917,368,743,-7096,5434,2192,3680,470,-23,-19,363,343,0
2910734,918,918,237,293,-4714,5134,2759,3716,354,-484,-552,370,367,0
2914091,919,919,256,87,-5746,4826,3493,3785,113,260,-155,369,378,0
2917402,921,920,87,537,-6243,6789,2490,3801,-33,81,258,362,354,0
2920737,922,921,781,443,-6392,6630,-54,3723,715,-594,422,325,359,0
2924091,922,922,2450,443,-1858,1343,-146,3617,1345,-525,740,268,375,0
2927406,923,924,1700,0,3548,-2902,45,3509,-418,-171,107,292,391,0
2930740,924,925,1756,425,4436,-4992,-662,3372,-429,-182,6,325,380,0
2934091,925,926,968,706,1534,-4256,-61,3249,-139,358,79,367,365,0
2937409,927,927,462,650,1902,-2188,468,3141,155,-348,238,394,368,0
2940744,928,928,443,556,3586,-2160,228,3019,-82,10,145,379,373,0
2944092,929,929,387,931,2943,-3066,957,2910,-198,157,66,382,353,0
2947412,930,930,200,1400,964,-2539,538,2785,-1267,-547,-22,392,328,0
2950746,931,931,537,3162,-1619,-3633,88,2634,-832,-727,211,390,250,0
2954104,933,932,0,3800,-4547,-4461,-399,2461,-1018,-965,546,403,100,0
2957415,934,933,0,0,-5668,-2876,-3015,2209,-342,-733,414,427,852,0
2960750,935,933,0,0,-3754,-1599,-4387,1913,-130,-624,1080,430,851,0
2964092,936,933,0,0,-429,1093,-4576,1628,-724,-208,457,389,852,0
2967418,937,933,1306,3800,-1108,3200,-3677,1373,-392,-149,537,313,90,0
2970753,938,933,2337,3800,-2085,3576,-2900,1144,333,-19,409,274,137,0
2974105,939,934,1887,3800,303,3077,-2893,917,124,-52,55,298,176,0
2977423,940,934,1212,0,1536,2017,-3052,680,103,-34,214,350,862,0
2980780,940,935,1325,0,2331,1061,-3098,439,321,-28,442,344,865,0
2984113,941,936,1175,0,4190,-200,-3825,186,207,-34,254,352,869,0
2987426,942,937,1700,2731,5137,-305,-4027,-65,-37,-48,130,324,349,0
2990783,943,938,1325,2431,4525,411,-4445,-343,-444,60,-40,344,365,0
2994117,945,939,781,1775,1569,1941,-5602,-646,96,85,301,377,420,0
2997428,946,940,350,1812,1734,3315,-6901,-976,357,111,-101,400,418,0
3000787,947,942,406,1306,3749,4203,-7544,-1301,-216,25,183,413,445,0
