Time, Rlegs, Llegs, DCL, DCR, GyroX, GyroY, GyroZ, GyroZAvg, AccelX, AccelY, AccelZ, LBEMF, RBEMF, SteerOut
3165,908,913,950,0,205,-135,-154,-153,-13,-2,225,81,82,0
6507,908,913,950,0,206,-133,-154,-153,-15,-3,229,81,82,0
9822,908,913,950,0,203,-136,-153,-153,-17,0,222,81,82,0
13165,908,913,950,0,204,-136,-155,-153,-15,0,224,81,82,0
16507,908,913,950,0,203,-133,-155,-153,-19,-3,223,81,82,0
19825,908,913,950,0,204,-134,-154,-153,-15,0,227,81,82,0
23165,908,913,950,0,203,-132,-159,-154,-13,0,225,81,82,0
26508,908,913,950,0,205,-131,-155,-154,-13,-1,225,81,82,0
29828,908,913,950,0,208,-132,-156,-154,-14,-3,229,81,82,0
33165,908,913,950,0,207,-132,-154,-154,-15,0,223,81,82,0
36508,908,913,950,0,206,-135,-155,-154,-15,0,222,81,82,0
39831,908,913,950,0,205,-134,-152,-154,-16,0,229,81,82,0
43187,908,913,950,0,205,-134,-154,-154,-15,0,227,81,82,0
46508,908,913,950,0,204,-135,-155,-154,-16,-2,225,81,82,0
49835,908,913,950,0,204,-134,-154,-154,-13,-1,222,81,82,0
53190,908,913,950,0,206,-132,-154,-154,-14,-1,226,81,82,0
56508,908,913,950,0,204,-133,-154,-154,-17,0,231,81,82,0
59838,908,913,950,0,204,-134,-153,-154,-17,0,226,81,82,0
63190,908,913,950,0,208,-135,-152,-154,-13,0,225,81,82,0
66509,908,913,950,0,204,-136,-152,-154,-10,0,223,81,82,0
69841,908,913,950,0,205,-134,-154,-154,-13,0,230,81,82,0
73191,908,913,950,0,205,-131,-153,-154,-16,1,229,81,82,0
76510,908,913,950,0,204,-133,-157,-154,-14,1,226,81,82,0
79844,908,913,950,0,205,-130,-155,-153,-12,-3,226,81,82,0
83191,908,913,950,0,205,-131,-155,-153,-16,1,228,81,82,0
86533,908,913,950,0,206,-130,-154,-153,-16,0,224,81,82,0
89847,908,913,950,0,205,-132,-155,-154,-19,0,230,81,82,0
93191,908,913,950,0,207,-133,-152,-154,-14,1,223,81,82,0
96537,908,913,950,0,205,-135,-152,-154,-16,0,226,81,82,0
99850,908,913,950,0,205,-137,-153,-154,-18,1,225,81,82,0
103192,908,913,950,0,205,-135,-154,-154,-16,-1,224,81,82,0
106537,0,0,0,0,204,-136,-154,-154,-16,-1,229,81,82,0
109854,0,0,0,0,203,-135,-154,-154,-14,1,228,81,82,0
113191,0,0,0,0,202,-135,-154,-154,-16,0,226,81,82,0
116537,0,0,0,0,205,-136,-154,-154,-18,1,229,81,82,0
119857,0,0,0,0,202,-133,-153,-154,-13,0,223,81,82,0
123213,0,0,0,0,203,-133,-155,-154,-16,0,230,81,82,0
126538,0,0,0,0,205,-130,-154,-154,-12,-1,226,81,82,0
129861,0,0,0,0,205,-133,-155,-153,-15,1,226,81,82,0
133216,0,0,0,0,206,-133,-153,-153,-12,-3,224,81,82,0
136538,0,0,0,0,206,-131,-154,-153,-12,-4,227,81,82,0
139863,0,0,0,0,205,-133,-154,-153,-13,-3,226,81,82,0
143215,0,0,0,0,206,-131,-154,-153,-11,-1,226,81,82,0
146538,0,0,0,0,204,-134,-152,-153,-11,-1,225,81,82,0
149866,0,0,0,0,206,-137,-150,-153,-15,0,229,81,82,0
153215,0,0,0,0,205,-133,-153,-153,-17,1,227,81,82,0
156538,0,0,0,0,204,-137,-149,-153,-16,1,225,81,82,0
159870,0,0,0,0,204,-135,-153,-153,-14,3,226,81,82,0
163216,0,0,0,0,206,-135,-153,-153,-15,1,227,81,82,0
166539,0,0,0,0,204,-135,-152,-153,-17,0,229,81,82,0
169873,0,0,0,0,202,-135,-155,-153,-16,1,224,81,82,0
173216,0,0,0,0,202,-133,-156,-153,-15,1,224,81,82,0
176542,0,0,0,0,201,-133,-155,-153,-14,0,229,81,82,0
179876,0,0,0,0,204,-133,-155,-153,-12,0,225,81,82,0
183216,0,0,0,0,201,-133,-157,-153,-15,0,226,81,82,0
186545,0,0,0,0,204,-129,-159,-153,-14,-5,226,81,82,0
189879,0,0,0,0,203,-131,-153,-153,-13,-1,228,81,82,0
193216,0,0,0,0,205,-132,-154,-153,-15,2,229,81,82,0
196548,0,0,0,0,204,-135,-151,-153,-13,2,226,81,82,0
199883,0,0,0,0,206,-133,-152,-153,-17,0,225,81,82,0
203220,0,0,3687,3687,205,-133,-152,-153,-16,-1,224,0,0,0
206551,1,0,68,181,160,-189,-136,-153,-110,37,203,193,203,0
209886,1,0,556,800,-214,-245,-64,-150,13,18,242,183,186,0
213244,2,1,556,593,-485,-259,29,-144,-67,-12,257,183,197,0
216554,2,1,668,912,-689,-779,204,-133,-41,45,367,193,196,0
219889,2,2,968,987,-859,-1248,256,-120,-147,10,308,193,192,0
223247,3,2,762,1193,-1336,-1780,385,-103,-7,42,368,204,197,0
226558,3,3,968,1100,-1334,-2408,503,-83,-22,109,393,209,202,0
229892,4,3,818,1231,-1059,-2538,547,-61,43,305,360,217,211,0
233247,5,4,650,1025,-669,-1931,397,-44,-9,316,245,226,222,0
236561,5,4,1100,1193,-107,-479,132,-35,-85,198,327,218,229,0
239895,6,5,368,762,-191,-120,-86,-33,4,345,353,240,235,0
243253,7,6,612,893,-217,215,-214,-34,45,227,194,227,228,0
246565,7,6,1081,856,474,1089,94,-27,119,82,159,218,246,0
249898,8,7,912,593,1172,969,113,-18,76,-5,120,227,260,0
253253,8,8,800,518,1125,743,155,-9,-68,-39,-89,249,264,0
256568,9,9,275,68,747,601,352,6,148,-105,-81,261,272,0
259902,10,10,0,256,1555,304,261,19,165,-30,69,279,278,0
263253,11,10,50,200,2277,-86,293,33,15,61,-38,273,281,0
266571,11,11,425,162,2391,-288,213,44,-21,-35,19,269,283,0
269906,12,12,350,143,2295,-144,107,52,90,-23,-4,273,284,0
273254,13,13,162,181,2646,-58,100,60,64,17,-74,283,282,0
276574,14,14,275,387,3111,191,168,70,-26,37,30,294,288,0
279908,15,15,350,312,2459,280,-3,75,-67,94,32,290,308,0
283254,16,16,162,387,1428,420,-357,69,-105,-48,115,300,288,0
286577,17,16,0,706,402,572,-623,54,-203,10,-39,310,287,0
289911,17,17,518,706,-871,313,-713,37,-480,-183,213,297,287,0
293254,18,18,425,781,-3080,-31,-1101,7,-334,32,50,302,283,0
296580,19,19,237,856,-6008,-541,-1384,-30,-111,-74,133,312,279,0
299915,20,20,68,743,-6748,-763,-1383,-69,380,142,652,321,285,0
303254,21,21,312,706,-5804,-1267,-1371,-107,345,154,646,308,287,0
306583,22,22,443,368,-2487,-88,-1422,-146,289,187,960,301,305,0
309918,23,22,818,875,235,1053,-903,-170,396,11,959,281,294,0
313255,24,23,1306,912,2665,605,-41,-167,35,-267,937,253,290,0
316586,24,24,1831,1212,2944,-390,624,-145,-176,-24,734,241,274,0
319922,25,25,1287,1268,2611,-841,1180,-109,-112,9,598,270,271,0
323279,26,26,1193,1156,2053,-1264,2048,-52,98,55,488,275,277,0
326590,27,26,1081,1231,1894,-2553,2083,4,116,48,260,281,289,0
329924,28,27,1231,1231,2650,-3212,2104,58,76,272,276,289,289,0
333281,28,28,931,687,2979,-2802,2084,107,-57,399,-8,305,318,0
336593,29,29,1025,593,1800,-1258,1475,136,164,80,236,300,323,0
339928,30,30,893,350,2939,-594,1152,160,284,221,71,307,336,0
343312,31,32,950,200,4767,-969,947,186,-392,105,49,322,346,0
346596,32,33,350,0,2634,-951,1106,223,-646,-49,-10,338,352,0
349931,33,34,125,0,143,-1672,1124,265,-95,-144,147,350,341,0
353281,34,35,425,687,-894,-2387,1358,304,307,60,-207,350,320,0
356599,36,36,0,218,973,-1925,1396,344,-57,-61,29,350,329,0
359934,37,37,0,0,922,-1330,1915,399,65,-22,-14,348,341,0
363281,38,38,237,218,1070,-1524,2307,460,95,44,61,344,345,0
366602,39,39,256,200,1424,-1806,2220,521,-110,8,-175,343,346,0
369937,40,40,68,0,767,-1850,2193,581,-20,-61,-25,337,344,0
373282,41,41,312,237,757,-2127,2089,639,47,-66,-132,340,344,0
376606,42,42,162,387,1224,-2304,2141,703,-9,180,69,348,336,0
379941,43,43,0,0,1616,-2079,2260,771,-261,209,-35,344,342,0
383282,44,44,50,218,432,-722,2226,835,-259,224,75,337,328,0
386609,45,45,0,406,-665,520,1868,893,-320,143,85,324,302,0
389943,46,46,68,875,-2123,1629,1591,954,-187,289,158,320,277,0
393282,47,47,331,893,-3202,2773,1446,1019,-347,279,10,306,276,0
396613,48,48,275,968,-5090,4301,1311,1082,-77,229,129,309,272,0
399946,49,48,237,1306,-5289,4898,1240,1155,-220,188,62,311,270,0
403282,50,49,387,950,-5559,5274,1200,1236,-16,41,76,303,289,0
406615,51,50,237,406,-5746,4911,1025,1311,447,-306,30,311,318,0
409950,52,51,218,200,-4877,3700,1584,1404,828,-138,453,312,329,0
413307,53,52,800,12,-362,2923,1729,1502,342,113,381,281,339,0
416618,53,53,1793,406,3250,2831,852,1557,130,98,540,261,335,0
419953,54,54,1287,462,4283,2439,117,1562,379,167,66,288,332,0
423311,55,56,856,50,5911,1995,342,1553,123,152,-180,311,338,0
426622,56,56,631,743,5659,2646,249,1524,-478,-33,125,323,317,0
429956,57,58,406,443,3504,2048,-796,1435,-314,-48,209,335,333,0
433310,58,59,293,293,565,1588,-1018,1338,26,-91,675,341,325,0
436625,59,60,537,331,1076,373,-700,1251,363,-237,566,328,323,0
439959,60,61,481,837,1628,-450,-708,1163,8,-89,390,331,312,0
443316,61,62,331,968,1726,-897,-1409,1073,-1256,-150,225,339,289,0
446629,62,62,162,1287,-4883,-669,-2320,965,-538,-311,93,348,288,0
449962,63,63,275,1287,-7953,-968,-2353,862,275,-278,806,342,288,0
453319,64,64,687,743,-7698,-1455,-2214,758,1081,-87,1099,318,315,0
456631,65,65,1100,312,67,334,-2192,654,230,-153,1034,296,338,0
459967,66,66,1287,293,3374,1178,-1042,579,-224,-219,668,286,339,0
463320,67,67,1325,162,2928,719,-58,534,-189,-265,801,284,346,0
466635,68,68,1137,350,2723,-180,638,494,287,-209,681,294,336,0
469969,69,69,1231,837,4361,-714,909,450,-231,57,294,289,310,0
473320,70,70,931,725,4184,-929,870,408,168,-163,122,305,316,0
476638,71,71,706,443,4763,-2365,1232,378,138,203,349,317,331,0
479972,72,72,1006,462,6150,-2357,1594,362,289,57,38,317,330,0
483320,73,74,331,0,7097,-1930,1644,347,-391,205,-250,337,346,0
486641,74,75,143,0,3961,-1054,926,305,-91,-151,10,349,346,0
489975,75,76,31,0,2476,-1623,867,263,-78,-39,-11,355,341,0
493320,76,77,125,312,1198,-1848,1283,244,514,-219,182,350,324,0
496644,77,78,87,481,2592,-2202,1874,253,-65,-14,-43,352,315,0
499978,78,79,162,331,2504,-1830,2002,271,35,-67,-123,348,323,0
503320,79,80,275,218,2401,-2238,1873,288,-112,-58,-153,342,329,0
506647,80,81,106,0,1395,-2170,1939,310,209,32,-85,351,342,0
509982,81,82,125,0,1801,-2140,1966,334,202,-62,113,350,344,0
513321,83,83,0,0,2264,-1965,2118,368,-359,70,-50,352,343,0
516651,84,84,0,68,1746,-2051,1904,378,-149,141,131,347,337,0
519986,85,85,0,125,860,-1182,1723,378,-323,260,-40,344,334,0
523342,86,86,0,0,60,193,1664,403,-186,209,122,341,331,0
526654,87,87,31,481,-1257,1692,1284,440,-481,230,-50,322,298,0
529988,88,88,368,818,-3868,2637,755,453,-242,259,162,320,280,0
533346,89,89,237,800,-5036,4026,583,463,-210,234,9,311,281,0
536657,90,90,181,856,-5981,5314,488,503,-159,127,131,314,278,0
539992,90,90,725,1175,-6503,5704,449,549,-341,117,-32,301,277,0
543345,91,91,518,1137,-7304,5109,669,592,-310,-503,80,312,279,0
546660,92,92,537,1062,-10847,2131,1242,653,261,-349,246,311,283,0
549994,93,93,612,762,-10161,-862,1736,751,928,156,779,307,299,0
553346,94,94,856,406,-4481,-1730,1827,881,937,493,743,294,318,0
556664,95,95,1493,500,2299,-716,1340,996,304,253,359,277,330,0
559998,96,96,1231,68,3482,108,1269,1105,144,-6,354,275,337,0
563346,97,97,1306,350,3209,97,814,1199,90,278,255,287,338,0
566666,98,98,893,481,3697,-273,510,1247,653,57,269,309,331,0
570001,99,99,556,218,6600,-1072,474,1264,-14,-119,-1,327,329,0
573347,100,100,481,256,6891,-2499,137,1248,-245,-85,-12,331,343,0
576670,101,101,368,518,4362,-2591,-455,1206,-609,-57,92,337,329,0
580004,102,102,293,856,2769,-2279,-785,1154,341,-258,293,341,311,0
583347,103,103,518,668,3253,-2170,-1623,1065,-685,-124,320,329,321,0
586673,104,104,312,950,-849,-2094,-2848,926,-485,-39,258,340,306,0
590007,105,105,481,1193,-4348,-1432,-3540,764,-488,20,-18,331,293,0
593347,106,106,143,1175,-6672,-412,-3961,611,-113,70,455,347,292,0
596676,107,107,518,612,-7956,603,-4546,442,279,0,391,327,322,0
600011,108,108,368,481,-6248,1905,-4333,267,472,673,561,335,329,0
603368,109,109,950,256,-4934,3438,-3984,84,141,-97,697,304,341,0
606679,110,110,1662,256,-2128,3849,-2950,-70,976,-485,1083,266,341,0
610014,110,111,2262,725,2693,2340,-2246,-199,121,-179,932,250,316,0
613371,111,112,1831,893,5674,305,-1875,-318,-207,-9,686,273,307,0
616683,112,113,1550,875,5360,-1149,-1194,-417,-38,-22,553,288,308,0
620017,113,114,1268,687,4483,-3023,-611,-502,-205,-20,250,303,318,0
623372,114,115,893,650,4289,-3984,-434,-575,633,194,197,323,320,0
626686,115,116,631,406,7773,-2798,-504,-645,319,288,-211,339,335,0
630020,116,117,537,162,8728,-686,-685,-718,-288,169,-201,344,348,0
633372,117,118,668,106,6875,-381,-738,-781,-92,-155,38,337,351,0
636689,118,119,537,275,5681,-1173,-500,-821,-73,-66,70,344,342,0
640024,119,120,425,668,5454,-1891,-297,-848,55,-126,38,350,321,0
643372,120,121,312,575,5200,-1646,181,-858,-96,22,-118,356,326,0
646692,122,122,0,556,4316,-1810,211,-865,210,-254,-26,359,327,0
650026,123,123,50,256,4859,-2922,482,-871,-104,13,-125,354,343,0
653373,124,124,68,106,4226,-2740,229,-903,81,239,19,353,351,0
656695,125,126,237,0,3019,-1494,-183,-963,97,263,115,344,351,0
660030,126,127,218,0,3105,-38,-286,-1029,-149,32,131,345,346,0
663373,127,128,0,0,3130,616,-640,-1090,-394,150,56,346,335,0
666698,128,129,0,68,-114,1745,-711,-1152,-276,168,110,346,320,0
670033,129,130,293,443,-1360,2710,-920,-1207,-310,121,-48,324,300,0
673374,130,131,537,593,-3467,4388,-1007,-1254,-86,75,-54,311,292,0
676702,131,131,425,1193,-4703,4475,-1070,-1302,-644,-196,8,317,276,0
680036,132,132,387,1362,-7418,3955,-299,-1316,-352,-174,233,319,267,0
683394,133,133,331,1643,-9400,1578,854,-1275,-129,-203,20,322,252,0
686705,134,134,181,837,-10559,170,1529,-1203,156,37,-5,314,279,0
690064,135,135,500,425,-9683,-415,1829,-1095,114,-101,-141,313,317,0
693397,136,136,106,0,-8634,-248,2498,-928,300,112,127,318,326,0
696709,137,137,162,0,-7520,187,2266,-746,7,96,-33,315,328,0
700066,138,138,331,143,-7099,949,2075,-558,-2,-63,93,323,333,0
703398,139,139,293,31,-7469,638,1411,-371,616,-16,94,325,339,0
706711,140,140,725,50,-4180,55,1499,-189,642,60,486,302,338,0
710069,141,141,425,106,-897,-252,1419,-20,464,249,443,318,335,0
713398,142,142,537,143,1626,-731,647,91,318,-57,387,312,333,0
716714,143,143,781,12,3592,-1311,493,177,759,217,417,315,340,0
720072,143,144,1100,143,7418,-644,521,252,178,79,255,314,349,0
723399,145,145,12,12,7174,-36,-20,288,-662,209,113,340,340,0
726718,146,146,0,275,3191,-415,-803,282,260,-60,292,348,326,0
730076,147,147,162,987,3442,-255,-719,273,-391,-226,131,348,304,0
733427,148,148,406,1268,3038,-190,-1189,252,-454,-159,454,333,287,0
736721,149,149,181,1062,-92,-752,-1534,225,-803,-47,251,329,282,0
740079,150,150,650,1362,-3734,-844,-1791,192,8,-390,260,320,282,0
743399,151,151,500,1193,-6370,-1049,-2537,129,214,181,601,328,291,0
746725,152,152,1231,500,-3895,-154,-2198,69,631,-87,1162,289,312,0
750081,152,153,2018,481,426,336,-1251,25,150,-69,919,263,329,0
753400,153,154,1793,500,2875,-40,405,31,-154,-38,890,275,328,0
756728,154,155,1250,50,2655,234,695,37,72,-79,693,288,336,0
760086,155,156,1418,631,3064,-35,1127,65,-75,32,420,295,321,0
763421,156,157,1100,443,3112,-423,1198,109,259,-31,324,312,331,0
766730,157,158,1137,200,4610,-1470,1356,160,61,116,-8,312,346,0
770091,158,159,743,87,5570,-1650,1483,226,163,193,-49,333,352,0
773421,159,160,818,237,6572,-732,1080,282,-231,165,-66,329,344,0
776734,160,161,500,237,5357,-123,796,336,-278,-335,-3,346,344,0
780090,161,162,275,481,4331,-908,883,395,-306,-96,-291,358,331,0
783424,162,163,181,668,1989,-1686,1363,471,188,-37,4,363,321,0
786738,163,164,237,706,2876,-1553,1796,536,320,-45,28,360,319,0
790090,164,165,275,275,3837,-1433,2282,581,-145,47,4,358,342,0
793425,166,166,125,368,3228,-1900,2258,604,-108,-31,-191,350,337,0
796740,167,167,237,387,2638,-1784,2112,613,-186,122,-292,344,336,0
800091,168,168,218,181,2672,-1516,1915,594,9,-37,105,345,347,0
803425,169,170,0,0,2688,-1439,1815,580,-344,205,119,354,347,0
806743,170,171,0,0,1655,-380,1650,567,48,155,125,353,341,0
810091,171,172,87,0,1994,577,1563,572,-427,281,-46,335,325,0
813425,172,173,162,312,-231,2434,1146,561,-167,134,119,331,307,0
816746,173,174,31,162,-1381,3115,662,537,-398,51,25,322,299,0
820091,174,174,125,593,-2890,4175,437,531,-103,85,130,317,292,0
823426,175,175,350,781,-3415,4947,442,529,-553,-19,37,305,282,0
826750,176,176,331,1231,-5950,4413,1007,544,-629,-223,287,306,258,0
830091,177,177,0,1081,-7950,2479,1536,593,-215,-264,7,324,266,0
833426,178,178,312,687,-10019,-382,2313,690,167,-224,95,307,287,0
836753,179,178,87,537,-9321,-1518,2855,802,423,191,-123,319,311,0
840091,179,179,968,481,-7298,-1229,3172,938,62,179,-89,305,331,0
843426,181,180,350,293,-6759,130,2550,1066,362,-10,207,322,341,0
846757,181,182,1025,87,-4952,234,2607,1203,243,7,423,302,336,0
850113,182,183,912,50,-2828,62,2330,1355,578,2,242,308,338,0
853447,183,184,743,237,1084,-454,1923,1484,236,171,239,317,328,0
856759,184,185,556,237,2281,-369,1584,1573,143,-105,292,327,328,0
860116,185,186,781,31,4154,-852,1216,1598,538,66,424,315,339,0
863450,186,187,481,0,6886,-503,1311,1617,-105,-60,255,331,341,0
866762,187,188,312,125,5634,-462,1017,1614,-239,80,120,340,334,0
870117,188,189,256,462,2664,-410,383,1588,52,-3,284,343,316,0
873450,189,190,331,875,3348,-326,136,1550,-214,-317,365,339,294,0
876767,190,191,368,856,2254,-402,-437,1490,-976,-133,335,335,293,0
880117,191,192,387,1081,-2847,-775,-978,1426,-472,-196,364,334,281,0
883451,193,192,12,1212,-7216,21,-1581,1352,351,41,501,338,290,0
886769,193,193,893,1006,-5248,1188,-1865,1266,257,-27,783,307,301,0
890117,194,194,1400,443,-2021,2286,-1629,1172,402,-83,932,280,331,0
893452,195,195,1718,293,1776,1242,-175,1111,62,-233,1048,263,339,0
896772,196,197,1568,125,3420,451,706,1061,160,-282,842,271,348,0
900117,197,198,1193,256,4411,-452,751,1014,-284,-59,605,291,325,0
903452,198,199,1137,106,3282,-898,760,972,62,-152,346,294,333,0
906775,199,200,762,68,3317,-1980,496,928,86,91,236,314,335,0
910117,200,201,1043,331,4673,-2592,691,893,263,150,260,349,371,0
913452,201,202,650,125,6537,-1952,664,862,-67,235,-265,370,382,0
916778,202,203,293,106,5740,-729,357,824,-97,16,46,389,383,0
920118,203,204,181,331,5219,-725,70,790,-164,-278,-67,395,371,0
923452,205,206,143,331,2987,-1730,365,781,-334,-111,-74,381,355,0
926782,206,207,0,406,1546,-2117,927,797,424,-164,109,393,351,0
930139,207,208,368,537,2940,-2290,1420,827,-28,-37,-89,385,360,0
933474,208,209,50,0,3622,-2624,1844,853,-191,155,-127,386,377,0
936785,210,210,162,0,2809,-2899,1555,854,-64,84,-303,380,375,0
940142,211,212,237,68,1669,-2496,1217,820,-362,184,-44,376,369,0
943504,212,213,0,0,960,-1152,987,761,-2,171,247,381,368,0
946789,213,214,0,0,2152,-207,854,689,-408,210,-18,370,355,0
950142,214,215,0,12,559,967,651,629,-328,227,123,360,339,0
953476,215,216,50,443,-1234,2071,252,556,-289,150,33,353,316,0
956791,216,217,275,612,-2449,3104,180,489,-396,192,14,341,307,0
960143,218,218,256,818,-3234,3983,32,430,-240,122,108,326,296,0
963476,219,219,106,837,-4434,4930,-116,376,-204,182,-40,334,295,0
966794,219,220,781,893,-4949,5123,52,340,-152,-34,8,314,292,0
970143,221,221,237,818,-5465,4806,396,311,-217,-277,-124,327,296,0
973477,221,222,425,293,-7582,2405,833,306,251,-285,46,333,324,0
976798,223,223,387,200,-7167,1025,1663,346,236,289,58,335,329,0
980144,224,224,631,350,-5530,1351,1250,381,-96,-50,-34,323,338,0
983478,225,225,425,293,-5334,2124,962,424,301,111,98,334,341,0
986802,226,226,743,218,-4032,2430,1007,486,412,-97,186,333,345,0
990144,227,227,125,218,-1999,2316,1239,574,154,209,221,350,345,0
993477,228,228,218,200,-18,2597,395,645,496,116,478,345,346,0
996804,229,229,312,237,1575,2779,259,704,153,-57,267,340,344,0
1000144,230,230,237,256,3184,2394,521,726,-111,-270,435,344,343,0
1003477,231,231,256,350,1236,875,116,707,-135,-213,408,343,338,0
1006807,232,232,218,668,-717,272,-236,676,232,-145,501,345,321,0
1010165,233,233,425,1175,-396,-83,-393,640,-197,-307,587,334,294,0
1013477,234,234,481,1193,-1536,-1336,-265,617,168,-258,940,331,293,0
1016810,235,235,800,875,-177,-1516,-103,592,223,-431,790,312,308,0
1020169,236,236,1006,725,831,-1657,-75,569,287,-366,958,301,316,0
1023502,237,237,987,725,1794,-2546,1234,596,-8,-107,647,302,316,0
1026814,238,238,1456,668,1629,-2332,1567,643,275,-104,742,277,319,0
1030168,238,239,1475,575,2820,-2139,2566,712,-3,-82,539,292,324,0
1033505,239,240,1193,593,3630,-2437,2962,775,81,-1,329,307,323,0
1036817,240,241,968,368,4204,-2706,3511,841,31,124,200,319,335,0
1040169,241,242,781,368,4733,-2891,3597,895,-14,-50,168,329,335,0
1043509,242,243,912,331,4741,-3019,4030,973,-135,89,134,322,337,0
1046820,243,244,668,200,3712,-2359,3757,1052,-76,150,-49,335,344,0
1050169,245,245,125,218,2355,-1601,2897,1112,-188,147,-165,350,345,0
1053511,246,246,68,143,563,-1516,2985,1178,36,-185,-29,353,349,0
1056823,247,248,12,293,-92,-2098,3195,1258,69,-113,-15,356,341,0
1060170,248,248,31,537,120,-2157,3840,1370,405,-206,102,355,328,0
1063511,249,250,125,181,1825,-2546,4032,1490,-297,15,-160,350,331,0
1066827,250,251,106,200,674,-2561,4133,1619,87,-116,-15,351,330,0
1070170,251,252,143,0,392,-3092,4228,1754,-61,121,-93,349,342,0
1073511,252,253,181,0,-172,-2634,4138,1882,324,-67,77,347,344,0
1076830,253,254,256,0,1180,-2714,4147,1999,-200,-32,31,343,345,0
1080170,254,255,181,0,837,-2388,4093,2101,-155,32,150,347,342,0
1083512,255,256,162,87,-215,-1533,3744,2166,-58,243,164,348,336,0
1086834,257,257,125,0,-827,54,3612,2240,-382,296,-25,333,326,0
1090192,257,258,218,518,-1752,1103,3080,2306,-382,79,90,328,296,0
1093511,258,259,425,856,-4120,2542,2457,2351,-351,286,80,317,278,0
1096836,259,260,650,762,-5189,3769,1974,2374,-226,173,80,305,283,0
1100192,260,260,612,968,-5860,4847,1712,2416,-64,94,16,307,288,0
1103512,261,261,725,818,-5494,4706,1033,2440,353,-59,357,301,296,0
1106840,262,262,875,481,-2943,4474,1207,2461,511,43,392,293,314,0
1110195,263,263,1381,350,831,3358,1180,2494,612,-63,472,266,321,0
1113513,264,264,1456,218,4439,2274,1367,2545,-215,174,515,262,328,0
1116842,264,265,1418,312,4890,1370,1207,2595,-360,-24,332,264,307,0
1120224,265,266,1868,1250,3118,-1198,839,2629,-287,48,253,273,290,0
1123512,266,267,1212,781,1911,-1922,164,2637,106,244,327,292,299,0
1126846,267,268,743,368,2234,-1549,-278,2631,609,283,147,317,321,0
1130196,268,269,650,518,3482,-1126,-665,2572,-40,-13,195,338,329,0
1133538,269,270,106,237,3834,-1006,-654,2502,-342,207,115,351,328,0
1136849,270,271,237,256,2253,-764,-624,2403,-276,-55,98,344,327,0
1140196,271,272,500,668,789,-1416,-1144,2274,233,-175,173,346,321,0
1143539,272,273,443,743,186,-1399,-1384,2121,-209,0,159,349,317,0
1146853,273,274,125,537,-688,-1438,-1721,1955,-107,-110,138,350,312,0
1150196,275,275,162,781,-2816,-1912,-2547,1750,-121,-27,23,348,315,0
1153539,276,276,293,725,-4326,-1785,-2862,1543,10,71,492,341,318,0
1156855,277,277,181,743,-3955,-619,-2787,1365,50,62,208,345,315,0
1160196,278,278,500,687,-3629,1549,-2266,1201,-161,291,289,328,318,0
1163538,279,279,275,518,-6098,3283,-2555,1021,133,299,273,340,327,0
1166858,280,280,931,593,-5528,4830,-2697,817,751,-160,1110,305,323,0
1170196,281,281,1718,612,-1083,4173,-1655,639,380,-343,935,263,322,0
1173539,281,282,2356,818,4529,2471,-1266,471,251,-360,934,245,311,0
1176862,282,283,1700,987,6251,525,-695,317,-410,-229,715,280,302,0
1180218,283,284,1381,800,6062,-2341,52,189,-354,-109,473,297,312,0
1183539,284,285,1025,743,3638,-4207,195,66,64,106,321,316,315,0
1186865,285,286,687,631,3712,-4907,284,-52,343,477,32,334,321,0
1190222,286,287,518,368,4959,-2457,448,-155,50,351,-60,345,337,0
1193541,287,288,725,200,6276,-658,217,-262,-30,338,-79,334,346,0
1196868,288,289,631,162,5981,-55,-55,-359,-48,15,156,339,348,0
1200222,289,290,500,368,6021,-879,22,-436,-278,-226,-136,346,337,0
1203540,290,291,406,650,4061,-1417,399,-485,-133,-292,37,351,322,0
1206871,291,292,425,743,2857,-2120,620,-519,268,-130,-24,350,317,0
1210222,292,293,368,500,3277,-2857,663,-530,190,-123,-66,353,330,0
1213565,294,294,87,256,3965,-3375,883,-541,-121,64,-60,352,343,0
1216875,295,295,12,125,2935,-2494,958,-548,-131,283,-39,356,350,0
1220223,296,296,237,87,2195,-683,55,-589,171,43,126,344,352,0
1223568,297,297,181,106,2216,-135,-135,-630,-421,82,83,347,351,0
1226878,298,299,0,0,578,797,-465,-671,-138,71,219,351,345,0
1230223,299,300,0,31,-757,1998,-805,-702,-182,166,-9,346,322,0
1233568,300,301,275,12,-2544,3446,-905,-721,-144,7,45,325,323,0
1236881,301,302,443,668,-3196,4034,-1098,-735,-328,168,-56,316,304,0
1240223,302,302,331,800,-5384,5192,-1461,-760,-25,52,110,322,297,0
1243569,303,303,125,706,-5296,5403,-1326,-782,-318,-110,45,317,286,0
1246884,304,304,125,1231,-6279,4920,-575,-764,-478,-321,107,317,258,0
1250223,305,305,218,893,-9100,1779,455,-707,-325,-294,15,312,276,0
1253569,306,306,181,687,-10608,-493,1575,-604,316,36,187,314,287,0
1256887,307,307,218,706,-9319,-904,1831,-467,202,125,-146,312,302,0
1260246,308,308,181,50,-7458,44,1392,-334,634,160,398,314,321,0
1263569,309,309,575,106,-5107,666,1337,-205,549,22,297,310,335,0
1266890,309,310,1081,0,-2738,399,1185,-97,138,127,505,299,343,0
1270246,310,311,856,12,436,664,1017,14,365,126,99,311,340,0
1273569,311,312,781,68,1670,514,426,111,289,23,121,315,337,0
1276894,312,313,593,200,2972,411,285,172,448,-151,147,325,330,0
1280246,313,314,575,143,4947,-547,214,218,181,68,255,326,333,0
1283569,314,315,481,68,5977,-478,469,254,-322,70,279,331,337,0
1286897,315,316,237,50,5165,-545,-175,247,-146,76,146,344,338,0
1290247,317,317,0,725,3397,-670,-544,224,-22,-38,394,347,302,0
1293570,318,318,12,1025,2966,-628,-986,185,-769,-255,479,340,286,0
1296900,319,319,162,912,197,-1331,-1280,131,-651,-143,184,332,292,0
1300247,320,320,125,1043,-4868,-1637,-2219,54,-456,-192,282,332,283,0
1303571,321,320,181,1062,-6753,-1367,-2428,-19,413,-101,554,329,298,0
1306904,322,322,987,837,-5077,-1419,-2082,-85,755,-92,1182,302,310,0
1310247,322,322,1493,350,998,-79,-1587,-147,458,-76,958,275,336,0
1313572,323,324,1475,68,3641,-3,-654,-186,-299,-18,917,276,335,0
1316906,324,325,1325,200,2979,252,639,-187,-164,-55,777,284,344,0
1320247,325,326,1100,181,2395,390,875,-187,-4,-113,571,296,329,0
1323576,326,327,968,162,2928,210,1268,-178,311,-169,516,303,330,0
1326910,327,328,800,0,4526,-601,1022,-147,16,191,97,312,339,0
1330279,328,329,818,500,5641,-1112,1245,-104,295,134,74,329,330,0
1333579,329,330,312,0,6740,-565,1234,-51,-346,129,-322,340,349,0
1336913,330,331,237,0,5487,101,1008,4,-333,-168,-279,344,349,0
1340248,331,332,368,237,3158,-753,918,61,-335,18,-79,353,344,0
1343582,332,333,0,218,1593,-1132,1056,129,6,44,137,357,329,0
1346917,333,334,50,462,1980,-1124,1522,222,332,-34,83,354,316,0
1350274,334,335,425,612,3469,-680,2025,327,-235,-33,-77,350,324,0
1353585,335,336,500,481,3006,-1065,1978,406,-114,2,-137,346,331,0
1356919,337,337,237,50,1924,-1294,2018,455,-144,126,-195,344,338,0
1360275,338,338,218,293,1959,-1128,1829,463,121,-9,-50,345,341,0
1363588,339,339,125,350,2614,-1285,1904,465,-141,32,12,350,338,0
1366922,340,340,0,50,2485,-1363,1964,483,17,31,141,348,337,0
1370281,341,342,0,0,2768,-842,1918,502,-311,223,-42,348,333,0
1373591,342,343,0,0,1578,655,1893,524,-228,50,120,342,334,0
1376926,343,344,0,293,632,1454,1587,541,-463,134,25,325,308,0
1380282,344,344,12,687,-1761,2749,1139,564,-339,184,149,323,287,0
1383594,345,345,275,1193,-2814,3260,1356,597,-848,130,126,309,260,0
1386929,346,346,275,1381,-6228,3271,1551,639,-381,-157,220,309,250,0
1390282,347,347,406,1287,-9115,1400,2229,694,-373,-51,153,302,255,0
1393598,348,347,293,1418,-9956,152,2581,780,45,58,178,308,264,0
1396932,349,348,406,781,-9836,-504,2380,871,284,-47,-22,318,298,0
1400282,350,349,237,406,-8927,-688,2843,991,453,-15,118,311,318,0
1403601,351,350,556,443,-6336,-797,2629,1113,422,74,378,311,333,0
1406936,351,351,1175,425,-2832,-533,2608,1264,103,67,475,294,334,0
1410282,352,352,1343,200,-907,-386,1919,1400,377,117,119,285,346,0
1413604,353,353,968,406,1055,-817,1819,1522,303,-175,-93,305,335,0
1416938,354,354,818,762,2707,-1103,1779,1627,389,-30,73,313,316,0
1420282,355,356,650,31,5132,-1328,1161,1684,112,25,139,322,339,0
1423608,356,356,481,537,6032,-838,1049,1697,151,8,167,331,328,0
1426942,357,358,462,0,6056,-952,658,1690,-457,-83,323,332,343,0
1430282,358,359,200,331,3450,-813,149,1655,191,159,348,346,323,0
1433610,359,360,387,575,4421,-655,-372,1611,-329,35,309,336,310,0
1436945,360,361,425,1025,4072,185,-491,1557,-1177,-9,475,334,302,0
1440283,361,362,406,1006,-2261,761,-2585,1438,-704,-292,175,333,285,0
1443614,362,362,293,1231,-6976,601,-2390,1332,47,-16,539,339,289,0
1446948,363,363,425,1156,-6889,1034,-2405,1228,126,119,570,332,293,0
1450283,364,364,856,462,-5784,3165,-2978,1102,42,-103,391,309,330,0
1453617,365,365,1418,387,-4250,3623,-2548,974,222,-171,820,279,334,0
1456951,366,366,1756,237,-1580,2446,-1630,860,695,-400,1109,261,342,0
1460309,367,367,1606,387,4150,344,-947,769,282,-202,745,269,334,0
1463620,368,368,1437,631,5484,-825,-731,683,-487,-67,492,278,321,0
1466955,368,369,1437,743,4647,-1425,-579,608,-342,-53,268,294,315,0
1470309,369,370,1006,368,2763,-2961,-325,538,216,-9,295,317,335,0
1473624,370,371,781,425,4267,-3780,11,477,201,155,152,331,334,0
1476958,371,372,706,312,6258,-2984,-28,416,345,180,-223,335,340,0
1480310,372,374,556,0,6776,-1090,-395,345,-262,181,-108,343,346,0
1483626,374,375,537,0,5380,-393,-651,275,-10,-269,18,344,351,0
1486961,375,376,87,12,5204,-1321,-511,223,-100,-140,-121,352,340,0
1490309,376,377,31,443,3699,-2296,188,187,230,-130,38,355,317,0
1493630,377,378,50,200,4194,-2526,491,154,-103,-47,-82,354,330,0
1496964,378,379,68,106,3917,-2597,547,101,131,-241,-1,353,335,0
1500310,379,380,162,0,4012,-3593,645,40,-186,175,-137,348,343,0
1503633,380,381,162,0,2565,-2731,350,-22,79,157,-23,348,347,0
1506967,381,382,162,0,2308,-1643,-59,-113,-49,102,133,348,347,0
1510311,382,383,0,0,2132,-77,-232,-202,-498,144,24,346,345,0
1513636,383,384,50,0,938,653,-623,-303,-280,113,88,337,335,0
1516971,384,385,237,0,-1098,1821,-762,-387,-410,226,21,327,324,0
1520311,385,386,218,350,-3091,3240,-972,-474,-126,111,-10,328,305,0
1523639,386,387,518,481,-4092,4110,-1023,-562,-328,137,-74,312,298,0
1526974,387,388,406,612,-5438,4510,-1293,-638,-130,61,45,318,291,0
1530311,388,389,575,987,-6529,5159,-953,-701,-224,-116,40,309,271,0
1533643,389,389,443,1156,-7083,4517,-234,-729,-438,-233,25,316,278,0
1536977,390,390,500,1306,-9223,2746,544,-716,-108,-250,79,313,270,0
1540334,391,391,387,687,-10436,-19,1574,-656,231,-124,98,319,303,0
1543646,392,392,875,837,-9397,-96,1646,-589,101,213,-19,310,312,0
1546980,393,393,425,293,-7659,111,1182,-471,725,20,490,318,325,0
1550338,394,394,1062,387,-2586,739,1337,-355,454,111,387,300,336,0
1553649,395,395,1025,425,-568,642,1036,-247,-239,29,278,302,334,0
1556983,396,396,575,0,369,942,367,-143,439,21,222,310,345,0
1560339,397,397,818,350,2702,617,74,-61,384,38,184,313,338,0
1563652,398,398,612,443,4825,837,-69,-12,162,-95,220,324,333,0
1566987,399,400,425,500,6488,179,381,29,-354,-104,311,334,330,0
1570344,400,400,181,425,4472,-715,10,52,-161,16,220,347,334,0
1573655,401,402,200,162,2909,-981,-971,40,154,137,134,346,332,0
1576990,402,402,443,987,2034,-567,-1053,17,-106,-254,358,333,304,0
1580348,403,403,237,1043,1747,-1538,-1664,-35,-664,-255,490,342,299,0
1583658,404,404,406,1043,-2080,-2243,-2289,-105,-469,-65,345,333,299,0
1586993,405,405,387,1381,-5194,-2174,-2886,-183,-376,342,-175,334,281,0
1590347,406,406,368,968,-7608,-1449,-3068,-259,832,-141,788,335,303,0
1593662,407,407,968,668,-3179,-1223,-2532,-322,680,0,863,303,319,0
1596996,408,408,1418,425,1586,119,-1723,-381,339,12,976,279,332,0
1600347,409,409,1418,293,3878,781,-383,-409,-346,-38,633,279,339,0
1603665,409,410,1587,331,2350,1070,488,-411,-46,-159,685,286,337,0
1607000,410,411,1418,481,1945,1023,678,-410,61,3,547,295,329,0
1610348,411,412,1437,575,3132,103,908,-392,296,-101,319,294,324,0
1613668,412,413,1850,1343,4847,-944,907,-362,140,209,177,322,333,0
1617002,413,414,1250,650,6540,-1624,1018,-323,90,114,-133,354,370,0
1620349,414,416,818,143,7631,-1229,1107,-269,-456,222,-140,377,381,0
1623671,416,417,462,50,5775,-976,861,-218,-377,-301,-123,380,386,0
1627006,417,418,275,425,3379,-1869,793,-163,-344,15,-187,390,366,0
1630349,418,419,106,556,1665,-1765,1127,-96,160,67,54,399,359,0
1633674,419,420,218,650,2511,-1138,1453,-10,437,-133,74,393,354,0
1637009,421,422,200,481,3578,-858,2095,84,-351,-81,-210,378,363,0
1640349,422,423,200,0,2944,-1562,2060,156,109,-155,-85,378,376,0
1643678,423,424,387,68,2817,-2538,2081,204,-256,141,-217,368,369,0
1647012,424,425,162,0,1642,-2256,1778,210,73,-2,119,380,384,0
1650370,426,426,0,0,1674,-1356,1588,209,287,26,239,379,363,0
1653681,427,428,0,0,2538,-253,1513,219,-450,312,20,379,358,0
1657016,428,429,0,218,1757,1347,1282,217,-132,84,150,363,344,0
1660374,429,430,0,650,-148,2075,734,208,-316,277,58,356,305,0
1663684,430,430,237,1137,-1984,3423,591,215,-294,78,206,343,295,0
1667018,431,431,106,1006,-2844,4002,1002,244,-604,-129,136,334,286,0
1670374,432,432,612,1775,-7033,2954,1445,291,-290,-85,199,323,261,0
1673687,433,433,218,1231,-8623,1267,2171,347,-271,-29,95,328,274,0
1677022,434,434,106,1062,-9412,-465,2628,429,325,92,-50,334,283,0
1680374,435,435,237,87,-8882,-1240,2891,550,605,-183,-133,327,335,0
1683691,436,436,125,0,-6911,-1173,3397,689,21,234,22,333,350,0
1687025,437,437,481,50,-6516,100,2884,831,-61,115,40,331,354,0
1690374,438,438,518,68,-6380,193,2453,979,537,12,290,329,353,0
1693694,439,439,462,256,-3353,-564,2150,1136,553,-34,152,332,343,0
1697028,440,440,425,350,9,-1171,2251,1303,384,248,276,334,338,0
1700374,441,441,406,256,2311,-1076,1852,1440,35,190,70,335,343,0
1703697,442,442,443,125,2587,-889,1379,1536,744,151,244,333,350,0
1707031,443,444,425,125,6020,-873,1135,1584,-19,137,185,334,350,0
1710375,444,445,256,0,5906,-188,1231,1607,-229,132,215,343,349,0
1713701,445,446,143,0,3603,-24,605,1605,286,-135,361,349,344,0
1717034,446,447,200,331,3321,7,410,1589,190,-110,285,346,323,0
1720403,447,448,593,1306,3656,-173,263,1569,-277,-55,181,339,285,0
1723704,449,449,12,1081,1266,-640,462,1552,-704,-62,446,338,281,0
1727038,450,449,593,1531,-2397,1038,-103,1514,-193,-61,569,323,273,0
1730375,450,450,1343,1325,-4370,2668,-223,1480,-184,-251,690,299,300,0
1733706,451,451,1493,818,-4127,2350,-1,1455,145,-304,1043,275,311,0
1737041,452,452,1925,593,-1086,489,1058,1453,685,-165,1030,252,323,0
1740397,453,453,2000,968,3429,-1070,1664,1460,-86,-4,811,264,319,0
1743710,454,454,1381,631,4533,-1844,2029,1458,-154,-33,503,281,321,0
1747044,455,455,1343,312,3584,-2935,1313,1434,-28,-9,321,299,338,0
1750400,456,456,912,481,2784,-3368,1013,1401,151,152,200,322,345,0
1753714,457,457,631,406,3500,-3085,784,1370,69,395,-62,339,351,0
1757048,458,458,743,0,4045,-1244,414,1333,369,152,73,333,359,0
1760401,459,460,575,143,5332,-690,392,1298,-150,20,-9,342,349,0
1763716,460,461,481,106,5349,-348,383,1270,-57,-402,-45,347,351,0
1767051,461,462,0,218,3882,-1613,442,1261,-390,-199,-475,357,329,0
1770400,462,463,218,593,852,-2299,883,1270,410,-179,-51,361,325,0
1773719,463,464,237,387,2389,-3004,1239,1277,48,-138,112,360,336,0
1777054,464,465,218,181,3336,-3402,1966,1294,140,4,158,361,347,0
1780401,465,466,387,143,3256,-3322,1773,1281,-121,221,-191,352,349,0
1783723,467,467,481,31,1959,-2195,1157,1235,-98,176,-111,347,355,0
1787057,468,468,200,143,900,-1235,767,1169,40,50,221,346,349,0
1790401,469,469,0,0,1141,-578,682,1084,-446,232,11,348,340,0
1793726,470,470,0,218,-74,854,401,1007,-89,97,184,345,328,0
1797061,471,471,12,237,-1442,2321,17,930,-408,100,-6,339,327,0
1800401,472,472,218,612,-3008,3290,-167,858,-116,137,90,328,307,0
1803729,473,473,0,368,-3570,3993,-378,776,-199,126,23,329,304,0
1807064,474,474,218,481,-4996,4872,-618,699,-10,91,111,312,298,0
1810401,475,475,256,631,-4949,4954,-488,640,-142,53,-66,310,290,0
1813733,476,476,443,443,-5320,5012,-392,593,87,-83,21,300,300,0
1817091,477,477,237,237,-4770,4485,-64,552,231,-119,-123,311,311,0
1820423,477,478,350,143,-4031,3944,409,546,82,34,85,321,316,0
1823735,479,479,275,0,-3250,3824,276,542,-42,147,-52,325,324,0
1827094,479,480,800,387,-3197,4404,-62,532,66,-143,65,314,320,0
1830426,480,481,537,143,-3191,4538,-82,515,148,-32,6,328,333,0
1833738,481,482,650,293,-2243,4304,140,522,162,4,383,322,325,0
1837096,482,483,537,237,-1037,3180,25,530,75,315,296,328,328,0
1840427,483,484,575,87,312,2525,-458,516,610,-205,565,326,336,0
1843742,484,485,893,87,2319,1492,220,490,72,36,556,309,336,0
1847100,485,486,556,0,1763,430,-6,437,-331,-201,497,327,347,0
1850427,486,487,275,181,617,-659,90,377,154,-354,88,342,331,0
1853745,488,488,125,706,849,-683,-1086,302,-279,-197,206,350,303,0
1857104,489,489,12,987,-2108,-1415,-1067,237,94,-496,75,340,288,0
1860427,490,490,237,893,-2624,-2081,-1512,165,243,-424,678,328,293,0
1863748,491,491,200,443,-1370,-1859,-1413,108,229,-223,529,328,315,0
1867107,491,492,1118,87,540,-1243,-842,69,177,-250,709,295,334,0
1870427,492,493,1156,143,1396,-1134,155,62,116,-96,751,293,331,0
1873752,493,494,1100,12,1894,-1002,934,78,165,-150,746,296,338,0
1877110,494,495,1306,200,3147,-701,1933,110,270,-187,547,285,328,0
1880427,495,496,1268,293,4418,-1109,2337,145,131,-44,425,287,323,0
1883754,496,497,968,218,4814,-1510,2600,165,144,-18,237,303,327,0
1887110,497,498,706,143,5153,-2802,2856,198,-41,22,74,317,331,0
1890428,498,499,650,162,5132,-3395,3130,260,157,47,181,320,330,0
1893758,499,500,706,0,5471,-3426,3395,342,-177,113,-175,317,340,0
1897115,500,501,106,0,4272,-3086,3389,427,-46,-86,-23,351,341,0
1900449,501,502,12,87,2917,-3189,3344,519,-117,76,-304,356,336,0
1903762,502,503,162,312,1788,-2798,3194,618,-29,51,97,348,324,0
1907118,503,504,200,537,2043,-2600,3499,733,24,-41,19,346,312,0
1910453,504,505,293,425,2415,-2349,3473,853,-29,1,40,341,318,0
1913764,505,506,143,293,2824,-2768,3642,986,-132,-203,-172,349,325,0
1917118,506,507,462,537,2188,-3628,3891,1123,-489,139,-141,348,328,0
1920453,507,508,143,106,423,-3537,3602,1248,-305,209,-5,349,335,0
1923768,508,509,162,0,-945,-2002,3061,1345,-129,198,175,348,344,0
1927119,510,510,200,518,-393,25,2601,1414,-182,130,137,346,329,0
1930481,511,511,0,87,-1054,895,2161,1473,-656,246,28,346,335,0
1933770,512,512,0,0,-3288,1959,1625,1525,-138,148,163,340,328,0
1937119,513,513,0,68,-4376,3534,946,1558,-199,192,6,329,320,0
1940453,514,514,0,500,-5576,4798,765,1577,-88,61,58,324,297,0
1943774,515,515,312,650,-5787,5037,235,1584,-197,145,74,307,289,0
1947119,516,516,293,631,-6489,5766,-302,1589,112,149,77,308,290,0
1950453,517,517,275,687,-6173,5708,-554,1564,109,-183,235,309,287,0
1953777,517,518,1062,856,-5290,3844,-22,1564,106,-392,607,283,278,0
1957120,518,518,1493,1325,-4467,-547,771,1585,73,-110,756,260,269,0
1960454,519,519,1381,1268,-3387,-2822,949,1649,295,182,597,266,272,0
1963781,520,520,1775,987,-1088,-3558,461,1697,832,157,325,245,287,0
1967120,520,521,2375,743,3445,-3267,1228,1782,636,164,210,246,317,0
1970453,521,522,1175,350,6322,-2711,1030,1858,39,68,128,310,338,0
1973783,522,523,837,331,7314,-2208,-50,1883,-82,-85,82,328,339,0
1977141,523,524,818,312,7020,-3306,-327,1868,-293,103,-127,329,340,0
1980476,524,525,743,293,6322,-2542,458,1853,-349,152,-41,333,341,0
1983786,525,526,481,350,5045,-1911,255,1801,22,-116,214,347,338,0
1987145,526,528,368,50,4240,-1539,-428,1714,-249,122,388,353,338,0
1990479,528,529,125,31,2779,-1272,-994,1602,84,-38,123,350,339,0
1993790,529,530,256,462,2718,-765,-1630,1462,-85,98,222,343,316,0
1997144,530,530,312,987,2846,987,-2620,1282,-721,-68,283,340,304,0
2000479,531,531,331,950,-544,1095,-3233,1075,-855,-27,24,339,306,0
2003793,532,532,143,968,-5056,1495,-3643,855,-362,-65,77,347,303,0
2007145,533,533,50,1156,-8691,2062,-3929,628,-432,169,-182,352,293,0
2010480,534,534,31,987,-10952,2924,-4167,398,241,-12,-41,353,302,0
2013796,535,535,275,781,-11321,2971,-4171,158,429,-6,327,340,313,0
2017145,536,536,743,481,-8640,3664,-4495,-90,1178,-214,1031,315,329,0
2020479,537,537,1643,818,-1772,3314,-3428,-311,571,-327,1018,267,311,0
2023799,537,538,2337,912,3071,1449,-2966,-525,189,-105,1067,246,306,0
2027145,538,539,2225,893,5337,-938,-1577,-687,-161,-38,935,252,307,0
2030480,539,540,1568,856,5204,-1989,-720,-805,-46,-85,607,287,309,0
2033802,540,541,1175,481,4592,-2918,120,-882,466,-6,290,308,329,0
2037146,541,542,800,556,7016,-3251,30,-949,244,255,0,330,327,0
2040480,542,543,556,237,8931,-2401,227,-993,214,151,126,343,344,0
2043806,543,544,856,106,10348,-1428,566,-1005,-103,151,-340,327,351,0
2047146,544,545,350,68,9130,-594,402,-1016,-285,-105,-80,354,353,0
2050481,545,546,275,237,8766,-1453,361,-1012,-334,-137,-171,358,344,0
2053809,546,547,275,500,6284,-1921,500,-987,-140,42,65,358,330,0
2057167,547,548,200,481,5167,-1186,630,-950,268,-157,-54,362,331,0
2060502,549,549,0,331,5701,-1540,610,-930,-619,-162,-136,365,339,0
2063812,550,550,0,331,3775,-1858,454,-940,-122,153,-1,361,339,0
2067171,551,552,106,0,1794,-15,-335,-980,-298,204,-173,351,343,0
2070504,552,553,218,0,664,1812,-570,-1012,-131,-75,168,345,347,0
2073816,553,554,0,0,168,2386,-950,-1080,-416,112,25,342,344,0
2077171,554,555,31,0,-2334,3131,-1057,-1146,-240,15,205,338,335,0
2080504,555,556,0,275,-3051,3381,-732,-1167,-629,-128,48,342,309,0
2083819,556,557,162,781,-6284,2880,172,-1151,-368,-244,100,331,282,0
2087171,557,558,237,950,-8632,123,652,-1145,-462,-140,49,327,273,0
2090505,558,558,181,1175,-10652,-852,1374,-1110,118,-25,101,330,277,0
2093822,559,559,462,931,-10368,-1482,1862,-1039,110,207,11,315,290,0
2097171,560,560,481,556,-9901,-795,1947,-947,94,223,-103,314,310,0
2100504,561,561,762,350,-9345,213,1143,-860,-58,-88,-112,299,321,0
2103825,562,562,312,12,-8962,698,1367,-736,180,-34,116,307,323,0
2107200,563,563,743,650,-7593,53,1089,-601,278,-130,318,317,322,0
2110504,564,564,762,256,-4686,-30,871,-460,404,102,399,300,327,0
2113828,565,565,1006,275,-2385,-170,708,-315,97,-273,378,303,326,0
2117172,565,566,1475,293,653,-1303,694,-163,875,-16,786,294,341,0
2120505,566,567,1118,181,5148,-1442,635,-13,469,214,543,297,331,0
2123831,567,568,650,106,9155,-775,1264,166,228,167,81,322,335,0
2127172,568,569,687,387,10022,-810,568,291,-199,96,355,336,336,0
2130506,569,570,593,481,8173,-658,63,386,-304,18,-81,341,331,0
2133835,570,571,87,200,5699,-215,-846,409,-268,-56,197,352,330,0
2137172,572,572,350,931,3840,-183,-626,412,-207,-173,513,338,307,0
2140506,573,573,350,1025,2319,206,-1705,355,-949,8,577,338,302,0
2143838,573,574,987,1231,-1665,882,-2626,272,-201,-215,469,318,289,0
2147193,574,575,743,1437,-6110,769,-3199,165,-450,-272,150,331,278,0
2150530,576,576,162,1193,-8385,97,-3315,43,-190,314,-131,346,291,0
2153841,577,577,218,743,-11361,13,-4075,-96,670,-321,296,343,315,0
2157197,578,578,931,443,-6156,806,-4061,-234,641,89,878,305,331,0
2160533,578,579,1737,218,-1369,2384,-2847,-338,365,-206,846,278,343,0
2163844,579,580,1925,200,2038,1750,-1870,-416,363,-367,826,268,344,0
2167198,580,581,1850,443,3746,379,-840,-462,-117,-116,891,272,331,0
2170538,581,582,1681,762,4453,-357,-718,-498,-200,2,627,281,314,0
2173848,582,583,1512,668,3849,-1177,6,-488,164,-148,239,290,319,0
2177198,583,584,1212,631,3905,-2727,103,-467,134,137,149,308,323,0
2180539,584,585,912,293,5935,-3324,302,-428,730,13,122,324,341,0
2183851,585,586,668,275,9577,-2568,451,-380,-193,228,-405,337,342,0
2187198,586,587,312,275,8657,-1196,239,-350,-273,27,-97,356,342,0
2190540,587,588,331,275,7224,-1364,-41,-357,-153,-60,-93,355,342,0
2193854,588,589,350,631,6114,-2282,368,-366,79,-4,130,354,323,0
2197198,589,590,331,725,5913,-2224,689,-387,134,-93,-6,355,318,0
2200540,590,591,293,650,5649,-1767,1022,-413,-32,-239,26,357,322,0
2203858,591,592,406,350,5760,-2823,1098,-440,-193,20,-71,351,338,0
2207199,593,593,125,368,3863,-2972,987,-445,-407,298,-68,350,337,0
2210540,594,594,106,293,1574,-1218,376,-476,215,139,177,351,341,0
2213861,595,595,0,50,2211,834,-90,-512,-495,48,11,352,337,0
2217199,596,596,0,106,715,1746,-275,-548,-235,96,84,341,334,0
2220541,597,598,0,0,-1173,2322,-649,-591,-236,179,42,341,334,0
2223864,598,598,68,425,-3394,4069,-672,-633,56,-48,163,336,317,0
2227220,599,600,425,425,-3692,4713,-640,-673,-542,45,-44,317,301,0
2230540,600,600,0,556,-5860,4903,-352,-724,-449,-289,83,324,294,0
2233866,601,601,237,1025,-8734,2972,401,-729,-345,-197,45,311,269,0
2237223,602,602,106,1175,-10362,1373,1457,-685,-204,-209,191,318,261,0
2240541,603,603,350,893,-10692,-209,2304,-587,88,-210,-94,305,276,0
2243870,604,604,406,350,-10323,-1358,3164,-469,287,-5,-32,302,305,0
2247225,605,605,350,106,-9458,-490,2991,-322,290,36,-149,305,318,0
2250541,606,606,762,50,-8841,451,2810,-152,366,56,355,300,338,0
2253873,607,607,800,12,-5936,254,2295,19,590,46,379,314,340,0
2257224,607,608,1043,0,-2551,-430,1778,178,455,-35,377,301,342,0
2260565,608,609,1156,68,-159,-403,1830,363,645,73,419,295,337,0
2263877,609,610,950,181,3104,-764,1380,533,248,-65,347,306,331,0
2267224,610,611,1006,106,4146,-1538,1121,657,677,9,388,303,335,0
2270567,611,612,650,31,7401,-1354,1152,751,313,89,114,322,339,0
2273879,612,613,406,106,9063,-1068,1329,819,-414,-50,38,335,335,0
2277224,613,614,181,87,7129,-1426,380,853,-437,28,25,347,336,0
2280567,614,615,200,312,4620,-1068,99,856,-180,-91,300,346,324,0
2283883,615,616,368,800,4397,-1167,-190,847,-189,-78,211,337,298,0
2287225,616,617,687,725,1124,-970,-1153,801,-958,29,360,318,300,0
2290567,617,618,500,1175,-3019,-24,-2062,723,-701,-61,330,328,276,0
2293886,618,619,200,1287,-7955,846,-2550,636,74,-330,62,344,286,0
2297225,619,620,443,575,-9521,99,-2862,548,391,82,475,331,308,0
2300567,620,621,893,350,-7847,1090,-3372,431,882,-64,594,307,320,0
2303889,621,622,1493,293,-1466,2417,-2218,340,16,-93,850,275,339,0
2307246,622,623,1643,0,1164,2161,-1437,263,332,-338,847,267,343,0
2310567,623,624,1587,181,3243,460,-644,209,183,-120,834,270,329,0
2313892,624,625,1887,275,4492,-944,-218,171,-193,-4,870,270,324,0
2317281,624,626,2581,1606,4150,-1473,2,159,-163,106,346,299,319,0
2320568,626,627,1250,593,3234,-2375,89,165,167,-81,136,338,357,0
2323895,627,628,875,293,4885,-3532,105,177,426,219,2,358,373,0
2327250,628,629,762,687,7257,-2488,34,198,-102,333,-34,380,368,0
2330568,629,630,612,0,8571,-930,-312,209,-146,137,-249,372,389,0
2333898,630,632,275,0,7147,-392,-322,219,-510,-87,-126,390,377,0
2337250,632,633,181,687,5549,-1377,-204,224,-8,-286,-106,395,352,0
2340569,633,634,425,500,4116,-2096,454,225,109,-44,-166,382,362,0
2343903,634,635,0,0,4475,-2019,1102,214,330,-284,185,394,374,0
2347251,635,636,406,350,5277,-3103,1191,180,-275,80,-77,383,370,0
2350594,637,638,0,0,2620,-2880,958,111,-214,414,30,394,374,0
2353905,638,639,0,0,1242,-316,40,18,267,37,-39,377,372,0
2357251,639,640,87,0,1436,933,-87,-71,-393,93,73,367,363,0
2360597,640,641,0,0,182,1874,-489,-158,-263,100,241,363,350,0
2363909,641,642,0,125,-1826,3099,-695,-235,120,108,40,359,333,0
2367251,642,643,68,293,-2910,4286,-562,-310,-95,90,66,352,324,0
2370597,643,644,275,593,-3049,4726,-647,-374,-461,-91,-13,341,308,0
2373911,644,645,350,1100,-5620,4429,170,-403,-517,-132,92,337,281,0
2377251,645,646,331,1362,-8010,2713,813,-414,-169,-254,191,338,267,0
2380597,647,647,106,893,-9371,687,1777,-400,160,-3,-91,334,292,0
2383914,647,648,687,650,-8804,-422,1945,-351,222,34,-32,319,321,0
2387274,649,649,218,0,-7906,-98,2327,-281,190,15,-83,328,343,0
2390597,649,650,893,237,-6475,515,1913,-216,-5,-67,56,325,344,0
2393919,651,651,687,125,-6446,1160,1852,-122,-8,50,22,336,350,0
2397274,652,652,537,162,-6044,1047,1229,-19,426,-75,213,328,348,0
2400597,653,653,331,237,-3245,804,1429,105,261,13,257,339,344,0
2403921,654,654,800,237,-269,252,1018,226,375,111,474,330,344,0
2407275,655,655,425,256,1987,-32,784,356,247,14,165,334,343,0
2410598,656,656,350,293,3793,-158,463,439,372,62,108,338,341,0
2413925,657,657,143,350,4862,-25,443,498,-19,44,73,349,338,0
2417275,658,658,87,162,3571,574,187,524,103,-72,145,352,348,0
2420598,659,660,106,125,1722,528,-276,522,-112,-130,352,351,334,0
2423927,660,660,237,912,1495,724,-282,513,-16,-150,406,344,308,0
2427275,661,661,631,1325,1044,162,-436,497,-335,-260,647,321,284,0
2430598,662,662,725,1268,-297,-554,-161,489,180,-289,838,316,287,0
2433930,663,663,1062,1287,489,-1600,-247,480,-29,-281,843,298,286,0
2437275,664,664,1250,837,800,-2634,320,500,-34,-214,1054,288,310,0
2440599,665,665,1456,762,671,-3154,980,540,147,-87,797,277,314,0
2443934,665,666,1606,818,1490,-2736,1788,603,81,-26,654,285,311,0
2447275,666,667,1287,500,2432,-1929,2505,667,9,90,410,302,328,0
2450603,667,668,1006,387,3358,-1291,2814,720,57,99,397,317,334,0
2453937,668,669,762,218,3612,-691,2756,769,-116,153,172,330,343,0
2457276,669,670,931,68,3652,-551,2596,820,-68,-2,11,321,351,0
2460606,670,671,856,162,3095,-111,2347,892,-110,173,31,327,348,0
2463940,671,672,593,68,2816,473,2014,958,-87,78,38,341,353,0
2467276,672,674,425,0,2417,115,1861,1032,-508,-92,-191,350,346,0
2470609,674,674,0,500,387,-546,2020,1116,181,-311,-94,359,330,0
2473943,675,676,0,537,-679,-1189,2382,1208,66,131,-51,365,328,0
2477301,676,677,0,87,187,-891,2863,1318,283,-104,117,360,336,0
2480612,677,678,68,0,1702,-1222,3371,1418,-193,136,-8,353,344,0
2483946,678,679,143,0,380,-856,3462,1501,13,63,-105,349,348,0
2487304,679,680,275,0,335,-874,3097,1542,-203,11,-182,342,348,0
2490616,680,681,181,0,-29,-752,3098,1578,67,-108,33,347,348,0
2493951,681,682,0,31,816,-1348,3158,1604,218,-39,87,358,339,0
2497307,682,683,0,0,1276,-1013,3379,1650,-26,97,7,345,331,0
2500618,683,684,162,0,1400,-743,3454,1700,-144,208,23,331,328,0
2503953,684,685,162,218,535,313,3493,1771,-244,150,-2,331,312,0
2507310,685,686,293,781,-625,759,3132,1824,-133,150,174,324,282,0
2510622,686,687,593,781,-1728,1894,2985,1885,-200,289,118,308,282,0
2513957,687,688,537,968,-2811,3388,2664,1944,-322,126,145,311,272,0
2517309,688,688,612,1081,-3914,4309,2498,2008,-174,168,102,307,282,0
2520625,689,689,575,1231,-4200,4446,2383,2068,-502,-109,287,309,274,0
2523959,690,690,537,1381,-5599,2540,1715,2116,276,-281,466,311,266,0
2527310,691,691,687,725,-4353,-297,1925,2185,507,-336,335,303,301,0
2530628,692,692,1343,818,-2015,-2774,2933,2285,496,294,502,285,313,0
2533963,693,693,1268,106,3582,-2784,2900,2390,-37,340,154,289,335,0
2537310,694,694,931,481,3819,-2282,2540,2474,89,92,293,307,331,0
2540631,695,695,762,481,2945,-1844,2189,2550,-295,286,94,316,331,0
2543966,695,696,687,0,1908,-275,1076,2574,313,134,283,320,342,0
2547311,697,697,443,350,2739,1042,294,2552,96,54,266,333,338,0
2550634,698,698,368,425,3727,1738,-223,2490,-90,-91,440,337,334,0
2553969,699,699,537,575,3700,1909,-600,2393,-61,-100,141,344,326,0
2557310,700,700,125,612,2703,1477,-1013,2273,-280,-261,210,350,324,0
2560638,701,701,293,1062,853,827,-1947,2126,-704,-217,290,341,300,0
2563972,702,702,387,1175,-3647,53,-2690,1961,-190,-208,311,336,294,0
2567311,703,703,237,950,-4984,-712,-2838,1799,-349,-118,64,342,304,0
2570641,704,704,275,631,-6720,-921,-2998,1642,61,183,289,340,321,0
2573975,705,705,237,500,-6765,1321,-3384,1478,407,178,309,342,328,0
2577312,706,706,875,293,-4758,2817,-3514,1305,521,-351,964,308,339,0
2580644,707,707,1456,68,-806,2529,-1791,1175,346,-206,822,277,351,0
2583979,707,708,1981,125,3687,1497,-1433,1041,277,-365,896,265,348,0
2587337,708,709,1700,443,5498,390,-1042,903,-410,-128,630,280,331,0
2590647,709,710,1400,575,5166,-304,-663,774,-163,-304,346,296,324,0
2593982,710,711,1193,631,3279,-2346,-171,672,258,-181,453,307,321,0
2597337,711,712,818,481,4424,-3757,-9,575,335,142,80,327,329,0
2600650,712,713,706,218,6357,-3416,314,486,174,202,-54,335,345,0
2603986,713,714,593,331,7100,-1801,364,391,-12,218,-363,341,339,0
2607338,714,715,556,406,5606,-678,-39,282,-136,74,-30,343,335,0
2610655,715,717,406,181,5177,-1071,-189,167,3,-201,55,351,347,0
2613988,717,718,387,518,4691,-2138,187,75,-81,82,13,352,329,0
2617338,718,718,125,725,4203,-1956,506,-1,89,-155,-26,350,318,0
2620657,719,720,125,387,4142,-2112,775,-60,-176,-46,-213,350,320,0
2623991,720,721,125,331,3219,-3084,779,-114,-43,-69,-63,350,339,0
2627338,721,722,87,0,2346,-3084,607,-170,-233,294,-31,352,341,0
2630661,722,723,143,0,1021,-1112,141,-219,273,109,157,349,341,0
2633994,723,724,162,31,1684,470,-132,-283,-468,13,18,348,339,0
2637339,724,725,0,0,-130,1272,-521,-391,-338,236,116,345,334,0
2640663,725,726,0,162,-1381,2298,-885,-509,-260,158,98,341,315,0
2643998,726,727,68,256,-2962,3602,-939,-618,-241,70,-105,336,310,0
2647338,727,728,575,481,-4068,4322,-965,-716,-753,23,-46,309,298,0
2650668,728,729,331,912,-6646,3836,-544,-767,-433,-235,17,322,275,0
2654001,729,729,200,1250,-9608,2129,92,-773,-406,-127,141,313,257,0
2657338,730,730,406,1156,-10990,861,1104,-732,-7,-75,68,318,278,0
2660670,731,731,106,762,-10827,-1087,2020,-650,-12,-117,0,318,283,0
2664005,732,732,593,293,-9702,-1242,1915,-559,954,-162,405,292,308,0
2667364,733,733,743,87,-5805,-1165,1880,-439,459,323,403,284,319,0
2670673,734,734,762,0,-2733,-187,1631,-304,265,40,584,283,325,0
2674007,735,735,1475,87,520,-142,1341,-173,-188,-7,89,278,336,0
2677364,735,736,1137,218,1687,-528,493,-64,415,28,101,296,329,0
2680676,736,737,875,350,3133,-830,676,62,119,-78,36,310,322,0
2684011,737,738,893,237,5681,-1404,267,180,93,-73,128,309,328,0
2687367,738,739,593,106,6403,-1631,424,249,165,9,239,325,335,0
2690680,739,740,387,87,7851,-1847,471,309,-160,-159,212,336,336,0
2694014,740,741,200,125,6327,-2015,-78,339,-104,125,171,346,334,0
2697372,741,742,218,293,3829,-1785,-705,337,184,-120,315,345,325,0
2700683,742,743,631,612,3003,-1021,-1426,298,-132,136,349,323,308,0
2704017,743,744,556,837,217,-53,-2979,205,-1030,-150,266,327,296,0
2707403,744,745,668,1081,-4841,434,-3628,82,-383,-168,303,335,297,0
2710686,745,746,331,968,-8856,944,-4104,-57,-463,-62,39,337,287,0
2714021,747,747,200,593,-11062,1367,-4352,-191,290,-8,184,344,307,0
2717376,747,748,500,237,-8642,2265,-4772,-335,740,482,609,344,342,0
2720689,749,749,837,0,-3702,3996,-4242,-473,260,-120,617,310,346,0
2724024,749,750,1418,0,-648,4111,-3179,-588,794,-374,892,279,345,0
2727376,750,751,2056,406,2677,2474,-2641,-695,270,-220,1138,261,333,0
2730692,751,752,1531,668,5785,206,-2164,-787,-230,-67,832,273,303,0
2734026,752,753,1418,537,5109,-711,-1600,-856,-4,-268,500,279,310,0
2737377,753,754,1381,556,3764,-2539,-1086,-894,-135,79,242,297,325,0
2740695,754,755,950,518,4636,-3796,-833,-916,795,205,174,322,329,0
2744030,755,756,331,143,8759,-3099,-703,-922,330,330,-271,339,333,0
2747377,756,757,650,312,10173,-1528,-420,-907,-372,27,-334,338,340,0
2750700,757,758,443,237,6633,-502,-686,-899,-35,-251,-179,349,344,0
2754033,758,759,31,0,6122,-1151,-650,-889,-24,-209,231,355,346,0
2757377,759,760,368,556,6631,-2038,-312,-882,122,-7,15,353,327,0
2760703,760,761,425,762,6044,-1619,87,-882,-136,-24,-39,350,316,0
2764036,761,762,425,668,5117,-1790,-85,-920,74,-318,-129,350,321,0
2767377,762,763,331,387,4846,-3020,-50,-984,-266,88,-14,355,336,0
2770705,763,764,312,181,2622,-2418,-356,-1055,185,356,97,356,347,0
2774039,765,765,350,312,2615,-204,-674,-1135,-219,129,19,354,340,0
2777377,766,766,0,0,2409,987,-868,-1213,-267,19,79,353,340,0
2780708,767,767,0,50,372,1408,-1189,-1292,-481,124,33,346,337,0
2784042,768,768,0,125,-2089,2380,-1236,-1346,-111,80,227,337,317,0
2787399,769,769,218,706,-2711,3324,-1202,-1405,-624,-24,-6,328,302,0
2790711,770,770,0,725,-6627,3187,-422,-1426,-558,-238,229,329,285,0
2794046,771,771,181,1118,-9015,1387,-21,-1440,-509,-174,46,314,264,0
2797402,772,772,0,987,-11532,281,845,-1429,-64,-42,181,326,271,0
2800714,773,773,275,856,-11526,-694,1891,-1367,-184,-36,-201,309,278,0
2804049,773,774,1268,725,-10397,-702,2102,-1279,1280,-708,224,272,301,0
2807403,774,774,2600,162,-7070,-1169,1199,-1197,1482,-1045,585,201,331,0
2810718,774,776,2825,0,-2824,-2548,980,-1074,606,-1169,411,205,341,0
2814052,775,776,3781,406,-1181,-2964,2122,-894,463,-845,224,171,335,0
2817415,775,777,3800,875,81,-2666,3447,-658,54,-665,235,132,310,0
2820722,775,778,0,368,-871,-2893,4833,-371,-226,-438,48,844,337,0
2824055,775,779,0,87,-1718,-2269,5257,-58,354,-363,296,842,352,0
2827403,776,780,0,0,-606,-2361,5719,253,697,-283,90,848,368,0
2830725,776,781,3800,650,3185,-3152,6115,543,135,278,221,216,322,0
2834058,777,782,3031,162,4848,-2065,5686,803,6,404,178,275,348,0
2837403,778,783,2431,68,4793,2,5273,1036,-193,716,403,307,353,0
2840727,779,784,1943,312,4023,2732,4211,1217,-364,326,170,333,340,0
2844062,780,785,1437,331,1801,4565,3522,1361,-164,-23,173,360,339,0
2847403,781,786,1268,575,463,5101,3092,1484,254,-286,-34,369,326,0
2850730,782,787,1062,875,417,4156,4202,1637,-301,-98,116,378,308,0
2854066,784,788,1043,1137,-1020,3577,5196,1813,-580,-18,462,379,294,0
2857403,785,789,462,1212,-3992,3249,5178,1996,89,-128,571,394,290,0
2860734,786,790,462,1118,-4724,1764,5371,2184,179,38,852,394,295,0
2864068,787,791,556,1193,-3591,80,5255,2358,-329,24,428,389,291,0
2867425,789,792,68,1306,-3950,-701,5749,2535,-480,-118,-17,399,285,0
2870737,790,792,0,1568,-7155,-943,5400,2707,671,-345,460,403,287,0
2874072,791,793,425,1287,-5423,-2520,5014,2865,1014,75,1062,380,302,0
2877429,792,794,1475,518,1071,-3935,4622,3020,576,3,517,324,343,0
2880740,793,796,1681,256,7605,-5220,3919,3164,-180,151,-176,313,357,0
2884074,794,797,1775,106,6486,-5719,3346,3296,-137,139,88,310,367,0
2887429,795,798,1456,0,6035,-6906,3244,3434,50,270,177,327,363,0
2890744,796,799,912,0,4388,-6087,3251,3574,666,156,247,356,360,0
2894078,797,800,950,106,6920,-5170,3186,3712,552,88,224,354,351,0
2897428,798,801,1925,125,8930,-4764,3413,3831,223,216,71,302,350,0
2900746,799,802,1925,368,9322,-5318,2529,3911,-96,404,179,302,337,0
2904081,800,803,1812,893,7871,-4425,2062,3949,118,582,624,324,325,0
2907429,801,804,1118,781,8576,-2770,1426,3935,21,384,467,345,315,0
2910750,802,805,931,743,8012,-1065,1083,3903,-422,420,128,355,317,0
2914085,803,806,950,687,5341,683,652,3886,-816,324,193,370,336,0
2917457,805,807,31,481,1901,2929,134,3859,-655,8,-104,386,330,0
2920754,806,808,0,68,-2318,4304,-287,3784,105,-203,188,391,336,0
2924087,807,809,0,218,-2864,4524,878,3704,-402,-133,-254,377,328,0
2927430,808,810,350,350,-4326,4747,1384,3596,-67,-2,-66,353,321,0
2930756,809,811,350,237,-5896,4427,1903,3491,-139,1,-67,353,327,0
2934091,811,812,50,406,-6823,4559,2086,3377,122,77,-73,353,318,0
2937430,812,813,0,537,-6566,4101,2108,3252,87,-49,138,357,311,0
2940760,813,814,31,687,-5898,4040,2271,3146,-43,90,-132,354,303,0
2944118,814,815,256,237,-6081,4611,2895,3071,81,-184,59,342,327,0
2947451,815,816,350,237,-5139,4528,2879,3030,147,11,-151,337,327,0
2950763,816,817,481,181,-4154,5095,2825,3008,-109,62,44,330,330,0
2954121,817,818,781,650,-4520,5582,2899,3002,0,-91,-121,331,322,0
2957454,818,819,518,331,-4694,5931,2911,2961,222,-158,83,345,339,0
2960766,819,820,668,593,-3742,5540,2737,2885,-3,-104,-179,337,325,0
2964124,820,821,575,406,-3968,5591,2819,2811,228,-80,30,342,335,0
2967455,821,822,518,350,-3386,5444,3273,2745,430,-161,108,345,338,0
2970770,822,823,518,368,-1339,4829,3009,2675,193,227,268,345,337,0
2974127,823,824,631,200,836,4397,2672,2579,369,-213,174,339,346,0
2977455,824,826,481,0,2373,3851,2500,2488,342,55,292,347,346,0
2980772,826,827,443,0,4606,2997,2245,2402,317,-259,411,349,343,0
2984131,827,828,350,0,5631,1778,1995,2320,-149,-327,478,338,344,0
2987455,828,829,593,12,5283,410,2010,2260,-679,-427,327,325,340,0
2990775,829,830,368,350,1707,-2542,2743,2241,-392,-234,618,335,320,0
2994133,830,831,612,1175,-508,-4056,2614,2222,443,-340,726,322,276,0
2997455,831,832,650,1343,1119,-5259,2357,2194,-406,-201,446,320,267,0
3000779,832,832,743,1381,234,-6515,2005,2157,-263,-580,181,331,281,0
