Time, Rlegs, Llegs, DCL, DCR, GyroX, GyroY, GyroZ, GyroZAvg, AccelX, AccelY, AccelZ, LBEMF, RBEMF, SteerOut
2161,1212,1214,0,0,208,-127,-157,-157,-22,-13,223,101,102,0
5493,1212,1214,0,0,212,-126,-157,-157,-24,-11,225,101,102,0
8847,1212,1214,0,0,211,-125,-157,-157,-22,-13,227,101,103,0
12181,1212,1214,0,0,210,-124,-160,-157,-26,-14,227,102,102,0
15496,1212,1214,0,0,212,-127,-158,-157,-28,-11,228,101,102,0
18851,1212,1214,0,0,209,-131,-159,-157,-23,-9,229,101,102,0
22185,1212,1214,0,0,209,-128,-158,-157,-26,-15,226,101,102,0
25499,1212,1214,0,0,212,-130,-158,-157,-26,-13,224,101,102,0
28855,1212,1214,0,0,208,-133,-159,-157,-26,-14,230,101,102,0
32185,1212,1214,0,0,209,-127,-157,-157,-25,-9,226,101,102,0
35502,1212,1214,0,0,208,-128,-159,-157,-23,-13,230,101,102,0
38858,1212,1214,0,0,208,-129,-158,-157,-23,-11,226,101,102,0
42186,1212,1214,0,0,208,-128,-157,-157,-23,-14,226,101,102,0
45505,1212,1214,0,0,209,-130,-157,-157,-25,-13,232,101,102,0
48860,1212,1214,0,0,209,-129,-157,-157,-23,-11,231,101,102,0
52186,1212,1214,0,0,208,-134,-157,-157,-22,-13,232,101,102,0
55508,1212,1214,0,0,208,-132,-159,-157,-26,-9,228,101,102,0
58864,1212,1214,0,0,210,-130,-157,-157,-25,-13,232,101,102,0
62186,1212,1214,0,0,212,-128,-157,-157,-23,-13,231,101,102,0
65512,1212,1214,0,0,211,-130,-159,-157,-25,-8,229,101,102,0
68867,1212,1214,0,0,211,-128,-158,-157,-24,-11,225,102,102,0
72186,1212,1214,0,0,208,-128,-158,-157,-26,-11,224,101,102,0
75515,1212,1214,0,0,206,-126,-155,-157,-25,-13,229,101,102,0
78869,1212,1214,0,0,211,-127,-154,-157,-25,-15,227,101,102,0
82186,1212,1214,0,0,212,-131,-154,-157,-25,-10,226,101,102,0
85518,1212,1214,0,0,211,-129,-157,-157,-26,-12,230,101,102,0
88873,1212,1214,0,0,213,-129,-157,-157,-24,-11,227,101,102,0
92208,1212,1214,0,0,211,-129,-157,-157,-20,-15,224,101,102,0
95521,1212,1214,0,0,212,-130,-155,-157,-23,-11,232,101,102,0
98877,1212,1214,0,0,209,-129,-156,-157,-25,-10,226,101,102,0
102486,1212,1214,0,0,210,-128,-158,-157,-25,-10,231,101,102,0
105524,0,0,0,0,212,-128,-159,-157,-23,-10,224,101,102,0
108877,0,0,0,0,212,-127,-159,-157,-24,-12,228,101,102,0
112211,0,0,0,0,210,-128,-160,-157,-21,-12,227,102,102,0
115528,0,0,0,0,209,-130,-159,-157,-23,-16,224,101,102,0
118877,0,0,0,0,209,-131,-158,-157,-26,-11,223,101,102,0
122211,0,0,0,0,209,-130,-158,-157,-24,-10,232,101,102,0
125531,0,0,0,0,208,-132,-158,-157,-23,-11,228,102,102,0
128877,0,0,0,0,206,-128,-159,-157,-22,-14,226,101,102,0
132212,0,0,0,0,208,-131,-158,-157,-23,-14,229,101,102,0
135534,0,0,0,0,204,-130,-158,-157,-24,-11,231,101,102,0
138877,0,0,0,0,207,-130,-157,-157,-23,-11,232,101,102,0
142212,0,0,0,0,209,-129,-158,-157,-23,-12,227,102,102,0
145537,0,0,0,0,207,-128,-157,-157,-22,-12,228,101,102,0
148878,0,0,0,0,209,-128,-157,-157,-21,-14,230,101,102,0
152212,0,0,0,0,212,-124,-156,-157,-25,-13,227,101,102,0
155540,0,0,0,0,213,-127,-159,-157,-21,-14,225,101,102,0
158878,0,0,0,0,210,-128,-160,-157,-23,-14,230,101,102,0
162212,0,0,0,0,210,-127,-157,-157,-22,-13,224,101,102,0
165544,0,0,0,0,209,-130,-156,-157,-22,-16,234,101,102,0
168878,0,0,0,0,210,-130,-157,-157,-20,-13,230,101,102,0
172213,0,0,0,0,210,-127,-161,-157,-25,-10,225,101,102,0
175547,0,0,0,0,210,-129,-157,-157,-27,-11,225,101,102,0
178903,0,0,0,0,211,-129,-156,-157,-29,-11,223,102,102,0
182234,0,0,0,0,211,-126,-155,-157,-21,-12,230,101,102,0
185550,0,0,0,0,209,-130,-155,-157,-23,-10,231,101,102,0
188903,0,0,0,0,212,-130,-157,-157,-23,-15,228,101,102,0
192237,0,0,0,0,208,-127,-158,-157,-23,-15,228,102,102,0
195553,0,0,0,0,209,-127,-156,-157,-24,-13,230,101,102,0
198903,0,0,0,0,211,-128,-158,-157,-26,-14,227,101,102,0
202238,0,0,0,0,210,-126,-157,-157,-23,-11,224,101,102,0
205557,0,0,3387,3368,208,-127,-159,-157,-66,2,209,101,102,0
208906,0,0,1531,1643,78,-203,-137,-157,-238,-139,190,232,226,0
212241,1,1,1006,668,-287,-171,-95,-155,-32,-71,282,260,278,0
215560,2,2,762,725,-277,-219,-123,-153,-65,46,265,289,291,0
218907,2,2,1512,987,23,-247,-26,-149,287,-30,370,281,309,0
222242,3,3,1325,781,1589,-693,77,-142,113,-38,303,291,320,0
225563,4,4,1062,612,2712,-1335,-202,-143,10,-34,298,305,329,0
228907,5,5,800,200,2880,-2396,-466,-153,-370,210,463,310,342,0
232241,6,6,1025,256,1364,-2771,-1121,-183,-116,244,255,298,339,0
235566,6,7,1550,518,394,-2703,-2023,-241,-209,55,405,286,325,0
238907,7,8,1156,818,-673,-2549,-2064,-301,-456,225,119,323,325,0
242242,8,9,631,893,-2995,-1714,-1904,-355,-286,189,205,351,321,0
245569,9,10,368,743,-5265,-1008,-2043,-414,41,253,169,365,329,0
248908,11,11,275,1118,-5320,-1115,-1941,-470,102,145,238,370,325,0
252242,12,12,162,1306,-5296,-1258,-1550,-514,-127,206,179,376,315,0
255573,13,13,518,1475,-6068,-955,-966,-539,189,78,161,382,331,0
258929,14,14,387,1343,-5932,-569,-1129,-569,-209,194,141,405,354,0
262265,15,15,443,1212,-6640,-91,-811,-590,7,180,160,402,361,0
265577,16,16,500,1156,-6881,-68,-335,-595,289,-61,119,415,380,0
268933,18,17,556,912,-6578,-517,52,-589,304,104,-39,412,409,0
272266,19,19,556,275,-4362,107,535,-567,412,214,222,412,427,0
275579,20,20,650,256,-1524,1262,-458,-576,290,183,209,407,428,0
278933,21,21,1100,275,1673,936,-628,-591,572,-181,567,384,428,0
282266,22,23,1681,0,4844,-675,-1239,-625,1121,10,393,353,430,0
285582,24,24,1868,0,9426,-855,-975,-650,213,351,189,343,427,0
288933,25,25,1925,275,12682,-64,-1570,-695,176,-176,252,340,428,0
292266,26,27,1718,0,13734,-1185,-2114,-756,132,-141,128,351,431,0
295585,27,28,1868,406,14302,-2803,-2027,-814,-331,158,270,359,421,0
298934,28,29,1156,687,9959,-2274,-2890,-900,-259,297,185,397,406,0
302297,29,30,1587,2150,7779,-603,-2663,-978,-369,-6,213,405,359,0
305589,31,31,875,2206,6080,-1612,-1673,-1025,-587,64,239,443,356,0
308934,32,32,593,2431,581,-2144,-1510,-1068,-820,232,29,458,360,0
312267,33,33,687,2487,-5227,-1533,-2857,-1152,-711,-115,-8,453,357,0
315592,35,34,350,2150,-9522,-1939,-2217,-1217,-61,-199,266,455,375,0
318934,36,36,443,1756,-11119,-2675,-1301,-1255,-237,-59,-156,466,396,0
322267,38,37,218,1512,-12190,-2752,-877,-1278,-149,-12,-327,462,409,0
325595,39,38,593,1118,-13082,-2530,-1581,-1327,449,-4,-108,458,446,0
328934,41,40,0,0,-12713,-2210,-1546,-1377,98,39,282,464,479,0
332267,42,41,387,68,-10645,-1812,-767,-1395,-34,97,552,428,461,0
335598,43,43,1100,143,-9011,-1540,466,-1366,284,-42,412,406,457,0
338955,44,44,1793,931,-6787,-993,1082,-1297,698,62,422,369,415,0
342268,46,45,1850,1062,-3277,489,1747,-1179,442,275,383,350,408,0
345601,47,47,1962,743,436,2496,2046,-1051,1314,146,543,360,425,0
348959,48,48,1793,387,7313,1942,1584,-942,358,92,-27,369,444,0
352319,49,50,2300,687,10347,1204,1179,-841,45,185,207,383,453,0
355604,50,51,1700,443,11647,1176,1121,-746,40,44,-309,415,466,0
358959,52,52,1118,800,10949,1632,1600,-647,59,-83,-421,446,463,0
362295,53,54,500,275,10272,1613,1920,-557,-16,74,-24,479,475,0
365609,55,56,218,818,11736,763,2197,-453,328,-85,371,494,446,0
368959,56,57,668,950,13052,-315,1885,-369,126,20,-6,470,439,0
372300,58,58,0,1512,12652,330,1720,-304,-274,371,72,494,409,0
375611,59,60,725,1812,11353,2369,1473,-260,-876,26,495,467,409,0
378960,60,61,556,2018,5721,1414,1660,-225,-1248,-40,474,461,367,0
382301,62,62,612,2000,-1739,-459,2578,-130,-1251,297,107,458,384,0
385615,64,63,443,1418,-7254,-218,2811,-23,552,548,-222,467,415,0
388960,65,64,518,650,-4325,2351,2369,89,264,-229,-156,447,456,0
392301,66,66,856,312,-3494,2933,2458,196,-725,-355,-172,445,474,0
395618,68,67,350,856,-5468,1355,1259,285,-122,135,-107,456,445,0
398960,69,69,1043,593,-4718,1255,873,378,194,-249,-81,435,459,0
402301,70,70,875,1175,-3456,790,92,444,-79,-484,-154,459,443,0
405620,72,72,612,556,-4374,-948,1343,577,-38,397,-181,457,460,0
408960,73,73,387,818,-4359,18,1521,707,-214,340,122,485,462,0
412301,75,75,387,425,-4467,1354,860,787,274,89,467,469,467,0
415624,76,76,1456,668,-3800,1116,19,834,535,-212,255,428,470,0
418981,78,78,425,200,-1914,804,-189,918,-338,294,-284,467,479,0
422302,79,79,650,818,-1987,1724,-763,963,-382,-106,43,471,462,0
425627,81,81,0,406,-2790,1592,357,1015,883,-219,607,491,468,0
428985,82,82,350,237,385,1047,796,1067,521,-275,399,462,468,0
432303,84,84,293,0,3501,171,1769,1172,-620,210,342,449,481,0
435630,85,85,1006,350,3415,-897,3403,1327,535,-208,965,411,446,0
438985,86,87,1456,162,5515,-1700,3178,1450,487,-198,568,403,456,0
442302,87,88,1381,556,6989,-1849,3643,1549,602,-52,248,407,435,0
445633,89,90,1268,275,10830,-1014,3977,1640,-898,144,307,397,434,0
448985,90,91,1043,593,8878,929,3942,1708,-1329,185,528,425,433,0
452303,91,92,1437,1212,2137,3089,2006,1707,-844,164,823,429,425,0
455636,93,94,1118,1175,-4090,2804,424,1671,-206,-231,993,430,411,0
458985,94,95,1362,1456,-3542,1688,-490,1619,-201,-188,495,433,412,0
462328,96,96,668,1681,-4542,891,-549,1566,-321,-17,141,454,400,0
465640,97,97,1043,2093,-7514,-1371,-261,1508,-119,35,325,450,394,0
468986,98,99,350,1268,-7800,-3566,-892,1420,20,-70,-96,487,422,0
472329,100,100,462,1325,-7922,-4913,-1016,1320,34,322,-227,481,435,0
475643,101,101,725,1118,-6698,-3539,-322,1251,-230,407,-154,467,446,0
478986,103,103,275,143,-7538,-2183,-480,1182,68,-162,63,476,483,0
482329,104,104,0,387,-7945,-2251,-1133,1101,-407,-189,-227,493,470,0
485646,106,106,443,293,-7590,-3027,-1170,1012,331,-66,-127,451,459,0
488987,107,107,631,556,-5687,-3377,-1325,890,569,164,629,457,461,0
492329,109,109,800,31,-2764,-2409,-1297,762,545,310,289,432,473,0
495649,110,110,1062,368,-576,89,-1132,653,450,-63,-204,418,455,0
499007,111,112,1925,0,508,1246,-1226,538,448,613,478,388,483,0
502329,112,114,2075,143,3718,2436,-1417,454,263,176,516,395,466,0
505652,114,115,2243,406,6308,3328,-1623,376,41,19,228,386,468,0
509011,115,116,1812,593,5950,3264,-2510,295,746,2,208,409,458,0
512329,116,118,2000,987,7331,3239,-2857,163,-118,231,-217,415,437,0
515656,118,119,912,1062,8065,3395,-3456,8,-197,186,-49,457,433,0
519011,119,121,593,406,8089,3658,-4469,-158,-108,-222,-502,490,468,0
522330,121,122,462,500,5539,2968,-3691,-274,206,-157,126,481,463,0
525659,122,124,462,0,4642,3203,-2632,-350,-228,-292,35,472,468,0
529012,124,125,87,0,4689,3011,-1496,-373,-443,176,-74,476,473,0
532330,125,127,181,0,3131,2256,-1764,-439,-226,19,-89,471,462,0
535662,127,128,293,0,691,2006,-2615,-546,331,-32,62,449,459,0
539012,128,130,593,518,1108,2493,-2341,-674,-144,-85,97,449,421,0
542354,130,131,462,706,1320,3396,-1281,-821,-181,316,-224,440,411,0
545665,131,132,593,500,2359,4862,-1025,-952,470,-186,-66,433,422,0
549012,132,134,406,0,3498,4353,-643,-1086,-39,-267,-188,459,452,0
552357,134,135,931,668,3834,3762,-697,-1232,-759,-63,6,440,438,0
555669,135,137,893,1231,152,573,-611,-1374,-1118,-754,278,458,424,0
559012,137,138,950,1700,-5082,-3776,-661,-1458,-1143,-758,447,439,383,0
562358,138,139,875,1925,-10453,-8110,-16,-1471,177,-187,-82,459,387,0
565672,140,140,593,1756,-9847,-11177,-528,-1473,921,-13,573,474,396,0
569013,141,141,687,1606,-5793,-12126,-402,-1468,647,200,778,469,420,0
572358,143,143,0,1100,-2107,-11931,-500,-1475,-639,464,251,511,431,0
575675,144,144,0,875,-3180,-8464,-93,-1450,-663,717,-180,496,444,0
579013,146,146,0,1025,-6154,-5024,-89,-1421,412,665,1451,487,420,0
582359,147,147,443,1268,-2591,-478,-80,-1414,406,432,1177,451,407,0
585678,149,148,1081,1325,322,3999,1732,-1345,414,685,419,433,420,0
589036,150,149,1550,1193,1302,7518,2066,-1245,423,301,122,392,427,0
592359,151,151,2168,631,4378,8559,1780,-1153,2002,-801,541,375,457,0
595681,152,152,2450,256,14900,4255,1959,-1050,797,-300,478,360,477,0
599067,153,154,2825,500,17288,1777,782,-985,-824,-107,90,371,479,0
602359,154,155,2225,762,13429,-145,-1953,-1011,-239,-488,54,403,465,0
605684,156,157,1512,1175,10236,-2218,-3326,-1076,-440,-185,-206,425,443,0
609036,157,158,443,1625,9575,-2262,-2972,-1125,-1026,-279,-48,498,419,0
612359,159,159,200,1381,5372,-1467,-2396,-1149,-68,-194,293,495,432,0
615688,160,161,612,1437,676,-1470,-2615,-1152,202,-366,331,489,429,0
619037,162,162,556,1531,-1108,-1908,-2595,-1144,-496,52,-141,476,424,0
622360,164,163,387,1643,-3785,-2046,-2727,-1121,-403,95,-144,485,434,0
625691,165,165,462,687,-5369,-2612,-2026,-1045,-298,88,-79,456,444,0
629037,166,166,0,706,-6988,-2791,-2114,-996,-105,-158,-106,489,443,0
632360,168,168,143,650,-8331,-2723,-2368,-987,-235,59,-4,473,446,0
635694,169,169,200,218,-7218,-2129,-2010,-1004,-67,225,261,470,469,0
639037,171,171,125,181,-7933,-1717,-1342,-990,-332,98,216,458,455,0
642363,172,172,481,725,-10407,-2510,-1247,-948,-58,-200,24,455,442,0
645697,174,174,387,1062,-10057,-2677,-1128,-910,-129,159,-116,444,424,0
649065,175,175,1718,893,-8781,-1359,-872,-897,-55,345,-71,414,458,0
652366,177,176,950,912,-7999,-332,-892,-893,259,-59,-25,439,457,0
655700,178,178,668,312,-6096,-1935,-1121,-908,241,25,61,454,473,0
659037,179,179,1343,556,-4274,-3105,-1612,-936,176,120,457,434,476,0
662369,181,181,1118,0,-1753,-3666,-1400,-961,615,-63,381,430,496,0
665704,182,182,1700,575,2197,-2865,-1484,-987,242,155,64,415,475,0
669061,183,184,1006,481,3680,-2480,-795,-1011,92,206,172,452,464,0
672372,185,186,912,687,5081,-2449,-914,-1023,-142,37,9,457,453,0
675708,186,187,143,856,4051,-2614,-1112,-1045,-215,543,-44,483,429,0
679065,188,188,462,1175,2099,-193,-826,-1055,-107,294,165,466,428,0
682376,189,190,931,968,629,1233,-971,-1083,58,156,507,441,423,0
685711,191,191,931,1081,914,1550,-505,-1096,667,202,587,441,417,0
689066,192,192,1250,1043,4193,3368,634,-1074,-52,326,59,424,435,0
692379,193,194,1025,518,4534,5223,863,-1101,-56,390,-143,436,447,0
695713,195,195,406,237,4154,7467,200,-1159,717,-2,45,453,462,0
699071,196,197,2262,1568,7432,8182,-427,-1228,285,-223,-156,433,454,0
702382,197,198,2225,800,9876,7709,-1475,-1335,363,-289,47,435,495,0
705716,199,200,2412,1156,12217,4020,-2381,-1434,-236,-453,803,425,476,0
709071,200,201,2075,1531,11390,333,-3044,-1468,-952,-237,548,443,456,0
712385,202,203,1737,2075,7116,-2149,-3681,-1479,-605,-68,100,477,443,0
715720,203,204,875,2618,-1272,-2781,-3971,-1511,-1458,-120,218,507,398,0
719072,205,205,387,2525,-8768,-2461,-3170,-1535,-867,-153,94,533,419,0
722388,207,206,312,1962,-14064,-2093,-3127,-1551,457,-27,4,537,449,0
725723,208,208,0,893,-12634,-2145,-2840,-1558,-130,466,-48,518,465,0
729072,210,209,593,1006,-10704,-1220,-2634,-1556,871,-58,235,481,475,0
732392,211,211,781,668,-5209,-707,-1416,-1536,405,169,806,471,477,0
735726,213,212,612,500,-203,-293,-944,-1500,-462,-459,136,464,486,0
739072,214,214,1531,931,-2058,-994,309,-1416,-81,-225,725,431,463,0
742395,216,215,1287,1418,-2556,-1490,1979,-1292,400,-186,696,444,437,0
745729,217,217,987,762,58,-1779,2552,-1170,1502,-123,460,444,456,0
749073,218,218,1700,1025,6488,-1189,2487,-1053,755,284,-228,447,483,0
752399,220,220,1175,350,12252,742,2861,-929,-949,55,-209,459,503,0
755733,221,222,968,725,10404,1189,2848,-812,-653,362,-311,486,499,0
759073,223,223,725,556,8340,983,2394,-710,10,190,348,483,492,0
762401,224,225,1025,837,7132,1877,2868,-585,-15,401,480,483,477,0
765737,226,226,743,1437,6739,3368,3340,-430,-404,107,-93,482,445,0
769073,228,228,406,2450,4452,2839,3775,-268,-922,137,457,500,391,0
772404,229,229,837,2225,1194,-854,2911,-131,-642,-134,798,477,403,0
775739,230,230,893,2112,-4823,-3352,1855,-48,-532,-3,421,459,394,0
779097,232,231,893,1906,-8205,-4166,2128,46,-238,473,-301,459,421,0
782408,233,232,668,1418,-8717,-2121,2570,161,-193,411,-186,471,447,0
785742,235,234,106,818,-10785,-1162,2315,259,478,-394,-282,485,463,0
789099,236,236,593,500,-12878,-2033,2064,354,647,-48,70,475,480,0
792411,238,237,593,500,-9020,-1529,1866,428,171,595,333,459,480,0
795745,239,239,1456,1006,-5787,413,988,439,754,135,431,429,469,0
799099,241,240,1362,593,-3067,1568,252,420,772,-100,184,433,490,0
802415,242,242,2093,650,728,1318,1027,446,133,157,347,410,487,0
805748,243,244,2150,612,4961,1981,453,473,17,136,861,407,489,0
809099,244,245,2056,425,6881,1787,-1135,484,-279,91,329,428,499,0
812417,246,247,1418,631,5459,1150,-1585,509,390,51,-349,446,472,0
815752,247,248,725,312,5610,2386,-1961,543,436,279,-275,483,489,0
819099,249,250,706,500,6675,3503,-2276,586,-586,-534,-135,484,479,0
822420,250,251,668,312,5037,2823,-1708,657,101,-71,220,477,480,0
825755,252,253,518,0,2424,2416,-923,727,348,132,-322,469,500,0
829100,253,255,162,0,2651,2638,-55,823,-288,146,-368,488,497,0
832424,255,256,31,0,119,2012,-180,907,-295,-358,34,479,498,0
835758,256,258,706,0,-1412,1192,-656,968,-87,-131,244,459,468,0
839100,258,259,275,556,510,1738,-287,1004,-63,104,306,466,435,0
842428,259,261,781,0,2735,2742,826,1059,612,-37,182,439,449,0
845762,261,262,1062,350,4968,2983,939,1079,440,-58,196,440,446,0
849100,262,264,1137,331,7019,2591,1203,1054,-229,11,-108,445,456,0
852431,263,265,1231,931,5795,1306,1208,1012,-923,-620,-81,456,440,0
855764,265,266,968,1475,211,-1597,443,949,-1183,-651,282,454,411,0
859101,266,267,800,2168,-6965,-4892,202,865,-543,-254,578,479,390,0
862433,268,269,481,1662,-11552,-6018,-316,767,691,122,582,480,401,0
865768,269,270,406,1531,-8131,-6049,-1293,651,316,250,991,484,408,0
869125,271,271,331,950,-4388,-5371,-2065,497,-577,467,745,488,455,0
872437,273,273,0,668,-5261,-3552,-2621,311,-650,17,-270,514,455,0
875771,274,274,0,556,-7895,-1819,-2268,122,719,415,660,495,461,0
879129,276,276,125,706,-3872,1696,-1886,-27,587,111,707,468,437,0
882440,277,277,968,593,1606,3265,-512,-101,741,-113,544,439,459,0
885774,278,279,1437,875,4482,2674,-786,-192,847,-241,334,414,444,0
889133,280,280,1662,556,7432,2060,-297,-282,444,214,156,402,461,0
892443,281,281,1287,593,12920,2134,-1079,-388,-31,-149,477,422,459,0
895777,282,283,968,331,14588,541,-2157,-519,-98,-372,-115,439,457,0
899134,284,284,950,1025,11492,-698,-3077,-674,-79,-70,-275,455,451,0
902447,285,286,781,1006,6999,-1206,-3041,-800,90,93,-78,464,436,0
905781,287,287,125,1231,5371,-1037,-2903,-898,-226,-90,191,483,424,0
909137,288,288,743,1887,2975,-642,-3657,-1045,-356,-50,-165,466,405,0
912449,290,290,706,1568,-870,-746,-3579,-1171,-462,161,-24,468,422,0
915784,291,291,687,1062,-3522,-258,-3617,-1248,-449,-22,46,469,449,0
919137,293,293,593,1025,-5007,-232,-3197,-1299,0,-223,-11,474,451,0
922452,294,294,181,68,-7266,-478,-3034,-1332,-270,-29,-382,471,477,0
925787,296,296,0,106,-9444,-452,-3294,-1364,-74,170,-30,490,459,0
929137,297,297,162,443,-9618,-467,-3247,-1412,-116,298,100,472,457,0
932456,299,299,387,293,-9249,-438,-2573,-1464,-117,-174,146,444,449,0
935791,300,300,275,500,-10116,-967,-2395,-1537,132,119,150,450,438,0
939138,302,301,518,1081,-8962,-1196,-1963,-1593,301,140,340,437,423,0
942459,303,303,762,743,-3414,-753,-1398,-1616,538,471,389,424,425,0
945793,304,304,968,218,-700,356,-1586,-1656,516,-268,271,413,453,0
949138,305,306,1531,856,812,302,-1601,-1732,153,74,374,424,444,0
952463,307,307,1043,87,2395,-319,-1200,-1799,291,0,365,434,485,0
955797,308,309,593,368,3355,-210,-878,-1864,281,-60,-186,458,470,0
959140,310,310,331,631,4364,-823,-864,-1929,63,5,-291,472,456,0
962465,311,312,556,387,4862,-993,-925,-1972,-32,10,322,476,469,0
965800,313,313,0,200,5838,-764,-680,-1999,314,-109,601,490,479,0
969138,314,315,837,1043,7874,-1362,-644,-2009,-132,-85,327,461,434,0
972469,316,316,218,725,5296,-3222,-553,-1986,-1148,220,256,463,436,0
975803,317,317,406,1231,-282,-3318,-375,-1933,-726,557,208,453,409,0
979160,318,319,462,950,-4893,-2737,-448,-1866,227,-133,-132,466,424,0
982472,320,320,631,481,-5366,-1384,-40,-1796,402,295,201,441,449,0
985806,321,322,875,781,-2117,1090,19,-1736,537,322,416,428,433,0
989164,322,323,1887,0,-553,2837,-905,-1749,681,-553,639,390,478,0
992475,324,324,2093,350,3559,2147,-523,-1740,1063,-332,594,363,456,0
995810,325,326,2881,968,7975,602,-985,-1762,760,-62,875,352,438,0
999164,326,327,1906,912,12112,-223,-2466,-1805,-521,-45,307,404,441,0
1002478,327,329,1606,1381,11007,-1579,-2797,-1825,-270,-9,395,436,416,0
1005813,329,330,1287,1793,7223,-1491,-3828,-1849,-450,-59,497,453,394,0
1009164,330,331,987,2337,2409,833,-4087,-1881,-934,-58,-20,469,381,0
1012482,332,332,181,1943,-4316,1799,-3699,-1906,-244,86,142,496,402,0
1015816,333,334,406,1306,-6290,1836,-4043,-1918,49,-92,328,484,436,0
1019164,335,335,837,500,-8103,1640,-4284,-1940,26,-131,-202,461,479,0
1022484,336,336,237,143,-11130,2241,-4534,-1969,253,-232,-316,468,473,0
1025819,338,338,218,125,-10550,2763,-3934,-1992,7,-14,60,469,458,0
1029165,339,340,387,162,-8720,2678,-3612,-2010,-144,8,691,460,456,0
1032488,340,341,368,162,-7689,1972,-3207,-2007,-187,-367,321,461,456,0
1035822,342,342,368,668,-7765,1498,-2566,-1986,-5,-235,178,445,429,0
1039165,343,344,1100,837,-7349,1259,-1195,-1943,773,-154,836,422,420,0
1042491,344,345,1625,443,-818,1374,-312,-1878,927,-155,390,394,441,0
1045825,346,346,1887,1118,4484,2149,452,-1803,341,-195,-173,405,446,0
1049165,347,348,1156,406,7271,2566,1085,-1725,-489,-6,25,444,468,0
1052494,348,349,1287,743,5717,1531,1388,-1632,-109,77,362,453,466,0
1055829,350,351,743,368,5602,1280,1617,-1531,356,-128,-347,466,470,0
1059186,351,352,537,706,6916,451,1658,-1442,274,49,-276,493,468,0
1062497,353,354,537,593,8415,252,1308,-1374,-185,27,262,477,458,0
1065832,355,355,706,1156,7264,-778,1720,-1293,-324,-523,521,468,428,0
1069190,356,357,875,1568,4350,-3480,1744,-1210,-254,-533,300,459,406,0
1072500,357,358,668,931,1853,-7680,1278,-1149,-219,161,128,455,425,0
1075835,359,359,537,893,1045,-8073,1059,-1095,-56,545,-225,462,443,0
1079190,360,361,687,312,760,-5688,760,-1054,261,-60,-221,454,458,0
1082505,362,362,31,368,2982,-4002,74,-1040,-268,-193,-458,473,455,0
1085839,363,364,612,200,1432,-4947,-193,-1032,-185,-80,42,458,464,0
1089191,364,365,968,443,-181,-6277,-293,-1040,613,64,452,439,451,0
1092507,366,367,1212,181,3508,-5852,308,-1031,754,431,408,426,465,0
1095841,367,368,1325,237,6702,-3603,648,-983,-297,416,367,435,477,0
1099191,368,370,1700,725,4969,-1291,-15,-967,-523,450,280,431,451,0
1102510,370,371,1775,875,-1543,2749,-2102,-1002,-88,586,560,411,443,0
1105845,371,372,2000,1737,-2093,5719,-3070,-1021,136,352,598,415,413,0
1109191,372,374,1325,1662,-1146,7147,-3125,-1031,-564,234,312,451,401,0
1112514,374,375,1043,1550,-3442,8079,-3218,-1012,-79,125,120,450,407,0
1115849,375,376,1625,1456,-4957,6298,-2910,-975,395,-289,1007,435,428,0
1119219,377,378,500,1081,-2459,3640,-2634,-942,-533,-333,445,470,423,0
1122516,378,379,350,1231,-4916,1816,-2786,-902,-710,-377,-485,478,415,0
1125851,380,380,406,950,-9543,2614,-908,-797,272,439,263,459,430,0
1129192,381,382,350,462,-7831,3465,240,-648,781,3,529,462,440,0
1132520,383,383,518,331,-2654,3141,488,-509,-39,-138,509,469,463,0
1135879,384,384,856,950,-2778,2495,1359,-354,323,-342,288,435,430,0
1139191,385,386,1137,368,-2024,1732,2117,-188,410,32,719,420,445,0
1142523,386,387,1925,1081,1888,1876,3260,-6,455,-214,399,394,423,0
1145881,388,389,1362,706,4026,1986,3758,148,445,-239,127,433,452,0
1149213,389,390,1737,893,6841,1324,4289,292,123,-171,-61,429,458,0
1152527,391,392,537,350,7032,304,5213,441,-222,-71,57,477,471,0
1155884,392,393,818,968,5718,-350,4711,554,-442,-460,155,478,454,0
1159216,394,395,537,687,3335,-2336,4584,654,-312,-59,2,477,453,0
1162529,395,396,406,1381,-531,-4935,3635,717,-102,-53,490,484,416,0
1165888,397,397,650,1456,-2191,-6236,3118,763,351,-40,509,471,428,0
1169244,398,399,1400,725,-1605,-7439,2615,803,336,-254,-75,432,452,0
1172532,400,400,500,593,-1494,-8384,1806,806,-447,363,-101,464,459,0
1175890,401,402,650,350,-2134,-7255,1393,795,-367,617,-95,456,456,0
1179217,403,403,143,668,-1999,-4748,1058,788,-188,4,-52,483,455,0
1182536,404,405,368,706,-4734,-4235,743,778,-63,192,307,471,453,0
1185894,405,406,1156,668,-5999,-4840,518,771,379,658,1073,445,455,0
1189217,407,408,875,518,-2203,-2087,253,776,390,422,395,444,447,0
1192539,408,409,1137,443,1355,942,465,797,311,73,-335,430,451,0
1195897,410,410,2356,1381,2830,2864,143,811,522,107,-290,428,480,0
1199217,411,412,2525,387,5949,3943,-889,773,385,-178,637,419,517,0
1202542,412,414,2412,387,9508,2511,-1547,705,-318,-22,623,425,501,0
1205899,414,415,1793,875,9802,848,-2400,630,-906,194,248,458,491,0
1209217,415,417,2018,1550,6847,4,-3174,597,-333,126,377,462,455,0
1212545,417,418,818,1850,1220,913,-2974,600,28,-59,438,510,439,0
1215904,418,420,575,1962,-1103,1400,-1987,635,-460,-71,154,539,433,0
1219218,420,421,706,1325,-1934,1133,-1034,703,-761,-108,-499,491,442,0
1222549,422,422,0,1531,-6260,1274,-933,765,-507,239,-133,528,431,0
1225904,423,424,368,1268,-9236,2335,-381,836,-135,-118,86,509,445,0
1229239,425,425,312,837,-9500,2191,133,927,510,-133,545,496,468,0
1232552,427,427,425,556,-4712,1129,240,963,451,-504,449,490,467,0
1235908,428,428,1043,1306,-3691,93,468,970,-413,-277,220,457,443,0
1239243,430,430,612,1100,-5775,-697,2079,1019,326,-4,573,464,438,0
1242555,431,431,1418,743,-2679,-805,2533,1056,1117,-282,352,421,457,0
1245908,432,433,2000,631,3353,-68,2765,1076,650,-137,61,431,488,0
1249243,434,434,1081,181,8652,625,3713,1091,-707,141,-169,464,512,0
1252558,435,436,893,387,7369,571,4074,1100,111,253,412,474,485,0
1255909,437,437,462,781,7564,574,3995,1091,315,205,532,497,480,0
1259243,439,439,200,1062,8926,-49,3719,1045,-764,-79,516,511,465,0
1262561,440,440,500,1868,4157,-942,3516,1007,-798,-136,490,495,422,0
1265909,442,442,1025,2131,-289,-2348,3011,958,-611,20,464,467,408,0
1269244,443,443,987,1606,-3797,-4472,1928,905,72,184,678,454,421,0
1272565,444,444,1137,1606,-5471,-4256,710,829,-205,499,112,446,421,0
1275909,446,446,556,818,-5048,-1864,550,765,-777,501,-399,477,463,0
1279243,447,447,275,631,-6625,-450,-534,692,-77,-355,-546,492,473,0
1282568,449,449,443,218,-9270,-1859,69,650,1071,166,544,467,479,0
1285909,450,450,668,668,-4088,-1504,-535,601,456,447,264,471,471,0
1289244,452,452,762,443,-2157,1302,-607,558,219,-62,73,450,467,0
1292571,453,453,1962,837,1262,1156,-1682,490,817,-106,640,417,477,0
1295909,454,455,2243,181,6626,-103,-1373,439,1139,-44,461,402,496,0
1299244,456,456,1700,875,12319,562,-1292,384,-80,269,-126,431,475,0
1302574,457,458,1400,612,11605,530,-2103,314,-378,118,22,447,473,0
1305931,459,459,931,1456,9338,167,-2176,274,-735,42,274,472,444,0
1309265,460,461,800,1362,6505,703,-1819,265,-696,-352,-66,479,433,0
1312577,462,462,0,1625,1498,518,-1612,290,-572,-32,-270,511,419,0
1315934,463,464,575,1081,-313,-79,-1029,357,45,322,280,491,448,0
1319269,465,465,312,856,-1240,398,-82,447,-198,-48,-13,464,435,0
1322581,466,467,387,706,-2614,839,476,524,-559,-72,-473,460,443,0
1325934,468,468,275,762,-5314,618,50,558,-106,13,-84,466,440,0
1329269,469,469,368,293,-5888,4,64,589,305,37,337,461,465,0
1332584,471,471,0,350,-4917,253,682,622,53,-147,575,469,446,0
1335934,472,472,706,987,-5248,-333,1560,667,798,-155,449,443,428,0
1339270,474,474,143,631,-1765,-466,1713,713,735,261,452,457,431,0
1342587,475,475,1231,1062,2168,-246,1959,760,361,226,196,440,449,0
1345935,476,476,781,762,5459,232,2405,770,-208,-83,-205,464,465,0
1349269,478,478,912,387,4491,355,2109,757,-589,333,-414,457,485,0
1352590,479,480,687,256,1794,1348,2001,733,-304,161,196,469,476,0
1355935,481,481,556,1362,451,3172,2057,681,-441,-344,468,476,433,0
1359269,482,482,406,1643,-3969,1599,1650,605,111,-437,767,484,418,0
1362594,484,484,293,1737,-5567,-713,1075,514,-535,184,675,474,397,0
1365936,485,485,481,1512,-7349,-1656,935,427,154,124,565,480,425,0
1369270,487,487,462,500,-4626,-2837,13,317,22,-182,571,450,448,0
1372596,488,488,537,687,-3708,-3368,579,241,90,303,-251,462,454,0
1375936,490,490,368,218,-5692,-1868,890,209,548,663,127,455,463,0
1379271,491,491,668,0,80,2274,-65,185,1192,-546,765,439,479,0
1382600,492,492,1681,950,5677,1320,1086,202,511,-415,263,401,440,0
1385957,494,494,1550,143,8167,138,856,245,-112,96,166,392,467,0
1389292,495,495,1531,781,10110,1338,286,252,561,-281,543,409,449,0
1392603,496,497,1137,593,14311,1058,-119,265,-134,-392,24,445,458,0
1395960,498,498,893,856,13049,-910,-738,261,-485,116,-39,458,460,0
1399294,499,500,668,950,6031,-1679,-2102,248,112,-44,191,470,439,0
1402607,501,501,368,1325,4386,-65,-2817,202,-832,-402,265,486,419,0
1405961,502,502,912,1625,534,424,-2861,153,-916,-183,50,457,419,0
1409294,504,504,237,1006,-3935,-40,-3421,112,-60,-280,-3,477,436,0
1412610,505,505,687,612,-4995,-52,-3525,70,-352,209,185,469,473,0
1415989,506,507,818,0,-6445,386,-3383,21,-421,-356,-296,453,495,0
1419294,508,508,50,12,-9506,286,-3236,-29,-69,34,-604,478,480,0
1422612,510,510,87,0,-10891,-138,-3169,-96,-48,74,215,476,465,0
1425961,511,511,87,143,-9773,-507,-2742,-179,114,5,837,460,457,0
1429295,512,513,293,556,-7591,-204,-2453,-270,-138,-129,65,465,435,0
1432616,514,514,237,968,-7518,40,-1605,-322,884,271,241,452,413,0
1435961,515,516,968,650,-4533,717,-886,-352,634,81,601,413,414,0
1439295,516,517,1662,500,1056,1887,-187,-379,575,-682,362,392,438,0
1442619,518,518,1587,781,5074,2197,511,-412,-61,-48,-193,421,448,0
1445962,519,520,1212,500,6649,1930,948,-435,-290,-173,-76,441,463,0
1449295,521,521,50,650,6072,924,1577,-447,194,-142,287,487,455,0
1452622,522,523,256,87,7604,493,1389,-479,36,40,-402,476,469,0
1455962,524,524,425,725,7876,-51,1540,-497,-521,-313,-134,467,451,0
1459295,525,526,518,1362,4720,-2575,1790,-503,-737,-479,752,462,401,0
1462625,526,527,950,2000,1153,-5432,1766,-513,-40,-223,627,455,383,0
1466011,528,528,1156,1456,-1552,-7697,1410,-520,-75,508,294,429,413,0
1469295,529,529,893,1550,-3470,-6721,839,-527,-184,903,68,443,408,0
1472629,531,531,462,893,-4313,-3057,764,-533,-220,214,-88,466,427,0
1475986,532,532,856,893,-6243,-250,-730,-556,-279,-185,-368,445,443,0
1479320,534,533,218,818,-8540,-736,-642,-594,699,122,170,463,447,0
1482632,535,535,687,293,-3360,-285,-907,-650,1251,78,672,438,459,0
1485987,536,536,1475,800,1590,1750,-254,-656,424,84,-24,412,448,0
1489323,537,538,1981,368,2326,3733,-228,-697,489,-326,200,385,455,0
1492635,538,539,2487,650,6099,2601,-768,-748,1359,-431,732,373,455,0
1495987,540,541,2075,593,13219,1175,-957,-787,95,32,293,395,458,0
1499327,541,542,1456,762,15093,-55,-2025,-846,-891,19,173,428,449,0
1502638,542,544,1118,1137,9736,-962,-3128,-921,-595,-197,189,462,445,0
1505987,544,545,800,1850,5309,-616,-2461,-932,-762,241,97,479,407,0
1509329,546,546,31,2318,-39,54,-2283,-916,-800,-83,51,504,382,0
1512641,547,547,406,2168,-3076,-256,-2153,-894,-27,-97,167,484,390,0
1515988,548,548,162,1100,-5072,-318,-2240,-857,-171,-129,-74,488,438,0
1519330,550,550,331,687,-8983,332,-1135,-782,-260,-201,-174,463,444,0
1522645,551,551,556,612,-10559,-90,-804,-701,-11,89,10,451,448,0
1525988,553,553,275,312,-11221,-974,-1642,-652,503,-50,430,466,464,0
1529329,554,554,387,668,-7479,-1113,-1281,-593,-177,87,301,460,445,0
1532648,556,556,162,331,-7477,-1125,40,-506,-876,-48,25,456,447,0
1535988,557,557,556,1043,-8545,-1309,488,-414,1018,-145,756,451,425,0
1539330,558,558,1212,1043,-3978,-1332,801,-339,1183,140,380,416,425,0
1542651,560,560,1718,1043,599,4,1066,-278,318,-131,-41,398,434,0
1546010,561,561,1325,537,4320,1542,1787,-216,350,40,390,435,477,0
1549330,562,563,743,0,7094,1724,2726,-147,387,102,379,466,498,0
1552655,564,564,443,687,7790,982,3151,-78,59,26,-304,482,469,0
1556009,566,566,462,537,9198,302,2611,-45,-93,316,-440,481,477,0
1559331,567,568,500,575,9659,461,2491,-11,-57,245,262,479,459,0
1562657,569,569,0,1418,10500,1330,2817,28,-161,-14,531,497,414,0
1566013,570,570,481,1531,9177,791,3073,68,-1194,55,242,465,409,0
1569331,572,572,256,1737,1430,-1841,2071,78,-1076,126,451,461,382,0
1572660,573,573,837,1775,-4895,-3067,1697,87,-232,467,161,430,396,0
1576013,574,574,462,1418,-6934,-2594,1253,99,-39,364,-254,466,415,0
1579331,576,575,462,593,-5454,483,547,93,-333,-13,-248,450,459,0
1582664,577,577,725,650,-6694,1050,-23,115,267,-593,-268,452,456,0
1586014,579,578,556,650,-7762,-1084,495,150,622,-3,537,445,456,0
1589387,580,580,1587,1193,-2528,25,-45,177,517,463,364,421,442,0
1592667,581,581,1962,837,672,1372,-1283,145,472,-226,605,401,461,0
1596014,582,583,2187,368,5007,-41,-1416,108,697,-67,670,405,486,0
1599357,584,584,1850,650,11105,-1353,-1165,96,-1,385,-113,407,471,0
1602670,585,586,1418,537,11253,-517,-1449,80,-734,35,-52,430,461,0
1606015,586,587,837,818,6863,-663,-2262,73,-505,102,237,477,462,0
1609357,588,589,481,1212,2638,-214,-1697,117,-271,84,68,480,425,0
1612673,589,590,856,1118,1197,217,-1774,139,49,-34,332,476,446,0
1616015,591,592,350,462,236,109,-1525,163,-443,288,307,462,440,0
1619357,592,593,650,331,-3028,315,-1015,198,-51,-27,-176,446,447,0
1622677,594,594,762,631,-3883,574,-351,257,-343,-138,-380,440,447,0
1626015,595,596,481,87,-5569,745,-451,279,179,-23,-80,455,460,0
1629357,597,597,200,462,-5865,-222,-164,299,886,-138,802,454,440,0
1632680,598,599,406,368,-2252,-390,-5,350,-397,-85,124,459,445,0
1636036,600,600,106,912,-3058,-799,1393,433,200,52,316,459,416,0
1639385,601,601,1212,1643,-897,-448,1949,493,734,203,503,441,418,0
1642683,602,603,1381,743,3341,475,1826,535,421,-25,-49,432,450,0
1646040,604,604,950,818,5658,1413,2479,587,-375,338,-228,455,462,0
1649358,605,606,1081,462,4762,2540,2706,638,-400,443,84,448,465,0
1652686,607,607,0,425,3863,4027,2927,674,-121,35,573,495,467,0
1656040,608,609,0,1268,3199,4257,3121,686,-473,-451,379,506,422,0
1659358,610,610,12,2131,-2382,1293,2084,653,-1169,-358,606,489,376,0
1662689,611,611,818,1981,-7155,-1470,1626,622,-430,6,661,462,400,0
1666040,613,612,256,1568,-9064,-2928,632,564,759,-183,686,461,407,0
1669382,614,614,1025,1156,-4840,-4234,147,481,-590,61,397,436,429,0
1672692,616,615,631,275,-4931,-3464,773,409,-839,-29,-650,457,476,0
1676040,617,617,443,368,-9675,-2848,574,362,1200,376,-407,451,455,0
1679386,618,618,593,593,-4111,-86,-414,296,1258,-614,835,459,459,0
1682696,620,620,687,331,1208,-76,1035,289,43,-125,671,438,457,0
1686040,621,621,1531,968,4229,-347,1299,313,-26,-15,76,409,439,0
1689386,622,623,2656,1193,4968,931,799,339,1247,-84,5,412,474,0
1692699,624,624,1550,818,10622,1918,450,337,525,-461,159,455,494,0
1696042,625,626,1137,275,16308,613,426,352,-401,-63,277,493,523,0
1699387,627,628,837,612,13556,-1014,-613,373,-334,164,108,493,489,0
1702702,628,629,1156,1100,10433,14,-1616,367,-494,-246,350,492,479,0
1706041,630,630,650,1325,6791,492,-888,375,-582,-139,-104,503,467,0
1709388,632,632,725,1437,2243,-356,-636,401,-48,101,-183,499,461,0
1712705,633,633,668,1775,238,-924,-194,465,-331,135,298,502,443,0
1716064,635,635,631,1043,-789,-841,1066,552,-77,167,138,479,457,0
1719388,637,636,0,1212,-4111,-102,1478,653,-521,-95,-288,501,448,0
1722708,638,638,275,500,-7044,-366,1042,733,-445,14,-53,482,470,0
1726065,640,639,500,725,-9020,-829,750,789,-258,120,31,470,474,0
1729387,641,641,593,481,-7018,-671,1486,846,260,200,473,465,471,0
1732712,643,642,275,781,-7598,-808,2216,929,289,-352,372,466,455,0
1736065,644,644,1175,818,-8923,-1504,2311,1007,627,345,317,434,453,0
1739387,645,645,1587,1193,-4206,-1631,2092,1072,481,132,177,437,458,0
1739387,645,645,1587,1193,-4206,-1631,2092,1072,481,132,177,437,458,0
1742715,647,647,875,462,316,-1378,2258,1099,758,21,392,459,481,0
1746065,648,648,1250,612,3437,-1315,2269,1109,-35,-136,-331,455,489,0
1749389,650,650,987,0,1167,-1632,2406,1127,-242,394,-4,453,508,0
1752718,651,652,893,893,2301,-1060,2532,1129,-66,20,334,474,474,0
1756065,653,653,350,743,3380,-569,2416,1120,-340,463,487,487,466,0
1759388,654,655,762,1212,1400,693,1576,1078,-138,348,66,481,441,0
1762722,656,656,87,1175,1659,2373,1565,1029,-111,383,265,501,443,0
1766066,657,657,481,1400,1990,3502,950,994,-489,99,579,481,432,0
1769390,659,659,781,1306,-943,2866,114,946,-691,-273,117,449,421,0
1772724,660,660,443,987,-5714,1080,264,935,-89,185,-59,467,438,0
1776066,662,661,631,1006,-4809,1965,1527,978,455,418,-154,457,453,0
1779394,663,663,931,312,1183,3825,1261,993,435,-354,313,441,474,0
1782728,664,664,1850,368,5166,2062,1009,1007,619,-631,497,392,471,0
1786066,666,666,1981,0,8141,-771,512,1036,115,-75,415,385,494,0
1789397,667,668,1625,350,11420,-1167,-80,1001,2,-116,533,419,471,0
1792731,668,669,1268,1193,10287,-1576,-666,940,-313,-374,206,454,442,0
1796090,670,670,743,1568,6807,-2759,-1640,863,-485,-330,408,466,422,0
1799400,671,672,1081,1831,2404,-3229,-1427,805,-1106,182,511,464,408,0
1802734,673,673,293,1475,-2930,-2804,-2978,698,-22,9,64,490,427,0
1806090,674,674,1025,1193,-5026,-1496,-3883,596,-191,44,-41,467,458,0
1806090,674,674,1025,1193,-5026,-1496,-3883,596,-191,44,-41,467,458,0
1809403,676,676,218,537,-5792,-426,-4722,499,-189,-27,-184,494,477,0
1812737,677,678,368,0,-6584,80,-4878,374,-321,-75,-23,477,502,0
1816094,679,679,350,0,-8739,-204,-4463,255,103,-12,328,462,496,0
1819406,680,681,275,0,-9886,-359,-4116,132,500,-370,-36,466,490,0
1822740,682,682,462,0,-8195,-862,-3547,-11,-313,-110,229,456,473,0
1826099,683,684,706,406,-8037,-1083,-2980,-150,-388,-75,534,443,443,0
1829410,684,685,800,837,-6574,-750,-2597,-264,985,-232,500,438,420,0
1832744,686,687,687,781,-1708,114,-1326,-329,507,-37,73,428,423,0
1836100,687,688,1475,218,4253,1954,165,-370,455,-143,462,402,453,0
1839413,688,689,1512,762,7325,2438,493,-424,-218,-318,75,425,449,0
1842747,690,691,593,500,7843,1921,1014,-465,282,71,3,474,463,0
1846100,691,692,331,406,8386,1080,525,-513,329,41,-259,488,468,0
1849416,693,694,650,556,9546,663,583,-566,11,363,266,471,460,0
1852751,694,695,706,968,10543,1532,682,-615,-726,-181,248,468,438,0
1859420,697,698,837,1906,2758,-2189,829,-699,-959,-98,646,461,388,0
1862753,699,699,743,1981,-3128,-4780,458,-760,-96,113,567,467,385,0
1866100,700,700,1006,1775,-6836,-5702,-452,-823,-167,753,-131,437,396,0
1869422,701,701,575,1193,-6270,-3162,28,-871,-654,588,-283,460,427,0
1872756,703,703,593,668,-7277,-1095,-943,-930,-177,-262,-386,459,455,0
1876101,704,704,368,593,-10733,-1918,-1111,-969,871,-193,265,471,459,0
1879425,706,706,687,687,-8188,-2643,-1121,-1012,831,460,617,454,454,0
1882760,707,707,1025,406,-3953,-670,-832,-1086,-4,432,394,436,469,0
1886132,709,709,1250,950,-2564,2460,-1189,-1162,777,26,331,439,455,0
1889428,710,710,1550,612,54,3220,-1740,-1248,1098,-88,283,423,473,0
1892763,711,712,1981,425,5226,3022,-1009,-1296,405,166,568,400,467,0
1896101,712,713,1812,837,10434,2316,-1448,-1338,-173,-63,256,425,461,0
1899432,714,715,1418,275,9385,1357,-2686,-1401,130,116,-178,430,475,0
1902767,715,716,1250,593,8506,1433,-2702,-1435,-33,114,-52,455,474,0
1906102,717,718,575,631,7156,2526,-2626,-1472,-699,-399,-169,475,456,0
1909435,718,719,893,725,3338,2562,-2938,-1471,133,-170,508,474,467,0
1912769,720,721,0,425,1639,1762,-1801,-1406,-9,202,-50,485,458,0
1916126,721,722,293,312,2123,2414,-1008,-1290,-241,58,-473,465,448,0
1919438,723,724,256,275,388,3071,-614,-1156,-531,-294,-321,467,450,0
1922772,724,725,387,218,-2465,2550,-1247,-1056,211,-201,178,460,453,0
1926127,726,726,387,425,-1425,2186,-1114,-962,81,-295,107,444,442,0
1929442,727,728,481,518,-1001,1936,27,-850,204,67,418,455,437,0
1932776,728,729,1006,368,-28,2237,479,-742,506,58,150,427,445,0
1936155,730,730,1493,1456,3238,2511,310,-652,311,-42,107,426,428,0
1939445,731,732,1193,650,4518,1998,507,-594,-546,-117,628,442,455,0
1942779,732,733,1662,875,1644,435,-509,-615,-1522,-342,360,417,443,0
1946128,734,735,762,1418,-6385,-1316,-1091,-665,-430,-420,394,465,414,0
1949448,735,736,893,1193,-9593,-2677,-1288,-737,33,-288,825,458,426,0
1952782,737,737,87,1400,-9249,-3869,-2226,-823,216,-107,945,501,431,0
1956128,738,739,0,425,-7701,-5464,-3055,-936,193,-26,214,516,467,0
1959451,740,740,162,725,-5963,-5589,-3356,-1063,-322,-64,-21,497,467,0
1962785,742,742,0,0,-5679,-5089,-3117,-1205,-236,81,-199,502,477,0
1966128,743,744,181,331,-5925,-3847,-2256,-1302,626,574,588,481,457,0
1969454,745,745,237,706,-2087,-1477,-1729,-1370,752,143,676,462,437,0
1972788,746,746,293,912,952,-339,-563,-1374,301,-57,63,459,426,0
1976129,747,748,1437,537,3324,245,502,-1359,274,111,160,414,446,0
1979457,749,749,1006,593,5985,1073,169,-1324,901,-130,352,421,443,0
1982792,750,751,1081,462,10248,1684,16,-1289,709,-365,119,417,450,0
1986128,752,752,1118,612,14121,650,-831,-1280,-39,-56,41,430,457,0
1989460,753,754,762,237,13347,-245,-1231,-1292,-918,45,137,449,461,0
1992795,754,755,1156,781,9008,-282,-2063,-1319,-495,-155,141,444,448,0
1996153,756,756,462,987,5481,-326,-1806,-1322,-491,43,-140,465,437,0
1999464,757,758,968,1662,4375,-466,-1966,-1351,-504,36,187,454,401,0
2002798,759,759,0,1775,1781,-77,-1746,-1361,-141,-308,175,494,395,0
2006156,760,760,687,2056,-1626,-112,-1459,-1322,-363,-51,47,469,396,0
2009468,762,762,781,1343,-4785,100,-1126,-1273,-719,130,95,448,418,0
2012802,763,763,0,593,-8181,-232,-867,-1218,-44,38,-61,468,433,0
2016158,765,764,0,743,-10028,-633,-993,-1157,533,16,21,466,441,0
2019470,766,766,162,575,-10424,-519,-1340,-1143,-56,61,-128,456,434,0
2022804,768,767,106,0,-9171,-100,-639,-1131,-579,209,374,459,469,0
2026162,769,769,481,462,-9158,-283,-125,-1116,78,-132,412,439,440,0
2029473,770,770,875,275,-9289,-1189,218,-1070,1013,-302,289,418,450,0
2032808,772,771,762,762,-5731,-1382,807,-1010,664,13,437,424,424,0
2036166,773,773,1868,1081,-70,-231,722,-989,456,23,209,390,432,0
2039477,774,774,1606,575,2651,371,877,-976,125,21,286,404,459,0
2042811,776,776,1437,387,4348,60,1550,-937,115,115,203,429,469,0
2046166,777,777,593,443,6708,-1034,1733,-899,86,149,301,458,466,0
2049480,778,779,781,462,8181,-1203,1575,-834,280,-64,-253,464,465,0
2052814,780,780,106,106,8763,-1235,1873,-741,-41,123,-374,484,484,0
2056166,781,782,687,1081,8668,-1257,1933,-641,16,418,279,469,432,0
2059484,783,783,425,1493,7969,-883,1906,-512,-859,74,761,467,410,0
2062817,784,784,631,1775,4324,-1768,1691,-363,-1129,262,425,441,380,0
2066166,786,785,593,1981,-2828,-3066,861,-232,-740,429,422,443,385,0
2069486,787,787,650,1193,-5920,-1816,778,-110,-81,630,-61,440,411,0
2072820,788,788,537,781,-6019,619,614,-20,-276,-6,-255,446,433,0
2076167,790,789,537,856,-7172,1737,420,46,-106,-107,-248,446,445,0
2079489,791,791,893,425,-6184,877,354,75,1006,-49,553,427,452,0
2082824,792,792,1400,387,-3384,1516,345,70,492,-117,509,416,470,0
2086167,794,794,1568,668,48,2209,-1124,29,418,-54,279,406,454,0
2089492,795,795,2562,687,3860,174,-1637,-21,1098,-164,962,369,469,0
2092827,796,797,2262,275,9331,-1633,-2432,-71,300,-491,-22,385,475,0
2096166,797,798,2000,1943,12927,-1582,-3254,-135,-1642,-2048,-226,415,402,0
2099496,799,799,1400,3443,9210,-2319,-7259,-297,-2048,-2048,195,447,322,0
2102830,800,799,987,3800,4234,-2483,-7505,-475,-2048,-975,195,453,186,0
2106200,801,800,1568,3800,-853,-835,-4296,-548,206,-218,245,438,135,0
2109499,803,800,237,0,-2060,-1041,-5679,-671,625,-230,71,484,860,0
2112833,804,800,312,0,-1819,-272,-7087,-847,-464,-171,-336,480,863,0
2116192,805,801,387,0,-4245,-1185,-7304,-1040,-409,-172,-142,476,868,0
2119502,807,801,781,3800,-7564,-1886,-6836,-1226,8,147,86,439,283,0
2122837,808,802,387,3800,-10106,-1595,-6977,-1413,464,-181,325,476,319,0
2126204,810,803,500,3800,-7645,-2670,-5960,-1558,144,228,378,454,365,0
2129505,811,804,125,0,-5138,-2805,-6017,-1726,388,356,657,474,877,0
2132840,812,806,1775,0,-3973,-3023,-6309,-1919,473,6,612,402,644,0
2136192,813,807,2487,1793,-405,-2293,-6444,-2127,22,377,562,389,522,0
2139508,814,809,3200,1625,1459,-1445,-6995,-2371,417,134,450,367,531,0
2142843,816,811,2675,893,1791,-1188,-6250,-2589,359,204,444,395,554,0
2146192,817,813,2187,1081,2506,-1780,-6085,-2806,1034,141,348,421,544,0
2149512,818,814,3256,1118,4223,-3492,-5739,-3034,48,10,-107,364,542,0
2152846,819,816,2281,537,5746,-4746,-6121,-3280,252,-328,-183,416,557,0
2156192,820,818,1325,312,5798,-5362,-4641,-3474,-926,634,-158,483,569,0
2159515,822,820,350,893,4384,-2871,-4779,-3682,-488,391,253,520,523,0
2162850,824,822,0,1362,2673,-1770,-5238,-3906,-104,184,386,527,498,0
2166193,825,823,237,1512,2558,-2717,-4576,-4108,-640,440,-157,510,474,0
2169518,827,825,762,1850,1371,-2391,-3922,-4284,-304,126,86,482,456,0
2172852,828,826,1043,2225,-1737,-1447,-2959,-4403,-232,119,192,467,436,0
2176193,830,828,631,2112,-4845,-1125,-2520,-4506,-464,234,-87,489,442,0
2179522,832,829,256,1981,-8026,-915,-1750,-4580,-343,295,-255,493,449,0
2182856,833,830,1100,1756,-10869,-492,-1541,-4641,345,1121,117,448,461,0
2186193,834,832,1981,1381,-12110,1840,-962,-4682,-49,448,301,480,544,0
2189524,836,834,2393,1475,-10873,3858,55,-4691,-50,244,322,442,539,0
2192859,837,835,2675,687,-10119,5480,175,-4651,1676,111,318,427,565,0
2196215,839,837,2318,1250,-1311,8319,-500,-4615,-410,-235,394,446,535,0
2199528,840,839,3368,1081,704,7927,-1737,-4594,347,-175,320,406,544,0
2202862,841,841,2956,725,-554,6019,-2065,-4556,495,-226,-239,428,563,0
2206218,843,843,2618,556,-418,5382,-2002,-4392,12,-105,148,446,556,0
2209531,844,844,2056,200,-742,5226,-2936,-4249,302,219,-79,451,550,0
2212865,845,846,2243,275,-294,4987,-2636,-4198,665,591,338,441,530,0
2216218,847,848,1456,31,3164,5232,-3999,-4145,-258,32,225,483,543,0
2219535,849,850,987,481,2242,5798,-4152,-4053,-1086,597,-157,508,503,0
2222868,850,851,612,0,2048,8673,-4881,-3978,-1165,114,-612,512,531,0
2226219,852,853,631,143,-4350,10122,-2308,-3836,-147,-297,-132,511,521,0
2229537,854,855,781,12,-2857,8532,-950,-3648,-274,-187,173,503,512,0
2232872,855,856,1212,1175,-4012,5283,-1720,-3515,945,-277,574,505,491,0
2236219,857,858,1343,462,-1361,4047,-2087,-3392,1277,-259,867,482,513,0
2239541,858,860,2225,462,5119,3507,-1872,-3254,289,-150,761,435,497,0
2242875,859,861,2693,818,8100,902,-1848,-3110,-155,-40,73,426,494,0
2246219,861,863,2318,0,7654,1291,-1097,-2926,100,-372,-191,430,536,0
2249544,862,864,1531,1212,8389,1949,-231,-2738,-255,-894,-77,488,473,0
2252878,864,866,725,2375,5003,-2572,-503,-2563,-513,-529,427,515,395,0
2256220,866,867,181,2093,197,-7984,-564,-2402,-66,-282,438,544,426,0
2259547,867,868,537,1962,-2293,-12280,-300,-2220,1298,394,61,510,418,0
2262881,869,870,1100,856,-539,-11757,-1439,-2120,916,15,196,480,477,0
2266220,870,871,1268,650,5622,-9039,-614,-1989,-761,351,-153,471,488,0
2269550,872,873,181,162,2545,-7183,-658,-1846,-204,72,-398,513,498,0
2272909,873,875,256,312,-507,-7880,-1414,-1748,95,-456,-477,525,490,0
2276241,875,876,687,800,1052,-9818,-1753,-1680,195,165,239,486,464,0
2279554,877,878,1400,481,536,-10313,-521,-1604,715,714,1170,448,465,0
2282912,878,879,2187,818,4503,-4567,-397,-1537,-356,822,278,421,478,0
2286244,879,881,2243,125,5439,-1077,-852,-1509,364,448,313,418,499,0
2289557,880,882,2937,200,4190,2062,-1868,-1519,-85,731,935,397,511,0
2292915,882,884,2600,350,3124,6293,-1860,-1547,157,609,686,399,487,0
2296245,883,885,2600,1606,3662,7462,-1491,-1596,-586,321,522,415,436,0
2299560,884,886,2525,2300,1589,7875,-1685,-1654,377,124,165,419,399,0
2302918,885,888,2918,2337,461,5918,-1227,-1677,170,622,1025,414,397,0
2306245,887,889,2225,2393,764,1787,-2206,-1691,-502,37,1045,435,394,0
2309563,888,890,762,2337,-484,-1204,-1203,-1664,-1255,123,-140,488,372,0
2312921,890,891,425,2318,-5150,1797,-1129,-1637,-1104,37,-391,506,389,0
2316245,891,892,462,2150,-11015,2304,980,-1515,-103,-438,383,504,398,0
2319566,893,893,406,2075,-11557,476,2130,-1366,758,-356,-291,491,402,0
2322924,894,894,218,856,-9458,-278,327,-1231,-438,14,-446,517,483,0
2326246,896,896,631,293,-11545,128,1035,-1068,-731,-128,-66,479,497,0
2329569,897,898,1081,143,-13832,145,2120,-850,226,-761,320,455,489,0
2332927,899,899,2000,1456,-9709,-2200,2287,-706,455,-273,466,431,460,0
2336246,900,901,2150,781,-6632,-3574,2684,-593,924,-268,140,423,480,0
2339572,902,902,2037,443,-1957,-3543,2268,-468,212,135,232,429,514,0
2342928,903,904,2581,31,1025,-3784,1182,-366,401,606,398,400,520,0
2346246,904,906,2562,368,3177,-3777,1547,-259,-74,197,-82,417,502,0
2349576,906,907,1137,200,3573,-3220,2105,-135,-312,41,158,477,511,0
2352933,907,909,462,462,1021,-2755,1648,-50,158,-118,-258,529,497,0
2356267,909,910,556,650,2315,-3510,1000,-11,1018,68,324,508,487,0
2359579,911,912,0,0,5899,-4238,1222,42,476,129,368,529,492,0
2362936,912,914,612,0,9544,-4587,1184,96,-181,119,-14,490,493,0
2366270,914,915,575,50,9550,-4138,962,136,-811,-48,52,476,488,0
2369582,915,917,518,0,7523,-4394,1012,212,378,-113,-172,479,476,0
2372936,917,918,481,406,7019,-4947,1615,282,669,-177,44,481,469,0
2376271,918,920,293,200,9050,-5296,1801,359,108,519,-120,491,464,0
2379585,920,921,968,500,9791,-3572,1154,439,-76,481,45,455,464,0
2382937,921,923,1437,0,10367,-699,931,523,252,100,264,445,490,0
2386271,923,924,1868,762,10455,169,946,569,146,121,302,422,465,0
2389588,924,926,2093,818,11216,1606,226,588,27,473,224,410,446,0
2392937,925,927,2412,1156,11509,4572,-791,590,-175,417,214,409,444,0
2396272,927,928,1737,1775,9228,6689,-1697,596,-644,-225,179,429,411,0
2399592,928,930,1475,1943,4934,6720,-2511,575,-802,32,8,443,386,0
2402937,930,931,125,2356,1519,6205,-2618,540,-1355,-369,-125,515,380,0
2406300,931,932,406,2281,-2937,5912,-2127,526,-596,170,260,491,375,0
2409595,933,933,0,2412,-7130,5982,-249,557,-778,-182,251,526,368,0
2412938,934,934,0,2412,-12448,4783,1932,686,-396,-88,103,506,368,0
2416272,936,935,0,2037,-15179,3774,2455,800,-127,-310,-427,482,388,0
2419598,937,936,575,1887,-16219,3066,1898,895,1838,90,-494,466,412,0
2422938,939,937,443,2093,-12019,4916,-58,863,-148,-979,301,457,401,0
2426272,940,938,875,2562,-12302,5478,-864,769,-83,-1420,815,434,376,0
2429601,941,939,1512,3050,-10196,4656,-3226,658,-136,-1513,895,416,366,0
2432960,942,940,2937,2956,-4773,2679,-5609,450,447,-967,975,365,396,0
2436293,943,941,3481,2281,759,1999,-6479,182,-115,-631,754,352,448,0
2439605,944,943,2112,1700,3946,1505,-7439,-121,724,-264,606,425,463,0
2442963,945,944,0,1475,7846,173,-6802,-418,532,-38,-168,615,491,0
2446296,947,946,2356,556,11003,-539,-6126,-680,-653,41,-457,412,524,0
2449608,948,948,1587,593,9808,-762,-5207,-880,-722,-94,-172,453,522,0
2452963,950,949,518,1250,7087,-2779,-6219,-1122,349,27,-63,510,487,0
2456325,951,951,537,68,9163,-4439,-7650,-1427,532,-5,377,510,535,0
2459611,953,953,593,368,11442,-5402,-7335,-1708,806,101,93,491,503,0
2462963,954,954,800,443,14807,-3925,-6342,-1937,198,-94,-16,480,499,0
2466298,956,956,818,218,15415,-3310,-5828,-2158,-810,-262,-295,479,511,0
2469614,957,958,631,1043,13164,-3865,-5633,-2371,-949,-363,-94,489,467,0
2472963,959,959,668,1212,8533,-6281,-5471,-2572,-723,221,-71,487,458,0
2476298,961,961,0,631,4691,-6810,-5563,-2777,9,273,21,520,473,0
2479617,962,962,425,200,3912,-5138,-6048,-3017,-58,-272,-368,484,496,0
2482964,964,964,743,406,3825,-5680,-5683,-3251,-877,-9,184,482,500,0
2486297,965,965,950,800,-542,-6191,-5139,-3447,-467,292,392,471,479,0
2489620,967,967,68,837,-820,-4573,-5705,-3655,78,63,111,502,461,0
2492964,968,968,556,1343,-2467,-4761,-5134,-3845,-1388,95,-117,492,450,0
2496299,970,970,668,1587,-9924,-5103,-5124,-4012,-419,241,-72,486,437,0
2499624,971,971,668,1606,-13375,-4096,-5649,-4164,281,221,142,486,436,0
2502964,973,972,668,2562,-12259,-3201,-4938,-4265,-224,48,238,486,401,0
2506299,975,974,0,1493,-12693,-3277,-4757,-4335,-499,-165,-225,516,417,0
2509627,976,975,0,1700,-15687,-3744,-4189,-4384,-607,52,-466,487,406,0
2512985,978,976,106,1475,-18655,-4211,-4271,-4451,926,451,67,475,434,0
2516299,979,978,331,743,-15816,-2543,-5328,-4610,1061,972,741,463,457,0
2519630,981,979,706,200,-11700,1322,-3813,-4789,594,721,1203,443,486,0
2522989,982,981,1212,481,-8417,4312,-3187,-4966,1071,276,792,416,471,0
2526322,983,982,1606,762,-4313,5234,-1645,-5076,602,506,660,395,456,0
2529633,984,984,2412,1231,-1250,6009,-574,-5093,762,209,667,352,431,0
2532989,985,985,2581,1006,3031,6400,-340,-5076,224,-140,196,384,468,0
2536323,986,986,2731,912,4126,4567,-970,-5006,801,-19,87,376,473,0
2539636,987,988,2731,68,8004,2905,-1684,-4883,434,372,-4,376,502,0
2542989,988,990,2581,143,13298,2953,-1412,-4725,-396,373,122,400,498,0
2546322,990,991,2187,593,12810,3446,-1900,-4552,-506,77,-112,421,490,0
2549640,991,993,1212,200,10336,4633,-815,-4364,458,-19,144,473,495,0
2552990,993,994,837,1081,10223,3937,-755,-4197,1138,2,123,493,464,0
2556323,995,996,0,612,14696,1151,-2393,-4109,148,73,405,526,458,0
2559643,996,997,368,781,19106,-99,-1963,-3976,-990,-265,-19,487,449,0
2562989,998,998,856,2506,12834,-2800,138,-3732,-1827,-438,10,461,373,0
2566323,999,1000,706,1700,4127,-6766,1673,-3451,-1365,733,45,469,400,0
2569646,1001,1001,0,2056,-6037,-8321,1935,-3192,568,1003,49,501,381,0
2572989,1002,1002,631,1362,-6056,-3444,-523,-3026,515,247,114,473,434,0
2576323,1004,1003,612,1043,-997,-158,144,-2846,-537,-284,-100,458,451,0
2579649,1005,1005,931,837,-3892,-2315,-653,-2695,33,-148,-153,472,477,0
2582991,1007,1007,725,556,-6523,-4092,263,-2513,643,-246,-351,467,476,0
2586324,1008,1008,725,856,-3041,-4207,265,-2316,-568,-63,-254,483,476,0
2589652,1010,1010,181,650,-4016,-5178,-31,-2139,-452,10,-117,496,471,0
2593011,1011,1011,631,1062,-6797,-5246,18,-1978,167,355,-22,488,465,0
2596324,1013,1013,518,612,-6874,-3987,-851,-1826,511,38,525,478,473,0
2599656,1014,1014,743,443,-5162,-3705,-1561,-1715,48,60,-35,466,482,0
2603015,1016,1016,912,218,-2690,-3661,-1840,-1612,27,470,62,457,494,0
2606348,1017,1017,556,218,-510,-1822,-2018,-1499,19,390,224,451,469,0
2609659,1019,1019,181,0,-1256,-175,-2238,-1414,11,-480,302,471,473,0
2613015,1020,1020,481,312,-3312,-280,-2187,-1334,-184,73,-76,455,464,0
2616352,1022,1022,0,106,-2971,97,-2396,-1278,-557,276,58,482,459,0
2619662,1023,1023,106,256,-4185,549,-1946,-1205,-90,118,411,459,451,0
2623016,1024,1025,781,0,-4531,1186,-1045,-1072,628,-362,210,439,468,0
2626352,1026,1026,1137,368,-3301,980,-743,-976,657,341,401,404,445,0
2629665,1027,1028,2543,1118,-705,1046,39,-875,83,512,576,370,430,0
2633016,1028,1029,2375,837,1527,2558,-519,-840,805,471,591,379,445,0
2636358,1029,1030,2712,1381,4405,3274,-889,-849,367,437,785,377,432,0
2639669,1030,1032,2712,856,6831,3467,-1329,-880,-577,691,718,377,444,0
2643016,1031,1033,2787,1137,5828,4539,-2052,-914,-348,677,671,389,445,0
2646357,1032,1034,2600,1418,5039,5329,-2829,-950,-7,622,772,399,430,0
2649672,1034,1036,2281,2187,4905,6030,-3065,-1002,-395,257,454,400,389,0
2653016,1035,1037,1418,2337,3189,6219,-2716,-1027,-768,-60,452,462,381,0
2656358,1036,1038,481,2506,-2177,5206,-1263,-1041,-1058,-275,378,497,357,0
2659676,1038,1038,406,3181,-9699,3011,-515,-1034,109,-227,235,501,353,0
2663017,1040,1039,743,2956,-10534,-1307,103,-956,641,213,600,467,365,0
2666358,1041,1041,950,1512,-5792,-2989,722,-872,177,209,13,456,426,0
2669678,1042,1042,1400,1250,-3889,-1457,2363,-802,-229,102,-705,448,456,0
2673017,1044,1044,500,331,-5896,2371,1028,-822,-434,-226,-776,480,489,0
2676358,1045,1045,781,706,-7706,444,-54,-884,-375,-296,146,481,485,0
2679682,1047,1047,2225,1493,-9293,-2951,-918,-897,1087,53,522,451,490,0
2683038,1048,1049,1756,818,-6053,-2380,-535,-918,1005,196,193,492,526,0
2686358,1050,1050,1700,818,-368,112,233,-890,47,201,186,479,526,0
2689684,1051,1052,2712,368,-217,1194,268,-890,-32,552,385,425,534,0
2693042,1053,1054,2581,0,1560,1065,-199,-905,408,-117,844,432,565,0
2696358,1054,1056,2937,87,5388,488,-1056,-937,-284,381,221,413,533,0
2699688,1055,1057,2543,893,6241,835,-2060,-1002,193,162,282,450,506,0
2703071,1057,1059,1550,537,5330,2490,-2733,-1060,547,-104,72,478,500,0
2706359,1058,1060,1025,518,5683,2193,-2654,-1095,-212,5,-123,506,501,0
2709691,1060,1062,387,87,6420,2041,-2688,-1121,-133,-42,-374,524,508,0
2713042,1062,1064,350,0,2804,1163,-1718,-1112,-207,210,284,510,519,0
2716384,1063,1065,875,275,2769,1165,-586,-1060,-591,497,155,498,498,0
2719694,1065,1067,556,143,1169,808,156,-987,-430,-511,-259,499,489,0
2723042,1067,1069,275,368,-2646,-594,-839,-938,697,-158,168,498,461,0
2726385,1068,1070,706,537,-1121,-846,-1297,-918,368,-176,-17,491,468,0
2729698,1070,1072,875,1043,883,1261,436,-872,-230,558,56,491,466,0
2733043,1071,1073,1306,781,2527,2812,928,-819,32,30,200,484,480,0
2736385,1073,1075,1043,275,2562,2589,1196,-783,495,-384,-171,482,491,0
2739701,1074,1076,743,275,3363,1297,887,-739,807,-1118,-27,498,491,0
2743043,1076,1078,1343,143,5140,118,876,-684,-295,125,20,466,498,0
2746386,1077,1079,2581,781,5487,-19,1174,-606,-683,-939,467,400,464,0
2749704,1078,1081,2731,1850,2547,-3061,3065,-446,-175,-1390,253,408,407,0
2753071,1079,1082,0,1681,-4266,-6743,5564,-184,-543,-1507,669,760,417,0
2756398,1080,1083,3800,2543,-9430,-9146,6725,121,1034,-630,738,281,371,0
2759707,1080,1084,3800,2562,-9325,-7327,7607,444,1353,-259,771,226,370,0
2763077,1081,1085,3800,2131,395,-5246,8079,736,-296,-348,524,270,409,0
2766386,1082,1086,0,1043,869,-4918,7911,999,-24,400,641,856,467,0
2769710,1083,1088,0,500,2252,-1281,7159,1220,216,782,1039,860,480,0
2773068,1084,1089,0,1325,3454,3972,7208,1422,-449,55,323,827,452,0
2776386,1085,1091,2543,968,1732,5483,6751,1559,433,-149,-181,467,455,0
2779713,1087,1092,1775,781,3913,4602,5679,1705,974,118,-66,507,480,0
2783068,1089,1094,1512,837,6572,3397,5676,1884,-457,105,216,521,477,0
2786387,1090,1095,1606,537,4487,3980,5518,2085,-306,-341,223,516,493,0
2789716,1092,1097,2131,818,2889,2911,3273,2204,57,-212,166,488,478,0
2793068,1094,1098,2206,1437,4015,732,2950,2289,-40,128,174,484,461,0
2796387,1095,1100,2375,1606,4740,-1020,3376,2386,-293,139,951,475,436,0
2799720,1097,1101,1006,1925,3205,-2350,2925,2484,-670,-26,240,532,419,0
2803068,1098,1102,500,2281,-672,-4022,3929,2639,-373,246,454,550,391,0
2806411,1100,1103,612,2412,-3695,-3151,4588,2847,-218,-294,116,528,384,0
2809723,1102,1104,275,2393,-5784,-3063,6114,3124,-377,-36,23,530,385,0
2813069,1104,1105,143,2318,-6496,-3704,6121,3398,-512,176,-175,537,405,0
2816414,1105,1107,31,1137,-8038,-3522,5659,3659,679,45,-653,543,452,0
2819726,1107,1108,181,612,-8014,-2490,5159,3873,86,-100,631,519,480,0
2823069,1109,1110,462,406,-6462,-3966,5671,4069,-16,-239,1102,504,491,0
2826414,1110,1111,856,1006,-5526,-6080,5937,4250,33,120,687,483,459,0
2829729,1112,1113,1887,987,-3662,-7850,6022,4464,1015,154,195,437,469,0
2833069,1113,1114,2731,837,1222,-6892,5857,4688,708,484,48,408,493,0
2836415,1114,1116,2525,12,5558,-5139,5477,4845,-159,324,337,419,521,0
2839732,1116,1118,2918,931,8155,-4897,4923,4970,-29,593,148,414,488,0
2843091,1117,1119,2412,743,9472,-5318,4998,5089,235,211,34,441,498,0
2846415,1118,1121,1718,968,9170,-4597,5585,5236,-469,36,-108,478,470,0
2849736,1120,1122,875,1606,3249,-1896,5923,5393,-683,469,-7,507,436,0
2853093,1122,1124,31,1906,3185,-503,5557,5530,-280,592,362,537,405,0
2856416,1124,1125,0,1700,3621,97,5358,5602,-280,621,99,530,416,0
2859739,1125,1126,350,2168,3915,889,5030,5585,-337,254,335,504,391,0
2863092,1127,1127,650,2300,1255,1251,4780,5525,-110,590,738,488,400,0
2866416,1128,1128,856,2206,962,2153,4594,5430,-284,334,348,477,405,0
2869742,1130,1130,856,2281,432,3110,5765,5358,-883,546,-256,493,401,0
2873093,1131,1131,612,1812,-3170,3836,5992,5298,-241,420,-252,490,426,0
2876446,1133,1132,1081,2037,-5507,5701,5125,5235,307,156,-128,480,445,0
2879746,1134,1134,1156,1081,-5959,6088,4181,5140,966,-342,409,476,480,0
2883093,1136,1135,1325,1456,-2524,4553,5252,5093,-30,236,-37,467,476,0
2886416,1137,1137,2131,818,1174,5535,4865,5068,100,182,48,424,494,0
2889749,1139,1139,1606,875,203,7543,779,4915,-48,-610,-452,452,491,0
2893093,1140,1140,1287,893,-174,5183,2249,4812,-194,-128,-383,469,490,0
2896418,1142,1142,162,143,158,5518,2263,4781,-1109,-42,-49,513,514,0
2899752,1144,1144,650,537,-3422,6704,693,4710,-294,-23,-202,503,509,0
2903094,1145,1145,0,0,-5012,6277,2323,4677,657,-232,102,504,500,0
2906420,1147,1147,0,68,-3879,6068,3338,4690,29,-226,-177,509,477,0
2909755,1148,1148,275,387,-4918,5602,3176,4667,-164,-307,-206,482,476,0
2913094,1150,1150,125,0,-7064,5227,3535,4634,-266,377,-216,474,487,0
2916424,1151,1151,350,350,-7928,5841,3319,4547,723,-307,1183,462,462,0
2919758,1153,1153,875,368,-4280,4243,3062,4451,817,-821,994,450,461,0
2923094,1154,1154,1418,931,-567,1504,2565,4354,1276,251,552,405,431,0
2926445,1155,1156,3050,1137,4886,-186,1868,4251,1065,-242,737,359,445,0
2929762,1156,1157,2600,537,11399,-1193,1528,4122,-217,185,6,383,477,0
2933119,1157,1159,1362,275,11009,-611,1672,3989,321,-159,-93,465,491,0
2936430,1158,1160,2337,875,10409,-909,2984,3894,-6,-429,-251,413,459,0
2939764,1160,1162,931,237,10611,-1776,3519,3821,-433,85,-349,472,477,0
2943122,1161,1163,293,612,10114,-2878,2804,3737,455,262,164,522,473,0
2946433,1163,1165,612,800,12075,-3526,2626,3665,72,-295,305,489,447,0
2949768,1165,1166,237,1681,8567,-5642,3171,3608,-646,-749,276,525,416,0
2953122,1166,1167,218,1775,3995,-8956,2493,3512,-465,-387,440,495,396,0
2956436,1168,1168,856,1643,1323,-12401,2278,3398,689,163,-205,461,419,0
2959771,1169,1170,968,725,4857,-13218,2359,3298,324,322,-217,455,452,0
2963128,1171,1171,875,350,8301,-9741,2889,3221,-986,128,-45,444,472,0
2966440,1172,1173,593,387,1791,-5879,1094,3098,-1160,814,275,475,470,0
2969774,1174,1174,631,593,-3822,-3444,-368,2937,-568,32,-257,473,459,0
2973128,1175,1176,1700,725,-4973,-4087,-1036,2761,428,601,498,416,452,0
2976443,1176,1177,1793,1175,-2315,-2296,-42,2579,-57,534,962,426,443,0
2979778,1178,1179,1006,218,1061,3066,-398,2380,-304,719,300,452,478,0
2983128,1179,1180,2150,500,-1468,4821,-1087,2186,-72,287,-519,407,479,0
2986446,1180,1182,2225,593,-4676,6107,-2512,1976,501,8,76,403,458,0
2989780,1181,1183,2375,1287,-2622,6681,-2540,1733,205,158,498,411,437,0
2993128,1183,1184,2168,1550,-626,6503,-2283,1510,686,166,597,406,423,0
2996449,1184,1186,2862,1831,1158,5384,-3110,1388,-249,-139,596,385,408,0
