Time, Rlegs, Llegs, DCL, DCR, GyroX, GyroY, GyroZ, GyroZAvg, AccelX, AccelY, AccelZ, LBEMF, RBEMF, SteerOut
1160,644,647,875,0,203,-137,-153,-152,-12,0,233,63,64,0
4494,644,647,875,0,202,-137,-150,-151,-14,1,227,63,64,0
7822,644,647,875,0,201,-137,-152,-151,-12,-3,221,63,64,0
11160,644,647,893,0,201,-140,-151,-151,-15,0,222,62,64,0
14495,644,647,875,0,199,-137,-152,-151,-12,1,230,63,64,0
17825,644,647,875,0,202,-138,-156,-152,-17,1,226,63,64,0
21160,644,647,875,0,201,-133,-156,-152,-16,0,228,63,63,0
24516,644,647,875,0,199,-134,-152,-152,-15,2,227,63,63,0
27828,644,647,875,0,199,-134,-153,-152,-9,-1,224,63,64,0
31182,644,647,875,0,203,-134,-152,-152,-14,4,225,63,64,0
34518,644,647,875,0,203,-133,-153,-152,-13,0,228,63,64,0
37832,644,647,893,0,203,-133,-151,-152,-13,0,224,62,64,0
41185,644,647,893,0,201,-135,-152,-152,-11,0,220,62,64,0
44518,644,647,875,0,202,-133,-152,-152,-15,2,222,63,63,0
47835,644,647,875,0,204,-135,-151,-152,-10,0,225,63,64,0
51185,644,647,893,0,203,-135,-151,-152,-16,3,223,62,64,0
54519,644,647,875,0,203,-137,-151,-152,-18,1,229,63,64,0
57838,644,647,875,0,201,-140,-151,-151,-16,2,226,63,64,0
61186,644,647,875,0,201,-138,-153,-151,-14,0,224,63,64,0
64520,644,647,875,0,202,-138,-152,-152,-15,2,227,63,64,0
67841,644,647,875,0,197,-138,-152,-151,-11,0,228,63,63,0
71186,644,647,893,0,198,-136,-155,-152,-16,-1,226,62,63,0
74519,644,647,875,0,199,-136,-155,-152,-14,1,227,63,64,0
77844,644,647,875,0,198,-136,-151,-152,-15,1,227,63,64,0
81186,644,647,893,0,202,-131,-156,-152,-12,3,229,62,64,0
84519,644,647,875,0,202,-133,-153,-152,-10,0,228,63,63,0
87848,644,647,893,0,201,-135,-152,-152,-15,3,225,62,63,0
91186,644,647,893,0,203,-136,-151,-152,-11,0,225,62,64,0
94520,644,647,893,0,204,-132,-152,-152,-12,1,225,62,64,0
97851,644,647,875,0,204,-136,-151,-152,-13,0,227,63,64,0
101187,644,647,893,0,202,-135,-152,-152,-16,0,228,62,64,0
104520,0,0,0,0,202,-138,-150,-152,-14,0,227,63,64,0
107854,0,0,0,0,202,-136,-152,-152,-16,3,230,63,64,0
111208,0,0,0,0,199,-136,-150,-152,-14,1,227,63,64,0
114523,0,0,0,0,199,-138,-151,-152,-15,0,225,63,63,0
117858,0,0,0,0,201,-137,-152,-152,-15,2,223,63,63,0
121211,0,0,0,0,200,-139,-155,-152,-15,0,226,63,63,0
124545,0,0,0,0,201,-135,-153,-152,-15,0,226,63,64,0
127860,0,0,0,0,202,-134,-155,-152,-13,1,227,63,64,0
131212,0,0,0,0,200,-134,-150,-152,-11,-1,222,63,64,0
134548,0,0,0,0,200,-133,-153,-152,-15,1,221,63,64,0
137863,0,0,0,0,202,-134,-154,-152,-13,0,225,63,64,0
141212,0,0,0,0,200,-135,-152,-152,-12,-1,229,63,64,0
144554,0,0,0,0,202,-137,-151,-152,-13,3,222,63,64,0
147867,0,0,0,0,201,-136,-152,-152,-11,0,224,63,64,0
151212,0,0,0,0,200,-136,-154,-152,-17,1,227,63,64,0
154554,0,0,0,0,203,-138,-152,-152,-14,0,223,62,64,0
157871,0,0,0,0,205,-137,-151,-152,-18,1,225,63,63,0
161212,0,0,0,0,201,-138,-153,-152,-13,1,227,63,64,0
164554,0,0,0,0,201,-136,-151,-152,-14,0,226,64,64,0
167873,0,0,0,0,201,-138,-155,-152,-12,1,229,63,63,0
171214,0,0,0,0,202,-135,-150,-152,-13,-2,231,63,64,0
174554,0,0,0,0,203,-134,-153,-152,-12,1,224,63,64,0
177877,0,0,0,0,201,-135,-154,-152,-10,0,225,63,63,0
181213,0,0,0,0,201,-136,-153,-152,-14,2,226,63,64,0
184555,0,0,0,0,200,-132,-151,-152,-14,-2,226,63,63,0
187879,0,0,0,0,202,-132,-151,-152,-12,1,219,63,64,0
191234,0,0,0,0,201,-134,-150,-152,-15,1,225,63,64,0
194555,0,0,0,0,202,-135,-153,-152,-16,0,226,63,64,0
197883,0,0,0,0,199,-136,-152,-152,-16,1,229,63,64,0
201238,0,0,0,0,202,-136,-152,-152,-15,3,228,63,64,0
204558,0,0,181,106,203,-137,-150,-152,-130,-5,214,160,164,0
207886,0,0,518,537,7,-240,-72,-149,-90,35,247,158,157,0
211241,1,1,481,500,-466,-275,-13,-145,-1,-24,377,160,159,0
214558,1,1,818,837,-459,-572,20,-139,-64,25,362,158,157,0
217889,2,2,406,837,-670,-1079,83,-132,-9,38,345,180,157,0
221241,2,2,875,1100,-742,-1548,214,-121,49,126,384,171,159,0
224558,3,2,593,1231,-606,-2139,196,-110,-16,110,368,186,168,0
227892,3,3,743,818,-311,-2493,222,-98,-21,266,320,178,174,0
231241,4,3,481,781,-230,-2016,100,-90,-15,316,294,192,192,0
234584,4,4,875,762,33,-624,-116,-89,-30,296,299,187,193,0
237895,5,4,518,968,150,15,-289,-93,-39,227,326,206,198,0
241242,5,5,1043,1193,163,250,-367,-100,-66,226,212,194,186,0
244584,6,6,387,481,-6,767,-163,-100,-40,181,170,211,206,0
247899,6,6,612,406,-239,1029,-17,-96,105,0,152,199,210,0
251241,7,7,293,218,228,899,147,-87,-91,21,-45,216,220,0
254584,8,8,12,50,138,863,297,-73,-103,21,-108,231,229,0
257902,8,8,481,237,-651,748,224,-61,293,-117,12,222,235,0
261242,9,9,406,256,595,272,241,-49,120,2,9,226,234,0
264584,10,10,31,0,1328,-120,248,-36,-99,43,-4,230,232,0
267905,10,10,500,181,910,97,150,-27,61,-39,-21,221,238,0
271263,11,11,218,162,1208,125,132,-18,-28,29,-7,236,239,0
274585,12,12,31,181,1258,297,107,-10,36,65,-52,246,238,0
277908,12,13,312,31,1287,694,80,-2,186,2,-29,231,246,0
281267,13,13,237,293,1914,830,18,2,-305,-18,15,235,232,0
284585,14,14,0,181,999,799,-311,-2,-314,5,61,252,238,0
287911,15,15,443,443,-1735,437,-379,-9,-233,-148,137,242,242,0
291267,16,16,68,256,-3283,-603,-557,-22,123,-90,287,262,252,0
294585,16,16,350,462,-2701,-1358,-653,-37,7,-155,381,263,257,0
297915,17,17,275,668,-1337,-1681,-796,-58,57,-9,345,267,246,0
301267,18,18,200,743,-1638,-1863,-927,-82,476,153,553,271,242,0
304586,19,19,0,425,-371,452,-1337,-119,202,-134,860,267,243,0
307919,20,19,200,612,1318,1461,-1013,-146,-41,-216,843,255,249,0
311267,20,20,1006,893,886,1090,-702,-163,155,-234,816,228,234,0
314610,21,21,931,1006,1400,535,-311,-171,-60,-39,628,232,228,0
317921,22,22,912,1175,1376,581,-106,-173,-158,-232,589,233,235,0
321268,22,22,1512,1043,864,159,75,-172,-28,-303,644,217,242,0
324613,23,23,1287,1081,754,-1692,261,-166,23,9,496,229,240,0
327924,24,24,1006,837,857,-2527,197,-167,-113,145,305,239,248,0
331268,25,24,1100,1325,748,-2639,360,-162,-107,123,224,234,238,0
334613,25,25,856,556,729,-2391,642,-148,25,163,167,247,263,0
337927,26,26,518,762,145,-1695,449,-138,34,231,114,265,252,0
341269,27,27,537,500,-278,-917,296,-125,157,149,152,264,266,0
344614,28,28,706,218,1142,-295,-323,-126,287,203,-17,255,281,0
347931,28,29,1100,200,2605,-160,-632,-134,-120,-40,25,250,282,0
351269,29,30,800,162,2787,-352,-939,-158,-231,57,142,266,284,0
354614,30,31,125,0,1845,-708,-1098,-192,-39,-177,46,286,295,0
357934,31,32,0,181,1984,-1361,-902,-225,-302,-157,-46,293,283,0
361292,32,32,143,87,122,-1964,-1007,-266,69,1,-147,285,288,0
364615,33,33,0,312,-468,-1940,-1036,-305,180,75,-20,293,276,0
367937,34,34,12,537,1040,-1317,-727,-335,221,181,-31,297,269,0
371292,35,35,368,556,1789,-505,-506,-359,-167,46,-4,278,268,0
374615,36,36,275,575,1166,-112,-532,-380,-241,127,-62,283,267,0
377940,37,37,181,181,-71,88,-502,-400,100,-158,-14,288,272,0
381292,38,38,68,31,40,-266,-29,-404,-75,-59,-52,278,280,0
384615,38,39,275,0,171,-870,125,-403,156,-222,15,283,294,0
387944,39,40,106,162,697,-1762,-7,-403,-123,-1,-1,292,289,0
391292,40,40,425,0,440,-1986,-183,-399,40,64,-95,275,301,0
394616,41,41,237,125,796,-1393,-141,-392,-155,310,91,285,291,0
397947,42,42,200,162,483,-168,-456,-389,-206,318,2,287,289,0
401293,43,43,143,556,-519,1179,-551,-386,-301,214,170,290,268,0
404616,44,44,87,668,-2611,1941,-714,-383,-276,275,25,277,246,0
407950,45,45,162,800,-4109,2775,-730,-377,-95,371,213,273,239,0
411293,46,45,31,1193,-4758,3692,-912,-364,297,321,478,262,216,0
414620,46,46,1118,1043,-2113,4307,-868,-359,271,365,717,220,224,0
417954,47,47,1306,1475,-58,3901,-1235,-376,158,28,840,210,201,0
421293,48,47,1343,2112,822,2166,-850,-393,-495,-86,961,208,183,0
424622,48,48,1268,1643,-1596,-873,-880,-417,-368,36,833,212,192,0
427957,49,48,1437,1962,-3200,-2735,-853,-446,54,376,651,203,191,0
431294,49,49,1568,1643,-1995,-2563,-1314,-495,327,326,643,212,208,0
434625,50,50,968,1306,351,-1271,-1102,-536,153,449,491,244,226,0
437959,51,50,31,856,1778,255,-1195,-584,17,78,181,278,250,0
441318,52,51,0,762,2393,863,-1325,-646,-285,282,5,284,255,0
444629,53,52,68,593,453,1912,-1205,-697,-41,-131,158,276,264,0
447963,53,53,481,312,156,1379,-466,-721,224,-128,-45,270,279,0
451320,54,54,800,500,1444,452,-138,-715,-27,-61,66,271,287,0
454631,55,55,462,368,2810,-31,-714,-718,50,-45,17,289,294,0
457966,56,56,12,0,3122,-590,-1180,-726,76,-212,71,297,304,0
461322,57,57,162,0,3636,-1491,-1171,-728,240,42,-8,289,306,0
464635,58,58,31,0,5388,-1842,-634,-719,-296,164,-129,296,303,0
467969,59,59,237,0,4592,-996,-871,-715,40,65,1,285,302,0
471327,60,60,50,106,3992,-642,-1433,-728,-45,159,-101,295,292,0
474639,61,61,0,200,3131,242,-1470,-751,-47,-27,5,302,287,0
477972,62,62,106,162,2388,640,-1793,-791,-361,192,-84,292,289,0
481327,63,62,0,725,966,1081,-2210,-843,-21,-242,102,299,275,0
484641,64,63,12,668,962,400,-2006,-890,-376,-126,37,281,262,0
487975,64,64,425,781,-497,-326,-2034,-953,-520,-164,148,275,256,0
491328,65,65,350,875,-2967,-1257,-2216,-1026,-497,-16,113,279,251,0
494644,66,66,237,743,-6443,-1969,-2176,-1094,-254,47,139,280,253,0
497979,67,67,200,875,-8243,-1401,-2126,-1155,-44,329,315,282,262,0
501328,68,67,612,706,-8358,113,-2202,-1219,417,493,292,260,271,0
504647,69,68,1381,425,-6302,2049,-2336,-1278,624,24,922,219,286,0
507982,69,69,1550,218,-1850,1565,-1637,-1312,636,90,1199,210,281,0
511328,70,70,1362,312,3312,1016,-1093,-1324,229,106,925,220,276,0
514651,71,71,1287,406,5213,395,-321,-1311,-292,-83,569,224,271,0
517986,71,72,1025,293,3054,-492,-281,-1291,-1,0,607,254,277,0
521328,72,73,687,106,2342,-1235,-256,-1272,439,241,286,272,287,0
524655,73,74,368,0,4101,-908,-90,-1236,464,204,134,289,294,0
527989,74,75,406,0,6279,13,59,-1208,94,167,-32,271,298,0
531359,75,76,425,218,6683,710,270,-1172,-194,-23,-257,291,286,0
534657,76,76,0,331,5214,660,150,-1141,-48,-94,-246,300,280,0
537991,77,77,125,481,4647,206,63,-1098,-34,50,199,291,272,0
541328,78,78,0,631,4471,559,-13,-1064,-5,-7,-12,305,264,0
544660,79,79,181,575,3776,716,712,-1004,-82,-147,-67,288,267,0
547995,80,80,368,256,3725,181,971,-932,-51,166,-241,294,284,0
551353,81,81,293,125,3346,86,668,-874,-44,-17,-19,282,291,0
554665,81,82,537,87,2831,266,351,-848,-224,144,195,285,293,0
557999,82,83,12,0,1951,1080,163,-839,-16,-6,218,297,289,0
561355,83,84,181,0,2292,1908,-105,-820,-435,80,-7,288,282,0
564668,84,85,50,200,-1366,2707,-490,-798,-745,-302,186,295,271,0
568001,85,85,0,631,-5244,2149,-864,-789,-412,-305,217,300,264,0
571355,86,86,275,818,-7897,716,-914,-797,-262,-213,81,283,254,0
574670,87,87,0,481,-9849,-378,-547,-787,-311,-199,93,286,254,0
578004,88,88,0,368,-11292,-1405,-183,-748,-120,-96,-96,281,244,0
581355,89,89,0,125,-12034,-2150,145,-698,533,33,279,266,257,0
584673,89,89,575,237,-8906,-2615,695,-620,645,59,329,249,267,0
588007,90,90,593,293,-5849,-2641,799,-526,518,-97,354,248,264,0
591355,91,91,612,331,-3350,-2444,979,-433,568,-3,594,247,262,0
594676,92,92,800,106,-519,-1999,795,-344,-4,177,270,221,258,0
598011,92,93,856,143,-129,-1270,892,-247,388,-52,538,234,256,0
601355,93,94,350,312,1567,-1060,1386,-136,362,231,673,261,247,0
604679,94,94,106,312,4064,141,1803,-13,26,27,264,274,263,0
608014,95,95,0,162,4698,408,1960,116,112,54,294,275,255,0
611356,96,96,0,181,5300,569,1817,246,40,-53,120,293,254,0
614683,97,97,0,87,5228,845,1605,347,-103,-44,147,281,259,0
618018,98,98,275,218,3900,320,839,408,-480,24,-30,283,270,0
621356,98,98,218,387,1388,-13,467,432,-8,-156,192,286,277,0
624686,99,99,443,443,555,-187,561,459,36,-21,185,274,274,0
628020,100,100,406,350,491,-5,168,472,-88,-120,-3,276,279,0
631356,101,101,350,443,855,79,-119,471,-351,0,120,279,274,0
634690,102,102,0,331,-767,-262,-331,459,-81,43,-46,297,264,0
638023,103,103,31,331,-2216,-55,-593,432,53,-69,36,280,264,0
641380,104,104,0,200,-2655,161,-1007,396,-592,71,-147,286,271,0
644692,105,104,0,275,-6593,308,-1640,342,287,-186,407,290,283,0
648027,105,105,481,462,-4708,1094,-1484,296,535,49,565,272,273,0
651385,106,106,781,331,-769,2491,-1339,232,210,-135,459,256,280,0
654695,107,107,800,293,665,2598,-898,174,127,-379,852,255,282,0
658030,108,108,1343,368,1361,1900,-394,141,398,-218,964,221,273,0
661385,108,109,1718,537,3599,1259,-271,121,155,-277,907,217,264,0
664699,109,110,968,537,4730,-28,214,123,-298,-204,484,241,248,0
668033,110,110,743,912,3255,-1105,59,128,-155,-102,399,253,244,0
671389,111,111,462,537,2251,-2110,-18,143,142,-99,472,268,264,0
674702,112,112,481,331,2818,-2960,-126,166,61,175,179,267,275,0
678037,112,113,837,200,3010,-2997,-35,193,-96,57,65,264,282,0
681393,113,114,650,162,2571,-2379,27,211,-66,218,70,274,284,0
684705,114,115,181,50,2026,-1573,-136,213,-59,-36,-70,283,274,0
688040,115,116,87,0,1531,-1432,-415,195,-36,35,-34,288,284,0
691393,116,117,0,0,1054,-1474,-567,156,-226,-58,-136,295,283,0
694709,117,118,312,31,-656,-1783,-540,114,-119,-132,81,276,275,0
698043,118,118,237,500,-1445,-2399,-211,77,146,-48,-87,285,271,0
701394,119,119,0,537,-1069,-2705,11,52,19,-10,4,301,269,0
704711,120,120,181,500,-705,-2547,128,28,-44,72,-116,288,271,0
708046,121,121,162,275,-866,-2127,104,-11,9,65,-11,289,267,0
711394,121,122,106,275,-859,-1814,101,-64,3,82,-58,292,267,0
714715,122,123,218,162,-1030,-1457,189,-119,72,-124,4,286,273,0
718049,123,124,87,31,-640,-1704,386,-164,-102,-90,-39,293,280,0
721394,124,125,481,0,-838,-2221,426,-201,156,-125,-88,272,285,0
724718,125,126,237,0,-436,-2940,502,-211,-202,162,-36,285,296,0
728052,126,126,181,237,-1363,-2625,396,-214,-157,176,-74,288,285,0
731395,127,127,125,331,-2328,-1447,94,-228,-156,235,99,291,280,0
734721,128,128,0,0,-2777,184,-395,-246,-334,199,-21,284,283,0
738055,129,129,237,387,-4189,1365,-749,-266,-301,-80,333,269,261,0
741395,130,130,68,518,-4911,2440,-1248,-294,413,397,460,260,236,0
744725,130,131,987,612,-2245,4201,-1246,-315,467,179,640,227,231,0
748059,131,131,1175,837,1051,5171,-1194,-320,373,322,667,217,235,0
751416,132,132,875,931,4078,5782,-1415,-313,79,356,481,233,230,0
754727,132,133,875,1062,5608,6267,-1512,-314,-610,-126,498,233,207,0
758062,133,133,706,1793,2347,4192,-1731,-327,-818,-149,639,242,184,0
761419,134,134,1193,1643,-2752,874,-2139,-365,-164,-31,769,216,192,0
764731,134,134,1831,1400,-5713,-1424,-1841,-411,856,-52,494,198,221,0
768065,135,135,556,818,-1974,-2040,-1394,-446,691,62,570,250,236,0
771420,136,136,0,293,2075,-1902,-719,-475,255,-53,33,280,264,0
774734,137,137,0,125,3991,-1725,-282,-485,-42,318,29,291,273,0
778068,138,138,87,350,3703,-910,-1151,-521,-299,-56,-184,275,277,0
781420,139,138,481,481,1057,-723,-1247,-556,57,-86,-1,272,288,0
784737,139,139,668,575,1835,-774,-575,-573,-215,-129,-10,278,283,0
788072,140,140,125,293,1233,-1083,-343,-584,-29,-24,-35,291,282,0
791420,141,141,368,0,982,-1834,-630,-600,292,-95,37,278,298,0
794740,142,142,181,181,2928,-2442,-666,-608,233,-134,-16,288,288,0
798075,143,143,87,125,4226,-3074,-363,-601,18,-6,125,293,291,0
801420,144,144,0,87,4018,-3245,-815,-610,-118,41,-29,299,293,0
804744,145,145,181,162,2225,-2546,-1099,-638,-299,65,26,288,289,0
808078,146,146,143,368,636,-1757,-1604,-688,-51,142,-11,290,278,0
811421,147,147,106,443,-1129,212,-2175,-760,-27,126,167,292,274,0
814747,148,148,0,237,-1544,1402,-2746,-849,-547,-250,-26,284,269,0
818081,149,149,312,650,-4557,2047,-3116,-950,301,-38,273,281,263,0
821421,149,149,668,650,-4157,2146,-2925,-1047,-179,58,549,262,263,0
824750,150,150,556,556,-3543,2647,-2676,-1143,22,122,376,263,263,0
828085,151,151,706,593,-4030,3648,-2147,-1223,45,266,400,255,261,0
831442,152,152,1156,687,-5151,5179,-2707,-1323,612,-235,1004,231,256,0
834754,152,153,2206,650,-1295,4030,-1732,-1390,773,-370,1163,191,258,0
838089,153,153,1606,593,3651,1819,-1199,-1430,161,-186,1023,207,261,0
841445,154,154,1043,425,6067,-597,-1137,-1453,-423,-33,749,237,270,0
844756,154,155,1025,593,3631,-1765,-649,-1450,-173,-119,608,254,261,0
848091,155,156,781,518,1719,-2640,-724,-1434,122,3,434,267,265,0
851446,156,157,593,387,2539,-2578,-411,-1408,344,164,-4,277,272,0
854759,157,158,575,218,3990,-1254,-180,-1376,-35,293,10,278,281,0
858094,158,159,0,68,4040,232,-88,-1335,28,176,-265,293,289,0
861477,159,160,612,68,3388,730,-205,-1294,-198,-57,43,281,294,0
864764,160,160,200,181,2424,-41,-155,-1245,-304,-240,-18,287,288,0
868098,161,161,0,443,873,-1081,-85,-1180,138,-38,202,299,274,0
871446,162,162,0,537,766,-1403,181,-1117,85,154,-83,300,269,0
874766,163,163,12,575,597,-1175,42,-1072,53,-76,-19,297,267,0
878100,164,164,31,368,760,-1295,39,-1049,-15,55,-116,296,278,0
881447,165,165,162,406,1153,-1083,17,-1039,59,43,-28,289,276,0
884769,166,166,443,181,1565,-755,195,-997,-133,60,17,290,288,0
888103,166,167,368,200,1026,-524,529,-942,22,-170,36,294,287,0
891447,167,168,125,0,1274,-1008,731,-901,-1,23,-38,291,293,0
894772,168,169,87,0,1339,-1324,738,-867,134,-67,-100,293,294,0
898107,169,170,425,0,1732,-1618,856,-821,-334,168,-17,275,290,0
901447,170,171,500,0,27,-997,665,-779,-147,180,-74,271,289,0
904776,171,172,0,31,-895,175,200,-761,-198,239,157,283,278,0
908110,172,172,162,125,-1431,1421,-148,-741,-206,242,31,271,273,0
911468,173,173,0,312,-3083,3070,-458,-721,-311,87,146,269,247,0
914779,174,174,275,593,-4450,3918,-670,-691,-387,196,57,265,232,0
918136,174,174,275,1212,-6448,4269,-634,-643,-324,-94,217,265,215,0
921468,175,175,331,1156,-8550,2363,-857,-584,341,-128,737,262,218,0
924783,176,176,312,968,-6664,146,-636,-507,205,6,722,247,212,0
928140,177,176,387,950,-3897,-1559,-531,-432,395,-81,718,243,229,0
931472,177,177,575,481,-985,-3434,510,-332,-73,-59,444,249,254,0
934785,178,178,725,668,-1576,-3822,711,-243,364,75,571,241,244,0
938144,179,179,368,425,-1724,-2520,860,-132,135,67,495,260,257,0
941472,180,180,181,0,-357,-542,985,-47,336,320,335,254,266,0
944788,181,180,87,218,1560,1288,1253,29,256,-14,292,275,268,0
948147,181,181,87,331,3519,2029,1193,102,186,-83,242,293,280,0
951473,182,182,0,256,5243,2399,1194,159,293,-160,43,299,284,0
954791,183,183,31,125,5973,2061,1217,220,-287,-174,-114,296,291,0
958149,184,184,218,143,5175,748,1168,269,81,-144,138,286,290,0
961472,185,185,331,331,3831,-7,443,289,-188,-110,166,280,280,0
964795,186,186,50,218,2563,-146,567,309,16,-34,-54,279,270,0
968153,187,187,237,612,1760,-44,305,325,120,-157,209,285,265,0
971472,188,188,0,218,955,-574,-465,316,-663,39,5,293,270,0
974798,189,188,68,443,-1925,-520,-1012,287,-79,-124,78,278,274,0
978156,190,189,0,593,-3691,-327,-1378,238,-196,50,-7,282,266,0
981473,190,190,275,575,-5347,742,-1995,174,-179,-126,56,283,267,0
984802,191,191,331,537,-6766,882,-2342,100,-153,-80,51,280,269,0
988155,192,192,762,350,-7159,576,-2583,19,646,6,743,252,274,0
991474,193,193,1118,218,-2521,1482,-2488,-64,545,-114,828,233,281,0
994804,194,194,1531,0,1245,1470,-1700,-134,247,-129,913,211,283,0
998161,194,195,1625,50,3414,1240,-1143,-192,282,-218,920,206,274,0
1001494,195,196,1250,0,5042,452,-872,-243,-16,-160,870,226,286,0
1004807,196,196,987,368,4859,-295,-478,-284,-111,-48,344,240,273,0
1008164,196,197,1212,537,4295,-991,-282,-314,134,-187,460,244,264,0
1011498,197,198,725,443,4101,-1754,-275,-329,162,-9,162,270,269,0
1014811,198,199,200,125,4718,-1901,-90,-327,55,20,32,282,270,0
1018165,199,200,368,50,4521,-1446,-65,-315,-238,108,-39,273,274,0
1021499,200,201,162,0,2482,-974,-180,-300,-335,19,-162,284,282,0
1024815,201,202,293,0,643,-1126,-278,-288,-88,-106,104,277,293,0
1028164,202,202,912,1025,-162,-1611,-389,-274,67,116,-33,297,291,0
1031499,203,204,406,237,-615,-1690,-242,-261,-310,12,96,324,317,0
1034818,204,205,200,931,-1783,-1652,-191,-251,112,-23,-66,335,296,0
1038165,205,206,293,537,-1993,-1793,-170,-272,2,-20,50,330,301,0
1041499,206,207,31,0,-1472,-1606,-183,-300,45,-35,-163,328,315,0
1044820,207,208,106,218,-1761,-1440,138,-323,-97,45,12,324,302,0
1048165,208,209,68,0,-2106,-1423,364,-342,129,-130,-106,326,314,0
1051499,209,210,31,0,-1533,-1274,463,-367,-13,-21,46,328,319,0
1054824,210,211,162,0,-1468,-1787,583,-386,57,-88,0,321,317,0
1058165,211,212,256,0,-1349,-2466,648,-403,-16,8,1,316,317,0
1061499,212,213,331,31,-1194,-2492,510,-425,-79,126,-37,312,312,0
1064827,213,214,162,0,-1422,-1268,500,-446,-282,259,-70,305,300,0
1068194,214,215,256,125,-2734,75,117,-456,-109,102,123,298,289,0
1071499,215,216,312,331,-3294,957,-413,-487,127,205,458,279,262,0
1074830,216,216,406,725,-2222,1660,-730,-519,115,318,386,274,257,0
1078187,217,217,1006,1081,-684,2822,-866,-531,475,245,731,242,238,0
1081521,218,218,1212,1043,3045,4337,-1025,-532,205,237,683,231,240,0
1084834,218,219,1043,1231,3866,4379,-915,-517,-491,-126,649,240,214,0
1088189,219,219,706,1737,926,2563,-864,-482,-497,-226,819,258,203,0
1091525,220,220,818,1456,-3358,-802,-1063,-442,34,109,610,252,218,0
1094836,221,221,912,1437,-3379,-1581,-889,-389,567,259,554,247,235,0
1098190,221,221,931,987,-182,-1374,-461,-326,200,245,288,262,259,0
1101525,222,222,181,481,1766,-353,-219,-280,30,192,-12,286,270,0
1104839,223,223,143,350,2104,464,-363,-255,-149,-24,63,288,277,0
1108190,224,224,162,181,1145,713,-604,-247,122,3,-15,287,286,0
1111525,225,225,368,612,1682,656,-585,-250,63,-183,30,294,281,0
1114843,226,226,425,593,2318,134,-535,-258,-233,-130,-7,291,282,0
1118191,227,227,275,443,1476,-240,-611,-269,378,-170,89,299,290,0
1121525,228,228,218,0,3567,-909,-678,-287,177,33,-25,286,299,0
1124846,229,229,68,0,4970,-1213,-467,-299,-30,-42,0,294,302,0
1128191,230,230,68,0,4938,-1802,-565,-311,-280,74,8,294,299,0
1131525,231,231,0,125,2439,-1486,-915,-331,-143,0,12,298,291,0
1134849,232,232,12,143,1382,-988,-1365,-362,-117,140,-64,297,290,0
1138191,233,233,50,312,769,-274,-1611,-405,-92,-48,3,295,281,0
1141526,234,234,12,218,234,220,-1794,-455,-450,43,26,297,286,0
1144852,234,234,181,462,-1894,624,-1988,-512,-175,-174,114,288,273,0
1148192,235,235,200,631,-3409,553,-2428,-582,-355,-82,324,287,264,0
1151526,236,236,687,537,-5577,-88,-2722,-671,-72,35,488,261,269,0
1154855,237,237,387,350,-5644,374,-2618,-764,149,428,610,272,274,0
1158212,238,238,1175,218,-5729,1766,-3097,-876,494,-25,689,230,281,0
1161548,238,239,2131,256,-2196,2488,-2212,-963,808,-189,1200,195,279,0
1164859,239,240,1737,31,2253,1797,-1490,-1030,868,-26,1226,216,291,0
1168216,240,240,1137,668,5652,1392,-1180,-1083,-225,12,681,248,273,0
1171550,241,241,893,218,4887,402,-659,-1119,-376,-109,593,245,281,0
1174862,241,242,950,68,2756,-455,-845,-1149,309,-13,371,258,289,0
1178217,242,243,781,181,3138,-941,-605,-1155,178,94,121,267,283,0
1181550,243,244,556,0,4628,-510,-304,-1141,67,136,-202,279,293,0
1184865,244,245,387,0,5382,-342,65,-1112,-348,61,-215,288,293,0
1188217,245,246,293,68,3936,-242,-54,-1082,-101,-135,-62,293,289,0
1191582,246,247,218,556,2385,-167,-388,-1066,109,-50,127,302,268,0
1194868,247,248,125,500,2497,109,-208,-1045,145,-15,281,291,255,0
1198217,248,249,31,293,3099,-65,-50,-1013,-180,-90,-14,296,266,0
1201551,249,249,200,462,2021,-628,203,-979,-131,-84,-126,287,273,0
1204872,250,250,87,106,1487,-911,276,-956,116,92,-177,293,292,0
1208218,251,251,237,143,1974,-793,136,-945,-30,-99,33,285,290,0
1211550,252,252,143,0,2143,-791,197,-928,-81,39,-13,290,301,0
1214875,253,253,350,68,2291,-721,409,-896,-64,-123,127,295,294,0
1218217,254,254,200,0,2592,-697,407,-865,-202,117,19,287,301,0
1221551,254,255,162,0,1688,-100,216,-842,-162,41,33,289,290,0
1224878,255,256,218,12,318,976,-192,-828,-465,150,123,286,281,0
1228219,256,257,500,425,-1458,1924,-495,-823,-635,-260,98,271,259,0
1231552,257,258,406,706,-5947,1638,-675,-829,-595,-145,301,276,244,0
1234882,258,258,0,668,-8879,681,-596,-830,-523,-150,53,284,244,0
1238239,259,259,87,650,-11425,253,39,-800,-74,19,201,275,245,0
1241551,260,260,0,350,-11957,-937,-159,-763,384,51,303,268,245,0
1244884,260,261,462,237,-9090,-1824,18,-712,647,46,415,255,251,0
1248242,261,261,612,331,-4878,-2382,305,-646,429,104,517,247,262,0
1251576,262,262,537,293,-1428,-2031,957,-554,47,110,368,251,264,0
1254887,263,263,631,237,-554,-1629,794,-453,-116,-31,396,230,251,0
1258243,263,264,931,200,-1591,-1379,694,-347,180,48,466,230,253,0
1261579,264,265,462,143,-598,-88,1005,-234,444,62,531,255,256,0
1264891,265,265,50,443,1996,680,1631,-86,290,209,406,277,256,0
1268243,266,266,0,293,4354,664,1279,22,382,49,129,285,264,0
1271583,267,267,0,12,6756,948,1524,117,93,-140,143,297,263,0
1274894,268,268,0,87,6441,866,1499,200,-307,-96,-73,283,259,0
1278243,269,269,0,293,4513,51,719,243,51,-137,101,283,266,0
1281585,269,270,312,143,3117,-712,379,282,-322,61,26,281,274,0
1284897,270,270,518,481,2134,-591,671,321,99,-164,51,270,272,0
1288244,271,271,500,462,1649,-388,137,335,-96,-68,97,271,273,0
1291585,272,272,125,443,958,-459,-388,321,-323,11,90,291,274,0
1294900,273,273,0,406,-721,-718,-634,303,-262,-28,84,283,260,0
1298244,274,274,218,800,-2388,-544,-1055,282,-129,-55,-88,286,255,0
1301585,275,275,0,293,-4354,78,-1595,239,-523,-132,63,295,266,0
1304903,276,276,31,500,-6602,92,-1927,180,493,76,354,280,271,0
1308244,277,276,106,237,-6457,801,-1939,113,464,109,493,276,285,0
1311585,277,277,725,387,-2026,1949,-1892,45,-235,46,437,259,277,0
1314907,278,278,968,350,-1281,2949,-1555,-6,139,-191,682,246,279,0
1318265,279,279,1437,200,-51,2444,-955,-42,518,-316,1120,216,282,0
1321586,279,280,1812,368,3943,1552,-414,-68,254,-193,917,212,273,0
1324910,280,281,1268,256,5183,484,-85,-84,-31,-186,593,225,263,0
1328265,281,282,650,331,4997,-954,261,-82,-150,-63,439,258,259,0
1331586,282,282,631,575,4054,-1963,247,-68,-25,7,292,259,262,0
1334913,283,283,668,481,3884,-2572,211,-46,45,40,213,273,267,0
1338269,283,284,706,143,3831,-2325,195,-19,-263,155,-22,271,285,0
1341586,284,285,668,256,2200,-1737,4,0,-27,230,-12,273,279,0
1344916,285,286,218,0,1250,-942,-202,-8,-71,113,103,281,283,0
1348270,286,287,162,0,1080,-861,-291,-12,-29,17,36,284,284,0
1351587,287,288,0,0,464,-1064,-382,-25,-160,-109,22,296,279,0
1354919,288,289,0,218,-772,-1503,-293,-43,-121,-113,-76,298,265,0
1358270,289,290,237,368,-1768,-2072,-115,-77,178,-18,76,285,262,0
1361612,290,290,106,650,-1404,-2307,-27,-102,67,-17,-83,292,263,0
1364923,291,291,12,537,-960,-2141,86,-121,-112,-41,-11,297,269,0
1368270,292,292,125,443,-1339,-1817,166,-148,56,112,-70,291,274,0
1371613,292,293,31,143,-1326,-1415,172,-193,73,1,71,296,274,0
1374926,293,294,275,125,-918,-1237,281,-224,-209,23,-4,283,275,0
1378271,294,295,331,0,-1414,-1415,521,-256,126,-175,-31,280,285,0
1381613,295,296,143,0,-812,-2128,631,-283,-130,3,-50,290,287,0
1384929,296,297,68,0,-718,-2658,575,-287,-173,45,-110,294,297,0
1388271,297,298,331,0,-1589,-2074,527,-283,-147,373,120,280,287,0
1391613,298,298,331,237,-2652,-877,233,-296,-95,164,0,280,285,0
1394932,299,299,31,12,-3082,267,-209,-307,-203,254,300,280,281,0
1398299,300,300,0,350,-3780,1464,-856,-322,112,272,374,281,261,0
1401613,300,301,762,537,-1989,2420,-1009,-334,164,186,588,239,235,0
1404935,301,302,968,575,117,3574,-1227,-339,309,330,588,228,233,0
1408292,302,302,1118,781,3090,5223,-1223,-327,222,282,505,220,238,0
1411613,302,303,1306,1193,4614,6357,-1171,-304,-388,-211,635,226,216,0
1414939,303,304,593,1437,3092,5517,-1187,-280,-511,-184,642,248,187,0
1418295,304,304,781,1643,-1998,1380,-1654,-273,-201,-105,936,238,192,0
1421614,305,305,1231,1475,-4303,-754,-1322,-266,482,113,736,214,201,0
1424942,305,305,1250,1381,-2635,-1659,-919,-264,485,217,498,229,222,0
1428295,306,306,443,706,1138,-1640,-207,-258,387,107,286,272,258,0
1431614,307,307,0,387,2906,-1661,6,-255,-5,61,42,293,259,0
1434945,308,308,0,256,2990,-1456,-232,-270,-426,266,-334,293,266,0
1438296,309,309,0,275,658,-543,-537,-295,144,-170,-106,282,265,0
1441638,310,310,612,368,1304,-738,-288,-311,-222,-143,-11,265,278,0
1444948,310,310,725,781,1345,-965,25,-316,28,-149,-10,275,272,0
1448296,311,311,537,612,1164,-1898,-43,-317,136,-25,11,285,281,0
1451638,312,312,125,106,1708,-2409,-294,-320,388,-60,-21,291,292,0
1454951,313,313,0,68,3815,-2718,-96,-314,58,34,66,298,294,0
1458296,314,314,181,0,4354,-3086,-102,-305,-113,32,-15,288,303,0
1461642,315,315,87,106,3426,-2923,-295,-305,-198,32,28,293,292,0
1464955,316,316,237,200,2256,-2469,-684,-323,-393,151,-128,285,287,0
1468296,317,317,50,331,153,-1405,-990,-353,7,78,188,295,280,0
1471643,318,318,0,481,-565,-269,-1455,-401,-349,232,38,300,272,0
1474958,319,319,0,218,-1618,1361,-2188,-475,-323,-109,71,282,270,0
1478297,320,320,87,331,-3663,1737,-2441,-557,88,80,393,277,264,0
1481642,320,320,650,612,-2926,2274,-2384,-640,-26,-24,488,263,265,0
1484961,321,321,500,556,-3137,2639,-2182,-724,-287,257,265,266,263,0
1488319,322,322,668,612,-5615,4070,-1871,-803,171,345,208,257,260,0
1491643,323,323,1006,668,-5889,5496,-2449,-897,610,-230,1085,239,257,0
1494965,323,324,2131,668,-2327,4597,-1649,-965,829,-356,1278,195,257,0
1498320,324,324,1981,856,3829,1910,-1180,-1009,560,-168,1101,203,263,0
1501643,325,325,1100,443,6549,10,-1048,-1036,-391,12,684,234,269,0
1504968,326,326,1081,725,5571,-1491,-404,-1021,-410,97,362,251,254,0
1508320,326,327,800,518,2200,-2693,-631,-1010,208,9,377,266,265,0
1511643,327,328,575,293,2279,-2625,-408,-984,324,315,129,278,277,0
1514971,328,329,537,162,3687,-1417,-333,-956,156,226,-282,280,284,0
1518320,329,330,275,31,4570,354,-8,-920,-58,171,-122,294,291,0
1521675,330,331,556,125,3829,618,-131,-887,-86,-128,13,284,291,0
1524974,331,332,143,275,2957,-38,15,-835,-235,-305,159,290,283,0
1528321,332,332,31,368,2145,-1162,-43,-795,8,-46,13,296,278,0
1531644,333,333,0,481,1567,-1220,132,-762,-19,-15,51,299,272,0
1534978,334,334,106,631,1005,-1293,123,-752,105,22,-120,292,264,0
1538321,335,335,0,312,1435,-1405,186,-746,56,-5,-37,298,281,0
1541646,336,336,143,218,2069,-1297,167,-733,-159,175,-103,290,286,0
1544981,337,337,443,125,1619,-646,136,-712,161,-67,62,290,291,0
1548322,337,338,331,50,2212,-744,663,-683,-240,-74,-6,296,295,0
1551649,338,339,218,0,1761,-1039,726,-661,14,-130,10,286,293,0
1554984,339,340,87,0,1729,-1358,594,-641,-311,120,21,293,290,0
1558322,340,341,500,0,-316,-330,397,-619,-251,163,-59,271,285,0
1561652,341,342,237,0,-1136,1199,152,-612,-272,164,55,285,284,0
1564988,342,342,125,0,-1984,2381,-358,-620,-297,149,-7,273,280,0
1568322,343,343,162,312,-4068,3691,-937,-640,-521,125,167,271,263,0
1571655,344,344,0,518,-5814,4397,-716,-641,-669,-166,101,270,236,0
1574990,344,345,237,875,-8484,3755,-310,-619,-309,-340,326,267,217,0
1578349,345,345,368,1025,-10480,917,-279,-583,327,-262,630,260,225,0
1581659,346,346,800,875,-7762,-1062,-2,-514,462,-122,571,237,233,0
1584993,347,347,275,556,-4343,-2704,691,-416,292,5,640,249,234,0
1588350,348,348,368,293,-407,-3451,1571,-293,-173,198,304,244,248,0
1591662,348,348,987,593,-376,-2768,1396,-181,-208,98,192,227,248,0
1594996,349,349,500,368,-649,-2000,1357,-80,-110,168,386,253,260,0
1598354,350,350,143,293,-270,-604,1707,49,259,90,387,272,264,0
1601666,351,351,0,50,1225,446,1798,156,411,62,285,276,261,0
1604999,352,352,0,0,3725,739,1813,250,77,43,134,287,266,0
1608355,352,353,200,0,5555,1567,1871,341,125,-85,111,287,284,0
1611668,353,353,68,256,6083,1276,1842,411,-134,-143,-124,294,284,0
1615003,354,354,181,293,5486,236,1474,477,48,-209,56,288,282,0
1618356,355,355,425,256,4319,-350,1024,522,-342,32,81,275,284,0
1621672,356,356,406,406,2887,-136,1003,564,30,-71,26,276,276,0
1625006,357,357,0,275,1924,-14,888,592,114,-111,149,284,267,0
1628356,358,358,256,706,1107,-216,11,596,-498,85,3,284,260,0
1631675,359,359,0,406,-1089,-86,-548,579,-201,-34,101,296,260,0
1635009,360,360,31,668,-2960,-90,-886,552,-183,-47,23,280,262,0
1638356,361,360,50,631,-5140,605,-1388,505,-233,-157,54,279,264,0
1641678,361,361,331,481,-6689,784,-1814,444,-256,-166,55,280,272,0
1645012,362,362,443,500,-7927,637,-2023,375,725,-78,554,274,271,0
1648356,363,363,818,256,-3711,1481,-2189,302,451,-37,767,249,279,0
1651681,364,364,1193,331,-24,2043,-1589,248,266,-253,829,229,275,0
1655015,364,365,1681,0,1936,1868,-983,196,326,-313,935,203,284,0
1658357,365,366,1362,106,4249,869,-478,159,81,-146,915,220,271,0
1661685,366,367,1043,237,4693,80,-303,131,-50,-137,586,237,280,0
1665019,366,367,1268,443,4486,-666,-5,118,-49,-106,388,241,269,0
1668357,367,368,818,425,3793,-1473,-30,112,169,-6,323,265,270,0
1671687,368,369,612,350,4735,-1988,15,124,70,-17,168,276,274,0
1675022,369,370,387,125,5190,-1817,49,155,-245,125,-89,272,270,0
1678357,370,371,387,0,3694,-1299,-124,173,-177,144,-83,272,279,0
1681692,371,372,87,0,1850,-936,-301,174,-207,13,68,288,283,0
1685025,372,373,162,0,651,-1167,-456,168,-13,-41,-3,284,282,0
1688382,373,374,125,12,-46,-1731,-261,160,-121,-134,70,291,281,0
1691694,374,374,0,331,-563,-1835,-165,133,-80,32,-66,299,280,0
1695028,374,375,387,518,-1173,-1888,-49,83,99,-87,-7,293,270,0
1698383,376,376,31,612,-878,-1772,1,39,63,60,-67,296,265,0
1701697,376,377,256,368,-599,-1646,85,0,-27,-55,-76,284,262,0
1705031,377,378,68,275,-919,-1576,232,-46,-7,106,-92,294,267,0
1708383,378,379,331,50,-1147,-1374,325,-92,144,-39,-68,280,279,0
1711700,379,380,162,0,-581,-1287,419,-136,-66,-40,14,289,285,0
1715035,380,381,143,237,-834,-1650,506,-178,190,-97,-31,290,285,0
1718383,381,382,31,0,-536,-2389,626,-216,-235,187,-28,296,287,0
1721703,382,382,331,162,-1319,-2236,447,-248,-210,174,-134,280,289,0
1725038,383,383,31,0,-2418,-967,224,-273,-142,38,125,280,295,0
1728412,384,384,0,0,-3116,746,-188,-311,-199,251,-40,282,281,0
1731707,385,385,68,12,-4218,1770,-616,-358,-115,122,302,276,263,0
1735041,385,386,312,425,-4476,2397,-1009,-389,278,120,484,263,241,0
1738384,386,387,837,575,-1311,3219,-1187,-409,216,127,389,235,233,0
1741710,387,387,1043,1006,800,4004,-1572,-431,378,71,702,224,226,0
1745044,387,388,1025,950,2691,4471,-983,-418,-454,10,705,225,213,0
1748384,388,388,837,1718,166,2307,-864,-388,-283,-176,864,235,188,0
1751713,389,389,706,1568,-2766,-413,-834,-351,73,-180,986,242,196,0
1755048,389,390,1437,1287,-3085,-1881,-712,-305,345,245,543,219,211,0
1758385,390,390,1081,1212,-328,-1789,-308,-265,354,22,596,238,231,0
1761716,391,391,0,762,1497,-1264,279,-226,37,-5,342,281,239,0
1765051,392,392,0,837,2425,-936,410,-198,-300,86,-41,292,235,0
1768409,393,392,12,1025,623,-680,73,-186,-80,64,66,279,241,0
1771719,394,393,331,893,-517,-920,84,-183,-83,-28,-147,280,266,0
1775054,395,394,631,556,-745,-758,683,-161,217,-186,6,280,284,0
1778413,395,395,537,575,588,-1100,951,-132,-109,-138,20,285,283,0
1781723,396,396,443,68,393,-1546,766,-109,174,-55,35,274,294,0
1785057,397,397,162,143,1125,-1771,655,-85,188,-42,64,289,290,0
1788413,398,398,50,31,2880,-2250,282,-67,235,-31,-13,295,296,0
1791726,399,399,0,106,3671,-2569,488,-37,-114,2,-8,303,292,0
1795060,400,400,125,12,3741,-2711,509,-13,-24,59,-91,291,297,0
1798417,401,401,12,200,2321,-2155,279,0,30,61,18,297,287,0
1801729,402,402,218,237,2008,-1839,-23,0,-69,120,-100,286,285,0
1805064,403,403,0,0,1118,-1091,-244,-6,126,-23,-16,291,282,0
1808421,404,404,0,143,1722,-895,-245,-17,-210,-68,-100,303,274,0
1811733,405,405,12,425,827,-574,-375,-36,-148,-42,127,281,259,0
1815067,406,405,368,706,-84,85,-888,-73,-159,263,437,273,255,0
1818422,406,406,575,668,-98,1216,-1174,-123,-240,162,390,262,257,0
1821736,407,407,668,931,-1160,1940,-1177,-176,-536,256,296,257,243,0
1825070,408,408,631,931,-3715,3611,-1474,-241,-117,254,262,259,243,0
1828422,409,408,631,1043,-5885,5333,-1207,-293,234,194,425,259,253,0
1831739,409,409,1437,556,-4868,5886,-1243,-339,437,-90,913,216,263,0
1835074,410,410,1700,837,-2174,4282,-864,-360,667,-235,1143,202,248,0
1838422,411,411,1700,631,2558,1971,-846,-367,474,-190,1087,202,259,0
1841742,411,412,1512,612,5482,-330,-925,-365,-239,-20,720,228,260,0
1845077,412,412,1118,818,5044,-2150,-579,-346,-311,30,278,249,265,0
1848423,413,413,706,537,2353,-2712,-700,-318,137,81,218,271,280,0
1851745,414,414,1362,1418,2623,-2338,-576,-306,310,261,-75,289,286,0
1855080,415,415,800,481,3990,-573,-502,-294,-78,233,132,303,320,0
1858423,416,416,181,87,4821,201,-213,-275,-192,4,-331,336,341,0
1861748,417,418,125,200,3635,22,-208,-259,-263,-62,41,339,335,0
1865083,418,419,275,406,2521,-881,-289,-259,144,-48,94,331,324,0
1868423,419,420,350,443,2612,-1231,-258,-275,-35,14,70,327,306,0
1871751,420,421,406,218,2407,-1372,70,-286,-30,-49,-178,324,318,0
1875086,421,422,387,406,2128,-1744,418,-275,-103,99,-146,325,308,0
1878444,422,423,331,12,1761,-1881,160,-273,19,131,-14,328,329,0
1881755,423,424,162,0,1872,-1359,-12,-295,-194,205,62,321,328,0
1885090,424,425,143,0,1246,-193,-23,-325,-127,28,232,322,328,0
1888448,426,426,0,0,1324,392,-265,-357,-268,151,40,325,321,0
1891758,427,427,0,0,58,1171,-499,-393,-258,179,97,321,317,0
1895093,428,428,87,0,-1670,2801,-1018,-434,-316,280,-79,307,304,0
1898447,429,429,106,143,-2863,3815,-1214,-487,-413,-75,200,290,288,0
1901761,429,430,181,312,-4755,3869,-1030,-535,-618,-115,160,286,263,0
1905096,430,431,237,762,-8854,2425,-436,-558,-472,-395,183,283,239,0
1908448,431,431,406,875,-11151,753,384,-545,-42,-187,250,274,249,0
1911764,432,432,200,856,-10463,-1094,377,-525,827,-147,514,285,250,0
1915099,433,433,256,350,-4883,-2682,870,-491,524,57,616,266,261,0
1918448,434,434,275,143,-1247,-2809,1518,-431,507,242,369,265,272,0
1921767,435,435,293,162,980,-1461,1911,-344,-430,152,106,264,271,0
1925102,435,436,556,0,-682,-727,1597,-257,-154,108,178,266,281,0
1928449,436,436,331,331,-2300,137,1447,-175,462,-37,274,278,278,0
1931771,437,437,0,218,-338,1080,1749,-75,648,-69,403,289,268,0
1935105,438,438,0,87,4073,1396,2180,30,509,-2,308,292,275,0
1938449,439,439,0,331,7242,1114,2539,148,-147,-70,167,308,280,0
1941774,440,440,0,237,7540,626,2312,248,-338,-123,-24,312,285,0
1945108,441,441,0,368,4004,-318,1469,320,-354,-77,185,308,278,0
1948449,442,442,0,275,1642,-876,1137,384,-7,-189,95,305,283,0
1951778,443,443,275,668,901,-866,818,428,36,-67,73,283,262,0
1955112,444,444,31,68,7,-181,71,452,-765,-37,140,280,278,0
1958449,445,444,181,800,-3656,107,-487,455,-82,-59,166,288,271,0
1961780,446,445,0,631,-4991,-23,-914,442,46,-250,83,285,264,0
1965115,446,446,387,500,-5535,434,-1398,405,121,37,437,277,271,0
1968471,447,447,668,312,-4131,1255,-1609,361,541,-115,897,262,281,0
1971784,448,448,781,237,-570,2176,-724,348,264,-247,807,256,285,0
1975119,449,449,1400,125,2137,2105,-342,345,87,-348,894,223,291,0
1978474,449,450,1437,181,3037,1226,-1,343,123,-249,861,232,283,0
1981787,450,451,1250,312,3887,604,247,337,85,-227,644,242,276,0
1985121,451,452,818,0,4303,-7,366,344,-126,-156,463,249,284,0
1988474,452,452,481,350,3683,-869,-4,344,-59,-101,233,267,274,0
1991790,453,453,406,481,3010,-1693,-238,337,148,-29,341,271,267,0
1995124,454,454,725,87,3659,-1995,-605,327,-96,153,65,270,288,0
1998475,454,455,781,0,2994,-2035,-574,324,-122,164,20,267,303,0
2001793,455,456,556,12,2188,-1895,-506,340,-136,89,-113,279,292,0
2005128,456,457,481,0,1275,-1780,-784,354,-107,-99,-102,283,294,0
2008475,457,458,0,0,316,-1791,-797,361,-6,-42,20,297,283,0
2011796,458,459,0,87,-111,-2094,-846,348,-43,-97,-39,296,272,0
2015131,459,460,0,87,-540,-2411,-685,315,-152,-127,108,295,272,0
2018474,460,461,50,331,-880,-2717,-361,292,59,-24,-87,295,264,0
2021799,461,462,68,556,-787,-2563,-291,256,-40,73,-30,294,268,0
2025134,462,462,256,462,-803,-2153,-373,197,-42,84,-174,284,273,0
2028475,463,463,106,256,-1178,-1829,-428,123,14,-4,63,292,284,0
2031803,464,464,0,106,-1017,-1697,-284,65,3,72,-51,297,276,0
2035138,464,465,350,12,-673,-1736,22,20,9,-235,37,279,281,0
2038476,465,466,237,12,-521,-2366,131,-29,-50,-86,-3,285,281,0
2041806,466,467,200,12,-738,-3007,41,-96,-129,86,-54,287,281,0
2045164,467,468,350,50,-1989,-2377,-101,-179,-217,182,32,279,279,0
2048497,468,469,256,50,-2787,-1046,-357,-262,-112,151,45,284,279,0
2051809,469,470,256,0,-3193,413,-677,-329,-377,333,149,284,286,0
2055168,470,470,256,425,-5008,1827,-1584,-414,-80,210,200,284,275,0
2058529,471,471,293,350,-4774,2899,-1654,-492,356,130,656,264,261,0
2061812,471,472,837,500,-1936,3894,-1713,-547,407,192,547,235,237,0
2065170,472,473,1193,687,1736,5210,-1559,-581,387,273,575,216,227,0
2068500,473,473,893,743,4226,6229,-1422,-597,-92,123,545,232,240,0
2071815,473,474,1212,1625,4154,6009,-1409,-597,-567,-327,561,231,193,0
2075173,474,474,1062,1625,-719,2055,-1807,-603,-488,-314,881,223,193,0
2078500,475,475,1231,1437,-4002,-594,-1650,-632,205,72,730,214,203,0
2081819,475,476,1550,1137,-3908,-1830,-1275,-661,642,172,400,213,219,0
2085177,476,476,687,1006,835,-2386,-260,-669,494,71,446,259,242,0
2088501,477,477,125,856,3378,-2304,13,-677,-8,99,49,289,250,0
2091822,478,478,0,181,3900,-2151,-222,-695,-472,268,-238,288,270,0
2095180,479,479,0,87,1790,-810,-649,-715,-114,-63,62,285,275,0
2098501,480,480,106,87,873,-745,-298,-717,-133,-2,5,274,275,0
2101825,481,481,1006,481,882,-498,258,-690,103,-174,-17,260,272,0
2105184,481,482,537,293,1275,-1552,322,-662,82,-114,-21,285,282,0
2108502,482,482,425,556,1188,-2319,-17,-647,333,-136,52,291,284,0
2111828,483,483,0,162,2842,-2864,-98,-625,46,12,50,299,289,0
2115184,484,484,406,12,4259,-3341,45,-599,95,-20,-28,276,297,0
2118502,485,485,125,50,4624,-3297,78,-570,-205,102,-9,291,295,0
2121831,486,486,87,50,3625,-2817,-97,-552,-386,176,-193,293,295,0
2125188,487,487,0,200,462,-1449,-1017,-572,-188,58,187,300,287,0
2128523,488,488,218,443,-1123,-167,-1841,-621,28,204,9,286,274,0
2131835,489,489,106,631,-961,1331,-2120,-675,-657,-65,88,292,264,0
2135192,490,490,237,668,-3315,2125,-2596,-743,-472,166,161,285,262,0
2138527,491,491,237,331,-4169,2143,-2678,-818,264,-102,675,269,264,0
2141838,491,492,762,650,-2236,2068,-2239,-889,-482,238,167,257,263,0
2145192,492,492,500,687,-4347,2783,-1685,-945,-272,274,71,266,256,0
2148527,493,493,593,837,-6667,4507,-2040,-1010,384,-43,595,261,248,0
2151841,494,494,1437,875,-5224,5404,-2105,-1073,493,-282,956,216,246,0
2155193,494,495,2112,837,579,3267,-1189,-1099,606,-257,992,196,248,0
2158527,495,495,1737,893,4726,984,-1285,-1118,154,-170,1039,216,261,0
2161844,496,496,1156,725,5948,-799,-818,-1094,-480,-8,601,231,254,0
2165193,496,497,931,481,3156,-2437,-756,-1066,-110,-64,480,259,267,0
2168527,497,498,593,368,1454,-3014,-809,-1038,180,221,261,277,273,0
2171847,498,499,481,275,2073,-2446,-592,-1008,288,232,-4,283,278,0
2175193,499,500,481,31,4237,3,-424,-976,118,330,-77,283,291,0
2178528,500,501,275,68,4718,1182,-193,-938,-181,40,-115,294,289,0
2181851,501,502,612,0,4014,1149,-303,-891,-241,-78,79,281,298,0
2185193,502,502,275,762,2634,-69,-274,-848,-41,-147,33,299,273,0
2188528,503,503,200,556,2188,-858,-122,-812,-75,-42,186,287,268,0
2191854,504,504,0,481,1830,-925,50,-803,-31,22,-70,301,272,0
2195193,505,505,31,143,1093,-872,-23,-804,58,-65,7,296,290,0
2198528,506,506,0,275,1785,-1183,17,-796,-95,206,-152,298,283,0
2201858,507,507,50,162,1693,-630,-39,-777,57,8,38,295,289,0
2205215,508,508,143,68,2238,-83,274,-759,-69,83,59,290,294,0
2208549,508,509,331,87,2022,-117,527,-751,4,-175,95,296,293,0
2211860,509,510,218,0,2175,-603,597,-742,-6,-33,-24,286,293,0
2215218,510,511,218,0,1731,-949,491,-727,-159,157,5,286,289,0
2218553,511,512,256,0,636,-195,457,-709,-278,270,37,284,284,0
2221863,512,513,143,12,-591,1029,138,-706,-105,127,-31,290,281,0
2225218,513,514,50,0,-1423,2465,-421,-722,-448,125,163,277,270,0
2228553,514,514,106,593,-3579,3006,-409,-732,-678,-94,79,274,248,0
2231867,515,515,0,706,-6792,2730,-151,-705,-498,-262,262,272,226,0
2235219,516,516,0,781,-10891,1261,278,-638,-267,40,253,270,222,0
2238553,516,516,406,762,-11533,1,81,-570,856,-139,829,258,239,0
2241870,517,517,687,650,-7385,-1359,165,-483,535,33,710,243,245,0
2245219,518,518,462,612,-1921,-2411,478,-385,269,88,497,255,247,0
2248553,519,519,462,275,191,-2268,1374,-272,-330,5,375,239,249,0
2251874,519,520,837,425,-1183,-2117,843,-193,-245,-13,276,235,257,0
2255219,520,520,518,275,-3199,-1295,974,-99,371,-60,445,252,265,0
2258554,521,521,256,218,-1732,-89,1246,5,570,61,547,266,268,0
2261876,522,522,0,0,1967,701,1683,95,522,174,295,276,267,0
2265248,523,523,0,537,5548,1191,1572,184,312,-60,167,304,269,0
2268554,524,524,0,87,7030,1204,1511,257,30,9,-207,292,277,0
2271880,525,525,12,0,7373,1150,1447,326,-76,-289,-143,297,284,0
2275219,525,526,462,0,6057,-5,1132,387,-345,-87,73,273,282,0
2278554,526,526,462,256,3993,-137,752,429,-264,-43,63,273,284,0
2281883,527,527,331,443,2570,-164,855,468,35,-80,48,280,274,0
2285240,528,528,275,556,1654,-278,296,484,-113,-91,77,283,268,0
2288576,529,529,293,743,814,-388,-582,475,-400,12,183,282,258,0
2291886,530,530,0,425,-1401,-589,-1193,446,-226,61,-32,297,259,0
2295244,531,531,106,443,-4509,-211,-1432,405,-89,-160,3,276,258,0
2298578,532,531,50,575,-5521,112,-1724,350,-413,62,42,279,267,0
2301889,532,532,331,481,-7511,763,-2486,273,-149,-32,4,280,272,0
2305244,533,533,650,143,-7416,376,-2613,191,442,96,474,263,290,0
2308577,534,534,1025,200,-4013,1018,-2653,109,482,97,626,238,282,0
2311892,535,535,1325,256,-301,1949,-1746,46,264,-264,907,222,279,0
2315245,535,536,1925,181,2984,1217,-1034,-2,416,-284,1047,206,283,0
2318578,536,537,1456,143,4280,402,-715,-43,185,-267,813,215,269,0
2321895,537,538,1100,68,5071,-337,-250,-66,-184,-74,561,234,273,0
2325245,538,538,818,443,4147,-954,-24,-81,-28,-55,262,249,269,0
2328578,538,539,875,293,3439,-1625,-39,-87,312,-1,360,262,277,0
2331899,539,540,631,462,4410,-1864,258,-65,149,93,171,275,268,0
2335245,540,541,668,331,5291,-1293,231,-45,-235,52,-142,273,275,0
2338579,541,542,218,0,3277,-371,68,-38,-304,111,28,281,277,0
2341902,542,543,68,0,1371,-182,-141,-52,-114,-13,-57,289,284,0
2345246,543,544,237,0,732,-731,-334,-65,-60,-56,42,280,283,0
2348579,544,545,162,50,207,-1237,-21,-70,-113,-151,-91,289,279,0
2351905,545,545,0,612,-578,-1344,275,-77,-84,-6,69,300,265,0
2355246,546,546,12,612,-1315,-1420,250,-112,53,-29,-109,297,265,0
2358579,546,547,293,593,-1135,-1299,200,-132,-6,-14,-2,298,266,0
2361908,547,548,125,181,-1100,-1041,338,-152,-1,151,-27,291,272,0
2365247,548,549,68,143,-1165,-764,458,-176,96,-26,-30,294,274,0
2368580,549,550,350,0,-779,-665,624,-210,-93,30,-66,279,285,0
2371911,550,551,162,0,-974,-721,699,-237,91,-145,2,289,288,0
2375267,551,552,87,0,-466,-1325,865,-257,-384,-422,125,293,284,0
2378604,552,553,0,0,-1840,-2534,500,-287,-1010,-525,31,298,282,0
2381915,553,553,368,350,-5495,-4583,687,-300,-451,-351,212,278,279,0
2385271,554,554,218,350,-9593,-5105,113,-320,-426,-118,43,286,279,0
2388635,555,555,0,0,-10778,-5247,-680,-368,423,-25,542,290,289,0
2391919,556,556,0,0,-7920,-4557,-1493,-424,270,102,432,278,278,0
2395271,556,557,950,0,-4261,-3183,-1735,-460,177,269,606,229,271,0
2398607,557,558,1212,368,-900,-317,-665,-444,6,166,988,215,244,0
2401921,558,558,1418,856,-583,1101,612,-380,-320,-32,789,204,234,0
2405271,558,559,1437,856,-1418,1416,787,-302,624,429,622,203,218,0
2408613,559,560,1137,818,479,2657,925,-195,835,464,542,219,220,0
2411925,560,560,1025,968,6390,4713,1419,-69,129,57,313,225,228,0
2415272,560,561,1118,725,7827,4491,1344,55,-65,44,129,236,241,0
2418613,561,562,743,500,7192,3887,1161,146,3,78,-52,256,253,0
2421927,562,563,106,0,6278,4084,1834,235,308,3,-313,274,271,0
2425272,563,564,0,0,7572,4022,1237,296,117,-128,-97,282,269,0
2428613,564,564,200,68,8182,3115,1231,343,184,-24,60,269,276,0
2431931,564,565,781,312,8797,2030,977,374,31,-54,-72,272,281,0
2435272,565,566,556,406,9291,2090,871,402,-55,48,-53,284,276,0
2438613,566,567,387,350,9378,2523,674,415,-26,48,-48,293,279,0
2441935,567,568,0,218,8566,2107,1169,445,-253,38,52,300,270,0
2445272,568,569,106,106,6540,1254,1218,481,-313,-79,17,292,276,0
2448614,569,570,50,387,3573,633,1041,518,-292,15,136,295,261,0
2451937,570,571,256,593,1423,519,578,546,-86,1,-107,284,266,0
2455294,571,571,125,556,932,462,-109,543,-169,-171,58,291,268,0
2458614,572,572,125,500,-10,155,-692,513,-400,34,0,291,271,0
2461940,573,573,593,893,-3604,113,-1027,473,-263,-32,221,282,250,0
2465297,574,574,162,1006,-4989,81,-1419,423,-147,-53,-20,289,244,0
2468615,574,575,106,518,-6178,-52,-1568,363,-578,-135,123,292,254,0
2471944,575,575,237,856,-9770,-894,-1766,294,-136,-51,40,285,252,0
2475298,576,576,425,575,-11014,-938,-1714,221,45,-36,-23,270,262,0
2478615,577,577,162,406,-11052,-1021,-1656,147,-134,78,-65,284,271,0
2481947,578,578,237,556,-11973,-1278,-1284,80,-61,124,-220,280,263,0
2485298,579,579,856,1437,-11160,-1612,-1453,19,1298,83,660,247,216,0
2488639,579,579,2000,2318,-4039,-611,-1612,-52,980,-438,1307,202,185,0
2491950,580,580,1925,2075,6041,-525,-1958,-117,52,-1087,1126,190,182,0
2495298,580,580,2000,2393,8543,-2212,-1628,-146,-760,-691,826,202,181,0
2498640,581,580,1700,0,7188,-3522,-1283,-140,-444,-427,604,218,377,0
2501953,582,580,1962,3800,5339,-3766,-2594,-167,473,-34,473,204,85,0
2505311,582,580,1906,3800,5866,-3314,-4519,-287,372,251,261,223,103,0
2508653,583,580,1550,3800,6121,-1973,-5582,-481,-285,347,238,242,127,0
2511956,584,581,950,0,3028,-398,-5487,-677,-273,322,196,279,855,0
2515299,584,581,1137,0,411,334,-4723,-853,-474,-140,211,285,857,0
2518641,585,582,12,0,-1612,-129,-4590,-1041,-58,186,149,329,860,0
2521960,586,582,462,3425,-1343,1078,-4737,-1231,-80,28,86,305,211,0
2525299,587,583,481,2843,-2047,2519,-4327,-1403,104,105,-201,304,242,0
2528641,588,584,650,2375,-1081,4258,-4226,-1592,-95,-337,-326,295,267,0
2531963,589,585,537,1643,153,4910,-3227,-1731,-271,-519,-74,301,306,0
2535320,590,586,425,1550,26,4353,-2378,-1844,-489,-366,-5,307,311,0
2538641,591,587,293,1343,-14,4775,-1507,-1922,-99,-206,69,314,322,0
2541966,592,588,0,837,1012,5635,-1457,-1995,-346,-86,-82,316,333,0
2545323,593,589,68,743,897,6540,-1506,-2063,-143,54,113,310,338,0
2548642,594,590,0,650,780,6980,-1519,-2147,82,-52,89,317,343,0
2551969,595,591,68,668,-589,6716,-1339,-2227,-63,-508,309,310,342,0
2555324,596,592,0,87,-1130,3642,-841,-2285,-76,-631,344,305,355,0
2558642,597,594,0,350,-1979,-310,-548,-2321,-365,-503,257,303,325,0
2561972,598,595,0,237,-4029,-5189,-467,-2332,-80,-487,157,294,315,0
2565324,599,596,87,481,-5405,-7907,-170,-2316,-137,-169,289,275,302,0
2568642,600,597,593,593,-6282,-9530,-269,-2292,368,-6,179,248,296,0
2571975,600,598,1156,425,-5033,-9764,-596,-2266,563,284,381,234,305,0
2575324,601,599,931,256,-1788,-9370,-87,-2220,278,170,334,246,314,0
2578667,602,600,931,0,812,-9086,-243,-2172,160,229,47,230,320,0
2581979,602,601,1362,0,1927,-8876,-1358,-2161,106,-110,-25,223,321,0
2585324,603,602,1100,350,1297,-9616,-1680,-2162,163,1018,477,237,293,0
2588670,604,603,1287,950,-718,-8057,-1562,-2171,-299,403,576,227,261,0
2591982,605,603,1625,1231,-1959,-4906,-543,-2142,280,570,729,209,246,0
2595353,605,604,1981,1793,-1453,-3914,-440,-2105,169,459,547,224,250,0
2598671,606,605,1137,1400,-434,-3521,-488,-2060,-97,587,416,253,255,0
2601985,607,606,650,1325,-877,-2324,-63,-2011,-66,425,236,279,259,0
2605325,608,607,237,1175,-1526,-1140,1026,-1938,-346,110,-56,301,267,0
2608670,609,608,50,875,-2846,-228,1633,-1806,-179,238,175,311,283,0
2611989,610,608,143,725,-5079,528,1302,-1624,334,-13,-136,306,307,0
2615347,611,610,256,125,-4576,771,2097,-1385,157,-67,-95,300,323,0
2618671,612,611,50,125,-3997,1014,2392,-1138,251,-173,-84,311,323,0
2621992,613,612,0,106,-2278,302,1171,-954,-343,-102,86,305,308,0
2625349,614,613,50,143,-3743,-557,186,-805,2,-88,-212,295,306,0
2628671,615,614,0,0,-3843,-923,261,-649,247,111,-80,303,318,0
2631995,616,615,0,0,-2367,-348,564,-496,-95,48,-81,304,325,0
2635348,617,616,0,31,-2759,-240,189,-358,213,96,346,299,312,0
2638673,618,617,181,31,-2298,273,168,-252,248,101,224,283,307,0
2641998,618,618,931,87,-404,839,817,-152,214,195,191,259,304,0
2645349,619,619,987,350,805,1780,917,-76,289,278,-12,256,290,0
2648672,620,620,462,200,2271,2873,805,-5,124,184,136,268,282,0
2652001,621,621,725,462,3106,4403,783,65,267,144,175,254,284,0
2655349,622,622,893,0,4349,4880,634,132,240,240,115,245,299,0
2658672,622,622,1250,312,4886,5358,467,189,328,42,115,242,292,0
2662004,623,623,1043,143,6529,5073,598,234,-47,215,81,253,301,0
2665349,624,624,1418,293,6234,4909,432,264,141,19,6,233,293,0
2668673,625,625,1006,0,6200,4655,182,285,162,250,171,239,293,0
2672007,625,626,1325,218,6767,4416,-390,278,152,225,112,238,281,0
2675349,626,627,725,125,7726,3868,-1082,252,250,-292,441,270,286,0
2678676,627,628,1062,950,9972,2921,-1653,219,-213,-178,77,305,295,0
2682011,628,629,575,350,8872,1110,-1935,162,-552,83,-432,331,327,0
2685350,629,630,275,237,5957,1336,-1160,133,93,178,-96,347,333,0
2688680,630,631,143,481,6467,1737,-544,158,-425,-125,102,354,320,0
2692014,632,632,0,443,6155,1485,-162,206,-585,80,338,342,306,0
2695350,633,633,0,368,3133,1142,185,260,-1023,-79,445,335,310,0
2698683,634,634,0,237,-1780,491,861,304,-22,-466,75,330,317,0
2702017,635,635,106,31,-3420,-3128,905,346,-682,54,947,324,328,0
2705375,636,636,68,106,-6377,-3772,330,372,-77,55,269,326,324,0
2708686,637,638,31,462,-8417,-2100,-150,369,1033,-179,896,328,305,0
2712021,638,638,162,500,-3805,-1840,109,341,-219,-154,337,321,303,0
2715377,639,639,650,481,-4069,-2198,-217,283,-215,-358,602,295,304,0
2718702,640,640,762,350,-3765,-2386,416,255,50,-141,361,271,293,0
2722023,641,641,668,218,-2178,-3162,693,211,216,126,754,260,284,0
2725382,642,642,762,781,-533,-3059,1322,178,99,315,532,255,254,0
2728692,642,643,950,1081,681,-2304,1830,198,31,103,488,261,238,0
2732027,643,644,1006,1325,1773,-1573,2272,263,-200,232,423,258,225,0
2735384,644,644,500,950,1178,-1062,2017,318,-60,342,248,269,245,0
2738695,645,645,556,1043,240,-488,1767,356,-17,315,377,266,240,0
2742030,646,646,706,1137,388,592,1616,401,74,280,102,258,235,0
2745384,646,647,1400,743,719,1627,1899,455,-4,-14,136,237,256,0
2748699,647,647,631,893,1023,2436,2282,500,-157,98,-92,278,264,0
2752033,648,648,0,293,-553,2691,2545,551,365,-259,-9,296,280,0
2755384,649,649,106,181,149,1930,3013,620,221,-33,203,290,286,0
2758702,650,650,162,0,3320,1272,2296,668,-205,-85,6,287,299,0
2762036,651,651,612,350,2959,500,2134,714,-155,-144,76,281,295,0
2765384,652,652,237,125,2105,125,1496,747,354,-92,-43,301,307,0
2768705,653,653,425,312,3116,249,2088,793,109,-59,27,291,297,0
2772039,654,654,0,125,3939,395,2068,844,-49,101,-49,298,291,0
2775384,655,655,0,31,3909,649,2104,904,96,160,14,304,296,0
2778709,656,656,0,106,4932,896,2010,979,-140,110,-110,310,292,0
2782044,657,657,0,87,3775,1284,1716,1067,-264,-71,70,299,293,0
2785385,658,658,0,237,2269,1331,927,1147,-259,-80,53,307,285,0
2788711,659,659,68,650,925,1599,864,1235,-62,-3,31,294,263,0
2792046,660,660,0,481,484,1186,866,1298,-500,-13,36,299,272,0
2795384,661,660,237,1043,-1197,782,1174,1352,-231,-239,62,285,258,0
2798715,661,661,200,1043,-3084,-60,828,1383,-380,28,172,287,242,0
2802049,662,662,218,800,-6921,-623,501,1393,-330,-81,107,286,255,0
2805385,663,663,425,668,-9176,-1038,374,1377,-169,-77,136,270,257,0
2808718,664,664,762,687,-9913,-1882,479,1364,526,-99,521,252,256,0
2812052,665,664,1606,1231,-7167,-3889,342,1365,1617,-26,1155,207,243,0
2815410,665,665,2112,2375,1280,-3182,-685,1348,845,-423,1031,196,182,0
2818721,666,665,1643,3050,7771,-1589,-2191,1276,-1125,-938,672,221,162,0
2822055,666,665,1568,0,5367,-1359,-3402,1176,-788,-960,846,225,343,0
2825411,667,665,706,0,3251,-2063,-3625,1050,16,-267,657,271,851,0
2828724,668,665,1400,3800,4080,-2389,-4706,881,247,-36,300,234,67,0
2832059,668,665,743,0,5166,-862,-5772,660,-19,-26,-20,285,853,0
2835412,669,665,256,0,4447,314,-6443,401,-648,-70,144,311,855,0
2838728,670,666,893,3800,2098,781,-6296,133,-207,0,176,277,149,0
2842062,671,666,256,0,-682,467,-5888,-113,-38,10,79,316,860,0
2845411,672,667,612,968,-1810,851,-5871,-351,-67,75,-46,297,358,0
2848732,673,668,350,2075,-2340,2328,-5402,-571,161,-108,-46,295,283,0
2852065,674,669,181,1606,-1790,3174,-5183,-792,109,-285,-256,304,308,0
2855412,675,670,350,1606,-709,3875,-4686,-1010,-300,-358,-19,295,308,0
2858734,676,671,106,1325,-434,4128,-4258,-1222,-95,-241,-99,308,323,0
2862068,677,672,575,1212,486,4949,-3804,-1435,-125,-117,28,299,329,0
2865412,678,673,106,950,1072,5766,-3454,-1615,-358,0,-55,308,343,0
2868738,679,674,0,950,835,6266,-2843,-1771,-23,36,85,314,343,0
2872072,680,675,200,631,330,6241,-2477,-1895,-457,24,67,303,344,0
2875413,680,677,200,331,-1161,5796,-2246,-2030,114,-414,364,303,344,0
2878741,681,678,143,237,-1832,2001,-1347,-2137,-93,-676,401,306,349,0
2882075,682,679,200,200,-2241,-2093,-1126,-2238,-31,-503,238,303,351,0
2885413,683,680,0,143,-2801,-5833,-1367,-2343,-30,-403,213,309,336,0
2888745,684,681,331,275,-3832,-9431,-1534,-2445,167,-139,343,278,329,0
2892078,685,682,668,312,-4195,-9880,-1563,-2523,-59,304,-32,244,311,0
2895413,686,683,650,293,-4678,-9028,-1066,-2583,449,222,222,245,312,0
2898747,687,684,612,387,-2953,-7788,-676,-2631,456,81,318,247,307,0
2902082,687,685,856,106,419,-8017,-1834,-2725,187,-70,53,250,322,0
2905440,688,686,1193,162,1386,-8701,-2316,-2823,262,75,43,232,319,0
2908750,689,688,950,68,2083,-8974,-2146,-2906,257,820,583,229,308,0
2912084,690,688,1493,837,1222,-7288,-1905,-2977,-64,709,654,216,267,0
2915442,690,689,1512,1287,501,-5015,-1334,-3034,-188,544,636,215,243,0
2918754,691,690,1100,1306,-456,-3696,-836,-3071,-177,653,378,237,242,0
2922088,692,691,1325,1212,-1249,-3469,-1186,-3086,-63,791,604,225,247,0
2925474,692,691,1625,2093,-2487,-2360,-1344,-3060,112,342,384,243,234,0
2928756,693,692,950,1212,-3421,-1443,-272,-2962,-5,324,203,263,265,0
2932091,694,693,350,1006,-3355,-339,984,-2818,-627,207,-195,295,276,0
2935446,695,694,50,500,-5964,395,734,-2648,141,38,12,311,303,0
2938759,696,695,0,143,-6572,448,1012,-2436,448,-83,-127,315,322,0
2942094,697,696,12,256,-4723,420,1078,-2201,-50,-118,-105,313,316,0
2945449,698,697,0,537,-4093,-39,375,-1993,-397,-207,-202,322,301,0
2948763,699,698,143,537,-6440,-795,-775,-1833,374,-27,-54,306,301,0
2952097,700,699,87,31,-4545,-946,-579,-1668,247,64,-82,293,312,0
2955450,701,700,0,12,-3179,-381,-46,-1500,81,59,73,301,313,0
2958766,702,701,106,106,-3037,-132,-563,-1356,68,77,199,292,308,0
2962100,703,702,462,106,-2747,633,-605,-1228,317,112,397,273,308,0
2965450,704,703,518,181,-857,1336,-133,-1099,240,149,130,270,304,0
2968770,704,704,706,200,1131,2808,-191,-986,444,222,173,271,298,0
2972103,705,705,687,575,3066,4122,-455,-893,215,147,143,272,278,0
2975450,706,706,1043,462,4137,5131,-393,-816,276,116,110,253,284,0
2978772,707,707,668,31,5231,5978,-524,-755,312,81,135,257,291,0
2982107,708,708,968,0,6522,6178,-588,-703,74,139,78,241,294,0
2985451,708,709,1268,0,6896,6389,-739,-684,103,-41,90,241,293,0
2988775,709,710,1381,0,7065,5983,-785,-674,10,3,4,235,293,0
2992110,710,711,1325,331,6758,5459,-1057,-664,237,-54,56,238,291,0
2995451,711,712,1212,143,8119,4145,-1482,-662,566,-139,503,244,285,0
2998779,711,712,725,68,11736,1821,-1878,-672,109,-249,-116,270,289,0
