Time, Rlegs, Llegs, DCL, DCR, GyroX, GyroY, GyroZ, GyroZAvg, AccelX, AccelY, AccelZ, LBEMF, RBEMF, SteerOut
985,779,814,0,0,200,-139,-149,-152,-17,-1,222,67,68,0
4302,779,814,0,0,201,-136,-147,-151,-18,2,229,67,68,0
7657,779,814,0,0,201,-135,-150,-151,-19,2,227,66,68,0
10985,779,814,0,0,204,-132,-153,-151,-21,5,224,67,68,0
14305,779,814,0,0,203,-132,-155,-151,-17,3,223,66,68,0
17661,779,814,0,0,204,-131,-157,-151,-14,1,228,67,67,0
20986,779,814,0,0,202,-131,-158,-152,-17,2,226,67,68,0
24308,779,814,0,0,200,-130,-159,-152,-17,3,222,67,68,0
27663,779,814,0,0,204,-133,-157,-152,-15,2,227,67,67,0
30985,779,814,0,0,205,-132,-158,-153,-16,3,224,67,68,0
34311,779,814,0,0,204,-130,-155,-153,-18,4,224,67,68,0
37667,779,814,0,0,202,-133,-153,-153,-17,1,228,67,68,0
40986,779,814,0,0,202,-133,-153,-153,-17,3,226,67,68,0
44314,779,814,0,0,201,-135,-152,-153,-18,2,231,67,68,0
44314,779,814,0,0,201,-135,-152,-153,-18,2,231,67,68,0
47668,779,814,0,0,202,-139,-151,-153,-19,1,223,67,68,0
50986,779,814,0,0,201,-137,-149,-153,-18,6,224,67,68,0
50986,779,814,0,0,201,-137,-149,-153,-18,6,224,67,68,0
50986,779,814,0,0,201,-137,-149,-153,-18,6,224,67,68,0
54318,779,814,0,0,201,-138,-149,-153,-21,4,227,67,68,0
57673,779,814,0,0,202,-139,-149,-152,-16,3,225,68,68,0
61007,779,814,0,0,202,-135,-150,-152,-15,1,228,67,68,0
64321,779,814,0,0,201,-135,-150,-152,-15,1,230,67,67,0
67676,779,814,0,0,203,-138,-150,-152,-15,1,223,67,68,0
71011,779,814,0,0,200,-136,-149,-152,-18,-1,225,67,68,0
74325,779,814,0,0,201,-135,-152,-151,-19,2,221,66,68,0
77677,779,814,0,0,205,-136,-152,-151,-16,1,224,67,68,0
81011,779,814,0,0,200,-137,-152,-151,-19,1,225,67,67,0
84327,779,814,0,0,200,-136,-151,-151,-17,3,225,67,68,0
87677,779,814,0,0,201,-131,-155,-151,-18,4,227,67,68,0
91011,779,814,0,0,201,-133,-154,-151,-15,2,222,67,68,0
94330,779,814,0,0,204,-132,-157,-152,-16,1,224,67,67,0
97677,779,814,0,0,204,-131,-156,-152,-17,0,225,67,68,0
101012,779,814,0,0,202,-132,-154,-152,-17,1,222,67,68,0
104399,0,0,912,875,203,-134,-156,-152,-14,2,226,66,68,0
107677,0,0,893,875,205,-134,-154,-153,-12,-1,223,67,68,0
111012,0,0,893,875,203,-133,-154,-153,-19,1,225,67,68,0
114337,0,0,893,875,201,-137,-152,-153,-16,0,225,67,68,0
117678,0,0,893,893,203,-137,-151,-153,-16,2,229,67,67,0
121012,0,0,893,875,202,-139,-150,-153,-17,1,224,67,68,0
124340,0,0,893,875,201,-138,-149,-152,-20,2,226,67,68,0
127678,0,0,893,875,202,-138,-150,-152,-18,3,230,67,68,0
131013,0,0,893,875,200,-139,-149,-152,-14,1,225,67,68,0
134344,0,0,893,875,198,-139,-151,-152,-17,1,225,67,68,0
137678,0,0,893,875,197,-136,-150,-151,-15,1,227,67,68,0
141012,0,0,912,875,198,-141,-153,-151,-17,2,230,66,68,0
144347,0,0,893,893,197,-140,-153,-151,-16,2,231,67,67,0
147699,0,0,893,875,200,-136,-155,-151,-18,1,230,67,68,0
151037,0,0,893,875,201,-136,-155,-151,-19,3,219,67,68,0
154351,0,0,893,875,202,-133,-155,-152,-17,2,226,67,68,0
157703,0,0,893,875,203,-133,-151,-152,-15,1,226,67,68,0
161037,0,0,893,875,202,-131,-153,-152,-19,2,225,67,68,0
164353,0,0,912,875,203,-131,-153,-152,-17,2,225,66,68,0
167703,0,0,893,875,205,-133,-153,-152,-15,2,226,67,68,0
171037,0,0,912,893,205,-130,-151,-152,-20,2,223,66,67,0
174356,0,0,893,875,204,-133,-153,-152,-20,4,224,67,68,0
177703,0,0,893,875,204,-132,-152,-152,-16,0,225,67,68,0
181038,0,0,893,875,204,-132,-151,-152,-21,3,226,67,68,0
184360,0,0,893,875,203,-134,-152,-152,-16,2,228,67,68,0
187703,0,0,893,875,204,-134,-150,-152,-18,6,224,67,68,0
191038,0,0,875,875,203,-136,-148,-152,-18,1,225,68,68,0
194362,0,0,893,875,206,-135,-152,-152,-16,1,225,67,68,0
197703,0,0,912,875,202,-136,-150,-152,-14,3,226,66,68,0
201038,0,0,893,875,205,-134,-153,-152,-20,4,224,67,68,0
204367,0,0,3181,3181,201,-135,-151,-152,-18,1,226,0,0,0
207707,1,0,12,425,178,-214,-139,-151,-133,52,264,169,163,0
211041,1,1,500,425,-63,-295,-148,-151,-63,55,266,159,163,0
214369,1,1,500,312,-151,-214,-237,-153,38,-21,235,159,169,0
217707,2,1,162,443,301,-313,0,-149,27,17,217,177,178,0
221041,2,2,593,293,665,-311,178,-138,-52,44,247,170,186,0
224372,3,3,368,537,666,-39,300,-124,35,76,262,182,189,0
227728,3,3,875,481,943,319,354,-108,2,114,241,171,192,0
231065,4,4,481,256,1118,380,405,-91,-13,50,237,192,204,0
234375,4,4,856,500,1334,515,460,-72,8,89,262,188,207,0
237732,5,5,631,350,1674,867,561,-50,75,80,283,200,215,0
241065,5,5,687,237,2053,881,626,-26,-93,15,283,197,221,0
244378,6,6,518,425,1756,586,550,-4,-190,8,335,206,211,0
247732,6,7,593,106,183,-85,370,12,-26,60,403,200,210,0
251065,7,7,631,443,-12,-612,266,25,-67,66,322,198,208,0
254382,7,8,1175,650,-185,-1115,105,33,-19,72,280,185,197,0
257732,8,8,968,593,-774,-1438,-231,31,-114,30,227,196,216,0
261066,9,9,575,481,-1148,-1662,-295,26,74,220,279,201,206,0
264385,9,9,837,631,-1241,-1657,-484,16,-47,178,181,203,214,0
267733,10,10,631,800,-2022,-1344,-640,1,-111,171,131,214,205,0
271066,10,11,856,837,-2509,-829,-721,-16,17,109,184,218,203,0
274388,11,11,331,443,-2305,-538,-647,-32,100,225,185,230,224,0
277733,12,12,200,500,-1434,-155,-608,-46,9,66,150,237,221,0
281066,12,13,875,743,-1214,55,-538,-58,-65,23,236,217,208,0
284391,13,13,556,1062,-1232,-45,-114,-57,-145,105,77,234,207,0
287733,14,14,537,1212,-1970,-375,257,-44,-93,137,93,253,217,0
291067,14,14,743,1100,-2702,-372,472,-25,91,113,199,258,239,0
294394,15,15,256,725,-2533,-161,644,0,57,145,134,268,243,0
297733,16,16,293,406,-2109,36,717,26,-5,65,53,266,260,0
301067,17,17,162,387,-1851,298,811,56,80,-48,108,273,261,0
304398,18,18,181,143,-1495,262,891,89,133,48,-102,272,274,0
307755,19,19,106,50,-717,386,793,118,1,28,1,276,279,0
311067,19,19,350,387,-664,662,689,145,-49,50,-77,279,277,0
314401,20,20,256,275,-764,602,276,158,137,-30,80,284,283,0
317758,21,21,331,237,-237,907,280,171,106,42,56,280,285,0
321091,22,22,0,106,382,883,356,190,414,65,126,290,276,0
324404,23,23,106,87,1260,910,450,204,573,86,437,276,277,0
327759,24,24,256,143,4369,1801,696,220,95,16,281,268,274,0
331094,25,25,406,0,4497,2282,804,236,-386,-197,475,255,278,0
334408,25,26,950,218,2887,1194,893,252,32,-313,819,242,281,0
337758,26,26,1381,387,2417,-1823,1115,275,298,-270,760,219,272,0
341100,27,27,1343,875,3853,-3263,1003,292,21,-45,632,221,246,0
344410,27,28,1212,781,4599,-3493,1111,309,-126,-23,682,228,235,0
347759,28,29,987,781,3269,-2738,220,296,32,-103,569,240,235,0
351100,29,29,818,968,2797,-1902,-454,265,-120,-23,495,249,241,0
354414,30,30,1325,1118,1457,-1367,-1276,213,-75,134,368,238,233,0
357759,30,31,1306,1006,694,-759,-1868,147,28,159,441,239,239,0
361101,31,31,1118,837,1039,-396,-2078,78,96,59,298,249,264,0
364417,32,32,800,481,1251,36,-2183,17,-135,205,70,250,267,0
367790,33,33,800,856,-507,764,-2532,-52,57,159,183,271,268,0
371101,33,34,575,518,-1077,1115,-2705,-121,9,106,165,283,270,0
374420,34,35,612,518,-1155,1393,-3117,-198,58,-47,70,281,270,0
377760,35,36,406,256,-1078,1283,-3353,-281,-15,-87,-68,292,284,0
381102,36,37,275,87,-1320,979,-3388,-366,-421,-151,-253,299,293,0
384423,37,38,106,443,-3680,466,-3123,-445,-78,-154,-37,308,290,0
387781,38,39,237,0,-4985,-217,-2712,-513,92,27,110,301,299,0
391102,39,39,125,406,-4662,-152,-2450,-586,278,-50,127,307,292,0
394426,40,40,0,31,-3700,32,-2275,-665,-314,136,-120,300,296,0
397785,41,41,0,50,-5168,683,-2535,-759,107,78,-56,305,295,0
401102,42,42,68,200,-5242,732,-2410,-854,-154,19,-36,294,287,0
404430,43,43,50,312,-5295,1262,-2239,-947,204,36,120,295,281,0
407785,44,44,237,518,-4464,1388,-2110,-1038,-7,119,-56,285,270,0
411102,45,45,0,181,-4004,1643,-2131,-1132,217,-54,177,284,270,0
414433,45,46,181,0,-2543,1299,-1703,-1210,170,-62,194,270,266,0
417785,46,47,931,0,-428,1069,-1304,-1273,257,-184,319,230,265,0
421103,47,47,687,200,1473,494,-1032,-1314,601,-165,335,243,269,0
424436,48,48,706,125,5766,-744,-911,-1351,126,20,135,242,273,0
427785,48,49,1081,50,6766,-646,-483,-1377,366,-15,141,238,277,0
431128,49,50,575,0,8561,-630,-94,-1394,375,-41,228,249,271,0
434440,50,51,293,0,10978,-805,175,-1410,50,27,95,264,265,0
437785,51,52,125,87,11728,-545,352,-1424,13,-41,37,273,259,0
441128,52,52,387,837,11568,-1437,349,-1441,-1061,-160,300,259,235,0
444443,52,53,425,1268,3397,-2680,8,-1476,-1248,23,802,257,196,0
447786,53,53,556,1681,-4056,-2950,-955,-1537,-287,-51,724,250,190,0
451128,54,54,256,1493,-6851,-3347,-1164,-1608,-159,227,664,266,200,0
454446,54,55,1081,1381,-4555,-2768,-1542,-1663,28,180,1026,256,224,0
457786,55,55,593,1287,-3463,-2512,-1689,-1702,-330,283,319,282,245,0
461129,56,56,687,1250,-1694,-1458,-1739,-1716,-342,46,224,277,247,0
464449,57,57,275,1381,-4328,-1737,-1649,-1710,-144,434,329,299,240,0
467807,58,58,762,968,-5406,-193,-1200,-1682,219,27,334,273,262,0
471129,59,58,50,837,-5094,1381,-574,-1632,-158,293,173,295,269,0
474452,60,59,12,500,-6251,1459,-1329,-1594,3,291,-56,297,287,0
477811,61,60,12,350,-5096,1416,-926,-1539,385,-77,86,297,295,0
481129,62,61,12,87,-3869,1453,-378,-1453,-57,-58,-83,297,309,0
484455,63,62,106,200,-1626,1294,-1315,-1389,68,178,168,292,303,0
487811,64,63,350,350,-1457,2095,-1763,-1339,-233,-70,-134,279,295,0
491130,64,64,556,237,-2841,2313,-1776,-1297,223,-185,-66,284,301,0
494459,65,65,162,218,-1601,1939,-1852,-1270,205,-136,-230,300,297,0
497811,66,66,350,200,-1316,1479,-1680,-1246,-62,138,-68,290,298,0
501130,67,67,0,0,-1756,1533,-1930,-1235,487,-17,245,295,293,0
504462,68,68,125,143,634,2117,-1450,-1201,254,43,144,286,285,0
507812,69,69,368,68,1695,2236,-1470,-1172,287,-81,326,273,289,0
511154,70,70,931,68,3378,1530,-1701,-1155,359,-97,378,243,289,0
514465,70,71,1437,87,6026,474,-2084,-1154,429,-180,352,232,288,0
517812,71,72,1137,237,8633,-462,-1902,-1147,423,26,226,248,280,0
521158,72,73,837,0,11315,-1315,-1871,-1152,33,-37,25,248,279,0
524468,73,73,743,275,12060,-1943,-1757,-1166,94,-44,199,253,278,0
527812,74,74,425,631,12167,-2310,-1210,-1172,-513,-83,61,270,259,0
531158,74,75,575,893,8705,-2692,-1251,-1182,-374,-22,236,278,245,0
534471,75,76,462,1250,4528,-3122,-1531,-1215,-227,126,228,289,231,0
537812,76,76,406,1493,1916,-3067,-1290,-1252,-379,81,255,292,234,0
541158,77,77,368,1437,-1122,-2652,-1321,-1299,-476,348,310,294,237,0
544475,78,78,293,912,-4513,-2129,-1596,-1360,-351,289,279,282,249,0
547813,79,79,443,687,-6690,-1259,-1825,-1428,69,250,360,274,261,0
551158,80,80,425,350,-6893,-788,-1792,-1484,118,311,172,275,279,0
554479,80,80,762,593,-6511,-104,-1986,-1516,36,31,396,273,282,0
557837,81,81,537,368,-5705,305,-1841,-1538,567,52,358,285,294,0
561158,82,82,650,312,-3282,702,-1138,-1525,81,154,255,279,297,0
564481,83,83,312,218,-2195,1338,-1487,-1519,-116,88,213,297,302,0
567836,84,84,387,368,-2151,1074,-951,-1494,-135,-64,26,293,294,0
571160,85,85,162,68,-2057,1004,-715,-1465,79,-186,-117,289,294,0
574484,86,86,68,331,-2262,609,-370,-1439,337,-59,204,294,280,0
577836,87,87,50,200,-778,896,-152,-1426,361,15,60,277,269,0
581159,88,88,331,256,921,1428,207,-1378,438,10,135,262,266,0
584487,88,89,800,125,3686,1867,778,-1325,201,-107,199,253,273,0
587836,89,89,687,425,4518,1789,1167,-1276,193,-109,141,259,273,0
591159,90,90,350,200,5711,1153,1424,-1191,92,-218,177,261,269,0
594490,91,91,350,87,6982,986,1737,-1081,254,-120,126,261,275,0
597837,92,92,293,87,8314,624,1903,-966,-430,-90,-13,264,275,0
601159,92,93,500,256,7538,1045,2030,-845,-823,-166,405,269,266,0
604494,93,94,50,368,2016,1682,1361,-750,-862,-385,538,277,244,0
607836,94,94,125,893,-2569,302,441,-676,-364,-263,708,273,232,0
611163,95,95,275,1175,-4984,-536,-557,-648,-61,-85,715,265,217,0
614497,96,96,556,968,-4880,-1069,-1011,-634,404,-57,723,250,228,0
617837,96,96,1006,1175,-2360,-1484,-1030,-613,56,-215,591,260,251,0
621166,97,97,481,987,-1580,-2421,-1307,-588,-547,-41,180,288,261,0
624500,98,98,0,443,-3956,-3022,-1708,-582,-255,-7,88,302,274,0
627838,99,99,87,537,-5844,-3048,-1662,-576,-68,18,117,293,269,0
631169,100,100,31,406,-5634,-2498,-1588,-570,144,160,60,296,276,0
634503,101,101,143,275,-4160,-1719,-1218,-571,312,54,285,290,283,0
637862,102,102,0,143,-2279,-1433,-1169,-568,169,-3,90,299,290,0
641172,103,103,0,0,-1335,-1510,-1398,-564,60,-1,145,306,301,0
644506,104,103,68,368,-651,-1711,-1219,-562,-113,-17,-104,294,294,0
647865,105,104,87,443,-303,-1777,-1584,-570,221,-50,67,293,290,0
651175,106,105,0,293,397,-1948,-1704,-573,-92,59,-119,289,282,0
654510,106,106,443,162,293,-1845,-1668,-568,23,-61,40,274,289,0
657865,107,107,275,50,119,-1672,-1405,-556,279,54,90,283,295,0
661178,108,108,68,31,1286,-1581,-1443,-539,67,79,122,289,291,0
664514,109,109,125,125,2428,-676,-1503,-529,92,83,87,286,286,0
667871,110,110,125,125,2760,109,-1238,-532,93,58,111,286,286,0
671182,111,111,237,125,3150,1063,-1094,-520,189,92,237,280,286,0
674517,112,112,87,0,4688,2010,-810,-515,261,158,103,272,284,0
677871,112,113,537,0,6230,2650,-670,-514,126,161,163,264,280,0
681185,113,113,425,162,7047,3460,-283,-511,-279,80,141,270,284,0
684519,114,114,425,650,4613,4074,-451,-521,-77,1,390,270,258,0
687872,115,115,1081,1156,3220,4330,-456,-541,-46,-108,676,235,231,0
691188,115,116,1718,1343,2414,2667,-336,-576,-89,-268,865,217,221,0
694523,116,116,1400,1512,883,-490,-330,-623,-189,-163,892,218,212,0
697902,117,117,1737,1756,-58,-2022,-414,-680,-357,-20,721,221,220,0
701191,117,118,1606,875,-1941,-3436,-750,-758,81,19,580,228,251,0
704526,118,118,1250,987,-2230,-4013,-710,-840,-6,244,391,247,261,0
707872,119,119,687,743,-2041,-3385,-178,-909,268,249,297,277,274,0
711195,120,120,406,612,-1132,-2372,116,-948,142,430,76,292,281,0
714530,121,121,725,537,-633,159,-102,-965,230,157,156,275,285,0
717872,122,122,593,350,508,774,-156,-952,120,192,51,282,295,0
721199,122,123,931,237,924,830,-396,-933,-129,-155,55,280,301,0
724532,123,124,200,0,197,118,-238,-908,-166,-87,-36,303,299,0
727873,124,125,218,0,-347,-344,-571,-885,-176,-192,64,302,298,0
731201,125,126,181,31,-2078,-799,-494,-847,12,-84,-25,304,296,0
734535,126,127,200,106,-2879,-966,-131,-799,109,-20,-45,303,292,0
737873,127,128,387,237,-3157,-801,208,-743,-6,59,-9,293,285,0
741204,128,129,12,31,-2455,-1008,72,-703,62,80,-25,295,278,0
744538,129,129,0,143,-2046,134,123,-662,28,126,12,293,272,0
747897,130,130,0,425,-1177,796,545,-602,-172,26,-15,294,257,0
751207,131,131,125,387,-1962,1343,630,-544,11,-83,36,273,259,0
754543,132,132,162,256,-2631,964,1024,-462,69,-130,-65,271,266,0
757898,132,133,556,200,-2328,35,990,-378,118,-139,126,266,269,0
761210,133,134,368,0,-1337,-1036,841,-300,425,-36,201,260,276,0
764545,134,134,218,68,1237,-1579,820,-230,134,32,192,268,276,0
767900,135,135,350,12,2325,-926,1128,-150,455,93,217,261,279,0
771214,136,136,443,12,5037,-306,1403,-59,101,110,118,256,279,0
774548,136,137,537,0,6614,706,1266,18,-58,235,340,251,266,0
777898,137,138,612,293,6377,1462,1130,88,-233,201,357,247,248,0
781217,138,139,462,818,5686,2380,909,141,-395,230,526,255,220,0
784551,139,139,800,1550,3866,3568,998,193,-750,-169,740,255,215,0
787899,140,140,331,1812,245,2146,479,217,-683,-190,946,280,201,0
791220,140,140,556,1850,-3241,87,-2,231,-501,-140,976,284,215,0
794554,141,141,575,1512,-5371,-1590,-77,243,92,88,778,283,233,0
797899,142,142,668,987,-4384,-2001,-420,241,17,187,424,278,261,0
801223,143,143,0,537,-2798,-1470,-666,230,-227,228,302,302,269,0
804558,144,143,0,725,-3248,-680,-863,216,-268,189,-303,304,275,0
807900,145,144,0,406,-4710,350,-1033,207,-18,192,-186,307,292,0
811227,146,145,31,275,-5440,1282,-1816,173,175,-219,33,296,299,0
814561,147,146,256,106,-5041,1015,-1735,124,48,-97,99,284,308,0
817900,148,147,275,275,-4545,318,-1316,79,38,46,12,283,299,0
821230,149,148,312,200,-3984,470,-1487,36,156,-8,187,281,303,0
824564,150,149,143,331,-2712,593,-1860,-16,58,-46,-42,285,291,0
827900,150,150,518,218,-2515,219,-1905,-64,177,-110,-62,281,297,0
831233,151,151,162,125,-2431,-355,-1143,-92,281,53,32,284,286,0
834568,152,152,218,200,-420,501,-1021,-106,107,152,-9,281,282,0
837924,153,153,218,87,-455,1825,-1463,-136,105,58,249,281,288,0
841237,154,154,350,50,181,2170,-1254,-171,383,-151,420,274,290,0
844571,155,155,481,106,2430,1394,-1400,-221,311,-210,372,267,287,0
847929,156,156,650,312,4456,845,-1394,-267,466,-65,174,258,276,0
851240,156,157,781,31,7375,785,-1234,-310,471,-108,258,251,275,0
854574,157,157,443,275,10540,512,-1193,-364,385,-159,224,269,278,0
857929,158,158,312,331,11992,-425,-1147,-420,275,4,126,276,275,0
861242,159,159,200,387,13054,-441,-988,-482,-187,-102,-6,282,272,0
864577,160,160,462,762,10068,-1102,-1061,-547,-674,23,108,273,257,0
867933,160,161,706,1006,5404,-1495,-1590,-622,-466,59,333,276,244,0
871246,161,161,481,1400,2887,-1862,-1344,-690,-322,69,252,288,239,0
874580,162,162,143,1287,-37,-2357,-1704,-779,-178,-46,289,290,229,0
877937,163,163,350,893,-1853,-2500,-1719,-876,-470,84,267,279,250,0
884584,165,165,200,143,-5559,-2521,-1489,-1050,-129,189,258,287,290,0
887938,166,166,31,68,-6135,-1779,-1550,-1127,-79,128,-70,296,294,0
891252,167,166,162,368,-6438,-843,-2113,-1224,20,48,267,289,294,0
894586,168,167,368,387,-4734,-178,-1548,-1287,255,170,67,294,293,0
897938,168,168,500,237,-3432,155,-1321,-1329,-107,204,315,287,301,0
901255,169,169,162,0,-3289,615,-1044,-1359,-36,-92,206,289,302,0
904591,170,170,106,125,-2178,654,-196,-1352,57,67,136,292,291,0
907938,171,171,87,143,-647,1006,-229,-1338,397,-8,177,275,272,0
911259,172,172,200,481,1345,1168,142,-1307,-129,-47,61,269,254,0
914593,173,173,462,406,2697,1692,531,-1258,378,3,104,255,258,0
917938,174,174,500,312,4495,1842,1103,-1167,223,-92,-13,253,263,0
921262,174,174,706,237,6272,1995,1576,-1063,-45,-98,83,242,267,0
924596,175,175,312,181,6588,1910,1702,-969,186,-8,110,263,270,0
927939,176,176,293,125,7629,1523,1851,-865,-391,-87,63,264,273,0
931265,177,177,331,256,6226,2125,1926,-746,-404,45,455,262,266,0
934599,177,178,256,31,2267,2884,1372,-644,-641,-114,350,266,262,0
937938,178,179,106,706,-1856,2404,749,-585,-413,-433,796,274,226,0
941268,179,179,218,1006,-4140,809,-15,-553,-61,-142,738,268,226,0
944603,180,180,293,931,-3827,100,-263,-516,275,-193,634,264,230,0
947960,181,181,837,1025,-2747,-562,-639,-497,-59,-165,499,253,243,0
951271,181,181,987,1175,-1918,-1798,-179,-458,-93,-181,362,261,251,0
954606,182,182,350,518,-2886,-2524,-234,-422,-304,-192,199,279,270,0
957963,183,183,125,518,-4449,-3509,-550,-401,-73,-11,182,291,270,0
961275,184,184,0,500,-4517,-3816,-599,-382,63,133,-4,299,271,0
964609,185,185,68,256,-3727,-3314,-834,-372,174,90,192,294,284,0
967963,186,186,68,312,-2396,-3048,-870,-369,270,15,66,294,281,0
971278,187,187,12,106,-771,-2732,-379,-347,-162,78,119,297,292,0
974612,188,187,256,612,-1166,-2747,-492,-313,-113,126,-113,284,281,0
977964,189,188,162,537,-1709,-2473,-589,-290,77,-16,207,289,285,0
981281,190,189,0,0,-1202,-2617,-510,-252,136,73,-6,294,298,0
984615,190,190,443,312,-844,-2757,-516,-215,8,-49,28,274,281,0
987964,191,191,237,256,-850,-2608,-551,-179,-70,44,-29,285,284,0
991284,192,192,31,106,-812,-2580,-502,-149,324,-78,84,291,287,0
994618,193,193,125,50,493,-2247,-416,-113,255,80,221,286,290,0
997964,194,194,200,218,1836,-1537,-184,-53,-11,173,16,282,281,0
1001287,195,195,312,125,1883,-136,-112,-8,252,153,232,276,286,0
1004622,196,196,50,0,2693,921,2,32,262,84,153,274,296,0
1007965,196,197,500,0,4231,1858,15,65,210,106,286,266,286,0
1011290,197,197,425,218,6086,3149,284,80,296,199,170,270,281,0
1014626,198,198,425,125,7755,4212,295,97,51,-80,64,270,286,0
1017964,199,199,331,406,7070,5388,267,101,-462,29,252,275,271,0
1021294,200,200,687,987,4059,5343,90,87,-236,61,303,256,240,0
1024628,200,201,1118,893,2475,4482,247,60,-399,-385,795,233,229,0
1028017,201,201,2693,2768,1072,1984,508,27,-44,-252,877,218,214,0
1031297,202,202,1587,987,485,-1652,-114,-29,119,-50,669,261,293,0
1034631,203,203,1981,1475,-220,-3540,-540,-104,-95,23,666,256,267,0
1037989,203,203,1775,1456,-1277,-4755,-870,-191,75,276,433,267,284,0
1041300,204,205,1437,856,-2150,-5242,-626,-253,4,303,347,285,300,0
1044635,205,205,837,1325,-2421,-3754,-415,-290,206,530,68,317,291,0
1047990,206,207,837,725,-2264,-1958,-310,-299,283,203,195,317,307,0
1051303,207,208,856,762,-661,-270,-636,-311,298,235,125,316,321,0
1054638,208,209,706,31,1076,-86,-729,-314,-86,-17,210,308,328,0
1057990,209,210,481,0,803,134,-1101,-342,-239,-143,-42,320,331,0
1061307,210,211,275,12,-251,-790,-876,-362,-405,-262,138,331,329,0
1064641,212,212,218,31,-1733,-1590,-1217,-383,-76,-3,-7,334,328,0
1067990,213,213,12,50,-3067,-1979,-576,-383,296,46,-33,329,327,0
1071310,214,214,0,0,-3515,-1690,-380,-368,307,144,-272,332,315,0
1074644,215,215,68,200,-2952,-1439,-162,-346,29,193,-67,308,301,0
1077990,216,216,0,125,-2063,-698,-404,-347,-51,24,-115,313,289,0
1081313,217,217,106,143,-1958,316,-139,-336,26,-54,158,290,288,0
1084648,218,218,237,218,-2447,346,335,-307,-89,-90,-15,283,284,0
1087991,218,219,425,200,-2533,8,617,-272,-32,-192,-62,289,285,0
1091317,219,220,256,0,-2518,-1220,464,-241,294,-142,2,282,299,0
1094651,220,221,518,0,-980,-2412,426,-211,249,56,293,268,288,0
1097991,221,221,406,31,328,-2443,473,-180,245,78,114,274,294,0
1101320,222,222,481,218,2081,-1638,884,-140,414,387,309,270,284,0
1104654,223,223,743,237,4099,357,879,-106,11,301,356,256,283,0
1107991,223,224,706,368,4484,1548,731,-80,-149,278,387,258,260,0
1111323,224,225,612,650,3006,2895,132,-76,0,376,430,263,245,0
1114681,225,226,612,837,3314,4528,33,-75,238,349,464,281,253,0
1118015,226,226,443,837,4706,6061,-69,-86,-14,271,391,290,269,0
1121326,227,227,481,1118,4629,7229,-222,-103,-316,-110,424,288,254,0
1124684,228,228,275,1662,1814,5780,-62,-113,-968,-196,357,299,225,0
1128016,229,229,556,1587,-3903,3004,-145,-120,-360,-212,483,284,229,0
1131329,229,229,443,1081,-7383,-595,170,-123,571,-48,383,290,256,0
1134687,230,230,537,1025,-4112,-1853,259,-130,337,-125,263,301,275,0
1138017,231,231,256,237,-1312,-2020,816,-101,57,118,74,300,301,0
1141332,232,232,125,68,-1977,-1415,1269,-45,-276,400,-211,307,310,0
1144691,233,233,12,143,-2517,426,258,-10,33,13,-115,313,306,0
1148016,234,234,312,481,-2462,969,-463,-5,-199,-122,-1,297,288,0
1151336,235,235,275,481,-2986,672,-584,-10,-59,-14,-48,299,288,0
1154693,236,236,387,275,-2665,659,192,5,345,-44,-100,288,294,0
1158016,237,237,387,68,-447,273,74,27,411,65,435,288,305,0
1161339,238,238,218,0,4376,488,423,63,275,-39,208,281,305,0
1164697,239,239,368,0,4486,938,505,113,199,166,366,273,303,0
1168017,240,240,556,0,4984,1360,504,156,598,87,258,263,299,0
1171342,240,241,968,0,7524,967,238,202,172,-165,547,257,294,0
1174699,241,242,893,312,8251,180,-171,215,17,-177,384,261,276,0
1178017,242,243,668,1081,8458,-449,83,229,-417,-189,306,273,235,0
1181345,243,243,350,968,5982,-862,-610,215,-668,-362,549,274,241,0
1184700,244,244,350,912,2193,-2355,-896,200,-433,-235,513,274,244,0
1188018,245,245,331,1062,-457,-2928,-1663,152,-124,-217,536,275,236,0
1191348,245,245,593,1118,-1740,-3065,-2091,76,100,169,376,277,249,0
1194704,246,246,706,481,-1851,-1884,-2722,-27,157,28,476,276,288,0
1198038,247,247,481,125,-556,-855,-2730,-127,57,93,282,288,307,0
1201351,248,248,350,218,401,-135,-2280,-212,-307,112,223,295,302,0
1204708,249,249,368,331,-697,913,-2385,-301,-130,74,70,294,296,0
1208043,250,250,87,0,-2141,1257,-2435,-405,-188,56,-88,293,306,0
1211355,251,251,0,0,-3860,1554,-2541,-511,15,-65,-33,304,302,0
1214708,252,252,87,0,-3964,821,-2556,-614,-124,-1,-154,293,304,0
1218042,253,253,31,162,-4820,756,-2526,-697,172,-89,89,296,289,0
1221358,254,254,68,256,-4689,980,-2131,-765,88,28,-24,294,284,0
1224708,255,255,106,162,-4663,1093,-1979,-825,-123,69,-83,292,289,0
1228043,255,256,331,162,-5160,1043,-1927,-878,-4,-61,-3,296,289,0
1231361,256,257,331,68,-5321,1006,-1826,-933,306,-36,246,280,278,0
1234736,257,258,256,200,-3417,1235,-1243,-967,393,43,276,282,269,0
1238043,258,258,0,143,-562,1439,-972,-1003,-107,-131,115,281,272,0
1241364,259,259,293,406,3,1950,-459,-1025,404,-199,252,264,258,0
1244709,260,260,500,293,2159,1622,322,-1041,362,-207,219,253,264,0
1248043,260,261,1025,200,4201,1010,701,-1059,91,-194,157,241,269,0
1251368,261,262,481,0,5432,364,1013,-1035,385,-196,21,254,275,0
1254709,262,263,425,0,7143,208,1462,-975,82,2,-8,257,273,0
1258044,263,263,106,31,7744,512,1791,-901,359,-194,4,274,278,0
1261370,264,264,275,106,8641,570,2112,-841,-583,-66,64,265,274,0
1264709,264,265,537,875,5983,-203,2379,-769,-269,-338,298,267,233,0
1268044,265,266,68,950,3659,-2401,2191,-713,-806,-63,421,276,213,0
1271374,266,266,443,1306,-1489,-3900,1238,-690,-497,-73,608,256,210,0
1274731,267,267,106,1381,-4885,-3527,704,-684,434,58,817,274,206,0
1278064,268,267,500,1662,-3648,-3085,273,-683,-96,69,578,271,225,0
1281377,269,268,706,800,-3643,-2854,-207,-684,-86,252,774,276,271,0
1284734,269,269,425,856,-3300,-2021,-966,-717,-186,73,189,291,268,0
1288069,270,270,0,818,-4246,-1873,-1675,-750,-392,-118,219,300,254,0
1291380,271,271,0,631,-5107,-1335,-1620,-773,171,255,320,302,264,0
1294735,272,272,312,425,-4046,-220,-1558,-770,227,-174,65,281,275,0
1298069,273,272,143,575,-1910,380,-323,-714,-136,318,106,290,283,0
1301383,274,273,31,350,-1591,514,-1277,-669,325,53,66,296,295,0
1304734,275,274,0,387,-846,711,-1036,-616,159,-10,101,298,293,0
1308069,276,275,143,162,-306,605,-1158,-581,-51,-14,-112,290,305,0
1311386,277,276,0,106,31,897,-1548,-555,-15,51,40,283,292,0
1314734,278,277,12,181,201,1774,-1722,-533,10,-14,-96,281,288,0
1318069,278,278,368,218,403,1956,-1544,-502,152,-204,27,278,286,0
1321390,279,279,237,68,1377,968,-1580,-471,-113,-109,-105,280,289,0
1324735,280,280,256,0,943,531,-1699,-445,252,-47,91,279,293,0
1328069,281,281,237,143,1657,717,-1808,-435,192,167,275,280,285,0
1331393,282,282,406,68,3635,1348,-1496,-420,245,-187,229,271,289,0
1334735,283,283,781,125,4898,982,-1063,-393,108,-126,475,251,286,0
1338070,283,284,1118,0,5131,-41,-751,-359,110,-111,430,233,287,0
1341396,284,285,950,406,5268,-1505,-753,-344,177,-207,425,242,271,0
1344736,285,285,931,987,5673,-1511,-411,-327,-116,-184,540,243,240,0
1348070,286,286,1081,1193,4661,-2251,-280,-321,-338,-102,584,235,229,0
1351400,286,287,1137,1118,1658,-3594,-443,-345,153,-37,589,248,233,0
1354757,287,287,1025,1268,1067,-3522,-474,-382,-61,216,430,254,241,0
1358123,288,288,1156,1268,225,-2511,-669,-434,-160,358,471,252,246,0
1361402,289,289,818,856,-1491,-1021,-953,-510,362,102,588,254,252,0
1364760,289,290,1006,425,-676,-467,-756,-589,133,249,306,260,275,0
1368094,290,291,762,237,-154,405,-622,-675,-242,218,231,273,285,0
1371407,291,291,743,425,-1835,1350,-710,-771,3,117,37,274,291,0
1374761,292,292,668,143,-3055,1808,-867,-867,5,80,113,278,306,0
1378094,293,293,406,275,-2906,1877,-1021,-937,241,-16,39,292,299,0
1381409,294,294,181,162,-1271,1111,-975,-990,-530,17,-149,304,305,0
1384761,295,295,237,406,-3342,1039,-1435,-1043,14,-128,-56,301,292,0
1388093,296,296,0,0,-4776,712,-726,-1059,13,13,-49,305,300,0
1391412,297,297,68,106,-4949,854,-441,-1043,85,-203,-30,294,292,0
1394761,298,298,68,143,-4792,534,-12,-991,-283,89,-148,294,290,0
1398094,299,299,200,275,-5664,682,-287,-949,202,-76,108,287,283,0
1401415,299,300,162,181,-4872,813,-135,-905,315,187,147,287,270,0
1404762,300,301,331,481,-2728,1536,321,-885,201,-17,296,278,254,0
1408094,301,301,181,237,-1183,2381,591,-826,270,-104,249,270,267,0
1411418,302,302,406,200,677,2014,1344,-752,438,-173,261,258,269,0
1414761,303,303,443,143,3029,1444,1709,-663,328,-254,170,256,272,0
1418095,303,304,912,181,4698,1,1739,-560,104,-196,64,247,270,0
1421422,304,305,612,0,5731,-324,1992,-444,428,45,122,247,272,0
1424762,305,306,200,0,7609,126,2498,-317,239,-96,39,269,272,0
1428095,306,307,106,0,9249,379,2967,-175,-117,-1,7,274,283,0
1431425,307,307,500,162,9137,754,2996,-29,-285,-227,76,269,271,0
1434783,307,308,387,650,7767,-408,3427,134,-351,-254,158,275,245,0
1438095,308,309,331,1062,5304,-3509,2794,268,-1082,-23,469,262,207,0
1441429,309,309,425,1400,-1466,-3859,1901,361,-707,3,560,257,205,0
1444786,310,310,481,1325,-5137,-3644,1351,426,-124,115,720,272,227,0
1448119,311,311,350,1062,-3881,-3073,103,453,-289,52,735,279,241,0
1451432,312,311,500,1006,-4300,-2960,-580,448,-49,407,605,287,260,0
1454787,312,312,593,893,-3739,-1623,-1307,416,-447,-26,312,282,266,0
1458123,313,313,556,1043,-5099,-884,-2381,355,-633,264,50,284,258,0
1461435,314,314,293,781,-5689,-566,-2513,291,387,283,562,282,256,0
1464786,315,315,462,950,-3180,817,-2048,248,-46,66,200,289,263,0
1468127,316,315,68,500,-2013,1165,-2065,214,32,83,-242,294,287,0
1471438,317,316,0,275,-2578,717,-2385,163,160,-101,127,299,299,0
1474788,318,317,0,68,-1186,727,-1837,125,35,10,-121,299,310,0
1478129,319,318,181,237,294,1119,-2496,69,-183,-14,79,288,301,0
1481442,320,319,275,218,-276,1382,-3088,0,87,127,-111,283,302,0
1484787,321,320,181,331,-55,2108,-2925,-59,182,-95,4,283,291,0
1488129,321,321,293,312,1267,1902,-2712,-113,-106,16,-114,293,292,0
1491444,322,322,162,50,979,1283,-2995,-162,-108,-65,17,284,290,0
1494788,323,323,143,0,358,1081,-3268,-241,243,120,85,285,295,0
1498129,324,324,181,68,1356,1092,-2966,-320,419,-1,309,283,289,0
1501448,325,325,425,50,2971,1363,-2827,-408,278,-43,480,270,290,0
1504789,326,326,818,68,5202,1075,-2340,-472,327,-184,264,249,289,0
1508131,326,327,1287,237,6950,-157,-1899,-528,195,-174,329,240,280,0
1511450,327,328,781,12,7173,-1241,-1737,-592,-87,117,416,251,276,0
1514788,328,328,818,875,6311,-1600,-1453,-656,-370,-387,365,249,246,0
1518129,329,329,500,1193,3391,-2802,-1186,-735,-283,-171,635,266,229,0
1521454,330,330,800,1193,1572,-3997,-1233,-827,-150,-54,420,250,229,0
1524810,330,330,968,1493,434,-4001,-1335,-923,-75,75,485,262,234,0
1528130,331,331,781,743,-990,-3619,-1121,-1020,28,410,511,272,274,0
1531457,332,332,706,1006,-1359,-2695,-871,-1125,118,238,415,276,260,0
1534813,333,333,668,893,-1540,-1385,-675,-1239,2,135,427,278,266,0
1538130,334,334,425,406,-1713,-113,-267,-1341,107,306,225,275,276,0
1541461,335,335,968,87,-2299,1100,-445,-1462,-42,147,300,262,293,0
1544813,335,336,725,31,-2893,1650,-374,-1561,27,90,-15,275,296,0
1548130,336,337,462,0,-2279,1571,-197,-1627,-4,-28,68,289,301,0
1551463,337,338,312,256,-2410,1571,-191,-1675,-420,-60,-153,297,300,0
1554813,338,339,181,0,-3552,1194,-545,-1695,-279,-112,20,304,302,0
1558156,339,339,162,237,-5411,1157,-410,-1690,295,43,61,305,301,0
1561466,340,340,0,0,-4219,1110,168,-1644,-86,147,-145,298,298,0
1564843,341,341,0,50,-5111,1432,380,-1558,10,-219,-28,303,293,0
1568157,342,342,0,31,-5229,940,476,-1464,343,98,103,283,278,0
1571471,343,343,50,443,-3417,1357,524,-1384,545,4,395,277,256,0
1574814,344,344,237,462,-227,1789,1121,-1284,-159,-11,91,267,255,0
1578156,344,345,818,368,600,2168,1789,-1154,363,-211,243,252,260,0
1581473,345,345,443,237,2627,1955,2459,-1019,300,-175,355,256,267,0
1584814,346,346,725,181,5259,785,2542,-862,1,-221,110,241,270,0
1588157,347,347,612,143,5736,118,2750,-680,353,-207,140,247,272,0
1591476,347,348,706,50,7575,-99,3200,-488,356,64,89,258,277,0
1594814,348,349,556,143,9259,203,3438,-296,-146,11,-25,266,272,0
1598157,349,350,0,125,9228,726,3710,-86,-423,-132,73,282,257,0
1601479,350,351,106,406,6994,-401,3820,134,-583,-381,165,274,258,0
1604836,351,351,218,1118,3689,-2725,3422,334,-796,-2,505,268,220,0
1608157,351,352,1156,1700,-1831,-3958,2123,488,-701,25,475,252,207,0
1611482,352,352,800,1681,-5177,-3385,1547,610,-57,75,703,271,224,0
1614839,353,353,556,1062,-3766,-2675,739,692,-146,109,766,284,257,0
1618157,354,354,125,706,-3961,-3102,-442,733,-261,262,568,291,260,0
1621486,355,355,275,631,-3523,-2084,-1243,739,-141,30,439,283,264,0
1624839,356,356,0,650,-3932,-1612,-2050,712,-847,89,-61,301,263,0
1628158,357,356,350,1025,-6262,-1056,-2388,676,218,296,333,279,259,0
1631489,358,357,612,800,-3996,298,-2307,646,200,-22,125,281,271,0
1634840,358,358,312,481,-1802,677,-1922,621,-62,17,-115,297,288,0
1638158,359,359,275,275,-2295,216,-2283,577,131,175,98,299,299,0
1641492,360,360,0,0,-724,452,-1750,543,-81,68,314,303,303,0
1644840,361,361,256,12,-352,761,-2381,477,-78,-89,23,284,297,0
1648185,362,362,275,143,-52,656,-2925,400,89,70,-107,283,290,0
1651496,363,363,50,181,548,1470,-2778,324,64,-4,3,290,283,0
1654840,364,364,87,68,1127,1734,-2629,248,-94,-98,-118,288,289,0
1658186,365,365,0,87,951,1216,-2897,164,13,-119,36,300,288,0
1661499,366,366,143,200,690,738,-3165,82,311,24,-18,285,298,0
1664841,367,367,181,87,1460,585,-2956,2,171,59,211,283,288,0
1668187,367,367,350,125,2933,1459,-2719,-87,200,143,171,274,286,0
1671502,368,368,575,256,4536,1849,-2434,-175,210,-188,387,262,279,0
1674840,369,369,1137,87,5374,1214,-1856,-248,158,-251,414,232,288,0
1678186,370,370,950,425,5654,-895,-1596,-314,51,49,621,242,270,0
1681505,370,371,1193,987,5921,-914,-1264,-388,-123,-196,568,245,240,0
1684863,371,371,1306,1493,4865,-1832,-1099,-479,-179,-78,609,239,229,0
1688218,372,372,1043,1475,1837,-3602,-885,-583,-84,50,607,258,235,0
1691508,373,373,706,1118,476,-3592,-816,-688,24,27,557,260,238,0
1694864,374,374,612,800,-491,-3590,-745,-797,-4,246,414,265,255,0
1698187,374,375,931,556,-1638,-2348,-719,-920,215,146,511,264,268,0
1701511,375,375,818,650,-966,-1128,-347,-1038,217,179,303,270,279,0
1704865,376,376,687,687,-462,-359,158,-1149,113,194,157,277,277,0
1708188,377,377,650,406,-1890,1419,-219,-1275,-145,-22,113,279,292,0
1711515,378,378,706,350,-2938,1752,-449,-1396,61,111,32,276,295,0
1714864,379,379,350,218,-2476,1639,-337,-1473,83,-4,32,295,302,0
1718189,380,380,0,0,-1765,1046,-345,-1532,-597,-92,-236,298,299,0
1721518,381,381,200,31,-4099,933,-665,-1576,-84,-187,-30,303,296,0
1724865,382,382,0,125,-5574,759,-235,-1570,123,14,-13,301,291,0
1728188,382,383,200,50,-4717,875,270,-1522,-61,-87,-21,303,295,0
1731522,383,384,237,0,-5146,740,527,-1442,-104,-6,-219,283,289,0
1734865,384,385,406,237,-5667,486,376,-1356,155,23,39,274,267,0
1738190,385,385,87,237,-3981,1009,562,-1266,444,145,178,275,267,0
1741524,386,386,218,462,-1488,1647,884,-1178,-98,-33,229,268,255,0
1744865,387,387,368,350,-826,2284,1304,-1066,332,-171,288,260,261,0
1748193,388,388,612,275,1536,1811,2161,-944,279,-168,313,247,265,0
1751527,388,389,612,0,4028,834,2286,-798,3,-197,158,247,267,0
1754866,389,390,725,0,4721,173,2354,-633,437,-74,163,241,276,0
1758197,390,390,275,50,7049,-499,2798,-459,330,69,159,265,277,0
1761530,391,391,687,31,8476,140,3178,-277,208,-9,62,259,278,0
1764889,391,392,593,31,9457,552,3585,-75,195,39,-66,264,278,0
1768199,392,393,68,87,9101,583,3624,136,-167,-213,79,276,259,0
1771534,393,394,68,556,6498,-1109,3713,345,-736,-193,459,276,234,0
1774890,394,394,462,1512,3497,-3386,2986,523,-1141,52,454,273,217,0
1778202,395,395,518,1512,-4367,-3289,1802,655,287,132,821,270,217,0
1781537,396,396,687,1306,-4907,-3200,1420,758,-178,62,561,277,228,0
1784893,396,396,500,1100,-3591,-3000,308,817,-225,287,815,287,255,0
1788206,397,397,743,950,-4030,-2519,-800,832,-249,243,451,274,263,0
1791541,398,398,106,593,-4035,-1459,-1690,813,-484,32,193,292,266,0
1794898,399,399,462,1025,-5374,-1117,-2360,767,-258,233,294,289,259,0
1798209,400,400,218,500,-5160,-131,-2534,714,357,88,387,286,271,0
1801543,401,401,125,425,-3124,995,-2040,673,106,72,109,291,291,0
1804899,402,401,68,125,-2444,569,-1686,643,159,108,177,294,307,0
1808212,403,402,0,256,-1671,423,-2091,588,205,60,130,301,300,0
1811546,404,403,0,387,-796,721,-2124,517,-91,-39,16,302,293,0
1814900,405,404,162,275,-797,710,-2821,436,154,42,46,284,294,0
1818215,405,405,462,275,-78,1328,-2841,361,6,202,-19,284,294,0
1821550,406,406,125,106,462,1951,-2697,287,-35,-149,-30,286,287,0
1824899,407,407,162,68,547,1793,-2743,212,-43,-87,51,284,289,0
1828219,408,408,181,106,432,805,-3030,138,145,-3,8,283,287,0
1831553,409,409,143,31,860,721,-3012,52,162,101,221,285,291,0
1834900,410,410,331,87,2092,1279,-2743,-42,149,68,172,275,288,0
1838222,411,411,481,125,3905,1945,-2539,-137,367,-74,434,267,286,0
1841557,411,412,743,0,5871,1317,-1996,-211,208,-246,303,253,286,0
1844900,412,413,1175,0,7155,117,-1526,-277,298,-46,572,230,282,0
1848225,413,413,893,331,7867,-440,-1345,-346,-208,-115,475,245,275,0
1851559,414,414,706,1081,6591,-1446,-1040,-420,-395,-211,385,255,235,0
1854900,415,415,1437,1756,4087,-2705,-1183,-524,-345,-121,636,269,252,0
1858228,415,416,1137,1662,1141,-3793,-1317,-637,-159,-10,426,301,257,0
1861562,416,417,1250,1700,-511,-4262,-1404,-754,10,302,641,295,271,0
1864901,417,417,1325,1231,-1248,-3897,-1304,-882,81,362,507,291,296,0
1868231,418,418,893,912,-1293,-3209,-865,-1009,-7,226,497,298,297,0
1871566,419,419,668,781,-1837,-1913,-534,-1137,25,222,283,310,304,0
1874901,420,420,725,556,-2392,-599,-246,-1258,-117,313,231,307,316,0
1878235,421,421,593,312,-4119,1287,-763,-1398,3,245,181,314,329,0
1881569,422,423,687,312,-4141,1541,-741,-1515,85,8,189,309,329,0
1884926,423,424,462,12,-3797,1600,-366,-1582,-375,184,-85,321,329,0
1888238,424,425,312,68,-4104,1207,-694,-1648,-435,-271,-31,329,326,0
1891572,425,426,0,0,-6171,950,-722,-1681,-52,-129,-64,335,325,0
1894955,426,427,0,0,-6339,826,68,-1654,59,-11,-32,329,317,0
1898241,427,428,0,0,-6435,845,388,-1589,130,26,-90,318,296,0
1901575,428,429,387,200,-5406,869,470,-1500,188,41,67,291,285,0
1904927,429,430,575,312,-4087,1110,168,-1416,193,91,177,281,279,0
1908244,430,431,818,237,-2263,1572,705,-1330,131,-192,309,268,283,0
1911578,431,431,631,68,-801,2071,1538,-1229,221,-247,139,262,292,0
1914928,432,432,687,50,1782,1054,1824,-1107,231,-105,349,259,293,0
1918247,433,433,687,237,3571,467,1869,-982,539,-169,190,259,283,0
1921582,433,434,950,143,6335,-223,2196,-825,130,-36,35,261,288,0
1924927,434,435,818,31,7589,251,2582,-656,251,128,95,268,294,0
1928251,435,436,200,0,9360,1127,3015,-477,13,73,53,285,281,0
1931585,436,437,106,125,9860,1588,3073,-296,-89,-81,-29,290,273,0
1934928,437,438,106,556,9559,1154,3276,-99,-371,-344,60,290,250,0
1938254,438,438,443,1568,6769,-1155,2883,85,-865,-194,186,290,230,0
1941588,439,439,1100,1568,1696,-3345,2417,246,-876,-146,558,271,230,0
1944928,440,440,668,1325,-4115,-4707,2055,390,591,235,484,278,243,0
1948258,440,441,331,1006,-4504,-4710,1371,495,-108,26,515,296,244,0
1951591,441,441,143,781,-3666,-4153,810,568,145,546,519,306,272,0
1954929,442,442,256,725,-2874,-2219,-544,593,-464,315,289,300,275,0
1958260,443,443,143,593,-3773,-916,-1653,574,-559,169,10,306,282,0
1961594,444,444,0,706,-5896,-413,-2211,542,-97,199,30,320,276,0
1964952,445,445,200,650,-6237,1276,-2414,507,424,75,488,303,279,0
1968264,446,446,87,293,-2818,2331,-1585,502,110,-20,44,309,298,0
1971598,447,447,0,0,-3058,2231,-1661,490,96,174,259,305,302,0
1974957,448,448,0,12,-2108,2102,-1722,464,233,41,166,311,297,0
1978266,449,449,0,12,-566,3382,-2103,415,39,14,31,299,297,0
1981601,450,450,0,0,-4,3303,-2840,334,380,-402,103,299,305,0
1984957,451,451,50,0,2328,2214,-2606,276,467,-47,331,290,296,0
1988270,452,452,518,0,4525,1905,-2756,213,233,-98,180,265,303,0
1991604,452,453,1025,237,5869,1848,-2620,143,94,-285,332,254,296,0
1994961,453,453,818,143,7005,938,-2233,94,90,-221,276,265,301,0
1998273,454,454,275,0,7381,-416,-2131,50,-171,-96,171,278,293,0
2001608,455,455,350,293,5761,-1185,-2073,-16,85,-344,386,274,277,0
2004965,456,456,218,781,5004,-2153,-2333,-101,-255,-94,364,281,251,0
2008276,456,457,743,1193,3872,-2730,-1927,-175,-294,-243,527,269,229,0
2011610,457,457,612,1081,2308,-3292,-2083,-246,127,-192,240,276,251,0
2014966,458,458,725,1118,1871,-3692,-1945,-329,-229,-59,392,270,249,0
2018279,459,459,481,931,160,-3343,-1711,-430,-21,172,432,288,264,0
2021614,460,460,368,612,-635,-2629,-1345,-529,-44,101,287,278,265,0
2024966,461,461,331,537,-1651,-1242,-696,-609,96,173,392,280,269,0
2028282,462,462,462,631,-1932,-209,-664,-699,-174,34,165,273,280,0
2031617,462,463,875,387,-2461,619,-585,-798,53,99,245,267,293,0
2034966,463,463,762,143,-2556,1139,-577,-910,65,109,-54,273,306,0
2038286,464,464,612,293,-2157,1029,-522,-1022,-93,-41,109,281,298,0
2041621,465,465,293,256,-2251,1001,-303,-1134,-182,20,-45,298,300,0
2044966,466,466,143,331,-3170,624,-750,-1248,-366,-83,-124,306,296,0
2048290,467,467,0,0,-4852,695,-756,-1347,256,-17,78,304,300,0
2051624,468,468,0,68,-4117,578,-178,-1417,-78,92,-156,309,294,0
2054967,469,469,106,125,-4530,885,0,-1459,34,-48,15,292,291,0
2058292,470,470,181,331,-4074,502,152,-1480,210,-18,169,288,280,0
2061626,471,471,200,218,-2749,605,239,-1456,360,18,258,285,268,0
2064967,471,472,443,425,438,1104,870,-1377,131,-7,167,272,257,0
2068295,472,473,462,0,1970,1461,1491,-1261,22,-54,254,255,271,0
2071630,473,473,781,237,2937,1688,2031,-1122,362,-315,111,238,267,0
2074987,474,474,312,68,6006,369,2411,-997,27,-110,83,263,276,0
2078298,474,475,781,162,6929,-27,2537,-866,253,-113,148,254,271,0
2081633,475,476,350,0,8099,-36,2714,-727,336,-127,60,261,267,0
2084992,476,477,218,0,9890,228,3353,-557,3,-38,-87,268,270,0
2088302,477,478,218,125,9192,484,3158,-369,-1103,-186,461,268,273,0
2091636,478,478,125,762,3891,-453,2770,-201,-1433,-147,560,273,239,0
2094991,479,479,143,1437,-4528,-1192,1321,-74,-41,-13,813,272,203,0
2098306,479,479,612,1137,-5310,-1724,191,13,212,95,954,247,219,0
2101640,480,480,368,1081,-3812,-1490,60,84,-246,-27,772,260,222,0
2104992,481,481,481,1006,-2264,-1562,-948,121,64,-64,703,272,244,0
2108308,482,482,331,725,-1175,-1936,-1365,144,-751,71,78,280,259,0
2111642,483,482,537,893,-3524,-1831,-1972,155,-577,35,14,285,266,0
2114992,483,483,537,950,-6850,-1854,-2297,143,-45,56,-109,285,263,0
2118312,484,484,481,725,-6422,-1611,-2117,142,225,144,105,288,275,0
2121647,485,485,31,293,-4832,-1040,-2156,136,332,14,0,296,282,0
2124992,486,486,406,331,-3189,-1290,-1783,133,256,-50,225,292,296,0
2128314,487,487,50,12,-1998,-1469,-1872,117,-3,115,113,295,297,0
2131649,488,488,0,0,-1141,-1421,-1922,79,141,-74,41,298,302,0
2134993,489,489,0,0,-448,-1243,-2545,20,175,-136,29,302,300,0
2138318,490,490,293,143,446,-1680,-2455,-38,-147,32,-180,282,290,0
2141652,491,491,275,256,349,-1405,-2381,-94,-12,76,13,283,284,0
2144992,492,492,0,106,-288,-851,-2354,-151,36,-103,-36,296,287,0
2148321,493,493,31,0,105,-1118,-2461,-219,370,11,91,291,300,0
2151655,493,493,162,31,1744,-773,-2434,-271,130,227,88,284,291,0
2154993,494,494,200,87,2500,561,-2243,-318,180,31,210,282,288,0
2158324,495,495,218,162,2683,1696,-2086,-377,242,-54,172,281,284,0
2161658,496,496,368,50,3838,2079,-1781,-433,204,-29,159,273,290,0
2165018,497,497,631,87,5383,2918,-1355,-480,481,123,224,259,288,0
2168328,498,498,575,387,6970,3605,-979,-518,129,-87,111,262,272,0
2171662,498,499,968,500,6846,3754,-1226,-584,-16,-202,534,241,250,0
2175017,499,500,1118,781,5756,1886,-1490,-677,99,-189,631,233,235,0
2178330,500,500,1231,1306,5435,133,-1662,-792,-425,19,501,227,223,0
2181666,500,501,1625,1681,2672,-1222,-1431,-912,-349,-147,706,222,203,0
2185018,501,501,1325,1493,-921,-3012,-1146,-1027,-192,78,607,243,234,0
2188335,502,502,1212,1418,-2848,-3875,-1346,-1154,41,125,480,249,238,0
2191668,503,503,1568,1231,-3488,-3579,-1185,-1296,220,334,523,246,248,0
2195018,504,504,687,762,-2455,-2597,-525,-1411,214,425,275,277,273,0
2198337,504,505,743,181,-1976,-873,-383,-1510,170,286,265,274,288,0
2201671,505,505,593,387,-1757,640,-422,-1564,-44,42,92,282,293,0
2205019,506,506,500,256,-1355,1221,-568,-1588,-27,95,151,287,300,0
2208340,507,507,331,218,-1419,1330,-700,-1612,-22,-75,-64,296,302,0
2211674,508,508,256,31,-1603,657,-369,-1594,-388,-59,-1,300,312,0
2215019,509,509,143,162,-3170,239,-675,-1572,-1,-169,20,306,305,0
2218344,510,510,293,425,-3522,-440,-643,-1531,-47,-57,-12,298,291,0
2221678,511,511,218,256,-4179,-136,-242,-1466,125,-17,-101,302,300,0
2225047,512,512,50,125,-4373,126,38,-1399,-40,96,-222,293,289,0
2228346,513,513,0,12,-4489,588,21,-1331,231,134,31,291,279,0
2231681,514,514,0,331,-3441,1162,-4,-1275,127,58,155,287,262,0
2235019,514,515,331,462,-1866,2056,558,-1199,210,-44,307,278,255,0
2238350,515,516,537,200,-1231,2071,962,-1109,56,-232,-35,267,269,0
2241709,516,516,368,87,-846,1263,1414,-986,343,-125,102,260,275,0
2245042,517,517,556,0,1341,336,1487,-862,253,-191,105,250,280,0
2248353,518,518,668,162,3029,-416,1560,-739,165,-99,179,244,271,0
2251711,518,519,912,50,4523,-325,1775,-610,565,25,322,247,277,0
2255044,519,520,631,50,8225,595,2454,-457,41,183,28,262,277,0
2258357,520,521,31,0,9903,1462,2825,-292,71,154,66,278,274,0
2261714,521,521,0,368,10302,2217,2949,-130,-332,-130,105,281,260,0
2265044,522,522,50,743,9185,1279,3127,32,-1026,-431,149,277,240,0
2268360,522,523,762,1737,3045,-265,2794,175,-1327,-103,628,273,205,0
2271718,523,523,500,1868,-4447,-1347,2012,280,-348,-196,839,287,214,0
2275044,524,524,612,1437,-6520,-2589,1007,342,405,99,896,281,237,0
2278363,525,525,125,781,-4504,-2868,745,404,183,212,891,291,256,0
2281722,526,526,31,575,-2144,-2159,448,464,-172,266,567,296,267,0
2285045,527,527,0,725,-1263,-1341,-788,492,-715,185,115,306,259,0
2288366,528,527,0,837,-3942,-1138,-1561,488,-649,310,-205,309,269,0
2291725,529,528,0,837,-6706,81,-1793,467,84,-18,-49,301,269,0
2295044,530,529,0,425,-7014,434,-1862,451,260,-77,-198,302,291,0
2298370,531,530,218,293,-5712,215,-1384,445,307,-31,46,286,298,0
2301727,532,531,31,200,-4200,-93,-1237,423,111,72,175,296,303,0
2305045,532,532,50,0,-3017,182,-1400,391,146,-54,242,295,303,0
2308372,533,533,293,0,-2138,382,-1848,346,67,22,109,282,303,0
2311728,534,534,181,31,-1685,341,-1755,309,181,-93,-198,283,291,0
2315046,535,535,0,181,-820,705,-1636,280,207,63,-59,294,283,0
2318375,536,536,31,143,315,1084,-1357,249,73,169,27,291,285,0
2321733,537,537,106,0,821,1637,-1559,222,356,-39,321,287,294,0
2325066,538,538,350,31,2780,1883,-1176,205,458,-61,153,274,291,0
2328378,538,539,762,0,4653,1562,-1374,170,233,-153,313,252,297,0
2331736,539,539,631,143,5486,1224,-1441,123,481,-124,301,259,285,0
2335071,540,540,687,200,7996,800,-1389,79,563,-105,361,256,282,0
2338383,541,541,425,106,10158,633,-1504,32,337,-76,228,270,287,0
2341736,542,542,350,312,11420,-223,-1288,-24,-181,-65,139,274,276,0
2345071,542,543,818,875,9693,-1098,-1370,-97,-491,-117,268,265,246,0
2348385,543,544,800,1325,6985,-1669,-1088,-175,-607,-159,228,271,227,0
2351736,544,544,668,1756,3690,-2222,-1681,-274,-572,-209,461,278,220,0
2355071,545,545,293,1287,-457,-2958,-1793,-379,-256,-94,517,282,229,0
2358388,546,546,575,893,-2435,-3683,-1803,-491,-179,148,355,267,250,0
2361737,547,547,706,631,-3369,-3944,-1740,-622,-111,274,454,260,264,0
2365071,547,547,668,912,-3513,-3044,-1427,-755,-46,282,262,278,265,0
2368391,548,548,481,725,-3622,-1835,-1311,-888,-55,203,231,288,275,0
2371737,549,549,575,481,-4232,-473,-1662,-1038,18,266,173,283,288,0
2375071,550,550,500,275,-4674,650,-1702,-1178,162,54,176,287,299,0
2378395,551,551,50,0,-4148,1261,-1467,-1287,44,-12,108,295,305,0
2381737,552,552,0,0,-3676,1309,-1197,-1356,-195,-102,89,299,302,0
2385072,553,553,181,31,-4943,1221,-1061,-1412,70,0,188,288,296,0
2388399,554,554,68,68,-4444,932,-1079,-1460,-1,-141,6,294,294,0
2391737,555,555,0,0,-4371,971,-739,-1458,298,-107,105,286,281,0
2395072,555,556,462,350,-2428,1227,-287,-1419,378,-7,64,271,261,0
2398402,556,556,293,481,-510,1601,-85,-1365,97,93,92,264,254,0
2401759,557,557,406,350,689,2106,470,-1292,428,43,260,258,261,0
2405093,558,558,481,293,3260,2046,1125,-1214,31,-67,152,254,264,0
2408404,559,559,1043,368,3908,2131,1656,-1124,373,-248,289,240,260,0
2411762,559,560,706,200,5741,1312,2100,-1014,172,-123,24,258,269,0
2415097,560,561,368,0,8089,763,2203,-888,9,-121,57,260,270,0
2418407,561,561,331,50,8404,917,2392,-758,228,-42,42,262,277,0
2421763,562,562,275,68,9835,872,2831,-618,124,57,-108,265,276,0
2425097,563,563,162,406,8333,1168,2655,-493,-865,-266,386,271,258,0
2428410,563,564,143,781,2654,95,2183,-376,-1068,-246,487,272,222,0
2431790,564,564,1062,1812,-3420,-1340,619,-320,-219,-213,539,257,217,0
2435098,565,565,481,1231,-6958,-1989,-148,-282,268,58,981,272,232,0
2438414,566,566,312,893,-4461,-1633,-110,-240,108,-127,721,281,250,0
2441763,567,567,31,762,-2577,-2549,-745,-220,-173,95,661,296,257,0
2445097,568,567,181,818,-1928,-2884,-1248,-212,-336,-150,156,288,270,0
2448417,568,568,425,687,-3955,-3196,-1752,-226,-401,321,286,291,277,0
2451763,569,569,350,762,-6223,-2353,-1857,-242,-200,144,-44,295,273,0
2455098,570,570,518,800,-6178,-1636,-1856,-266,327,-13,141,286,271,0
2458420,571,571,106,237,-4332,-874,-1537,-261,48,22,-1,292,285,0
2461763,572,572,0,181,-3306,-933,-1706,-258,376,50,186,298,288,0
2465098,573,573,0,106,-2004,-1073,-1705,-255,231,69,142,298,292,0
2468424,574,574,31,31,-747,-1161,-1569,-250,89,6,95,296,296,0
2471763,575,575,12,218,134,-881,-2135,-272,86,55,41,297,286,0
2475098,576,576,106,0,-255,-651,-2301,-303,-64,79,-197,287,294,0
2478427,577,576,425,443,-252,-223,-2043,-315,282,-118,0,270,285,0
2481785,577,577,481,387,484,-382,-1775,-317,221,75,71,283,288,0
2485120,578,578,125,162,1560,-304,-2067,-336,204,116,176,286,284,0
2488430,579,579,200,0,2425,570,-2214,-368,171,70,14,282,293,0
2491788,580,580,312,0,2792,1480,-1751,-389,109,15,209,276,298,0
2495122,581,581,312,181,3463,2312,-1573,-405,378,73,224,276,283,0
2498433,582,582,387,218,4892,2966,-1381,-425,470,203,151,272,281,0
2501789,583,583,781,256,7097,3573,-1258,-455,105,-76,341,251,279,0
2505121,583,584,1081,181,7686,2520,-1280,-493,-63,-117,469,235,267,0
2508436,584,584,912,931,6874,772,-1523,-555,-12,-97,565,244,243,0
2511789,585,585,912,1362,5365,-829,-1501,-637,-575,-254,594,244,220,0
2515122,585,586,1343,1568,1620,-2343,-1882,-747,-359,-80,650,242,214,0
2518440,586,586,1175,1700,-1115,-3503,-1634,-864,-160,149,683,251,223,0
2521789,587,587,968,1193,-3174,-3835,-1671,-985,261,4,582,262,250,0
2525122,588,588,987,950,-1978,-3545,-1311,-1101,263,340,429,261,263,0
2528442,589,589,781,425,-1273,-2505,-928,-1218,143,210,428,272,275,0
2531789,589,590,556,350,-660,-378,-247,-1309,-43,382,102,284,279,0
2535123,590,591,575,68,-1577,1044,-381,-1389,-64,33,146,283,294,0
2538446,591,591,425,443,-2471,1786,-491,-1424,51,9,44,291,290,0
2541790,592,592,481,237,-2119,1483,-285,-1428,-5,33,-76,288,301,0
2545123,593,593,181,200,-2317,1278,-277,-1433,-210,-95,-32,304,303,0
2548449,594,594,218,125,-2837,704,-344,-1421,-75,-177,-39,302,307,0
2551790,595,595,331,331,-4732,488,-335,-1392,220,-38,49,296,296,0
2555151,596,596,0,0,-4366,407,62,-1336,-68,19,-165,304,306,0
2558452,597,597,0,0,-5037,812,337,-1267,14,-44,9,298,291,0
2561790,598,598,12,200,-4847,796,279,-1200,137,192,8,279,269,0
2565124,599,599,106,387,-4041,1490,354,-1141,280,73,140,274,259,0
2568455,599,600,462,500,-2124,2260,845,-1062,-66,-9,84,271,253,0
2571811,600,600,368,218,-1704,2333,1169,-972,260,-231,294,260,268,0
2575147,601,601,331,106,-1359,2207,1606,-873,527,-413,281,262,274,0
2578459,602,602,706,275,1903,1165,2030,-742,106,-167,246,242,265,0
2581815,602,603,968,181,3838,169,2052,-606,712,-715,283,244,270,0
2585151,603,604,837,181,5025,-464,1052,-510,-140,-222,277,251,270,0
2588462,604,605,331,0,4741,-995,1204,-417,1,-451,332,262,271,0
2591815,605,605,237,162,4182,-2043,-162,-357,180,-779,487,267,271,0
2595151,606,606,293,87,4599,-3740,-1615,-338,-252,-457,233,264,275,0
2598466,606,607,1531,481,3825,-4967,-1288,-324,402,-456,227,232,272,0
2601815,607,608,2600,368,3912,-3234,-440,-288,-494,-485,147,175,278,0
2605156,607,609,2843,537,468,-517,2163,-178,-164,-519,476,178,269,0
2608468,608,609,1550,706,-1257,1511,3331,-34,1062,-152,601,231,260,0
2611816,608,610,0,312,2237,2452,3535,115,292,-237,364,845,281,0
2615157,608,611,0,1062,2599,2384,3642,277,-283,-453,424,843,241,0
2618471,609,611,3800,2356,-1053,189,2941,415,-493,-310,276,153,188,0
2621816,609,612,3068,2112,-5411,-2938,3538,585,-58,203,437,198,201,0
2625157,610,612,3087,1418,-4628,-2886,3040,731,442,576,460,197,254,0
2628475,610,613,968,612,-1172,-181,3241,884,540,194,262,326,297,0
2631816,611,614,1625,350,2128,1580,3959,1049,-555,290,-80,291,311,0
2635157,612,615,2037,200,1064,2694,3981,1203,-656,-80,-304,253,303,0
2638478,613,616,1700,125,-917,3448,3644,1324,325,-307,-106,287,307,0
2641816,614,617,1043,293,465,3393,3055,1431,-107,-119,-159,301,293,0
2645158,615,618,1062,125,-1006,3224,2619,1529,90,-220,152,300,302,0
2648481,616,619,1100,218,-1271,3814,2391,1612,-28,-2,173,314,297,0
2651838,617,620,668,275,-1578,4187,2184,1689,249,-175,370,321,294,0
2655158,618,621,556,275,-612,3225,1988,1762,503,-93,352,327,294,0
2658484,619,622,275,0,2624,2199,2217,1842,477,-163,323,326,297,0
2661841,620,623,50,0,5324,1157,1462,1886,-862,-480,-4,338,298,0
2665160,621,624,200,0,1303,-682,810,1900,-451,-586,329,330,298,0
2668488,622,625,462,143,-1698,-4251,746,1915,360,-417,337,316,285,0
2671842,623,626,931,425,-1613,-8424,1476,1950,881,59,460,291,270,0
2675159,624,627,1006,781,3634,-8896,1305,1964,416,350,370,287,251,0
2678491,625,627,2431,1700,6561,-8367,1564,1977,-135,2,320,280,271,0
2681841,626,628,1643,1250,6388,-8971,2443,2003,-400,392,202,306,295,0
2685184,627,629,987,1175,4888,-7937,2798,2027,27,412,504,325,283,0
2688494,628,630,1062,1400,3943,-6453,2412,2038,-380,632,568,321,271,0
2691842,629,631,1625,1625,2102,-4371,2463,2082,-58,390,911,291,259,0
2695185,629,632,1943,1775,1357,-2785,2221,2114,-321,542,655,290,251,0
2698497,630,632,2131,2150,709,-1150,1857,2177,-146,380,557,280,247,0
2701842,631,633,2056,1887,-665,419,837,2254,-201,239,426,284,261,0
2705184,632,634,2037,1156,-981,246,367,2305,378,-20,99,285,300,0
2708500,633,635,1512,200,145,32,-284,2310,426,650,205,297,335,0
2711843,634,636,1137,0,3722,1081,-511,2227,-144,332,130,317,353,0
2715185,635,637,556,0,3092,1118,-853,2096,224,251,418,348,355,0
2718503,637,638,312,31,2237,1055,-617,1966,-462,-229,-135,361,344,0
2721843,638,640,0,0,492,2149,-1365,1810,-62,-156,-307,371,321,0
2725185,639,641,0,237,-1394,2184,-120,1714,276,-196,-71,349,299,0
2728506,640,642,0,256,-1525,1028,879,1631,149,-106,-77,331,298,0
2731864,641,643,106,0,-629,-804,1132,1571,-105,18,-22,322,302,0
2735186,642,643,0,350,-747,-744,863,1497,225,65,-50,330,293,0
2738510,643,644,275,162,-621,350,1095,1408,194,-85,151,313,303,0
2741867,644,645,275,68,-487,769,1489,1330,9,-46,-23,313,308,0
2745186,645,646,0,0,-423,485,1429,1261,67,8,71,319,299,0
2748513,646,647,181,0,237,66,1100,1199,46,140,-105,302,298,0
2751867,647,648,125,125,711,404,885,1145,-14,203,68,305,289,0
2755186,648,649,425,87,1274,1116,1101,1105,-9,142,-97,289,291,0
2758516,649,650,162,0,1108,2023,1364,1079,-93,-33,-5,287,286,0
2761896,650,651,612,668,1018,2385,1192,1054,-177,-59,-72,297,278,0
2765186,651,652,462,218,188,2114,1356,1028,153,-137,20,289,286,0
2768520,652,653,256,275,600,1565,1572,1031,-19,-69,-24,300,283,0
2771868,652,654,743,462,558,980,1514,1053,-98,29,187,290,273,0
2775210,653,654,406,762,253,1339,1540,1078,-207,239,78,308,273,0
2778522,654,655,443,968,-437,1883,1577,1081,-81,74,92,306,262,0
2781869,655,656,256,968,-1152,2189,1531,1088,-395,257,57,316,262,0
2785214,656,657,481,1212,-2722,2470,1506,1086,-679,94,262,304,249,0
2788527,657,658,87,1175,-6044,2014,1855,1068,-240,-91,172,309,251,0
2791868,658,658,293,725,-8874,101,2136,1047,119,-7,259,298,275,0
2795214,659,659,350,425,-6430,-405,2336,1045,832,542,453,295,291,0
2798529,660,660,368,200,-1617,346,2324,1040,172,441,178,294,303,0
2801869,661,661,12,331,-1873,1701,613,990,685,-91,730,313,296,0
2805216,662,662,31,350,1111,-398,682,953,609,-32,910,307,290,0
2808532,663,663,106,406,4759,-2386,570,945,449,342,1074,303,287,0
2811890,664,664,481,406,8008,-1543,467,948,-1142,290,347,283,287,0
2815216,665,665,218,237,3899,-49,1398,1001,-919,20,477,281,280,0
2818535,666,666,368,200,-923,607,790,1041,434,-136,566,273,282,0
2821892,666,667,1081,443,367,450,721,1091,524,-152,644,251,269,0
2825214,667,668,1193,425,3920,552,428,1123,158,1,147,245,270,0
2828539,668,668,1212,781,5176,358,89,1169,-183,-12,213,244,267,0
2831892,669,669,950,856,4205,-863,-541,1156,-61,-154,473,258,263,0
2835216,669,670,1231,687,3975,-2463,-797,1103,-296,-18,262,243,256,0
2838542,670,671,931,725,2706,-3306,-1148,1032,-448,69,133,259,254,0
2841893,671,671,781,893,-549,-2264,-1800,949,-149,209,117,267,261,0
2845215,672,672,893,650,-1998,-1082,-2086,849,-2,231,224,266,279,0
2848546,673,673,893,818,-2154,-496,-2080,738,103,195,291,266,270,0
2851893,673,674,1400,893,-1242,-462,-2305,621,29,201,103,255,266,0
2855216,674,675,1268,893,-1686,129,-3025,492,122,229,266,262,266,0
2858548,675,676,556,537,-1862,552,-3735,348,153,110,80,284,285,0
2861893,676,677,143,87,-1120,517,-3958,190,-497,-149,174,306,293,0
2865217,677,677,0,556,-1515,249,-4240,15,-988,-775,-213,314,284,0
2868551,678,678,68,1475,-5530,-1379,-3333,-126,-548,-687,180,310,235,0
2871893,679,679,0,1756,-6824,-2691,-3224,-269,183,-522,206,325,220,0
2875220,680,679,31,2056,-5415,-2242,-2812,-406,75,-174,10,312,220,0
2878554,681,680,293,2037,-4391,-797,-4794,-603,170,-198,-77,298,221,0
2881894,682,681,218,1831,-3718,1270,-5416,-820,-105,-329,22,302,232,0
2885245,683,681,143,1606,-3492,2457,-5561,-1044,-198,-543,215,288,242,0
2888558,684,682,0,1043,-2998,2678,-5327,-1258,-133,-412,339,291,256,0
2891894,685,683,12,1043,-1827,2440,-5106,-1464,106,-135,299,279,256,0
2895227,685,684,687,875,-193,2425,-4802,-1673,261,60,139,259,265,0
2898561,686,685,1137,668,1123,3022,-4451,-1878,353,72,170,235,276,0
2901918,687,686,968,50,2863,3149,-5058,-2109,501,-184,270,228,293,0
2905230,687,687,1193,0,4850,1585,-5536,-2355,196,-160,260,232,299,0
2908564,688,688,950,312,6525,25,-5293,-2540,403,-189,145,245,295,0
2911922,689,689,1006,0,9158,-2069,-5571,-2735,153,-151,137,242,304,0
2915233,690,689,968,256,10346,-3018,-6262,-2949,208,-140,-65,244,298,0
2918567,690,690,743,0,10901,-3114,-5995,-3150,-434,162,-198,256,304,0
2921926,691,691,331,12,9409,-2476,-5367,-3362,-572,390,-3,278,295,0
2925236,692,692,181,668,6044,-800,-5196,-3549,-1210,322,598,286,260,0
2928571,693,693,293,1756,3,-528,-4423,-3710,-874,155,380,298,220,0
2931928,694,693,143,2056,-7017,-1296,-3331,-3827,-503,90,143,306,220,0
2935239,695,694,575,2168,-10541,-2314,-1764,-3885,198,117,748,283,214,0
2938575,696,695,462,1681,-10268,-3740,-709,-3890,925,567,608,273,224,0
2941927,696,695,1118,1325,-5071,-3393,-1182,-3902,932,346,546,254,259,0
2945242,697,696,893,1193,-981,-3392,-2065,-3931,-924,84,272,266,266,0
2948577,698,697,762,1418,-3373,-4286,-1655,-3926,32,371,158,273,254,0
2951928,699,698,687,1737,-5007,-2586,-1242,-3900,-521,-140,160,277,237,0
2955246,700,699,237,1587,-6757,-2614,-495,-3851,-231,557,8,301,245,0
2958580,701,699,331,1475,-8248,-1032,-1415,-3823,281,258,183,296,267,0
2961928,702,700,256,1456,-7210,-351,-1097,-3762,-171,425,288,300,268,0
2965249,703,701,387,1306,-6287,43,-1234,-3684,157,538,496,293,260,0
2968583,703,702,368,875,-5242,1180,-822,-3586,-103,-24,-216,294,283,0
2971928,704,703,200,0,-4534,983,-445,-3468,983,-82,212,298,325,0
2975252,705,704,575,0,-1491,1718,-746,-3387,363,282,251,278,331,0
2978586,706,705,481,0,2923,2580,-1208,-3324,-401,-251,-301,283,331,0
2981930,707,706,218,50,812,1726,-2295,-3308,-31,-284,-575,297,322,0
2985255,708,707,275,106,252,-59,-2167,-3226,429,24,165,294,319,0
2988590,709,708,143,0,3046,637,-1848,-3114,238,100,317,285,315,0
2991929,710,709,293,50,3949,1393,-2193,-3009,-66,240,9,277,306,0
