Time, Rlegs, Llegs, DCL, DCR, GyroX, GyroY, GyroZ, GyroZAvg, AccelX, AccelY, AccelZ, LBEMF, RBEMF, SteerOut
2433,257,260,87,0,189,-145,-147,-143,-22,-1,227,20,22,0
5769,257,260,87,0,192,-147,-144,-143,-23,-2,221,20,21,0
9112,257,260,87,0,189,-146,-144,-143,-26,0,222,20,21,0
12437,257,260,68,0,188,-146,-144,-143,-25,-3,218,21,22,0
15791,257,260,87,0,189,-143,-144,-143,-23,0,227,20,21,0
19111,257,260,68,0,190,-143,-144,-143,-20,-2,223,21,21,0
22440,257,260,68,0,189,-143,-144,-143,-23,2,228,21,21,0
25794,257,260,87,0,191,-145,-145,-143,-25,1,221,20,21,0
29112,257,260,87,0,190,-145,-145,-143,-23,0,221,20,21,0
32443,257,260,87,0,191,-144,-144,-143,-19,0,224,20,21,0
35795,257,260,68,0,191,-147,-144,-143,-22,0,224,21,22,0
39112,257,260,87,0,192,-148,-143,-143,-22,0,225,20,21,0
42446,257,260,87,0,190,-145,-142,-143,-25,-1,218,20,21,0
45794,257,260,87,0,193,-145,-143,-143,-22,1,223,20,21,0
49135,257,260,87,0,191,-144,-142,-143,-26,-5,221,20,21,0
52449,257,260,87,0,191,-144,-140,-143,-20,-2,223,20,21,0
55795,257,260,87,0,191,-145,-142,-143,-25,-1,221,20,21,0
59138,257,260,68,0,192,-144,-144,-143,-20,-2,218,21,22,0
62452,257,260,87,0,187,-146,-144,-143,-20,-4,221,20,21,0
65795,257,260,87,0,191,-144,-144,-143,-21,0,221,20,21,0
69137,257,260,87,0,188,-146,-145,-143,-20,0,219,20,21,0
72456,257,260,87,0,190,-147,-143,-143,-22,0,216,20,21,0
75795,257,260,87,0,189,-146,-143,-143,-23,-1,217,20,21,0
79138,257,260,87,0,191,-145,-144,-143,-22,0,225,20,21,0
82459,257,260,68,0,190,-145,-143,-143,-24,-3,223,21,21,0
85796,257,260,68,0,191,-145,-140,-143,-24,0,225,21,21,0
89138,257,260,87,0,189,-147,-144,-143,-23,1,223,20,21,0
92462,257,260,87,0,192,-145,-144,-143,-22,-2,221,20,21,0
95816,257,260,87,0,187,-145,-144,-143,-23,-2,226,20,21,0
99139,257,260,87,0,193,-143,-142,-143,-23,1,223,20,21,0
102747,257,260,87,0,192,-145,-143,-143,-23,0,222,20,21,0
105821,0,0,0,0,189,-144,-143,-143,-20,-5,223,20,21,0
109139,0,0,0,0,189,-145,-144,-143,-27,0,223,20,21,0
112469,0,0,0,0,189,-144,-142,-143,-20,-2,224,20,21,0
115822,0,0,0,0,188,-145,-145,-143,-21,-1,221,20,21,0
119139,0,0,0,0,192,-144,-148,-143,-25,0,224,20,21,0
122472,0,0,0,0,188,-145,-146,-143,-23,-3,219,20,21,0
125821,0,0,0,0,190,-144,-143,-143,-22,-3,220,20,21,0
129140,0,0,0,0,190,-144,-145,-143,-25,-1,221,20,22,0
132475,0,0,0,0,191,-145,-144,-143,-22,0,220,20,21,0
135821,0,0,0,0,192,-145,-144,-143,-21,-1,225,21,21,0
139163,0,0,0,0,191,-144,-143,-143,-21,0,223,20,21,0
142478,0,0,0,0,191,-145,-143,-143,-18,-5,221,20,21,0
145822,0,0,0,0,191,-144,-146,-143,-19,-1,222,20,21,0
149167,0,0,0,0,190,-146,-145,-143,-22,-1,221,21,22,0
152481,0,0,0,0,190,-144,-144,-143,-22,-2,222,20,21,0
155821,0,0,0,0,191,-144,-142,-143,-23,-1,218,20,21,0
159167,0,0,0,0,191,-144,-142,-143,-23,-1,227,20,21,0
162485,0,0,0,0,190,-144,-143,-143,-22,0,217,20,21,0
165822,0,0,0,0,191,-144,-142,-143,-24,1,217,20,21,0
169168,0,0,0,0,189,-145,-142,-143,-24,-3,224,20,22,0
172488,0,0,0,0,190,-147,-142,-143,-22,0,220,20,21,0
175822,0,0,0,0,188,-146,-143,-143,-22,-4,219,20,21,0
179168,0,0,0,0,191,-145,-143,-143,-22,1,224,20,21,0
182492,0,0,0,0,188,-146,-145,-143,-21,2,219,20,22,0
185845,0,0,0,0,188,-144,-144,-143,-27,0,223,20,21,0
189168,0,0,0,0,189,-143,-147,-143,-21,0,221,20,21,0
192494,0,0,0,0,193,-141,-145,-143,-22,0,218,20,21,0
195846,0,0,0,0,191,-141,-146,-143,-20,-2,220,20,21,0
199168,0,0,0,0,191,-144,-142,-143,-20,2,225,20,21,0
202497,0,0,0,0,189,-146,-147,-143,-23,-1,221,20,21,0
205848,0,0,500,387,190,-143,-144,-143,-43,-15,221,30,36,0
209173,0,0,0,0,116,-220,-149,-144,-33,4,221,64,61,0
212501,0,0,0,0,11,-221,-185,-145,23,-16,214,58,57,0
215849,0,0,443,368,189,-228,-186,-146,-22,-6,221,49,53,0
219172,0,1,200,0,377,-282,-162,-147,-79,-9,221,62,65,0
222504,0,1,106,0,129,-284,-158,-147,-58,-1,234,67,66,0
225850,1,1,0,0,65,-263,-190,-149,-29,24,229,61,59,0
229173,1,1,350,237,249,-218,-178,-150,-54,11,240,54,60,0
232507,1,1,200,68,160,-155,-215,-152,-65,12,226,62,69,0
235849,1,1,143,143,-6,-105,-267,-156,-25,1,212,65,65,0
239176,1,2,481,143,74,-120,-285,-160,-46,-3,218,63,65,0
242510,2,2,0,125,52,-148,-307,-165,-100,-12,212,77,66,0
245849,2,2,0,68,-249,-187,-313,-171,-26,-1,234,75,69,0
249179,2,2,256,68,-327,-253,-276,-175,-21,0,241,59,69,0
252514,2,2,481,331,-247,-300,-216,-177,-46,4,238,63,71,0
255850,2,3,143,0,-283,-349,-170,-178,-27,-1,219,81,82,0
259183,3,3,0,0,-354,-358,-83,-176,-27,13,190,82,76,0
262516,3,3,368,331,-422,-340,29,-170,-27,33,221,69,71,0
265875,3,3,312,256,-491,-281,112,-162,-22,8,233,72,75,0
269185,3,4,200,0,-494,-290,207,-152,-36,34,240,78,79,0
272520,4,4,0,0,-192,-304,331,-137,49,55,229,80,73,0
275877,4,4,256,293,103,-238,365,-121,-31,37,235,75,73,0
279189,4,4,312,87,32,-179,415,-103,-26,60,221,72,84,0
282523,4,4,312,218,-68,-146,475,-84,12,58,223,72,77,0
285878,4,5,650,275,25,-88,494,-64,1,55,248,70,74,0
289192,5,5,50,256,73,-43,479,-45,-10,42,235,86,75,0
292526,5,5,293,218,-8,-64,454,-26,-58,35,238,73,77,0
295883,5,5,425,331,-173,-164,447,-8,-4,29,244,66,71,0
299195,5,6,612,293,-207,-347,460,10,-53,22,230,72,73,0
302529,6,6,68,275,-371,-499,469,30,4,10,239,85,74,0
305883,6,6,162,237,-379,-637,323,44,56,23,227,80,76,0
309198,6,6,668,481,222,-601,596,67,-44,50,192,69,79,0
312532,6,7,368,443,444,-337,639,92,-103,1,222,85,81,0
315884,7,7,0,256,75,-266,617,116,-56,23,218,95,75,0
319201,7,7,31,406,-374,-248,508,137,-19,58,246,87,67,0
322536,7,7,556,631,-404,-75,579,161,-13,48,254,75,71,0
325884,7,7,293,462,-383,-24,554,184,-5,27,236,89,80,0
329205,8,8,143,462,-414,-161,480,204,-11,58,221,92,75,0
332540,8,8,237,462,-497,-115,449,224,-61,40,228,87,75,0
335885,8,8,368,387,-641,-61,497,245,-21,43,226,80,79,0
339208,8,8,275,462,-813,-205,343,262,17,43,236,85,75,0
342542,9,9,181,462,-727,-274,284,279,38,52,221,90,75,0
345885,9,9,387,406,-531,-253,253,296,133,49,236,79,78,0
349211,9,9,368,275,-25,-241,150,310,74,43,186,80,85,0
352545,9,9,293,293,537,-113,380,332,-2,84,175,84,84,0
355885,10,10,350,462,706,66,466,355,-63,35,176,81,75,0
359214,10,10,312,406,271,-120,500,378,-64,16,194,83,78,0
362548,10,10,312,368,-159,-340,563,401,2,48,203,83,80,0
365885,10,10,218,350,-254,-425,636,423,53,40,218,88,81,0
369217,11,11,87,368,43,-536,557,440,83,57,199,95,80,0
372552,11,11,237,181,531,-464,583,454,-35,74,171,87,90,0
375910,11,11,218,312,645,-264,685,469,-104,14,145,88,83,0
379220,12,11,0,368,-103,-143,680,480,-105,33,158,92,80,0
382555,12,12,237,350,-523,-59,703,491,-5,61,147,87,81,0
385911,12,12,218,237,-621,64,732,501,23,51,197,88,87,0
389224,12,12,181,218,-416,91,634,506,66,49,197,90,88,0
392558,13,12,106,556,-113,43,579,508,57,48,209,94,86,0
395912,13,13,237,143,283,45,565,511,-6,25,183,87,92,0
399227,13,13,181,125,484,9,581,515,-76,-8,166,90,93,0
402561,14,13,0,218,104,-49,534,518,-75,14,157,93,88,0
405911,14,14,143,275,-379,-78,501,519,3,43,190,92,85,0
409231,14,14,200,200,-288,-14,420,517,55,43,187,89,89,0
412565,14,14,68,68,78,51,321,517,60,-13,230,96,96,0
415912,15,14,0,200,350,68,226,506,21,9,213,101,89,0
419234,15,15,87,143,365,40,179,491,-20,-41,200,95,92,0
422568,15,15,87,50,147,-19,220,479,36,-24,233,95,97,0
425912,16,15,0,125,131,14,248,471,27,-11,218,107,93,0
429237,16,16,0,0,135,27,192,459,79,5,211,105,93,0
432571,16,16,0,143,438,59,225,448,32,-17,246,106,92,0
435913,17,16,0,0,761,102,274,442,52,-36,249,115,100,0
439240,17,17,0,0,768,46,367,439,31,-47,199,113,96,0
442575,18,17,0,0,629,28,499,440,19,-29,219,114,93,0
445913,18,17,0,50,443,81,433,442,-17,-43,218,124,97,0
449244,18,18,0,0,91,107,328,444,-33,-77,250,123,93,0
452577,19,18,0,0,33,154,272,444,-22,-5,252,135,94,0
455912,19,18,0,31,9,142,162,445,6,-53,174,133,103,0
459246,20,18,0,68,94,217,-47,431,-12,-36,172,139,101,0
462581,20,19,0,0,-12,455,-148,412,-97,-77,169,140,97,0
465937,21,19,0,143,-477,543,-255,389,-51,-73,183,148,97,0
469249,21,19,0,162,-972,509,-444,357,12,-80,207,146,96,0
472584,22,20,0,0,-890,538,-462,323,87,-57,184,142,95,0
475941,22,20,0,0,-369,727,-549,288,93,-90,341,143,90,0
479252,23,20,0,312,472,917,-229,263,30,-159,403,147,88,0
482587,23,21,0,0,937,578,-18,241,-39,-191,446,143,95,0
485942,24,21,0,0,986,185,88,222,32,-175,432,142,97,0
489256,24,21,0,237,847,-118,310,210,117,-157,367,131,92,0
492590,24,22,0,31,1186,-357,321,197,7,-220,285,121,87,0
495946,25,22,0,106,1307,-606,281,186,-24,-116,280,117,83,0
499259,25,22,0,143,726,-717,-53,166,2,-151,276,104,81,0
502594,26,22,0,387,356,-652,-188,143,25,-129,254,95,84,0
505949,26,23,0,0,177,-614,-281,116,10,-129,225,87,92,0
509262,26,23,0,68,44,-623,-283,90,17,-77,228,72,85,0
512596,26,23,0,425,167,-610,-322,65,37,-35,233,61,82,0
515950,26,23,143,275,432,-553,-259,44,-11,-35,197,49,90,0
519265,26,24,200,0,426,-507,-269,25,0,-21,158,46,92,0
522600,26,24,143,125,445,-453,-222,11,-46,-32,163,49,82,0
525950,27,24,0,293,434,-438,-171,0,-58,-2,124,57,89,0
529268,27,25,143,275,-14,-497,-322,-16,-37,-17,130,49,90,0
532603,27,25,218,106,-167,-520,-290,-33,-15,26,176,45,83,0
535950,27,25,462,481,-192,-644,-348,-50,9,3,210,48,79,0
539272,27,25,237,312,-29,-962,-320,-67,55,53,240,60,88,0
542606,27,26,218,0,199,-1129,-313,-85,-2,39,236,61,90,0
545950,28,26,0,350,326,-1172,-230,-104,34,58,229,59,70,0
549275,28,26,256,593,135,-1055,-250,-127,14,78,204,59,73,0
552609,28,26,237,331,-158,-879,-384,-152,14,68,228,60,87,0
555951,28,27,293,125,-190,-811,-187,-169,42,49,252,57,82,0
559278,28,27,631,575,68,-891,-138,-181,11,72,254,55,74,0
562612,28,27,387,481,280,-798,-68,-189,4,63,263,68,79,0
565951,28,27,368,387,341,-739,85,-184,-22,67,273,69,84,0
569281,29,28,162,256,305,-804,219,-173,-40,62,275,64,75,0
572616,29,28,706,631,226,-854,344,-154,-9,94,244,51,71,0
575972,29,28,406,500,285,-845,501,-125,10,117,254,67,78,0
579284,29,28,631,687,408,-742,565,-93,-51,79,215,66,79,0
582619,29,28,481,650,446,-715,639,-56,1,99,241,74,81,0
585975,30,29,162,293,428,-661,547,-31,-62,110,228,75,84,0
589288,30,29,443,425,214,-536,563,-13,-46,106,210,60,77,0
592622,30,29,743,725,-61,-513,542,0,-29,99,213,60,77,0
595976,30,30,462,312,-124,-462,452,5,34,123,229,75,83,0
599291,30,30,481,331,215,-356,376,6,-7,114,210,74,82,0
602625,31,30,200,406,399,-305,302,7,7,118,197,73,78,0
605976,31,30,743,537,530,-281,235,16,-1,120,214,60,87,0
609294,31,31,481,143,770,-184,176,27,-1,128,211,74,92,0
612628,31,31,462,312,939,-42,108,39,-42,134,203,75,83,0
615977,32,31,125,350,954,104,-15,48,-17,158,203,77,81,0
619297,32,31,556,537,1114,227,-78,55,-18,136,181,70,87,0
622632,32,32,537,125,1291,347,-160,59,-24,131,179,71,93,0
625976,32,32,425,312,1323,514,-312,57,-58,123,181,77,83,0
629300,32,32,443,293,1111,581,-426,51,-52,114,205,76,84,0
632635,33,32,256,481,991,609,-549,39,-26,117,193,86,90,0
635977,33,33,387,87,907,678,-705,27,-56,73,165,79,95,0
639305,33,33,387,237,658,638,-784,12,-55,65,190,79,87,0
642638,33,33,612,518,583,520,-889,-4,-27,90,206,83,88,0
645978,34,34,68,50,739,494,-953,-24,-18,73,191,96,97,0
649307,34,34,368,87,946,525,-1057,-47,-48,59,183,80,95,0
652641,34,34,275,50,850,532,-1141,-76,-3,63,195,85,97,0
655998,35,35,87,125,891,637,-1261,-107,-33,29,207,95,93,0
659310,35,35,31,0,969,675,-1298,-136,1,11,186,98,101,0
662644,35,35,200,0,1034,687,-1331,-172,16,29,178,89,103,0
666003,35,36,87,0,1180,730,-1341,-209,-17,-3,205,95,96,0
669313,36,36,0,0,1317,710,-1369,-250,-9,-36,177,102,100,0
672648,36,36,106,0,1374,660,-1364,-295,-11,-5,160,94,106,0
676002,36,37,68,0,1299,598,-1429,-347,-25,-32,157,96,107,0
679316,37,37,0,0,1094,485,-1457,-403,32,-36,168,104,109,0
682651,37,37,0,0,1043,386,-1523,-466,15,-12,193,100,118,0
686003,37,38,50,0,995,313,-1537,-532,-26,-7,137,97,117,0
689320,38,38,0,0,792,241,-1510,-599,-56,-15,135,107,125,0
692655,38,39,0,0,523,214,-1524,-664,31,-55,137,105,122,0
696003,38,39,0,0,437,178,-1526,-729,-46,-92,162,106,123,0
699324,39,39,0,0,250,103,-1482,-792,-84,-54,163,118,126,0
702657,39,40,0,0,-198,7,-1500,-853,33,-148,234,117,120,0
706003,40,40,0,0,-214,-293,-1420,-910,-54,-168,239,119,123,0
709326,40,41,0,0,-313,-499,-1285,-959,-75,-169,284,127,116,0
712660,40,41,0,0,-952,-345,-1314,-1008,-61,-152,391,123,112,0
716003,41,41,0,0,-983,117,-1289,-1053,-16,-178,407,129,101,0
719329,41,42,0,0,-610,248,-989,-1088,-19,-244,400,121,98,0
722664,42,42,0,0,-401,304,-761,-1111,-80,-276,396,118,92,0
726004,42,42,0,31,-108,321,-262,-1117,-63,-233,393,111,87,0
729333,42,42,0,181,255,333,-72,-1114,-6,-329,423,100,79,0
732691,43,43,0,0,797,-59,219,-1097,-164,-311,355,86,78,0
736025,43,43,0,0,412,-573,442,-1070,-11,-180,329,73,75,0
739337,43,43,462,275,463,-531,496,-1038,-75,-143,308,64,74,0
742694,43,44,181,0,377,-416,544,-998,-126,-170,259,79,82,0
746028,44,44,0,0,-54,-536,608,-955,-17,-138,205,81,81,0
749339,44,44,256,218,-93,-601,572,-909,-20,-42,140,75,77,0
752698,44,44,293,12,-93,-524,454,-865,-42,-35,141,73,88,0
756029,44,44,256,106,-43,-545,324,-822,4,-71,136,75,83,0
759343,44,45,200,0,107,-833,358,-775,-36,-16,110,78,84,0
762700,45,45,50,50,121,-1040,463,-721,-90,16,73,86,86,0
766029,45,45,125,12,-416,-909,323,-671,-41,50,114,82,88,0
769345,45,46,256,0,-734,-805,226,-622,39,51,146,75,81,0
772703,45,46,500,125,-550,-724,301,-571,70,100,172,78,82,0
776029,46,46,0,68,-77,-428,282,-519,-37,94,171,93,85,0
779348,46,46,12,68,-209,-408,210,-470,-49,63,214,88,85,0
782708,46,47,293,0,-563,-636,175,-420,-28,41,226,73,79,0
786029,46,47,556,218,-722,-900,216,-368,7,76,269,75,77,0
789352,47,47,0,162,-580,-904,266,-312,61,108,303,90,80,0
792710,47,47,368,162,-294,-820,258,-256,52,113,291,69,80,0
796030,47,48,781,256,291,-672,197,-202,-32,106,310,63,75,0
799355,47,48,556,181,292,-576,166,-150,-62,106,311,75,79,0
802712,48,48,125,218,86,-496,208,-95,41,103,318,82,77,0
806030,48,48,406,218,277,-407,203,-43,27,95,304,67,77,0
809358,48,48,818,537,610,-401,235,11,-50,80,268,61,76,0
812716,48,49,350,87,635,-361,312,65,-82,67,228,86,84,0
816051,48,49,350,293,170,-343,373,117,-33,71,247,86,73,0
819362,49,49,368,612,-11,-372,418,171,-35,99,241,85,72,0
822720,49,49,500,425,-17,-242,545,228,-69,92,209,78,82,0
826051,49,50,331,143,-15,-8,808,284,-36,97,182,87,81,0
829365,50,50,162,556,-153,131,789,333,-119,61,144,91,70,0
832720,50,50,143,350,-645,225,884,368,-70,61,149,92,81,0
836055,50,50,350,293,-1556,455,838,397,56,32,216,81,84,0
839368,50,51,312,68,-1125,484,1029,422,71,88,186,83,80,0
842720,51,51,31,425,-587,569,1151,444,23,36,225,98,77,0
846055,51,51,200,331,-328,364,1190,466,-4,41,198,89,82,0
849371,51,51,425,350,-364,123,1175,486,-24,17,181,77,81,0
852721,51,52,650,406,-548,-11,1162,503,2,20,195,81,78,0
856056,52,52,237,387,-448,-155,1088,519,53,72,206,87,79,0
859375,52,52,275,256,-100,-253,1009,536,58,63,206,85,86,0
862721,52,52,387,275,307,-321,942,556,33,61,221,79,85,0
866055,52,53,668,350,479,-448,695,566,10,37,224,80,81,0
869377,53,53,143,275,450,-532,581,570,-19,79,235,92,85,0
872721,53,53,350,256,145,-497,432,573,-21,83,236,81,86,0
876056,53,53,312,312,-194,-425,250,574,28,71,226,83,83,0
879380,53,54,481,387,-136,-359,43,566,-4,73,180,90,79,0
882722,54,54,31,256,-80,-194,-68,555,14,71,189,98,86,0
886056,54,54,312,143,2,140,-124,545,-14,26,180,83,92,0
889384,54,54,218,275,-114,153,-126,535,-63,0,160,88,85,0
892722,55,55,0,218,-337,95,-133,524,-5,8,163,101,88,0
896057,55,55,87,181,-448,17,-98,513,-8,38,184,95,90,0
899387,55,55,181,143,-453,4,-45,504,33,23,176,90,92,0
902743,56,56,0,12,-278,55,15,498,10,27,155,97,83,0
906078,56,56,0,350,-7,149,103,496,20,0,198,101,81,0
909390,56,56,125,68,150,164,171,495,-11,-21,175,93,96,0
912746,56,56,87,200,189,156,256,496,-39,-13,174,95,89,0
916081,57,57,0,0,-18,149,386,501,-59,9,189,100,85,0
919393,57,57,87,312,-278,63,410,504,14,-63,198,95,83,0
922747,57,57,50,50,-281,-62,508,508,78,-32,223,97,97,0
926082,58,58,0,0,197,-138,597,514,-3,-28,212,105,93,0
929396,58,58,0,0,294,-216,593,515,35,-30,223,102,90,0
932747,58,58,0,31,467,-313,564,508,73,-46,256,102,98,0
936081,59,58,0,87,822,-366,599,502,-35,-29,247,109,95,0
939400,59,59,0,0,660,-341,535,491,26,12,233,108,95,0
942748,59,59,0,31,563,-159,527,481,17,8,227,107,98,0
946082,60,59,0,68,636,170,477,464,19,5,211,116,96,0
949404,60,60,0,0,528,361,291,437,-34,-39,228,117,96,0
952747,60,60,0,143,294,484,192,406,-69,-79,240,120,97,0
956082,61,60,0,68,-113,336,143,374,36,-48,237,130,101,0
959406,61,61,0,0,-179,201,45,339,19,-47,195,126,102,0
962749,62,61,0,0,-132,206,-63,303,7,-29,158,137,100,0
966082,62,61,0,143,-162,348,-212,265,-48,-49,189,135,97,0
969409,63,62,0,0,-358,427,-271,227,-34,-80,174,144,96,0
972748,63,62,0,0,-659,328,-381,193,-9,-12,156,141,92,0
976083,64,62,0,312,-773,403,-503,159,-17,-46,136,150,88,0
979412,64,62,0,275,-816,583,-575,128,85,-127,238,147,90,0
982769,65,63,0,0,-466,493,-501,104,190,-136,354,154,93,0
986106,65,63,0,0,939,539,-307,93,-36,-131,352,141,91,0
989416,66,63,0,312,1122,589,-145,91,-128,-157,347,145,88,0
992773,66,64,0,0,548,427,15,95,18,-238,388,137,93,0
996106,67,64,0,12,441,-127,291,108,119,-218,369,136,88,0
999419,67,64,0,443,1072,-508,378,124,17,-184,338,125,81,0
1002773,67,64,0,275,1127,-698,322,137,39,-151,296,114,90,0
1006106,68,65,0,0,764,-826,56,141,68,-183,336,111,92,0
1009422,68,65,0,106,725,-899,-21,140,-10,-122,301,96,83,0
1012774,68,65,0,425,491,-906,-20,136,-64,-100,244,82,82,0
1016107,69,66,0,0,77,-778,-9,130,97,-62,198,75,89,0
1019425,69,66,0,162,402,-587,-19,121,54,-67,188,63,80,0
1022773,69,66,181,387,611,-443,67,111,-67,-49,174,47,84,0
1026107,69,66,200,200,260,-486,49,100,24,-42,153,46,94,0
1029428,69,67,143,0,302,-569,70,87,-10,3,156,49,92,0
1032774,69,67,162,181,391,-612,42,69,-54,3,157,48,79,0
1036107,69,67,368,387,158,-640,-10,50,-24,1,156,53,84,0
1039432,70,68,0,312,-35,-753,-106,29,14,45,167,67,88,0
1042774,70,68,0,68,-199,-794,-144,6,-16,49,183,59,85,0
1046108,70,68,518,500,-171,-842,-148,-14,8,43,213,45,78,0
1049435,70,68,443,387,0,-1017,-102,-34,39,47,240,49,84,0
1052774,70,68,218,368,350,-1217,-107,-52,42,57,258,61,85,0
1056108,70,69,237,162,698,-1297,-72,-63,-45,40,216,60,80,0
1059438,70,69,462,631,193,-1325,-124,-73,-2,102,188,64,71,0
1062796,71,69,0,406,-377,-1274,-256,-86,18,92,242,75,83,0
1066107,71,70,331,181,-147,-1102,-64,-89,53,81,258,55,79,0
1069441,71,70,762,612,116,-1094,-3,-87,23,96,255,48,72,0
1072799,71,70,387,500,223,-1027,75,-78,-31,122,256,68,78,0
1076132,71,70,350,425,151,-801,84,-67,1,98,288,70,82,0
1079444,72,70,350,631,125,-708,169,-50,-5,79,253,65,82,0
1082799,72,71,368,331,161,-695,299,-25,67,88,262,64,82,0
1086135,72,71,575,518,474,-527,429,5,-38,128,253,53,72,0
1089448,72,71,500,612,421,-374,436,35,-17,102,261,57,67,0
1092799,72,71,556,593,298,-327,484,59,-16,78,239,70,84,0
1096140,72,72,462,275,253,-415,463,78,0,101,247,75,85,0
1099451,73,72,162,481,307,-368,406,91,-55,118,207,75,74,0
1102799,73,72,875,781,312,-340,328,92,-12,118,209,53,74,0
1106141,73,72,612,537,473,-427,351,91,-62,121,214,67,87,0
1109455,73,73,425,218,474,-452,283,90,-47,131,208,77,88,0
1112800,74,73,162,462,395,-328,127,92,-33,147,194,75,75,0
1116141,74,73,743,668,324,-130,30,94,2,123,199,60,80,0
1119458,74,73,650,518,476,-70,7,94,-7,136,197,65,88,0
1122801,74,74,425,237,769,-4,-65,93,-21,132,204,77,87,0
1126141,74,74,500,406,951,226,-171,88,-70,130,207,73,78,0
1129460,75,74,462,575,997,354,-300,76,-7,117,206,75,85,0
1132801,75,74,406,387,1090,399,-394,63,-45,115,199,78,95,0
1136142,75,75,481,125,1145,493,-509,44,-59,138,186,74,93,0
1139464,75,75,462,275,1134,661,-645,23,-44,117,193,75,85,0
1142822,76,75,331,500,1081,764,-832,-2,-64,110,203,82,89,0
1146143,76,76,125,68,936,783,-948,-28,-28,118,207,93,96,0
1149467,76,76,387,218,912,858,-1016,-55,-55,70,203,79,88,0
1152825,76,76,350,162,730,760,-1024,-83,35,83,197,81,91,0
1156143,77,76,181,425,929,703,-1193,-117,4,66,209,90,93,0
1159470,77,77,50,12,1064,730,-1229,-152,5,48,199,97,99,0
1162826,77,77,275,50,1080,730,-1363,-192,-66,52,166,85,97,0
1166143,77,77,218,87,740,746,-1444,-233,-26,25,201,88,95,0
1169474,78,78,12,106,677,783,-1534,-273,44,23,179,99,94,0
1172827,78,78,200,0,739,803,-1542,-320,39,0,191,89,101,0
1176143,78,78,125,0,1060,727,-1554,-368,51,-41,176,93,104,0
1179476,79,79,0,0,1350,644,-1509,-418,40,-30,179,103,103,0
1182826,79,79,0,0,1623,505,-1506,-467,-37,-28,161,100,109,0
1186169,79,79,106,0,1371,382,-1541,-521,-11,-48,161,94,111,0
1189480,80,80,0,0,1242,321,-1522,-578,-69,-1,151,100,107,0
1192826,80,80,0,0,900,262,-1519,-638,39,-29,127,103,121,0
1196169,80,81,0,0,837,227,-1471,-698,17,-69,136,103,118,0
1199483,81,81,0,0,848,230,-1403,-757,-11,-89,167,103,121,0
1202827,81,81,0,0,678,241,-1362,-814,-31,-95,177,112,122,0
1206170,81,82,0,0,85,219,-1343,-869,6,-77,169,113,122,0
1209486,82,82,0,0,-157,79,-1310,-920,-57,-93,169,122,126,0
1212827,82,83,0,0,-231,-184,-1291,-971,19,-142,202,124,119,0
1216170,83,83,0,0,-176,-287,-1134,-1015,-200,-148,300,126,119,0
1219489,83,83,0,0,-874,-129,-1193,-1057,-74,-187,380,134,115,0
1222827,83,84,0,0,-1054,48,-1136,-1093,-4,-205,392,131,102,0
1226170,84,84,0,0,-599,256,-966,-1124,-16,-216,351,136,99,0
1229493,84,84,0,0,-134,454,-672,-1143,-134,-331,382,126,95,0
1232848,85,85,0,0,63,285,-363,-1149,-110,-302,442,122,83,0
1236170,85,85,0,200,18,-85,-180,-1145,39,-292,373,107,78,0
1239496,85,85,0,125,609,-295,104,-1129,-103,-198,359,92,82,0
1242852,86,85,0,143,719,-549,134,-1109,-76,-202,330,84,81,0
1246170,86,86,12,0,671,-470,193,-1083,-110,-165,276,72,79,0
1249500,86,86,518,275,513,-363,233,-1050,-49,-176,246,61,74,0
1252852,86,86,200,31,297,-457,300,-1011,-77,-123,180,78,87,0
1256170,86,86,125,87,-26,-484,214,-972,-101,-103,198,82,84,0
1259503,87,87,0,0,-209,-443,130,-936,59,-39,155,82,81,0
1262853,87,87,312,87,81,-338,96,-896,-24,-73,153,72,84,0
1266195,87,87,218,0,105,-420,128,-853,-90,-33,106,77,90,0
1269505,87,87,181,125,-300,-579,118,-807,-68,7,88,79,82,0
1272853,88,88,87,106,-660,-703,-36,-763,-11,7,120,84,83,0
1276199,88,88,162,31,-960,-749,-111,-719,8,10,179,80,87,0
1279508,88,88,218,12,-926,-844,-157,-675,83,36,207,77,88,0
1282853,88,88,481,443,-549,-1015,-216,-634,-14,36,211,79,81,0
1286199,89,89,0,68,-165,-1127,-249,-594,-50,55,192,92,85,0
1289512,89,89,87,68,-232,-1165,-176,-553,10,118,145,84,85,0
1292853,89,89,350,106,-232,-925,-36,-506,-62,97,184,70,83,0
1296200,89,90,612,218,-552,-825,-20,-459,-31,79,264,72,77,0
1299516,90,90,50,143,-731,-864,4,-411,34,114,286,86,81,0
1302853,90,90,293,200,-305,-784,101,-362,23,122,301,73,78,0
1306199,90,90,875,481,6,-624,100,-315,-11,106,296,58,79,0
1309518,90,90,612,406,130,-563,62,-271,-47,120,274,72,83,0
1312876,90,91,481,12,-53,-442,94,-226,5,103,278,79,88,0
1316199,91,91,200,275,0,-322,194,-179,21,105,299,78,74,0
1319522,91,91,725,556,278,-205,235,-131,-29,128,295,66,75,0
1322877,91,91,425,350,515,-132,371,-84,-72,94,272,82,86,0
1326228,91,92,575,331,354,-126,474,-32,-77,54,237,85,82,0
1329525,92,92,181,481,143,-118,617,22,-74,113,222,90,74,0
1332877,92,92,387,331,-310,15,700,74,-49,76,218,79,82,0
1336200,92,92,368,425,-436,59,729,118,-18,68,211,80,77,0
1339528,92,93,593,462,-361,115,789,154,-1,76,185,84,75,0
1342877,93,93,50,481,-284,277,851,186,-35,66,199,97,74,0
1346200,93,93,350,331,-347,314,922,212,-79,73,176,81,82,0
1349531,93,93,331,331,-439,385,1174,244,-66,58,141,82,82,0
1352877,94,94,237,462,-579,435,1276,278,-64,52,164,87,75,0
1356200,94,94,106,443,-865,319,1196,308,35,44,206,94,76,0
1359534,94,94,331,275,-895,217,1183,336,43,49,204,82,85,0
1362878,94,94,350,275,-543,145,1180,366,57,29,220,81,85,0
1366203,95,95,256,331,-299,-61,1119,397,42,16,212,86,82,0
1369537,95,95,200,275,-193,-336,986,425,-10,43,206,89,85,0
1372878,95,95,462,237,-582,-589,702,443,65,58,204,75,87,0
1376206,95,95,443,312,-525,-681,560,456,82,66,182,76,83,0
1379540,96,96,312,312,-145,-674,581,476,36,31,207,83,83,0
1382878,96,96,143,218,249,-528,341,490,39,80,210,92,88,0
1386209,96,96,312,143,381,-475,194,501,8,50,196,83,92,0
1389544,96,96,275,256,569,-423,341,518,-7,51,201,85,86,0
1392879,97,97,50,237,355,-253,308,536,-52,48,216,97,87,0
1396212,97,97,200,200,-135,-142,311,551,-15,55,199,89,89,0
1399547,97,97,200,143,-347,-4,289,561,79,49,197,89,92,0
1402902,98,98,31,256,-81,188,287,570,32,27,217,98,86,0
1406216,98,98,87,200,61,311,291,579,12,10,173,95,89,0
1409550,98,98,162,125,87,372,336,587,0,-40,159,91,93,0
1412905,98,98,68,143,-55,316,378,595,-22,-18,133,96,92,0
1416220,99,99,0,162,-267,273,464,608,19,-51,157,100,91,0
1419553,99,99,125,200,-247,258,516,621,26,-3,183,93,89,0
1422911,99,99,125,87,-96,173,525,632,57,-41,187,93,95,0
1426223,100,100,0,0,129,147,531,641,25,-29,169,102,90,0
1429557,100,100,0,237,328,144,566,647,1,-27,180,100,87,0
1432912,100,100,87,68,468,7,596,651,-12,-35,148,95,96,0
1436226,101,100,0,143,362,-176,568,649,-34,-31,192,99,92,0
1439560,101,101,0,0,193,-397,505,643,81,-41,217,102,97,0
1442912,101,101,0,0,536,-500,478,635,29,30,252,101,100,0
1446228,102,102,0,106,747,-430,395,623,-21,13,234,103,94,0
1449563,102,102,0,0,781,-261,341,607,5,-13,247,110,93,0
1452912,102,102,0,12,727,40,395,591,19,-10,217,110,104,0
1456232,103,102,0,68,500,132,315,564,-9,-34,247,120,101,0
1459566,103,103,0,0,312,216,226,531,-54,-43,241,122,99,0
1462913,103,103,0,68,43,238,160,499,-36,-26,241,123,101,0
1466235,104,103,0,106,-57,206,77,464,15,-10,231,132,99,0
1469569,104,104,0,0,-11,196,-4,427,33,-46,237,131,99,0
1472913,105,104,0,0,134,335,-174,387,-50,-40,185,142,98,0
1476238,105,104,0,200,91,355,-255,348,-121,-63,145,137,94,0
1479572,106,105,0,0,-247,347,-384,314,-47,-27,187,146,94,0
1482914,106,105,0,0,-686,430,-536,280,7,-83,191,141,96,0
1486241,107,105,0,237,-700,548,-687,240,-38,-83,204,151,92,0
1489576,107,106,0,0,-700,580,-758,206,113,-118,279,144,89,0
1492913,108,106,0,0,-228,285,-542,183,181,-91,370,146,90,0
1496244,108,106,0,12,733,372,-497,156,-28,-162,390,139,88,0
1499579,109,106,0,368,1140,488,-234,139,-105,-209,373,140,85,0
1502914,109,107,0,0,562,42,-31,129,-44,-240,358,133,93,0
1506248,110,107,0,31,419,-445,115,123,58,-220,332,126,87,0
1509582,110,107,0,143,706,-603,168,120,54,-167,318,125,81,0
1512939,110,107,0,406,863,-438,40,112,-17,-156,303,107,83,0
1516252,111,108,0,0,531,-491,-141,97,80,-145,327,102,90,0
1519585,111,108,0,162,395,-601,-130,81,29,-122,298,91,80,0
1522939,111,108,0,406,388,-623,-149,62,-25,-112,228,72,83,0
1526254,111,108,0,312,208,-657,-108,42,49,-102,211,58,88,0
1529589,111,109,162,0,176,-690,-47,24,54,-77,183,48,91,0
1532940,112,109,200,443,374,-617,28,9,-29,-38,173,46,81,0
1536257,112,109,256,368,266,-607,78,-6,-14,-20,141,43,85,0
1539592,112,110,125,0,70,-729,92,-21,27,0,141,50,92,0
1542940,112,110,162,181,98,-869,160,-34,6,4,145,48,79,0
1546261,112,110,500,500,67,-974,79,-47,-27,30,136,46,78,0
1549595,112,110,200,275,-37,-1059,74,-60,-3,73,184,62,90,0
1552940,112,111,181,0,-78,-1155,-59,-74,27,76,200,63,90,0
1556264,112,111,518,481,66,-1182,-179,-90,27,60,230,61,79,0
1559598,113,111,106,425,163,-1249,-207,-109,66,79,252,67,82,0
1562940,113,111,275,406,364,-1309,-362,-130,9,69,265,58,83,0
1566267,113,112,293,181,580,-1308,-304,-147,-41,71,243,57,79,0
1569601,113,112,537,668,338,-1384,-327,-162,1,70,259,60,69,0
1572941,113,112,275,387,158,-1347,-303,-174,3,86,230,74,84,0
1576271,114,112,181,650,-9,-1208,-395,-186,2,108,220,74,81,0
1579605,114,113,443,331,-155,-977,-409,-194,18,105,235,60,82,0
1582941,114,113,462,462,-20,-681,-247,-193,15,114,261,59,75,0
1586273,114,113,425,500,113,-509,-54,-183,-15,92,289,61,73,0
1589608,114,113,706,781,113,-431,-17,-167,5,116,272,62,74,0
1592965,114,114,537,368,135,-306,90,-143,14,97,265,71,80,0
1596276,115,114,181,500,316,-261,173,-113,24,115,249,74,73,0
1599611,115,114,500,518,488,-274,209,-90,-20,94,247,57,72,0
1602969,115,114,781,762,599,-355,291,-65,-6,119,225,58,75,0
1606280,115,114,462,631,667,-446,365,-47,-48,41,207,75,82,0
1609615,115,115,406,406,545,-531,371,-34,-65,92,215,78,78,0
1612969,116,115,200,556,266,-444,248,-30,-82,130,210,73,70,0
1616283,116,115,781,725,189,-355,227,-28,-13,125,200,58,77,0
1619617,116,116,575,481,229,-296,166,-24,-26,108,192,69,90,0
1622974,116,116,518,312,493,-206,114,-16,-42,117,207,72,83,0
1626286,117,116,200,387,671,-112,-4,-12,-55,128,199,73,79,0
1629620,117,116,593,612,716,-68,-85,-10,-34,116,197,68,83,0
1632978,117,117,537,162,768,-31,-201,-13,-36,108,187,71,91,0
1636289,117,117,481,293,803,89,-306,-21,-25,150,200,74,84,0
1639624,117,117,500,350,907,256,-436,-36,-28,155,188,73,81,0
1642978,118,117,275,481,927,392,-552,-55,-10,158,196,85,90,0
1646292,118,118,406,87,971,493,-633,-78,-16,165,187,78,95,0
1649627,118,118,518,256,1004,674,-766,-107,-78,122,189,72,86,0
1652979,118,118,725,537,762,825,-943,-139,-18,114,197,77,87,0
1656296,119,118,106,443,736,839,-1025,-173,-32,111,205,94,92,0
1659630,119,119,218,50,740,801,-1148,-207,12,96,210,88,97,0
1662978,119,119,443,162,915,799,-1279,-242,-56,53,204,76,91,0
1666299,119,119,575,500,796,758,-1351,-277,0,82,197,85,89,0
1669633,120,120,31,50,837,739,-1433,-311,-3,80,214,98,97,0
1672979,120,120,237,50,946,886,-1485,-348,23,33,195,87,97,0
1676302,120,120,237,0,1176,954,-1515,-385,0,29,192,87,100,0
1679636,121,121,443,425,1343,939,-1555,-424,-73,37,186,92,93,0
1682979,121,121,0,0,1161,936,-1635,-463,8,-21,184,102,103,0
1686305,121,121,106,0,1008,884,-1697,-503,10,-23,200,94,108,0
1689640,121,122,68,0,1118,745,-1678,-548,17,10,146,96,102,0
1692979,122,122,0,0,1348,581,-1677,-598,-3,-29,151,104,108,0
1696308,122,122,31,0,1309,542,-1697,-651,43,-76,192,98,114,0
1699643,122,123,31,0,1468,470,-1671,-706,-80,-65,145,98,112,0
1703001,123,123,0,0,1087,332,-1612,-762,-80,-55,124,113,120,0
1706312,123,124,0,0,372,141,-1624,-819,-39,-40,129,114,117,0
1709646,124,124,0,0,37,157,-1498,-875,17,-89,141,116,118,0
1713004,124,124,0,0,274,196,-1452,-932,27,-116,117,126,123,0
1716315,124,125,0,0,216,51,-1311,-984,-97,-108,171,124,115,0
1719649,125,125,0,0,-98,-179,-1264,-1032,-28,-175,175,136,113,0
1723004,125,125,0,0,-343,-341,-1054,-1072,-75,-122,196,130,109,0
1726318,126,126,0,0,-615,-352,-953,-1107,-15,-104,361,136,107,0
1729652,126,126,0,0,-869,-114,-861,-1137,-11,-204,402,132,102,0
1733005,127,126,0,0,-477,181,-663,-1158,-47,-217,438,126,93,0
1736321,127,127,0,12,-81,348,-526,-1171,-23,-319,400,129,88,0
1739656,127,127,0,68,255,426,-113,-1169,-157,-295,390,118,85,0
1743005,128,127,0,87,-141,185,-25,-1160,16,-325,435,111,84,0
1746324,128,128,0,0,272,-75,156,-1141,-33,-272,387,94,80,0
1749659,128,128,162,200,726,-219,321,-1114,-85,-234,356,80,78,0
1753005,128,128,256,68,738,-191,295,-1085,-26,-199,343,75,85,0
1756328,129,128,0,68,892,-169,316,-1051,-57,-176,258,79,85,0
1759662,129,128,462,462,873,-100,304,-1012,-67,-137,228,64,80,0
1763005,129,129,350,0,505,-162,176,-975,-63,-127,178,70,93,0
1766331,129,129,162,0,150,-305,9,-939,-22,-73,158,80,90,0
1769666,130,129,0,31,142,-411,-109,-902,-57,-21,164,82,87,0
1773005,130,130,218,31,34,-619,-78,-862,-92,-4,74,77,87,0
1776334,130,130,200,50,-161,-722,-57,-819,-8,-16,112,78,86,0
1779669,130,130,162,31,-266,-796,-68,-775,-71,7,86,80,87,0
1783027,131,130,106,350,-843,-883,-161,-733,-19,22,122,83,86,0
1786338,131,131,0,0,-1039,-910,-173,-690,55,73,166,89,96,0
1789672,131,131,237,0,-893,-807,-95,-641,24,41,167,76,96,0
1793029,131,131,218,0,-724,-757,-133,-593,31,46,194,77,90,0
1796340,132,132,143,31,-443,-923,-69,-542,-75,63,155,81,87,0
1799675,132,132,31,125,-462,-1038,70,-488,-63,102,232,87,82,0
1803031,132,132,406,106,-726,-993,114,-431,18,80,265,67,83,0
1806345,132,132,668,443,-594,-1106,114,-375,51,93,281,69,81,0
1809678,132,133,425,12,-115,-1251,155,-320,-10,144,298,82,88,0
1813030,133,133,181,181,92,-1128,165,-264,-13,135,311,79,79,0
1816347,133,133,575,200,203,-1005,62,-215,-5,147,320,58,78,0
1819682,133,133,781,443,653,-746,46,-169,-104,141,310,63,81,0
1823031,133,134,406,87,528,-505,97,-125,-64,129,310,83,84,0
1826350,134,134,293,462,195,-383,118,-81,-35,123,281,84,75,0
1829685,134,134,387,331,141,-388,193,-42,-88,125,283,79,82,0
1833031,134,134,425,350,53,-260,279,-4,-71,113,258,77,81,0
1836353,134,135,387,162,-133,-157,351,33,-13,103,234,79,75,0
1839688,135,135,218,518,-102,-17,386,66,-103,78,200,88,72,0
1843031,135,135,162,425,-257,368,633,102,-136,155,133,91,77,0
1846356,135,135,331,387,-942,853,686,127,-74,72,176,82,79,0
1849691,135,136,237,162,-1256,910,781,152,38,39,221,87,75,0
1853032,136,136,200,518,-970,817,864,174,40,65,221,89,72,0
1856360,136,136,237,425,-791,808,991,195,74,30,224,87,77,0
1859694,136,136,350,368,-466,556,1133,221,-3,5,175,81,80,0
1863032,136,136,368,425,-356,207,1115,246,28,24,167,80,77,0
1866364,137,137,125,368,-330,-90,1090,271,-7,8,165,93,80,0
1869721,137,137,387,312,-378,-308,966,296,67,58,184,79,83,0
1873053,137,137,350,275,-89,-394,818,321,43,49,195,81,85,0
1876366,137,137,312,387,271,-467,792,349,19,63,193,83,79,0
1879724,138,138,275,312,456,-466,546,369,-23,61,207,85,83,0
1883057,138,138,312,331,286,-439,332,381,-59,62,188,83,82,0
1886369,138,138,293,275,112,-457,233,390,-12,41,214,84,85,0
1889728,138,138,462,631,-39,-468,73,397,-59,61,222,91,82,0
1893057,139,139,0,218,-319,-450,-94,400,-16,70,201,104,88,0
1896372,139,139,200,256,-479,-385,-204,396,-8,50,200,89,86,0
1899731,139,139,200,275,-548,-285,-251,393,-35,41,207,89,85,0
1903057,140,140,68,312,-687,-159,-256,387,3,51,188,96,83,0
1906376,140,140,181,200,-673,-28,-275,376,44,20,206,90,89,0
1909734,140,140,143,181,-385,66,-179,367,-18,20,200,92,90,0
1913058,141,140,0,218,-387,130,-112,360,-4,28,208,98,88,0
1916379,141,141,0,275,-320,181,-11,355,70,11,208,100,85,0
1919738,141,141,125,162,70,194,184,355,-8,11,179,93,91,0
1923058,141,141,31,181,63,224,275,362,1,42,200,98,90,0
1926382,142,141,0,256,80,339,326,371,54,-23,197,104,86,0
1929740,142,142,68,312,333,382,506,384,-9,-22,191,96,83,0
1933058,142,142,106,162,230,372,577,398,24,-40,155,94,91,0
1936385,143,142,0,87,94,194,674,413,30,-65,193,105,95,0
1939741,143,143,0,0,126,-180,724,427,33,-30,208,101,89,0
1943058,143,143,0,200,191,-414,693,438,53,-34,168,100,89,0
1946389,144,143,0,12,409,-490,675,447,50,-19,194,107,99,0
1949774,144,144,0,237,749,-337,679,448,-6,-22,212,107,92,0
1953080,144,144,0,106,658,-232,603,445,14,-7,200,111,99,0
1956392,145,144,0,0,602,-85,553,438,2,-15,203,120,105,0
1959749,145,144,0,87,482,37,434,425,19,-19,207,120,100,0
1963083,146,145,0,12,506,117,363,405,-59,-14,192,127,104,0
1966395,146,145,0,12,250,214,194,376,-15,-40,210,130,104,0
1969749,146,146,0,0,44,283,61,343,-42,-10,236,130,93,0
1973083,147,146,0,0,-31,140,39,310,-38,-32,226,142,95,0
1976398,147,146,0,68,-296,1,-69,278,16,-51,164,137,101,0
1979749,148,146,0,125,-380,1,-234,245,59,-37,169,147,98,0
1983084,148,147,0,0,-228,206,-391,208,-49,-61,204,141,96,0
1986401,149,147,0,218,-395,329,-422,178,-80,-42,185,156,93,0
1989750,149,147,0,143,-1026,397,-538,150,62,-73,227,151,97,0
1993084,150,148,0,0,-832,437,-535,126,172,-67,381,156,97,0
1996404,150,148,0,0,204,774,-405,112,91,-129,404,152,92,0
1999749,151,148,0,162,1302,735,-35,113,-74,-184,343,152,96,0
2003084,152,149,0,0,1126,366,147,124,-74,-170,362,145,97,0
2006408,152,149,0,0,704,64,395,145,30,-180,368,140,93,0
2009750,152,149,0,275,865,-177,570,170,36,-202,375,129,90,0
2013084,153,149,0,237,948,-390,503,195,38,-175,289,131,92,0
2016411,153,150,0,0,897,-553,356,211,37,-105,276,116,91,0
2019750,154,150,0,387,882,-554,122,219,64,-127,289,106,84,0
2023084,154,150,0,237,865,-666,109,222,34,-135,248,89,92,0
2026414,154,151,0,0,680,-848,11,217,41,-122,233,80,93,0
2029771,154,151,0,31,567,-872,-97,205,8,-58,209,66,87,0
2033106,155,151,0,425,488,-803,-235,188,-29,-62,193,59,82,0
2036418,155,151,0,237,432,-782,-236,165,-43,-43,177,47,92,0
2039775,155,152,143,0,283,-778,-336,136,-8,-7,155,33,89,0
2043109,155,152,143,162,272,-675,-343,104,-21,-18,156,33,80,0
2046420,155,152,312,350,316,-588,-354,71,-33,3,136,40,86,0
2049775,155,152,68,275,119,-571,-445,35,-19,-4,148,53,90,0
2053109,155,153,162,68,37,-556,-472,0,-19,55,191,48,85,0
2056424,155,153,481,481,128,-506,-450,-35,-32,32,256,47,79,0
2059775,155,153,181,275,248,-743,-417,-67,23,30,286,63,90,0
2063109,156,154,0,31,504,-897,-344,-95,-55,53,250,63,87,0
2066427,156,154,106,331,336,-923,-326,-119,-73,76,212,51,71,0
2069775,156,154,368,481,-170,-766,-331,-140,4,75,243,53,79,0
2073110,156,154,218,350,-145,-876,-277,-155,50,26,281,61,86,0
2076430,156,155,443,350,252,-1054,-40,-158,3,61,248,60,81,0
2079776,156,155,312,387,44,-996,-199,-166,-57,90,203,67,79,0
2083110,156,155,331,406,-289,-773,-80,-166,-23,48,266,66,78,0
2086433,157,155,106,387,-336,-806,55,-157,7,43,275,62,79,0
2089776,157,156,668,425,-61,-975,324,-135,-8,69,244,48,77,0
2093110,157,156,350,462,-46,-873,347,-111,-7,114,242,65,75,0
2096436,157,156,350,481,8,-623,421,-81,26,79,246,65,74,0
2099777,157,156,462,462,173,-591,447,-50,5,90,227,59,75,0
2103111,158,156,425,725,307,-638,504,-22,-25,119,219,61,77,0
2106440,158,157,218,275,241,-583,495,-5,-21,94,218,72,85,0
2109797,158,157,537,462,288,-467,424,3,-31,103,223,55,75,0
2113132,158,157,443,406,284,-499,419,3,-25,99,197,60,78,0
2116443,158,157,668,725,322,-547,417,0,-17,131,175,64,77,0
2119801,158,158,406,312,300,-386,380,-4,0,119,193,78,83,0
2123135,159,158,162,462,409,-210,270,-7,-30,101,201,75,75,0
2126446,159,158,481,387,472,-161,269,-2,-20,94,202,58,79,0
2129801,159,158,668,556,583,-181,166,-1,-27,123,215,64,86,0
2133135,159,159,462,200,678,-126,64,0,-16,136,197,75,89,0
2136449,159,159,462,331,739,-36,-33,2,-50,111,194,75,82,0
2139801,160,159,612,706,687,61,-187,4,-35,126,204,67,78,0
2143135,160,159,556,481,735,127,-228,4,-9,123,223,70,90,0
2146453,160,160,500,162,827,287,-360,3,-45,124,205,73,91,0
2149802,160,160,462,312,677,518,-532,-2,-30,141,217,75,83,0
2153135,161,160,368,537,571,610,-673,-12,-5,117,218,80,87,0
2156456,161,161,387,87,643,662,-790,-23,-5,92,204,79,95,0
2159802,161,161,443,218,734,616,-931,-37,-22,100,201,76,88,0
2163136,161,161,387,218,779,647,-1092,-57,-11,73,193,79,88,0
2166459,162,161,275,443,759,613,-1168,-80,10,79,200,85,92,0
2169802,162,162,200,50,786,531,-1270,-109,3,69,201,89,97,0
2173136,162,162,331,125,764,611,-1369,-142,52,73,195,82,93,0
2176462,162,162,237,87,953,766,-1453,-177,5,69,166,87,95,0
2179803,163,163,50,50,1086,959,-1575,-218,2,27,193,97,97,0
2183136,163,163,106,0,1161,930,-1595,-266,31,24,197,94,101,0
2186465,163,163,200,0,1280,895,-1589,-310,16,16,200,89,103,0
2189803,164,164,0,0,1449,963,-1637,-358,-31,-3,164,99,96,0
2193136,164,164,0,12,1338,880,-1677,-412,-18,-52,196,100,99,0
2196468,164,164,87,0,1266,766,-1642,-474,-15,-26,161,95,107,0
2199827,164,165,443,0,1315,547,-1522,-532,31,-36,158,97,106,0
2203160,165,165,0,0,1423,332,-1497,-592,-18,-11,151,119,114,0
2206472,165,165,0,0,1234,294,-1505,-653,-25,-12,138,112,119,0
2209827,166,166,0,0,808,283,-1531,-717,-67,-13,138,116,118,0
2213164,166,166,0,0,473,206,-1439,-777,-15,-45,137,119,125,0
2216476,166,167,0,0,316,160,-1443,-836,39,-89,153,112,121,0
2219828,167,167,0,0,411,42,-1291,-889,-29,-62,148,123,120,0
2223168,167,167,0,0,374,-26,-1336,-944,-120,-66,183,121,119,0
2226479,168,168,0,0,-12,-177,-1345,-998,-12,-140,170,122,110,0
2229829,168,168,0,0,-217,-354,-1128,-1041,-44,-183,203,126,116,0
2233170,168,169,0,0,-533,-341,-1020,-1082,-68,-187,379,124,107,0
2236482,169,169,0,0,-825,-186,-1013,-1118,-58,-172,397,132,100,0
2239828,169,169,0,0,-805,226,-924,-1149,13,-187,360,124,96,0
2243170,170,169,0,31,-397,566,-693,-1170,-81,-296,390,122,87,0
2246484,170,170,0,143,-49,698,-516,-1180,-30,-302,386,111,81,0
2249828,170,170,0,143,99,374,-303,-1183,-108,-340,415,96,81,0
2253171,171,170,0,50,93,94,-31,-1172,-68,-321,395,91,86,0
2256488,171,170,0,162,233,-212,147,-1151,-14,-259,345,79,80,0
2259829,171,171,406,125,770,-472,323,-1120,-77,-244,330,67,82,0
2263171,171,171,256,50,700,-495,443,-1081,-60,-176,285,75,86,0
2266491,172,171,162,50,675,-428,508,-1036,-109,-119,202,80,86,0
2269829,172,172,237,125,263,-390,480,-987,-82,-117,168,76,82,0
2273171,172,172,312,0,-29,-404,310,-941,-1,-62,164,72,89,0
2276494,172,172,256,12,-3,-438,251,-894,-22,-58,160,75,88,0
2279851,172,172,200,68,34,-697,159,-846,-4,-60,129,78,85,0
2283170,173,173,31,31,98,-976,298,-791,-16,6,113,87,87,0
2286497,173,173,162,0,-30,-1040,205,-736,-126,-11,96,80,92,0
2289854,173,173,256,0,-875,-974,108,-682,-29,71,114,75,92,0
2293171,173,173,462,406,-924,-882,91,-630,23,87,164,80,83,0
2296500,174,174,0,12,-663,-770,121,-575,-1,106,182,92,88,0
2299854,174,174,256,68,-700,-686,-15,-523,-10,62,182,75,85,0
2303171,174,174,293,50,-720,-776,19,-471,12,56,208,73,86,0
2306504,174,174,518,387,-711,-908,-34,-425,-25,41,239,77,84,0
2309854,175,175,0,0,-714,-960,15,-377,71,121,206,95,93,0
2313196,175,175,293,50,-281,-844,168,-325,112,153,268,73,86,0
2316508,175,175,762,481,382,-699,100,-274,-74,100,311,64,79,0
2319855,175,176,518,68,291,-789,121,-225,-54,114,296,77,85,0
2323197,176,176,106,143,213,-763,193,-174,48,156,318,83,81,0
2326511,176,176,462,462,341,-682,219,-127,19,125,315,75,75,0
2329855,176,176,556,256,695,-628,218,-78,-64,107,283,70,86,0
2333198,176,176,425,331,584,-520,274,-28,-65,122,276,77,82,0
2336513,176,177,387,125,317,-482,314,16,-69,106,264,79,77,0
2339855,177,177,293,537,-83,-461,336,59,-82,119,247,84,71,0
2343198,177,177,406,331,-363,-282,408,103,-105,111,220,78,82,0
2346517,177,177,387,425,-692,-68,402,144,-10,119,216,79,77,0
2349855,177,178,631,556,-782,143,329,176,-19,116,186,82,70,0
2353197,178,178,143,500,-798,353,297,202,-95,104,131,92,73,0
2356520,178,178,293,293,-1090,651,444,225,14,63,113,84,84,0
2359876,178,178,312,425,-726,865,702,248,63,41,214,83,77,0
2363198,179,179,237,462,-366,804,808,269,-76,40,185,87,75,0
2366523,179,179,218,425,-586,559,900,287,66,3,195,88,77,0
2369880,179,179,368,387,-365,136,1070,306,-2,34,188,80,79,0
2373199,179,179,331,387,-309,-121,1153,327,-2,26,196,82,79,0
2376526,180,180,312,462,-434,-404,1143,347,68,59,197,83,75,0
2379880,180,180,237,293,-278,-484,1028,370,73,66,186,87,84,0
2383199,180,180,331,200,85,-452,930,391,27,72,190,82,89,0
2386529,180,180,312,237,462,-228,967,416,-14,48,195,83,87,0
2389880,181,181,181,331,398,-163,831,433,-70,32,196,90,82,0
2393222,181,181,200,293,46,-309,777,451,-37,57,205,89,84,0
2396533,181,181,312,256,-176,-333,671,468,3,72,242,83,86,0
2399881,181,181,200,350,-248,-316,496,481,33,2,244,89,81,0
2403223,182,182,106,312,3,-291,327,487,2,49,221,94,83,0
2406536,182,182,256,218,204,-116,168,493,-58,39,193,86,88,0
2409881,182,182,218,162,-10,19,86,495,-69,41,198,88,91,0
2413227,183,182,0,256,-267,74,-34,495,-24,15,173,94,86,0
2416539,183,183,50,218,-350,136,-61,493,-5,21,206,97,88,0
2419881,183,183,181,125,-266,159,-77,485,0,21,184,90,93,0
2423227,183,183,106,143,-297,181,-76,480,37,3,198,94,92,0
2426542,184,184,0,0,-118,190,14,476,-50,11,187,101,87,0
2429881,184,184,106,237,-272,125,44,472,4,3,193,94,87,0
2433227,184,184,68,106,-257,188,75,467,50,-15,167,96,94,0
2436546,185,184,0,200,4,191,188,466,46,-26,201,101,89,0
2439903,185,185,31,218,105,116,232,465,-37,-66,178,98,88,0
2443227,185,185,68,256,-148,-54,294,464,39,-45,170,96,86,0
2446548,186,185,0,31,-241,-274,390,466,30,-46,185,99,98,0
2449905,186,186,0,218,109,-372,425,466,100,-30,213,108,93,0
2453228,186,186,0,50,574,-365,481,469,49,-40,222,105,102,0
2456552,187,186,0,0,967,-303,557,476,-33,2,229,107,107,0
2459905,187,187,0,0,618,-272,492,482,-15,-11,221,115,101,0
2463228,187,187,0,50,527,-200,496,484,67,16,228,115,102,0
2466555,188,187,0,0,754,95,519,478,-19,27,213,126,107,0
2469906,188,188,0,0,565,194,477,468,-22,-30,220,124,101,0
2473228,189,188,0,162,230,249,339,450,-13,-30,234,129,96,0
2476559,189,188,0,31,6,159,287,426,-38,-45,220,134,103,0
2479905,190,189,0,0,-143,53,180,395,4,-30,195,134,100,0
2483230,190,189,0,0,-137,93,57,361,21,-46,141,141,99,0
2486561,190,189,0,68,-82,241,-121,325,-6,-46,198,141,101,0
2489906,191,190,0,0,-161,316,-226,289,-131,-80,169,147,95,0
2493230,191,190,0,0,-666,307,-334,249,-24,-47,148,144,92,0
2496565,192,190,0,293,-957,458,-503,207,-39,-111,165,154,89,0
2499906,192,190,0,162,-772,457,-517,167,151,-91,281,149,96,0
2503233,193,191,0,0,77,529,-481,131,96,-80,348,151,96,0
2506568,194,191,0,0,967,597,-163,110,26,-85,360,149,96,0
2509906,194,191,0,275,1079,458,12,100,-39,-197,384,146,90,0
2513236,194,192,0,0,864,190,188,101,-25,-205,413,142,93,0
2516572,195,192,0,50,699,-223,330,108,0,-185,371,141,86,0
2519906,195,192,0,425,559,-389,385,121,-10,-158,313,122,82,0
2523240,196,192,0,312,441,-500,266,132,110,-150,302,118,88,0
2526575,196,193,0,0,720,-595,9,134,66,-156,322,103,92,0
2529931,196,193,0,162,788,-712,6,137,-48,-103,299,87,80,0
2533243,197,193,0,443,547,-767,-61,135,20,-86,241,82,81,0
2536577,197,194,0,0,374,-736,-82,131,64,-77,186,70,91,0
2539934,197,194,0,181,466,-608,-132,124,-36,-54,170,53,79,0
2543247,197,194,256,481,253,-546,-210,112,18,-43,187,43,79,0
2546580,197,194,275,237,148,-540,-212,98,26,-15,158,42,92,0
2549939,197,195,125,0,262,-549,-240,81,38,-2,125,50,91,0
2553250,197,195,125,106,337,-523,-243,61,-29,-18,154,50,83,0
2556584,198,195,68,406,52,-489,-235,41,-19,11,154,53,83,0
2559940,198,195,143,293,-208,-467,-392,14,-19,102,165,49,89,0
2563253,198,196,218,31,-236,-356,-428,-16,-5,52,167,45,87,0
2566587,198,196,481,500,-3,-503,-408,-44,57,8,269,47,78,0
2569940,198,196,293,256,372,-808,-382,-72,77,26,273,57,91,0
2573256,198,196,237,350,849,-1032,-396,-100,-22,47,249,60,86,0
2576591,198,197,481,312,959,-1118,-311,-125,-130,2,213,58,83,0
2579941,199,197,0,406,430,-1271,-161,-141,-23,123,212,75,78,0
2583259,199,197,50,425,-54,-1212,-430,-163,-14,81,231,65,77,0
2586593,199,197,350,462,-328,-923,-179,-174,-4,30,202,49,75,0
2589940,199,198,481,443,-379,-888,-49,-178,58,97,287,58,76,0
2593262,199,198,312,425,-263,-841,-50,-175,26,71,294,67,77,0
2596596,199,198,406,406,-4,-715,152,-164,-32,52,274,62,78,0
2599941,200,198,481,725,-46,-744,281,-144,-12,66,274,58,77,0
2603266,200,199,500,406,69,-781,461,-114,21,95,279,57,78,0
2606600,200,199,425,406,403,-738,557,-81,-10,128,236,61,78,0
2609941,200,199,462,593,560,-575,600,-47,-46,79,232,59,68,0
2613269,200,199,706,800,530,-520,722,-19,-37,77,202,62,73,0
2616603,200,200,518,312,196,-483,584,-1,-46,106,232,72,83,0
2619941,201,200,68,462,79,-298,501,7,-24,110,210,80,75,0
2623272,201,200,518,500,-62,-263,375,9,-25,87,208,56,73,0
2626607,201,200,875,725,82,-405,263,5,4,111,197,53,77,0
2629942,201,200,481,575,309,-468,168,2,-22,125,191,74,85,0
2633275,201,201,462,218,437,-464,59,4,-19,117,192,75,88,0
2636610,202,201,181,406,500,-399,-58,2,-39,132,206,74,78,0
2639967,202,201,706,556,513,-319,-54,2,3,149,187,62,86,0
2643278,202,202,425,181,521,-167,-89,2,11,173,197,77,90,0
2646612,202,202,462,312,728,171,-239,-1,29,131,185,75,83,0
2649968,202,202,537,368,908,287,-244,-2,-26,130,214,71,80,0
2653281,203,202,425,575,982,300,-377,-7,-18,127,205,77,85,0
2656616,203,203,500,143,955,348,-477,-14,-48,127,200,73,92,0
2659968,203,203,500,312,851,407,-620,-26,-36,134,190,73,83,0
2663285,203,203,462,275,736,497,-686,-40,0,114,212,75,85,0
2666619,204,203,312,518,682,571,-809,-53,-9,136,199,83,88,0
2669968,204,204,462,143,787,579,-875,-67,-29,109,186,75,92,0
2673288,204,204,406,200,885,649,-976,-85,-41,88,183,78,89,0
2676622,204,204,312,162,875,675,-1100,-108,-6,82,198,83,91,0
2679968,205,205,31,50,901,704,-1159,-131,-38,79,193,98,97,0
2683291,205,205,275,68,858,687,-1235,-160,-24,78,193,85,96,0
2686625,205,205,312,87,870,792,-1353,-198,23,95,155,83,95,0
2689968,206,206,200,125,1054,878,-1466,-230,-3,50,177,89,93,0
2693294,206,206,87,50,1114,895,-1517,-272,35,35,176,95,97,0
2696628,206,206,218,0,1269,812,-1582,-320,-2,15,212,88,102,0
2699968,206,206,1156,950,1227,830,-1627,-369,-42,-41,180,107,118,0
2703297,207,207,0,0,1085,646,-1651,-425,47,-43,223,164,158,0
2706632,208,208,106,0,1165,369,-1744,-489,50,131,178,147,154,0
2709969,208,208,237,0,1544,287,-1784,-559,49,40,244,140,161,0
2713301,208,209,237,0,1609,36,-1684,-629,-50,-2,166,140,150,0
2716635,209,209,0,0,1098,-244,-1606,-698,-66,-19,88,155,162,0
2719993,210,210,0,0,643,-179,-1616,-771,15,3,60,141,153,0
2723304,210,210,0,0,561,-89,-1548,-837,-14,-37,81,143,154,0
2726638,210,211,31,0,607,-78,-1473,-899,-115,-82,89,135,144,0
2729994,211,211,0,0,-36,-68,-1535,-959,-96,-147,101,139,142,0
2733308,211,212,106,0,-540,-291,-1560,-1016,-134,-103,107,131,128,0
2736641,212,212,0,0,-1362,10,-1345,-1063,10,3,311,140,127,0
2739998,212,213,0,0,-1407,783,-1554,-1113,69,-160,375,128,113,0
2743310,213,213,0,0,-983,1155,-1385,-1155,-14,-304,441,127,109,0
2746645,213,213,68,256,-354,1123,-1074,-1187,-87,-283,534,117,107,0
2750003,213,214,218,0,-269,1009,-760,-1208,73,-390,570,109,106,0
2753313,214,214,0,31,-14,787,-439,-1214,-96,-433,558,110,103,0
2756648,214,214,200,68,181,-14,230,-1199,-91,-427,530,94,101,0
2760005,214,215,500,50,129,-639,644,-1167,-6,-305,434,94,102,0
2763316,215,215,0,31,539,-795,809,-1127,-45,-263,397,112,103,0
2766651,215,215,162,87,705,-577,939,-1078,-30,-228,279,96,100,0
2770006,215,216,575,87,662,-554,866,-1030,-76,-176,200,90,100,0
2773320,216,216,0,0,392,-522,743,-981,-135,-47,124,112,107,0
2776654,216,216,87,0,-329,-345,596,-935,-43,-36,116,100,107,0
2780006,216,217,518,68,-644,-337,527,-888,-13,-79,79,93,101,0
2783323,217,217,0,50,-789,-426,508,-838,-3,37,100,110,102,0
2786657,217,217,68,0,-908,-474,316,-792,-13,-9,69,101,105,0
2790007,217,218,200,0,-879,-421,237,-746,49,80,84,94,95,0
2793326,218,218,237,237,-614,-273,108,-700,17,0,130,92,92,0
2796661,218,218,237,50,-309,-461,6,-654,51,47,118,92,102,0
2800007,218,219,425,0,-52,-697,45,-606,-4,19,138,82,94,0
2803330,218,219,668,350,2,-871,2,-556,-24,1,160,85,86,0
2806664,219,219,68,293,-241,-1475,32,-504,-22,-8,180,101,89,0
2810008,219,219,350,368,-339,-1941,105,-449,-65,74,193,86,85,0
2813332,219,220,368,162,-538,-2124,100,-392,-7,87,225,85,80,0
2816668,220,220,312,612,-585,-2262,58,-334,68,146,237,88,72,0
2820008,220,220,237,218,-198,-2130,-71,-284,8,181,229,92,93,0
2823336,220,220,631,593,470,-1601,253,-226,-46,230,246,82,84,0
2826670,220,221,518,275,608,-666,270,-167,-123,143,299,88,85,0
2830008,221,221,0,500,107,-341,252,-110,-103,149,313,101,73,0
2833340,221,221,462,537,-452,-85,258,-56,22,178,350,75,71,0
2836673,221,221,818,837,-480,417,417,4,62,144,366,72,71,0
2840032,221,222,481,425,-263,555,441,66,27,107,318,90,77,0
2843342,222,222,50,518,-117,486,534,125,11,108,310,97,72,0
2846676,222,222,481,575,-307,402,609,193,5,129,292,74,69,0
2850032,222,222,781,762,-568,277,668,257,57,110,247,74,75,0
2853345,222,222,425,518,-521,208,657,311,72,123,220,93,88,0
2856680,223,223,87,218,-134,291,814,360,24,133,233,95,88,0
2860033,223,223,462,387,-36,409,837,400,24,86,202,75,79,0
2863348,223,223,762,668,-22,374,833,419,75,100,173,75,80,0
2866684,224,224,425,106,298,372,752,422,60,74,154,93,94,0
2870032,224,224,87,275,651,456,895,425,4,100,126,95,85,0
2873352,224,224,368,275,756,546,960,425,-55,54,115,80,85,0
2876686,224,224,556,518,174,309,933,427,-23,5,94,86,88,0
2880033,225,225,0,68,-130,-34,871,431,15,-8,95,105,96,0
2883355,225,225,143,162,-104,-269,804,438,-19,21,103,92,91,0
2886689,225,225,256,125,-312,-385,684,443,30,9,89,86,93,0
2890033,226,226,0,31,-230,-537,523,443,-5,59,97,104,98,0
2893358,226,226,0,31,-118,-579,287,442,-12,39,120,104,98,0
2896692,226,226,143,50,114,-338,265,443,-52,44,122,92,97,0
2900034,226,226,425,481,-81,-196,155,445,-83,34,173,93,90,0
2903361,227,227,0,106,-404,-135,26,445,-47,47,206,104,94,0
2906696,227,227,106,50,-494,20,-39,443,-5,52,250,94,97,0
2910034,227,227,162,125,-428,139,-114,439,2,106,273,91,93,0
2913364,228,228,0,181,-228,188,-97,435,85,24,318,100,90,0
2916699,228,228,87,106,311,226,-60,430,-42,-6,263,95,94,0
2920055,228,228,68,0,327,252,49,428,-31,-14,257,96,100,0
2923368,229,229,0,0,107,271,143,431,-57,-26,261,100,93,0
2926702,229,229,0,87,-463,154,246,441,42,-1,283,102,95,0
2930059,229,229,0,0,-342,181,288,442,56,-29,244,106,103,0
2933371,230,230,0,0,-34,204,355,445,58,-6,210,112,99,0
2936705,230,230,0,0,638,321,418,450,98,-41,220,119,100,0
2940059,230,230,0,0,1083,429,577,460,5,-84,208,118,105,0
2943374,231,230,0,0,1161,326,753,470,-46,-53,185,132,100,0
2946709,231,231,0,0,720,204,694,478,-48,-67,174,131,97,0
2950059,232,231,0,68,302,186,657,482,-20,-38,153,143,101,0
2953377,232,231,0,68,16,220,569,481,-19,-76,194,137,101,0
2956713,233,232,0,0,-39,250,444,474,21,-57,199,151,102,0
2960060,233,232,0,68,20,194,268,462,-28,-55,164,141,101,0
2963380,234,232,0,68,-83,282,-82,434,-78,-81,159,150,101,0
2966715,234,233,0,0,-651,530,-224,401,-65,-76,170,147,101,0
2970060,235,233,0,0,-969,721,-392,362,-5,-175,209,160,100,0
2973384,235,233,0,181,-1362,559,-519,323,116,-69,273,151,95,0
2976719,236,234,0,0,-640,612,-456,280,277,-136,430,157,94,0
2980060,236,234,0,0,1156,792,-290,241,9,-239,456,149,92,0
2983388,237,234,0,312,1806,475,-39,211,-119,-270,439,150,88,0
2986721,237,235,0,0,924,-15,141,188,-31,-245,463,134,90,0
2990060,238,235,0,12,477,-330,184,169,113,-201,365,133,88,0
2993390,238,235,0,143,753,-646,246,155,34,-223,307,115,81,0
2996748,238,235,0,443,637,-841,51,140,-16,-158,314,104,81,0
3000082,239,236,0,12,234,-914,-49,130,52,-150,318,96,88,0
