Time, Rlegs, Llegs, DCL, DCR, GyroX, GyroY, GyroZ, GyroZAvg, AccelX, AccelY, AccelZ, LBEMF, RBEMF, SteerOut
3206,383,393,668,0,194,-143,-144,-145,-14,0,226,33,34,0
6539,383,393,668,0,195,-145,-145,-145,-16,0,222,33,35,0
9892,383,393,668,0,194,-143,-145,-145,-14,1,225,33,34,0
13228,383,393,668,0,192,-142,-145,-145,-18,1,222,33,34,0
16542,383,393,668,0,194,-142,-145,-145,-14,1,224,33,34,0
19896,383,393,668,0,190,-140,-146,-145,-14,-1,224,33,35,0
23229,383,393,650,0,194,-141,-145,-144,-14,0,228,34,34,0
26545,383,393,668,0,189,-143,-147,-145,-15,1,224,33,35,0
29896,383,393,668,0,194,-143,-143,-145,-14,1,223,33,34,0
33230,383,393,668,0,195,-143,-145,-145,-14,-1,225,33,34,0
36548,383,393,668,0,193,-144,-145,-145,-18,0,224,33,34,0
39896,383,393,668,0,195,-147,-146,-145,-18,1,217,33,34,0
43229,383,393,668,0,193,-143,-145,-145,-18,1,229,33,34,0
46551,383,393,668,0,194,-144,-146,-145,-17,1,222,33,34,0
49896,383,393,668,0,195,-146,-146,-145,-15,-1,221,33,34,0
53230,383,393,668,0,191,-143,-147,-145,-18,1,219,33,34,0
56554,383,393,668,0,194,-143,-146,-145,-17,1,225,33,35,0
59896,383,393,668,0,193,-142,-144,-145,-19,3,225,33,35,0
63230,383,393,668,0,192,-139,-145,-145,-14,-1,226,33,34,0
66558,383,393,650,0,193,-142,-146,-145,-18,2,220,34,35,0
69897,383,393,650,0,192,-140,-142,-145,-15,0,220,34,34,0
73230,383,393,668,0,195,-140,-144,-145,-15,0,224,33,34,0
76560,383,393,668,0,194,-139,-144,-145,-19,3,220,33,35,0
79897,383,393,668,0,193,-143,-145,-145,-18,-2,221,33,34,0
83231,383,393,668,0,193,-144,-144,-145,-17,3,221,33,34,0
86565,383,393,650,0,191,-144,-145,-145,-16,0,222,34,34,0
89919,383,393,650,0,195,-146,-146,-145,-13,1,226,34,35,0
93232,383,393,650,0,196,-145,-145,-145,-17,1,231,34,35,0
96567,383,393,668,0,192,-142,-148,-145,-16,3,214,33,34,0
99922,383,393,668,0,194,-143,-147,-145,-14,3,223,33,35,0
103306,0,0,0,0,194,-142,-145,-145,-18,3,226,33,34,0
106570,0,0,0,0,190,-141,-148,-145,-16,0,225,33,34,0
109922,0,0,0,0,193,-143,-145,-145,-19,2,222,33,34,0
113258,0,0,0,0,192,-141,-146,-145,-15,-2,220,33,34,0
116573,0,0,0,0,192,-142,-144,-145,-16,0,221,33,35,0
119922,0,0,0,0,189,-139,-143,-145,-15,2,224,33,34,0
123263,0,0,0,0,196,-144,-146,-145,-15,3,228,34,34,0
126578,0,0,0,0,194,-143,-145,-145,-16,2,221,33,34,0
129923,0,0,0,0,194,-141,-146,-145,-17,0,224,33,34,0
133264,0,0,0,0,195,-143,-148,-145,-17,2,224,33,34,0
136580,0,0,0,0,194,-142,-146,-145,-17,2,224,33,34,0
139924,0,0,0,0,196,-144,-146,-145,-14,1,227,33,35,0
143265,0,0,0,0,194,-141,-146,-145,-17,1,222,34,35,0
146584,0,0,0,0,194,-141,-146,-145,-17,1,224,33,34,0
149923,0,0,0,0,194,-143,-145,-145,-20,5,218,33,34,0
153265,0,0,0,0,191,-141,-145,-145,-18,2,225,34,35,0
156587,0,0,0,0,193,-142,-144,-145,-18,0,228,33,34,0
159923,0,0,0,0,193,-140,-148,-145,-14,0,221,34,35,0
163265,0,0,0,0,191,-140,-141,-145,-16,0,220,33,34,0
166589,0,0,0,0,193,-144,-146,-145,-18,1,222,33,34,0
169924,0,0,0,0,193,-141,-144,-145,-18,1,223,33,34,0
173265,0,0,0,0,193,-145,-144,-145,-17,0,222,34,35,0
176593,0,0,0,0,193,-146,-144,-145,-16,1,225,34,35,0
179945,0,0,0,0,195,-145,-147,-145,-14,0,228,33,34,0
183266,0,0,0,0,192,-146,-148,-145,-16,-2,227,34,35,0
186596,0,0,0,0,192,-145,-147,-145,-18,1,221,33,34,0
189948,0,0,0,0,193,-145,-149,-145,-21,1,220,33,34,0
193265,0,0,0,0,194,-146,-147,-145,-21,2,222,33,34,0
196599,0,0,0,0,193,-143,-144,-145,-19,0,221,33,35,0
199949,0,0,0,0,192,-140,-144,-145,-15,0,224,33,34,0
203269,0,0,1587,1587,194,-142,-145,-145,-14,1,223,0,0,0
206603,0,1,143,0,190,-154,-131,-145,17,19,248,77,75,0
209952,0,1,125,143,7,-276,-119,-144,-56,26,213,94,77,0
213294,0,1,162,181,-175,-282,-182,-145,-15,5,246,92,75,0
216605,1,1,0,125,-118,-304,-138,-145,-42,9,227,96,78,0
219952,1,1,331,425,-155,-409,-156,-145,-13,3,224,83,78,0
223295,1,1,218,275,-126,-431,-104,-144,-69,-17,235,89,86,0
226608,1,2,500,331,-180,-655,0,-139,-120,-29,212,90,83,0
229952,2,2,0,387,-580,-913,46,-133,-55,26,217,104,80,0
233295,2,2,275,368,-749,-942,215,-122,-68,47,258,86,81,0
236612,2,2,575,650,-908,-823,401,-105,-67,63,232,86,82,0
239953,2,3,200,200,-827,-688,474,-85,-7,88,242,106,90,0
243295,3,3,143,593,-696,-462,488,-66,-36,49,263,109,85,0
246615,3,3,312,537,-672,-370,655,-41,33,71,265,100,88,0
249975,3,3,612,706,-364,-287,675,-15,-11,76,238,100,95,0
253295,4,3,50,537,-43,8,740,12,-56,32,208,114,104,0
256618,4,4,50,368,-166,140,816,42,-96,63,247,114,97,0
259977,4,4,500,837,-700,-24,882,74,-27,48,284,106,88,0
263296,5,4,0,612,-862,-250,1036,111,-8,103,263,117,100,0
266621,5,5,275,650,-771,-154,1153,151,38,138,271,118,98,0
269978,5,5,443,500,-282,172,1166,192,5,110,243,109,106,0
273296,5,5,706,818,219,486,1292,237,-109,89,229,111,105,0
276625,6,5,181,725,-34,401,1432,286,-112,38,249,123,110,0
279978,6,6,706,762,-791,-47,1477,337,62,45,249,111,108,0
283296,7,6,256,612,-830,-457,1532,389,201,10,222,119,116,0
286628,7,7,237,462,115,-525,1568,443,178,23,178,128,132,0
289978,7,7,462,0,1782,-344,1782,503,20,-21,126,116,142,0
293321,8,7,0,143,2392,-269,2015,571,-162,9,122,125,133,0
296631,8,8,425,387,1771,-536,2028,639,-163,7,165,118,120,0
299979,8,8,368,218,463,-608,1938,704,110,116,215,121,129,0
303323,9,9,218,331,885,-273,2157,776,133,120,241,129,123,0
306635,9,9,462,312,1479,4,2103,846,39,54,248,116,124,0
309978,9,9,256,181,1765,-174,1960,912,-4,81,229,127,131,0
313324,10,10,143,293,1737,-127,1875,975,0,78,169,133,125,0
316637,10,10,425,125,1587,26,1844,1036,-103,70,158,118,134,0
319979,11,11,350,218,917,-77,1650,1093,-35,36,150,122,129,0
323324,11,11,387,200,423,-159,1416,1142,150,76,178,120,130,0
326640,11,11,462,31,1210,-135,1252,1186,205,42,205,116,139,0
329979,12,12,143,162,2236,-187,1154,1225,13,-8,172,133,132,0
333325,12,12,275,50,2294,-409,1044,1258,-32,43,151,126,138,0
336644,12,13,425,0,1533,-624,769,1280,10,54,139,118,132,0
340002,13,13,143,125,1100,-467,524,1290,22,9,160,133,134,0
343325,13,13,331,50,914,-298,256,1286,-5,39,195,123,138,0
346647,14,14,612,181,659,-241,-123,1267,23,-8,210,124,131,0
350002,14,14,162,12,371,-300,-438,1238,116,27,229,132,140,0
353326,14,15,331,0,465,-220,-744,1194,23,26,231,123,129,0
356650,15,15,87,256,352,8,-1069,1140,-1,0,229,136,127,0
360003,15,15,275,143,218,170,-1358,1074,33,-37,249,126,133,0
363325,15,16,556,331,247,311,-1622,998,-66,19,272,127,123,0
366654,16,16,0,162,-161,384,-1871,912,1,-33,229,144,132,0
370003,16,17,631,350,-424,461,-2075,815,-47,-5,243,131,130,0
373326,17,17,0,181,-527,541,-2187,710,-41,-45,242,153,139,0
376656,17,17,387,481,-697,528,-2428,598,-2,-52,211,144,139,0
380003,18,18,0,218,-808,385,-2602,476,-56,-52,256,158,137,0
383326,18,18,0,162,-1012,284,-2820,343,-78,-57,328,154,140,0
386661,19,19,0,331,-1357,468,-2998,204,-68,-26,270,162,131,0
390004,19,19,0,256,-1561,696,-3169,57,-54,-42,275,155,135,0
393328,20,19,0,612,-1579,831,-3239,-93,-117,-57,246,164,132,0
396663,20,20,0,256,-2102,922,-3546,-259,-111,-43,156,159,135,0
400004,21,20,0,500,-2655,1073,-3656,-436,-68,11,183,167,138,0
403332,21,21,0,218,-2926,1408,-3778,-618,-26,-49,239,164,137,0
406666,22,21,0,143,-2800,1743,-3730,-795,-31,-4,218,171,141,0
410004,22,22,0,200,-2807,1895,-3790,-981,-101,-49,203,167,138,0
413335,23,22,0,181,-2915,2029,-3727,-1163,119,-122,314,177,139,0
416670,23,23,0,668,-1758,2068,-3022,-1319,191,-98,422,166,129,0
420004,24,23,0,331,-348,2138,-2912,-1468,-70,-67,305,166,131,0
423339,25,23,0,650,283,2001,-2469,-1603,-76,-56,302,157,130,0
426672,25,24,0,462,-190,1575,-1717,-1708,56,-188,308,149,124,0
430029,25,24,0,518,-120,1073,-1120,-1787,131,-142,350,136,121,0
433342,26,24,31,987,217,400,-680,-1848,-3,-198,346,131,112,0
436676,26,25,331,593,504,-584,134,-1880,56,-91,304,115,117,0
440031,27,25,143,725,344,-1194,595,-1894,-35,-164,218,125,126,0
443344,27,25,0,593,-31,-1827,1212,-1880,89,-89,220,133,133,0
446679,27,26,631,612,196,-2353,1872,-1838,-13,-88,186,115,132,0
450037,28,26,0,518,165,-2650,2304,-1774,52,-34,158,142,137,0
453348,28,27,181,256,264,-2934,2686,-1686,20,-3,136,131,143,0
456683,29,27,237,87,905,-3039,3092,-1576,169,-9,78,128,152,0
460038,29,28,181,200,1815,-2912,3303,-1449,20,0,72,131,146,0
463351,29,28,368,12,2094,-2821,3441,-1308,-6,59,74,121,156,0
466686,30,29,0,0,1766,-2536,3383,-1160,38,48,148,129,148,0
470038,30,29,406,125,1859,-2414,3368,-1004,112,50,142,119,150,0
473355,30,30,462,0,2211,-2292,3178,-846,106,112,116,116,146,0
476688,31,30,31,0,2621,-1820,2905,-691,104,133,173,123,145,0
480038,31,31,593,0,2876,-1283,2896,-532,-24,143,172,109,144,0
483357,31,31,556,0,2653,-774,2820,-368,-31,160,206,111,147,0
486692,32,31,425,143,2104,-258,2795,-199,-26,195,239,118,149,0
490039,32,32,650,0,1722,177,2821,-23,-56,211,234,106,147,0
493360,32,32,668,0,1609,641,2679,154,70,169,256,105,148,0
496695,33,33,537,0,1659,983,2377,327,120,138,263,112,145,0
500039,33,33,781,0,2206,847,2104,494,86,59,254,99,147,0
503364,33,34,1118,143,2650,478,1698,658,23,70,273,97,133,0
506698,34,34,500,31,2719,105,1041,804,-18,130,277,114,139,0
510039,34,35,500,0,2440,74,636,942,29,102,175,114,127,0
513367,34,35,893,237,2512,189,233,1066,10,26,160,109,128,0
516701,35,35,218,50,2583,76,-258,1177,54,10,141,129,138,0
520039,35,36,818,218,2866,-65,-695,1271,-11,113,175,113,129,0
523370,35,36,612,50,2892,177,-1173,1329,-218,3,154,124,138,0
526704,36,37,0,0,1691,410,-1784,1364,-204,-4,242,142,133,0
530039,36,37,725,200,691,465,-2315,1369,61,96,226,118,130,0
533374,37,37,50,87,872,954,-2739,1337,64,100,194,138,136,0
536708,37,38,706,143,1531,1673,-3231,1271,-268,-117,213,127,141,0
540065,37,38,556,0,1023,1191,-3219,1192,-297,-165,312,135,152,0
543377,38,39,275,125,-18,211,-3173,1089,-236,-180,251,150,142,0
546711,38,39,275,12,-1307,-670,-2611,988,-277,-185,174,150,148,0
550066,39,40,87,181,-2313,-1350,-2328,878,-183,-100,168,160,139,0
553380,39,40,331,31,-2667,-1794,-1883,760,12,30,270,147,147,0
556714,40,41,0,0,-2267,-1188,-1576,639,-165,5,213,159,142,0
560066,40,41,237,106,-2958,-766,-1715,502,-18,40,155,152,143,0
563383,41,41,0,68,-3223,-328,-1683,352,-20,0,155,166,145,0
566717,41,42,256,106,-2466,208,-1484,203,30,-146,246,151,143,0
570066,42,42,0,68,-1982,128,-1071,62,149,-83,290,152,145,0
573386,42,43,518,106,-1097,-130,-651,-63,35,-4,226,137,143,0
576721,43,43,0,12,-458,-673,106,-165,-133,-194,135,152,148,0
580066,43,44,181,0,-641,-975,634,-245,-118,-84,177,139,135,0
583390,44,44,293,181,-1058,-1204,823,-310,-8,-85,260,133,139,0
586724,44,45,125,12,-1016,-1067,1090,-366,2,-2,292,142,132,0
590066,44,45,593,387,-1086,-636,1174,-418,-39,-15,281,133,128,0
593392,45,45,31,350,-1187,-277,1218,-467,-76,-81,302,147,130,0
596727,45,46,312,143,-1435,-121,1279,-515,-65,-114,343,132,125,0
600066,46,46,87,331,-1621,-162,1276,-559,-7,-124,407,144,131,0
603396,46,47,256,237,-1636,-314,1310,-592,-57,-45,390,135,120,0
606730,47,47,331,481,-1536,-551,1270,-618,-60,-66,312,131,123,0
610067,47,47,312,368,-1419,-574,1201,-634,18,-25,303,132,129,0
613399,47,48,706,443,-1030,-535,1240,-628,19,-25,282,127,125,0
616734,48,48,68,406,-303,-428,1116,-613,96,96,280,145,127,0
620091,48,49,518,143,526,19,1212,-582,-94,102,164,129,133,0
623402,49,49,106,331,805,448,1272,-534,-111,21,134,135,123,0
626736,49,49,556,743,163,124,1250,-473,85,-2,253,127,117,0
630095,49,50,425,312,241,-165,1197,-399,67,33,192,134,124,0
633406,50,50,0,125,1062,-174,1448,-298,125,-9,122,147,134,0
636740,50,50,518,387,2324,2,1708,-173,41,20,123,129,136,0
640095,51,51,0,50,2613,-17,1788,-31,-109,1,58,149,138,0
643408,51,51,387,500,1998,-232,1878,128,-99,26,111,136,130,0
646743,52,52,406,275,782,-495,1835,285,66,46,136,135,126,0
650100,52,52,125,68,992,-517,1883,443,111,50,147,134,137,0
653412,52,53,556,218,1738,-452,1967,587,61,65,199,127,129,0
656746,53,53,0,162,1912,-599,1934,720,-25,53,192,143,132,0
660104,53,53,593,425,1356,-878,1693,831,26,137,204,125,134,0
663415,54,54,387,106,1091,-794,1446,926,21,114,204,120,135,0
666749,54,54,218,50,1007,-452,1269,1019,23,152,251,129,138,0
670104,54,55,725,218,942,-386,958,1102,54,131,249,118,129,0
673418,55,55,181,87,1150,-317,685,1169,97,136,224,131,136,0
676753,55,55,425,87,1658,-133,526,1219,-2,85,195,118,136,0
680104,55,56,762,125,1241,-157,335,1250,-5,19,241,116,134,0
683421,56,56,68,68,549,-368,167,1252,94,98,223,137,137,0
686756,56,57,687,256,752,-426,-187,1226,167,87,217,120,127,0
690104,57,57,181,125,1304,-271,-384,1189,73,58,181,131,134,0
693425,57,57,162,87,1312,-206,-576,1137,4,36,162,132,136,0
696759,57,58,500,200,817,-93,-594,1081,-17,-3,152,130,130,0
700133,58,58,256,518,472,108,-834,1017,74,30,204,151,137,0
703428,58,59,425,275,367,276,-1020,945,-99,-11,200,142,134,0
706762,59,59,0,125,-46,526,-1352,863,72,-21,193,156,142,0
710105,59,59,425,500,-60,620,-1481,776,4,-44,182,142,138,0
713431,60,60,0,87,-62,615,-1764,681,-21,-29,244,155,144,0
716765,60,60,256,443,-430,453,-2055,580,-99,-15,216,151,141,0
720105,61,61,0,218,-930,361,-2335,468,-118,-8,225,152,137,0
723434,61,61,0,181,-1610,361,-2662,350,-58,-57,229,151,139,0
726769,62,62,331,331,-2054,530,-2828,223,-6,-64,284,147,131,0
730126,62,62,0,143,-1969,626,-3132,86,-122,6,244,159,141,0
733438,63,63,0,293,-2230,714,-3415,-59,-15,27,240,156,133,0
736772,63,63,0,218,-2469,891,-3611,-209,-20,-58,261,162,137,0
740129,64,63,0,481,-2656,955,-3692,-370,65,-15,229,177,139,0
743440,64,64,0,162,-2638,1141,-3912,-545,-93,12,198,172,140,0
746775,65,64,0,143,-2804,1613,-4026,-727,-96,31,147,182,141,0
750130,65,65,0,275,-3106,2029,-3982,-910,109,-27,303,172,134,0
753444,66,65,0,218,-2388,2262,-3467,-1076,238,-67,439,187,137,0
756778,67,66,0,687,-542,2365,-3110,-1232,27,-121,370,175,128,0
760130,67,66,0,331,-14,2358,-2916,-1385,-27,-131,412,172,131,0
763447,68,66,0,743,14,2226,-2194,-1514,4,-122,417,162,125,0
766781,68,67,0,518,63,1719,-1641,-1618,-32,-148,361,155,121,0
770131,69,67,0,931,179,987,-1078,-1697,-23,-208,366,139,115,0
773450,69,67,68,818,284,274,-399,-1749,16,-173,267,129,121,0
776784,69,68,331,443,236,-669,77,-1776,34,-75,259,115,125,0
780130,70,68,106,668,157,-1393,674,-1777,-39,-67,250,127,129,0
783454,70,69,368,481,14,-2017,1421,-1749,-30,-137,176,121,131,0
786788,70,69,331,387,-6,-2439,1796,-1703,174,-5,152,123,136,0
790131,71,69,0,275,644,-2466,2085,-1643,131,-74,112,136,142,0
793456,71,70,331,143,1699,-2488,2536,-1558,107,-40,150,123,149,0
796792,71,70,275,0,2070,-2666,2769,-1459,-37,-52,125,126,159,0
800131,72,71,0,0,1834,-2766,2937,-1350,-34,-5,106,138,149,0
803460,72,71,331,125,1617,-2774,3035,-1236,101,54,78,123,150,0
806794,73,72,0,0,1882,-2560,2884,-1120,67,26,90,131,144,0
810153,73,72,500,162,2188,-2344,2787,-1001,116,59,154,114,148,0
813463,73,73,462,0,2468,-2045,2628,-877,12,144,149,116,145,0
816797,74,73,31,0,2413,-1713,2568,-750,-7,164,170,123,149,0
820153,74,74,687,0,2120,-1296,2568,-615,-25,157,205,104,142,0
823466,74,74,593,0,1730,-644,2529,-472,-18,175,232,109,146,0
826800,75,75,425,50,1373,-116,2433,-323,76,187,252,118,138,0
830157,75,75,762,31,1368,324,2389,-165,35,143,271,100,139,0
833470,75,75,743,0,1438,552,2098,-11,156,114,286,101,146,0
836804,76,76,725,12,2076,383,1794,142,146,94,309,102,140,0
840157,76,76,668,0,2669,44,1375,292,35,158,260,105,142,0
843473,76,77,1043,218,2865,-86,696,426,-37,128,236,101,129,0
846808,77,77,518,143,2572,262,349,553,-20,136,197,113,133,0
850156,77,77,518,200,2555,486,109,678,38,76,184,113,130,0
853476,77,78,856,200,2898,554,-406,792,-1,-7,156,111,130,0
856811,78,78,12,68,2775,429,-734,893,-52,-24,155,140,137,0
860157,78,79,668,293,2277,305,-1287,961,-23,100,197,121,125,0
863479,78,79,687,125,1975,774,-1830,1001,-45,61,223,120,134,0
866813,79,79,556,631,1823,1103,-2376,1018,-49,-67,142,135,131,0
870157,79,80,593,0,1578,1081,-2639,1004,-42,-3,183,133,149,0
873482,80,80,0,68,1181,986,-3064,960,-224,48,222,153,145,0
876817,80,81,518,31,383,1010,-3065,898,-265,-180,276,137,147,0
880158,81,81,106,31,-491,355,-3003,816,-240,-245,264,143,147,0
883486,81,82,518,162,-1220,-1136,-2575,733,-305,-251,185,137,140,0
886820,81,82,256,0,-2152,-1868,-2079,647,-146,24,174,151,151,0
890158,82,83,68,143,-2295,-1630,-1770,548,-151,134,159,161,141,0
893489,83,83,0,0,-2610,-910,-1615,441,-111,-104,231,154,149,0
896846,83,84,0,0,-2833,-785,-1740,321,-120,3,266,151,142,0
900179,83,84,312,12,-2900,-437,-1627,191,-16,104,214,148,148,0
903492,84,85,0,0,-2262,318,-1564,56,-31,-50,163,157,143,0
906850,84,85,443,68,-1919,113,-1188,-72,71,-75,269,141,145,0
910183,85,85,0,143,-1205,-346,-762,-191,-56,-48,186,156,141,0
913495,85,86,425,162,-771,-756,-45,-282,-86,-124,167,142,140,0
916854,86,86,0,200,-770,-956,370,-358,-62,-106,245,152,138,0
920183,86,87,218,0,-878,-1111,800,-415,-107,-28,237,137,135,0
923498,87,87,106,256,-1198,-859,993,-464,-53,-38,230,143,135,0
926857,87,88,275,68,-1292,-500,1215,-506,-21,-86,264,134,129,0
930183,87,88,612,462,-1263,-308,1352,-543,-83,-84,316,132,124,0
933502,88,88,87,368,-1393,-324,1429,-575,-59,-68,388,144,129,0
936860,88,89,631,481,-1374,-349,1470,-603,-41,-58,385,131,123,0
940184,89,89,31,387,-1321,-397,1551,-620,-60,-77,344,147,128,0
943504,89,89,406,481,-1439,-536,1507,-629,-62,-61,338,127,123,0
946863,90,90,106,443,-1455,-596,1453,-627,29,-13,319,143,125,0
950184,90,90,387,518,-1245,-613,1433,-604,37,35,286,136,129,0
953508,90,91,500,237,-582,-352,1218,-577,48,32,248,130,128,0
956866,91,91,106,200,223,180,1258,-541,67,119,143,135,130,0
960184,91,91,725,631,907,768,1401,-484,-138,-32,190,118,123,0
963511,92,92,50,368,552,356,1483,-415,-201,-65,143,138,121,0
966866,92,92,443,687,-104,-142,1415,-331,96,49,207,133,120,0
970184,92,93,481,143,539,-121,1603,-223,121,22,151,131,133,0
973514,93,93,0,31,1763,-40,1824,-92,20,-28,87,144,139,0
976871,93,93,518,406,2143,-299,1910,49,-34,24,89,129,135,0
980205,94,94,0,106,1995,-437,1864,203,-22,50,95,149,135,0
983517,94,94,162,162,1554,-569,1923,359,-10,64,144,132,132,0
986874,95,95,181,218,1206,-584,1835,510,25,96,149,131,129,0
990209,95,95,31,106,1208,-583,1742,645,110,65,172,139,135,0
993520,95,95,687,387,1771,-595,1775,766,24,63,221,120,136,0
996875,96,96,12,68,1641,-676,1679,873,-20,92,240,140,137,0
1000209,96,96,406,87,1168,-830,1353,966,41,108,234,119,136,0
1003524,96,97,875,181,1282,-612,1132,1056,49,133,202,110,131,0
1006875,97,97,125,68,1503,-335,1069,1140,23,150,207,134,137,0
1010209,97,97,706,462,1393,-302,706,1211,14,76,212,119,132,0
1013528,98,98,368,12,1220,-425,400,1261,20,108,224,121,140,0
1016875,98,98,481,143,1168,-288,222,1291,-42,125,223,115,133,0
1020209,98,99,762,237,1049,-187,50,1294,56,61,227,116,128,0
1023531,99,99,87,87,775,-323,-248,1275,91,116,192,136,136,0
1026875,99,100,668,181,809,-353,-469,1235,113,47,226,121,131,0
1030209,99,100,481,50,1041,-257,-676,1183,11,35,195,131,138,0
1033534,100,100,331,518,779,-177,-843,1119,58,61,196,147,137,0
1036875,100,101,462,143,540,-78,-986,1046,53,-4,121,140,141,0
1040209,101,101,218,331,540,135,-1129,966,-16,53,168,153,147,0
1043537,101,102,425,143,75,413,-1551,872,-68,6,197,142,141,0
1046876,102,102,0,143,-376,480,-1827,766,57,-35,252,153,141,0
1050210,102,103,462,275,-383,548,-2006,656,-1,-10,224,140,134,0
1053540,103,103,0,181,-451,660,-2355,537,-50,-21,250,156,139,0
1056897,103,103,293,575,-832,637,-2548,413,13,-34,235,149,134,0
1060232,104,104,0,143,-1016,561,-2669,291,-27,-83,269,159,141,0
1063543,104,104,0,237,-1321,546,-2977,159,-137,-39,235,158,136,0
1066900,105,105,0,237,-1921,692,-3220,15,-29,-43,226,168,136,0
1070235,105,105,0,162,-1954,799,-3339,-135,-112,-25,222,157,140,0
1073546,106,106,0,200,-2204,866,-3528,-290,-5,-52,229,174,138,0
1076901,106,106,0,106,-2428,919,-3666,-454,-38,-35,185,171,143,0
1080236,107,106,0,575,-2617,1134,-3813,-630,-44,-29,198,180,134,0
1083550,107,107,0,181,-2901,1633,-3870,-811,16,-6,274,174,139,0
1086901,108,107,0,443,-2961,1952,-3864,-990,-52,41,200,180,141,0
1090236,109,108,0,218,-2960,2139,-3552,-1161,112,-120,245,176,137,0
1093552,109,108,0,293,-1443,2319,-2947,-1311,276,-155,528,178,133,0
1096902,110,109,0,425,174,2431,-2655,-1448,-6,-161,536,174,126,0
1100236,110,109,0,387,758,2194,-2110,-1569,-59,-111,389,160,128,0
1103556,111,109,0,706,45,1541,-1464,-1668,-75,-200,404,154,127,0
1106901,111,110,31,556,11,769,-897,-1738,85,-155,359,131,119,0
1110236,112,110,237,968,339,2,-513,-1789,10,-163,285,120,113,0
1113559,112,110,162,725,344,-881,176,-1817,-19,-79,267,124,126,0
1116902,112,111,368,481,48,-1552,616,-1820,-8,-108,225,121,131,0
1120236,113,111,0,443,-16,-2150,1357,-1790,32,7,171,135,133,0
1123563,113,112,0,275,208,-2584,1853,-1739,-27,-35,111,125,126,0
1126902,113,112,331,350,165,-2715,2328,-1668,33,-48,118,123,138,0
1130237,114,113,0,68,199,-2808,2666,-1577,102,16,154,137,137,0
1133565,114,113,293,350,660,-2876,2998,-1469,116,15,101,125,138,0
1136923,115,113,12,162,1334,-2770,3048,-1352,115,51,39,124,148,0
1140258,115,114,0,0,2010,-2516,3029,-1231,63,24,72,133,147,0
1143569,115,114,406,87,2317,-2222,2996,-1107,79,13,141,119,152,0
1146927,116,115,0,0,2475,-2095,2888,-981,79,126,160,128,148,0
1150260,116,115,537,125,2513,-1884,2823,-845,54,104,123,112,150,0
1153572,116,116,518,0,2548,-1421,2810,-700,-14,131,150,113,145,0
1156927,117,116,12,0,2490,-973,2578,-556,42,112,217,124,145,0
1160261,117,117,650,68,2563,-480,2540,-403,-50,185,209,106,137,0
1163575,117,117,650,0,2105,88,2468,-247,-59,160,250,106,145,0
1166928,118,118,518,0,1527,396,2343,-90,10,119,298,113,145,0
1170261,118,118,687,0,1354,552,2215,71,42,133,289,104,142,0
1173579,118,119,781,0,1526,476,1733,226,97,96,315,99,143,0
1176927,119,119,762,0,1878,170,1335,372,98,84,320,100,142,0
1180261,119,119,481,0,2242,-193,784,507,26,68,256,115,141,0
1183581,119,120,743,0,2477,-462,94,624,-16,111,214,101,130,0
1186928,119,120,800,68,2477,-404,-495,728,-11,93,189,114,137,0
1190261,120,121,125,0,2423,-188,-887,821,-14,96,183,134,130,0
1193584,120,121,893,218,2608,-55,-1475,896,-7,46,153,109,129,0
1196928,121,121,125,68,2591,-32,-1796,951,-140,127,196,134,137,0
1200262,121,122,668,275,1779,311,-2349,969,-111,118,184,129,134,0
1203588,121,122,650,50,1126,995,-3067,957,9,27,177,130,146,0
1206929,122,123,387,143,1406,1270,-3389,917,31,60,175,144,141,0
1210261,122,123,706,87,1519,1564,-3637,849,-49,114,238,127,144,0
1213591,123,123,50,181,1673,1868,-3871,756,-387,-218,186,146,139,0
1216929,123,124,425,162,683,1153,-3551,661,-330,-319,130,142,140,0
1220262,124,124,0,50,-1244,-90,-3133,557,-219,-148,87,165,146,0
1223594,124,125,125,87,-3243,-1247,-2400,463,-94,2,266,158,144,0
1226953,125,125,0,12,-2863,-1379,-2012,358,-23,-116,251,161,148,0
1230286,125,126,331,106,-2215,-1509,-1439,255,-96,-7,164,147,143,0
1233597,126,126,0,0,-2443,-975,-1499,135,-128,-10,238,151,150,0
1236954,126,127,181,106,-2657,-622,-1600,2,0,-1,266,155,143,0
1240289,127,127,0,0,-2368,-238,-1291,-131,42,-30,198,157,152,0
1243600,127,128,68,0,-1565,128,-709,-248,40,-92,273,145,146,0
1246954,127,128,443,0,-1090,52,-295,-352,-124,-154,283,141,151,0
1250290,128,129,0,0,-772,-269,230,-439,-123,-147,191,151,139,0
1253605,128,129,556,256,-985,-693,846,-503,-89,-109,203,135,135,0
1256954,129,129,50,256,-1233,-889,1038,-558,-1,-131,222,146,135,0
1260296,129,130,331,31,-1180,-981,1216,-608,-2,-86,272,131,131,0
1263607,130,130,125,293,-960,-703,1279,-649,-58,-46,292,142,133,0
1266954,130,131,331,50,-1204,-425,1327,-687,-133,-96,295,131,130,0
1270296,131,131,312,387,-1568,-328,1287,-724,-87,-111,336,132,128,0
1273610,131,131,106,237,-1961,-384,1267,-757,-21,-124,336,143,136,0
1276955,131,132,706,406,-1793,-373,1207,-789,-22,-100,341,127,127,0
1280296,132,132,106,312,-1483,-426,1161,-807,6,-41,329,143,132,0
1283614,132,133,443,256,-1155,-478,1087,-814,-17,-16,307,133,127,0
1286955,133,133,68,293,-904,-485,1103,-804,64,-57,252,137,125,0
1290296,133,133,593,706,-682,-484,925,-778,55,18,239,125,119,0
1293616,133,134,668,237,328,-224,908,-734,94,49,150,121,128,0
1296955,134,134,0,275,1115,152,1082,-673,-177,66,26,143,126,0
1300297,134,134,537,856,935,327,1198,-589,8,-47,240,128,111,0
1303621,135,135,200,443,498,-378,1170,-497,-98,5,198,130,117,0
1306976,135,135,462,518,278,-621,1212,-385,229,72,167,132,129,0
1310297,135,136,556,0,1348,-258,1602,-240,117,-33,113,127,141,0
1313623,136,136,0,0,3124,-36,1826,-77,-73,0,88,145,142,0
1316980,136,136,593,631,2827,-210,1879,95,-267,6,89,125,123,0
1320297,137,137,0,237,1200,-529,1837,273,-61,13,116,141,128,0
1323626,137,137,181,162,54,-601,1779,440,197,49,187,131,132,0
1326980,137,138,500,181,935,-418,1839,595,148,79,221,130,131,0
1330297,138,138,0,12,1969,-348,1869,729,39,51,190,146,140,0
1333629,138,138,631,481,2094,-620,1694,844,-32,91,198,123,131,0
1336980,139,139,143,181,1629,-711,1511,937,-58,88,210,133,131,0
1340323,139,139,462,68,806,-593,1147,1019,67,127,218,116,137,0
1343633,139,140,800,162,905,-438,942,1099,133,78,236,114,132,0
1346980,140,140,12,0,1729,-284,871,1166,-11,143,220,140,141,0
1350322,140,141,800,162,1992,-318,557,1206,-8,110,239,114,132,0
1353636,140,141,762,162,1393,-337,294,1224,27,77,178,116,132,0
1356981,141,141,143,143,1054,-248,186,1223,41,83,199,133,133,0
1360323,141,142,706,125,1168,-139,-22,1196,64,87,211,119,134,0
1363639,142,142,31,12,1214,-131,-232,1156,36,29,187,139,140,0
1366981,142,143,481,256,939,-87,-479,1103,-3,64,164,139,135,0
1370323,143,143,125,87,569,7,-767,1039,-38,10,154,142,144,0
1373642,143,143,312,462,126,149,-903,969,77,29,206,148,140,0
1376981,143,144,387,68,302,201,-1108,895,65,8,225,144,145,0
1380324,144,144,143,425,452,156,-1434,810,-53,31,233,157,142,0
1383646,144,145,481,237,67,145,-1718,719,-55,12,176,139,136,0
1387002,145,145,0,181,-403,243,-1994,620,13,-45,199,154,139,0
1390324,145,146,387,293,-507,258,-2225,517,-22,-66,223,144,133,0
1393648,146,146,0,143,-725,184,-2519,403,-95,2,255,161,141,0
1397005,146,147,275,350,-1185,188,-2786,288,-45,9,164,150,130,0
1400324,147,147,0,237,-1478,320,-3104,162,-68,-18,239,163,136,0
1403652,147,147,181,500,-1804,469,-3256,27,-5,-69,258,155,138,0
1407006,148,148,0,256,-1729,568,-3368,-115,-43,-117,278,169,135,0
1410325,148,148,0,181,-1753,697,-3597,-264,-143,-22,219,166,139,0
1413655,149,149,0,237,-2538,736,-3803,-421,-48,-24,213,178,136,0
1417007,149,149,0,143,-2963,901,-3949,-594,-11,-44,235,171,141,0
1420325,150,149,0,556,-3074,1250,-4030,-777,-55,-44,177,183,135,0
1423658,151,150,0,162,-3109,1631,-3967,-960,-37,23,210,176,140,0
1427007,151,150,0,481,-3197,2074,-3913,-1140,103,-27,374,179,139,0
1430349,152,151,0,350,-1971,2747,-3323,-1299,160,-74,427,185,130,0
1433661,152,151,0,312,-613,2725,-2856,-1446,125,-98,407,170,132,0
1437006,153,152,0,350,197,2555,-2719,-1589,-71,-116,372,177,130,0
1440353,153,152,0,387,238,2005,-2003,-1705,25,-211,410,154,128,0
1443665,154,152,0,856,339,1513,-1491,-1799,-45,-153,341,151,119,0
1447035,154,153,237,725,315,707,-975,-1865,16,-153,360,128,118,0
1450353,155,153,87,818,481,-271,-304,-1904,-57,-161,248,120,113,0
1453668,155,153,0,650,432,-988,189,-1925,1,-111,256,126,122,0
1457008,155,154,537,593,163,-1609,806,-1917,-44,-27,178,112,125,0
1460353,156,154,0,575,-278,-2311,1454,-1881,-18,-44,182,131,126,0
1463672,156,155,0,218,-357,-2644,1913,-1827,136,-60,155,128,129,0
1467030,156,155,368,387,180,-2609,2125,-1760,182,-45,60,121,136,0
1470354,157,155,0,87,1782,-2359,2362,-1679,134,-43,53,134,152,0
1473675,157,156,331,87,2701,-2378,2668,-1581,-48,35,54,123,152,0
1477031,157,156,275,87,2471,-2430,2730,-1471,-81,35,97,126,152,0
1480354,158,157,0,0,1744,-2450,2887,-1353,10,56,109,136,148,0
1483677,158,157,350,50,1478,-2315,2825,-1230,130,57,103,122,154,0
1487031,159,158,0,0,1901,-2042,2548,-1106,109,86,125,126,143,0
1490353,159,158,612,200,2687,-1455,2293,-980,89,137,181,108,146,0
1493680,159,159,593,0,2966,-966,2259,-847,-30,165,209,109,143,0
1497031,160,159,50,0,2653,-530,2283,-706,-99,145,222,122,149,0
1500354,160,160,781,0,1810,-100,2330,-555,-36,126,245,99,143,0
1503684,160,160,706,0,1354,189,2203,-399,-14,165,271,103,148,0
1507032,161,161,631,0,1133,450,2034,-238,84,126,308,107,142,0
1510354,161,161,687,0,1525,364,1666,-85,104,97,343,104,142,0
1513687,161,161,781,0,1925,35,1395,63,101,79,319,99,145,0
1517031,161,162,968,106,2333,-194,1063,209,54,66,276,105,135,0
1520356,162,162,425,68,2493,-326,288,337,58,71,250,118,137,0
1523690,162,163,650,0,2467,-334,-228,453,76,106,213,106,130,0
1527031,163,163,443,68,2634,-226,-720,556,23,131,173,117,137,0
1530387,163,163,593,650,2600,19,-1258,641,-3,-18,111,133,130,0
1533694,163,164,743,218,2378,58,-1606,713,-92,24,125,125,137,0
1537032,164,164,31,31,1816,303,-2024,754,-105,70,285,147,147,0
1540362,164,165,687,200,1398,972,-2609,762,37,108,240,128,138,0
1543697,165,165,256,12,1739,1188,-3077,750,-22,31,119,135,148,0
1547032,165,166,650,162,1880,1273,-3226,712,-126,-72,206,130,140,0
1550366,165,166,593,31,1293,1314,-3436,651,-236,-90,216,133,147,0
1553700,166,167,0,0,332,719,-3153,583,-356,-294,250,149,141,0
1557056,166,167,368,143,-1195,-334,-2807,505,-326,-159,159,145,141,0
1560368,167,167,0,162,-2584,-1125,-2222,430,-172,-48,240,161,140,0
1563704,167,168,368,125,-2746,-1284,-2002,342,-102,-98,123,145,142,0
1567060,168,168,0,0,-2429,-1494,-1472,251,-111,33,286,158,149,0
1570372,168,169,293,106,-2325,-1112,-1304,150,-235,2,240,149,143,0
1573706,169,169,0,0,-2951,-564,-1543,35,6,-47,133,163,151,0
1577064,169,170,387,31,-2761,-119,-1340,-79,69,-90,282,144,147,0
1580375,170,170,0,0,-1781,31,-838,-189,17,-23,327,149,151,0
1583709,170,171,50,0,-1267,-68,-537,-291,-48,-109,265,146,142,0
1587066,171,171,125,50,-872,-180,-76,-384,-134,-122,183,142,146,0
1590378,171,172,143,0,-924,-563,559,-454,-101,-120,192,141,139,0
1593712,171,172,556,256,-1140,-853,921,-505,-67,-125,279,135,135,0
1597067,172,172,0,293,-1278,-870,1036,-545,-81,-79,249,149,133,0
1600381,172,173,593,312,-1341,-684,1273,-575,-29,-9,280,133,132,0
1603716,173,173,50,200,-1424,-460,1292,-606,-61,-83,298,146,138,0
1607066,173,174,350,50,-1542,-330,1395,-636,-76,-123,348,130,130,0
1610384,174,174,406,425,-1632,-375,1314,-663,-40,-151,362,127,126,0
1613719,174,174,256,462,-1687,-529,1254,-688,-7,-51,328,143,132,0
1617067,174,175,443,218,-1695,-482,1197,-702,9,-55,326,133,129,0
1620388,175,175,0,200,-1443,-415,1088,-712,60,-84,310,143,130,0
1623723,175,176,668,631,-763,-405,1099,-711,9,-39,255,121,123,0
1627067,176,176,31,256,-342,-335,1150,-684,-57,-31,187,139,127,0
1630392,176,176,293,387,-259,-371,1152,-641,14,23,235,125,120,0
1633726,176,177,743,443,-96,-389,1015,-587,29,109,148,117,117,0
1637068,177,177,31,143,694,-30,1216,-509,63,73,170,139,133,0
1640394,177,177,575,762,1753,455,1541,-411,-170,-45,132,126,116,0
1643728,178,178,125,425,1106,-28,1534,-300,-44,-21,221,134,118,0
1647067,178,178,162,312,227,-619,1583,-169,81,71,190,132,124,0
1650397,178,179,612,181,1024,-243,1845,-15,161,-3,157,124,131,0
1653732,179,179,0,12,2188,-51,2068,150,82,-52,121,145,140,0
1657067,179,179,537,500,2634,-469,2060,321,-124,11,102,128,130,0
1660401,180,180,0,162,1524,-838,1892,479,-82,21,134,142,132,0
1663735,180,180,162,143,1119,-666,1844,624,71,89,174,132,133,0
1667093,180,181,631,181,1589,-453,1804,750,47,87,189,123,131,0
1670404,181,181,12,181,1714,-430,1739,867,-13,110,193,140,131,0
1673738,181,181,706,425,1442,-540,1571,962,46,100,226,119,134,0
1677093,182,182,200,87,1347,-690,1336,1045,93,80,223,130,136,0
1680407,182,182,387,31,1878,-541,1112,1128,-25,151,222,120,139,0
1683741,182,183,762,218,2000,-205,967,1200,-73,95,221,116,129,0
1687094,183,183,143,143,1300,-287,714,1248,-7,114,180,133,133,0
1690410,183,183,781,443,238,-458,227,1272,116,142,201,115,133,0
1693745,183,184,818,31,543,-244,116,1278,122,76,247,113,139,0
1697094,184,184,443,518,1076,-161,24,1261,70,74,225,141,137,0
1700413,184,185,537,106,1155,-224,-284,1224,95,60,184,136,143,0
1703749,185,185,31,0,1050,-197,-489,1176,56,36,178,147,149,0
1707094,185,186,481,162,871,-160,-635,1116,-34,29,155,139,140,0
1710416,186,186,68,0,390,-68,-920,1047,139,30,208,145,149,0
1713751,186,187,443,237,625,24,-1124,969,13,44,188,141,136,0
1717094,187,187,106,181,701,178,-1420,883,-45,19,232,143,139,0
1720420,187,187,331,500,137,313,-1771,789,-5,20,193,147,138,0
1723754,187,188,462,106,-151,324,-2013,688,-7,-12,235,140,143,0
1727095,188,188,0,143,-227,310,-2225,585,-60,13,229,159,141,0
1730423,188,189,331,293,-719,354,-2607,469,11,-25,221,147,133,0
1733758,189,189,0,218,-1333,343,-2947,341,-58,-37,180,157,137,0
1737095,189,189,293,537,-1819,342,-3063,209,-128,-37,216,149,136,0
1740426,190,190,0,125,-2267,398,-3360,72,41,-83,306,166,142,0
1743761,190,190,143,443,-2192,541,-3615,-78,-40,11,242,157,141,0
1747096,191,191,0,162,-2269,702,-3825,-245,-45,-34,229,174,140,0
1750430,191,191,0,87,-2628,917,-4025,-419,-39,-20,231,171,144,0
1753764,192,192,0,237,-2649,1097,-4100,-597,-115,-5,203,185,136,0
1757120,193,192,0,143,-2750,1425,-4186,-785,-140,-6,164,176,141,0
1760433,193,193,0,312,-3088,2084,-4183,-980,-30,-30,199,186,132,0
1763768,194,193,0,200,-2925,2506,-4057,-1171,93,-41,384,194,138,0
1767124,194,193,0,668,-1931,2905,-3687,-1346,93,-156,433,177,129,0
1770436,195,194,0,331,-542,2964,-3085,-1500,156,-164,411,189,131,0
1773770,196,194,0,425,22,2714,-2928,-1648,-28,-222,428,176,126,0
1777128,196,195,0,443,227,2268,-2343,-1775,11,-163,414,163,125,0
1780439,197,195,0,743,114,1356,-1735,-1879,45,-211,353,146,117,0
1783774,197,195,0,706,129,506,-1125,-1956,74,-185,388,138,119,0
1787131,197,196,256,443,411,-290,-619,-2010,-19,-98,283,111,117,0
1790442,198,196,181,725,338,-1226,41,-2039,-12,-77,240,115,118,0
1793776,198,196,12,500,28,-1869,655,-2040,-54,-67,211,124,130,0
1797132,198,197,537,631,-142,-2275,1273,-2008,67,43,131,112,123,0
1800446,199,197,0,368,492,-2373,1644,-1960,188,-65,130,129,137,0
1803780,199,198,12,0,1433,-2283,1962,-1899,82,-83,46,124,147,0
1807132,199,198,406,68,1980,-2355,2212,-1821,-116,-16,66,119,153,0
1810448,200,199,0,0,1558,-2475,2477,-1729,5,-4,106,140,149,0
1813783,200,199,0,0,1332,-2577,2654,-1626,90,31,92,132,148,0
1817132,201,199,0,256,1431,-2528,2708,-1513,141,3,77,126,143,0
1820452,201,200,0,0,2061,-2182,2548,-1398,94,57,131,128,146,0
1823786,201,200,556,143,2295,-1891,2390,-1279,81,84,150,111,149,0
1827132,202,201,12,0,2323,-1564,2295,-1152,12,128,188,124,145,0
1830455,202,201,200,0,2171,-1141,2304,-1017,-30,143,220,114,148,0
1833790,202,202,781,0,1876,-777,2342,-874,-12,159,242,99,142,0
1837133,203,202,181,0,1479,-338,2170,-725,9,144,281,115,145,0
1840458,203,203,631,87,1226,126,1991,-570,43,168,303,107,136,0
1843792,203,203,837,0,1157,263,1759,-420,149,131,323,96,142,0
1847133,203,203,743,0,1534,113,1543,-267,178,68,352,101,141,0
1850461,204,204,631,31,2481,-412,1190,-116,130,145,281,107,139,0
1853796,204,204,706,0,2896,-552,839,28,-40,140,261,103,141,0
1857154,204,205,931,181,2537,-371,270,163,41,163,221,107,131,0
1860465,205,205,256,31,2284,17,-390,279,-20,100,179,127,139,0
1863799,205,206,1812,1100,2462,465,-507,394,35,67,83,116,138,0
1867157,206,206,218,125,2505,663,-778,500,8,26,176,185,190,0
1870468,206,207,931,275,2838,471,-1314,586,32,48,220,163,182,0
1873802,207,207,443,200,3070,315,-1670,649,-56,-27,137,173,186,0
1877159,207,208,368,0,2592,251,-2233,675,-141,28,169,177,183,0
1880471,208,209,50,0,1414,894,-2644,684,-77,186,9,194,183,0
1883805,209,209,0,0,1082,1680,-2800,670,-53,2,92,182,186,0
1887158,209,210,706,200,866,1972,-3050,629,-383,-298,296,159,170,0
1890474,210,210,0,0,-495,646,-2717,579,-440,-322,283,182,183,0
1893808,210,211,0,12,-2358,-343,-2321,526,-263,-60,152,182,164,0
1897159,211,212,0,0,-3334,-1036,-1743,470,-208,-206,221,184,167,0
1900477,211,212,275,106,-3679,-2178,-1254,410,-162,-163,232,166,159,0
1903812,212,213,125,68,-3885,-2648,-790,346,-254,40,143,174,161,0
1907159,213,213,0,0,-4214,-2289,-319,285,64,98,174,171,172,0
1910480,213,214,275,87,-3704,-969,-515,207,183,64,362,166,160,0
1913815,214,214,106,0,-2877,-422,-548,121,103,69,378,159,169,0
1917160,214,215,481,125,-1889,-99,-389,31,2,15,303,155,158,0
1920484,215,215,125,162,-405,601,2,-50,-89,-63,276,158,156,0
1923818,215,216,275,106,-461,667,348,-124,-164,-236,266,150,143,0
1927160,216,216,218,443,-972,188,873,-177,-142,-266,243,153,141,0
1930487,216,217,162,293,-1623,-790,1256,-212,-4,-100,353,156,133,0
1933822,217,217,387,593,-1597,-1121,1489,-237,23,-82,323,144,133,0
1937161,217,217,293,500,-1383,-1180,1634,-258,83,-21,295,149,138,0
1940490,217,218,706,593,-607,-886,1660,-279,96,-9,341,143,133,0
1943824,218,218,181,500,-221,-685,1601,-297,-55,-9,277,155,138,0
1947181,218,219,537,387,-451,-548,1449,-314,-158,64,192,144,136,0
1950493,219,219,50,293,-764,-146,1381,-326,-98,107,209,154,141,0
1953828,219,220,425,500,-779,312,1514,-327,-26,-5,241,134,130,0
1957184,220,220,181,425,-450,179,1459,-318,59,11,243,147,134,0
1960496,220,220,368,275,582,170,1486,-298,19,76,190,137,142,0
1963831,221,221,425,406,1464,574,1683,-254,19,9,118,134,135,0
1967184,221,221,275,387,1822,398,1848,-184,-33,-85,128,142,136,0
1970500,221,222,331,106,1269,-296,1832,-111,28,-39,138,139,135,0
1973834,222,222,143,331,1462,-572,1840,-29,142,50,144,149,139,0
1977185,222,223,350,0,2384,-252,2100,76,2,17,137,138,143,0
1980503,223,223,125,387,2526,-393,2091,194,-67,-27,157,150,136,0
1983837,223,223,331,256,1877,-899,1891,323,-4,35,166,139,143,0
1987186,224,224,0,0,1633,-842,1927,466,61,51,137,144,144,0
1990507,224,224,425,200,2007,-442,1994,616,-59,61,191,134,146,0
1993841,225,225,0,0,1540,-490,1732,765,-39,80,190,141,141,0
1997186,225,225,556,256,1001,-471,1350,892,162,123,189,127,143,0
2000510,225,226,556,0,1848,-67,1313,1006,138,104,196,127,142,0
2003844,226,226,31,0,2257,22,1081,1094,-46,24,191,139,142,0
2007186,226,227,725,106,1577,-247,681,1154,-80,34,217,118,135,0
2010512,227,227,200,50,50,-331,497,1195,127,80,193,130,138,0
2013847,227,227,650,331,-111,-457,101,1208,182,9,228,122,139,0
2017186,227,228,556,0,439,-555,-371,1212,95,10,261,127,141,0
2020516,228,228,0,31,990,-661,-427,1216,10,9,227,146,139,0
2023874,228,229,500,181,870,-684,-668,1207,55,8,246,130,131,0
2027207,229,229,50,106,692,-314,-1066,1174,-22,32,187,138,135,0
2030519,229,229,406,500,342,46,-1347,1121,-6,27,208,143,138,0
2033877,229,230,331,50,46,270,-1600,1044,60,-21,241,147,146,0
2037210,230,230,200,425,-185,541,-2033,941,34,53,263,154,142,0
2040522,230,231,331,181,-495,663,-2252,824,-11,25,192,147,139,0
2043881,231,231,200,443,-704,679,-2490,695,7,-19,213,154,141,0
2047211,231,232,331,256,-694,555,-2686,559,-31,-66,243,147,135,0
2050525,232,232,0,87,-1005,493,-2977,416,-118,-12,213,162,144,0
2053883,232,233,162,312,-1617,560,-3247,269,-36,-24,185,156,132,0
2057212,233,233,0,200,-1972,728,-3348,122,-15,-36,206,168,138,0
2060528,233,233,68,425,-2067,894,-3446,-32,-153,18,231,161,142,0
2063887,234,234,0,162,-2388,1010,-3667,-193,-86,-2,285,170,140,0
2067212,235,234,0,406,-2646,1174,-3901,-361,-129,8,170,169,143,0
2070532,235,235,0,218,-2986,1431,-3947,-537,-62,12,162,171,137,0
2073890,236,235,0,125,-3113,1813,-3977,-719,15,-150,161,182,142,0
2077212,236,236,0,237,-3123,2166,-3754,-893,14,-36,268,173,136,0
2080535,237,236,0,256,-2563,2465,-3465,-1059,151,-84,465,185,135,0
2083893,237,236,0,668,-1157,2685,-2946,-1217,206,-152,487,169,129,0
2087212,238,237,0,387,442,2517,-2581,-1363,-43,-123,388,177,128,0
2090538,238,237,0,387,515,2027,-2046,-1486,-154,-117,397,157,128,0
2093894,239,237,0,837,61,1467,-1469,-1592,49,-226,403,152,120,0
2097212,239,238,12,593,293,588,-734,-1677,86,-253,446,132,117,0
2100541,240,238,125,950,491,-144,-319,-1741,-101,-209,333,126,114,0
2103899,240,239,312,425,217,-889,272,-1775,20,-85,281,116,126,0
2107234,240,239,593,743,-55,-1704,1011,-1785,-12,-43,242,117,125,0
2110544,241,239,0,612,-55,-2325,1677,-1766,8,-35,174,145,132,0
2113903,241,240,200,425,97,-2673,2089,-1722,-40,-81,125,130,134,0
2117237,242,240,0,331,54,-2846,2699,-1653,-7,-59,137,131,139,0
2120548,242,241,106,368,45,-2952,3047,-1561,39,16,119,135,137,0
2123903,242,241,275,31,648,-2989,3217,-1449,274,9,49,126,155,0
2127237,243,242,0,0,2411,-2709,3244,-1334,58,39,2,136,151,0
2130551,243,242,387,143,2670,-2496,3217,-1213,11,31,68,120,149,0
2133903,243,243,256,0,2364,-2425,3112,-1082,68,52,114,127,151,0
2137238,244,243,162,125,2464,-2254,2951,-948,-22,78,132,132,150,0
2140555,244,243,425,200,2652,-1979,3057,-802,103,61,109,118,146,0
2143903,245,244,50,0,2853,-1563,2878,-649,141,139,140,122,146,0
2147239,245,244,575,256,3280,-822,2674,-495,-6,121,197,110,143,0
2150557,245,245,650,0,3306,-314,2653,-334,-117,215,175,106,146,0
2153903,246,245,425,106,2696,154,2674,-167,-138,155,229,118,151,0
2157238,246,246,425,0,1373,649,2640,8,-55,184,262,118,147,0
2160561,246,246,687,0,876,1052,2533,188,-4,148,236,104,153,0
2163904,247,247,781,0,813,1239,2293,365,148,130,306,99,145,0
2167238,247,247,631,0,1624,669,1688,525,138,6,341,107,148,0
2170564,247,248,856,0,2278,-50,1120,675,56,33,301,95,137,0
2173904,247,248,950,50,2421,-499,497,812,-7,88,254,106,138,0
2177239,248,249,293,0,2130,-700,-433,922,68,80,219,125,128,0
2180567,248,249,987,312,2294,-643,-1021,1014,46,101,194,104,124,0
2183904,248,249,743,68,2818,-505,-1418,1087,-171,110,124,117,137,0
2187239,249,250,143,0,1967,-113,-2113,1130,-157,84,203,133,126,0
2190571,249,250,837,275,1015,467,-2813,1134,-74,72,240,112,126,0
2193960,249,250,1118,631,641,873,-3315,1111,18,40,236,121,131,0
2197260,250,251,500,200,1309,1058,-3945,1051,54,100,247,138,138,0
2200573,250,251,612,0,2010,1219,-4038,971,-66,80,257,132,149,0
2203929,251,252,350,87,1707,1546,-4353,858,-283,-95,168,146,144,0
2207264,251,252,275,0,257,997,-3961,744,-353,-284,145,150,152,0
2210576,252,253,106,143,-1572,-20,-3508,626,-236,-186,204,159,141,0
2213929,252,253,312,0,-2546,-782,-2806,507,-115,-43,242,148,149,0
2217264,253,254,0,0,-2468,-1360,-2000,392,-57,-28,125,154,144,0
2220580,253,254,256,68,-2481,-1525,-1564,278,-60,51,146,151,145,0
2223929,254,254,0,87,-2601,-1246,-1392,150,26,33,137,168,144,0
2227264,254,255,106,31,-2785,-793,-1440,10,-82,9,146,159,147,0
2230583,255,255,0,0,-2749,-461,-1059,-123,18,8,143,163,153,0
2233930,255,256,293,12,-2229,131,-861,-251,-6,-111,221,149,148,0
2237265,256,256,0,0,-1900,188,-448,-366,42,-135,276,160,152,0
2240587,256,257,12,0,-1245,-205,-49,-464,-41,-53,237,148,142,0
2243930,257,257,0,68,-786,-283,445,-543,-98,-128,247,149,145,0
2247265,257,258,200,0,-894,-274,1026,-606,-42,-196,285,138,137,0
2250589,257,258,612,275,-867,-567,1330,-655,-46,-207,323,132,134,0
2253930,258,258,0,312,-895,-785,1573,-689,-39,-117,355,149,132,0
2257265,258,259,631,368,-1217,-706,1712,-718,-70,-132,316,131,129,0
2260592,259,259,125,256,-1442,-635,1665,-750,-57,-134,318,142,135,0
2263930,259,260,706,331,-1464,-584,1593,-783,-19,-109,362,127,131,0
2267264,260,260,256,293,-1304,-453,1512,-815,-12,-123,360,135,133,0
2270596,260,260,50,387,-1287,-442,1423,-842,-23,0,304,146,128,0
2273952,260,261,706,406,-1306,-368,1279,-855,41,-22,278,127,127,0
2277317,261,261,218,406,-1142,-325,1020,-858,68,-27,241,145,135,0
2280600,261,262,406,125,-443,-154,960,-843,16,15,196,135,134,0
2283956,262,262,31,293,266,95,1168,-793,52,-26,209,139,125,0
2287289,262,262,575,818,387,-210,1101,-727,-89,14,222,126,113,0
2290602,262,263,537,350,-92,-665,894,-655,118,96,182,128,122,0
2293955,263,263,0,87,578,-466,832,-563,231,15,163,141,136,0
2297289,263,264,593,87,2529,198,1260,-435,55,-42,75,125,136,0
2300605,264,264,0,181,3027,180,1493,-285,-215,-45,84,147,131,0
2303956,264,264,387,687,2063,-431,1649,-110,-284,-2,94,136,120,0
2307289,265,265,87,218,339,-821,1664,67,113,59,112,136,129,0
2310608,265,265,0,68,941,-466,1818,260,216,7,177,142,137,0
2313956,265,266,537,143,2250,-378,1899,443,33,60,151,128,133,0
2317289,266,266,0,106,2709,-585,1800,609,-139,98,130,146,135,0
2320612,266,266,612,443,1948,-612,1742,751,-132,112,152,124,133,0
2323956,267,267,125,106,948,-563,1464,859,-4,125,190,134,135,0
2327290,267,267,368,31,631,-421,1210,946,78,149,213,121,139,0
2330615,267,268,800,162,998,-217,1139,1025,150,101,241,114,132,0
2333957,268,268,0,12,1710,-166,946,1100,110,79,261,142,140,0
2337290,268,268,687,518,2077,-329,638,1153,-27,170,220,120,129,0
2340619,268,269,762,87,1658,-174,436,1193,-33,78,179,116,136,0
2343957,269,269,200,106,963,-54,302,1217,-61,48,246,130,135,0
2347290,269,270,706,237,134,-292,-145,1214,98,70,289,119,128,0
2350621,270,270,256,87,165,-407,-426,1186,218,77,253,127,136,0
2353978,270,271,631,162,773,-409,-705,1132,93,39,223,123,132,0
2357315,270,271,612,143,1217,-264,-1070,1057,-13,-10,223,124,133,0
2360624,271,271,350,500,938,-253,-1115,973,10,35,146,146,138,0
2363981,271,272,425,12,610,-141,-1249,881,83,-12,159,142,148,0
2367318,272,272,0,0,465,244,-1582,779,-56,42,199,156,149,0
2370628,272,273,368,237,7,512,-1868,671,-49,17,185,145,136,0
2373982,273,273,0,162,-320,605,-2081,559,36,-1,174,158,140,0
2377318,273,273,256,575,-309,609,-2325,442,-69,-37,216,151,134,0
2380632,274,274,293,181,-526,536,-2565,322,-40,-80,247,149,139,0
2383982,274,274,200,462,-855,379,-2792,202,-61,-30,208,154,140,0
2387323,275,275,0,275,-1312,286,-2997,79,-128,-46,224,153,134,0
2390635,275,275,0,218,-1777,462,-3161,-56,-120,-19,204,157,137,0
2393982,276,276,0,293,-2091,612,-3335,-194,-73,-69,220,165,133,0
2397324,276,276,0,293,-2457,687,-3560,-333,-82,-11,215,168,133,0
2400637,277,276,0,481,-2815,831,-3824,-479,-131,6,207,167,139,0
2403982,277,277,0,125,-3084,1070,-3949,-642,-54,-58,218,170,142,0
2407324,278,277,0,406,-2943,1384,-3921,-811,-34,47,196,182,143,0
2410640,278,278,0,200,-2762,1759,-4039,-989,-208,39,152,177,138,0
2413983,279,278,0,162,-3181,2031,-4042,-1167,212,-76,338,181,140,0
2417325,280,279,0,350,-1979,2514,-3299,-1327,297,-48,521,178,130,0
2420644,280,279,0,331,-62,2726,-2918,-1477,26,-129,398,174,131,0
2423983,281,279,0,743,675,2544,-2672,-1617,-150,-186,366,173,125,0
2427325,281,280,0,443,21,1980,-1885,-1730,86,-145,405,158,125,0
2430647,282,280,0,893,121,1476,-1412,-1820,109,-149,400,147,117,0
2434004,282,281,50,631,337,679,-932,-1887,-43,-215,332,130,115,0
2437325,282,281,368,593,46,-474,-285,-1932,20,-79,273,113,117,0
2440651,283,281,50,725,-150,-1127,95,-1958,12,-110,279,130,126,0
2444008,283,282,368,443,-152,-1851,749,-1955,-1,-43,175,121,133,0
2447325,283,282,275,500,-95,-2458,1415,-1924,3,-91,178,126,130,0
2450653,284,282,0,406,17,-2550,1826,-1877,111,-9,134,138,135,0
2454008,284,283,331,256,671,-2437,2180,-1804,94,-13,84,123,143,0
2457325,285,283,0,0,1707,-2483,2480,-1713,-4,13,25,136,158,0
2460656,285,284,12,0,1826,-2570,2618,-1609,-45,-7,57,124,149,0
2464010,285,284,350,31,1605,-2535,2751,-1490,-11,16,86,122,155,0
2467325,286,285,0,0,1431,-2279,2688,-1371,78,18,106,136,144,0
2470660,286,285,350,218,1698,-2073,2657,-1249,126,38,129,122,145,0
2474008,287,286,68,0,2264,-1976,2482,-1122,65,120,129,121,146,0
2477351,287,286,106,0,2624,-1674,2332,-991,34,113,159,119,146,0
2480663,287,287,706,0,2605,-1252,2341,-853,-61,113,195,103,141,0
2484009,287,287,425,0,2101,-793,2265,-709,-17,133,240,118,143,0
2487351,288,287,425,293,1606,-424,2272,-558,-11,139,270,118,141,0
2490666,288,288,687,0,1539,-86,2185,-402,-17,177,240,104,143,0
2494010,288,288,687,0,1326,318,2003,-246,77,172,330,104,145,0
2497352,289,289,631,31,1576,403,1757,-93,96,103,342,107,139,0
2500669,289,289,800,0,1970,165,1496,57,118,124,293,98,143,0
2504009,289,290,1118,106,2344,-114,1054,202,70,96,272,97,135,0
2507352,290,290,331,125,2673,-197,542,338,67,88,256,123,134,0
2510673,290,290,556,106,2758,-156,138,466,2,105,207,111,135,0
2514031,290,291,968,200,2674,-35,-415,575,-22,97,189,105,130,0
2517352,291,291,162,31,2414,62,-831,676,72,42,126,132,139,0
2520676,291,292,725,200,2562,58,-1272,762,-34,-22,137,118,130,0
2524034,291,292,556,68,2423,65,-1804,809,-114,97,150,127,137,0
2527352,292,292,425,575,1430,494,-2444,824,-109,67,212,142,134,0
2530679,292,293,593,181,1252,991,-2851,818,53,89,192,133,139,0
2534035,293,293,425,312,1643,1400,-3369,772,7,9,172,142,148,0
2537353,293,294,612,0,2032,1480,-3536,705,-190,-109,197,132,149,0
2540682,294,294,425,0,1298,1130,-3751,617,-345,-143,165,142,153,0
2544034,294,295,218,87,-238,314,-3264,524,-282,-192,171,153,144,0
2547353,295,295,31,0,-2100,-520,-2865,432,-181,-142,220,147,149,0
2550685,295,296,218,162,-2567,-1372,-2370,334,-159,-107,253,153,140,0
2554035,295,296,275,0,-2453,-1593,-1800,234,-41,-13,187,150,151,0
2557377,296,297,0,0,-2130,-1389,-1629,126,-45,-71,230,160,146,0
2560688,296,297,331,31,-1690,-1184,-1115,23,-78,80,263,147,147,0
2564035,297,297,0,50,-1600,-467,-396,-66,-94,-15,189,161,146,0
2567382,297,298,312,31,-2851,128,-649,-168,-187,-28,138,148,147,0
2570692,298,298,0,0,-3246,84,-617,-273,176,-97,305,157,151,0
2574035,298,299,443,143,-2229,-277,-379,-369,116,9,261,141,141,0
2577382,299,299,31,0,-881,-363,-87,-455,-16,-119,176,147,151,0
2580695,299,300,293,0,-467,-496,341,-522,-63,-145,195,133,142,0
2584035,300,300,0,106,-585,-721,837,-569,-116,-117,230,150,143,0
2587382,300,301,50,0,-1290,-687,1114,-607,-48,-111,218,146,134,0
2590698,301,301,593,425,-1711,-517,1294,-637,4,-120,247,133,126,0
2594036,301,301,218,275,-1743,-454,1489,-662,-15,-100,293,137,134,0
2597382,301,302,612,293,-1588,-404,1582,-681,-11,-152,334,132,133,0
2600701,302,302,0,237,-1430,-423,1610,-693,14,-117,366,149,136,0
2604059,302,303,650,387,-1220,-568,1580,-698,-26,-67,323,130,128,0
2607382,303,303,218,387,-1102,-601,1569,-696,-6,12,282,137,128,0
2610704,303,303,462,518,-1154,-571,1498,-682,18,-46,279,132,129,0
2614059,303,304,443,162,-1054,-545,1393,-656,26,-20,298,133,132,0
2617381,304,304,12,200,-442,-416,1283,-620,32,98,282,140,130,0
2620708,304,305,631,331,162,51,1293,-567,19,33,215,123,123,0
2624060,305,305,31,387,728,278,1369,-498,-46,1,162,139,120,0
2627382,305,305,556,781,557,38,1337,-416,-75,16,177,127,115,0
2630711,305,306,612,368,226,-171,1319,-319,128,-16,198,124,121,0
2634060,306,306,0,256,1227,-404,1433,-198,84,37,142,147,127,0
2637382,306,306,500,425,2110,-248,1551,-60,-8,34,115,130,134,0
2640714,307,307,0,162,2392,-57,1774,100,-92,0,112,144,132,0
2644060,307,307,500,612,1582,-451,1894,269,-143,32,147,130,124,0
2647383,307,308,425,200,547,-867,1792,443,79,67,170,134,130,0
2650717,308,308,0,106,663,-863,1788,601,186,116,194,148,135,0
2654060,308,308,556,387,2323,-421,1922,750,106,99,188,127,136,0
2657386,309,309,0,106,2583,-371,1900,884,-113,93,148,145,135,0
2660721,309,309,237,181,1737,-570,1751,995,-86,49,182,128,131,0
2664060,309,310,650,143,793,-683,1371,1088,121,139,192,122,133,0
2667389,310,310,143,0,1222,-445,1257,1162,91,158,195,133,145,0
2670724,310,311,668,387,1899,-109,1187,1212,50,118,219,121,136,0
2674062,311,311,106,50,1818,-236,894,1260,-15,93,177,135,138,0
2677392,311,311,368,68,1211,-462,577,1297,116,134,178,121,137,0
2680727,311,312,837,162,1217,-245,296,1319,24,72,221,112,132,0
2684085,312,312,31,50,1390,-59,279,1330,-28,57,242,139,138,0
2687396,312,313,668,181,923,-267,-22,1319,60,64,189,121,131,0
2690730,313,313,162,31,482,-291,-245,1285,86,50,118,132,139,0
2694088,313,313,481,500,418,-16,-539,1233,30,-23,185,139,138,0
2697399,313,314,443,87,352,93,-626,1173,18,-9,163,141,144,0
2700733,314,314,162,368,440,192,-837,1100,125,-48,222,156,145,0
2704089,314,315,425,125,621,298,-1225,1013,-106,73,174,142,142,0
2707402,315,315,0,162,13,421,-1580,913,-63,-9,188,151,140,0
2710736,315,316,481,237,-613,503,-1751,809,101,6,214,139,136,0
2714094,316,316,0,143,-289,529,-2089,695,-3,-45,267,160,141,0
2717405,316,317,312,575,-412,511,-2408,573,-87,-1,257,148,134,0
2720740,317,317,0,200,-914,400,-2606,448,51,-50,246,152,138,0
2724095,317,317,293,481,-995,340,-2692,323,-118,-23,257,149,139,0
2727408,318,318,0,312,-1519,391,-2965,190,6,-99,299,158,132,0
2730744,318,318,0,256,-1604,462,-3197,48,-83,-68,280,162,135,0
2734094,319,319,0,293,-1898,566,-3437,-101,-229,-21,217,173,133,0
2737412,319,319,0,237,-2557,736,-3671,-257,-35,-40,268,165,136,0
2740746,320,319,0,462,-2619,918,-3725,-418,-159,-108,283,180,140,0
2744094,320,320,0,87,-2737,1012,-3928,-589,-32,40,198,172,144,0
2747415,321,320,0,425,-2838,1464,-3974,-769,-149,-13,166,183,142,0
2750749,321,321,0,200,-3268,1937,-3974,-952,80,-15,248,175,138,0
2754095,322,321,0,181,-3019,2190,-3639,-1122,176,-10,405,183,139,0
2757418,323,322,0,331,-1478,2371,-3097,-1274,255,-101,409,181,131,0
2760753,323,322,0,331,67,2601,-2820,-1422,39,-214,418,171,131,0
2764095,324,322,0,706,478,2387,-2199,-1551,-35,-197,423,166,127,0
2767421,324,323,0,443,139,1794,-1708,-1659,42,-154,329,152,125,0
2770756,325,323,0,856,90,1047,-1120,-1737,69,-180,336,141,119,0
2774096,325,323,256,800,457,51,-470,-1790,-5,-224,320,119,122,0
2777425,325,324,462,631,727,-699,30,-1827,20,-100,223,116,123,0
2780759,326,324,0,518,591,-1435,528,-1838,-75,-64,251,133,129,0
2784096,326,325,443,631,-14,-2276,1314,-1815,9,-13,194,117,123,0
2787428,326,325,368,537,-105,-2659,1696,-1771,84,-54,138,121,128,0
2790762,327,325,0,350,11,-2745,2142,-1713,79,-29,53,135,138,0
2794121,327,326,387,256,870,-2677,2474,-1635,51,-28,98,120,143,0
2797432,328,326,0,31,1175,-2740,2685,-1544,112,1,124,128,155,0
2800765,328,327,0,0,1534,-2713,2922,-1435,-15,19,122,133,144,0
2804122,328,327,368,143,1637,-2607,3007,-1322,74,57,67,121,149,0
2807434,329,328,0,0,1813,-2431,2948,-1204,85,30,80,134,145,0
2810768,329,328,387,237,2118,-2176,2829,-1077,131,48,148,120,144,0
2814122,329,329,443,0,2650,-1842,2627,-945,7,125,153,117,144,0
2817437,330,329,0,0,2631,-1490,2562,-811,9,166,184,125,146,0
2820772,330,330,631,218,2347,-1064,2558,-665,-59,151,210,107,145,0
2824122,330,330,462,0,1905,-484,2485,-512,-48,193,224,116,145,0
2827441,331,330,500,256,1518,67,2357,-357,-10,177,249,114,143,0
2830775,331,331,837,0,1254,537,2285,-202,41,165,284,96,146,0
2834122,331,331,762,0,1454,533,1921,-49,118,85,341,100,151,0
2837444,332,332,631,0,2057,57,1657,102,73,121,287,107,146,0
2840778,332,332,631,0,2579,-285,1285,249,22,168,262,107,145,0
2844123,332,333,950,162,2541,59,796,389,-17,147,204,106,132,0
2847447,333,333,368,162,2303,322,474,520,54,62,214,121,132,0
2850781,333,333,556,162,2501,375,71,645,29,6,192,111,132,0
2854123,333,334,893,87,2737,148,-389,757,19,20,155,109,136,0
2857450,334,334,68,31,2787,-39,-929,852,-37,43,133,137,139,0
2860784,334,335,593,331,2460,292,-1483,919,-80,41,245,133,131,0
2864123,335,335,312,0,1764,570,-2160,949,-40,16,174,132,149,0
2867453,335,336,575,181,1597,606,-2630,955,11,33,199,134,139,0
2870788,335,336,687,12,1938,807,-3012,929,-95,68,193,128,148,0
2874123,336,337,331,106,1712,1358,-3502,873,-319,-72,226,147,143,0
2877456,336,337,500,87,576,1165,-3543,797,-324,-216,188,138,144,0
2880791,337,337,68,0,-876,454,-3450,704,-272,-117,284,145,150,0
2884149,337,338,481,143,-1803,-632,-2929,612,-155,-226,218,139,141,0
2887460,338,338,50,0,-2033,-1320,-2555,516,-102,-44,200,146,150,0
2890794,338,339,275,106,-2134,-1524,-1989,412,-86,47,253,150,143,0
2894152,339,339,0,0,-1830,-1022,-1281,319,-90,-11,212,152,151,0
2897463,339,340,256,125,-2339,-649,-1515,205,-168,-86,181,151,142,0
2900797,339,340,237,12,-2925,-426,-1348,86,-2,93,209,152,148,0
2904157,340,341,0,0,-2410,140,-1102,-32,22,-50,216,150,143,0
2907467,340,341,406,87,-2211,133,-785,-148,64,-69,251,143,144,0
2910801,341,342,0,87,-1475,-236,-337,-252,-110,-105,172,158,144,0
2914157,341,342,387,125,-968,-860,135,-340,-85,-155,208,144,142,0
2917469,342,342,31,68,-1032,-912,622,-409,-120,-70,226,147,145,0
2920805,342,343,312,0,-1090,-796,904,-463,-35,-62,192,132,135,0
2924161,343,343,0,218,-1081,-697,1248,-504,-46,-30,233,149,137,0
2927472,343,344,200,0,-1206,-496,1359,-541,-28,-102,270,138,133,0
2930807,344,344,556,350,-1344,-276,1477,-573,-78,-131,323,135,130,0
2934160,344,345,181,50,-1645,-347,1475,-600,-53,-78,372,139,130,0
2937476,344,345,612,443,-1589,-426,1446,-627,-26,-57,384,132,125,0
2940810,345,345,87,331,-1469,-515,1388,-643,-41,-86,338,144,131,0
2944161,345,346,443,218,-1480,-657,1294,-655,-6,-67,309,133,129,0
2947479,346,346,0,293,-1306,-665,1241,-656,35,-12,328,142,125,0
2950813,346,346,537,650,-1059,-572,1204,-643,16,14,277,128,122,0
2954161,346,347,518,237,-446,-251,1104,-624,44,64,223,129,128,0
2957482,347,347,12,237,266,152,1259,-586,-19,66,183,140,128,0
2960817,347,347,706,706,589,459,1350,-532,-81,-11,207,119,119,0
2964161,348,348,0,331,260,150,1376,-460,-59,-12,180,142,123,0
2967485,348,348,406,668,284,-119,1401,-370,42,36,186,135,121,0
2970820,348,349,481,237,808,-152,1569,-253,84,-21,125,131,128,0
2974162,349,349,0,125,1666,-96,1686,-119,81,-16,131,145,134,0
2977488,349,349,518,425,2226,-128,1801,31,-44,-46,65,129,134,0
2980824,350,350,0,143,2119,-315,1798,196,-58,-15,99,145,133,0
2984162,350,350,462,481,1322,-721,1819,364,-46,60,157,132,131,0
2987492,351,351,162,181,791,-756,1727,526,21,112,201,132,131,0
2990826,351,351,0,162,899,-660,1662,669,163,70,204,142,132,0
2994183,351,351,631,481,1757,-592,1642,800,69,101,206,123,131,0
2997495,352,352,0,125,1930,-648,1589,912,-5,73,202,141,134,0
3000829,352,352,293,125,1634,-745,1378,995,-63,68,208,125,134,0
