Time, Rlegs, Llegs, DCL, DCR, GyroX, GyroY, GyroZ, GyroZAvg, AccelX, AccelY, AccelZ, LBEMF, RBEMF, SteerOut
3093,646,640,331,2112,202,-137,-149,-151,-15,2,224,60,61,0
6425,646,640,331,2112,203,-138,-149,-151,-16,-2,226,60,61,0
9758,646,640,331,2112,198,-139,-148,-151,-14,0,224,60,61,0
13093,646,640,312,2112,200,-140,-149,-151,-16,-1,229,61,61,0
16427,646,640,331,2112,199,-139,-150,-150,-17,0,225,60,61,0
19762,646,640,312,2112,198,-138,-150,-150,-17,-2,225,61,61,0
23117,646,640,331,2112,197,-137,-152,-150,-16,-3,231,60,61,0
23117,646,640,331,2112,197,-137,-152,-150,-16,-3,231,60,61,0
26431,646,640,331,2093,200,-136,-151,-150,-18,0,225,60,62,0
29765,646,640,312,2112,200,-135,-152,-150,-15,-1,230,61,61,0
33117,646,640,331,2112,196,-135,-152,-150,-14,-4,226,60,61,0
36434,646,640,331,2112,199,-135,-151,-151,-13,-4,226,60,61,0
39768,646,640,331,2112,199,-135,-154,-151,-16,0,224,60,61,0
43121,646,640,312,2112,200,-139,-152,-151,-14,-4,228,61,61,0
46437,646,640,331,2112,198,-136,-153,-151,-15,0,223,60,61,0
49771,646,640,331,2112,198,-136,-152,-151,-16,0,221,60,61,0
53126,646,640,331,2112,200,-138,-150,-151,-15,-1,223,60,61,0
56440,646,640,331,2112,199,-138,-150,-151,-14,0,218,60,61,0
59774,646,640,331,2112,200,-137,-149,-151,-15,-3,222,60,61,0
63130,646,640,331,2112,200,-137,-147,-151,-16,0,228,60,61,0
66444,646,640,331,2112,200,-137,-150,-150,-17,-1,224,60,61,0
69778,646,640,331,2112,200,-137,-151,-151,-15,-3,223,60,61,0
73130,646,640,331,2112,199,-139,-151,-150,-16,0,228,60,61,0
76447,646,640,331,2112,201,-137,-151,-150,-12,-3,228,60,61,0
79781,646,640,331,2093,199,-136,-152,-150,-14,1,225,60,62,0
83131,646,640,331,2093,200,-135,-151,-150,-16,0,219,60,62,0
86450,646,640,312,2093,199,-138,-154,-150,-19,-2,221,61,62,0
89784,646,640,331,2112,201,-136,-150,-150,-17,0,223,60,61,0
93130,646,640,312,2112,200,-138,-152,-150,-15,0,228,61,61,0
93130,646,640,312,2112,200,-138,-152,-150,-15,0,228,61,61,0
96453,646,640,331,2093,202,-140,-152,-150,-14,2,221,60,62,0
99787,646,640,331,2112,202,-136,-151,-150,-18,3,223,60,61,0
103130,0,0,0,0,197,-136,-150,-150,-15,-2,226,61,61,0
106456,0,0,0,0,198,-138,-151,-150,-14,-5,223,60,61,0
109791,0,0,0,0,199,-134,-151,-150,-16,-1,225,60,61,0
113131,0,0,0,0,198,-136,-151,-150,-17,-1,227,60,61,0
116459,0,0,0,0,196,-136,-152,-151,-15,-5,224,60,61,0
116459,0,0,0,0,196,-136,-152,-151,-15,-5,224,60,61,0
119794,0,0,0,0,200,-136,-151,-151,-14,-1,223,61,61,0
123131,0,0,0,0,199,-136,-151,-151,-15,-2,225,60,61,0
126462,0,0,0,0,199,-137,-153,-151,-21,-1,226,61,61,0
129797,0,0,0,0,200,-137,-151,-151,-20,-3,229,60,61,0
133132,0,0,0,0,202,-134,-151,-151,-13,-3,230,60,62,0
136467,0,0,0,0,201,-137,-152,-151,-14,-2,226,61,61,0
139800,0,0,0,0,200,-136,-152,-151,-14,-3,230,60,61,0
143156,0,0,0,0,200,-136,-150,-151,-18,0,227,60,61,0
146469,0,0,0,0,199,-138,-150,-151,-14,-2,225,60,61,0
149803,0,0,0,0,200,-137,-151,-151,-16,0,228,60,61,0
153156,0,0,0,0,199,-137,-152,-151,-18,-4,223,60,61,0
156473,0,0,0,0,201,-138,-149,-150,-16,-2,226,60,61,0
159806,0,0,0,0,200,-136,-152,-150,-16,-1,224,60,61,0
163156,0,0,0,0,202,-135,-152,-151,-17,0,225,60,61,0
166476,0,0,0,0,199,-137,-152,-151,-16,0,222,60,61,0
169810,0,0,0,0,200,-135,-153,-151,-16,-3,226,60,62,0
173157,0,0,0,0,200,-138,-151,-151,-14,0,233,61,61,0
176478,0,0,0,0,201,-136,-152,-151,-14,-4,222,60,61,0
179813,0,0,0,0,198,-136,-152,-151,-15,-5,223,60,61,0
183157,0,0,0,0,197,-137,-152,-151,-15,0,223,60,61,0
186482,0,0,0,0,198,-137,-151,-151,-10,-2,224,61,61,0
189816,0,0,0,0,201,-137,-151,-151,-18,-1,225,60,61,0
193157,0,0,0,0,198,-138,-151,-151,-12,0,232,61,61,0
196485,0,0,0,0,203,-135,-150,-151,-15,0,226,61,61,0
199819,0,0,0,0,199,-137,-150,-151,-15,-2,227,61,61,0
203393,0,0,0,0,200,-138,-149,-151,-14,-7,226,60,61,0
206488,0,0,237,50,200,-141,-151,-151,-87,17,216,129,139,0
209822,0,0,237,368,1,-241,-93,-149,-121,-15,229,145,138,0
213161,0,1,762,406,-383,-188,-61,-146,3,-5,321,133,136,0
216491,1,1,143,425,-241,-367,-54,-143,-36,-3,292,150,135,0
219826,1,1,331,631,-307,-732,-6,-139,-62,56,305,156,140,0
223182,1,2,743,518,-352,-1138,111,-130,-23,-4,291,150,146,0
226495,2,2,406,893,-338,-1589,99,-122,-77,79,344,168,142,0
229829,2,2,556,800,-554,-1835,138,-113,-11,129,337,160,147,0
233185,3,3,293,762,-552,-1874,76,-106,14,105,318,174,149,0
236498,3,3,593,931,-283,-1701,-7,-102,27,221,301,174,156,0
239832,4,4,312,743,215,-925,-138,-101,4,223,260,173,166,0
243186,4,4,612,725,424,-317,-262,-105,-51,197,250,173,167,0
246501,4,4,912,1025,225,126,-402,-113,-79,176,279,173,167,0
249835,5,5,556,1062,-207,233,-287,-117,-78,234,230,192,165,0
253214,6,5,500,912,-618,21,-171,-118,-39,135,197,183,177,0
256505,6,6,425,556,-698,-95,41,-112,-105,168,145,187,180,0
259838,7,6,218,743,-826,268,364,-95,-11,79,82,198,186,0
263187,7,7,218,387,-942,578,355,-80,8,1,38,198,189,0
266508,8,7,12,368,-1032,477,369,-63,58,-10,4,209,206,0
269842,8,8,650,312,-741,305,516,-43,-2,-50,23,191,209,0
273187,9,9,12,162,-687,280,597,-19,70,9,33,209,201,0
276510,9,9,575,125,-587,311,548,2,133,2,-15,195,219,0
279846,10,10,293,256,-7,187,557,24,46,-33,-8,210,212,0
283186,11,11,0,0,323,268,555,46,15,103,63,216,210,0
286514,11,11,425,275,591,390,384,63,62,14,16,203,211,0
289848,12,12,87,350,1079,472,245,75,72,19,64,221,207,0
293187,12,12,275,50,1086,263,328,90,4,-11,192,211,223,0
296517,13,13,200,218,779,-203,161,100,145,42,207,215,214,0
299875,14,14,87,368,1028,-1007,61,107,28,13,216,221,206,0
303236,14,14,837,818,338,-1373,17,112,-201,36,420,209,210,0
309879,16,16,0,181,-1184,-1316,-549,95,261,133,365,247,228,0
313212,17,16,0,481,-80,-552,-788,76,68,86,519,240,228,0
316523,17,17,68,256,875,972,-987,48,84,43,291,234,224,0
319882,18,18,68,275,1053,2638,-955,20,-118,-104,147,234,223,0
323212,19,18,0,575,201,3110,-1008,-9,-109,-147,409,242,223,0
326526,19,19,556,762,4,2901,-867,-36,20,-296,520,224,213,0
329884,20,20,518,575,394,1357,-566,-57,88,-367,461,210,207,0
333212,21,20,818,650,270,199,-794,-85,-72,-242,606,194,219,0
336530,21,21,837,743,-108,-557,-822,-115,5,-188,542,209,214,0
339888,22,21,875,912,18,-1264,-1202,-155,60,-312,485,207,221,0
343212,22,22,1175,293,403,-2021,-1013,-187,-18,-118,463,191,238,0
346533,23,23,837,462,640,-2409,-911,-211,85,20,400,209,229,0
349891,24,24,762,500,1335,-2452,-663,-223,33,25,219,213,227,0
353241,24,24,912,762,1893,-2489,-388,-223,-3,68,266,211,219,0
356537,25,25,293,500,2308,-2269,-57,-216,63,132,106,228,217,0
359895,26,26,293,387,1435,-1615,-381,-222,-108,188,76,228,223,0
363213,26,26,931,593,-1,-990,-804,-249,0,110,173,210,228,0
366539,27,27,631,162,-401,-598,-935,-289,359,82,106,210,235,0
369895,28,28,593,181,1870,-619,-1212,-338,175,129,73,212,234,0
373213,28,28,856,331,2880,-517,-1646,-401,16,86,57,214,242,0
376543,29,29,218,200,2925,-229,-1990,-479,31,-28,93,232,233,0
379900,30,30,162,68,3522,-144,-2195,-567,-243,-113,-33,235,240,0
383234,30,31,275,106,2938,-430,-2413,-659,-254,-167,-112,245,238,0
386546,31,31,0,237,1232,-1004,-2076,-741,204,69,97,256,231,0
389903,32,32,0,0,2386,-653,-2076,-824,21,94,-15,249,249,0
393238,33,33,31,106,2204,6,-1813,-892,90,66,-15,242,238,0
396549,33,34,293,12,2527,314,-1993,-962,-73,-29,-76,228,227,0
399904,34,34,312,256,2337,355,-1984,-1035,30,82,-40,227,230,0
406552,35,36,125,218,1383,352,-1514,-1144,-294,-61,3,247,226,0
409904,36,36,200,293,-173,144,-1459,-1191,-87,-55,104,243,238,0
413239,37,37,0,256,-480,-134,-1330,-1224,-135,-5,78,262,240,0
416555,38,38,125,462,-1373,-548,-1155,-1243,-514,224,79,247,229,0
419905,38,39,162,0,-4222,903,-1419,-1262,-211,166,215,245,241,0
423238,39,39,368,50,-4186,2170,-1751,-1286,-94,146,-9,234,251,0
426559,40,40,162,350,-3838,2723,-1979,-1318,-84,26,351,245,235,0
429905,41,41,256,200,-4160,2995,-2320,-1359,332,227,838,240,243,0
433239,41,41,556,256,-1712,2739,-2754,-1418,-61,-279,556,224,240,0
436562,42,42,612,556,-306,1194,-2223,-1470,-161,-322,772,221,224,0
439904,43,43,1025,856,-361,-1356,-1930,-1505,-218,-350,736,199,208,0
443239,43,43,950,837,-1235,-3051,-1511,-1527,-249,-178,810,203,209,0
446565,44,44,462,1006,-1380,-3928,-1059,-1522,125,6,629,229,200,0
449904,45,45,143,631,-184,-4052,-535,-1508,-126,72,448,246,220,0
453239,45,45,312,650,-242,-3721,-315,-1489,62,262,348,241,223,0
456568,46,46,312,518,-372,-2800,-136,-1472,-142,235,154,225,214,0
459926,47,47,162,537,-1626,-750,-25,-1461,-20,254,234,233,213,0
463261,48,47,200,725,-1853,677,-1,-1459,-69,77,153,231,219,0
466571,48,48,143,537,-1836,1518,441,-1434,73,92,181,234,213,0
469930,49,48,143,743,-1286,1833,992,-1378,85,105,174,234,218,0
473264,50,49,368,368,-318,2115,1240,-1310,58,50,108,222,238,0
476574,50,50,350,50,535,2166,1454,-1226,21,-140,49,223,239,0
479930,51,51,125,237,975,1404,1329,-1133,146,-102,-51,235,229,0
483265,52,51,200,162,1942,679,1250,-1032,-31,-45,-124,231,249,0
486578,52,52,293,0,2273,230,1035,-931,-200,74,-28,226,245,0
489930,53,53,106,218,1523,575,945,-826,-155,94,3,236,230,0
493265,54,54,312,293,1003,889,1062,-728,73,-26,3,225,226,0
496581,54,54,331,143,967,812,1043,-631,200,18,-21,224,234,0
499930,55,55,12,218,2076,834,1173,-537,-19,63,-37,241,230,0
503265,56,56,143,312,2415,1003,1162,-439,-51,26,-53,246,237,0
506584,56,56,350,200,2301,1168,878,-349,88,-32,95,235,243,0
509931,57,57,200,12,2979,1198,727,-271,-23,29,5,243,253,0
513266,58,58,0,425,2504,901,767,-200,-426,-94,4,258,231,0
516588,59,59,275,237,-98,423,598,-135,-403,-105,173,239,241,0
519931,59,59,125,181,-3869,-518,277,-85,11,-68,11,247,244,0
523265,60,60,293,443,-4541,-942,-19,-50,3,-102,-17,238,230,0
526591,61,61,200,481,-4702,-849,-533,-22,-193,-131,61,243,228,0
529931,62,62,125,387,-5719,-1109,-921,3,340,-90,527,247,233,0
533266,62,62,575,275,-4446,-1709,-825,39,829,-92,921,223,239,0
536595,63,63,687,406,-61,-1759,-686,90,765,-82,1094,217,232,0
539932,64,64,1025,387,4782,-1397,-183,170,112,-18,992,199,233,0
543266,64,64,1268,518,4626,-845,419,253,-346,-238,809,186,226,0
546598,65,65,912,1025,2899,-329,688,335,-68,-200,802,205,199,0
549953,65,66,1250,837,2260,-614,1016,414,-25,-130,600,203,209,0
553289,66,66,912,875,2165,-1368,964,477,-244,46,421,211,213,0
556600,67,67,575,556,946,-1635,707,516,54,-42,399,213,214,0
559956,67,67,875,668,684,-2108,524,542,142,39,257,213,224,0
563289,68,68,800,537,1107,-2320,786,571,-87,170,199,217,231,0
566603,69,69,443,293,229,-1207,266,580,-72,158,122,220,228,0
569957,69,70,837,12,-1355,67,-96,577,23,85,111,215,243,0
573290,70,70,818,462,-1005,404,-266,555,222,136,76,216,235,0
576607,71,71,443,0,501,742,-393,512,-43,128,61,220,248,0
579956,71,72,593,68,1052,819,-597,454,-47,155,42,228,240,0
583290,72,73,181,162,571,1124,-816,383,-169,-144,2,250,235,0
586610,73,73,0,0,453,903,-996,311,-240,-214,-89,253,249,0
589957,74,74,0,106,-1851,-504,-691,250,-56,147,-155,253,238,0
593290,75,75,0,162,-2814,-588,-701,196,142,-33,-4,251,235,0
596613,75,75,0,0,-1835,-594,-21,166,164,100,3,250,254,0
599957,76,76,0,125,-710,-331,-59,131,-1,19,-34,249,237,0
603290,77,77,256,406,-916,35,-181,92,-7,77,-26,240,232,0
606616,78,78,350,481,-993,327,-343,45,-157,87,-108,235,228,0
609958,78,78,237,350,-1499,928,-435,-4,-198,-13,27,241,235,0
613291,79,79,106,481,-2194,1188,-362,-43,105,-123,86,248,228,0
616619,80,80,0,368,-2073,652,190,-60,42,-101,-33,261,234,0
619958,81,81,162,106,-1772,314,321,-74,-89,-114,-68,245,248,0
623291,81,81,218,50,-2121,-109,303,-83,58,17,-117,242,251,0
626622,82,82,31,143,-1961,-626,178,-86,111,-133,1,252,246,0
629979,83,83,275,87,-1091,-649,-34,-86,609,100,473,239,249,0
633315,84,84,312,12,1564,-541,68,-68,486,-1,358,237,253,0
636626,84,84,518,162,4367,-240,406,-26,346,-67,308,226,245,0
639982,85,85,612,0,6580,-237,499,14,411,-251,241,221,255,0
643318,85,86,1118,312,8853,-1240,479,51,-575,202,206,210,237,0
646629,86,87,612,256,8069,-936,845,83,-647,225,535,221,224,0
649983,87,87,368,1175,3293,-86,938,99,-807,-212,902,234,191,0
653319,88,88,218,1325,-653,-1455,256,86,-492,-28,1075,230,171,0
656632,88,88,425,1400,-2766,-2758,-280,45,-143,276,1063,219,167,0
659983,89,89,650,1212,-2702,-2001,-535,-1,3,304,812,207,177,0
663324,89,89,950,1306,-1848,-1054,-828,-49,-49,285,602,207,188,0
666635,90,90,387,818,-1523,-340,-1120,-100,-316,258,219,221,198,0
669983,91,90,518,912,-3037,665,-1319,-166,-155,265,233,214,209,0
673325,91,91,875,1025,-3403,1765,-1202,-212,36,151,63,211,203,0
676639,92,92,237,650,-2668,2656,-1032,-241,32,51,72,229,223,0
679984,93,92,0,350,-1991,2768,-763,-257,92,-68,111,245,239,0
683325,93,93,331,200,-1310,2304,-270,-253,237,-114,67,240,247,0
686642,94,94,200,0,406,1795,-100,-237,90,-47,-17,231,246,0
689984,95,95,0,0,1961,1714,-323,-222,-68,-22,96,248,249,0
693326,96,95,0,312,1830,1288,-554,-208,111,-38,79,243,241,0
696645,96,96,293,0,2285,1091,-706,-208,18,32,-12,226,242,0
699984,97,97,12,237,2228,1304,-668,-207,21,48,-42,241,229,0
703326,98,97,12,612,2503,1462,-647,-227,128,-26,-72,253,237,0
706648,99,98,462,237,3034,1437,-475,-240,10,-114,-19,245,257,0
710005,99,99,68,0,2701,1435,-618,-254,-55,73,-89,250,256,0
713326,100,100,218,12,2588,1614,-820,-269,9,-38,-81,242,253,0
716651,101,101,0,31,2545,1687,-1059,-288,-23,16,60,263,252,0
720008,102,101,0,350,2409,1398,-1220,-315,150,3,-66,255,251,0
723327,102,102,200,31,2531,1353,-1312,-362,98,-4,-35,243,252,0
726655,103,103,162,200,3117,1542,-1374,-415,72,66,-46,245,243,0
730009,104,104,12,218,3451,1478,-1277,-464,-221,-23,-29,253,242,0
733327,105,104,106,218,2007,1010,-1112,-504,-659,-109,222,248,258,0
736658,105,105,181,312,-2394,-154,-1338,-545,-275,-133,179,244,237,0
740009,106,106,181,856,-3940,-686,-1281,-587,-241,-160,193,244,208,0
743351,107,106,481,1250,-4281,-1001,-1291,-640,-211,-431,407,228,203,0
746661,108,107,818,706,-4799,-3266,-1473,-702,103,-372,385,210,216,0
750009,108,108,762,425,-5069,-5367,-1951,-778,-204,-319,271,213,231,0
753352,109,109,818,68,-6015,-7294,-1838,-862,523,84,750,200,240,0
756664,109,109,1568,612,-1025,-7131,-896,-919,556,316,864,176,227,0
760010,110,110,1006,181,2872,-5539,353,-916,160,193,692,190,234,0
763352,110,111,1193,387,4266,-3750,1672,-855,125,199,729,196,223,0
766667,111,111,875,631,4194,-1544,2308,-766,-180,237,570,213,226,0
770010,112,112,650,368,2413,-600,2425,-665,174,69,424,209,224,0
773353,112,113,1156,481,1608,-280,2356,-556,87,191,505,198,218,0
776670,113,113,818,518,1239,739,1775,-459,208,166,315,216,232,0
780010,113,114,1062,31,1735,948,1312,-381,51,186,120,203,242,0
783353,114,115,743,87,1662,1002,1397,-305,-112,219,113,220,239,0
786674,115,115,481,350,807,1880,796,-256,166,-49,43,234,241,0
790031,115,116,556,0,1806,1550,1065,-214,268,23,64,230,248,0
793353,116,117,218,162,2933,1868,798,-186,-634,-83,-193,248,235,0
796677,117,118,50,125,4,1800,506,-160,-315,-246,-180,257,237,0
800066,118,118,368,425,-2152,1232,965,-113,168,46,-102,250,247,0
803353,119,119,0,312,-2174,1384,1207,-53,228,-104,38,254,237,0
806680,119,120,293,293,-512,1611,1887,26,-53,61,-22,254,238,0
810035,120,121,387,387,-518,1898,1825,103,46,96,-39,249,233,0
813354,121,121,0,293,-789,2201,1703,171,-12,20,-77,264,238,0
816683,122,122,12,462,-1102,1927,1569,239,-203,-53,-122,253,229,0
820035,123,123,50,256,-2010,1861,1429,310,69,-70,26,251,240,0
823353,123,123,350,293,-1442,1736,1609,393,131,-29,19,251,254,0
826687,124,124,0,0,-135,1388,1894,490,-263,33,-96,263,254,0
830037,125,125,0,50,-1290,1321,1752,586,191,-6,-49,256,251,0
833378,126,126,87,12,-861,1149,1802,685,259,42,-38,249,253,0
836690,126,127,125,0,722,1184,1831,783,484,-94,376,247,245,0
840036,127,127,406,0,2070,955,2276,888,-103,-440,340,232,257,0
843381,128,128,631,368,2208,-656,2623,1012,-96,-564,483,220,234,0
846693,128,129,1137,612,1877,-3937,2787,1139,97,-596,449,209,221,0
850064,129,129,706,968,3638,-6420,3006,1274,-385,-120,584,220,206,0
853382,130,130,181,725,2353,-7310,2867,1409,-538,200,590,232,203,0
856696,130,131,668,968,-790,-6234,1681,1523,-248,183,685,222,190,0
860036,131,131,125,631,-1063,-4779,581,1598,-305,464,740,235,208,0
863382,132,132,200,725,-1715,-2931,-567,1609,-493,478,675,231,203,0
866699,132,132,893,1025,-2931,-104,-1933,1537,-195,214,537,210,203,0
870036,133,133,556,781,-2583,1488,-2342,1412,-65,199,490,212,200,0
873382,134,133,481,1268,-1652,2610,-2282,1268,-233,10,378,216,190,0
876702,134,134,556,1193,-1562,2441,-1825,1135,-76,-93,203,228,194,0
880059,135,135,0,668,-1034,1419,-1674,1010,-56,111,179,245,206,0
883382,136,135,0,387,-724,774,-1515,907,204,-44,-58,243,237,0
886706,136,136,612,425,-627,399,-759,842,274,-129,-17,225,235,0
890060,137,137,200,0,114,369,-722,776,52,50,24,231,246,0
893383,138,138,331,0,971,567,-1279,711,-14,-31,-59,224,242,0
896709,139,138,556,125,1094,444,-1342,636,29,-51,69,228,251,0
900088,139,139,612,631,1413,448,-1341,569,10,142,-38,237,236,0
903383,140,140,143,387,1684,738,-1338,511,42,74,-49,246,233,0
906712,141,141,275,312,1706,1109,-1443,436,103,-59,57,239,253,0
910061,142,141,68,462,2127,1086,-1323,357,76,31,-48,250,245,0
913383,142,142,256,12,2417,1041,-1365,255,19,30,-24,240,253,0
916715,143,143,0,125,2570,1306,-1630,147,-39,-1,18,258,247,0
920061,144,144,0,218,2425,1180,-1864,36,9,-136,-61,255,242,0
923384,145,144,68,237,2239,815,-1904,-72,8,-122,36,250,257,0
926718,145,145,162,106,2309,355,-1892,-175,50,-8,-67,245,248,0
930061,146,146,106,143,2290,179,-1831,-283,-428,-21,46,248,246,0
933387,147,147,125,350,782,-21,-1784,-398,-460,-38,193,247,235,0
936722,148,147,0,387,-2813,-578,-1843,-510,-145,-21,15,247,233,0
940062,148,148,350,593,-4337,-755,-1926,-627,-189,4,135,235,222,0
943390,149,149,256,818,-5419,-628,-2076,-749,35,-140,362,240,210,0
946725,150,149,500,1025,-5970,-1875,-2272,-891,389,-277,408,227,215,0
950090,150,150,1606,406,-4565,-3821,-2269,-1044,831,-59,1007,174,238,0
953394,151,151,1212,200,-581,-4500,-2001,-1193,609,67,1070,179,233,0
956728,151,151,1700,556,3255,-3714,-437,-1301,-38,91,826,169,230,0
960086,152,152,1287,856,3066,-2819,639,-1371,221,141,892,191,214,0
963397,152,153,1231,818,3388,-1579,1337,-1381,107,148,801,194,200,0
966732,153,153,950,950,3217,-330,2403,-1325,-130,259,472,209,209,0
970089,154,154,800,1100,1896,-36,2408,-1232,-49,127,314,217,201,0
973400,154,155,950,500,1206,100,2012,-1108,222,132,425,209,217,0
976735,155,155,987,706,1184,213,1317,-994,108,78,252,207,222,0
980089,156,156,1062,481,682,-7,998,-891,-182,166,75,203,234,0
983403,156,157,781,0,-295,286,433,-821,134,131,147,218,248,0
986738,157,157,500,275,783,753,297,-759,250,163,-82,233,245,0
990095,158,158,162,181,1796,836,398,-699,-432,40,53,251,250,0
993407,158,159,256,87,549,973,23,-675,-356,-199,-86,246,239,0
996742,159,160,106,50,-1806,208,85,-650,-146,-87,-195,254,241,0
1000095,160,160,350,368,-2775,15,337,-599,-41,-13,-200,251,250,0
1003410,161,161,0,0,-3620,212,648,-537,181,-73,21,260,255,0
1006744,162,162,0,125,-1704,134,1224,-457,149,107,-19,258,247,0
1010096,162,163,406,312,-1190,635,1182,-378,-23,83,-20,248,237,0
1013413,163,163,293,500,-1368,875,1093,-299,-158,98,-72,254,243,0
1016747,164,164,12,443,-2327,841,775,-233,-229,-66,-57,253,230,0
1020096,165,165,125,368,-3015,872,736,-168,137,-178,97,247,234,0
1023417,166,166,50,125,-2462,682,1117,-82,67,-81,26,251,247,0
1026751,166,166,181,143,-1832,408,1280,15,-139,-28,-51,244,246,0
1030096,167,167,0,12,-2227,153,1201,112,-3,-128,-144,255,253,0
1033419,168,168,106,0,-2148,-198,1319,213,-39,29,-57,248,255,0
1036754,169,169,125,0,-2053,137,1212,308,64,7,126,247,254,0
1040097,169,170,425,0,-1111,263,1298,404,440,-72,287,231,246,0
1043423,170,170,612,0,1242,278,1613,512,302,-89,282,221,260,0
1046758,171,171,668,50,3590,-47,1422,617,405,-98,299,218,251,0
1050096,171,172,1025,0,5817,-724,1457,727,410,-97,329,203,247,0
1053426,172,173,518,12,8109,-1035,1598,848,124,-205,162,214,225,0
1056760,173,173,537,593,9609,-1448,2296,991,-677,-239,373,213,210,0
1060097,173,174,612,1306,7649,-3262,2305,1125,-1083,84,687,225,172,0
1063429,174,174,162,1381,1813,-4272,1291,1179,-544,105,827,233,168,0
1066763,175,175,406,1475,-4047,-4209,4,1159,-60,266,930,220,163,0
1070121,175,175,818,1343,-3043,-2972,-723,1095,32,464,1013,214,186,0
1073432,176,176,312,743,-1348,-917,-1647,969,-163,392,855,225,202,0
1076766,177,177,800,931,-1073,1185,-2120,827,-258,264,541,215,208,0
1080122,177,177,725,1231,-1228,2229,-2383,690,-554,126,98,219,192,0
1083435,178,178,218,762,-3469,2505,-2473,571,-233,45,67,230,201,0
1086770,179,178,556,856,-4783,2085,-1787,484,211,25,-18,228,212,0
1090122,179,179,500,425,-2894,1840,-1133,435,119,41,-110,231,235,0
1093438,180,180,50,0,-2151,1667,-1132,391,75,-97,68,239,245,0
1096773,181,181,237,106,-1666,1410,-1248,339,6,-122,117,229,252,0
1100123,181,181,818,406,-407,1270,-1345,296,99,17,-24,226,248,0
1103442,182,182,68,68,29,1148,-1743,239,235,-74,63,250,250,0
1106776,183,183,218,368,1436,950,-1558,180,-47,3,81,242,234,0
1110123,184,183,0,481,1492,1147,-1526,112,-49,117,-139,255,244,0
1113445,184,184,406,368,1220,1536,-1380,31,162,-25,7,248,250,0
1116780,185,185,0,12,1947,1910,-1464,-51,-5,104,-100,257,253,0
1120124,186,186,68,87,1997,1926,-1695,-138,-190,7,-120,250,249,0
1123448,187,187,0,87,1139,2042,-2175,-230,6,-37,72,263,249,0
1126783,188,187,0,50,733,1768,-2263,-324,13,-71,-69,247,251,0
1130124,188,188,162,293,722,1502,-2297,-431,39,-43,-17,245,238,0
1133451,189,189,218,162,988,1438,-2225,-540,124,-14,43,242,245,0
1136786,190,190,0,368,1815,1177,-2151,-645,27,-70,-102,260,234,0
1140124,191,191,0,0,1963,1040,-2174,-754,64,16,215,245,246,0
1143455,191,191,312,200,2298,511,-1972,-854,-69,-150,248,237,243,0
1146789,192,192,275,425,1779,-926,-2013,-957,-226,-361,412,239,231,0
1150124,193,193,331,762,118,-2527,-2067,-1072,-198,-401,418,226,203,0
1153458,193,193,668,818,-1282,-4405,-2079,-1181,56,-300,655,208,200,0
1156792,194,194,781,968,-2153,-5693,-1798,-1283,323,-137,846,202,192,0
1160149,194,194,1400,1006,-68,-5967,-1172,-1370,433,30,790,185,206,0
1163461,195,195,781,425,2120,-5083,199,-1435,266,56,794,202,221,0
1166795,196,196,856,631,3186,-4317,1344,-1465,-146,172,692,198,210,0
1170153,196,196,1137,1212,2925,-3164,2117,-1439,-282,249,655,199,195,0
1173464,197,197,312,818,1395,-995,2223,-1370,-57,145,602,227,200,0
1176798,197,197,893,650,347,44,2037,-1284,234,195,376,212,225,0
1180153,198,198,1062,200,760,416,2268,-1162,212,233,322,203,249,0
1183467,199,199,912,68,1077,1201,1909,-1036,70,86,264,195,240,0
1186803,199,200,912,0,989,1193,1642,-910,181,94,136,211,244,0
1190158,200,200,556,293,1742,1040,1246,-794,19,211,45,230,244,0
1193470,201,201,237,31,2113,1631,1174,-701,76,19,-43,231,242,0
1196805,201,202,275,50,2436,1829,1110,-631,-488,-35,-85,245,241,0
1200161,202,203,987,1081,544,1711,761,-572,-154,-144,-79,265,244,0
1203474,203,204,406,275,-1460,947,1243,-494,168,102,-95,296,287,0
1206808,204,205,50,275,-1481,833,1406,-408,-19,-174,29,299,287,0
1210161,205,205,87,256,-1204,1269,1814,-297,90,38,44,297,288,0
1213477,206,206,106,518,-398,1256,1973,-187,-63,74,-16,296,274,0
1216812,207,207,125,256,-738,1707,1818,-82,6,10,-31,279,272,0
1220162,208,208,0,275,-1097,1548,1849,18,-204,2,-157,286,271,0
1223481,209,209,0,237,-2090,1712,1882,122,115,-141,96,299,273,0
1226814,210,210,0,68,-934,1250,2122,242,-4,-104,-27,286,282,0
1230162,211,211,68,106,-619,753,2219,379,2,24,35,282,280,0
1233483,212,212,0,0,-690,515,2158,517,140,1,-138,283,280,0
1236818,212,213,462,0,-500,885,2217,658,20,36,11,261,285,0
1240162,213,214,575,0,-498,1509,2318,800,82,38,21,255,281,0
1243486,214,215,12,0,-28,1429,2306,940,-15,-53,313,269,285,0
1246821,215,215,425,181,484,594,2552,1087,86,-349,407,247,260,0
1250163,216,216,650,743,952,-1819,2621,1231,-97,-378,552,223,218,0
1253490,216,217,950,668,736,-5380,2789,1381,144,-425,658,207,206,0
1256824,217,217,1250,912,2366,-7367,3216,1546,-282,-23,595,191,209,0
1260163,217,218,1043,968,2630,-8510,3111,1708,-259,469,602,218,206,0
1263493,218,219,462,425,1875,-6579,2065,1829,-264,437,549,233,219,0
1266827,219,219,181,1025,1097,-4073,567,1883,-610,632,762,248,203,0
1270184,220,220,387,893,-332,-1480,-858,1850,-478,732,585,237,210,0
1273496,220,220,687,706,-2846,2003,-2567,1728,-338,240,567,221,220,0
1276830,221,221,500,931,-3167,3506,-2399,1587,-39,171,743,231,208,0
1280187,222,222,237,893,-1878,3951,-2129,1451,10,6,165,245,210,0
1283500,222,222,31,575,-541,2520,-2167,1319,6,34,357,256,227,0
1286834,223,223,181,368,-241,1417,-1657,1197,54,19,-148,248,238,0
1290187,224,224,0,87,-423,791,-1284,1097,41,-8,-158,263,253,0
1293502,225,225,0,0,438,945,-1638,994,68,-12,-19,247,244,0
1296837,225,225,275,0,673,1191,-1892,896,-130,-65,-58,243,258,0
1300188,226,226,631,443,55,1012,-1844,802,-26,-2,-70,236,246,0
1303506,227,227,87,387,160,1211,-1971,706,190,180,-3,265,249,0
1306840,228,228,0,68,1197,1635,-2232,612,49,120,-84,268,250,0
1310188,229,228,0,125,1444,2118,-2502,495,18,-12,78,255,263,0
1313510,229,229,331,87,1586,2416,-2456,375,-6,-3,-84,252,265,0
1316843,230,230,50,0,1667,2570,-2609,236,-6,-18,-39,251,254,0
1320188,231,231,0,50,1447,2770,-2779,88,9,-87,-3,262,251,0
1323512,232,232,0,12,1385,2137,-2797,-55,10,-138,-100,264,253,0
1326846,233,232,275,331,1526,1338,-2709,-198,103,-64,25,255,252,0
1330188,233,233,312,218,1884,951,-2602,-338,-213,38,-54,253,258,0
1333515,234,234,50,200,752,569,-2442,-481,-357,-82,-4,251,243,0
1336850,235,235,68,650,-1046,268,-2601,-631,98,-204,507,250,219,0
1340189,236,235,575,950,-894,-751,-2244,-769,-42,-235,528,223,219,0
1343519,236,236,668,800,-1105,-2840,-2766,-925,-643,-538,318,218,211,0
1346853,237,237,500,612,-3125,-4738,-2679,-1081,30,-198,706,227,221,0
1350210,237,237,1025,668,-3714,-5799,-2221,-1222,481,-41,811,205,224,0
1353523,238,238,1193,668,-347,-5429,-1611,-1352,404,85,604,196,224,0
1356856,239,239,781,462,1901,-4618,-219,-1441,200,129,747,202,235,0
1360213,239,239,912,612,3158,-3348,960,-1498,190,296,562,211,227,0
1363525,240,240,612,781,2817,-1375,1743,-1544,57,145,625,227,218,0
1366860,241,241,743,556,1928,38,2212,-1572,51,104,497,220,230,0
1370214,241,241,968,462,1503,621,2472,-1560,141,100,315,208,235,0
1373529,242,242,950,275,1403,613,2386,-1503,2,25,195,209,245,0
1376863,243,243,987,0,1097,451,2018,-1413,263,40,184,207,245,0
1380214,243,244,612,0,1983,215,1693,-1280,53,198,-27,227,247,0
1383531,244,244,368,275,2404,587,1597,-1155,-94,59,-79,240,245,0
1386866,245,245,125,87,1883,1008,1628,-1037,-251,-47,22,237,239,0
1390215,245,246,312,50,1390,933,1230,-931,-152,-111,6,243,241,0
1393534,246,247,106,256,-789,780,1321,-838,3,20,11,254,230,0
1396869,247,247,368,518,-1264,1018,1763,-743,236,-11,-37,250,242,0
1400215,248,248,0,406,-215,1174,2243,-622,-61,45,-84,259,232,0
1403539,249,249,500,462,-171,1252,2389,-488,34,24,9,243,229,0
1406872,249,249,462,668,-434,1173,2356,-357,-19,83,-88,245,234,0
1410215,250,250,50,50,-431,1016,2353,-222,-199,-15,-55,251,251,0
1413541,251,251,0,350,-1154,1047,2165,-84,78,-131,42,261,235,0
1416876,252,252,0,143,-616,826,2280,64,62,-29,61,260,246,0
1420215,252,253,443,218,206,618,2366,215,-104,-52,2,246,242,0
1423545,253,253,106,0,-377,598,2296,368,95,35,-143,248,266,0
1426903,254,254,0,0,-33,630,2276,526,-53,10,-143,254,267,0
1430236,255,255,200,31,29,1104,2295,685,122,-171,283,243,252,0
1433547,255,256,275,0,1314,1040,2668,853,-129,-178,266,239,253,0
1436905,256,257,537,50,2137,-178,2850,1024,-335,-245,451,225,235,0
1440239,257,257,631,575,1029,-2075,2921,1191,-292,-167,703,220,223,0
1443550,257,258,1250,1118,-884,-3794,2267,1344,-398,-133,805,203,194,0
1446937,258,258,800,1062,-1836,-3910,1788,1470,-106,-88,974,215,201,0
1450240,259,259,387,800,-1412,-3780,914,1585,-264,113,969,221,199,0
1453554,259,259,800,931,-912,-2837,-219,1661,-265,314,756,215,208,0
1456912,260,260,556,443,-750,-1401,-1072,1697,-430,244,531,212,218,0
1460241,261,261,518,668,-1248,-153,-1647,1696,-304,134,589,214,206,0
1463558,261,261,518,931,-1893,1268,-2131,1636,-197,100,215,230,208,0
1466915,262,262,275,575,-2049,1682,-2375,1532,-79,12,198,227,211,0
1470241,263,263,0,631,-1695,1502,-2179,1410,145,100,333,243,208,0
1473560,263,263,275,687,29,934,-1636,1289,151,-19,-56,243,221,0
1476918,264,264,143,31,602,643,-1366,1169,73,-92,-54,234,240,0
1480241,265,265,50,50,702,619,-1321,1054,5,-4,86,239,239,0
1483563,266,265,125,425,1601,827,-1585,941,167,41,-36,235,235,0
1486922,266,266,256,0,2003,856,-1532,840,-2,-117,65,228,246,0
1490241,267,267,87,200,2000,695,-1713,737,62,-7,-55,237,231,0
1493567,268,268,275,443,2358,606,-1784,630,13,57,-66,227,234,0
1496951,268,268,781,818,2491,893,-1773,536,47,-17,12,228,226,0
1500241,269,269,237,181,2675,1002,-1697,442,98,22,-39,241,244,0
1503570,270,270,0,106,2955,952,-1800,331,51,45,-120,258,248,0
1506928,271,271,125,68,3053,1205,-1938,200,-15,-11,48,247,250,0
1510242,271,271,50,106,2959,1391,-2054,61,-7,-5,-8,251,248,0
1513573,272,272,12,143,2742,851,-2237,-81,61,-9,-24,253,246,0
1516928,273,273,0,312,2873,693,-2316,-227,82,-83,32,254,237,0
1520263,274,274,143,200,3148,468,-2234,-365,-323,-12,-43,246,243,0
1523576,274,274,200,68,795,-114,-2144,-503,-447,-91,259,243,250,0
1526932,275,275,143,462,-2083,-540,-2239,-647,-102,-9,143,246,229,0
1530267,276,276,218,743,-3267,-833,-2364,-793,-219,17,3,242,214,0
1533580,277,276,0,725,-5004,-666,-2643,-946,-385,-176,79,244,215,0
1536932,277,277,462,593,-7274,-909,-2966,-1111,5,4,167,229,222,0
1540266,278,278,650,593,-8240,-1409,-3212,-1294,313,-268,318,219,222,0
1543582,279,278,1006,650,-7732,-3601,-3322,-1487,777,-110,1037,200,235,0
1546961,279,279,1475,331,-4922,-5083,-2755,-1665,1149,61,1305,181,242,0
1550267,280,280,1362,237,1646,-4423,-1868,-1794,175,165,924,171,231,0
1553586,280,280,1737,668,5355,-2675,184,-1844,-59,121,814,167,224,0
1556933,281,281,1137,856,4318,-1451,1209,-1835,238,68,905,199,214,0
1560267,281,282,950,762,4330,-535,2243,-1758,-109,47,514,209,203,0
1563589,282,282,706,856,2758,-163,2963,-1632,21,228,368,222,214,0
1566934,283,283,818,912,2084,-67,2731,-1495,130,208,435,216,211,0
1570267,283,284,1193,406,2309,-10,2188,-1360,137,117,241,196,222,0
1573592,284,284,818,275,1694,245,1660,-1234,-66,57,40,216,245,0
1576933,285,285,612,368,359,341,1668,-1114,-166,176,133,227,240,0
1580268,285,286,462,0,76,727,1460,-1017,313,63,47,235,244,0
1583595,286,287,87,0,998,940,1384,-931,-415,-9,-7,255,246,0
1586934,287,287,237,406,-656,979,1367,-847,-401,-108,-64,247,238,0
1590268,288,288,0,31,-2960,487,1370,-755,-36,8,-79,249,242,0
1593599,288,289,368,181,-3780,342,1666,-655,51,-12,-79,240,234,0
1596955,289,289,218,481,-3548,660,2079,-536,90,44,1,258,244,0
1600290,290,290,0,106,-2529,809,2303,-408,56,95,-74,263,248,0
1603602,291,291,0,387,-2236,1266,2319,-281,35,71,14,256,233,0
1606958,291,292,387,368,-2208,1209,2233,-158,-50,-23,-81,249,234,0
1610292,292,292,500,612,-2805,1112,2010,-39,-81,-148,-10,243,237,0
1613605,293,293,0,275,-3445,668,2181,89,112,-57,8,260,239,0
1616958,294,294,0,125,-2806,205,2324,226,-38,-4,-53,255,247,0
1620293,295,295,31,200,-2723,222,2349,369,112,-51,12,252,243,0
1623608,295,295,181,0,-2398,99,2350,515,435,-128,103,244,264,0
1626959,296,296,218,0,-286,-278,2391,659,178,89,309,242,265,0
1630293,297,297,256,0,1135,-190,2511,805,303,17,260,240,264,0
1633612,298,298,800,0,3305,-244,2902,966,303,-40,204,227,255,0
1636959,298,299,875,0,5165,-335,3143,1138,257,-88,175,207,253,0
1640293,299,300,612,0,6658,-841,3124,1318,262,-120,184,221,248,0
1643615,300,300,912,143,8859,-1738,3120,1508,-127,129,25,221,246,0
1646959,300,301,275,556,9317,-1851,3713,1725,-509,-42,289,243,212,0
1650293,301,302,0,743,7046,-3295,3124,1926,-1274,70,828,248,186,0
1653618,302,302,350,1493,-382,-3710,1978,2074,-831,110,824,223,162,0
1656960,302,303,725,1306,-4430,-3377,627,2152,-48,296,939,219,172,0
1660293,303,303,256,1025,-3814,-1552,-420,2133,2,329,972,228,187,0
1663621,304,304,462,1193,-2286,-103,-1252,2056,-133,444,669,217,194,0
1666960,304,304,950,950,-1865,925,-2021,1923,-246,183,490,207,207,0
1670295,305,305,462,856,-1604,1901,-2792,1743,-515,102,175,217,196,0
1673625,306,305,818,1100,-4065,1984,-2971,1565,-65,-33,20,214,199,0
1676981,306,306,537,668,-4681,1400,-2460,1420,280,-106,-23,229,222,0
1680317,307,307,0,31,-2991,867,-1635,1317,223,37,145,246,240,0
1683627,308,307,87,293,-1321,985,-1499,1218,82,-87,54,237,242,0
1686985,308,308,537,125,-639,984,-1709,1119,-59,-41,139,229,251,0
1690318,309,309,50,0,250,742,-1814,1019,42,-16,-6,239,243,0
1693630,310,310,0,125,840,459,-2116,910,235,-68,28,246,235,0
1696985,310,310,743,781,2373,361,-1949,806,27,33,100,230,228,0
1700317,311,311,200,200,2442,588,-1893,695,-82,149,-51,243,243,0
1703634,312,312,87,50,1912,770,-1808,573,175,-62,-100,249,251,0
1706985,313,313,125,106,2562,1081,-1755,447,101,59,-71,247,248,0
1710318,314,313,87,237,2938,1248,-2048,310,-157,-20,-81,249,257,0
1713637,314,314,12,0,1953,1199,-2405,165,-41,-87,-5,253,261,0
1716985,315,315,0,87,1566,1122,-2577,22,63,-68,-30,254,249,0
1720318,316,316,181,200,1829,801,-2683,-129,111,-21,-92,244,243,0
1723640,317,317,0,87,2003,800,-2685,-286,117,-72,56,243,233,0
1726986,317,317,218,87,2577,791,-2585,-440,110,-19,-14,242,249,0
1730319,318,318,68,237,2865,345,-2353,-587,-481,7,26,250,241,0
1733643,319,319,0,387,-189,-16,-2691,-746,-345,-31,198,255,233,0
1736985,320,319,0,706,-2897,-318,-2736,-910,-126,-15,193,247,216,0
1740319,320,320,462,893,-3886,-774,-2674,-1084,-91,-300,440,229,206,0
1743646,321,321,650,1043,-3939,-2271,-2606,-1264,-76,-331,666,219,198,0
1746986,321,321,1456,650,-3230,-4243,-2479,-1439,827,-79,1026,182,225,0
1750319,322,322,1268,481,1853,-4667,-1563,-1585,77,-31,976,176,218,0
1753650,323,323,1643,518,2749,-4305,-386,-1713,113,-32,833,172,216,0
1757007,323,323,1212,1062,2516,-3623,997,-1780,147,102,862,195,203,0
1760320,324,324,668,837,2864,-1950,2184,-1773,-189,266,562,208,199,0
1763654,324,324,1062,1062,1988,-836,2557,-1713,-122,298,450,203,203,0
1767011,325,325,893,837,341,164,2572,-1619,238,196,441,212,215,0
1770344,326,326,612,275,778,636,2088,-1515,224,53,318,211,229,0
1773657,326,326,1156,293,1366,506,1921,-1392,-13,184,234,198,244,0
1777012,327,327,950,350,730,761,1218,-1266,56,98,165,209,241,0
1780347,327,328,762,0,786,407,676,-1153,43,152,36,219,244,0
1783659,328,329,406,12,1348,588,604,-1057,-71,129,-46,238,243,0
1787012,329,329,50,368,1241,970,554,-988,-216,-51,98,257,240,0
1790352,330,330,0,0,234,826,398,-929,-310,-160,-63,248,253,0
1793662,330,331,200,68,-1099,366,449,-862,43,-45,-204,249,240,0
1797011,331,332,350,181,-1931,188,720,-782,78,27,-161,251,244,0
1800353,332,333,0,350,-2020,489,1073,-683,23,-94,-14,270,235,0
1803666,333,333,0,50,-1182,651,1533,-574,317,62,120,270,251,0
1807011,334,334,0,387,-143,685,1580,-465,-228,51,-113,256,233,0
1810353,334,335,537,631,-1098,1004,1189,-372,-192,-12,-65,241,220,0
1813669,335,335,143,256,-2083,799,1190,-280,37,-14,-44,246,240,0
1817012,336,336,0,237,-2075,626,1229,-177,83,-55,44,268,241,0
1820353,337,337,0,181,-1348,836,1501,-55,136,-101,110,267,244,0
1823672,338,338,237,50,-760,302,1632,75,-145,117,-210,257,251,0
1827012,338,339,406,12,-1302,73,1480,205,-12,-83,-66,248,253,0
1830354,339,339,106,0,-1347,327,1488,336,130,28,-22,248,255,0
1833675,340,340,0,0,-749,318,1631,468,-50,257,10,256,255,0
1837033,341,341,350,0,-985,751,1611,591,409,-98,235,235,255,0
1840354,341,342,593,0,1577,422,1868,734,346,-37,285,222,247,0
1843678,342,343,368,0,3642,-68,1826,876,184,49,172,234,256,0
1847037,343,343,500,0,4527,-203,1725,1014,312,-169,358,215,242,0
1850354,343,344,837,387,7144,-1299,2263,1166,-113,-415,429,197,205,0
1853682,344,344,500,1100,5832,-3314,2189,1312,-972,-80,755,215,183,0
1857037,344,345,818,1325,1674,-4392,1740,1415,-638,44,874,214,171,0
1860354,345,345,256,1231,-2649,-4455,696,1449,4,238,963,228,176,0
1863685,346,346,275,1100,-1914,-3563,-280,1409,-67,463,968,227,183,0
1867038,346,346,837,1081,-637,-1746,-1254,1302,-325,376,836,213,200,0
1870355,347,347,556,593,-1360,721,-2208,1153,-302,355,563,212,210,0
1873688,348,348,462,650,-2036,2222,-2419,997,-436,94,264,217,207,0
1877038,348,348,481,1043,-3321,2879,-2310,859,-234,-129,260,232,202,0
1880380,349,349,0,781,-3331,2316,-1895,740,179,-137,191,250,200,0
1883691,350,350,12,612,-1421,1561,-1063,669,193,-107,-97,241,225,0
1887038,351,350,31,0,-405,1203,-559,630,113,-29,62,240,258,0
1890380,351,351,50,0,-134,1131,-777,587,15,-51,4,239,242,0
1893695,352,352,0,0,577,993,-1226,531,-20,-97,-39,244,244,0
1897038,353,353,218,350,853,892,-1006,488,168,-37,129,242,235,0
1900381,354,353,425,368,1909,793,-1133,438,142,97,-56,231,250,0
1903698,354,354,106,275,2272,893,-1245,377,-62,93,-25,248,239,0
1907038,355,355,256,256,2161,1242,-1271,303,65,30,91,240,240,0
1910381,356,356,0,50,2903,1368,-1047,223,29,44,-105,262,251,0
1913701,356,357,0,0,2866,1587,-1317,132,-29,55,14,254,257,0
1917039,357,357,68,162,2390,1930,-1714,42,-21,32,-52,250,245,0
1920381,358,358,218,68,1920,1866,-1990,-57,-76,-130,-9,242,250,0
1923704,359,359,0,331,1652,1570,-1900,-155,116,-23,36,261,236,0
1927059,360,360,125,200,2069,1216,-1866,-260,89,17,-81,247,243,0
1930382,360,360,143,368,2724,988,-1867,-369,30,-47,-25,246,234,0
1933707,361,361,0,256,2461,753,-1680,-468,-347,-88,48,255,240,0
1937063,362,362,12,500,688,195,-1770,-570,-405,-131,125,253,227,0
1940382,363,362,0,725,-2689,-131,-1952,-682,-177,-134,338,241,215,0
1943710,363,363,537,968,-3079,-560,-1855,-790,-206,-303,379,225,202,0
1947063,364,364,443,800,-3529,-2188,-2041,-912,-101,-371,331,220,201,0
1950382,364,364,1231,781,-4706,-5187,-2386,-1044,455,-239,863,194,218,0
1953714,365,365,893,575,-4442,-6597,-1891,-1157,743,33,788,196,213,0
1957064,366,366,1193,293,-801,-6198,-1467,-1273,237,21,616,180,228,0
1960406,366,366,1100,537,2530,-4686,374,-1330,265,199,859,201,231,0
1963717,367,367,762,406,3601,-3143,1383,-1341,50,240,703,203,222,0
1967064,367,368,1081,425,3685,-1798,1788,-1307,-165,254,415,202,221,0
1970410,368,368,650,500,1538,-351,1804,-1242,97,96,495,225,233,0
1973720,369,369,668,181,1304,271,1763,-1148,255,139,412,208,234,0
1977064,369,370,1175,162,2236,480,1700,-1026,60,128,178,197,235,0
1980411,370,370,893,200,1942,898,1022,-918,26,95,112,212,249,0
1983723,371,371,781,31,1690,1143,577,-828,123,105,108,218,242,0
1987065,371,372,500,181,2052,1230,515,-753,-69,54,54,233,234,0
1990411,372,373,181,87,1980,1357,676,-698,-73,25,20,250,239,0
1993727,373,373,31,0,1573,1261,465,-666,-267,-115,-121,242,245,0
1997065,374,374,0,87,-331,843,409,-629,-177,18,-151,254,249,0
2000410,374,375,331,200,-2248,1220,634,-571,344,-4,-23,252,243,0
2003731,375,376,0,443,-958,1562,1134,-504,-3,-40,-2,271,230,0
2007088,376,376,0,143,225,1772,1375,-426,-136,36,-71,269,246,0
2010411,377,377,0,368,-817,1946,1395,-343,22,11,-14,254,234,0
2013733,377,378,425,518,-823,1696,1443,-258,-50,24,-102,247,226,0
2017088,378,379,462,293,-1271,1618,1307,-185,-89,-167,-19,245,238,0
2020412,379,379,0,0,-1648,1543,1318,-103,241,-92,124,267,254,0
2023736,380,380,0,350,-279,1010,1495,-2,-83,45,-31,261,235,0
2027089,381,381,143,50,-425,910,1432,104,-81,4,-110,246,251,0
2030412,381,382,162,0,-811,1019,1391,207,142,-54,-134,245,255,0
2033739,382,382,0,0,-13,1188,1444,310,255,-59,220,257,256,0
2037089,383,383,293,0,892,1485,1682,421,225,-217,475,238,254,0
2040413,384,384,556,293,2007,-32,2273,544,-204,-504,361,224,238,0
2043742,384,385,725,162,1219,-2467,2476,677,36,-407,471,215,229,0
2047089,385,385,593,556,2075,-4859,2561,818,-407,-113,597,210,212,0
2050412,385,386,893,1006,-81,-5865,2302,948,-382,-36,692,210,188,0
2053747,386,386,256,893,-1141,-5325,1582,1061,-218,77,839,228,194,0
2057089,387,387,350,725,-964,-4432,658,1156,-373,260,781,223,203,0
2060415,387,388,612,593,-1323,-2293,-629,1196,-339,351,633,225,210,0
2063749,388,388,481,556,-1787,-395,-1617,1191,-167,184,528,216,212,0
2067089,389,389,293,762,-2067,1376,-2287,1108,-212,70,558,226,201,0
2070418,389,389,706,987,-2004,2646,-2129,998,-267,-95,248,220,205,0
2073752,390,390,237,968,-2256,2369,-2125,876,8,-93,243,229,190,0
2077090,391,391,0,650,-1565,1412,-1841,762,79,-180,291,245,207,0
2080422,392,391,50,762,-692,98,-1265,667,43,-181,16,239,217,0
2083755,392,392,218,218,-531,-699,-813,589,189,-28,-44,230,230,0
2087090,393,393,125,31,470,-436,-805,532,166,147,-13,235,240,0
2090424,394,393,293,387,1154,197,-1192,477,-26,-67,-38,226,237,0
2093759,394,394,256,87,965,-16,-1305,420,27,8,17,228,237,0
2097114,395,395,312,200,1059,98,-1251,359,6,32,-37,237,243,0
2100427,396,396,0,500,1130,297,-1305,304,81,-7,-68,255,243,0
2103762,397,396,200,50,1380,346,-1392,248,75,-99,61,243,251,0
2107117,397,397,162,50,1701,127,-1238,189,99,40,-38,245,251,0
2110430,398,398,0,12,1960,55,-1286,114,84,47,-51,261,253,0
2113766,399,399,12,181,2414,305,-1448,25,-2,-14,33,253,244,0
2117123,400,399,106,125,2444,337,-1614,-68,-4,-45,-75,248,263,0
2120434,400,400,181,0,1999,-113,-1648,-164,28,-66,17,244,254,0
2123768,401,401,0,200,1958,-254,-1711,-258,19,57,-58,261,243,0
2127124,402,402,106,256,2150,-349,-1760,-355,14,3,-97,248,240,0
2130438,403,402,0,12,2215,-299,-1615,-452,-253,-19,77,246,253,0
2133771,403,403,256,256,862,-377,-1692,-549,-399,16,58,240,240,0
2137124,404,404,87,687,-1456,-611,-2014,-656,-232,13,128,249,217,0
2140440,405,405,293,893,-3635,-711,-1992,-763,-207,79,130,238,206,0
2143774,406,405,0,781,-5433,-838,-2091,-881,-373,144,258,239,212,0
2147124,406,406,687,518,-7078,-1428,-2087,-1017,815,56,1070,207,216,0
2150444,407,406,1175,650,-2770,-1894,-1926,-1155,827,-54,1183,181,225,0
2153778,407,407,1550,443,1197,-2329,-872,-1262,221,-62,1149,161,220,0
2157124,408,408,1418,706,3478,-2378,557,-1317,147,69,990,168,206,0
2160446,408,408,1625,1062,3904,-1329,1365,-1324,-187,-68,881,173,203,0
2163782,409,409,818,837,2894,-587,2086,-1279,103,-10,652,200,199,0
2167125,409,409,1025,1062,1564,-600,2293,-1188,58,239,488,205,203,0
2170450,410,410,893,987,833,-193,1958,-1076,270,148,415,212,207,0
2173785,411,411,575,443,1584,54,1641,-953,162,198,255,213,220,0
2177125,411,411,1025,331,1732,394,1310,-846,-199,168,71,205,242,0
2180454,412,412,706,256,22,1127,684,-758,-139,11,81,222,246,0
2183787,413,413,331,31,-284,1290,599,-682,410,23,137,226,242,0
2187125,413,414,350,12,1252,1323,497,-627,-295,-13,-88,241,243,0
2190457,414,414,293,312,212,1179,172,-596,-479,-196,-118,244,243,0
2193790,415,415,987,1287,-2955,468,264,-562,7,-69,-20,265,249,0
2197151,416,416,406,350,-3299,-411,695,-503,-57,20,-137,280,283,0
2200459,417,417,125,181,-3537,-252,889,-435,21,-133,44,295,292,0
2203794,418,418,0,256,-2931,-26,1191,-359,129,178,-72,307,288,0
2207151,419,419,143,387,-2344,651,1169,-281,94,124,33,294,281,0
2210463,420,420,0,293,-2022,821,1127,-203,-238,116,-115,288,270,0
2213797,420,421,443,181,-3146,1081,1020,-132,-25,-72,-11,278,276,0
2217151,421,421,293,518,-3964,1319,1198,-54,208,-111,-2,286,274,0
2220466,422,422,0,181,-2929,875,1589,40,-66,-160,59,287,276,0
2223800,423,423,106,87,-3028,291,1681,143,-2,-131,-34,280,281,0
2227152,424,424,106,200,-3062,-602,1652,246,30,14,-100,280,275,0
2230470,425,425,200,0,-2787,-455,1648,351,144,22,20,275,288,0
2233804,426,426,0,0,-2082,-280,1677,458,281,103,106,270,286,0
2237151,427,427,368,0,-1188,419,1873,567,449,38,291,250,285,0
2240472,427,428,875,0,1627,324,1860,678,418,23,273,239,276,0
2243807,428,429,593,0,3363,-124,1687,794,544,-28,346,242,269,0
2247151,429,430,537,0,5061,-527,1759,911,594,-239,322,229,256,0
2250475,429,430,1137,181,8833,-1110,1992,1039,148,66,135,213,248,0
2253810,430,431,537,12,10094,-1149,2058,1168,241,-68,56,229,241,0
2257152,431,432,481,818,9936,-3013,2391,1303,-799,-29,371,232,198,0
2260479,431,432,818,1362,5182,-5026,1896,1389,-1196,147,617,230,185,0
2263813,432,433,350,968,-903,-5008,1058,1405,-58,365,651,239,190,0
2267152,433,433,350,1062,-3260,-3195,-473,1348,67,484,866,239,201,0
2270482,434,434,443,1118,-2087,-1482,-1131,1247,-46,482,742,234,198,0
2273817,434,435,256,556,-1411,479,-1704,1122,-5,375,594,244,212,0
2277152,435,435,106,668,-564,2112,-2138,994,-550,168,225,252,222,0
2280486,436,436,218,781,-2315,2085,-2571,863,-517,93,-143,246,216,0
2283819,437,437,237,350,-4030,1835,-2142,755,26,-94,59,245,223,0
2287177,437,437,293,237,-3295,2007,-1356,691,108,-39,-104,242,245,0
2290488,438,438,200,181,-2514,1557,-1078,639,49,-104,-110,247,248,0
2293823,439,439,256,331,-2618,1246,-1508,576,31,28,112,256,252,0
2297180,440,440,0,0,-1630,1198,-1817,514,145,-91,-23,262,259,0
2300491,440,441,425,0,-1154,1328,-2051,441,259,-70,105,247,256,0
2303826,441,441,350,218,93,1387,-2084,355,-18,95,-13,251,258,0
2307181,442,442,218,162,359,1756,-2269,256,-145,119,-45,258,261,0
2310494,443,443,0,87,-67,2396,-2286,147,95,-14,-20,262,249,0
2313829,444,444,181,125,572,2540,-2244,41,-104,18,-108,260,247,0
2317186,444,445,237,125,-130,2718,-2536,-73,5,-34,39,257,247,0
2320498,445,445,0,0,-468,2802,-2684,-189,138,-175,62,262,255,0
2323832,446,446,0,293,145,1908,-2594,-307,72,-264,-68,256,238,0
2327190,447,447,0,181,1503,266,-2196,-425,490,-135,447,256,244,0
2330501,447,448,837,200,4479,-54,-1853,-536,334,-176,304,225,243,0
2333835,448,448,518,143,6015,-327,-1598,-637,-210,-242,394,226,246,0
2337190,449,449,406,725,4109,-1667,-660,-710,-80,-275,613,232,215,0
2340505,450,450,556,1100,3355,-2231,-321,-772,97,-307,730,224,195,0
2343839,450,450,687,1287,2727,-2384,285,-822,-98,-232,802,223,191,0
2347190,451,451,275,725,1271,-2953,946,-850,19,-220,742,229,205,0
2350507,452,451,462,931,861,-3359,1456,-857,35,-78,618,219,210,0
2353842,452,452,575,762,931,-3384,1928,-852,94,-2,497,229,219,0
2357190,453,453,68,368,1518,-2873,2584,-834,72,102,411,240,224,0
2360511,454,453,275,518,1909,-2038,2694,-814,-112,105,266,229,232,0
2363845,454,454,668,406,1355,-1169,2552,-809,-108,57,235,224,238,0
2367190,455,455,331,125,-6,-413,2329,-795,49,215,230,226,237,0
2370514,456,456,631,0,271,-32,2263,-758,114,110,16,210,256,0
2373848,456,457,781,125,1198,-25,2263,-672,34,263,87,218,253,0
2377191,457,457,12,0,1616,435,2025,-573,102,-8,22,243,254,0
2380517,458,458,50,0,1777,719,1611,-470,-218,81,-12,241,245,0
2383852,458,459,462,181,827,840,1368,-360,-151,-174,-84,235,234,0
2387191,459,459,0,87,-707,75,1710,-226,9,-35,-122,255,239,0
2390520,460,460,0,0,-1156,-469,2009,-97,46,-78,-60,245,250,0
2393854,461,461,181,425,-1041,-467,2440,21,136,64,64,244,231,0
2397212,461,462,368,443,91,-307,2736,140,76,140,-36,250,230,0
2400523,462,462,50,218,225,271,2504,265,-124,143,-52,251,242,0
2403858,463,463,200,462,-792,742,2168,390,2,-6,-3,243,229,0
2407216,464,464,0,443,-768,576,2397,529,-32,-60,-18,255,230,0
2410526,464,465,181,0,-736,469,2502,672,-3,-66,28,244,240,0
2413861,465,465,218,0,-358,310,2594,824,55,-57,-77,242,257,0
2417216,466,466,0,0,-245,-343,2630,978,-122,-46,-129,256,254,0
2420530,467,467,293,50,-977,-357,2547,1128,127,5,63,238,251,0
2423865,467,468,275,0,122,-558,2589,1288,378,138,231,239,254,0
2427216,468,469,350,0,2930,-357,2898,1462,-17,134,222,235,245,0
2430533,469,469,481,50,3463,432,2640,1626,-104,-46,469,228,251,0
2433867,469,470,762,181,3996,919,2399,1769,-625,78,615,213,228,0
2437216,470,471,687,725,746,1063,1504,1874,-572,-104,919,217,199,0
2440536,471,471,687,1287,-1513,-12,1104,1959,-568,-139,1018,217,185,0
2443870,471,472,800,1025,-2903,-1140,410,1992,-228,-6,999,215,187,0
2447217,472,472,556,875,-2528,-1412,-239,1995,-5,145,787,212,195,0
2450540,473,473,1137,875,-966,-1307,-753,1962,-152,64,645,197,195,0
2453874,473,473,950,818,-136,-1263,-899,1905,-319,206,346,207,214,0
2457217,474,474,200,575,-814,-646,-1310,1818,-326,87,125,231,211,0
2460543,475,475,518,818,-1329,-17,-1417,1714,-87,53,199,230,198,0
2463877,475,475,200,875,-1058,239,-1664,1581,-125,193,123,247,211,0
2467217,476,476,0,218,-754,804,-1539,1449,50,37,-46,245,230,0
2470546,477,477,218,12,-562,1081,-1310,1328,114,-73,21,230,241,0
2473880,477,477,406,68,-278,775,-1140,1220,130,-46,-78,236,254,0
2477238,478,478,0,31,1173,491,-1077,1115,63,1,83,243,240,0
2480549,479,479,162,31,2008,752,-1279,1004,-11,-93,73,233,240,0
2483883,480,480,237,218,2083,461,-1472,895,-16,-20,-59,229,246,0
2487241,480,480,87,331,2093,142,-1437,800,3,44,-40,237,224,0
2490552,481,481,0,331,2145,310,-1273,717,0,83,-7,246,224,0
2493887,482,482,406,312,2151,355,-1378,621,64,-46,-92,232,237,0
2497242,482,482,518,218,2308,253,-1294,518,51,-33,4,242,258,0
2500555,483,483,0,0,2471,319,-1342,399,-46,2,-8,258,256,0
2503890,484,484,0,50,2290,267,-1554,265,-40,6,-23,257,251,0
2507242,485,485,181,125,2107,391,-1798,131,33,27,25,244,247,0
2510559,486,485,0,12,2524,234,-1872,5,35,-4,-60,246,253,0
2513893,486,486,125,162,2829,169,-1956,-130,0,3,21,247,245,0
2517242,487,487,143,143,2915,351,-2030,-272,-157,-15,29,246,246,0
2520562,488,488,0,350,2326,171,-1919,-413,-369,-41,23,256,235,0
2523897,489,489,125,368,181,-90,-2088,-560,-447,-47,227,247,234,0
2527243,489,489,125,556,-2826,-517,-2064,-705,-394,-82,105,247,224,0
2530565,490,490,143,837,-4612,-941,-2175,-853,-553,-32,94,246,209,0
2533899,491,490,87,1175,-7063,-1193,-2246,-1014,-242,-21,163,249,207,0
2537243,492,491,106,650,-9539,-1467,-2623,-1179,260,-47,329,232,219,0
2540568,492,492,950,443,-8645,-2378,-2684,-1337,895,113,981,203,230,0
2543903,493,493,1287,125,-3193,-2830,-2064,-1449,945,-33,1138,175,237,0
2547243,493,493,1737,556,3677,-2547,-726,-1506,430,107,1109,167,230,0
2550571,494,494,1475,462,5386,-1960,694,-1497,-149,81,852,165,219,0
2553906,494,494,1381,1062,4443,-823,1568,-1441,-73,33,857,186,203,0
2557264,495,495,875,818,2649,82,2453,-1341,50,30,520,213,216,0
2560575,495,496,837,612,2188,-77,2727,-1227,278,192,411,215,211,0
2563933,496,496,837,875,2569,-137,2361,-1113,111,166,256,215,213,0
2567265,497,497,912,650,2670,394,1618,-1018,36,102,88,211,225,0
2570578,497,498,987,0,1955,560,1042,-933,-148,111,42,207,245,0
2573936,498,498,406,387,345,743,667,-864,-136,49,70,238,239,0
2577268,499,499,106,31,-84,916,886,-796,209,-19,130,254,258,0
2580581,499,500,256,50,827,736,929,-731,-604,-81,-21,246,241,0
2583939,500,501,162,162,-1516,419,600,-679,-501,-154,-125,251,235,0
2587269,501,501,181,162,-4735,-15,913,-610,265,55,-62,250,251,0
2590585,502,502,0,68,-3890,-146,1008,-533,125,34,-13,263,240,0
2593942,503,503,0,106,-3199,328,1390,-444,93,-44,-9,260,248,0
2597269,503,504,312,256,-2629,508,1653,-353,75,170,-97,253,240,0
2600587,504,504,31,256,-2290,690,1534,-262,-121,80,-111,252,240,0
2603945,505,505,0,275,-2959,950,1320,-180,-76,-11,3,254,239,0
2607269,506,506,31,406,-3442,808,1399,-94,-24,-73,-42,252,232,0
2610590,506,507,293,200,-3549,651,1562,2,121,-133,110,254,243,0
2613949,507,507,312,518,-3113,339,1721,112,73,-25,-18,253,242,0
2617270,508,508,200,31,-2994,-127,1783,226,-100,29,-171,243,252,0
2620594,509,509,0,125,-3602,-9,1689,340,138,10,59,255,247,0
2623952,510,510,218,125,-2296,-180,1787,459,430,-90,255,242,247,0
2627270,510,510,387,0,584,-218,2080,584,266,-38,413,233,266,0
2630597,511,511,200,0,1946,225,2334,723,566,-187,287,243,259,0
2633952,512,512,668,0,4238,28,2642,870,395,-122,277,218,256,0
2637270,512,513,1212,68,7071,-662,2693,1022,287,-171,172,205,250,0
2640600,513,514,518,0,8155,-1058,2846,1181,341,-41,202,226,254,0
2643956,514,514,12,87,9589,-1324,3408,1369,37,135,125,241,237,0
2647291,514,515,593,1043,9685,-1975,3779,1571,-762,-105,489,226,186,0
2650604,515,515,87,1212,5354,-3180,2980,1729,-1263,-41,785,237,177,0
2653960,516,516,181,1400,-854,-3658,1635,1803,-290,283,1057,232,167,0
2657295,516,516,837,1643,-3969,-2911,301,1790,-13,330,1008,213,170,0
2660607,517,517,406,875,-2916,-1633,-302,1732,-3,414,894,220,195,0
2663960,518,517,406,987,-2181,202,-1190,1618,-74,216,618,220,205,0
2667294,518,518,875,1043,-1467,1251,-1799,1477,-503,210,324,211,202,0
2670610,519,519,331,875,-2380,2000,-2499,1325,-377,37,122,224,195,0
2673960,520,519,200,875,-4677,1798,-2354,1201,14,58,71,231,211,0
2677295,520,520,518,462,-3982,1181,-1899,1109,351,-99,-19,230,233,0
2680613,521,521,0,125,-2237,959,-1012,1056,252,-14,143,242,251,0
2683961,522,521,0,87,-1105,837,-1325,987,17,42,12,246,253,0
2687295,522,522,481,68,-143,746,-1538,910,-39,-83,37,232,254,0
2690616,523,523,87,0,389,697,-1687,839,206,-61,67,237,248,0
2693961,524,524,125,368,1039,456,-1731,756,268,49,84,247,234,0
2697296,525,524,237,425,2629,474,-1721,671,-104,24,43,241,247,0
2700620,525,525,256,50,2373,759,-1592,578,5,118,-108,240,251,0
2703961,526,526,12,12,2186,1146,-1476,480,158,-75,-64,253,253,0
2707296,527,527,31,106,2937,1383,-1715,378,-130,57,-3,252,248,0
2710622,528,527,0,162,2560,1434,-2045,273,-92,14,-91,256,261,0
2713962,528,528,387,350,1836,1411,-2383,155,-12,-105,28,249,251,0
2717296,529,529,143,87,1581,1060,-2425,30,100,-47,-61,246,249,0
2720626,530,530,0,293,1736,766,-2404,-98,48,-62,-112,259,238,0
2723984,531,531,143,181,2162,749,-2337,-226,60,-51,57,246,244,0
2727318,532,531,0,275,2696,569,-2221,-349,-172,-28,-45,247,239,0
2730629,532,532,143,162,1859,204,-2220,-474,-592,-16,130,246,245,0
2733986,533,533,200,612,-803,-132,-2494,-617,-302,-235,163,243,221,0
2737321,534,533,293,1175,-3440,-424,-2463,-767,-63,-158,342,238,207,0
2740633,534,534,668,1043,-3609,-1150,-2172,-917,-100,-378,410,218,198,0
2743987,535,535,1081,537,-3970,-3775,-2271,-1072,485,-129,859,186,215,0
2747321,535,535,1775,743,-578,-4688,-1867,-1219,402,-10,972,165,220,0
2750636,536,536,1118,500,2207,-4600,-1066,-1359,33,-59,829,184,217,0
2753986,536,536,1418,987,2866,-3836,789,-1453,-7,96,822,184,207,0
2757322,537,537,931,1118,2962,-2583,1621,-1495,201,104,767,210,200,0
2760638,538,538,612,631,2471,-1325,2326,-1474,-181,223,348,211,210,0
2763987,538,538,950,837,1370,13,2309,-1411,76,219,458,209,215,0
2767321,539,539,725,706,475,664,1921,-1341,250,60,397,221,222,0
2770642,540,540,762,0,1221,570,1828,-1247,109,208,238,203,245,0
2773988,540,540,1062,368,1148,1098,1212,-1153,-93,66,120,203,240,0
2777321,541,541,500,12,112,1434,867,-1048,170,124,4,233,259,0
2780645,542,542,162,0,935,1320,781,-950,116,93,95,235,246,0
2783987,542,543,312,0,1574,1539,637,-871,-415,-45,4,243,246,0
2787322,543,543,125,237,-596,1323,450,-825,-227,-157,-51,253,247,0
2790648,544,544,162,275,-2226,657,695,-762,-11,20,-117,261,255,0
2793988,545,545,0,87,-2951,576,962,-684,179,-30,-54,268,249,0
2797323,545,546,143,106,-2324,673,1449,-586,14,4,-35,262,248,0
2800651,546,547,181,387,-1731,1034,1585,-482,120,-54,4,260,233,0
2804009,547,547,312,443,-1262,1493,1631,-377,-28,101,-54,253,246,0
2807344,548,548,181,350,-1554,1483,1445,-282,-249,-30,-68,244,235,0
2810654,549,549,125,518,-2718,1553,1299,-196,-14,-79,7,247,226,0
2814013,549,550,256,87,-2667,1317,1579,-93,95,-21,26,256,249,0
2817346,550,550,0,87,-1699,1068,1796,26,-79,-61,28,260,249,0
2820658,551,551,12,50,-1985,783,1765,156,66,-31,-72,253,251,0
2824013,552,552,50,50,-2065,325,1757,287,38,83,-144,251,251,0
2827346,552,553,650,50,-1797,627,1660,414,192,-11,187,235,251,0
2830661,553,553,68,0,-733,886,1788,543,496,8,362,250,265,0
2834013,554,554,406,0,2409,912,2292,684,267,-21,240,232,260,0
2837347,555,555,743,12,3906,733,2335,826,487,-157,291,214,253,0
2840664,555,556,743,0,5947,-166,2336,977,455,-125,200,218,246,0
2844013,556,557,406,143,6713,-1520,2816,1142,-366,-447,275,220,218,0
2847346,556,557,931,931,4742,-3657,2909,1301,-263,-584,539,208,192,0
2850667,557,558,256,762,4127,-6536,2993,1465,-521,-142,573,228,185,0
2854013,558,558,0,987,857,-7220,2539,1603,-394,329,517,242,189,0
2857347,559,559,125,1100,-1115,-5249,1136,1672,-40,340,729,235,183,0
2860670,559,559,256,725,-914,-2955,-70,1645,-314,472,774,228,203,0
2864014,560,560,331,725,-2005,-14,-1590,1544,-463,442,598,224,203,0
2867347,560,560,912,1062,-3153,2134,-2326,1399,-241,111,493,209,201,0
2870674,561,561,256,893,-3065,3278,-2618,1245,-380,-57,329,228,194,0
2874014,562,562,87,743,-3596,2427,-2451,1108,33,-35,184,237,202,0
2877347,562,562,668,725,-3130,1599,-2008,989,272,-255,287,222,219,0
2880678,563,563,12,237,-1156,250,-861,924,102,7,-51,241,229,0
2884015,564,564,0,87,216,-503,-548,880,173,44,-5,247,237,0
2887348,565,564,162,181,767,110,-989,824,3,-54,90,233,248,0
2890680,565,565,725,425,689,313,-1302,764,-75,-73,-21,231,247,0
2894039,566,566,162,143,907,-199,-1234,711,171,-9,-68,245,246,0
2897372,567,567,275,256,1665,59,-1201,652,65,63,71,239,240,0
2900683,568,567,237,500,2145,431,-1299,581,57,47,-31,241,243,0
2904039,568,568,462,387,2379,541,-1488,489,76,14,1,245,249,0
2907375,569,569,50,0,2637,601,-1387,397,123,59,16,251,254,0
2910687,570,570,0,68,3187,907,-1469,300,-104,20,-87,259,250,0
2914039,571,571,0,68,2612,1387,-1887,196,-59,-35,44,258,250,0
2917380,571,571,0,12,2228,1120,-1976,93,69,-67,-6,256,253,0
2920690,572,572,50,162,2348,551,-1946,-16,33,-91,-23,251,245,0
2924039,573,573,237,143,2556,114,-1901,-132,34,-34,-38,241,246,0
2927381,574,574,0,350,2628,-186,-1826,-244,-243,-63,-59,262,235,0
2930693,574,574,106,256,1372,-422,-1862,-357,-485,-84,137,248,240,0
2934041,575,575,125,593,-1893,-698,-1920,-469,-370,-91,37,247,222,0
2937381,576,576,0,893,-3789,-800,-1999,-587,-448,43,160,255,206,0
2940696,577,576,293,987,-5615,-873,-2158,-726,20,-312,468,228,207,0
2944040,577,577,875,537,-5583,-2519,-2167,-867,522,-101,757,197,215,0
2947382,578,578,1156,481,-1995,-3625,-1901,-999,654,-7,976,182,218,0
2950699,578,578,1850,706,1812,-3691,-1355,-1130,9,49,993,161,222,0
2954040,579,579,1025,593,3347,-2760,517,-1204,105,-32,854,189,212,0
2957381,579,579,1287,1212,3277,-1794,1150,-1262,-64,98,725,191,195,0
2960702,580,580,837,987,2903,-668,1942,-1281,-130,106,515,215,207,0
2964041,581,581,368,650,1422,411,2164,-1248,99,143,530,224,209,0
2967382,581,581,912,743,1089,1053,1776,-1191,219,115,346,211,220,0
2970706,582,582,1006,537,1709,903,1492,-1094,-26,62,230,206,231,0
2974062,582,583,912,68,1158,882,1099,-987,-26,142,215,211,240,0
2977382,583,584,593,0,449,881,556,-888,122,7,51,228,244,0
2980709,584,584,331,162,1011,473,340,-801,18,54,-84,242,251,0
2984065,585,585,162,12,971,639,188,-732,-140,18,49,235,243,0
2987383,585,586,275,162,91,777,245,-698,-241,-35,10,245,235,0
2990712,586,587,443,12,-1046,565,182,-675,-39,-128,-59,246,253,0
2994066,587,587,0,406,-1780,96,290,-635,61,20,-113,273,248,0
2997383,588,588,0,31,-1997,70,419,-581,-20,-2,-153,267,252,0
