Time, Rlegs, Llegs, DCL, DCR, GyroX, GyroY, GyroZ, GyroZAvg, AccelX, AccelY, AccelZ, LBEMF, RBEMF, SteerOut
3129,773,783,1550,0,200,-137,-149,-151,-18,2,229,71,72,0
6463,773,783,1550,0,202,-133,-151,-151,-18,1,228,71,72,0
9814,773,783,1550,0,202,-133,-153,-151,-13,1,224,71,72,0
13132,773,783,1550,0,202,-135,-152,-151,-17,0,224,71,72,0
16467,773,783,1550,0,204,-135,-148,-151,-20,1,227,71,72,0
19814,773,783,1550,0,201,-133,-152,-151,-14,0,230,71,72,0
23135,773,783,1550,0,200,-138,-152,-151,-14,0,224,71,72,0
26470,773,783,1550,0,198,-135,-154,-151,-16,0,226,71,72,0
29814,773,783,1550,0,200,-137,-154,-151,-13,1,224,71,72,0
33138,773,783,1550,0,200,-137,-151,-151,-17,0,232,71,72,0
36473,773,783,1550,0,201,-134,-152,-151,-16,1,224,71,72,0
39814,773,783,1550,0,200,-134,-151,-151,-18,2,225,71,72,0
43142,773,783,1550,0,200,-138,-153,-151,-18,0,229,71,72,0
46476,773,783,1550,0,200,-140,-149,-151,-17,1,227,71,72,0
49815,773,783,1550,0,200,-136,-152,-151,-16,-1,229,71,72,0
53145,773,783,1550,0,203,-137,-154,-151,-19,0,228,71,72,0
56479,773,783,1550,0,201,-138,-151,-151,-18,1,222,71,72,0
59815,773,783,1550,0,200,-139,-149,-151,-17,1,227,71,72,0
63148,773,783,1550,0,200,-136,-154,-151,-14,-1,225,71,72,0
66482,773,783,1550,0,198,-138,-153,-151,-17,1,226,71,72,0
69818,773,783,1550,0,199,-134,-151,-151,-14,4,227,71,72,0
73151,773,783,1550,0,202,-134,-152,-151,-15,0,226,71,72,0
76485,773,783,1550,0,202,-133,-151,-151,-15,0,222,71,72,0
79840,773,783,1550,0,202,-134,-151,-151,-16,0,228,71,72,0
83154,773,783,1550,0,203,-132,-151,-151,-14,1,222,71,72,0
86489,773,783,1550,0,202,-137,-151,-151,-16,0,224,71,72,0
89844,773,783,1550,0,202,-136,-152,-151,-13,0,221,71,72,0
93158,773,783,1550,0,200,-135,-154,-151,-15,-1,227,71,72,0
96492,773,783,1550,0,202,-137,-153,-151,-16,2,226,71,72,0
99844,773,783,1550,0,199,-136,-153,-151,-15,0,226,71,72,0
103219,0,0,818,800,198,-137,-152,-151,-20,0,222,71,72,0
106495,0,0,818,800,200,-135,-153,-151,-17,2,226,71,72,0
109848,0,0,818,800,203,-137,-151,-151,-16,2,226,71,72,0
113164,0,0,818,800,203,-136,-153,-151,-15,0,229,71,72,0
116499,0,0,818,800,198,-136,-153,-151,-19,1,227,71,72,0
119852,0,0,818,800,199,-137,-150,-151,-15,0,224,71,72,0
123168,0,0,818,800,202,-137,-152,-152,-18,1,222,71,72,0
126501,0,0,818,800,202,-137,-151,-151,-17,1,227,71,72,0
129852,0,0,818,800,200,-139,-152,-151,-19,0,223,71,72,0
133171,0,0,818,800,200,-136,-153,-151,-15,0,222,71,72,0
136505,0,0,818,800,196,-137,-150,-151,-19,1,226,71,72,0
139852,0,0,800,800,202,-134,-152,-151,-16,0,224,72,72,0
143174,0,0,818,800,201,-137,-152,-151,-17,-3,224,71,72,0
146508,0,0,818,800,200,-136,-150,-151,-15,0,231,71,72,0
149853,0,0,818,800,201,-136,-148,-151,-18,0,224,71,72,0
153177,0,0,818,800,200,-137,-150,-151,-13,-3,226,71,72,0
156511,0,0,818,800,204,-135,-149,-151,-20,4,224,71,72,0
159853,0,0,818,800,202,-135,-153,-151,-16,1,232,71,72,0
163180,0,0,818,800,197,-136,-151,-151,-18,0,226,71,72,0
166514,0,0,818,800,201,-137,-152,-151,-18,3,229,71,72,0
169854,0,0,818,800,200,-134,-152,-151,-14,2,228,71,72,0
173184,0,0,818,800,202,-135,-154,-151,-17,-1,226,71,72,0
176517,0,0,818,800,198,-135,-154,-151,-18,0,226,71,72,0
179853,0,0,837,800,200,-137,-151,-151,-19,2,225,70,72,0
183186,0,0,818,800,201,-138,-152,-151,-17,3,225,71,72,0
186521,0,0,818,800,199,-136,-152,-151,-14,1,223,71,72,0
189874,0,0,800,800,202,-138,-150,-151,-17,1,226,72,72,0
193189,0,0,818,781,200,-136,-152,-151,-18,0,226,71,73,0
196524,0,0,818,800,200,-137,-151,-151,-17,2,227,71,72,0
199878,0,0,800,800,199,-134,-150,-151,-14,0,232,72,72,0
203193,0,0,3181,3181,202,-136,-151,-151,-17,2,223,0,0,0
206527,0,0,462,387,184,-173,-141,-151,-109,16,190,161,165,0
209882,1,0,275,668,-259,-181,-56,-148,-80,24,159,171,166,0
213196,1,1,518,256,-556,-216,-40,-144,-45,-31,283,158,172,0
216531,2,1,387,687,-558,-578,3,-139,-23,-12,317,165,165,0
219881,2,2,537,725,-610,-1142,132,-130,-104,62,351,173,163,0
223199,3,2,837,968,-801,-1676,218,-119,-18,49,341,173,166,0
226534,3,2,556,1137,-974,-2204,309,-104,-61,104,343,188,173,0
229882,3,3,931,987,-682,-2191,313,-90,-51,213,315,184,181,0
233202,4,3,631,1043,-549,-1675,248,-77,12,321,293,200,194,0
236537,4,4,818,575,-210,-764,52,-71,22,288,271,190,203,0
239882,5,4,650,1006,-154,207,-191,-72,-91,231,283,199,196,0
243205,6,5,987,818,-81,483,-289,-77,-24,205,278,197,206,0
246540,6,6,481,631,161,672,-84,-75,10,220,215,206,198,0
249882,7,6,612,593,463,632,63,-68,84,135,139,199,216,0
253209,7,7,837,481,759,505,191,-57,-49,44,27,203,222,0
256543,8,7,162,256,812,620,411,-40,13,-28,-8,223,234,0
259883,8,8,368,12,444,568,298,-26,75,-18,-80,228,247,0
263212,9,9,312,237,627,249,383,-9,113,-14,-12,231,235,0
266546,10,10,237,331,1200,139,439,8,27,-29,51,235,246,0
269904,10,10,612,293,1322,159,464,28,-11,21,-31,231,248,0
273216,11,11,162,143,1488,265,347,43,19,-51,15,239,240,0
276549,12,12,0,68,1830,278,311,58,49,21,25,249,244,0
279908,13,12,181,218,2004,245,364,74,-55,79,-34,238,252,0
283218,13,13,443,406,1293,244,239,86,-283,-40,89,240,242,0
286553,14,14,537,875,-149,261,-52,89,-263,-25,129,253,235,0
289908,15,15,500,631,-2382,-281,-280,85,117,10,100,255,248,0
293221,15,15,293,256,-2615,-903,-494,75,320,18,435,266,268,0
296556,16,16,200,518,-1109,-1089,-712,57,-79,59,379,271,254,0
299908,17,17,68,518,-797,-1080,-1192,25,-99,-181,237,278,254,0
303225,18,18,106,593,-2116,-1302,-1271,-9,266,60,626,276,250,0
306559,19,18,50,706,-1866,-943,-1771,-60,71,272,616,279,260,0
309908,20,19,106,1006,-1335,1317,-2186,-124,237,305,667,276,244,0
313228,20,20,556,781,-537,2370,-2210,-188,62,-135,617,268,256,0
316562,21,21,1062,1062,39,2017,-1746,-241,185,-268,701,241,241,0
319909,22,21,725,800,1049,1415,-1406,-284,-85,-169,717,243,255,0
323232,23,22,837,968,1378,1101,-1025,-316,-75,-132,544,237,246,0
326566,23,23,1306,1043,933,403,-719,-343,39,-165,520,228,242,0
329909,24,24,968,781,833,-1074,-367,-361,43,-178,553,241,251,0
333234,25,24,1081,987,1073,-2072,-91,-373,-47,120,313,235,256,0
336569,25,25,1231,1118,1039,-2522,249,-375,-85,125,223,243,249,0
339909,26,26,1043,931,804,-2572,702,-361,-62,187,189,253,259,0
343238,27,27,293,462,297,-2504,870,-336,116,66,112,277,268,0
346597,28,28,200,68,-102,-1821,331,-319,325,141,107,282,289,0
349930,29,28,593,275,2282,-586,-396,-323,43,113,-118,261,294,0
353242,29,29,912,256,2793,-735,-530,-337,-246,-73,66,260,295,0
356599,30,30,650,181,1526,-1312,-588,-357,115,-58,178,274,299,0
359934,31,31,368,256,2066,-1938,-563,-380,22,7,54,289,295,0
363244,32,32,0,0,1874,-1978,-690,-415,-53,-4,13,302,299,0
366633,33,33,518,387,1031,-2388,-794,-449,144,153,-76,286,293,0
369934,34,34,125,312,1093,-1883,-964,-491,321,158,13,291,281,0
373247,35,35,0,462,2683,-1069,-815,-530,-184,108,-74,302,273,0
376606,35,36,500,331,2572,-521,-711,-567,-159,-74,-12,287,280,0
379934,36,37,387,293,1750,-583,-583,-596,-44,30,-95,293,282,0
383251,37,38,293,556,1247,-671,-272,-614,-48,-117,-52,298,284,0
386609,38,38,368,181,986,-590,59,-624,119,-109,-80,294,304,0
389934,39,39,312,275,1785,-1830,111,-628,-187,-150,-81,297,299,0
393254,40,40,12,0,997,-2349,-216,-633,-101,216,46,297,308,0
396613,41,41,162,50,49,-1905,-326,-634,-17,313,143,289,295,0
399935,42,42,0,68,114,457,-560,-636,-116,240,112,301,294,0
403257,43,43,87,462,-269,1767,-798,-639,-616,326,33,293,273,0
406615,44,44,0,781,-3280,2771,-1048,-635,-324,199,214,299,256,0
409935,45,45,0,575,-5370,3727,-1258,-634,-203,259,-7,281,249,0
413260,45,45,218,743,-5928,4899,-1104,-613,-172,344,72,268,240,0
416617,46,46,668,893,-6469,5423,-1536,-593,629,132,620,244,232,0
419935,47,47,687,912,-2855,4900,-1258,-563,342,-5,590,243,231,0
423263,47,47,1643,1381,-1630,3182,-1180,-546,259,-447,806,208,222,0
426622,48,48,1418,1568,-1976,-476,-798,-527,-258,0,882,220,212,0
429935,49,49,1100,1100,-2241,-3972,-453,-509,485,202,889,221,221,0
433266,49,49,1981,1250,-801,-4365,-250,-494,439,298,732,190,229,0
436625,50,50,1081,950,2044,-4176,56,-481,250,411,602,238,245,0
439957,51,51,162,668,4508,-2496,84,-475,29,494,305,287,260,0
443270,52,51,0,556,4321,-531,-392,-495,-452,320,167,281,266,0
446626,53,52,68,593,2422,829,-870,-545,-274,286,-111,276,264,0
449960,53,53,406,556,410,2221,217,-565,131,-181,54,274,266,0
453273,54,54,443,481,1204,1845,600,-557,180,-67,2,290,288,0
456626,55,55,256,162,1994,845,787,-520,196,-178,55,300,305,0
459960,56,56,87,162,2901,163,379,-491,265,-21,151,309,305,0
463276,57,57,406,312,4494,-372,-63,-475,98,-198,6,292,297,0
466626,58,58,275,275,5175,-1195,-150,-462,75,-125,64,299,299,0
469961,59,59,0,31,5835,-1670,279,-432,-290,99,-190,299,296,0
473279,60,60,31,12,4741,-912,74,-404,-326,100,26,296,297,0
476626,61,61,0,162,2240,-330,-575,-392,-269,82,-118,313,289,0
479961,62,62,50,200,162,425,-1157,-403,110,59,57,295,287,0
483282,63,62,368,537,279,1045,-1123,-416,-393,-8,-26,294,285,0
486627,63,63,406,875,-809,1402,-1559,-446,-103,-188,328,292,267,0
489962,64,64,556,837,-2826,1421,-1796,-494,-341,-272,104,284,269,0
493285,65,65,556,762,-4083,440,-2071,-561,-501,-189,203,279,268,0
496627,66,66,537,668,-6913,-687,-1999,-627,-177,-52,191,280,273,0
499962,67,67,256,368,-8220,-1025,-1651,-671,5,316,216,279,273,0
503289,68,67,331,593,-7810,592,-1654,-713,379,483,298,275,277,0
506627,68,68,1493,425,-6583,2405,-1935,-756,552,-124,731,229,286,0
509962,69,69,1850,181,-893,1340,-1089,-765,940,-23,1011,210,299,0
513292,70,70,1906,481,3948,183,-797,-757,136,-4,924,207,283,0
516648,70,71,1568,687,6072,-825,78,-715,-346,91,567,241,272,0
519982,71,72,856,331,4287,-1445,8,-681,-108,-19,593,263,275,0
523295,72,73,575,31,3281,-1961,105,-629,305,70,317,278,291,0
526652,73,74,612,0,4197,-2135,199,-584,227,308,49,276,296,0
529986,74,75,575,0,5875,163,136,-543,262,210,-156,278,304,0
533298,75,76,537,0,7478,1195,557,-500,-258,87,-230,285,300,0
536652,75,76,837,518,6576,1306,582,-468,-30,-179,-28,285,286,0
539987,76,77,481,518,6070,522,354,-449,-386,-130,44,304,286,0
543302,77,78,125,443,4134,76,23,-450,-9,-112,112,307,274,0
546653,78,79,0,312,3404,111,569,-435,-29,105,-104,314,281,0
549987,79,80,181,143,3514,201,755,-399,-73,-159,-89,304,290,0
553305,80,81,162,0,3844,230,914,-343,-281,34,-181,305,300,0
556653,81,82,425,0,2963,427,44,-349,-238,228,57,291,298,0
559988,82,83,200,0,1448,1774,-166,-373,-80,41,158,303,299,0
563308,83,84,256,87,2034,2215,-159,-402,-388,-91,48,300,293,0
566653,84,85,181,518,158,2671,-443,-428,-615,-323,204,304,270,0
569987,85,86,0,50,-4537,1634,-748,-449,-709,-238,84,304,279,0
573312,86,86,0,743,-7806,1036,-418,-458,-128,-299,169,307,258,0
576654,87,87,0,481,-8784,-424,-212,-473,-496,-217,-7,288,254,0
579988,88,88,0,518,-11490,-1398,-88,-478,-141,-122,64,285,252,0
583315,88,89,350,462,-11919,-2052,390,-448,265,183,21,277,271,0
586654,89,89,668,293,-10983,-1856,692,-390,409,-14,202,260,280,0
589988,90,90,218,87,-7314,-1822,798,-330,700,-8,495,268,275,0
593317,91,91,612,293,-4011,-2271,982,-251,257,166,353,247,264,0
596676,91,92,1343,256,-1945,-1798,673,-174,278,-24,358,224,266,0
600011,92,93,1043,331,344,-1536,753,-85,449,125,432,240,262,0
603321,93,93,481,462,1866,-1599,1115,11,189,154,485,254,255,0
606678,94,94,518,200,3170,-876,1183,100,222,19,595,252,269,0
610012,94,95,425,443,5134,-532,1515,199,164,81,222,273,256,0
613324,95,96,275,256,5893,22,1320,300,77,154,302,281,266,0
616678,96,97,481,556,6079,1008,1402,378,-302,-4,271,288,268,0
620012,97,97,293,781,3257,845,881,431,-511,-31,91,298,272,0
623327,98,98,143,350,632,478,617,447,27,36,217,290,279,0
626679,99,99,50,12,-28,-93,271,456,311,13,63,295,297,0
630011,100,100,162,293,1638,32,168,458,218,-71,90,289,282,0
633331,101,101,218,387,2611,75,297,461,-405,-47,38,286,277,0
636679,101,102,687,462,1553,6,-92,454,50,-2,39,277,273,0
640012,102,103,368,406,-770,-74,-464,422,106,97,-112,294,276,0
643333,103,104,143,762,-1300,44,-674,382,-502,-36,98,306,273,0
646679,104,104,275,687,-3726,443,-1375,328,-125,29,33,299,277,0
650012,105,105,0,106,-5863,450,-1765,272,135,62,85,303,292,0
653337,106,106,0,387,-6123,926,-1980,193,440,122,616,302,277,0
656679,107,107,218,275,-2246,2353,-1807,113,254,-88,606,286,283,0
660012,108,108,650,162,-658,3155,-1376,41,-12,-174,624,258,284,0
663340,108,109,1381,200,-312,2792,-877,12,422,-346,957,235,282,0
666679,109,110,1662,387,2856,1318,-325,7,232,-274,965,220,272,0
670013,110,110,1437,631,4713,175,81,15,62,-235,739,232,275,0
673343,110,111,1137,462,5389,-1008,372,40,-328,-24,344,248,268,0
676701,111,112,781,387,3860,-2204,711,86,-70,-118,313,267,272,0
680013,112,113,518,387,4003,-2927,818,125,156,28,288,281,272,0
683347,113,114,406,143,4930,-2964,828,157,-106,165,43,287,285,0
686705,114,115,443,50,3994,-1978,813,185,-177,167,-43,285,290,0
690037,115,116,368,0,2450,-1363,659,194,-286,182,-4,289,295,0
693349,116,116,443,12,739,-760,224,179,112,90,130,285,292,0
696735,117,117,481,256,887,-1219,317,164,-127,-20,-14,288,300,0
700041,117,118,350,181,698,-1373,313,143,-155,-230,-49,295,288,0
703353,118,119,162,406,-141,-1859,581,140,-125,-23,-135,305,276,0
706705,119,120,293,443,-1288,-2139,556,134,143,-98,-35,298,274,0
710045,120,121,106,368,-592,-2307,758,123,-48,21,-64,308,278,0
713356,121,122,218,256,-243,-2383,976,116,-173,36,-99,302,284,0
716705,122,123,143,237,-790,-1653,968,99,130,54,-92,306,285,0
720047,123,124,350,0,-334,-1472,919,87,-66,12,-67,295,301,0
723359,124,124,0,50,-583,-1282,948,73,153,-113,67,306,295,0
726706,125,125,0,0,-44,-2300,1232,84,-168,-36,-15,310,298,0
730047,126,126,162,162,-860,-2347,1102,99,-173,178,2,289,289,0
733362,127,127,106,68,-1696,-1720,900,118,-225,299,-14,292,294,0
736706,128,128,12,0,-3020,559,499,129,-150,145,90,297,298,0
740047,129,129,0,50,-3803,1627,5,120,-428,267,51,284,277,0
743365,129,130,162,275,-5668,2544,-608,104,-17,198,302,271,249,0
746705,130,131,537,331,-4300,3660,-1103,84,457,229,574,251,246,0
750048,131,131,762,575,-1113,4585,-1242,66,104,217,525,239,249,0
753369,131,132,1306,875,1054,5354,-1538,61,158,50,613,226,233,0
756727,132,133,1062,1456,2998,4894,-1477,70,-327,-150,614,239,202,0
760047,133,133,687,1493,230,2186,-1664,80,-229,-632,1000,243,200,0
763373,133,134,1625,1250,-2297,-700,-1650,85,160,41,886,209,213,0
766727,134,134,1193,1250,-1860,-2914,-1077,94,680,97,556,232,229,0
770047,135,135,500,1137,1407,-3164,-691,100,235,258,403,269,235,0
773375,136,136,162,518,2805,-2653,-140,105,160,223,258,271,252,0
776730,137,137,0,350,3820,-1413,-259,95,-224,320,-95,291,261,0
780048,137,137,181,500,2744,-376,-646,63,-281,51,-11,286,269,0
783378,138,138,743,631,1123,230,-608,22,-91,-53,-87,274,280,0
786731,139,139,668,275,684,82,242,4,-6,-275,50,278,299,0
790048,140,140,462,443,1169,-396,638,-1,112,-61,32,289,290,0
793381,141,141,200,500,1779,-1028,385,-15,166,-146,-2,303,287,0
796731,142,142,31,293,2840,-1903,-49,-37,276,-105,99,312,298,0
800074,143,143,0,0,4529,-2596,-48,-45,109,-43,-53,299,299,0
803385,144,144,12,0,5182,-2718,39,-54,-245,96,94,297,301,0
806732,145,145,143,0,4065,-2378,-23,-64,-417,68,-75,290,303,0
810076,146,146,12,68,1541,-1850,-622,-102,-262,127,11,297,294,0
813388,147,147,0,237,-238,-1278,-916,-148,-6,67,-119,307,285,0
816732,148,148,181,350,-870,-288,-1108,-206,-233,228,91,288,279,0
820075,148,148,425,875,-1479,1002,-1841,-294,-346,68,38,291,267,0
823391,149,149,312,800,-3026,1510,-2125,-391,99,-486,10,292,266,0
826732,150,150,556,725,-4916,718,-2135,-486,-125,109,489,279,270,0
830075,151,151,368,406,-5128,271,-2093,-581,46,150,463,273,271,0
833394,152,152,631,406,-4703,827,-1731,-674,-309,319,270,259,271,0
836733,153,152,575,650,-6840,3243,-1651,-760,476,464,254,262,274,0
840075,153,153,1587,612,-6554,4596,-2452,-865,682,-313,976,224,276,0
843398,154,154,1850,556,-2222,3807,-1847,-938,1099,-201,1119,210,279,0
846754,155,155,1718,631,4869,1535,-1129,-974,28,-48,834,217,275,0
850076,155,156,1381,387,6258,-133,-988,-985,-349,-10,752,235,272,0
853401,156,157,968,275,4982,-1298,-906,-979,-105,-84,480,257,278,0
856758,157,158,518,200,3326,-2347,-952,-970,30,13,226,281,282,0
860076,158,158,556,293,2967,-1941,-937,-951,468,333,62,279,293,0
863405,159,159,800,125,4847,-551,-801,-930,106,400,-99,287,307,0
866758,159,160,706,218,6093,1521,-336,-889,-48,20,-167,292,302,0
870076,160,161,518,275,5281,1405,-79,-840,-199,-263,-9,302,299,0
873407,161,162,68,443,4378,882,-308,-816,19,-211,79,310,274,0
876757,162,163,162,593,3715,-249,-262,-802,-136,32,-27,305,266,0
880100,163,164,162,425,3211,-280,-59,-800,0,-60,-42,305,275,0
883410,164,165,162,218,2730,-251,0,-792,54,-70,-101,305,286,0
886758,165,166,218,0,3735,-790,117,-768,-109,85,-144,302,298,0
890103,166,166,181,68,3613,-182,-189,-755,48,106,-80,304,310,0
893413,167,168,162,162,3744,-134,-76,-765,-186,95,-4,305,305,0
896758,168,168,237,12,3135,248,158,-780,-67,27,53,301,313,0
900104,169,169,0,0,2926,304,8,-791,-379,96,-59,299,300,0
903417,170,170,87,50,1068,1268,-334,-800,-505,-38,175,293,295,0
906759,171,171,0,275,-2633,1684,-574,-817,-871,-203,94,288,265,0
910104,172,172,0,800,-6772,1150,-790,-843,-408,-285,247,283,237,0
913420,173,173,350,1025,-9039,238,-855,-869,-504,-111,53,277,241,0
916758,173,173,387,725,-11420,-316,-454,-863,-163,-152,65,275,257,0
920104,174,174,143,312,-11986,-1018,-67,-837,120,93,59,272,263,0
923424,175,175,218,275,-11460,-1689,211,-796,591,50,201,268,265,0
926782,176,176,256,312,-7433,-1282,84,-736,494,-71,422,266,263,0
930104,176,177,987,275,-4819,-1518,454,-655,370,54,369,243,265,0
933426,177,177,893,181,-2504,-1334,468,-574,294,-132,500,232,270,0
936782,178,178,612,181,-619,-1093,161,-503,25,-173,260,247,270,0
940105,179,179,612,650,-52,-1150,474,-434,586,-135,628,247,245,0
943429,179,180,800,312,2336,-822,805,-357,246,21,456,253,263,0
946782,180,180,593,781,5107,-368,1169,-244,328,129,330,282,272,0
950106,181,181,368,500,6434,-182,1110,-152,-11,128,118,294,287,0
953433,182,182,0,0,5840,380,1353,-74,247,-39,232,299,300,0
956783,183,183,0,218,4872,260,838,-17,-375,-111,85,306,286,0
960106,184,184,0,256,2827,68,540,27,-77,91,151,301,284,0
963436,185,185,0,350,1956,-316,410,69,206,-37,74,305,279,0
966783,186,186,68,312,1841,-268,33,100,46,-49,132,294,281,0
970106,187,187,350,406,1911,-73,-234,118,-336,-13,96,279,276,0
973439,187,188,668,331,1317,-197,-523,112,-410,-85,84,278,280,0
976783,188,188,481,875,-1419,-250,-746,91,-140,50,-70,288,267,0
980109,189,189,12,556,-2766,-151,-1342,59,-506,33,45,297,268,0
983442,190,190,0,443,-5189,258,-1801,10,-199,-149,92,302,274,0
986784,191,191,0,350,-7486,210,-2294,-58,283,-46,228,306,279,0
990111,192,192,218,87,-6390,957,-2362,-132,810,161,678,281,288,0
993445,193,193,275,106,-2652,2648,-2187,-204,86,99,311,278,287,0
996783,193,194,1212,68,-1047,3744,-1838,-256,128,-282,860,244,289,0
1000114,194,194,1437,237,-657,3272,-1211,-291,505,-363,1113,232,296,0
1003449,195,195,1400,68,2599,2189,-721,-319,155,-260,880,218,289,0
1006784,195,196,1568,312,4899,413,-293,-328,-15,-260,644,225,276,0
1010117,196,197,1006,668,4952,-1088,13,-317,-118,-81,405,255,257,0
1013452,197,198,762,500,4733,-2302,194,-293,101,-79,345,268,266,0
1016808,198,199,406,350,4916,-3207,346,-258,250,18,196,287,274,0
1020121,199,200,425,387,5641,-3130,498,-216,-280,200,-83,286,288,0
1023456,200,200,406,0,4547,-2015,408,-189,-219,30,-103,287,299,0
1026844,200,201,1737,1306,2249,-1138,270,-178,-150,63,-90,285,292,0
1030124,201,202,950,481,1216,-905,16,-184,202,-116,118,311,320,0
1033458,203,203,406,443,1469,-1513,277,-178,-290,-63,3,340,322,0
1036816,204,204,125,462,618,-1945,292,-183,-85,-220,-26,339,321,0
1040128,205,205,106,650,-217,-2348,344,-187,-164,20,-168,340,311,0
1043462,206,206,143,462,-868,-2375,358,-181,219,-140,48,338,321,0
1046818,207,207,125,800,187,-2599,535,-179,-175,25,-120,339,303,0
1050130,208,208,143,368,-350,-2065,704,-182,113,106,-86,338,326,0
1053465,209,210,0,0,167,-2022,865,-192,-147,36,-126,338,331,0
1056817,210,211,0,0,-113,-1884,937,-197,23,-61,-59,331,328,0
1060133,211,212,12,0,206,-2536,1034,-207,-193,-3,-12,329,325,0
1063468,212,213,125,0,-774,-2304,857,-206,-182,248,17,323,327,0
1066818,213,214,331,125,-1426,-1119,577,-205,-267,342,8,312,307,0
1070137,214,215,68,0,-2716,856,492,-203,-389,256,26,308,298,0
1073471,215,216,68,181,-4254,1790,-75,-206,-346,200,39,292,286,0
1076818,216,216,50,762,-6517,3018,-529,-215,-179,358,106,293,255,0
1080140,217,217,256,687,-6802,4133,-756,-223,263,91,357,282,259,0
1083475,218,218,537,800,-6122,4882,-986,-230,714,104,707,267,253,0
1086818,219,219,1006,856,-840,4574,-1395,-232,176,173,438,242,250,0
1090144,219,219,1193,1006,1278,3964,-1780,-231,243,-148,646,232,242,0
1093478,220,220,950,1006,2312,2476,-1120,-194,-460,-506,526,245,242,0
1096818,221,221,1006,912,-851,-1730,-714,-143,-308,-32,554,242,247,0
1100146,221,222,1175,781,-1893,-3424,-825,-100,541,58,576,249,254,0
1103481,222,222,556,256,-372,-2498,-806,-68,877,370,469,266,282,0
1106819,223,223,237,275,4277,-1528,-894,-58,154,168,180,283,281,0
1110150,224,224,0,87,5099,-447,-571,-53,-71,85,61,305,291,0
1113485,225,225,218,350,5156,790,-685,-66,-223,-25,-309,302,295,0
1116819,226,226,275,181,3423,697,-860,-93,90,78,89,299,304,0
1120153,227,227,68,256,3537,606,-462,-114,-249,-244,-37,310,300,0
1123488,228,228,406,425,3078,-109,-774,-149,214,-238,15,308,291,0
1126845,229,229,237,593,3271,-1006,-907,-192,194,-243,49,301,282,0
1130156,229,230,237,237,3190,-1691,-1121,-240,-141,35,170,301,285,0
1133490,230,231,312,462,2185,-1739,-1477,-295,-395,50,76,297,289,0
1136845,231,231,218,500,-545,-1385,-1953,-356,-375,-31,179,302,287,0
1140159,232,232,256,706,-3158,-591,-2667,-448,-265,56,-107,300,276,0
1143494,233,233,256,668,-5133,708,-3495,-567,-363,48,-5,300,278,0
1146845,234,234,293,575,-8087,1809,-4125,-706,107,-78,-41,298,283,0
1150163,235,235,556,425,-8935,1883,-4110,-846,328,278,398,284,291,0
1153497,236,236,500,293,-7243,2232,-4118,-991,719,279,796,282,293,0
1156846,237,237,1100,425,-2472,3352,-3983,-1138,487,-70,595,250,286,0
1160165,237,238,1756,31,433,3485,-3009,-1259,332,-362,1066,215,291,0
1163501,238,239,1737,143,2764,1832,-2048,-1352,398,-351,1073,216,301,0
1166845,239,240,1268,106,5069,329,-1671,-1437,-55,-77,779,241,287,0
1170169,239,240,1343,556,5106,-521,-1106,-1498,-182,-102,332,253,279,0
1173503,240,241,931,725,3983,-1506,-820,-1542,100,41,181,275,270,0
1176845,241,242,668,612,3956,-1916,-622,-1577,482,139,204,289,276,0
1180172,242,243,331,181,5915,-1474,-160,-1579,134,206,17,291,283,0
1183507,243,244,237,0,6774,-536,232,-1555,-235,170,-231,296,295,0
1186846,244,245,312,0,4320,84,-94,-1535,-270,-45,-132,292,295,0
1190176,245,246,181,0,2875,-356,-259,-1512,-180,1,11,299,299,0
1193509,246,246,162,462,1974,-848,-158,-1473,159,-135,188,305,289,0
1196847,247,247,50,518,2451,-1115,368,-1406,-284,98,-20,311,286,0
1200178,248,248,87,575,1459,-788,139,-1367,123,-158,-24,309,283,0
1203513,249,249,87,312,1572,-1414,195,-1338,-38,100,-155,309,281,0
1206870,249,250,312,50,1581,-1290,105,-1309,133,-5,-17,297,295,0
1210182,250,251,143,68,1766,-1095,334,-1274,-59,69,-66,306,294,0
1213516,251,252,275,0,1844,-999,410,-1233,22,2,82,299,299,0
1216874,252,253,162,12,2001,-1001,552,-1198,-86,-111,7,305,297,0
1220185,253,254,312,125,2036,-1375,662,-1156,-239,-67,17,297,291,0
1223519,254,255,275,87,748,-1105,664,-1108,-240,108,57,299,293,0
1226875,255,256,331,162,-600,-142,294,-1085,-347,230,46,296,289,0
1230188,256,256,0,12,-2056,1809,-105,-1064,-323,32,76,301,297,0
1233522,257,257,293,406,-3892,3127,-641,-1055,-669,32,48,282,276,0
1236880,258,258,0,537,-6947,3487,-532,-1037,-551,-164,191,292,251,0
1240192,259,259,0,931,-9172,2528,-163,-996,-600,-197,131,286,230,0
1243526,260,260,387,1156,-12336,866,290,-926,492,-106,605,275,234,0
1246883,260,260,743,987,-9669,-795,580,-824,808,-64,777,256,243,0
1250195,261,261,481,575,-4567,-2267,709,-693,501,0,570,254,249,0
1253529,262,262,893,593,-1115,-3279,1904,-505,168,366,524,232,248,0
1256884,262,262,1475,593,-106,-2941,1620,-325,-4,185,272,217,264,0
1260197,263,263,1137,706,-673,-2659,1614,-146,183,198,596,235,258,0
1263532,264,264,50,237,491,-1281,1842,35,383,284,542,277,267,0
1266883,265,265,0,162,2739,-101,1822,186,307,244,366,294,271,0
1270201,266,266,68,0,4257,635,1293,290,45,124,240,276,281,0
1273535,266,267,312,312,5264,1965,1796,398,113,-136,45,279,279,0
1276884,267,267,575,500,5591,2070,1841,491,132,-128,-25,283,287,0
1280204,268,268,312,350,6174,1664,1694,569,159,42,-22,297,295,0
1283539,269,269,12,143,6487,600,1409,633,-102,-112,103,297,290,0
1286884,270,270,0,218,5597,511,1164,674,-201,-99,133,301,286,0
1290208,271,271,275,368,4413,383,995,698,0,-187,25,283,278,0
1293542,272,272,162,481,3343,100,535,717,-148,-119,128,289,272,0
1296884,273,273,0,556,2149,-134,4,726,-491,-4,41,298,268,0
1300210,274,274,162,725,-393,20,-457,716,-261,-29,101,289,275,0
1303545,274,274,443,800,-2538,620,-1130,669,-304,28,-7,290,271,0
1306885,275,275,387,762,-4140,761,-1625,614,-366,-27,147,293,273,0
1310214,276,276,50,425,-5989,976,-2036,545,-113,6,65,295,275,0
1313548,277,277,12,312,-7298,1061,-2647,459,-184,-51,-25,297,281,0
1316906,278,278,125,162,-8306,994,-3003,354,10,-210,21,291,289,0
1320217,279,279,218,0,-9347,506,-2956,249,612,46,418,281,294,0
1323552,280,280,1325,0,-6152,722,-2670,148,917,45,958,238,302,0
1326909,280,280,1718,387,3,1298,-1767,73,418,-284,888,217,288,0
1330220,281,281,1906,350,4195,400,-991,21,245,-148,861,207,290,0
1333555,281,282,1700,181,5511,-830,-438,-1,-61,-95,924,218,283,0
1336909,282,283,1212,275,5298,-1677,216,8,-192,-66,770,244,278,0
1340223,283,284,800,368,4148,-2335,818,54,135,-95,334,266,273,0
1343558,284,285,706,256,3541,-3188,881,98,484,-67,346,271,279,0
1346909,285,286,387,200,6165,-3018,1078,137,168,232,-9,288,282,0
1350227,286,287,950,125,7364,-1813,1119,162,-69,110,-187,274,302,0
1353561,286,288,518,0,5585,-914,1097,179,-337,143,-102,281,301,0
1356941,287,288,743,50,3822,-743,942,186,-97,-153,61,290,311,0
1360229,288,289,200,31,2972,-1287,1036,159,-141,99,195,303,296,0
1363564,289,290,143,500,2177,-1389,742,131,-82,4,53,306,271,0
1366910,290,291,50,518,1463,-878,882,108,-85,0,-31,311,270,0
1370234,291,292,31,368,649,-907,1023,83,100,-63,-150,312,278,0
1373568,292,293,218,256,1011,-1123,1436,71,76,-46,-74,302,284,0
1376911,293,294,162,181,1218,-1086,1522,78,-146,111,-36,305,288,0
1380236,294,295,218,68,146,-533,1217,60,-141,41,123,302,294,0
1383570,295,296,0,31,-332,-272,857,29,-363,133,62,304,296,0
1386911,296,296,68,0,-1444,627,355,-12,32,69,156,294,303,0
1390239,297,297,0,87,-1430,1319,117,-52,-300,185,1,298,293,0
1393574,298,298,256,68,-2970,3007,-443,-102,-216,13,3,300,294,0
1396911,299,299,256,237,-4074,3914,-814,-159,-265,130,-74,284,285,0
1400243,299,300,237,0,-5621,4759,-1141,-211,-294,9,87,283,287,0
1403577,300,301,0,0,-7416,4433,-896,-239,-375,-115,191,288,264,0
1406932,301,302,143,818,-8666,2297,-906,-253,291,-350,786,272,220,0
1410245,302,302,462,1006,-6878,116,-192,-224,127,-207,649,255,226,0
1413580,303,303,1006,931,-3631,-3080,815,-148,282,-141,502,242,230,0
1416935,303,304,1418,856,-1303,-4234,1604,-34,335,-21,834,220,234,0
1420249,304,304,875,631,915,-4656,2251,118,494,107,774,233,246,0
1423583,305,305,575,631,3127,-4670,2222,281,-315,317,325,249,246,0
1426936,305,306,650,668,1961,-3163,2302,446,-309,335,352,261,244,0
1430252,306,306,293,500,790,-1470,1717,583,41,263,282,280,269,0
1433586,307,307,0,50,844,532,1122,673,-10,145,329,286,277,0
1436936,308,308,0,0,1525,2164,1603,754,88,-50,243,283,280,0
1440255,309,309,0,181,2241,2476,1900,827,118,-22,-44,283,270,0
1443590,310,310,162,406,2881,2079,1709,874,57,-95,-31,289,276,0
1446937,311,311,106,143,3546,1302,1515,896,186,-88,-161,292,290,0
1450258,311,312,406,162,4472,519,1605,918,45,-42,132,292,289,0
1453593,312,313,237,181,5327,517,1475,931,-14,66,-57,301,288,0
1456937,313,314,593,0,5344,616,1379,939,-129,12,-85,282,302,0
1460261,314,314,87,181,4589,860,1429,949,-124,-28,-11,293,288,0
1463597,315,315,237,650,3082,873,1091,954,-499,41,-19,301,279,0
1466937,316,316,0,443,852,1485,566,939,148,62,-64,307,274,0
1470265,317,317,68,537,385,1983,-29,915,-417,-142,18,294,269,0
1473599,318,318,162,556,-2223,2417,-771,863,-444,-118,278,289,268,0
1476937,319,319,237,593,-4571,2079,-979,801,-157,-191,30,285,266,0
1480268,320,319,518,968,-5401,1563,-1410,712,-345,-249,118,286,262,0
1483627,320,320,406,612,-7915,867,-1929,604,-300,-60,-77,287,276,0
1486958,321,321,800,687,-10080,559,-2390,491,91,48,8,266,272,0
1490271,322,322,575,237,-10157,192,-2454,388,1201,-20,736,262,280,0
1493629,323,323,1475,0,-2016,-487,-1551,328,738,-231,1005,214,298,0
1496962,323,324,2037,0,3702,-1122,-1015,293,142,-154,980,200,299,0
1500274,324,325,1625,31,5604,-1884,38,308,-91,-18,821,222,291,0
1503632,325,326,1325,275,5062,-2609,639,353,-159,53,690,238,278,0
1506962,325,326,1306,631,4168,-2709,1164,425,180,-172,387,255,275,0
1510278,326,327,706,218,3915,-3200,1263,493,449,19,338,271,281,0
1513636,327,328,575,0,5928,-3201,1624,572,291,262,7,278,301,0
1516962,328,329,575,0,7136,-2342,1877,636,-18,118,12,278,302,0
1520281,329,330,537,0,6335,-1517,1694,664,-78,75,-203,280,306,0
1523638,330,331,387,0,4729,-1335,1178,651,-233,50,71,293,305,0
1526963,331,332,312,68,4093,-1615,1153,616,-226,60,133,297,294,0
1530284,331,333,406,650,2990,-1613,820,572,-124,-46,82,308,263,0
1533642,333,334,143,575,1804,-1621,1021,532,-190,98,-59,306,267,0
1536963,333,334,87,387,614,-1236,1139,514,215,-80,-108,309,277,0
1540287,334,335,237,125,1251,-1064,1634,530,-63,77,-47,301,291,0
1543646,335,336,237,275,1055,-657,1873,539,-138,-13,-5,301,283,0
1546964,336,337,181,162,65,-577,1580,529,-160,46,95,304,289,0
1550290,337,338,218,143,-991,-403,1060,509,-76,117,173,302,290,0
1553645,338,339,200,237,-1712,849,663,482,-95,71,-38,303,285,0
1556964,339,340,293,87,-1717,1610,301,441,-265,124,-67,298,293,0
1560294,340,341,0,0,-3029,2862,-296,386,-225,105,-4,299,294,0
1563679,341,342,0,0,-4514,3973,-681,321,-342,132,-11,299,291,0
1566985,342,343,0,0,-6079,5043,-945,247,-99,9,37,289,283,0
1570297,343,343,162,106,-6054,5364,-1302,172,-420,121,38,271,274,0
1573654,343,344,631,781,-7502,4618,-1348,113,-49,-467,432,262,238,0
1576988,344,345,575,1156,-6988,1721,-582,95,199,-244,760,265,218,0
1580301,345,345,537,1043,-4929,-1221,521,136,321,-154,632,251,224,0
1583654,346,346,1006,893,-2718,-3923,1376,209,231,-129,580,226,232,0
1586988,346,347,1343,893,850,-5022,2427,329,390,11,576,224,232,0
1590304,347,347,856,950,3340,-5818,2582,470,-71,269,522,250,245,0
1593655,348,348,687,725,3659,-4632,2858,634,-360,456,355,259,257,0
1596988,349,349,181,556,2281,-3040,2379,785,-266,437,342,270,250,0
1600306,349,350,425,256,881,-916,1467,880,-62,299,298,273,266,0
1603655,350,350,518,537,1002,1676,1308,952,-55,72,138,268,267,0
1606989,351,351,575,668,1567,2595,1606,1001,-76,76,193,283,278,0
1610310,352,352,612,537,1867,2748,1686,1034,192,-89,187,281,285,0
1613655,353,353,237,462,2975,2027,1433,1042,222,-175,-16,301,289,0
1616990,354,354,0,68,3175,1069,1287,1043,242,-108,49,305,294,0
1620313,355,355,162,125,4594,446,1542,1040,3,48,16,289,291,0
1623655,355,356,406,218,4998,576,1254,1021,111,30,40,292,286,0
1626990,356,357,200,162,4940,689,1287,1008,-254,10,-72,303,289,0
1630316,357,358,331,237,4040,807,933,1001,-426,103,9,296,285,0
1633655,358,359,200,425,1021,1368,548,982,-81,226,-83,303,275,0
1636990,359,359,406,687,200,1969,-38,955,148,-10,-41,292,277,0
1640319,360,360,162,556,-134,2951,-682,902,-468,-88,106,289,268,0
1643677,361,361,218,537,-3097,2668,-872,839,-107,-211,233,286,269,0
1647011,362,362,50,668,-4743,2313,-1207,750,-222,-257,142,295,262,0
1650322,363,363,68,631,-6029,1126,-1625,641,-459,-206,-99,289,259,0
1653680,364,363,87,856,-9444,522,-1927,531,83,-138,7,288,263,0
1657015,364,364,1043,650,-10042,233,-2110,432,832,-254,593,253,274,0
1660325,365,365,1550,312,-6381,-758,-1496,365,1113,4,1161,226,292,0
1663680,366,366,1756,68,2270,-989,-746,332,463,-139,811,215,305,0
1667014,366,367,1775,0,5455,-2099,-82,339,-53,-116,750,214,293,0
1670330,367,368,1362,256,5344,-2641,972,390,-138,0,679,236,279,0
1673680,368,369,875,312,4343,-2754,1410,464,-53,-176,486,262,276,0
1677015,369,370,725,162,3899,-3304,1607,555,162,120,317,270,284,0
1680332,369,370,912,350,4438,-3353,1839,654,339,248,54,276,290,0
1683681,370,371,837,106,7065,-2627,2177,741,-185,330,32,280,303,0
1687046,371,372,1025,143,6090,-1384,1942,785,125,15,-153,275,306,0
1690335,372,373,481,0,4841,-1251,1439,787,-60,59,232,288,316,0
1693681,373,374,218,0,4029,-1371,1515,758,-91,-159,58,302,306,0
1697016,374,375,0,181,3371,-1545,1030,710,-55,-205,77,315,288,0
1700339,375,376,200,537,2072,-1587,1050,653,-160,28,-76,303,269,0
1703682,376,377,162,612,703,-1074,1188,616,175,7,-50,305,265,0
1707016,377,378,143,368,893,-1034,1682,623,-49,-15,-199,306,278,0
1710341,378,379,162,68,1121,-635,2148,649,-117,34,37,305,294,0
1713682,379,380,237,162,606,-706,1880,658,-365,103,-24,301,289,0
1717016,380,380,0,143,-1368,-74,1412,649,95,-18,237,304,290,0
1720345,381,381,0,0,-1020,484,1031,637,-287,168,14,303,299,0
1723703,382,382,12,106,-2358,1610,531,613,33,73,82,297,292,0
1727038,383,383,0,68,-2656,2628,99,568,-262,209,11,301,294,0
1730348,383,384,293,0,-4594,4260,-546,512,-217,62,26,280,289,0
1733706,384,385,406,0,-5572,5052,-879,444,-235,-133,-56,274,288,0
1737040,385,386,125,0,-6197,5427,-1193,378,-324,63,29,273,274,0
1740351,386,387,200,481,-7555,4426,-1198,323,132,-518,615,269,238,0
1743707,387,387,218,1100,-6429,1281,-476,309,-70,-245,759,268,221,0
1747039,387,388,1043,1100,-5106,-1288,297,340,517,-213,708,240,221,0
1750354,388,389,893,856,-2015,-4187,1624,418,644,-267,686,232,234,0
1753707,389,389,837,725,1485,-5518,2560,536,115,113,594,235,241,0
1757041,389,390,1043,837,2958,-5753,2627,668,15,87,524,240,235,0
1760357,390,391,612,612,3380,-4593,2974,822,-370,473,234,263,247,0
1763707,391,391,293,612,2112,-2894,2307,960,-336,497,379,280,263,0
1767040,392,392,0,387,333,-686,1523,1054,-10,382,328,286,259,0
1770361,393,393,125,275,958,1820,1163,1114,-141,146,186,273,265,0
1773707,393,394,631,256,1133,2784,1542,1164,37,-67,216,280,284,0
1777041,394,395,368,181,1802,2832,1477,1180,118,-66,79,294,288,0
1780364,395,396,275,50,2749,2140,1267,1176,15,-213,-83,299,295,0
1783707,396,397,406,143,3168,1166,1573,1175,190,-111,-34,292,290,0
1787041,397,398,350,31,4324,555,1500,1164,-31,1,87,295,296,0
1790367,398,398,0,106,4709,775,1126,1131,163,51,26,298,292,0
1793708,399,399,181,443,5114,756,1051,1103,-159,-88,-141,304,290,0
1797041,400,400,125,200,4050,827,1028,1091,-145,97,65,291,287,0
1800370,401,401,31,275,1905,1139,577,1061,-337,149,-62,296,283,0
1803708,402,402,181,631,-187,1953,10,1029,319,-37,75,288,264,0
1807042,403,403,31,875,60,2521,-348,986,-361,-55,-77,296,251,0
1810374,403,404,518,856,-2369,2618,-789,924,-376,-99,300,286,268,0
1813730,404,404,350,800,-4499,2313,-1171,835,-208,-234,57,290,266,0
1817066,405,405,462,950,-5967,1446,-1571,719,-359,-188,-5,284,258,0
1820377,406,406,0,575,-9407,467,-2039,596,-220,123,66,298,262,0
1823732,407,407,425,406,-10279,-41,-2295,480,884,-261,714,270,271,0
1827069,408,408,1306,50,-6932,-790,-1940,387,1315,63,1144,223,290,0
1830381,408,408,1737,312,2324,-1120,-1102,336,314,-139,814,216,292,0
1833733,409,409,1643,87,5609,-2071,-349,322,-183,-22,694,221,304,0
1837069,409,410,1906,425,4704,-2507,814,365,98,-67,805,223,286,0
1840383,410,411,1062,293,4595,-2565,1424,437,-50,-83,658,252,277,0
1843733,411,412,762,350,4151,-2814,1739,528,213,-81,318,268,274,0
1847075,412,413,631,143,4413,-3089,1889,625,396,11,192,275,285,0
1850386,413,414,537,0,6836,-2611,2324,712,-158,146,-51,280,296,0
1853734,414,415,1437,631,5864,-1668,2256,774,175,49,128,285,312,0
1857075,415,416,800,106,5047,-1540,1904,782,-270,327,-98,319,340,0
1860389,416,417,462,181,3730,-1540,1493,749,-84,-250,202,337,336,0
1863734,417,418,256,368,3151,-1806,1099,701,-235,-33,-86,348,326,0
1867075,418,419,0,368,1947,-1681,1110,643,-152,-65,-14,356,310,0
1870393,419,420,50,406,654,-1434,1475,617,-110,124,-187,343,308,0
1873734,420,421,143,387,382,-891,1917,629,36,-66,-64,338,309,0
1877075,421,422,275,68,1438,-1020,2534,672,-288,64,-139,331,326,0
1880396,422,423,293,12,-427,-1030,2282,695,-255,40,69,330,329,0
1883734,423,424,256,125,-2039,-806,1846,707,120,149,258,332,323,0
1887076,424,425,331,143,-2345,304,1668,719,-68,207,106,328,322,0
1890399,425,426,162,0,-1957,1779,1057,703,-80,53,51,321,318,0
1893784,426,427,0,12,-2775,2986,524,673,-351,236,38,328,311,0
1897076,427,428,87,0,-4419,4029,70,640,-173,51,18,307,306,0
1900403,428,429,237,0,-5580,5195,-415,594,-132,35,27,299,296,0
1903759,429,430,631,725,-5911,5354,-588,543,-299,-120,228,278,257,0
1907076,430,431,800,1043,-6773,4352,-739,502,-56,-355,527,269,240,0
1910406,431,431,425,912,-6057,389,104,505,-18,-370,566,273,247,0
1913759,432,432,800,1081,-4960,-2668,932,545,638,-29,791,253,238,0
1917076,432,433,1137,987,-1783,-4822,1747,624,534,272,748,251,243,0
1920409,433,434,1418,856,2080,-4751,1844,719,307,95,327,236,266,0
1923759,434,434,1081,725,3610,-4386,2335,841,217,321,386,254,273,0
1927101,435,435,275,331,4964,-3037,2215,974,-335,513,301,281,278,0
1930412,436,436,312,387,3676,-728,1532,1093,-304,279,201,295,275,0
1933760,436,437,218,387,2409,275,1022,1186,-177,210,141,300,275,0
1937103,437,438,931,612,2473,1603,1673,1273,121,95,132,280,281,0
1940415,438,439,556,256,3759,2134,1794,1340,78,-27,22,300,300,0
1943760,439,440,443,293,4163,1684,1312,1355,45,-137,71,306,298,0
1947102,440,441,181,0,3799,1103,1132,1346,422,-73,63,304,310,0
1950418,441,442,200,331,5950,281,1062,1325,-89,-74,165,303,296,0
1953761,442,442,125,500,5480,146,801,1291,-342,-140,95,307,287,0
1957103,443,443,106,500,3872,-126,403,1231,-423,27,-40,308,287,0
1960422,444,444,50,875,510,430,90,1163,-201,-14,100,311,267,0
1963761,445,445,50,837,-1749,817,-710,1081,-455,100,-22,311,269,0
1967104,446,446,293,837,-4352,1686,-1547,986,-163,-106,132,298,269,0
1970425,447,447,12,256,-6323,2046,-2166,884,-161,-139,27,297,284,0
1973782,448,448,0,143,-7700,2036,-2516,771,-20,-124,166,299,290,0
1977104,449,448,125,368,-8362,2105,-3023,631,-94,-250,-105,291,294,0
1980429,449,449,800,0,-9616,1189,-3433,463,696,-147,649,266,309,0
1983785,450,450,1381,181,-5755,1261,-3067,288,985,43,1076,235,299,0
1987104,451,451,1737,31,835,1475,-2248,147,260,-141,870,216,307,0
1990431,451,452,2112,275,5057,426,-1170,52,153,-199,893,212,294,0
1993786,452,453,1587,462,5583,-550,-1055,-32,-92,-169,844,240,284,0
1997104,453,454,931,331,5638,-1327,-512,-81,-286,-26,583,259,275,0
2000434,454,455,1025,218,4089,-2390,141,-93,223,-98,282,254,281,0
2003786,454,456,893,181,4372,-3501,261,-87,364,263,194,277,283,0
2007105,455,456,612,387,6576,-3435,826,-48,126,73,-35,292,288,0
2010438,456,457,537,387,7227,-2476,1049,2,-295,167,-367,296,288,0
2013786,457,458,650,106,4031,-1632,368,37,-230,21,-65,290,303,0
2017160,458,459,500,256,2784,-1895,288,43,-7,55,174,303,300,0
2020441,459,460,12,0,2458,-2550,177,19,185,74,120,313,299,0
2023786,460,461,106,425,2581,-2325,579,-16,-326,53,-28,308,275,0
2027132,461,462,143,575,1374,-2012,574,-56,-28,-171,-165,306,267,0
2030444,462,463,50,368,-155,-2174,737,-106,281,-58,-51,311,278,0
2033787,463,464,0,125,1027,-2429,992,-144,-70,113,-79,315,291,0
2037133,464,465,162,106,392,-1790,1087,-158,-56,-16,26,305,292,0
2040447,465,466,125,406,-270,-1657,741,-167,-253,100,79,307,292,0
2043787,466,466,237,181,-1634,-777,281,-211,76,60,159,301,304,0
2047133,467,467,0,12,-1510,-21,-259,-275,-259,138,9,301,297,0
2050450,468,468,31,0,-2916,1475,-546,-333,-193,99,-16,296,301,0
2053809,469,469,50,143,-3816,2305,-977,-399,-430,175,-75,295,290,0
2057133,469,470,368,87,-5795,3441,-1577,-481,-76,29,10,294,293,0
2060454,470,471,143,0,-7086,4710,-1742,-561,-122,74,-27,288,290,0
2063810,471,472,612,87,-7504,5108,-2220,-643,319,-23,198,263,275,0
2067133,472,473,68,368,-6697,5339,-2092,-711,553,-231,621,276,244,0
2070457,473,473,575,875,-2525,3018,-1718,-742,-49,-335,628,249,233,0
2073810,473,474,1137,1175,-2427,-73,-1131,-729,-43,-225,715,235,217,0
2077133,474,475,1137,1118,-1767,-2835,-90,-664,400,-326,639,235,220,0
2080460,475,475,1268,893,-118,-4603,934,-557,414,-45,639,212,232,0
2083810,475,476,912,762,1772,-5023,1117,-427,114,196,387,247,239,0
2087133,476,477,387,556,3468,-4342,1076,-286,45,539,427,275,250,0
2090463,477,477,125,856,3593,-2314,1097,-156,-376,340,296,289,250,0
2093811,478,478,31,575,2116,-392,862,-59,-103,234,163,294,265,0
2097134,479,479,0,425,899,883,869,4,24,-46,109,281,257,0
2100466,480,480,0,256,897,1715,1349,79,150,-3,177,281,266,0
2103811,481,481,162,68,2149,1617,1654,147,-26,-135,9,289,294,0
2107135,481,482,237,0,1956,972,1262,182,188,-207,46,301,299,0
2110470,482,483,425,350,2730,48,1299,214,324,-43,22,291,295,0
2113812,483,484,500,50,4182,-402,1128,224,-36,-128,67,287,295,0
2117139,484,484,350,350,4414,-547,1026,223,-166,-26,-54,295,295,0
2120473,485,485,31,0,4833,-749,1310,252,-374,-38,-68,296,298,0
2123812,486,486,256,575,2956,-578,1136,279,-372,163,74,300,283,0
2127141,487,487,0,256,942,-278,292,282,-113,128,-33,305,284,0
2130476,488,488,0,387,-409,1147,-280,255,20,-34,72,308,277,0
2133812,489,489,200,462,-570,1696,-585,219,-379,-23,-15,287,273,0
2137145,490,490,181,406,-2705,2029,-869,169,-57,-122,276,288,276,0
2140479,491,490,518,762,-4301,1820,-1151,102,-263,-143,19,286,273,0
2143836,491,491,575,593,-6401,699,-1501,21,-105,29,426,278,277,0
2147148,492,492,650,481,-7998,80,-1524,-49,605,129,517,274,283,0
2150482,493,493,575,293,-4593,1403,-1332,-99,194,140,470,262,277,0
2153839,494,494,1268,125,-2713,2827,-1127,-126,508,-342,1182,225,286,0
2157151,494,495,2056,50,185,1208,7,-109,637,-276,1181,199,290,0
2160486,495,496,1737,125,4964,-13,362,-67,-76,-161,932,216,286,0
2163844,496,497,1400,237,5819,-862,545,-1,-291,-109,579,234,280,0
2167155,496,497,1231,500,4562,-1650,801,78,-194,-16,324,259,282,0
2170489,497,498,687,0,2825,-2256,463,162,384,-105,379,272,294,0
2173846,498,499,481,31,4832,-2728,672,248,269,343,141,283,291,0
2177158,499,500,425,0,6793,-1402,425,315,-68,183,-276,286,296,0
2180492,500,501,518,0,5507,-379,655,371,-144,60,-90,281,298,0
2183845,501,502,200,50,4632,-286,596,392,35,-243,-40,303,295,0
2187161,502,503,331,350,3885,-926,89,366,-20,-270,47,296,279,0
2190495,503,504,368,556,2855,-1570,292,340,-177,52,-118,310,268,0
2193846,504,505,181,425,1688,-1293,395,319,209,-160,-1,304,275,0
2197164,505,505,0,275,2141,-1616,920,313,-167,66,-121,310,283,0
2200498,505,506,275,106,2130,-1457,1002,318,62,-35,-82,299,292,0
2203846,506,507,218,218,2443,-1203,1010,322,-265,116,-66,302,286,0
2207167,507,508,350,50,1953,-860,533,297,-40,-58,94,295,295,0
2210501,508,509,237,50,983,-557,541,262,-228,81,120,301,295,0
2213846,509,510,218,106,459,-31,238,230,-42,82,138,302,292,0
2217170,510,511,312,218,-345,1397,-266,181,-136,49,78,297,286,0
2220505,511,512,0,0,-1549,2371,-685,124,-336,149,-76,300,290,0
2223875,512,513,0,0,-3621,3693,-989,61,-93,77,40,303,285,0
2227173,513,514,0,50,-4914,4242,-1190,-16,-537,-155,65,290,261,0
2230508,514,514,87,537,-7347,3745,-802,-76,-423,-361,154,275,251,0
2233847,515,515,50,1062,-9174,1933,-329,-96,-497,-182,115,277,223,0
2237178,515,516,462,968,-11575,-138,553,-70,122,-186,266,271,228,0
2240511,516,516,387,612,-10114,-1807,813,-26,929,-26,571,259,247,0
2243847,517,517,350,518,-5588,-2814,1166,36,312,12,573,261,252,0
2247180,518,518,837,462,-2397,-2695,1834,130,520,240,694,235,255,0
2250514,518,519,1475,612,584,-2040,2210,246,10,-5,480,217,263,0
2253872,519,519,875,762,1803,-2493,2129,360,-100,143,467,249,255,0
2257183,520,520,331,500,1304,-2135,2283,473,23,223,571,262,253,0
2260517,520,521,837,462,1891,-1840,2089,573,374,261,509,251,255,0
2263872,521,522,687,256,3429,-331,2058,637,25,224,264,259,266,0
2267186,522,522,500,631,5097,1265,2456,703,268,-28,251,287,280,0
2270521,523,523,143,293,6660,1364,2195,754,-95,131,79,306,298,0
2273873,524,524,218,368,6388,1635,1858,787,-181,-120,-107,302,294,0
2277189,525,525,0,143,4651,1116,1001,804,-184,-47,100,302,290,0
2280524,526,526,0,218,3789,928,947,813,158,-110,197,298,286,0
2283874,527,527,106,275,3973,571,877,827,-73,-13,-6,292,283,0
2287193,527,528,425,406,3003,606,368,818,-175,-51,200,291,276,0
2290527,528,529,293,443,1931,509,76,802,-210,-19,108,298,274,0
2293874,529,530,275,537,693,327,-197,793,-369,-93,21,299,269,0
2297196,530,530,237,818,-1898,763,-889,756,-353,-69,-13,301,270,0
2300530,531,531,0,443,-3927,946,-1424,699,-347,-101,96,301,274,0
2303873,532,532,0,368,-5743,1223,-1832,613,-35,19,92,301,278,0
2307199,533,533,143,443,-6707,1246,-2321,509,-161,6,-60,290,274,0
2310533,534,534,31,143,-7823,1482,-2716,393,10,-284,59,291,285,0
2313874,535,535,293,106,-8542,1199,-2933,284,122,-128,142,277,287,0
2317202,535,536,1193,0,-5339,826,-2647,185,833,-111,985,245,293,0
2320537,536,536,1437,312,484,778,-1839,120,552,-121,903,232,292,0
2323874,537,537,1756,237,4397,-181,-1290,88,64,-145,846,215,296,0
2327205,537,538,1700,125,4928,-1209,-595,91,-105,-95,789,218,286,0
2330540,538,539,1081,537,4850,-1636,14,122,-245,-5,625,251,264,0
2333899,539,540,800,425,4176,-2199,520,176,243,39,303,266,270,0
2337209,540,541,650,406,4074,-3138,793,225,443,45,340,274,271,0
2340543,541,542,743,31,6708,-2940,1151,272,-34,245,-15,285,291,0
2343903,541,542,818,350,7337,-1885,1397,298,-180,177,-181,281,290,0
2347212,542,544,837,293,4367,-989,910,301,-287,142,-30,285,298,0
2350547,543,544,387,0,2873,-974,759,288,-377,-51,84,293,309,0
2353903,544,545,12,50,2433,-1643,807,256,40,26,182,313,295,0
2357215,545,546,68,387,2152,-1594,654,208,-232,49,12,310,277,0
2360550,546,547,68,593,1099,-908,880,169,-134,-20,-83,310,266,0
2363908,547,548,0,387,242,-1241,955,127,162,-99,-134,314,277,0
2367218,548,549,181,275,461,-1553,1332,103,52,-23,-49,304,283,0
2370553,549,550,143,31,660,-1347,1550,88,-52,88,-52,306,296,0
2373912,550,550,125,350,99,-829,1357,53,29,-64,21,307,295,0
2377221,551,552,0,0,-272,-930,957,15,-432,214,12,303,298,0
2380556,552,552,0,0,-1947,114,466,-28,87,56,177,299,300,0
2383912,553,553,12,87,-1618,1015,185,-54,-278,175,-28,297,293,0
2387225,553,554,237,31,-2751,2402,-244,-91,-305,134,-15,301,296,0
2390560,554,555,275,0,-4236,3410,-786,-143,-362,121,-46,281,285,0
2393911,555,556,312,0,-5854,4374,-1117,-189,35,-117,68,279,282,0
2397228,556,557,181,68,-6268,5114,-1600,-241,-189,-108,233,270,260,0
2400562,557,558,125,687,-5815,3895,-1310,-276,113,-438,702,273,243,0
2403912,558,558,500,1193,-4821,1577,-891,-276,-97,-392,833,253,216,0
2407232,558,559,987,1175,-3398,-2299,-15,-232,107,-146,600,243,217,0
2410565,559,559,912,1043,-1771,-4148,878,-148,111,-152,615,231,224,0
2413912,560,560,931,631,377,-4926,1275,-35,393,20,699,230,246,0
2417234,560,561,725,668,2375,-5155,1245,88,-206,243,386,257,244,0
2420569,561,562,500,781,2370,-3745,1268,219,-328,375,384,269,254,0
2423913,562,562,181,781,951,-1869,855,328,-7,369,267,286,254,0
2427237,563,563,0,181,635,403,310,395,-42,226,153,283,270,0
2430572,564,564,0,125,699,2275,588,454,-4,1,202,283,273,0
2433913,565,565,68,387,858,2756,1053,506,83,-101,82,294,277,0
2437242,566,566,0,106,1489,2049,1071,539,261,-158,61,298,292,0
2440575,567,567,312,256,2329,1283,1054,555,179,-79,-154,297,300,0
2443913,567,568,293,106,3232,506,986,561,89,-38,130,298,292,0
2447244,568,568,612,425,4310,523,891,553,36,-29,-25,281,291,0
2450578,569,569,50,0,4570,442,789,534,2,-80,-21,295,303,0
2453935,570,570,293,350,4705,581,863,533,-44,23,-102,298,295,0
2457247,571,571,0,68,4040,441,744,532,-407,65,-83,299,294,0
2460582,572,572,0,218,1402,967,233,514,-55,71,81,300,286,0
2463938,573,573,68,500,253,1359,-360,483,94,21,-168,294,271,0
2467250,574,574,106,668,458,2067,-563,438,-436,12,105,292,262,0
2470585,575,575,125,762,-1426,2178,-833,382,-580,-118,107,291,273,0
2473938,575,575,706,781,-3883,1979,-1156,304,-201,-227,240,271,267,0
2477253,576,576,518,912,-5913,1145,-1546,207,-433,-132,-10,281,260,0
2480588,577,577,275,593,-8757,151,-1736,111,126,-51,40,278,261,0
2483938,578,578,781,481,-10046,-250,-1919,21,1070,106,707,251,267,0
2487257,579,579,1268,125,-4534,-319,-1506,-40,1133,-103,1043,225,286,0
2490592,579,580,1943,256,1683,-997,-432,-59,540,-140,1080,205,295,0
2493939,580,580,1587,143,5269,-1949,234,-44,164,-71,941,224,301,0
2497261,581,581,1512,331,6118,-2441,1209,17,-573,170,603,228,291,0
2500594,581,582,1156,331,4009,-2283,1720,106,-316,9,500,247,275,0
2503939,582,583,668,181,2635,-2342,1762,211,446,-65,396,273,283,0
2507263,583,584,500,31,4522,-2591,1865,310,369,285,77,282,291,0
2510597,584,585,631,0,6331,-1785,2025,401,91,204,0,275,296,0
2513939,585,586,687,0,6946,-1018,2011,464,-183,181,-165,277,308,0
2517266,586,587,837,0,4973,-494,1648,489,-252,-43,98,285,306,0
2520601,586,588,500,0,4186,-914,1496,495,-153,-22,129,303,298,0
2523939,587,589,312,387,3193,-1217,1011,488,-137,-172,-14,313,277,0
2527269,588,590,68,143,1930,-1374,1259,488,-190,176,-144,310,274,0
2530604,589,590,68,537,1005,-750,1505,508,149,-65,-157,310,269,0
2533960,590,591,162,237,1653,-551,1942,559,-101,35,-56,305,285,0
2537273,591,592,87,218,1698,-389,2301,613,-42,-15,45,309,286,0
2540607,592,593,275,68,1096,-314,1991,642,-223,58,36,299,294,0
2543964,593,594,162,143,281,-487,1824,666,-161,148,156,305,290,0
2547277,594,595,0,218,-896,492,1331,674,1,32,141,314,286,0
2550611,595,596,12,0,-813,1365,859,670,-136,146,30,297,293,0
2553993,596,597,0,0,-1558,2709,577,660,-154,94,35,298,294,0
2557279,597,598,0,0,-2788,3709,-89,633,-343,263,-22,297,301,0
2560614,598,598,87,0,-4681,4936,-504,590,-155,-91,34,275,287,0
2563964,599,599,181,237,-5340,5051,-333,557,-596,-289,63,270,267,0
2567282,599,600,518,1081,-8605,2899,38,550,-404,-387,364,268,222,0
2570617,600,601,443,668,-10166,523,96,565,515,-273,604,256,228,0
2573965,601,601,312,762,-7890,-1811,1002,614,323,-197,475,263,239,0
2577285,602,602,650,837,-4376,-4299,2244,710,510,75,675,245,235,0
2580620,602,603,1568,687,-769,-4257,2685,830,395,32,580,212,243,0
2583965,603,603,1043,931,1771,-4168,3332,982,268,130,647,240,246,0
2587289,604,604,500,500,3491,-3894,3312,1140,-201,321,424,253,253,0
2590623,604,605,556,556,2599,-2819,3174,1299,-355,504,322,266,250,0
2593965,605,606,800,237,1137,-1093,2161,1414,10,225,318,253,267,0
2597292,606,606,743,875,1849,1596,2129,1494,96,45,363,274,267,0
2600627,607,607,368,481,3360,2349,2481,1564,27,54,70,294,288,0
2603965,608,608,462,275,4169,2488,1871,1585,246,16,340,289,299,0
2607295,609,609,0,87,5812,2125,1644,1582,50,-154,-163,299,293,0
2610654,610,610,0,12,5211,1606,1512,1575,187,-189,24,309,297,0
2613987,611,611,106,125,5727,765,1756,1571,34,42,36,292,291,0
2617298,611,612,406,143,5256,725,1141,1543,-192,-24,103,292,290,0
2620657,612,613,237,331,3881,603,923,1509,-130,-91,60,301,280,0
2623990,613,614,293,406,2785,446,525,1474,-202,-8,46,298,276,0
2627302,614,614,275,800,1320,975,173,1433,-274,-8,-14,299,271,0
2630660,615,615,481,762,-201,1356,-597,1383,-523,60,99,288,273,0
2633990,616,616,12,518,-2964,1926,-1259,1304,-3,-123,94,297,270,0
2637305,617,617,87,593,-3883,1670,-1427,1212,-274,-91,38,293,266,0
2640663,618,618,162,425,-5194,1643,-1891,1093,-310,-126,86,284,270,0
2643991,619,619,68,331,-7340,1435,-2460,944,-77,-157,-57,289,275,0
2647308,619,620,387,575,-8748,1030,-2844,793,-107,-117,112,288,278,0
2650666,620,620,875,406,-9638,696,-3058,640,286,-149,144,262,287,0
2653991,621,621,1325,425,-7553,-281,-2269,528,990,-70,1062,238,286,0
2657311,622,622,1362,0,711,-582,-1357,459,654,-159,784,220,296,0
2660670,622,623,1775,125,5449,-1471,-798,416,17,-105,709,214,286,0
2663991,623,624,1475,368,6278,-2280,166,424,-90,56,780,230,273,0
2667315,624,625,1062,368,5057,-2659,769,463,-164,-143,594,252,273,0
2670673,625,626,950,218,4106,-3336,1332,515,123,58,416,258,281,0
2673991,625,626,893,443,3879,-3622,1793,570,450,99,230,277,285,0
2677318,626,627,1718,1250,6540,-2962,2154,634,-135,300,-67,286,295,0
2680674,627,628,1250,537,6243,-1684,1907,663,-117,414,-292,311,333,0
2683992,628,629,687,50,4485,-1042,1290,633,-125,-48,85,325,343,0
2687321,629,631,650,50,3687,-1200,1400,593,-52,-348,153,327,343,0
2690678,630,632,368,218,2903,-1515,1351,531,-31,-69,96,342,318,0
2694013,631,633,293,462,2691,-1308,1064,461,-112,-54,-16,346,305,0
2697324,633,634,0,837,665,-946,1086,395,-190,44,-153,353,301,0
2700682,634,635,106,181,-418,-454,1518,375,295,-156,15,340,320,0
2704018,635,636,256,68,1156,-994,2487,386,-481,108,-140,332,326,0
2707327,636,637,0,0,-1158,-825,2053,373,-146,168,181,342,331,0
2710682,637,638,31,0,-2250,-198,1466,360,-24,307,93,328,325,0
2714017,638,639,162,0,-2221,1331,1244,348,47,49,141,321,322,0
2717330,639,640,50,0,-1576,2005,804,326,-365,186,-66,327,315,0
2720683,640,641,0,0,-3782,3340,284,280,-142,105,67,312,310,0
2724018,641,642,162,0,-4448,4540,-329,234,-407,-6,-30,303,296,0
2727334,642,643,106,50,-5706,5357,-575,187,-237,-67,58,290,277,0
2730683,643,643,218,1306,-6686,4267,-861,144,-283,-367,428,284,226,0
2734017,644,644,350,1081,-7890,884,-208,132,194,-339,768,277,238,0
2737337,644,645,1062,968,-5032,-1957,846,177,332,-271,567,255,244,0
2740683,645,646,1268,950,-2383,-4441,1796,272,581,-54,736,244,245,0
2744018,646,646,1062,893,130,-4917,2235,387,354,-128,549,239,248,0
2747340,647,647,1493,687,3097,-4973,2625,528,19,147,437,232,259,0
2750683,647,648,668,687,3842,-4080,2552,685,-191,475,299,276,259,0
2754017,648,649,312,406,3233,-1409,2101,839,-238,273,200,295,274,0
2757343,649,650,0,0,2500,274,1588,984,-306,341,103,302,290,0
2760712,650,650,800,762,2108,1741,1677,1108,61,107,176,287,289,0
2764018,651,651,237,350,3509,2286,1938,1211,78,-4,106,301,295,0
2767346,652,652,31,87,4153,2110,1830,1293,144,-176,-150,312,309,0
2770705,653,653,143,181,4468,1111,1788,1343,194,-85,45,306,304,0
2774039,654,654,68,87,5841,476,1571,1368,128,-36,190,310,309,0
2777349,655,655,275,406,6538,174,1310,1368,-367,5,13,299,292,0
2780705,656,656,125,556,4796,83,1069,1345,-147,-11,60,307,284,0
2784039,657,657,218,706,2675,186,638,1298,-551,77,-36,302,276,0
2787354,658,658,125,387,45,871,146,1243,-388,98,48,307,277,0
2790708,658,659,218,518,-2379,1589,-764,1179,-269,-118,16,302,270,0
2794043,659,659,312,762,-4814,1837,-1362,1092,-182,-74,114,297,273,0
2797356,660,660,312,593,-6340,1962,-1718,996,-200,46,118,297,282,0
2800709,661,661,631,331,-7172,1889,-2160,896,-473,-221,146,280,296,0
2804043,662,662,481,387,-9039,1538,-2755,776,75,-34,68,283,288,0
2807360,663,663,500,462,-9839,705,-2842,639,753,115,516,282,284,0
2810710,664,664,1268,256,-6096,927,-2538,482,1024,-111,1076,241,295,0
2814043,664,665,1775,0,2100,1195,-1379,375,309,-182,871,214,298,0
2817362,665,666,1718,12,5366,-34,-598,311,134,-83,909,217,292,0
2820709,666,666,1381,537,5733,-974,-514,256,12,-156,853,235,280,0
2824044,666,667,1325,631,5384,-2108,371,242,-390,-86,509,254,275,0
2827365,667,668,1081,556,3627,-2795,388,245,140,-104,274,267,279,0
2830709,668,669,781,256,3584,-3683,568,273,374,184,292,283,295,0
2834044,669,670,368,143,7086,-3258,952,321,156,294,-63,289,285,0
2837369,670,671,350,50,7241,-2203,1050,381,-208,-1,-212,290,290,0
2840710,671,672,162,0,5312,-1714,628,407,-232,177,-30,300,301,0
2844044,672,673,518,181,3219,-1812,630,400,71,-316,174,286,288,0
2847372,673,674,462,218,3027,-2439,430,357,-91,4,27,305,286,0
2850709,673,675,406,518,2483,-2297,360,299,-86,-86,44,308,270,0
2854045,675,676,0,331,1325,-1798,572,235,-137,77,-113,319,280,0
2857375,675,676,143,218,467,-1714,810,180,194,-127,-114,306,286,0
2860734,676,677,50,237,1399,-1987,1178,151,-453,181,-64,311,285,0
2864067,677,678,275,87,-73,-1617,1029,134,-125,104,90,299,293,0
2867378,678,679,125,68,-856,-873,707,104,-99,73,132,307,294,0
2870735,679,680,368,87,-746,-468,378,55,-262,78,48,294,293,0
2874068,680,681,331,200,-2125,686,-45,-3,-100,171,74,296,287,0
2877381,681,682,312,125,-2973,1577,-436,-72,-253,218,-43,297,291,0
2880735,682,683,368,125,-4356,2961,-782,-146,-185,36,12,294,291,0
2884097,683,684,50,0,-5985,4036,-1213,-225,-357,126,-70,293,290,0
2887385,684,684,0,0,-7602,5074,-1548,-306,22,-50,40,287,288,0
2890735,685,685,125,0,-7519,5311,-1786,-382,-34,18,112,273,282,0
2894068,685,686,593,762,-6459,4935,-1670,-439,466,-315,608,264,239,0
2897388,686,687,781,1043,-3638,2657,-1338,-457,-186,-504,659,254,224,0
2900736,687,687,537,1118,-3136,-917,-861,-441,121,-126,654,251,220,0
2904068,687,688,1568,875,-2151,-3762,94,-385,441,-378,532,212,233,0
2907392,688,689,1456,856,483,-5079,1038,-285,313,11,680,218,234,0
2910736,689,690,612,556,2677,-5780,1238,-160,46,277,319,263,250,0
2914070,690,690,612,706,3443,-4181,1375,-28,-113,484,328,263,258,0
2917394,690,691,275,556,3296,-2397,1311,91,-179,390,292,281,250,0
2920736,691,692,125,200,2394,-286,769,158,-28,238,182,289,269,0
2924069,692,693,125,143,1572,2313,1141,213,-68,49,206,289,272,0
2927398,693,694,331,331,1667,2615,1461,274,128,-58,106,296,280,0
2930736,694,694,293,368,1985,2450,1552,311,162,-108,-76,298,294,0
2934070,695,695,237,425,2826,1363,1460,345,140,-138,-47,301,291,0
2937401,696,696,0,143,3545,666,1472,373,273,-98,155,303,290,0
2940757,697,697,293,0,5059,247,1424,388,-28,-35,19,282,301,0
2944069,698,698,162,200,5218,173,1364,398,29,-91,26,289,287,0
2947404,699,699,218,293,4698,17,1266,418,-365,91,-120,302,282,0
2950761,699,700,312,443,2832,309,977,428,-187,201,27,297,274,0
2954094,700,701,143,518,-178,1326,206,421,-3,55,-79,306,270,0
2957407,701,701,312,1081,-940,2030,-373,399,-335,-73,153,297,256,0
2960761,702,702,518,856,-3226,2578,-943,351,-288,-52,55,286,268,0
2964097,703,703,218,500,-5755,2204,-1248,287,-110,-214,137,286,271,0
2967411,704,704,68,650,-6794,1731,-1623,199,-169,-275,172,294,263,0
2970761,705,705,106,350,-8450,990,-2103,102,24,-178,5,287,274,0
2974103,706,706,687,125,-9485,342,-2380,5,535,-69,669,256,286,0
2977413,706,706,1512,331,-4081,809,-1896,-65,1022,-176,985,228,291,0
2980762,707,707,1981,87,2070,488,-827,-89,395,-113,918,203,304,0
2984103,708,708,1662,256,5355,-845,26,-75,85,-100,984,220,295,0
2987417,708,709,1493,125,5971,-1525,411,-38,-295,-12,713,229,286,0
2990762,709,710,1193,275,4947,-2006,1003,31,-328,-137,399,245,278,0
2994104,710,711,631,256,3046,-2816,958,109,479,-88,419,275,279,0
2997421,711,712,687,87,4763,-3524,1084,199,386,162,201,272,288,0
3000762,712,713,537,12,7206,-3115,1458,296,-55,290,-108,280,292,0
