Time, Rlegs, Llegs, DCL, DCR, GyroX, GyroY, GyroZ, GyroZAvg, AccelX, AccelY, AccelZ, LBEMF, RBEMF, SteerOut
568,393,431,0,0,193,-143,-149,-146,-24,-1,219,40,40,0
3902,393,431,0,0,194,-141,-149,-146,-25,1,219,39,40,0
7257,393,431,0,0,194,-142,-148,-146,-23,0,224,40,41,0
10590,393,431,0,0,192,-143,-148,-146,-24,0,223,39,41,0
13906,393,431,0,0,192,-141,-146,-146,-23,-3,220,39,41,0
17257,393,431,0,0,195,-137,-148,-146,-25,0,222,40,41,0
20593,393,431,0,0,197,-139,-146,-146,-23,-1,223,40,41,0
23910,393,431,0,0,197,-143,-143,-146,-25,-2,222,40,41,0
27258,393,431,0,0,198,-139,-148,-146,-23,1,218,39,40,0
30599,393,431,0,0,193,-140,-145,-146,-27,-1,220,39,41,0
33912,393,431,0,0,195,-142,-147,-146,-25,-2,222,39,40,0
37258,393,431,0,0,194,-140,-148,-146,-24,-3,226,40,41,0
40599,393,431,0,0,195,-143,-150,-146,-26,0,227,39,41,0
43916,393,431,0,0,195,-142,-147,-146,-26,0,226,40,41,0
47257,393,431,0,0,193,-141,-148,-146,-26,-2,226,39,40,0
50599,393,431,0,0,194,-140,-147,-146,-25,1,220,39,40,0
53918,393,431,0,0,196,-141,-147,-146,-28,0,220,40,40,0
57258,393,431,0,0,196,-141,-148,-146,-23,0,222,40,40,0
60600,393,431,0,0,196,-139,-146,-146,-22,-5,225,40,40,0
63922,393,431,0,0,197,-142,-146,-146,-24,0,222,39,40,0
67258,393,431,0,0,198,-143,-145,-146,-23,-2,221,39,41,0
70600,393,431,0,0,194,-145,-147,-146,-24,-2,223,40,40,0
73925,393,431,0,0,193,-143,-143,-146,-26,0,227,40,41,0
77280,393,431,0,0,193,-146,-146,-146,-24,1,224,40,40,0
80600,393,431,0,0,193,-141,-145,-146,-25,-2,224,39,40,0
83929,393,431,0,0,192,-143,-146,-146,-23,0,230,40,41,0
87283,393,431,0,0,193,-141,-144,-146,-27,-1,224,40,40,0
90600,393,431,0,0,196,-141,-145,-146,-24,1,218,39,40,0
93932,393,431,0,0,197,-140,-148,-146,-22,-1,220,39,41,0
97284,393,431,0,0,193,-140,-148,-146,-25,-4,221,40,40,0
100601,393,431,0,0,195,-142,-148,-146,-26,2,220,40,40,0
104001,0,0,0,0,196,-141,-149,-146,-22,-1,220,40,41,0
107283,0,0,0,0,193,-139,-150,-146,-25,-5,224,39,40,0
110603,0,0,0,0,193,-140,-147,-146,-24,-1,221,40,40,0
113939,0,0,0,0,192,-140,-147,-146,-23,1,223,39,40,0
117284,0,0,0,0,192,-141,-146,-146,-26,0,224,40,40,0
120626,0,0,0,0,194,-140,-146,-146,-24,-2,222,39,40,0
123941,0,0,0,0,196,-141,-146,-146,-24,-1,221,39,40,0
127284,0,0,0,0,194,-139,-147,-146,-29,0,222,39,41,0
130626,0,0,0,0,197,-138,-148,-146,-27,0,219,39,41,0
133944,0,0,0,0,194,-141,-146,-146,-24,-1,224,40,40,0
137284,0,0,0,0,194,-140,-148,-146,-26,1,222,40,41,0
140627,0,0,0,0,195,-142,-146,-146,-26,-3,223,40,41,0
143947,0,0,0,0,196,-139,-147,-146,-25,-1,222,40,41,0
147284,0,0,0,0,194,-140,-146,-146,-26,1,223,40,40,0
150627,0,0,0,0,194,-142,-148,-146,-24,-2,225,40,41,0
153950,0,0,0,0,193,-140,-146,-146,-24,0,224,39,41,0
157306,0,0,0,0,195,-140,-145,-146,-26,-1,225,40,41,0
160627,0,0,0,0,194,-138,-148,-146,-24,1,223,39,40,0
163954,0,0,0,0,196,-145,-147,-146,-24,2,216,40,41,0
167306,0,0,0,0,193,-139,-146,-146,-24,-3,223,40,41,0
170627,0,0,0,0,195,-143,-148,-146,-21,0,225,39,40,0
173957,0,0,0,0,195,-142,-147,-146,-22,2,221,40,40,0
177309,0,0,0,0,193,-143,-146,-146,-25,1,227,39,41,0
180628,0,0,0,0,195,-140,-147,-146,-22,-1,224,40,41,0
183960,0,0,0,0,195,-145,-144,-146,-26,0,224,40,41,0
187310,0,0,0,0,193,-144,-145,-146,-28,0,225,40,41,0
190629,0,0,0,0,195,-144,-146,-146,-25,0,227,39,40,0
193963,0,0,0,0,195,-144,-144,-146,-22,-2,222,40,41,0
197309,0,0,0,0,197,-143,-143,-146,-24,0,220,39,40,0
200653,0,0,0,0,191,-141,-147,-146,-25,0,221,40,41,0
203966,0,0,1587,1587,193,-139,-146,-146,-26,-2,224,0,0,0
207313,0,0,0,0,199,-182,-146,-146,-89,-21,201,92,91,0
210658,0,0,162,256,89,-236,-185,-147,-46,-40,226,92,87,0
213970,1,1,0,0,-22,-232,-218,-149,7,13,215,95,86,0
217313,1,1,12,50,174,-321,-156,-150,-19,7,209,84,82,0
220660,1,1,443,331,324,-448,-77,-147,-59,10,202,77,83,0
223973,1,1,218,68,218,-565,25,-142,-66,16,183,89,97,0
227313,1,1,481,406,72,-682,-110,-141,26,36,229,91,95,0
230660,2,2,0,12,149,-781,-151,-141,2,50,241,101,100,0
233976,2,2,218,0,237,-671,-123,-140,-107,22,185,89,101,0
237314,2,2,443,218,-140,-476,-208,-142,-45,43,166,93,105,0
240661,2,2,237,181,-433,-277,-325,-148,4,43,229,104,107,0
243979,3,3,125,181,-150,8,-368,-155,-38,16,226,110,107,0
247338,3,3,331,125,24,145,-301,-159,-81,6,202,99,110,0
250660,3,3,687,350,-58,162,-380,-167,-11,0,233,96,114,0
253982,3,4,406,0,97,48,-405,-175,-5,-3,234,111,121,0
257337,4,4,293,312,223,17,-304,-180,-58,-25,294,117,116,0
260661,4,4,518,237,123,-37,-281,-184,-80,-38,299,105,120,0
263986,4,5,387,0,-42,-324,-272,-188,-17,-12,289,112,119,0
267338,5,5,237,256,65,-350,-275,-192,-49,-8,262,120,119,0
270661,5,5,368,125,30,-232,-220,-194,-98,-33,261,113,126,0
273989,5,6,687,181,-442,-115,-224,-197,-46,-26,251,112,123,0
277338,6,6,0,125,-652,-117,-161,-197,-47,-59,260,135,126,0
280660,6,6,518,443,-784,-142,-28,-193,-80,33,254,121,125,0
283992,6,7,575,162,-1047,-156,68,-187,17,15,244,118,124,0
287338,7,7,106,237,-779,-211,236,-175,26,20,210,135,128,0
290661,7,7,406,181,-509,-191,463,-156,-46,17,219,119,131,0
293995,7,8,500,0,-370,-148,646,-131,96,21,237,114,126,0
297338,8,8,312,293,113,-166,757,-103,63,60,221,124,125,0
300664,8,8,500,331,575,-111,903,-70,-26,75,245,114,123,0
303998,8,9,800,425,687,-143,1018,-34,-56,10,240,114,118,0
307338,9,9,143,387,600,-447,1145,6,-82,-9,196,133,120,0
310667,9,9,387,425,369,-757,1248,49,-24,-10,256,120,118,0
314002,9,10,781,425,25,-1011,1217,92,-43,7,246,115,118,0
317339,10,10,0,406,312,-1060,1355,140,-76,107,218,142,119,0
320670,10,10,706,800,455,-790,1326,188,-162,82,249,119,114,0
324005,11,11,556,500,-238,-613,1208,231,-148,61,218,127,114,0
327363,11,11,68,481,-1146,-597,984,264,-134,112,203,137,115,0
330674,11,11,687,593,-1532,-267,1108,298,106,129,281,120,125,0
334008,12,12,31,293,-919,208,1209,339,3,69,272,139,125,0
337366,12,12,575,743,-446,215,1232,382,31,87,263,126,117,0
340677,12,12,668,687,-360,164,1173,423,29,91,228,121,120,0
344011,13,13,181,237,-133,142,1317,470,-10,44,187,131,128,0
347366,13,13,818,631,-175,129,1317,522,60,78,224,113,123,0
350680,13,13,612,481,-226,-89,1289,574,25,59,237,124,131,0
354014,14,14,31,331,76,-471,1246,622,120,130,215,139,123,0
357372,14,14,743,368,478,-589,1066,667,118,105,193,117,137,0
360683,15,15,275,68,1100,-543,1044,712,63,121,150,126,137,0
364017,15,15,462,481,1737,-333,1120,757,-56,123,114,132,131,0
367373,15,15,481,368,1468,-264,1147,801,-149,111,60,131,137,0
370686,16,16,237,443,396,-224,1128,845,-86,57,85,152,141,0
374021,16,16,181,237,-597,-108,1064,887,77,104,105,155,152,0
377373,17,17,200,275,-268,110,1138,929,20,121,84,154,150,0
380690,17,17,256,143,-128,326,1152,972,60,84,128,151,157,0
384024,17,18,275,200,362,207,1087,1011,-15,35,99,150,154,0
387373,18,18,293,181,347,-71,1038,1045,-77,74,113,149,155,0
390693,18,19,368,0,-21,-201,992,1074,-120,57,87,145,151,0
394028,19,19,256,331,-470,-260,823,1092,33,34,132,151,147,0
397373,19,19,368,237,-309,-321,672,1099,128,67,159,145,152,0
400696,20,20,143,125,197,-287,466,1093,54,86,164,157,158,0
404030,20,20,293,31,736,13,193,1075,14,141,219,149,163,0
407374,21,21,87,181,708,229,35,1048,34,45,217,160,155,0
410699,21,21,162,87,627,329,-47,1015,-25,-2,203,156,160,0
414034,22,22,0,0,323,386,-339,969,24,-26,317,155,155,0
417374,22,22,87,162,273,501,-459,915,-113,30,310,160,156,0
420703,23,23,0,0,29,594,-572,859,25,-33,268,162,153,0
424037,23,23,0,162,-354,596,-818,791,-98,-94,194,170,156,0
427374,24,24,0,0,-844,683,-898,722,-141,-99,214,182,150,0
430707,24,24,0,31,-1385,924,-997,653,2,-116,213,173,147,0
434040,25,25,0,181,-1395,1369,-1006,591,153,-99,241,186,139,0
437398,25,25,0,106,-503,1862,-933,527,-221,-49,241,172,143,0
440709,26,25,0,481,-882,2285,-963,459,-111,-203,365,186,139,0
444043,26,26,0,200,-768,2122,-663,400,194,-321,579,172,138,0
447400,27,26,0,575,520,1665,-531,347,51,-336,626,160,134,0
450713,27,27,0,275,874,1237,-584,287,-38,-339,534,149,134,0
454046,28,27,0,443,274,764,-699,224,-108,-300,489,145,133,0
457401,28,27,293,500,-547,257,-740,161,98,-319,429,125,130,0
460715,29,28,293,593,-585,-317,-795,97,-15,-226,363,125,125,0
464050,29,28,218,368,-208,-909,-929,35,15,-112,267,129,137,0
467400,29,29,237,0,-449,-1222,-947,-27,92,-104,214,128,143,0
470718,30,29,87,368,-98,-1395,-852,-88,175,-84,193,136,137,0
474053,30,29,181,218,718,-1451,-656,-145,-64,-31,99,131,145,0
477401,30,30,518,256,542,-1408,-543,-197,-15,11,68,129,143,0
480722,31,30,0,181,591,-1270,-295,-239,33,13,86,141,147,0
484056,31,31,200,87,642,-1054,-182,-280,-19,14,80,130,136,0
487401,32,31,256,518,500,-872,-71,-319,6,48,104,127,129,0
490725,32,31,87,406,429,-822,-143,-357,77,-12,143,136,135,0
494060,32,32,425,143,811,-1104,43,-388,71,29,161,118,133,0
497401,33,32,200,500,1143,-1427,142,-415,-31,64,160,130,130,0
500729,33,33,331,312,916,-1609,158,-436,42,94,158,123,124,0
504063,33,33,800,687,538,-1432,154,-452,-15,111,192,114,120,0
507401,34,33,200,462,358,-1310,266,-458,56,94,218,130,132,0
510732,34,34,500,256,437,-1361,408,-451,80,152,258,114,127,0
514066,34,34,950,631,750,-1208,479,-437,61,173,275,106,123,0
517402,35,34,331,575,857,-968,481,-421,25,198,258,123,126,0
520734,35,35,856,631,806,-719,560,-393,46,158,267,111,123,0
524070,35,35,968,575,935,-627,632,-359,39,184,280,105,126,0
527426,36,35,275,425,1126,-518,619,-321,11,211,242,126,134,0
530738,36,36,650,406,1305,-110,516,-280,1,182,245,122,135,0
534072,36,36,687,256,1461,270,397,-239,9,193,217,120,143,0
537430,37,37,481,368,1453,553,281,-199,38,154,211,139,145,0
540741,37,37,518,218,1620,589,75,-166,-7,148,162,137,153,0
544076,37,38,912,275,1730,527,-41,-138,-59,59,101,132,150,0
547434,38,38,68,181,1568,527,-179,-113,-5,65,148,161,155,0
550744,38,39,631,293,1427,693,-328,-103,-122,178,186,147,149,0
554078,39,39,106,125,1294,694,-363,-98,-58,70,81,159,158,0
557435,39,39,293,106,1134,469,-414,-92,33,96,61,149,159,0
560748,40,40,31,87,1065,583,-467,-85,73,146,102,163,160,0
564082,40,41,237,106,1472,962,-658,-82,-113,-50,94,152,159,0
567439,41,41,162,143,1198,791,-580,-76,-97,-13,0,156,157,0
570751,41,41,256,87,687,143,-538,-63,17,-1,75,151,160,0
574086,42,42,106,31,907,149,-472,-49,-9,-94,24,159,163,0
577439,42,43,181,0,949,34,-502,-38,-90,-21,76,155,154,0
580754,43,43,0,0,851,-151,-688,-39,-62,-27,65,157,150,0
584088,43,43,162,256,367,-268,-868,-49,-53,-127,129,156,151,0
587438,44,44,0,0,200,-458,-955,-69,-135,20,285,157,154,0
590757,44,44,275,181,-378,151,-1011,-95,-112,42,378,150,155,0
594091,45,45,256,0,-875,953,-1529,-141,-94,-135,533,151,149,0
597439,45,45,331,350,-932,1283,-1815,-193,-109,-234,554,147,146,0
600760,45,46,368,106,-920,1252,-1943,-255,-100,-307,510,145,143,0
604094,46,46,31,0,-886,1160,-1714,-313,-155,-373,526,147,149,0
607439,46,47,612,50,-878,934,-1211,-356,-89,-369,534,132,146,0
610763,47,47,50,50,-472,66,-558,-378,3,-371,479,146,146,0
614098,47,47,612,368,434,-494,17,-386,-157,-333,407,132,145,0
617468,47,48,631,200,735,-782,499,-383,-97,-304,321,139,146,0
620766,48,48,50,12,736,-934,922,-369,-212,-147,276,154,156,0
624101,48,49,331,0,308,-981,1070,-351,-85,-45,180,139,149,0
627440,49,49,256,87,-276,-848,1079,-335,-52,-58,144,143,152,0
630770,49,50,331,0,-748,-465,983,-324,-71,-14,48,139,147,0
634104,50,50,275,0,-1005,-220,1019,-311,59,69,116,142,151,0
637462,50,51,331,0,-959,18,917,-299,9,45,146,139,146,0
640773,50,51,462,0,-1073,151,818,-286,33,4,128,132,143,0
644108,51,51,256,275,-764,69,662,-274,38,-15,156,143,142,0
647465,51,52,406,68,-441,-189,636,-256,-14,-54,146,135,137,0
650776,52,52,106,125,-351,-754,644,-235,10,-39,112,135,134,0
654110,52,53,350,368,-354,-1295,692,-208,-40,0,131,138,121,0
657465,52,53,500,425,-625,-1722,641,-177,-9,35,153,130,118,0
660779,53,53,256,668,-979,-2185,467,-151,104,39,224,143,121,0
664114,53,54,481,556,-335,-2339,468,-124,134,141,205,131,127,0
667466,54,54,143,218,741,-2035,824,-83,23,132,211,133,129,0
670783,54,54,406,781,1076,-1462,943,-33,-83,132,243,135,115,0
674117,54,55,537,481,363,-1409,834,10,-95,200,267,128,115,0
677466,55,55,537,875,-435,-1163,816,52,-26,252,259,128,110,0
680785,55,55,612,631,-508,-397,892,95,95,223,341,124,123,0
684120,55,56,631,668,14,38,897,139,28,165,345,123,121,0
687466,56,56,593,875,212,143,810,185,-3,191,319,125,110,0
690789,56,56,743,725,-66,123,716,235,8,225,320,117,118,0
694123,56,57,668,650,-260,236,656,285,11,129,258,121,122,0
697466,57,57,462,575,-209,446,676,338,-15,173,204,132,126,0
700792,57,57,1006,968,-39,704,813,411,-7,119,213,127,129,0
704127,58,58,856,500,-176,571,811,493,31,96,173,135,138,0
707466,58,58,368,218,1,351,791,579,137,136,154,145,153,0
710795,58,59,818,87,921,348,882,660,61,9,69,137,160,0
714129,59,59,12,0,1271,276,892,725,-83,-30,-86,164,166,0
717487,59,60,481,68,1093,316,765,767,-137,87,-15,155,161,0
720798,60,60,0,12,298,768,698,788,77,60,17,174,164,0
724133,60,61,0,0,743,837,624,792,-3,24,-21,165,155,0
727491,61,61,0,200,708,706,618,782,15,-114,-12,167,154,0
730802,61,62,275,237,403,223,711,771,-23,-63,12,150,152,0
734136,62,62,87,237,165,-277,725,760,-17,-55,72,160,152,0
737491,62,63,181,0,-141,-769,678,751,89,8,116,155,154,0
740805,63,63,31,200,167,-1138,639,739,45,62,165,163,154,0
744139,63,63,181,50,352,-1122,433,724,-20,61,215,155,162,0
747491,64,64,0,87,372,-965,264,706,-145,89,254,165,160,0
750808,64,64,162,50,-518,-494,-257,678,-65,115,369,156,162,0
754143,65,65,0,0,-1070,11,-650,637,-4,75,407,164,154,0
757492,65,65,0,162,-1001,556,-914,589,122,26,414,167,156,0
760812,66,66,0,0,-534,909,-1414,523,-2,-44,342,180,155,0
764145,66,66,0,218,-957,754,-1408,459,37,-9,333,169,153,0
767492,67,67,0,0,-1072,998,-1434,399,78,-74,425,184,150,0
770814,67,67,0,368,-172,2015,-1049,352,-101,-89,200,174,145,0
774149,68,68,0,181,-312,2401,-1079,293,-59,-113,183,179,139,0
777492,69,68,0,143,-956,2487,-1194,226,-85,-182,310,176,141,0
780818,69,69,0,537,-998,2259,-924,171,256,-354,593,176,136,0
784152,70,69,0,331,-127,1651,-871,118,187,-361,535,166,139,0
787493,70,69,0,218,468,1122,-883,63,-136,-266,392,154,145,0
790821,71,70,0,181,-135,617,-1029,3,-19,-335,374,142,131,0
794155,71,70,312,518,-179,174,-726,-45,51,-239,432,124,129,0
797493,71,70,443,406,-78,-270,-750,-90,31,-203,372,117,135,0
800824,72,71,0,68,-193,-853,-875,-138,95,-126,240,128,137,0
804183,72,71,256,312,-28,-1158,-899,-187,42,-114,187,127,140,0
807514,72,72,293,0,293,-1392,-754,-236,54,-115,136,125,142,0
810828,73,72,50,293,583,-1722,-716,-284,85,-70,171,138,141,0
814185,73,73,218,0,590,-1763,-590,-327,4,24,115,129,142,0
817517,73,73,256,87,451,-1566,-471,-370,-23,23,79,127,136,0
820830,74,73,87,387,163,-1245,-250,-405,-9,3,96,136,136,0
824189,74,74,350,143,-127,-1059,-265,-437,105,29,168,122,133,0
827518,75,74,387,556,231,-862,-342,-470,98,3,148,120,127,0
830834,75,75,218,106,868,-918,-56,-491,68,16,200,129,135,0
834192,75,75,500,275,1167,-1180,49,-509,13,59,198,114,126,0
837518,75,75,743,612,1170,-1341,99,-528,-32,63,206,117,124,0
840837,76,76,162,593,893,-1447,178,-545,27,72,221,132,125,0
844195,76,76,931,631,846,-1542,228,-559,41,132,228,107,123,0
847518,77,76,368,462,889,-1517,292,-570,21,180,240,121,132,0
850840,77,77,312,312,957,-1300,437,-570,56,138,239,124,124,0
854199,77,77,1006,668,1007,-982,484,-563,-53,171,220,103,121,0
857518,77,77,593,443,869,-604,525,-539,-7,165,254,125,133,0
860843,78,78,612,556,694,-266,463,-504,60,173,251,124,127,0
864201,78,78,893,312,908,-68,463,-461,-1,151,230,109,140,0
867519,78,78,1081,762,958,122,336,-406,52,116,264,123,140,0
870846,79,79,518,331,1281,270,149,-357,61,147,242,137,147,0
874201,79,79,1081,556,1594,168,74,-310,18,148,209,123,151,0
877519,80,80,387,256,1743,78,-32,-279,-18,229,174,144,151,0
880850,80,80,331,162,1401,363,-291,-254,6,142,122,147,156,0
884205,81,81,312,256,1336,646,-411,-229,-103,41,114,148,151,0
887540,81,81,87,12,1527,745,-432,-214,-104,-39,91,160,164,0
890853,81,82,462,200,1154,478,-371,-198,45,80,124,156,154,0
894209,82,82,125,0,1618,798,-496,-186,-12,175,162,158,165,0
897544,82,83,350,0,1871,1167,-648,-174,-92,-13,86,146,157,0
900857,83,83,181,87,1241,709,-630,-171,-151,-71,11,155,160,0
904210,83,84,143,0,546,244,-559,-165,-82,-14,17,157,158,0
907544,84,84,0,0,317,306,-460,-153,22,-20,68,169,165,0
910860,84,85,143,0,780,278,-264,-133,-37,4,59,157,156,0
914210,85,85,31,181,787,61,-345,-120,-16,-64,110,163,155,0
917544,85,86,312,0,630,-104,-326,-108,-139,-47,113,148,152,0
920862,86,86,0,0,195,-287,-540,-106,-142,-49,195,166,149,0
924210,86,87,218,0,295,-485,-613,-111,-86,-26,293,153,149,0
927545,87,87,0,0,427,-245,-636,-123,-146,36,345,156,149,0
930866,87,87,293,331,-395,681,-1193,-152,-23,-104,458,149,147,0
934210,88,88,0,68,-306,996,-1528,-189,-253,-180,513,162,145,0
937545,88,88,312,312,-869,1088,-1815,-244,-53,-304,543,148,148,0
940869,89,89,68,87,-1151,1131,-1931,-306,-143,-308,474,145,144,0
944210,89,89,593,387,-1149,968,-1597,-359,14,-405,479,133,144,0
947545,89,90,650,68,-644,555,-1014,-396,40,-422,504,130,145,0
950873,90,90,106,200,-27,-327,-246,-411,-16,-315,460,151,146,0
954211,90,90,406,181,741,-721,191,-414,-64,-245,355,135,147,0
957545,91,91,31,0,1062,-894,635,-408,-157,-173,268,139,147,0
960876,91,91,368,125,378,-887,958,-393,-44,-121,210,137,150,0
964232,91,92,350,0,226,-759,1039,-377,-198,33,193,138,148,0
967566,92,92,162,125,-138,-678,1062,-358,-118,65,109,148,150,0
970878,92,93,331,0,-966,-335,1035,-340,-36,73,59,139,146,0
974236,93,93,0,0,-1248,-19,924,-322,91,64,123,141,148,0
977570,93,93,462,256,-1133,123,879,-299,-4,12,146,132,143,0
980882,93,94,443,0,-670,66,639,-281,32,-10,157,133,145,0
984236,94,94,218,481,-293,-177,718,-258,-2,-3,113,145,131,0
987571,94,95,462,256,-246,-388,708,-227,-175,-107,38,132,127,0
990885,95,95,68,218,-1526,-920,659,-193,-85,-55,73,137,129,0
994236,95,95,481,650,-2065,-1500,418,-167,200,1,221,131,122,0
997571,95,96,462,162,-1168,-1809,583,-137,159,102,235,132,132,0
1000889,96,96,0,218,223,-1680,637,-101,138,74,226,145,129,0
1004236,96,97,537,387,1066,-1676,653,-61,-102,70,202,128,120,0
1007571,97,97,275,462,793,-1754,560,-24,-110,118,221,126,116,0
1010891,97,97,462,818,-147,-1559,563,11,-24,186,266,132,113,0
1014237,97,97,575,668,-409,-1082,603,44,25,176,306,126,121,0
1017571,98,98,106,462,-236,-828,508,68,90,205,367,135,116,0
1020894,98,98,650,800,241,-472,327,89,65,215,347,122,114,0
1024236,98,98,725,743,534,-98,350,110,-30,214,310,118,117,0
1027571,99,99,631,800,403,162,272,135,-69,174,290,123,114,0
1030899,99,99,575,687,-95,378,265,163,-8,115,241,126,120,0
1034237,99,99,968,1025,-288,508,325,193,-22,169,237,129,126,0
1037572,100,100,256,575,-381,392,399,243,2,57,209,151,134,0
1040901,100,100,950,837,-576,154,448,304,70,112,207,130,136,0
1044258,101,101,218,237,-329,78,452,375,135,162,97,153,152,0
1047593,101,101,293,0,504,230,732,458,-99,-77,-14,149,166,0
1050904,102,102,125,50,234,298,678,530,-55,-42,-58,158,162,0
1054262,102,102,0,0,-22,200,511,577,0,71,12,166,169,0
1057595,103,103,31,143,-299,357,457,599,84,54,35,163,157,0
1060907,103,103,181,50,292,523,468,608,25,-39,19,155,162,0
1064262,104,104,125,200,499,610,529,604,71,-30,15,158,154,0
1067595,104,104,181,31,692,432,433,588,103,26,33,155,163,0
1070910,105,105,200,0,1502,388,437,569,-57,18,45,154,153,0
1074262,105,105,162,87,1450,260,465,551,-105,-26,9,156,160,0
1077596,105,106,218,0,724,-344,371,530,-40,-24,122,153,156,0
1080913,106,106,12,275,67,-1004,323,511,17,38,207,164,150,0
1084262,106,107,237,0,-293,-1203,218,490,-35,100,304,152,158,0
1087596,107,107,12,200,-680,-882,-243,463,51,106,367,164,154,0
1090917,107,107,125,181,-591,-464,-488,425,-24,125,487,158,155,0
1094263,108,108,0,0,-441,80,-671,382,-21,104,407,173,153,0
1097596,108,109,0,0,-542,570,-1195,324,-158,-11,283,168,153,0
1100921,109,109,0,0,-1648,745,-1399,267,116,-33,268,184,150,0
1104262,110,109,0,293,-1472,1118,-1440,204,201,-76,440,174,149,0
1107596,110,110,0,87,-93,1958,-1032,152,-75,-88,204,179,144,0
1110923,111,110,0,425,156,2297,-1022,100,-131,-106,173,175,142,0
1114263,111,111,0,200,-343,2461,-928,53,-48,-297,376,177,138,0
1117597,112,111,0,368,-405,1802,-490,20,83,-319,433,178,137,0
1120927,112,111,0,312,460,1306,-389,-10,-68,-219,419,164,140,0
1124284,113,112,0,537,334,1047,-525,-42,-134,-283,367,158,128,0
1127596,113,112,0,481,-518,596,-596,-71,83,-415,424,142,131,0
1130930,114,113,0,218,-240,-26,-493,-97,21,-312,421,136,129,0
1134288,114,113,331,500,91,-585,-504,-122,-43,-225,318,123,130,0
1137621,114,113,331,350,70,-1076,-574,-148,78,-196,236,123,138,0
1140933,115,114,0,12,260,-1274,-534,-175,25,-191,221,132,140,0
1144288,115,114,293,256,362,-1374,-397,-199,23,-44,164,125,143,0
1147625,115,115,275,0,440,-1559,-384,-225,55,-64,209,126,144,0
1150937,116,115,106,350,529,-1589,-165,-245,16,63,130,135,138,0
1154288,116,115,275,331,592,-1375,-51,-269,23,0,108,126,139,0
1157629,116,116,312,162,519,-1145,208,-284,-6,-47,140,124,132,0
1160939,117,116,143,462,368,-993,173,-294,45,-8,184,133,132,0
1164289,117,117,425,162,385,-903,134,-305,34,5,193,118,132,0
1167630,117,117,818,518,737,-1145,369,-308,22,4,168,113,129,0
1170943,118,117,331,425,1069,-1476,544,-307,18,-8,202,123,134,0
1174289,118,118,518,331,1246,-1766,710,-299,-54,87,170,113,123,0
1177630,118,118,725,687,831,-1753,685,-291,-26,120,170,118,120,0
1180946,119,118,218,556,345,-1574,474,-290,39,121,175,129,127,0
1184289,119,119,1006,575,329,-1463,576,-284,56,138,244,103,126,0
1187631,119,119,893,443,679,-1399,562,-277,109,144,235,109,133,0
1190949,120,119,218,500,1282,-1234,577,-265,40,178,234,129,130,0
1194291,120,120,856,518,1384,-847,476,-243,-33,174,208,111,129,0
1197631,120,120,800,350,596,-282,293,-219,-27,188,243,114,138,0
1200953,121,121,725,500,249,-71,247,-190,58,162,261,126,138,0
1204290,121,121,893,387,436,-40,193,-146,108,133,258,117,144,0
1207631,121,121,1175,818,1149,-11,28,-102,96,177,223,118,137,0
1210955,122,122,443,350,1663,79,-71,-59,-11,161,206,141,146,0
1214311,122,122,1081,668,1911,178,-157,-32,3,215,209,123,145,0
1217631,123,123,593,256,1959,396,-368,-11,-89,200,160,133,151,0
1220959,123,123,443,181,1751,539,-532,0,-67,208,121,141,155,0
1224314,123,124,668,237,1395,695,-739,-7,-5,83,176,145,152,0
1227631,124,124,0,106,1495,1023,-828,-20,-153,67,115,172,159,0
1230962,124,125,443,218,1238,980,-865,-31,-26,71,14,157,153,0
1234314,125,125,68,0,1034,928,-939,-42,10,127,125,161,165,0
1237632,125,126,575,125,1639,1186,-1197,-64,0,45,71,150,158,0
1240965,126,126,50,12,1814,1117,-1181,-85,-212,-14,88,162,164,0
1244315,126,127,237,0,1328,774,-950,-97,-220,-43,-25,152,157,0
1247658,127,127,0,106,-245,32,-955,-110,-8,-7,-8,165,159,0
1250968,127,128,143,0,5,201,-796,-122,105,-65,34,157,152,0
1254315,128,128,50,293,719,138,-787,-135,-58,-25,145,162,149,0
1257658,128,129,218,0,661,-166,-758,-153,-249,42,93,153,149,0
1260971,129,129,0,31,-416,-366,-902,-180,-17,22,170,164,147,0
1264315,129,129,237,293,-426,-381,-805,-212,22,-39,328,152,149,0
1267658,130,130,0,50,120,178,-827,-243,-96,-12,433,157,146,0
1270975,130,130,256,312,-66,829,-1196,-284,-15,-137,471,151,148,0
1274316,131,131,0,31,6,1201,-1356,-338,-243,-250,490,155,147,0
1277658,131,131,406,331,-864,1251,-1421,-400,-147,-296,535,143,147,0
1280978,131,132,481,31,-1276,1266,-1276,-462,-105,-367,573,139,147,0
1284316,132,132,162,162,-920,964,-907,-512,-57,-398,550,148,148,0
1287659,132,133,425,0,-146,193,-250,-534,-95,-379,499,134,141,0
1290981,133,133,387,387,74,-280,343,-542,-30,-345,421,136,136,0
1294338,133,133,443,181,323,-668,848,-533,-89,-238,351,133,147,0
1297659,133,134,406,0,669,-1047,1302,-510,-109,-241,286,135,149,0
1300984,134,134,275,68,536,-1099,1424,-480,-93,-62,162,142,153,0
1304341,134,135,368,0,217,-956,1331,-448,-129,-46,84,137,147,0
1307659,135,135,162,106,-419,-428,1241,-417,11,2,100,148,151,0
1310987,135,136,312,143,-594,-198,1172,-386,-33,27,143,140,149,0
1314341,135,136,368,0,-1141,-1,880,-360,-14,-1,34,137,152,0
1317660,136,136,237,275,-1676,7,738,-334,200,19,194,144,142,0
1320990,136,137,406,12,-775,-18,745,-306,80,78,147,135,140,0
1324341,137,137,275,443,-62,-28,746,-271,-8,-82,102,142,133,0
1327660,137,138,518,275,-151,-679,760,-231,-56,-54,88,129,126,0
1330994,137,138,443,218,-599,-1308,775,-184,-95,53,91,133,129,0
1334341,138,138,368,725,-1354,-1657,660,-137,140,26,210,137,118,0
1337684,138,139,500,237,-669,-1854,749,-87,110,122,221,130,128,0
1340997,139,139,31,293,-28,-1849,723,-35,128,95,219,139,125,0
1344342,139,139,556,575,577,-1718,713,24,-16,143,191,127,126,0
1347688,139,140,556,368,800,-1429,716,83,-85,167,240,127,121,0
1351000,140,140,406,893,436,-1137,732,136,-111,160,268,135,109,0
1354342,140,140,593,706,-182,-869,668,187,-26,196,321,125,119,0
1357687,140,141,631,481,-407,-591,596,230,25,200,345,123,115,0
1361003,141,141,537,931,-256,-333,484,270,57,219,347,128,107,0
1364371,141,141,1156,1100,-153,-115,403,306,82,204,324,119,122,0
1367687,142,142,593,687,220,157,366,346,5,222,308,133,128,0
1371007,142,142,293,650,270,326,385,383,-32,234,251,149,130,0
1374365,142,142,968,968,-39,421,379,421,-99,198,207,129,129,0
1377688,143,143,312,462,-753,496,482,473,30,114,186,148,140,0
1381009,143,143,743,556,-579,487,537,532,128,66,126,141,151,0
1384365,144,144,12,0,219,494,539,593,32,-26,62,164,166,0
1387689,144,144,162,0,785,397,595,652,-55,33,28,156,167,0
1391013,145,145,218,125,573,467,496,696,-106,8,-61,153,158,0
1394366,145,145,68,31,48,699,602,722,125,0,3,161,163,0
1397688,146,146,50,200,595,759,610,731,71,-11,11,162,154,0
1401016,146,146,68,12,962,619,568,722,-37,-57,-15,161,164,0
1404367,147,147,162,162,801,439,537,698,-69,-34,26,156,156,0
1407689,147,147,125,125,418,-32,523,670,-18,-74,69,158,158,0
1411019,147,148,200,0,63,-593,490,644,15,-6,151,154,155,0
1414366,148,148,181,68,159,-991,473,620,36,129,173,155,161,0
1417689,148,149,237,0,436,-1116,309,593,12,89,198,152,157,0
1421022,149,149,12,143,305,-980,109,569,-100,98,238,164,157,0
1424366,149,150,181,0,-506,-703,-284,537,-18,76,312,155,156,0
1427691,150,150,0,218,-793,-182,-590,495,41,83,440,168,153,0
1431026,150,151,31,0,-436,295,-783,447,-33,101,407,163,154,0
1434367,151,151,0,218,-554,537,-1090,389,50,-38,305,172,153,0
1437695,151,151,0,162,-768,710,-1292,325,-52,-100,287,173,156,0
1441029,152,152,0,0,-939,712,-1233,266,31,-66,294,182,153,0
1444367,153,152,0,331,-411,1359,-1011,211,-8,-24,253,181,147,0
1447718,153,153,0,275,-340,2300,-1028,156,-39,-72,226,180,142,0
1451032,154,153,0,218,-458,2419,-928,105,-146,-170,320,184,145,0
1454367,154,154,0,50,-620,2230,-885,54,1,-247,335,179,138,0
1457701,155,154,0,500,-227,1702,-621,12,120,-285,490,176,130,0
1461036,155,154,0,443,378,1233,-675,-29,-71,-340,498,162,133,0
1464394,156,155,0,275,277,732,-843,-74,-69,-326,455,151,126,0
1467704,156,155,181,500,-229,52,-739,-112,-2,-305,407,131,130,0
1471038,157,156,0,406,-249,-320,-739,-148,15,-290,360,125,135,0
1474394,157,156,425,500,24,-704,-887,-187,69,-219,332,118,130,0
1477707,157,156,443,275,184,-1108,-990,-230,-44,-152,237,117,142,0
1481042,158,157,200,50,189,-1372,-926,-271,120,-70,197,130,138,0
1484399,158,157,256,275,547,-1481,-826,-311,-42,-43,128,127,142,0
1487710,158,158,293,0,654,-1475,-614,-347,-49,-20,106,125,145,0
1491045,159,158,143,293,196,-1327,-572,-382,8,-23,91,133,141,0
1494401,159,158,275,368,16,-1165,-352,-412,18,-1,114,126,137,0
1497714,159,159,331,106,-133,-967,-401,-440,37,28,127,123,135,0
1501048,160,159,312,518,31,-879,-293,-468,93,8,185,124,129,0
1504401,160,160,425,106,514,-1063,-229,-494,67,1,203,118,135,0
1507718,160,160,781,500,1074,-1450,70,-510,-46,57,172,115,130,0
1511052,161,160,162,481,792,-1497,65,-524,-26,109,165,132,131,0
1514401,161,161,481,331,458,-1379,-11,-541,10,101,175,115,123,0
1517720,161,161,950,725,611,-1443,288,-547,104,75,246,106,118,0
1521054,162,161,331,518,1041,-1687,440,-548,66,121,264,123,129,0
1524401,162,162,781,668,1359,-1683,583,-540,20,162,205,115,121,0
1527724,162,162,837,593,1047,-1174,538,-526,-58,155,208,112,125,0
1531058,163,162,725,987,548,-878,527,-501,55,152,283,126,128,0
1534402,163,163,837,537,334,-761,635,-463,43,188,293,120,136,0
1537726,163,163,800,443,539,-545,626,-419,54,215,238,122,141,0
1541061,164,164,518,462,707,-240,633,-365,78,191,257,137,140,0
1544402,164,164,818,368,992,-61,538,-308,59,200,263,121,145,0
1547730,165,165,781,312,1508,147,448,-255,-7,180,210,123,148,0
1551064,165,165,518,331,1689,286,343,-213,-22,197,151,137,147,0
1554403,165,165,1043,537,1524,514,71,-178,30,190,166,125,152,0
1557733,166,166,406,200,1885,777,-161,-154,55,192,163,143,154,0
1561067,166,166,350,106,2179,928,-424,-140,4,98,171,146,159,0
1564402,167,167,68,200,2437,1101,-637,-141,-167,29,111,161,154,0
1567737,167,167,0,50,1581,793,-542,-136,-126,33,51,170,162,0
1571071,168,168,50,143,1006,603,-384,-122,97,25,140,162,157,0
1574428,168,168,0,0,1789,1134,-437,-113,-126,123,89,167,165,0
1577740,169,169,0,106,1580,1644,-485,-105,-120,-27,28,166,159,0
1581074,169,169,143,0,1067,1423,-358,-88,-249,-41,-20,157,168,0
1584428,170,170,0,0,-118,794,-206,-64,126,-60,70,154,158,0
1587743,170,170,275,106,-154,-9,-176,-40,101,64,161,150,159,0
1591077,170,171,275,0,876,-324,-208,-21,-22,11,138,150,149,0
1594429,171,171,275,312,1306,-556,-383,-14,-157,-75,178,150,148,0
1597746,171,172,275,0,519,-850,-430,-9,-9,-107,158,150,152,0
1601080,172,172,143,256,329,-895,-474,-13,-125,-5,263,157,151,0
1604428,172,173,293,0,-188,-503,-843,-27,-142,43,416,149,151,0
1607750,173,173,0,50,-603,735,-1337,-60,-83,-129,473,160,146,0
1611084,173,173,350,331,-710,1379,-1751,-107,-195,-279,504,146,147,0
1614429,174,174,87,200,-881,1529,-1889,-168,-115,-284,542,152,146,0
1617753,174,174,350,125,-855,1615,-1839,-228,-201,-314,479,138,150,0
1621086,174,175,462,0,-1150,1242,-1316,-269,-67,-442,519,132,141,0
1624429,175,175,350,331,-805,561,-404,-290,-10,-416,553,138,139,0
1627755,175,175,406,218,291,-308,338,-293,-19,-323,491,135,145,0
1631090,176,176,12,0,866,-769,828,-286,-40,-226,374,140,144,0
1634430,176,176,518,200,1264,-998,1347,-260,-128,-187,241,129,146,0
1637758,176,177,387,0,554,-968,1458,-231,-142,-90,177,136,147,0
1641093,177,177,181,125,-135,-846,1394,-208,-50,-65,123,147,150,0
1644430,177,178,312,0,-508,-500,1370,-184,53,40,100,140,150,0
1647762,178,178,0,0,-883,-288,1245,-165,-78,25,44,143,152,0
1651096,178,179,443,0,-1318,-21,1242,-143,172,30,119,133,147,0
1654454,179,179,68,0,-812,94,1043,-125,-104,-32,119,137,144,0
1657766,179,179,293,368,-770,-35,1061,-102,94,-16,123,141,137,0
1661099,179,180,443,0,-334,-206,1073,-71,68,3,114,133,141,0
1664458,180,180,31,143,76,-681,1176,-29,-66,-22,100,139,133,0
1667769,180,181,443,368,-534,-1091,1071,17,-79,-44,79,133,121,0
1671103,180,181,443,331,-856,-1505,901,65,89,54,165,133,123,0
1674459,181,181,275,575,-472,-1632,981,112,-10,64,166,142,126,0
1677771,181,182,443,275,80,-1561,971,155,64,76,220,133,126,0
1681105,182,182,106,331,218,-1699,865,195,-47,109,231,135,123,0
1684463,182,182,556,781,128,-1753,667,231,-26,184,267,127,115,0
1687775,182,183,593,387,153,-1279,755,266,-78,206,263,125,120,0
1691110,183,183,500,856,-165,-895,721,295,-19,166,303,130,111,0
1694466,183,183,593,668,-497,-759,440,314,54,217,324,125,121,0
1697777,183,184,1100,818,-366,-425,362,332,21,206,328,122,121,0
1701112,184,184,481,687,-267,-63,348,355,49,190,357,139,128,0
1704467,184,184,950,1006,-249,70,186,374,19,254,349,130,127,0
1707781,185,185,556,668,-448,109,134,393,68,226,295,135,129,0
1711115,185,185,556,631,-481,109,90,422,76,228,254,135,131,0
1714467,185,185,987,856,-217,248,103,467,61,146,230,128,135,0
1717785,186,186,256,368,270,425,201,528,67,80,182,151,145,0
1721119,186,186,800,481,586,483,230,595,37,117,67,138,155,0
1724467,187,187,31,50,714,427,230,659,30,-16,-16,163,162,0
1727787,187,187,143,0,791,357,224,707,-103,9,-64,157,165,0
1731121,188,188,68,106,139,538,339,731,73,30,28,161,159,0
1734467,188,188,0,0,216,702,336,731,90,22,8,166,166,0
1737791,189,189,0,143,824,643,209,711,-22,-63,-21,173,157,0
1741125,189,189,125,0,893,574,234,676,33,-29,-9,158,166,0
1744468,190,190,50,106,1298,486,238,638,-43,-42,-2,162,159,0
1747794,190,190,181,68,1094,241,249,602,-143,-51,90,155,161,0
1751128,191,191,0,0,200,-178,247,567,-100,-14,89,155,150,0
1754468,191,191,200,125,-482,-843,114,532,134,28,161,154,158,0
1757797,192,192,0,0,69,-1016,130,497,55,22,234,156,155,0
1761131,192,192,125,68,-72,-921,-172,459,-139,73,303,158,161,0
1764489,193,193,0,0,-1025,-648,-484,411,-102,83,362,161,152,0
1767801,193,193,0,237,-1404,-254,-708,355,98,107,464,165,152,0
1771134,194,194,0,162,-1090,111,-952,289,14,-21,341,166,156,0
1774493,194,194,0,68,-1088,394,-1378,212,-195,-48,329,171,161,0
1777803,195,195,0,0,-1343,553,-1286,144,195,-36,384,181,153,0
1781138,195,195,0,162,-88,1538,-1089,79,71,-101,374,176,148,0
1784493,196,195,0,293,436,2572,-781,25,-207,-82,221,184,141,0
1787806,196,196,0,162,-489,2807,-820,-27,-237,-83,201,180,132,0
1791141,197,196,0,500,-1382,2762,-690,-70,229,-341,468,185,130,0
1794494,197,197,0,143,-92,2146,-202,-99,-61,-360,565,173,133,0
1797810,198,197,0,443,337,1332,-293,-131,-91,-298,528,165,133,0
1801144,198,197,0,387,-177,584,-624,-164,49,-303,440,147,136,0
1804493,199,198,0,200,-126,-110,-677,-197,-16,-227,374,137,130,0
1807813,199,198,350,443,-208,-385,-689,-229,73,-281,335,122,133,0
1811148,199,199,312,68,-301,-728,-776,-259,-14,-257,291,124,137,0
1814494,200,199,162,481,-23,-1196,-841,-290,26,-97,202,132,131,0
1817816,200,199,275,275,372,-1405,-865,-320,89,-52,159,126,142,0
1821150,201,200,0,0,677,-1473,-838,-349,90,-33,143,129,143,0
1824495,201,200,200,218,667,-1539,-595,-374,-15,10,97,130,145,0
1827820,201,201,331,31,563,-1401,-565,-399,-36,26,98,123,139,0
1831154,202,201,0,87,399,-1202,-393,-418,-7,22,103,135,136,0
1834494,202,201,256,443,-23,-978,-397,-438,75,56,113,127,133,0
1837822,202,202,406,87,37,-784,-491,-464,64,0,164,119,136,0
1841157,203,202,312,556,435,-794,-371,-486,97,29,179,124,127,0
1844495,203,203,462,181,953,-1117,-171,-498,8,62,201,116,131,0
1847826,203,203,518,350,1028,-1311,-83,-507,-17,92,223,113,122,0
1851161,204,203,406,650,926,-1394,78,-512,-32,52,217,119,122,0
1854516,204,203,500,593,704,-1551,255,-512,15,93,222,114,125,0
1857829,204,204,968,631,589,-1542,347,-509,-12,168,243,105,123,0
1861163,205,204,331,518,460,-1286,463,-498,72,136,283,123,129,0
1864519,205,205,1681,1118,528,-989,511,-486,84,130,290,123,153,0
1867833,205,205,987,762,898,-919,450,-467,108,156,312,160,172,0
1871166,206,206,743,706,1456,-884,384,-440,-6,152,317,173,175,0
1874520,206,206,1100,575,1499,-867,375,-406,-76,203,285,154,182,0
1877836,207,207,537,256,819,-618,391,-364,39,298,234,168,183,0
1881170,208,207,875,575,505,-86,448,-307,70,91,246,166,182,0
1884520,208,208,650,237,1330,407,202,-260,334,137,183,162,184,0
1887838,209,209,912,106,2667,851,-100,-229,-39,135,70,148,191,0
1891173,209,209,368,12,2902,1116,-399,-218,-22,101,144,177,196,0
1894520,210,210,0,331,2763,1195,-455,-206,-138,5,166,197,179,0
1897842,210,211,218,50,2591,1128,-565,-202,-189,-42,-26,185,194,0
1901176,211,211,0,50,1613,885,-463,-210,-69,42,-87,198,194,0
1904521,211,212,143,0,788,763,-378,-213,149,46,17,189,181,0
1907845,212,212,0,0,1490,1092,-411,-206,3,96,-28,193,189,0
1911179,213,213,0,143,1629,1475,-169,-190,-69,62,-63,189,173,0
1914521,213,213,50,162,1072,1692,-153,-174,-174,0,-12,178,172,0
1917848,214,214,162,500,186,1532,-121,-153,-7,43,94,172,154,0
1921182,214,214,331,331,-143,1365,-214,-134,53,-57,138,163,163,0
1924521,215,215,0,0,671,901,-239,-114,-107,-62,160,177,165,0
1927851,215,215,350,275,1386,278,-167,-93,-419,-102,304,162,166,0
1931210,216,216,0,68,556,-329,-144,-79,-398,-97,498,166,161,0
1934542,216,216,518,387,-1717,-626,-809,-87,-105,-111,460,153,160,0
1937854,217,217,0,125,-1925,-550,-1351,-117,-186,-156,492,168,158,0
1941214,217,217,687,518,-2052,-147,-1664,-156,-179,-268,499,144,153,0
1944546,218,218,125,68,-2378,170,-1775,-196,10,-365,523,158,161,0
1947858,218,218,518,162,-1753,7,-1448,-230,-78,-361,549,145,164,0
1951216,219,219,68,0,-1057,-337,-1055,-258,-6,-354,518,153,159,0
1954546,219,219,650,275,132,-659,-384,-267,-14,-274,437,138,158,0
1957861,219,220,668,12,864,-709,105,-266,-131,-289,403,137,156,0
1961220,220,220,162,0,990,-866,334,-264,-109,-182,323,148,158,0
1964546,220,221,593,200,637,-820,514,-258,-130,-32,227,141,146,0
1967864,221,221,143,31,-24,-387,636,-253,-32,-82,124,149,155,0
1971223,221,222,725,181,-607,-200,624,-250,-33,-38,131,134,147,0
1974546,222,222,106,143,-784,-248,518,-247,0,-18,136,151,149,0
1977867,222,223,106,0,-700,-202,422,-246,-58,35,144,151,142,0
1981225,222,223,650,462,-955,-166,353,-247,43,7,122,138,132,0
1984547,223,223,68,312,-723,-402,451,-245,10,-10,35,153,140,0
1987871,223,224,293,143,-382,-710,442,-245,6,-58,147,141,133,0
1991229,224,224,125,425,-431,-1186,579,-233,-33,40,135,150,134,0
1994547,224,224,350,368,-513,-1707,446,-216,106,-14,148,138,137,0
1997874,225,225,462,462,72,-1940,470,-189,108,94,145,132,132,0
2001229,225,225,425,368,738,-1810,492,-160,-26,162,128,134,137,0
2004548,225,226,462,293,736,-1456,566,-124,-11,48,204,132,125,0
2007877,226,226,331,668,324,-1571,374,-98,2,133,219,139,121,0
2011234,226,226,650,500,199,-1523,325,-76,-10,202,226,122,130,0
2014568,226,227,968,650,427,-758,502,-48,-37,182,279,121,122,0
2017881,227,227,312,743,170,-444,508,-26,30,226,260,140,117,0
2021238,227,227,556,612,-82,-358,518,-6,0,251,263,127,124,0
2024571,228,228,518,575,-191,-48,625,17,1,243,255,129,126,0
2027883,228,228,518,575,-358,308,778,48,-66,291,231,129,126,0
2031237,228,228,893,781,-771,550,776,80,102,98,191,133,139,0
2034572,229,229,218,200,-514,216,746,108,117,64,175,153,154,0
2037886,229,229,856,368,241,46,618,132,86,144,179,135,161,0
2041237,230,230,31,87,702,165,578,175,-116,82,74,163,160,0
2044572,230,230,462,406,19,630,617,237,-43,111,29,156,159,0
2047889,231,231,68,237,-158,810,603,308,129,-15,83,161,152,0
2051238,231,231,125,31,412,701,633,383,83,31,81,158,163,0
2054572,232,232,31,31,978,727,696,450,17,12,65,163,163,0
2057893,232,232,87,0,1117,771,611,502,55,3,71,160,166,0
2061238,233,233,162,256,973,442,498,529,-48,-23,32,156,151,0
2064572,233,233,181,68,660,-262,473,541,-83,40,88,155,161,0
2067897,233,234,518,181,151,-534,423,544,94,42,159,153,155,0
2071238,234,234,68,50,174,-767,272,536,-41,22,202,161,162,0
2074573,234,235,181,0,-323,-906,-50,515,-45,115,272,155,151,0
2077899,235,235,31,237,-803,-715,-283,486,-25,139,314,163,152,0
2081239,235,236,143,0,-888,-434,-504,454,79,87,365,157,155,0
2084573,236,236,0,68,-585,-118,-835,415,13,74,352,166,161,0
2087902,236,237,31,0,-421,267,-1185,367,-139,55,299,163,158,0
2091260,237,237,0,218,-919,640,-1398,309,197,-7,300,168,153,0
2094595,237,237,0,312,-705,830,-1486,249,208,-94,334,170,148,0
2097906,238,238,0,0,140,1495,-1363,188,-71,-16,180,172,150,0
2101264,239,238,0,387,-10,2225,-1351,132,-194,-60,198,173,144,0
2104598,239,239,0,181,-1334,2634,-1409,74,21,-203,256,172,139,0
2107909,240,239,0,462,-1820,2404,-1299,18,51,-221,410,165,140,0
2111293,240,240,0,331,-1091,2162,-1090,-33,44,-225,550,161,139,0
2114599,241,240,0,350,-130,1458,-996,-76,56,-316,532,153,138,0
2117912,241,240,87,368,310,849,-1148,-122,-105,-328,491,136,137,0
2121264,241,241,575,537,401,281,-955,-168,-140,-253,381,126,128,0
2124598,242,241,0,425,-377,-123,-963,-214,40,-225,352,141,134,0
2127915,242,242,237,50,-360,-339,-938,-259,127,-202,365,128,138,0
2131264,242,242,575,425,37,-628,-1002,-310,131,-155,271,126,134,0
2134599,243,242,0,237,626,-1113,-1107,-369,60,-97,146,144,144,0
2137919,243,243,556,293,854,-1469,-954,-423,-30,-57,148,127,141,0
2141266,244,243,0,125,711,-1717,-708,-468,63,13,137,147,150,0
2144599,244,244,68,31,869,-1834,-531,-504,-49,-19,75,137,139,0
2147922,244,244,481,500,535,-1794,-435,-536,-35,51,72,131,130,0
2151265,245,244,0,406,-199,-1427,-649,-575,-7,83,143,146,135,0
2154599,245,245,575,443,-439,-726,-636,-614,116,71,144,126,133,0
2157925,246,245,575,293,42,-768,-373,-646,110,0,202,126,141,0
2161265,246,246,218,237,674,-1138,-198,-674,40,0,197,129,128,0
2164600,246,246,800,725,1054,-1258,-160,-698,-57,93,199,114,118,0
2167928,247,246,368,556,873,-1185,-76,-716,-59,27,217,121,127,0
2171286,247,247,725,556,631,-1325,142,-726,44,108,238,118,127,0
2174599,247,247,800,556,426,-1426,323,-729,19,160,220,114,127,0
2177931,248,247,518,462,374,-1121,339,-727,126,177,243,129,132,0
2181287,248,248,875,631,772,-725,366,-714,139,137,263,110,123,0
2184623,248,248,875,425,1678,-489,420,-692,97,175,252,110,134,0
2187934,249,248,368,406,2146,-352,377,-664,-67,178,233,121,135,0
2191290,249,249,650,387,1798,-154,421,-625,-84,184,198,122,136,0
2194655,249,249,1175,800,964,139,383,-576,-60,150,206,118,138,0
2197938,250,250,575,462,667,367,305,-523,104,158,240,134,140,0
2201290,250,250,593,237,1098,492,127,-473,109,155,206,133,152,0
2204623,250,251,1062,275,1930,425,4,-430,30,63,207,124,150,0
2207941,251,251,181,200,2189,191,-24,-388,-45,128,172,155,154,0
2211291,251,251,650,612,1721,293,-142,-349,-166,121,167,146,148,0
2214623,252,252,0,181,1126,575,-211,-315,-89,21,128,170,155,0
2217944,252,253,106,106,611,598,-177,-286,67,93,106,159,159,0
2221291,253,253,87,106,464,543,-238,-263,143,103,117,160,159,0
2224624,253,253,350,12,1677,701,-336,-237,-42,16,88,146,164,0
2227947,254,254,256,218,1980,667,-300,-217,-166,3,69,151,153,0
2231291,254,254,200,87,1364,177,-389,-199,-124,20,71,154,160,0
2234624,255,255,106,31,554,-40,-384,-181,-4,59,61,159,163,0
2237950,255,255,181,12,616,-112,-501,-166,74,3,59,155,164,0
2241291,256,256,218,218,982,-72,-543,-148,-58,-19,105,153,153,0
2244625,256,256,143,143,797,-164,-813,-144,-94,0,120,157,157,0
2247954,256,257,200,0,354,-245,-954,-151,-39,-59,202,154,151,0
2251292,257,257,218,237,-30,-346,-1214,-173,-93,-26,195,153,152,0
2254625,257,258,256,0,-648,135,-1366,-202,-52,-5,385,151,150,0
2257957,258,258,143,312,-649,977,-1803,-238,36,-43,473,157,148,0
2261315,258,259,331,31,-104,1541,-2066,-283,-143,-281,457,147,147,0
2264649,259,259,200,368,-454,1272,-2173,-339,-227,-272,467,154,145,0
2267960,259,259,462,312,-1288,1131,-1984,-395,-36,-337,545,140,148,0
2271317,260,260,0,12,-1268,868,-1484,-436,-39,-429,567,149,148,0
2274652,260,260,443,368,-387,383,-709,-456,-186,-370,510,141,145,0
2277963,260,261,631,200,-310,-141,32,-459,7,-318,461,139,146,0
2281317,261,261,143,31,425,-758,674,-448,-15,-292,385,149,155,0
2284653,261,262,406,0,800,-953,1199,-421,-175,-296,271,135,147,0
2287966,262,262,237,218,362,-1063,1326,-391,-139,-196,214,144,145,0
2291317,262,263,331,0,-181,-1159,1417,-360,-146,62,128,139,148,0
2294658,263,263,0,0,-563,-826,1401,-328,-40,16,142,142,148,0
2297970,263,263,218,125,-680,-449,1400,-298,-23,23,90,145,150,0
2301317,263,264,368,0,-845,-119,1335,-268,-9,26,78,137,151,0
2304658,264,264,293,125,-950,9,1177,-241,77,12,134,141,150,0
2307973,264,265,406,0,-930,73,1103,-210,95,-1,139,135,141,0
2311317,265,265,0,68,-471,-97,1025,-178,65,-57,158,141,137,0
2314659,265,265,368,518,103,-457,1122,-143,-67,-32,110,137,129,0
2317976,265,266,518,125,-27,-867,1084,-104,36,-64,143,129,134,0
2321318,266,266,293,631,-26,-1521,1178,-61,-63,14,128,141,123,0
2324659,266,267,406,275,-399,-1757,1130,-20,-54,53,132,135,126,0
2327979,267,267,443,331,-584,-1895,1099,21,49,123,220,133,123,0
2331318,267,267,350,650,-5,-1735,1163,68,-19,150,221,138,122,0
2334659,267,268,575,293,161,-1493,1190,114,-15,127,250,126,125,0
2337982,268,268,387,818,164,-1416,1065,160,-57,175,282,136,113,0
2341339,268,268,556,743,-546,-1208,758,195,-13,234,300,127,117,0
2344660,268,269,706,293,-676,-749,667,232,31,211,319,119,125,0
2347986,269,269,518,781,-387,-288,505,265,44,187,292,129,115,0
2351343,269,269,725,650,-136,105,356,301,-24,210,304,118,122,0
2354661,269,270,1043,706,-282,216,224,338,-3,205,304,117,119,0
2357989,270,270,350,687,-322,235,156,381,32,194,299,138,120,0
2361343,270,270,1006,1025,-129,194,135,428,10,147,280,127,126,0
2364660,271,271,518,443,-2,185,170,489,80,172,201,137,141,0
2367992,271,271,275,387,318,212,245,562,15,186,142,150,144,0
2371342,271,272,725,331,583,445,333,640,7,70,143,142,147,0
2374685,272,272,12,275,599,513,543,719,-78,132,52,164,150,0
2377995,272,272,537,443,376,668,558,783,42,-28,47,152,157,0
2381343,273,273,0,0,657,793,655,825,16,-9,-40,169,166,0
2384686,273,273,462,368,1119,549,523,841,-29,-24,-9,156,161,0
2387998,274,274,0,0,938,520,578,838,48,-28,0,172,171,0
2391344,274,275,143,0,668,691,430,814,-49,-26,-40,157,160,0
2394686,275,275,31,181,86,581,403,785,-32,-48,27,163,155,0
2398001,275,275,275,200,-409,85,340,751,139,-43,55,150,154,0
2401344,276,276,31,200,336,-550,356,718,21,10,153,163,154,0
2404686,276,277,200,0,442,-929,317,685,25,58,184,154,155,0
2408006,277,277,106,200,360,-1049,227,650,-8,82,199,159,154,0
2411344,277,277,162,162,-115,-882,-70,611,-4,33,265,156,156,0
2414687,278,278,0,0,-486,-560,-411,564,-81,83,321,166,158,0
2418008,278,278,0,68,-859,-123,-715,509,36,144,410,166,161,0
2421365,279,279,0,0,-866,445,-1135,439,29,10,358,175,155,0
2424687,279,279,0,106,-854,714,-1384,362,-73,-126,308,170,159,0
2428011,280,280,0,0,-1125,641,-1404,281,105,-52,335,184,153,0
2431369,280,280,0,293,-165,1414,-1213,208,7,-59,311,175,149,0
2434688,281,281,0,68,-28,2207,-1023,141,-47,-132,245,185,145,0
2438014,281,281,0,181,-547,2660,-1133,70,-218,-112,181,178,139,0
2441369,282,281,0,575,-1228,2556,-1136,-2,102,-288,432,177,134,0
2444687,283,282,0,331,-840,1919,-857,-62,247,-391,539,176,139,0
2448018,283,282,0,312,235,1219,-855,-112,-123,-349,539,160,140,0
2451370,283,283,0,200,31,679,-1017,-165,-158,-299,437,147,130,0
2454688,284,283,0,556,-550,379,-1047,-214,34,-271,389,142,127,0
2458021,284,283,331,368,-645,170,-847,-251,46,-191,359,123,137,0
2461369,285,284,237,518,-478,-286,-882,-286,106,-284,346,128,129,0
2464712,285,284,275,312,40,-672,-814,-316,33,-178,257,126,140,0
2468024,285,285,350,0,379,-1052,-812,-346,107,-106,163,122,142,0
2471369,286,285,12,331,877,-1330,-625,-371,-15,-71,158,140,139,0
2474716,286,285,125,218,1010,-1475,-526,-395,36,-78,202,134,145,0
2478027,286,286,256,12,975,-1542,-472,-420,48,-19,145,127,140,0
2481371,287,286,31,331,913,-1415,-306,-446,-39,32,94,139,139,0
2484715,287,287,200,143,572,-1238,-155,-469,10,39,102,130,133,0
2488030,287,287,593,556,133,-1053,-101,-492,14,35,138,125,127,0
2491370,288,287,106,425,39,-965,-130,-513,76,4,155,135,134,0
2494716,288,288,537,162,341,-1132,23,-530,14,24,209,112,132,0
2498034,289,288,800,556,795,-1414,115,-540,26,31,227,114,127,0
2501392,289,289,237,350,1014,-1746,231,-545,-33,66,227,128,122,0
2504717,289,289,893,668,966,-1873,431,-542,-79,50,221,109,121,0
2508037,289,289,668,462,639,-1931,636,-534,42,172,211,121,132,0
2511394,290,290,200,237,189,-1588,571,-526,65,177,210,130,128,0
2514717,290,290,931,556,428,-1084,615,-514,120,142,257,107,127,0
2518040,291,290,725,462,893,-808,577,-493,123,183,284,118,132,0
2521394,291,291,687,593,1269,-575,635,-461,-14,189,266,120,125,0
2524717,291,291,856,537,1088,-327,582,-420,-25,187,232,111,128,0
2528043,291,291,1137,781,692,-87,549,-367,47,161,253,120,139,0
2531394,292,292,462,331,677,91,451,-310,49,169,221,140,147,0
2534717,292,292,1100,612,1033,222,358,-255,48,183,243,122,148,0
2538046,293,293,593,331,1248,375,256,-209,77,156,210,133,147,0
2541394,293,293,668,256,1664,338,116,-174,65,127,196,129,151,0
2544717,293,294,931,293,1954,329,1,-138,-23,82,97,131,149,0
2548050,294,294,125,237,1926,437,-219,-109,-57,144,168,158,152,0
2551395,294,295,462,275,1649,807,-322,-93,-130,21,80,156,150,0
2554718,295,295,0,87,1117,807,-278,-75,-92,42,74,173,160,0
2558053,295,295,143,143,891,758,-232,-50,172,134,98,157,157,0
2561395,296,296,68,68,2070,1108,-533,-34,-63,14,118,161,161,0
2564722,296,297,368,0,2241,1099,-572,-26,-178,-14,42,145,160,0
2568056,297,297,31,31,1509,585,-476,-13,-129,39,13,163,163,0
2571395,297,297,50,143,597,249,-487,-3,-38,-54,2,162,157,0
2574725,298,298,0,162,571,422,-321,12,-84,-32,57,166,156,0
2578059,298,299,200,125,736,412,-281,23,-81,-8,152,154,158,0
2581396,299,299,87,256,461,201,-344,28,-118,-17,134,160,151,0
2584728,299,299,275,218,-156,-38,-446,29,-120,-36,176,150,153,0
2588062,300,300,0,0,-113,-227,-561,21,-74,-56,275,154,156,0
2591420,300,300,293,181,194,-90,-661,5,-56,-35,371,149,155,0
2594732,301,301,0,0,33,535,-1102,-25,-139,-104,469,150,149,0
2598066,301,301,106,331,-211,898,-1494,-68,-198,-263,478,159,147,0
2601423,301,302,331,0,-910,1166,-1826,-125,-290,-271,506,147,149,0
2604734,302,302,237,368,-1734,1280,-1802,-185,-12,-388,536,152,145,0
2608069,302,303,537,12,-1768,1102,-1578,-242,34,-386,564,136,148,0
2611423,303,303,125,218,-562,436,-751,-279,-125,-407,480,150,145,0
2614738,303,303,350,143,-259,3,-166,-304,58,-348,480,138,149,0
2618072,303,304,406,0,502,-420,412,-309,-117,-324,374,135,146,0
2621429,304,304,331,106,864,-995,1046,-295,-132,-223,285,139,151,0
2624741,304,305,350,0,445,-1166,1160,-277,-153,-117,167,138,149,0
2628075,305,305,181,106,-9,-1103,1274,-257,-60,-6,147,147,151,0
2631430,305,306,331,0,-358,-768,1123,-240,-108,-21,91,139,149,0
2634744,306,306,0,0,-664,-485,1071,-224,5,14,117,143,156,0
2638079,306,307,312,0,-735,-156,1038,-206,22,66,112,140,148,0
2641430,306,307,406,0,-859,94,845,-190,-7,-31,71,135,144,0
2644747,307,307,275,293,-884,45,644,-178,76,-47,134,142,141,0
2648083,307,308,462,87,-500,-142,626,-162,22,-45,106,132,136,0
2651429,308,308,0,106,-23,-545,690,-141,25,-39,118,142,135,0
2654751,308,309,406,368,54,-941,736,-111,-75,-14,91,135,121,0
2658085,308,309,443,350,-410,-1383,716,-79,-44,4,132,133,122,0
2661430,309,309,293,687,-989,-1950,658,-49,47,73,188,141,120,0
2664754,309,310,500,275,-888,-2224,559,-25,98,137,265,130,126,0
2668088,310,310,425,256,-30,-2170,721,14,105,150,241,134,127,0
2671430,310,310,387,668,954,-1602,928,60,-42,189,250,136,121,0
2674757,310,311,612,462,634,-1319,780,100,-125,166,266,124,116,0
2678091,311,311,181,537,-235,-1173,650,135,-44,229,314,131,112,0
2681430,311,311,743,668,-939,-515,640,165,66,243,318,117,121,0
2684761,311,311,650,650,-507,-18,621,193,72,154,359,122,122,0
2688095,312,312,556,818,-127,91,506,220,21,176,344,127,113,0
2691431,312,312,668,706,-47,117,459,248,-12,176,328,121,119,0
2694763,312,313,1100,743,-187,139,407,279,9,165,253,122,125,0
2698098,313,313,368,556,-161,206,393,312,4,200,222,145,135,0
2701456,313,313,1025,818,-26,470,445,360,39,205,206,126,137,0
2704766,314,314,406,481,-58,528,501,422,47,84,179,143,139,0
2708101,314,314,312,368,152,450,495,495,100,61,162,148,145,0
2711456,315,315,293,50,854,525,633,571,-1,-12,25,149,162,0
2714769,315,315,87,0,823,510,596,639,56,-65,-21,160,165,0
2718104,315,316,481,87,970,307,469,677,-27,-28,-28,155,160,0
2721457,316,316,0,12,657,571,552,699,41,16,-10,165,164,0
2724773,316,317,368,237,704,784,550,704,-22,-16,-46,161,152,0
2728107,317,317,0,200,556,675,370,683,30,-60,-5,168,154,0
2731457,317,318,481,200,345,53,453,660,-33,-72,2,155,154,0
2734776,318,318,12,181,274,-323,558,638,-80,-58,61,164,155,0
2738111,318,319,218,125,-151,-706,438,617,49,7,93,153,158,0
2741457,319,319,68,181,-158,-1068,419,596,61,54,123,161,155,0
2744779,319,319,162,87,164,-1024,318,574,0,110,198,156,160,0
2748113,320,320,0,143,321,-905,62,549,-97,104,273,167,157,0
2751457,320,320,125,162,-423,-506,-286,520,-92,133,324,158,156,0
2754783,321,321,0,0,-1000,93,-551,483,75,133,403,169,154,0
2758117,321,321,0,87,-865,862,-947,432,64,50,382,166,160,0
2761458,322,322,0,0,-708,925,-1212,371,-125,-105,317,180,154,0
2764786,322,322,0,31,-1190,659,-1250,310,144,18,279,173,163,0
2768120,323,323,0,0,-643,1558,-1165,253,-8,-128,307,182,150,0
2771458,323,323,0,312,-145,2286,-858,209,-58,-132,331,176,148,0
2774789,324,324,0,125,-532,2452,-940,157,37,-146,180,177,142,0
2778123,325,324,0,275,-694,2442,-932,99,-194,-283,355,177,142,0
2781458,325,325,0,87,-728,2034,-645,54,194,-351,575,174,136,0
2784792,326,325,0,500,216,1403,-738,11,-141,-334,539,166,130,0
2788127,326,325,0,331,236,703,-880,-36,-169,-300,409,156,139,0
2791482,327,326,0,181,-464,424,-933,-84,41,-285,402,140,131,0
2794796,327,326,143,537,-383,151,-835,-126,28,-262,421,133,128,0
2798130,327,326,350,425,-202,-432,-751,-164,94,-159,333,122,134,0
2801487,328,327,275,387,255,-745,-846,-203,-7,-163,246,126,136,0
2804798,328,327,218,256,183,-1037,-850,-242,97,-112,153,129,143,0
2808134,328,328,256,0,284,-1390,-720,-278,81,-121,134,127,143,0
2811491,329,328,68,293,908,-1580,-495,-310,-42,-20,104,137,141,0
2814802,329,328,237,275,741,-1550,-627,-345,14,29,94,128,142,0
2818136,329,329,256,31,378,-1349,-385,-376,-37,6,115,127,139,0
2821495,330,329,0,368,138,-1155,-176,-401,10,42,97,141,137,0
2824805,330,330,387,106,-7,-1002,-192,-421,49,30,133,120,135,0
2828140,330,330,762,481,207,-945,-101,-442,61,-3,159,116,131,0
2831496,331,330,200,462,581,-1100,35,-458,80,23,174,130,132,0
2834808,331,331,462,256,1054,-1423,248,-462,-17,52,203,116,127,0
2838142,331,331,725,593,950,-1667,331,-465,-61,101,165,118,125,0
2841495,332,331,162,593,421,-1622,326,-473,45,50,240,132,125,0
2844811,332,332,987,631,431,-1642,443,-472,59,96,218,104,123,0
2848146,332,332,818,518,694,-1688,594,-467,40,160,243,113,129,0
2851495,333,333,256,331,848,-1578,668,-456,43,143,263,127,123,0
2854814,333,333,950,650,914,-1298,731,-435,31,167,243,106,122,0
2858150,333,333,781,443,754,-959,792,-401,22,198,245,115,133,0
2861496,334,334,612,537,570,-756,842,-358,51,151,251,132,136,0
2864818,334,334,687,462,533,-437,782,-304,86,245,233,128,140,0
2868153,335,334,781,612,923,141,608,-247,156,158,231,123,148,0
2871496,335,335,650,125,1658,381,508,-192,51,163,192,130,158,0
2874822,335,335,1118,443,2107,501,371,-144,-16,163,201,121,157,0
2878156,336,336,500,181,2193,679,113,-114,-8,145,200,138,155,0
2881496,336,336,556,143,2079,737,-74,-87,-38,163,191,135,157,0
2884824,337,337,612,275,1807,716,-327,-68,-41,142,139,132,150,0
2888159,337,337,106,68,1720,917,-447,-62,-69,109,91,159,161,0
2891497,337,338,368,200,1784,1029,-515,-55,-191,-96,-10,161,154,0
2894827,338,338,0,0,914,574,-374,-39,135,170,129,173,165,0
2898162,339,339,350,162,1587,1158,-499,-25,74,215,159,162,156,0
2901518,339,339,0,0,1591,1555,-479,-14,-98,-40,96,165,168,0
2904830,339,340,143,0,1203,1328,-216,2,-119,-34,7,157,159,0
2908165,340,340,87,50,-21,437,-207,22,-19,-119,40,160,162,0
2911522,340,341,275,0,-59,-79,-188,42,193,3,101,150,151,0
2914834,341,341,106,312,774,-414,-229,58,65,-38,97,159,148,0
2918168,341,341,312,218,1393,-780,-195,67,-172,-20,103,148,153,0
2921522,342,342,12,237,777,-932,-425,73,-143,-66,134,164,152,0
2924837,342,343,125,0,211,-832,-607,66,-136,34,207,158,151,0
2928171,343,343,0,68,-272,-196,-755,48,-195,68,261,158,145,0
2931522,343,343,293,293,-924,764,-1183,17,48,-63,468,149,149,0
2934841,344,344,0,0,-502,1348,-1499,-25,-113,-169,496,160,151,0
2938174,344,344,237,275,-584,1600,-1904,-86,-137,-298,531,152,150,0
2941552,345,345,256,181,-843,1513,-1938,-154,-121,-379,521,143,147,0
2944843,345,345,200,143,-904,1343,-1641,-216,-130,-456,545,146,149,0
2948178,345,346,462,237,-803,467,-869,-253,-52,-414,575,132,144,0
2951523,346,346,293,350,-355,-164,-296,-276,20,-333,511,141,138,0
2954846,346,346,462,218,420,-566,252,-287,-129,-301,401,132,145,0
2958181,347,347,406,0,693,-995,832,-282,-149,-152,256,135,144,0
2961523,347,347,368,181,468,-1119,1118,-270,-111,-160,227,137,147,0
2964850,347,348,368,0,324,-1101,1252,-255,-162,-36,158,137,147,0
2968184,348,348,162,162,-333,-849,1300,-241,-59,22,114,148,148,0
2971523,348,349,275,0,-718,-531,1246,-227,-84,71,51,142,148,0
2974853,349,349,87,0,-1036,-132,1204,-208,47,41,102,136,148,0
2978188,349,349,275,162,-1071,219,965,-194,20,-2,119,142,148,0
2981544,349,350,443,0,-918,170,875,-178,71,-23,136,133,146,0
2984856,350,350,218,293,-423,-11,856,-155,-15,22,116,145,141,0
2988191,350,351,443,87,27,-209,872,-125,-98,-38,71,133,136,0
2991547,351,351,68,181,-556,-654,869,-88,-130,-33,39,137,131,0
2994859,351,351,350,612,-1330,-1218,671,-53,142,-9,174,138,124,0
2998194,351,352,500,237,-659,-1557,784,-12,40,32,203,130,128,0
