Time, Rlegs, Llegs, DCL, DCR, GyroX, GyroY, GyroZ, GyroZAvg, AccelX, AccelY, AccelZ, LBEMF, RBEMF, SteerOut
3272,1297,1347,800,0,210,-127,-158,-158,-22,-4,225,102,103,0
6607,1297,1347,800,0,209,-125,-161,-158,-25,-5,230,102,103,0
9944,1297,1347,800,0,210,-125,-161,-158,-18,-5,225,102,103,0
13275,1297,1347,800,0,212,-124,-161,-158,-24,-1,228,102,103,0
16610,1297,1347,800,0,212,-123,-160,-158,-18,-4,227,102,103,0
19944,1297,1347,800,0,211,-126,-159,-158,-20,-2,227,102,103,0
23278,1297,1347,800,0,211,-125,-160,-158,-20,-4,227,102,103,0
26634,1297,1347,800,0,212,-128,-157,-158,-19,-3,229,102,103,0
29966,1297,1347,800,0,210,-128,-157,-158,-22,-4,227,102,103,0
33281,1297,1347,800,0,210,-132,-156,-158,-19,-3,229,102,103,0
36638,1297,1347,800,0,206,-128,-159,-158,-20,-7,232,102,103,0
39969,1297,1347,800,0,207,-133,-156,-158,-19,-6,227,102,103,0
43285,1297,1347,800,0,206,-134,-158,-158,-21,-8,222,102,103,0
46640,1297,1347,800,0,205,-133,-156,-158,-22,-3,228,102,103,0
49969,1297,1347,818,0,208,-132,-157,-158,-21,-1,229,101,103,0
53288,1297,1347,800,0,206,-129,-157,-158,-22,-3,230,102,103,0
56644,1297,1347,800,0,210,-129,-157,-158,-20,-5,221,102,103,0
59969,1297,1347,800,0,212,-126,-157,-158,-21,-2,227,102,103,0
63292,1297,1347,800,0,209,-127,-158,-158,-20,-1,223,102,102,0
66646,1297,1347,800,0,212,-125,-158,-157,-22,-1,232,102,103,0
69970,1297,1347,818,0,212,-122,-162,-158,-23,0,229,101,103,0
73294,1297,1347,800,0,207,-124,-161,-158,-23,-1,228,102,103,0
76649,1297,1347,818,0,208,-126,-160,-158,-25,-6,226,101,103,0
79970,1297,1347,800,0,210,-127,-160,-158,-21,-4,228,102,103,0
83297,1297,1347,800,0,210,-129,-161,-158,-22,-2,225,102,103,0
86652,1297,1347,800,0,210,-131,-161,-158,-20,-6,226,102,103,0
89970,1297,1347,800,0,208,-128,-160,-158,-19,-4,225,102,103,0
93302,1297,1347,800,0,207,-130,-158,-158,-21,-7,227,102,103,0
96653,1297,1347,800,0,206,-130,-158,-158,-27,-5,226,102,103,0
99970,1297,1347,800,0,207,-132,-156,-158,-21,-4,226,102,103,0
103363,0,0,0,0,207,-130,-154,-158,-22,-1,222,102,103,0
106657,0,0,0,0,207,-131,-158,-158,-22,-2,227,102,103,0
109992,0,0,0,0,209,-131,-155,-158,-22,-1,227,102,103,0
113308,0,0,0,0,210,-130,-157,-158,-23,-6,225,102,103,0
116661,0,0,0,0,211,-129,-156,-158,-23,0,225,102,103,0
119995,0,0,0,0,212,-126,-159,-158,-22,0,226,102,103,0
123310,0,0,0,0,211,-127,-158,-158,-27,-1,225,102,103,0
126661,0,0,0,0,215,-125,-159,-158,-20,-3,226,102,103,0
129996,0,0,0,0,210,-127,-159,-157,-22,-1,229,102,103,0
133313,0,0,0,0,213,-123,-159,-158,-22,-5,231,102,103,0
136661,0,0,0,0,215,-126,-161,-158,-22,-3,224,102,103,0
139996,0,0,0,0,211,-127,-160,-158,-22,-1,228,102,103,0
143317,0,0,0,0,212,-127,-160,-158,-19,-2,229,102,103,0
146662,0,0,0,0,208,-128,-159,-158,-26,-1,230,102,103,0
149996,0,0,0,0,208,-129,-158,-158,-20,-3,231,102,103,0
153320,0,0,0,0,210,-130,-158,-158,-22,0,227,102,103,0
156662,0,0,0,0,207,-131,-156,-158,-23,-5,227,102,103,0
159996,0,0,0,0,210,-133,-156,-158,-18,-5,230,102,103,0
163323,0,0,0,0,208,-133,-158,-158,-20,-4,224,102,103,0
166662,0,0,0,0,205,-131,-161,-158,-23,-1,227,102,103,0
169997,0,0,0,0,207,-127,-158,-158,-24,0,230,101,103,0
173327,0,0,0,0,207,-129,-159,-158,-20,-3,234,102,103,0
176662,0,0,0,0,211,-127,-159,-158,-23,-2,226,102,103,0
179997,0,0,0,0,212,-127,-159,-158,-22,-5,233,102,103,0
183329,0,0,0,0,210,-126,-158,-158,-20,-5,226,102,103,0
186684,0,0,0,0,212,-129,-160,-158,-24,-3,229,102,103,0
190018,0,0,0,0,213,-127,-158,-158,-24,-2,226,102,103,0
193334,0,0,0,0,214,-127,-157,-158,-23,-4,229,102,103,0
196687,0,0,0,0,213,-129,-158,-158,-20,-4,224,102,103,0
200022,0,0,0,0,209,-130,-159,-158,-22,-5,228,102,103,0
203336,0,0,3800,3800,209,-129,-158,-158,-23,-1,227,0,0,0
206690,1,1,1100,1400,186,-245,-155,-158,-130,30,265,239,223,0
210024,1,1,1118,1175,-255,-345,-170,-158,-76,21,196,254,251,0
213339,2,2,293,518,-343,-283,-220,-160,-32,-67,230,298,286,0
216690,3,3,443,650,357,-418,-149,-160,-251,46,213,306,295,0
220025,3,4,1025,331,-115,148,-35,-156,-38,-70,325,291,312,0
223342,4,4,1250,987,-529,229,-44,-153,-102,9,388,295,309,0
226718,5,5,743,800,-668,-742,-284,-156,13,23,387,313,310,0
230026,6,6,762,1118,-829,-1514,-176,-157,-46,86,527,312,293,0
233345,7,7,912,1306,-1159,-2515,85,-149,-130,118,372,304,283,0
236691,8,8,1137,1400,-1586,-3629,61,-143,16,143,472,292,278,0
240026,8,8,1606,1906,-1322,-4155,45,-136,-33,359,413,299,283,0
243349,9,9,1418,1606,-1421,-3676,-246,-139,98,283,339,309,299,0
246691,10,10,1325,1306,-248,-2074,-436,-147,-38,238,356,314,315,0
250026,11,11,1400,1681,-489,-1109,-550,-160,-197,292,252,326,311,0
253352,12,12,1325,2018,-1855,-71,-358,-166,-187,143,118,355,318,0
256691,13,13,1175,1943,-3335,353,430,-147,-171,248,52,379,338,0
260026,14,14,593,1568,-4707,969,1044,-110,-60,359,43,410,358,0
263355,15,15,743,1175,-4722,745,1370,-62,199,-198,33,402,379,0
266713,17,16,481,706,-4431,152,1483,-11,628,-296,-146,416,420,0
270048,18,17,556,425,-2885,-401,1640,44,547,-206,240,412,435,0
273358,19,19,762,387,1334,-1125,821,75,-412,59,156,417,437,0
276744,21,20,218,387,-69,-1527,420,93,-104,-152,-58,431,438,0
280050,22,22,368,106,-692,-2061,87,101,510,-68,-120,423,437,0
283362,23,23,275,425,820,-1283,450,120,-73,77,-130,428,420,0
286717,25,24,312,631,36,90,-69,123,-247,190,30,426,425,0
290050,26,26,500,125,-1130,747,-796,103,469,93,306,416,436,0
293365,27,27,856,12,-939,-71,-435,94,603,-42,269,397,442,0
296717,29,28,1025,856,3323,608,-55,97,6,345,163,388,413,0
300050,30,30,1250,818,4896,1880,-341,91,164,283,-80,376,399,0
303368,31,31,1643,762,4057,3656,-1109,62,328,192,226,370,417,0
306717,32,32,2337,706,6110,4235,-1202,29,201,185,640,349,436,0
310050,33,34,2637,181,8622,3234,-1299,-6,490,87,400,333,448,0
313371,34,35,2412,0,10439,1259,-1432,-45,-168,228,268,361,474,0
316717,35,37,2243,706,9303,191,-1073,-74,-1581,496,9,386,436,0
320051,36,38,1212,462,3367,-110,-1055,-100,-68,340,666,441,449,0
323374,38,39,406,781,1296,-585,-1658,-147,30,105,74,468,432,0
326717,39,41,0,293,1845,-43,-1602,-196,-13,266,-253,488,433,0
330051,41,42,0,331,1683,2251,-511,-210,-386,-68,-665,470,431,0
333378,42,44,425,218,751,1429,1388,-158,-204,-165,-61,442,437,0
336718,44,45,162,125,-1316,-349,850,-126,-366,29,210,456,442,0
340051,45,46,631,612,-4547,-198,-252,-137,-624,22,-24,431,416,0
343381,47,47,0,631,-5300,1172,16,-138,246,-70,503,463,415,0
346739,48,49,612,1100,-2732,1314,-449,-154,-659,-193,847,432,390,0
350051,49,50,950,1325,-3549,374,-666,-167,169,-715,833,414,378,0
353384,50,51,2131,1925,-3404,-1420,-372,-165,49,-196,1072,376,371,0
356742,52,52,2037,2056,-3051,-2891,-199,-154,76,-296,1010,381,380,0
360076,53,53,1756,2150,-2491,-4610,-144,-147,-98,227,455,396,375,0
363387,54,54,1212,2375,-2094,-5788,-15,-161,-95,486,733,441,379,0
366743,55,55,1156,2300,-1956,-5677,-776,-218,327,411,355,460,399,0
370079,57,57,950,1775,-1266,-4525,-1177,-297,-182,554,51,455,411,0
373390,58,58,1043,1231,-1884,-1780,-748,-367,-656,229,31,450,440,0
376743,60,59,368,1006,-4566,-1257,-664,-439,-42,-26,138,471,453,0
380083,61,61,500,443,-4851,-1603,-736,-488,558,70,98,464,467,0
383394,63,63,0,631,-1384,-1923,-486,-516,557,2,90,481,457,0
386743,64,64,725,275,1155,-2418,-743,-542,-23,-162,248,452,476,0
390085,66,65,50,500,2053,-2834,-1669,-608,194,-354,-143,472,464,0
393397,67,67,500,537,1795,-2808,-1688,-659,-661,-153,-472,464,462,0
396744,69,68,0,631,197,-3155,-1331,-676,-176,303,-82,479,457,0
400116,70,70,762,687,-397,-2655,-1595,-712,377,133,251,465,469,0
403401,71,71,875,875,337,-658,-2741,-796,586,-20,199,459,459,0
406744,73,73,1193,556,2094,-80,-2387,-860,202,137,213,442,476,0
410085,74,74,1587,893,4264,715,-1883,-884,143,236,347,421,458,0
413403,75,76,1681,500,5046,1946,-2284,-918,119,113,336,416,463,0
416744,77,77,1587,706,4721,2648,-2015,-940,-205,203,-230,421,468,0
420086,78,79,1606,275,3887,3259,-2190,-964,-211,169,149,420,475,0
423407,79,80,1737,687,2890,2871,-1936,-991,-182,182,297,429,469,0
426745,81,82,668,0,1395,2485,-1291,-998,5,185,65,445,487,0
430086,82,84,350,0,1105,2026,-1324,-988,-437,-714,-237,462,472,0
433409,84,85,162,256,-349,1940,-1566,-987,390,98,4,472,451,0
436765,85,86,406,556,527,3357,-1043,-1003,-201,110,175,459,435,0
440086,87,88,537,0,890,4791,17,-1046,-273,-209,-437,436,451,0
443413,88,89,387,518,-581,2804,-159,-1078,444,-46,-105,460,437,0
446769,89,91,500,68,-752,1132,-775,-1094,90,63,222,454,445,0
450114,91,92,1118,818,864,1955,-82,-1097,-90,-103,58,446,446,0
453417,92,93,1475,818,1435,2461,1086,-1049,48,-31,39,427,446,0
456769,94,95,781,1193,1777,2571,847,-1002,-296,-170,14,464,426,0
460087,95,96,893,1868,493,2500,1431,-945,-997,-299,26,458,390,0
463419,97,97,256,2187,-6402,342,1048,-906,-1043,11,522,476,373,0
466769,98,98,1100,2281,-11833,-1913,354,-891,428,-103,987,447,384,0
470112,99,100,950,1531,-11136,-4058,278,-882,1776,191,791,455,408,0
473422,101,101,1212,1625,-1116,-4143,1196,-820,483,406,757,441,419,0
476770,102,102,312,725,3302,-3046,935,-754,-383,118,188,474,452,0
480112,104,104,481,781,746,-3690,471,-716,650,405,439,465,449,0
483426,105,105,575,143,2824,159,413,-682,-302,200,-119,460,483,0
486770,107,107,181,0,2594,1953,416,-646,-616,152,28,465,479,0
490112,108,108,837,875,1994,2488,-148,-636,292,129,292,446,444,0
493429,110,110,68,331,4328,1725,297,-603,114,-516,218,471,457,0
496771,111,111,1006,1287,3796,1364,-610,-570,186,-451,-43,437,422,0
500113,112,113,912,1400,2021,1432,-1126,-553,68,-122,439,457,415,0
503433,114,114,893,1212,3048,1859,-1326,-552,-143,86,755,442,425,0
506770,115,115,2037,1381,1737,1396,-2033,-566,-189,-467,619,397,432,0
510113,116,117,2112,1231,712,-465,-1844,-538,-130,126,973,393,424,0
513435,118,118,2525,1343,-222,-1819,-2657,-546,302,11,789,387,434,0
516792,119,119,2112,968,342,-2319,-2152,-555,-184,123,277,393,454,0
520113,120,121,1887,725,-53,-2943,-2048,-548,172,280,462,421,467,0
523438,121,122,1643,293,1346,-2362,-1361,-527,14,175,304,434,490,0
526796,123,124,368,0,1960,-827,-1047,-491,-103,130,-316,477,488,0
530113,124,125,443,143,449,-53,-964,-461,8,112,-78,473,473,0
533441,126,127,537,181,-1327,-337,-1392,-464,-106,-190,235,452,455,0
536796,127,128,556,875,-2660,-1360,-1327,-464,308,-192,-20,467,434,0
540114,129,130,481,368,-1891,-1564,-818,-441,75,-136,-438,455,445,0
543445,130,131,650,181,-1668,-1690,-132,-412,-102,-16,-433,446,455,0
546796,132,133,500,162,-2660,-2559,-327,-423,-237,93,-282,454,456,0
550114,133,134,1043,800,-2800,-2308,-259,-426,-202,47,-88,450,447,0
553448,135,136,743,537,-1723,-1213,142,-398,142,104,99,466,461,0
556796,136,137,950,668,-1758,-1202,429,-382,99,-52,138,455,454,0
560138,137,139,1025,800,-2464,-1417,597,-397,-311,540,51,451,431,0
563452,139,140,1381,1250,-1860,-335,845,-397,131,275,86,432,423,0
566796,140,141,762,1043,-534,655,939,-412,230,363,393,465,434,0
570143,142,143,837,1062,239,1324,637,-425,107,158,557,461,433,0
573455,143,144,931,1062,690,1591,208,-430,56,74,176,456,433,0
576796,145,145,650,1006,926,2285,426,-425,25,96,-141,456,437,0
580142,146,147,406,331,1605,2618,432,-449,-23,45,-184,469,457,0
583457,148,148,106,125,1292,1667,500,-463,431,-71,168,485,468,0
586797,149,150,331,387,3225,1254,-16,-478,161,13,-46,473,454,0
590142,151,151,0,293,4430,1136,-692,-512,-383,131,-76,484,459,0
593461,152,153,143,143,2883,674,-1161,-562,-270,-177,120,467,451,0
596819,154,154,218,612,745,375,-1271,-597,-251,77,417,463,442,0
600143,155,156,725,1100,-166,1196,-1479,-652,-64,94,280,451,415,0
603464,157,157,1175,1493,58,2082,-1557,-682,-64,73,637,443,410,0
606820,158,158,1850,1681,1821,1669,-916,-675,35,-444,1205,391,400,0
610144,159,159,2487,1943,2363,751,-1155,-670,290,-88,1168,373,402,0
613467,160,161,2187,1418,3239,-521,-1207,-644,-385,-5,1448,389,414,0
616820,161,162,2112,1287,1233,-2148,-1015,-618,94,-39,825,409,437,0
620143,163,163,1287,781,187,-3256,-1065,-568,516,99,409,437,464,0
623470,164,165,1175,181,2593,-2616,-697,-523,129,315,475,434,471,0
626821,165,167,387,0,4069,-1305,-257,-467,-464,249,-116,476,477,0
630144,167,168,312,0,2675,-165,330,-414,-219,12,157,464,479,0
633473,168,170,425,0,-271,-457,257,-373,45,-218,-100,458,469,0
636821,170,171,331,425,-637,-1424,310,-334,198,-225,257,463,442,0
640143,171,172,856,443,81,-1156,460,-276,-363,-102,-94,435,441,0
643477,173,174,0,406,-623,-1129,1206,-197,-359,-188,-319,473,427,0
646821,174,175,537,293,-1257,-2325,1258,-132,314,-132,-167,452,449,0
650145,176,177,218,593,-1275,-3004,1031,-95,103,93,204,478,442,0
653480,177,178,875,368,613,-1659,1282,-45,-94,23,18,459,470,0
656821,178,180,743,425,-150,-604,1626,13,-112,44,113,466,451,0
660149,180,181,781,1043,-981,-539,1874,67,-43,273,227,464,434,0
663483,181,183,1118,1062,-1552,134,1836,111,-237,235,195,446,433,0
666822,183,184,556,668,-2111,1623,1844,150,156,338,93,476,454,0
670152,184,185,481,950,-1409,2624,1377,167,24,122,-8,480,439,0
673486,186,187,331,350,-1486,2270,1223,175,246,32,66,473,456,0
676822,187,188,162,406,-399,1971,1042,188,451,-155,85,482,453,0
680155,189,190,87,237,1681,1562,955,211,19,-138,-51,470,446,0
683490,191,191,406,50,2623,1161,832,224,-64,131,-49,469,472,0
686846,192,193,256,68,3051,1090,513,227,-38,28,124,461,455,0
690159,193,194,612,387,3534,1123,8,211,21,-145,-237,458,454,0
693494,195,196,387,575,3432,1316,-136,208,-354,35,-383,454,444,0
696881,196,197,1418,1700,1069,1411,-603,210,-458,1,-88,478,447,0
700161,198,198,1250,1550,-1005,1799,-1250,208,-401,-58,304,471,455,0
703496,199,200,1043,1175,-2960,1380,-1374,204,-351,-188,480,482,459,0
706855,201,201,1550,2037,-2920,828,-1365,208,-315,24,879,455,429,0
710165,202,203,2487,1662,-1422,166,-1164,220,-141,-74,1353,405,433,0
713499,203,204,3050,1606,2340,-2048,-1085,215,-252,-145,1135,391,452,0
716855,205,205,2431,837,2690,-3579,-666,230,-571,215,994,408,493,0
720168,206,207,2393,612,1334,-4173,-44,266,-564,161,984,426,505,0
723502,207,209,1043,237,262,-2998,-124,294,243,416,522,473,484,0
726856,209,210,668,368,2722,-1222,-35,327,-400,452,-102,477,477,0
730171,210,212,725,0,4126,63,1310,389,-74,22,-217,490,513,0
733505,212,213,631,218,1309,503,1201,435,328,-311,-111,479,485,0
736856,213,215,87,200,908,-358,695,446,-423,-326,181,508,470,0
740175,215,217,556,275,-670,-7,547,455,-632,29,-175,483,466,0
743509,217,218,556,125,-1854,823,1215,484,364,-112,106,483,474,0
746884,218,220,1550,837,-1976,854,1656,521,183,-95,-355,455,461,0
750178,220,221,425,500,-1964,612,1002,515,160,63,-30,499,479,0
753512,221,223,743,368,-2293,1549,1320,516,-443,-3,123,482,470,0
756856,223,224,1137,1025,-3062,2554,1718,538,-376,-94,33,461,451,0
760181,224,226,1118,575,-2637,2557,1934,558,102,6,34,462,459,0
763515,226,227,387,1306,-3710,1648,1781,563,56,-116,269,501,436,0
766857,227,229,200,612,-4556,266,1590,554,-22,-105,-149,511,457,0
770184,229,230,537,556,-4425,-799,2131,564,373,185,-186,493,476,0
773519,230,231,331,518,-533,-190,1932,566,212,272,-318,489,463,0
776857,232,233,518,200,1047,475,1544,571,25,256,325,479,480,0
780187,234,235,0,87,1038,756,856,560,15,-12,159,491,470,0
783521,235,236,312,200,1943,1224,823,553,44,58,-210,474,464,0
786857,237,238,256,143,2012,1723,346,534,-172,-12,-318,477,467,0
790190,238,239,406,50,405,1557,-484,493,-26,-206,94,469,472,0
793525,240,241,350,668,-1945,193,-549,460,575,-162,731,472,439,0
796883,241,242,1212,612,920,-34,-523,443,620,78,741,441,457,0
800194,242,243,2075,1231,5208,408,107,451,204,-327,791,395,424,0
803528,243,245,2562,1362,7147,-759,261,478,-635,-436,1390,385,417,0
806883,245,246,1681,987,4833,-1109,139,521,-407,-83,946,416,437,0
810197,246,247,1325,968,2547,-1360,-286,555,126,-32,786,451,454,0
813532,247,249,1212,406,553,-2735,-712,576,-119,131,729,457,468,0
816883,249,251,1306,0,1958,-2845,-253,604,24,242,64,452,493,0
820200,251,252,800,0,4890,-2100,367,649,1,-74,101,479,523,0
823534,252,254,218,0,3427,-2227,766,694,-160,-216,47,469,484,0
826884,253,255,218,0,764,-2107,328,706,399,-306,-82,485,478,0
830203,255,257,218,0,-411,-2063,72,712,-63,38,-96,469,450,0
833538,256,258,425,0,230,-1886,716,735,-501,89,-111,458,450,0
836884,258,260,462,162,-392,-1853,1099,729,148,-43,82,456,440,0
840206,259,261,425,0,-2129,-1954,906,720,296,-121,-43,458,452,0
843541,261,263,106,331,-2483,-1329,550,715,-218,88,33,459,431,0
846884,262,264,1137,293,-2113,-110,178,704,218,58,282,445,458,0
850209,264,265,762,706,-2809,1158,424,679,-268,131,56,465,436,0
853544,265,267,1325,875,-3570,1570,526,644,-332,177,-117,435,427,0
856884,266,268,500,818,-4075,2254,568,630,-300,292,-76,479,430,0
860213,268,269,500,893,-4155,3415,281,598,363,-72,223,479,442,0
863548,269,271,706,800,-2696,3260,-105,541,203,-226,62,468,431,0
866885,271,272,537,575,-2394,2694,111,484,33,-50,-221,477,459,0
870216,273,274,0,350,-892,1923,285,437,28,45,-28,493,455,0
873550,274,275,0,275,104,2088,-85,384,127,49,326,478,444,0
876908,276,277,387,31,768,2371,-413,305,127,-143,197,454,457,0
880219,277,278,162,143,2567,2582,-917,216,-138,-66,-155,466,451,0
883553,279,280,106,237,3254,2699,-803,143,-198,60,-144,469,446,0
886913,280,281,293,256,1999,2883,-1412,72,-405,69,31,459,445,0
890222,281,283,387,0,-1283,2883,-2512,-32,-81,-645,463,454,443,0
893557,283,284,968,818,-1688,676,-2105,-108,782,-568,777,423,415,0
896913,284,285,1943,1625,679,-1761,-1773,-148,457,-285,1233,386,387,0
900226,285,286,2731,1775,4706,-2521,-1787,-187,-361,-350,938,360,395,0
903560,286,287,2300,1718,4438,-3458,-1148,-207,-137,-323,1039,383,398,0
906918,287,289,1981,987,3088,-3933,-1168,-246,-291,-33,1071,416,437,0
910229,289,290,1156,650,2171,-3738,70,-252,-550,169,660,444,455,0
913563,290,292,650,0,1954,-3047,400,-244,593,-45,335,471,478,0
916921,292,293,931,406,3772,-2485,929,-206,639,71,64,456,468,0
920233,293,295,837,0,5909,-997,1600,-134,-561,172,-118,452,489,0
923567,295,296,0,0,3709,-1099,1945,-65,-778,-86,-330,482,478,0
926922,296,298,443,0,1037,-1700,1053,-44,171,-277,-70,457,453,0
930235,298,299,0,350,-79,-1628,768,-44,491,-149,208,475,430,0
933569,299,301,425,350,1366,-570,1587,-5,-153,-97,-117,458,430,0
936922,301,302,50,256,451,-531,2484,70,-267,44,-49,462,435,0
940238,302,304,125,200,-945,-1556,1850,105,380,183,-19,458,438,0
943573,303,305,668,256,-867,-1079,1676,123,-283,103,87,445,435,0
946922,305,306,1137,575,-477,360,1818,152,-319,177,162,429,443,0
950242,306,308,1043,575,-1418,1508,1600,185,-129,-108,171,450,443,0
953576,308,309,1025,537,-2488,2020,1523,227,-106,64,103,451,445,0
956922,309,311,631,837,-3030,2812,1643,265,-183,91,162,472,429,0
960245,311,312,350,875,-2770,3910,1309,289,14,110,27,487,427,0
963580,312,313,350,575,-2585,3337,889,299,110,-155,98,471,443,0
966922,314,315,0,706,-3618,1777,916,319,114,-564,150,498,436,0
970248,315,316,350,425,-2656,-98,1613,373,286,28,-14,472,452,0
973583,317,317,425,350,-644,428,1454,415,345,278,91,468,456,0
976923,318,319,293,0,687,1288,1194,443,27,212,345,459,464,0
980251,319,320,631,687,1039,1748,414,459,-54,-42,74,457,438,0
983586,321,322,537,68,1560,1837,482,487,-83,207,-271,446,455,0
986923,322,323,368,706,1249,2336,150,520,-362,58,-157,471,437,0
990254,324,325,237,312,-1372,2905,-1156,509,-503,-187,196,462,442,0
993589,325,326,518,631,-3047,1349,-1483,507,14,-444,629,447,425,0
996948,327,327,1287,1306,-2274,-1743,-547,568,500,-29,900,421,420,0
1000257,328,329,2000,1587,2725,-2606,-1084,600,354,-267,1345,383,389,0
1003592,329,330,2243,1006,5468,-3275,-726,633,-510,-182,1000,370,420,0
1006947,330,331,2075,1137,3649,-4010,-599,670,26,131,1173,395,429,0
1010261,331,333,1925,1043,2356,-4207,275,714,-347,113,897,419,450,0
1013595,333,334,1512,612,1598,-3664,502,767,362,236,539,441,457,0
1016948,334,335,1493,500,2930,-3002,772,789,812,183,235,442,479,0
1020265,335,337,950,0,6255,-1045,1170,813,-399,249,-161,446,501,0
1023598,337,339,125,0,4627,-57,1523,831,-919,173,261,474,473,0
1026948,338,340,650,0,1506,-629,1302,822,137,-173,28,462,465,0
1030267,340,342,50,125,908,-1893,724,784,434,-237,169,478,442,0
1033602,341,343,368,237,1401,-1202,1111,786,-19,-56,-207,461,436,0
1036948,343,344,687,631,485,-293,1713,815,-271,86,-5,444,431,0
1040270,344,346,368,275,-462,-848,1714,819,-7,-12,-60,461,434,0
1043605,345,347,481,0,-798,-874,1426,786,-43,90,-124,455,458,0
1046949,347,349,1006,856,-937,183,1314,769,-551,162,156,452,428,0
1050273,348,350,1006,0,-1626,1651,1378,760,56,28,293,452,474,0
1053608,350,352,462,800,-2535,2234,1272,743,198,-97,214,465,431,0
1056949,351,353,893,406,-2816,2670,1517,740,62,125,161,458,452,0
1060277,353,354,443,987,-2675,3652,1482,739,-152,192,-55,482,437,0
1063611,354,356,537,968,-2035,4099,810,713,108,-92,-17,477,438,0
1066949,356,357,518,762,-1626,3095,1015,704,102,-166,64,478,449,0
1070280,357,359,275,218,-1127,1316,1593,726,-90,37,156,476,447,0
1073614,359,360,0,218,-511,1337,1220,735,387,185,-64,483,447,0
1076970,360,361,462,556,767,1773,854,712,487,70,-41,466,445,0
1080283,362,363,593,143,2815,2305,655,687,-22,-31,193,443,451,0
1083617,363,364,162,87,3349,2264,529,666,-574,131,-6,466,454,0
1086974,365,366,143,293,1579,2897,76,655,-479,-150,-62,467,443,0
1090287,366,367,331,275,-1822,3536,-1290,600,-560,-72,212,457,444,0
1093621,368,368,1100,1512,-2761,2467,-1526,548,-328,-557,589,447,409,0
1096975,369,370,1287,1625,-3027,-86,-1435,539,-399,-387,550,421,387,0
1100289,370,371,2243,1587,-3723,-3923,-1738,531,909,-155,1357,386,405,0
1103624,371,372,2375,1156,-795,-5651,-2605,467,400,-388,932,379,428,0
1106975,372,374,2675,575,2049,-6663,-2256,430,-29,103,981,379,459,0
1110293,373,375,2262,331,3693,-6636,-901,424,98,297,946,401,472,0
1113627,375,376,1568,837,4190,-5367,188,449,-360,410,749,438,461,0
1116975,376,378,1081,31,3962,-3474,992,471,-91,432,385,464,488,0
1120297,378,380,743,0,4209,-1155,809,481,302,134,-85,441,480,0
1123630,379,381,893,0,4320,-216,1190,494,-424,-49,-276,449,474,0
1126975,381,383,350,0,2057,-183,1121,493,-316,-253,44,462,453,0
1130299,382,384,275,0,1712,-1148,885,473,-136,-42,206,466,456,0
1133634,383,385,987,875,1933,-423,221,439,-139,-132,-293,444,418,0
1136975,385,387,312,87,1058,591,735,439,-381,-15,-201,464,444,0
1140302,386,388,256,181,-801,580,1533,452,-513,-72,-303,467,439,0
1143637,388,390,1025,687,-739,638,1469,445,214,-68,84,451,437,0
1146975,389,391,875,481,-1382,719,1052,424,41,17,53,459,448,0
1150306,391,393,1268,331,-1674,2116,1124,415,-313,37,196,438,456,0
1153663,392,394,931,593,-2639,2893,1017,405,-42,83,136,456,442,0
1156996,394,395,1043,1175,-2900,3274,1556,411,-261,-393,-56,450,427,0
1160309,395,397,593,1475,-4838,1958,1805,428,-634,-126,142,474,395,0
1163667,397,398,481,1343,-6975,391,1206,418,-80,-125,-133,480,418,0
1167000,398,399,668,950,-7139,-1270,1365,414,693,-50,167,470,439,0
1170312,400,401,0,237,-4153,-1234,2163,456,482,11,355,487,446,0
1173670,401,402,312,481,-1177,53,1997,487,-237,2,-21,474,449,0
1177001,403,403,87,275,-1798,647,1240,476,-111,-51,-123,470,460,0
1180315,404,405,181,0,-2594,229,880,465,247,-12,122,465,467,0
1183673,406,407,218,50,-569,354,782,463,-178,-23,-16,463,456,0
1187001,407,408,293,0,-489,485,145,447,-102,-165,-138,459,467,0
1190318,409,409,0,725,-2188,-586,416,444,670,58,158,476,436,0
1193676,410,411,1831,1062,1363,-221,174,447,653,153,964,440,465,0
1197001,411,412,2018,1456,6056,881,1277,527,-19,-303,855,446,460,0
1200321,413,414,2300,1043,8129,496,1356,617,165,-329,898,415,466,0
1203680,414,415,2637,1775,8419,-1090,1513,709,-237,-191,1144,413,443,0
1207001,415,416,2450,2037,7392,-2496,1746,818,-1114,-146,1097,423,429,0
1210325,417,418,1775,1812,3127,-4461,1640,951,-194,73,862,443,425,0
1213683,418,419,1962,1962,2102,-5384,1603,1071,-138,433,750,449,433,0
1217029,419,421,1325,893,2236,-4642,1682,1152,-276,201,378,474,465,0
1220328,421,422,1062,256,1428,-3159,1784,1202,-139,440,-316,472,499,0
1223684,423,424,743,0,214,-1642,1082,1205,246,95,22,473,502,0
1227002,424,425,443,462,649,-1669,1199,1217,-142,-257,146,489,472,0
1230331,426,427,106,781,-1214,-2400,1219,1218,-134,-518,75,507,455,0
1233689,427,428,50,725,-3118,-2530,2024,1246,151,7,-324,510,458,0
1237023,429,430,237,0,-3407,-2682,2142,1285,95,-326,-75,484,486,0
1240334,430,431,818,481,-3075,-3080,2473,1356,-273,23,-479,469,471,0
1243692,432,433,912,575,-3384,-2613,2605,1414,-16,70,145,473,475,0
1247027,433,435,800,518,-3231,-1968,2252,1437,-511,115,251,495,478,0
1250337,435,436,1156,406,-5042,-1564,2353,1464,-123,122,-26,460,484,0
1253692,436,438,931,1175,-5448,-961,2379,1506,11,179,-50,488,443,0
1257027,438,439,837,743,-5151,220,2758,1557,-43,146,257,477,466,0
1260341,439,441,631,800,-4789,946,2205,1594,55,-62,182,488,463,0
1263692,441,442,631,668,-4246,1091,2030,1609,-1,-131,264,488,470,0
1267054,443,444,218,237,-3301,807,2141,1619,460,-19,-322,495,478,0
1270344,444,445,312,106,-1531,491,1954,1643,216,46,-201,490,485,0
1273693,446,447,12,181,-344,304,1683,1653,4,109,347,490,465,0
1277027,448,448,0,443,504,478,1328,1626,69,56,428,499,467,0
1280347,449,450,218,143,1209,948,921,1593,239,-218,-483,479,467,0
1283693,451,451,406,650,846,812,963,1584,186,87,-81,469,456,0
1287027,452,453,593,518,2055,1346,439,1570,293,175,622,459,447,0
1290350,453,454,762,68,3371,2858,-49,1544,145,106,345,450,471,0
1293693,455,456,1212,725,4007,3970,92,1543,441,-88,-29,441,451,0
1297027,456,457,1231,500,6617,4845,-160,1525,400,364,413,440,463,0
1300353,458,458,1418,575,8569,5840,-698,1498,231,286,332,430,459,0
1303693,459,460,2262,462,10151,6096,-1188,1420,181,-217,345,385,465,0
1307029,460,461,2693,931,10207,2447,-1587,1329,-74,-174,883,378,456,0
1310357,461,463,2281,1043,8504,-1661,-1491,1235,-1061,-133,816,400,434,0
1313714,463,464,1775,1306,4561,-3682,-1450,1135,-510,755,361,427,436,0
1317049,464,466,631,293,933,-1604,-1875,1025,383,333,222,463,449,0
1320360,465,467,462,143,3119,163,-1022,943,-421,142,91,472,457,0
1323718,467,469,462,631,2807,461,-208,884,-644,241,58,472,431,0
1327053,469,470,0,181,-1171,1805,-1677,776,-666,-245,54,490,455,0
1330363,470,471,443,650,-5778,2123,-1400,698,-122,-297,262,457,430,0
1333719,471,473,350,593,-7740,1541,-1662,609,126,-305,19,478,433,0
1337053,473,474,706,293,-4754,1713,-1041,538,244,-71,76,443,449,0
1340366,474,475,950,668,-1301,2430,-388,463,-92,-53,413,430,429,0
1343719,476,477,1343,800,-2095,1959,-220,389,-442,-422,625,434,447,0
1347053,477,478,1343,1268,-2777,987,656,332,78,-440,572,434,422,0
1350369,478,479,1268,1700,-12,115,2038,314,-33,-209,841,438,399,0
1353719,480,481,1306,1550,42,-808,2526,323,-358,-76,763,436,407,0
1357053,481,482,818,1981,-1913,-2396,2537,329,-78,19,287,478,400,0
1360373,483,483,162,1606,-1457,-2798,2446,331,-127,167,133,497,420,0
1363719,484,485,537,1625,-1521,-3291,2109,311,660,73,618,493,419,0
1367054,486,486,162,50,392,-2885,1628,292,289,-227,-133,482,488,0
1370376,487,488,218,387,968,-3127,1705,282,433,-88,27,479,470,0
1373720,489,489,331,462,1703,-2896,2121,282,-124,91,-81,473,466,0
1377054,490,491,331,181,2053,-2661,1745,275,-224,99,-61,473,465,0
1380379,492,492,106,31,1512,-2983,736,246,530,-278,448,469,473,0
1383720,493,494,106,275,3104,-3651,799,229,331,-411,46,485,460,0
1387054,495,495,218,218,3976,-4890,1525,248,-72,205,-52,463,463,0
1390383,496,497,987,1156,3789,-4487,1292,258,-13,417,360,453,444,0
1393720,498,498,518,687,4119,-2801,453,259,363,272,271,462,453,0
1397076,499,499,987,1306,4474,-231,353,271,-101,193,-33,453,436,0
1400385,501,501,1100,1062,3432,1161,4,268,-118,467,363,447,433,0
1403741,502,502,1175,1512,2735,2177,-340,263,38,110,544,443,425,0
1407077,503,503,1043,1456,1816,3257,246,292,-288,62,199,450,428,0
1410389,505,505,743,1287,-1037,3927,573,347,-426,256,223,450,421,0
1413744,506,506,1306,800,-2885,4087,624,416,34,102,380,436,463,0
1417078,507,508,200,0,-2510,4371,731,486,362,89,-131,470,471,0
1420392,509,509,312,143,-1019,4921,555,549,-216,128,-462,448,457,0
1423745,510,511,68,0,-1880,5186,494,623,-724,-39,-405,477,466,0
1427078,512,512,293,387,-5625,4585,1442,700,142,-74,240,449,444,0
1430395,513,514,237,218,-5473,4521,2019,769,444,-248,-98,452,437,0
1433745,515,515,500,256,-4737,4236,2732,907,-69,-70,-37,438,451,0
1437079,516,517,518,87,-1675,3115,3191,1050,229,77,482,437,444,0
1440398,517,518,1456,837,742,2679,3267,1204,243,-403,-33,428,445,0
1443746,519,519,1606,968,1690,2430,4297,1371,-233,-727,482,404,438,0
1447079,520,521,1775,1568,2455,-634,5197,1546,-405,-735,806,411,406,0
1450401,521,522,1531,1868,1980,-3563,5930,1738,-184,-343,473,424,390,0
1453745,523,523,1268,1831,1522,-5595,6768,1929,-431,-12,320,438,408,0
1457079,524,524,931,1812,-562,-6342,5902,2050,-24,512,730,456,409,0
1460405,525,526,406,968,-598,-5067,4568,2114,306,216,493,484,438,0
1463746,527,527,462,987,-532,-4128,3292,2137,-336,643,183,481,453,0
1467079,529,529,0,68,-495,-1642,1491,2107,-621,295,26,502,471,0
1470409,530,530,218,218,-1531,-874,612,2061,88,132,97,479,479,0
1473767,532,531,275,556,-372,-560,201,2016,434,-543,-199,460,461,0
1477080,533,533,31,143,500,-1994,1345,2005,144,-98,84,473,467,0
1480411,535,534,0,893,-139,-2937,1121,1973,151,299,259,477,443,0
1483768,536,536,481,0,1072,-2843,565,1937,282,-48,140,449,476,0
1487104,537,537,481,556,3119,-2624,543,1931,-8,-274,-268,465,461,0
1490414,539,539,612,575,2635,-2033,786,1930,-437,430,-115,457,459,0
1493771,540,540,743,1100,902,176,243,1890,50,-94,457,466,447,0
1497107,542,542,631,875,1727,1426,-247,1842,342,-76,422,456,443,0
1500418,543,543,1062,1175,2580,1524,-17,1827,33,199,260,433,427,0
1503771,545,545,1137,1062,1604,2306,76,1819,-293,378,445,429,433,0
1507107,546,546,1212,781,1241,2585,81,1821,-109,-87,901,425,448,0
1510421,547,547,2075,1400,1871,746,357,1843,40,-78,474,395,431,0
1513799,548,549,1231,650,2352,-975,376,1847,-416,504,155,431,446,0
1517114,550,550,575,631,721,-665,457,1843,-208,22,-44,450,447,0
1520424,551,552,312,181,-1157,819,-221,1817,177,275,35,464,455,0
1523771,553,553,106,218,-955,1928,87,1797,-77,-187,-233,459,453,0
1527113,554,554,518,818,-1764,1313,647,1800,-332,2,243,453,437,0
1530427,556,556,593,593,-3384,1165,1304,1825,209,-233,142,449,433,0
1533772,557,557,331,293,-3358,1546,2020,1843,-89,-295,-243,447,449,0
1537113,558,559,631,293,-2080,-303,2212,1849,-79,-26,522,447,449,0
1540430,560,560,687,518,-460,-1124,2383,1838,448,37,372,453,462,0
1543772,561,562,1456,575,1021,-348,2371,1812,103,159,-26,428,459,0
1547114,563,563,425,800,2187,2108,2730,1796,124,548,548,467,447,0
1550433,564,565,1043,931,2274,3343,2679,1745,-695,-224,787,434,440,0
1553773,565,566,1137,2000,389,2864,1900,1642,-610,-163,629,445,383,0
1557114,567,567,762,1812,-3870,1005,1714,1510,-648,149,734,449,393,0
1560437,568,568,931,1925,-4879,116,1831,1356,385,-81,790,456,403,0
1563821,570,569,406,1550,-2607,-2059,1809,1228,377,-81,434,469,424,0
1567114,571,571,275,950,216,-3428,916,1114,117,-103,-65,476,440,0
1570440,573,572,0,350,837,-4215,1273,1051,287,224,79,494,472,0
1573797,574,574,218,425,1602,-3099,1404,1048,185,102,-53,479,468,0
1577114,576,575,256,481,767,-1998,795,1054,167,-222,153,461,465,0
1580443,577,577,181,518,116,-2229,549,1065,140,45,-134,465,447,0
1583797,579,578,425,931,997,-1943,617,1042,-442,-152,-221,452,441,0
1587115,580,580,200,331,2446,-2633,663,1028,720,-237,147,464,457,0
1590446,582,581,725,406,4815,-3343,665,1031,413,59,246,451,468,0
1593798,583,583,631,837,5328,-2590,615,1033,-496,468,182,456,445,0
1597139,584,584,593,481,2723,-807,-64,1007,102,222,322,458,464,0
1600449,586,586,893,1231,1670,-95,-106,996,233,297,580,442,440,0
1603798,587,587,1118,1156,1232,790,242,1011,-100,231,307,446,444,0
1607140,589,588,593,1681,1163,2485,570,1029,-439,241,190,458,416,0
1610453,590,590,818,1175,-170,3467,520,1043,262,-33,399,446,443,0
1613799,591,591,575,481,-272,3702,613,1060,122,90,280,450,455,0
1617141,593,593,725,68,-96,3311,562,1066,-278,116,427,426,461,0
1620456,594,594,668,0,285,2517,295,1064,-164,192,53,429,473,0
1623799,595,595,387,481,-168,2432,188,1055,-427,-161,-422,460,455,0
1627141,597,597,200,387,-3529,2661,1067,1095,-385,23,-173,454,444,0
1630459,598,598,443,650,-4415,2624,1792,1149,252,-44,176,441,430,0
1633799,600,600,518,481,-2642,2615,2238,1198,488,-309,32,437,439,0
1637141,601,601,631,331,-107,2194,2676,1241,66,123,154,431,447,0
1640463,602,603,1156,331,282,1638,3039,1273,183,-117,393,428,456,0
1643820,604,604,1062,668,2339,1090,3496,1313,79,-376,682,433,454,0
1647142,605,605,1006,1343,4200,86,4255,1372,-549,-392,326,436,418,0
1650465,606,607,1343,1718,1025,-1109,4561,1440,-838,122,722,434,398,0
1653823,608,608,1250,1831,-1720,-2297,4419,1493,-417,-100,842,439,408,0
1657142,609,609,612,1962,-3416,-3140,3626,1523,85,337,654,473,401,0
1660470,611,611,0,1625,-2633,-2241,3133,1561,-327,245,375,500,419,0
1663823,612,612,162,893,-1523,-1957,2135,1574,663,379,623,482,443,0
1667142,614,613,31,537,-1026,-1295,594,1536,149,-269,172,473,462,0
1670472,615,615,0,162,-2148,-2188,140,1484,-136,198,116,481,466,0
1673824,617,617,31,293,-947,-1846,283,1464,-379,111,-73,473,459,0
1677142,618,618,331,256,384,-2221,1121,1459,-222,-165,20,457,461,0
1680475,620,619,0,650,-1612,-2845,512,1431,720,78,225,480,456,0
1683824,621,621,237,162,-397,-2442,-151,1402,303,-83,148,462,466,0
1687198,623,622,1343,1981,2279,-2354,133,1389,-93,-88,74,466,448,0
1690479,624,624,1193,1118,3210,-2202,493,1385,69,375,114,474,478,0
1693824,626,625,1156,1343,2645,-290,-152,1359,57,89,41,476,482,0
1697171,627,627,1118,875,2572,716,-556,1321,135,-127,146,478,491,0
1700482,629,629,612,1250,3434,1004,-307,1292,-572,534,380,489,471,0
1703824,630,630,1287,1362,1889,1872,-544,1277,180,357,551,469,465,0
1707171,632,632,1437,1081,1736,1668,-326,1270,289,-108,780,445,464,0
1710485,633,633,1943,1568,2662,29,197,1269,-46,45,335,434,454,0
1713825,634,635,800,500,2929,-1266,452,1265,-738,498,17,470,470,0
1717171,636,636,368,237,862,-206,504,1265,61,-20,118,477,484,0
1720488,638,638,556,856,-804,725,415,1259,542,16,-59,483,467,0
1723846,639,639,425,500,-170,1652,497,1257,-433,-54,-172,474,470,0
1727172,641,641,0,293,-1039,1569,1237,1286,-542,261,-153,494,465,0
1730491,642,642,425,368,-3401,1870,1812,1337,-33,-251,39,474,477,0
1733848,644,644,518,181,-2183,1045,2363,1377,232,-501,141,453,471,0
1737198,645,645,1175,875,-1093,-251,2388,1396,88,-146,157,459,475,0
1740494,647,647,1043,518,-605,-57,2132,1393,-32,166,429,466,478,0
1743849,648,648,1081,856,1631,1777,2691,1393,-254,-280,570,464,476,0
1747171,649,650,1062,1400,2063,2656,3165,1397,-588,-67,346,465,431,0
1750497,651,651,743,2000,-669,1645,2912,1379,-1080,-69,383,466,399,0
1753849,652,652,593,2018,-4615,114,2396,1321,-346,-7,1067,490,414,0
1757172,654,654,500,1606,-5590,-384,1861,1236,516,-94,742,479,420,0
1760501,655,655,950,1718,-3355,-1199,1752,1153,469,-132,645,471,430,0
1763849,657,656,12,875,726,-1246,1543,1088,-15,-21,-21,490,460,0
1767172,659,658,0,575,1607,-1972,1442,1035,-169,355,-8,503,476,0
1770504,660,659,0,556,1554,-1552,1039,1001,314,-35,-214,492,477,0
1773849,662,661,0,0,1545,-44,654,1003,-92,-146,320,482,491,0
1777173,663,663,593,481,555,-249,267,1007,-26,-96,-110,459,465,0
1780507,665,664,0,481,1262,-523,488,1013,423,80,-85,480,465,0
1783849,666,666,518,387,4673,-1192,705,1000,75,8,55,463,470,0
1787177,668,667,968,556,5902,-1326,797,1009,-587,-132,183,438,476,0
1790511,669,669,518,856,2905,-469,307,1023,-212,38,107,462,460,0
1793849,671,670,706,950,91,757,-689,997,-55,103,341,452,455,0
1797179,672,672,950,593,51,825,-830,956,621,-104,666,439,458,0
1800513,673,673,1775,1006,1864,-124,-699,939,72,-32,684,411,452,0
1803850,674,675,1887,481,4453,-1328,-321,946,-367,339,497,405,464,0
1807182,676,676,1306,518,3786,-1450,-245,948,-419,42,522,436,478,0
1810517,677,677,818,537,1455,-1022,-629,946,-204,-137,-20,462,477,0
1813874,679,679,275,12,-1011,-230,-642,936,-247,83,-261,466,480,0
1817186,680,681,481,0,-1957,-72,239,937,-24,42,59,455,481,0
1820520,682,682,50,0,-1799,103,-94,920,150,-47,289,478,471,0
1823877,683,684,818,368,-1898,762,654,925,-85,-83,-491,437,445,0
1827189,685,685,0,181,-2717,578,566,929,-151,-111,-233,471,455,0
1830523,686,687,518,462,-3509,-554,750,937,-61,-60,301,437,440,0
1833879,687,688,837,162,-3056,-302,741,922,633,-287,216,436,456,0
1837192,689,689,987,1081,-275,143,928,894,-52,164,52,437,432,0
1840526,690,691,593,425,763,1524,1194,858,27,99,586,458,451,0
1843883,692,692,912,1475,1546,3583,1763,838,-330,-319,573,441,411,0
1847195,693,693,425,1550,-86,3003,1892,831,-652,-316,434,467,407,0
1850530,695,695,650,1606,-3549,1310,2068,811,-600,189,818,471,404,0
1853883,696,696,350,1587,-5557,319,2269,783,350,-464,730,471,405,0
1857199,697,697,218,1550,-3402,-965,2457,769,738,-69,569,494,423,0
1860533,699,699,31,1231,230,-1404,2286,766,4,-211,169,488,440,0
1863883,701,700,0,593,2764,-2334,2154,775,201,363,-219,480,459,0
1867201,702,702,0,162,2259,-1931,1734,774,106,232,-134,480,466,0
1870536,704,703,0,162,2371,-965,1502,773,-105,-76,53,492,466,0
1873884,705,705,462,275,2167,-244,1187,765,-127,11,11,450,460,0
1877205,707,706,0,256,2217,-174,1314,773,349,-48,99,476,461,0
1880539,708,707,218,500,3517,-729,1469,799,434,-109,148,447,448,0
1883885,709,709,293,275,4544,-1780,1271,830,-96,-150,274,459,460,0
1887208,711,710,612,987,3550,-1538,1150,851,-314,378,56,441,437,0
1890542,712,712,912,725,1305,-329,382,841,-86,47,215,441,451,0
1893885,714,713,725,800,-97,868,-227,809,-186,31,436,435,447,0
1897211,715,715,1343,631,324,692,129,803,-17,14,737,418,456,0
1900546,716,716,1531,537,2210,367,-168,820,353,-54,822,408,461,0
1903885,717,718,1775,500,3871,-694,-95,843,-240,-100,405,411,463,0
1907214,719,719,1662,0,2499,-1275,-285,856,-468,93,437,401,492,0
1910549,720,721,912,0,577,-1261,-461,851,-500,317,354,432,484,0
1913885,721,722,12,0,-1059,-755,-90,856,-130,86,130,480,471,0
1917217,723,724,125,0,-2104,-570,241,883,166,-132,-311,458,466,0
1920552,724,725,275,218,-1867,118,296,913,94,119,-107,450,437,0
1923910,726,727,425,162,-1640,851,296,914,-256,-213,83,442,440,0
1927221,727,728,425,31,-2713,119,609,936,-432,-68,-118,442,447,0
1930555,729,729,350,368,-3900,-960,746,939,34,203,47,446,429,0
1933911,730,731,556,0,-3518,-884,796,946,641,64,552,435,455,0
1937225,731,732,1175,762,-5,-126,1000,954,-350,216,289,427,433,0
1940558,733,734,893,518,532,1382,1143,967,-98,86,187,458,446,0
1943911,734,735,687,781,669,2880,1654,989,-69,79,394,453,432,0
1947227,736,736,425,1643,813,2726,1944,1013,-675,-305,333,467,402,0
1950561,737,737,575,2000,-2677,1753,1963,1019,-357,33,570,459,383,0
1953911,738,739,556,1700,-4894,316,1965,1021,-185,-60,719,476,399,0
1957230,740,740,443,1531,-3669,-896,2121,1023,912,-73,598,466,408,0
1960565,741,741,331,1343,-173,-1317,2021,1015,462,93,248,473,419,0
1963912,743,743,0,350,3531,-1794,2141,1005,-217,382,-135,485,456,0
1967233,745,744,0,162,3749,-1244,1961,995,-472,253,-301,500,466,0
1970568,746,746,31,162,3234,-383,1301,969,167,-94,185,473,466,0
1973912,747,747,0,500,2814,318,888,942,519,-294,59,483,448,0
1977237,749,749,256,406,3762,267,987,926,-173,11,-197,461,453,0
1980571,751,750,593,293,3870,-41,1035,921,-204,53,37,443,459,0
1983943,752,751,743,1081,2883,-1462,874,908,-108,-167,392,450,448,0
1987240,753,753,987,687,2551,-1526,543,879,10,155,186,437,453,0
1990575,755,754,631,875,1787,-248,121,843,-865,461,145,456,443,0
1993913,756,756,1025,481,-1452,1393,-803,782,384,-28,576,435,464,0
1997243,757,757,1681,631,-269,1281,-716,747,343,-108,848,400,456,0
2000577,759,759,2131,443,1466,854,-599,736,-20,34,985,392,466,0
2003913,760,760,1868,387,3002,-381,-867,705,-310,167,852,390,469,0
2007246,761,762,1737,331,2305,-932,-822,684,-119,216,313,413,472,0
2010581,762,763,706,0,1234,-1133,-1065,654,-257,156,76,443,504,0
2013937,764,765,331,0,-404,-918,-209,656,43,39,-111,447,484,0
2017249,765,767,406,0,-1903,-823,-79,668,-184,78,-398,459,477,0
2020584,767,768,425,12,-1987,144,-101,668,-189,76,47,458,448,0
2023941,768,769,256,200,-1739,800,-246,653,305,-263,78,451,438,0
2027253,769,771,650,331,-1541,-174,222,650,-279,-117,-141,446,431,0
2030587,771,772,162,0,-2951,-1066,399,653,-145,191,-28,456,454,0
2033973,772,774,1381,612,-4176,-1312,164,640,728,180,201,432,441,0
2037256,774,775,743,443,-817,-662,602,635,76,140,243,466,450,0
2040590,775,776,650,612,514,862,681,631,-769,66,98,455,441,0
2043950,777,778,256,893,-603,1895,1101,635,-94,8,314,476,426,0
2047260,778,779,575,1212,739,1814,1341,641,-362,-66,604,459,409,0
2050594,779,780,1081,2000,-1117,1264,1501,636,-522,-22,616,448,383,0
2053950,781,781,368,1850,-5033,-130,1227,614,-218,12,355,470,391,0
2057262,782,783,893,1287,-4950,-1382,1313,593,770,205,617,458,421,0
2060597,784,784,0,631,-1783,-1469,1371,575,911,-44,211,491,441,0
2063950,785,785,237,537,3573,-775,1339,550,176,-32,-243,478,462,0
2067265,787,787,31,50,3793,-643,1351,529,-152,-145,-302,473,472,0
2070600,788,789,50,293,2595,-393,748,486,-166,206,134,472,459,0
2073950,790,790,200,0,2804,121,187,430,169,-28,355,464,476,0
2077269,791,791,387,556,3581,171,69,392,64,-247,-318,454,445,0
2080603,793,793,0,106,3001,-57,248,372,-343,11,69,464,453,0
2083950,794,794,856,1175,1799,-1016,53,343,50,-65,433,444,427,0
2087272,795,796,968,556,1829,-782,-332,300,98,-54,190,438,444,0
2090606,797,797,950,987,1436,314,-701,251,-896,86,223,439,437,0
2093950,798,798,1006,1043,-1600,2174,-1364,191,114,-10,911,436,434,0
2093950,798,798,1006,1043,-1600,2174,-1364,191,114,-10,911,436,434,0
2097275,799,800,2112,650,-149,2062,-1253,148,398,-219,1158,393,455,0
2100610,801,801,1887,350,1827,1064,-1201,136,336,-8,859,389,471,0
2103951,802,803,2187,312,3674,-453,-1342,116,-304,33,753,389,473,0
2107278,803,804,1962,387,3040,-1290,-1173,98,-201,76,577,401,469,0
2110613,804,806,1118,0,1791,-1634,-1481,79,24,133,336,421,488,0
2113951,806,807,256,0,1363,-1849,-397,92,-277,140,-209,467,481,0
2117282,807,809,631,0,663,-2000,-145,121,34,-42,-459,447,480,0
2120616,809,810,0,368,-822,-523,-148,123,-321,110,137,477,429,0
2123972,810,812,631,0,-923,172,-506,110,518,-242,233,447,456,0
2127285,812,813,331,162,157,-947,66,115,-150,-297,-35,463,440,0
2130620,813,815,331,31,-1538,-1732,199,129,-805,100,-236,447,431,0
2133976,814,816,875,968,-4888,-1664,-196,116,447,382,-108,459,422,0
2137288,816,817,575,443,-3014,-1089,-647,83,331,-24,-30,459,450,0
2140622,817,819,800,800,-1754,557,121,82,-435,66,186,463,431,0
2143976,819,820,800,650,-2777,1771,454,77,-291,15,137,447,439,0
2147291,820,822,968,856,-2249,1462,242,63,485,182,443,454,428,0
2150626,822,823,1006,912,-147,1991,504,45,-65,121,449,452,425,0
2153977,823,824,650,1475,-256,2418,534,20,-478,-87,280,471,411,0
2157294,825,825,425,1756,-2087,871,18,-26,-52,-65,-20,483,396,0
2160629,826,827,406,800,-2312,-802,406,-51,137,178,353,453,416,0
2163977,827,828,106,481,-585,-190,542,-76,326,-185,167,485,449,0
2167297,829,830,50,50,827,-121,439,-105,315,80,-139,472,456,0
2170632,830,831,312,0,1511,-194,136,-142,73,88,-21,458,464,0
2173977,832,833,68,350,2241,29,-501,-200,-213,22,169,471,440,0
2177301,833,834,143,0,2200,160,-1131,-259,64,-286,59,467,466,0
2180636,835,836,500,650,1176,239,-1377,-308,-203,-381,-204,448,440,0
2183977,836,837,1381,1287,-852,17,-1432,-355,-72,-65,566,464,453,0
2187305,838,839,1325,1287,644,130,-1594,-412,367,-55,915,467,469,0
2190638,839,840,1812,1193,3318,683,-1188,-451,96,-131,624,441,458,0
2193978,841,841,2243,1700,3782,948,-1143,-476,-104,-257,977,418,447,0
2197307,842,843,2356,1081,3737,504,-1441,-499,-26,-93,1137,412,464,0
2200642,843,844,2150,706,2791,-1013,-1121,-492,-394,-161,904,423,484,0
2203999,845,846,1812,575,582,-2302,-1202,-490,272,207,555,441,491,0
2207310,846,847,1531,275,1060,-3107,-1322,-494,587,119,639,447,498,0
2210646,847,849,1231,0,3729,-2552,-708,-474,148,-42,-36,463,529,0
2214002,849,851,500,0,3915,-2007,635,-418,-989,305,-586,486,520,0
2217313,851,853,0,200,-221,-1162,202,-365,-256,74,-350,503,470,0
2220648,852,854,612,350,-1742,-951,-240,-360,654,-194,363,480,462,0
2224002,854,856,500,162,-584,-1078,101,-353,341,-243,50,470,456,0
2227317,855,857,406,181,-117,-1738,948,-318,-449,-291,-342,475,455,0
2230652,857,858,106,443,-1975,-2988,818,-277,-480,213,-185,491,457,0
2234003,858,860,856,368,-3705,-2682,282,-270,323,202,-29,476,470,0
2237320,860,861,1081,725,-757,-1341,525,-260,93,-57,71,464,467,0
2240654,861,863,856,781,-1598,-4,1111,-219,-263,-35,78,476,448,0
2244003,863,864,837,1118,-2740,97,1171,-162,-327,137,19,477,446,0
2247323,864,866,1025,1156,-3578,512,1228,-128,187,346,112,467,428,0
2250658,866,867,593,893,-3328,2202,1342,-100,290,40,130,490,458,0
2254004,867,869,256,575,-2247,2384,918,-79,-108,-152,133,508,459,0
2257326,869,870,462,237,-2108,1999,766,-71,86,-156,24,482,478,0
2260661,871,872,143,181,-476,1252,887,-60,481,18,-151,483,465,0
2264003,872,873,331,181,1357,975,590,-42,247,49,118,473,465,0
2267329,874,875,0,275,2369,983,260,-46,-187,-91,149,496,460,0
2270664,875,876,0,331,2898,1114,-402,-76,-87,-197,16,491,457,0
2274003,877,878,537,293,2789,1004,-430,-103,-384,-108,-189,462,459,0
2277333,878,879,462,50,1865,979,-633,-127,-277,154,-143,466,472,0
2280722,880,881,668,818,-639,1311,-1263,-151,-115,49,412,470,446,0
2284025,881,882,987,781,-1367,1643,-1553,-164,361,66,463,453,448,0
2287336,883,883,1175,1250,920,1710,-1304,-162,731,-123,1059,427,423,0
2290694,884,885,2600,1493,4787,306,-661,-138,423,-201,1269,367,410,0
2294028,885,886,2131,1737,6058,-1314,-359,-99,-447,-119,1196,392,397,0
2297339,886,887,2300,1400,4704,-2274,33,-61,-547,25,1218,399,431,0
2300697,887,889,1493,987,562,-3082,-394,-38,-201,-96,937,442,437,0
2304029,889,890,1418,518,-364,-3132,-520,-9,231,311,392,446,478,0
2307343,890,892,743,68,1853,-2036,-246,18,488,337,193,457,477,0
2310701,892,893,293,0,3434,-433,632,75,-76,120,-180,465,485,0
2314029,893,895,912,0,1556,-574,991,147,-589,323,-209,448,468,0
2317345,895,896,0,237,-808,-558,649,190,-250,-111,136,482,452,0
2320703,896,898,293,200,-1024,-923,419,183,330,-304,117,465,438,0
2324029,898,899,256,181,-715,-1320,737,200,-120,-70,26,467,455,0
2327349,899,900,425,668,-2268,-1296,1314,248,-349,-147,-199,458,429,0
2330735,900,902,1531,500,-2296,-1100,1195,282,307,93,-145,440,463,0
2334029,902,903,818,893,-1450,-823,866,280,128,98,47,462,442,0
2337352,903,905,837,350,-1713,408,873,282,-454,26,118,461,455,0
2340710,905,906,1100,1006,-2661,1356,1383,316,-351,150,-9,447,436,0
2344029,906,907,875,968,-3163,1494,1375,342,150,119,25,459,438,0
2347355,908,909,443,931,-3168,2001,1314,349,112,83,240,482,440,0
2350712,909,910,275,481,-2329,2943,808,337,88,-44,-61,491,464,0
2354030,911,912,612,350,-2004,2561,937,328,414,-12,-183,473,471,0
2357359,912,913,331,256,-808,1633,1264,326,375,94,-56,473,461,0
2360717,914,915,256,481,1143,1606,732,320,115,66,379,477,449,0
2364051,915,916,368,350,1920,1939,313,306,-102,30,193,471,456,0
2367361,917,918,425,181,2559,2150,120,282,372,-89,-284,452,449,0
2370720,918,919,162,425,3895,1980,104,267,-63,84,-318,482,452,0
2374051,920,921,350,162,2141,2067,-520,242,-658,22,164,456,450,0
2377365,921,922,275,162,-1180,2690,-1581,206,166,74,258,460,450,0
2380720,923,923,987,1475,-2395,1241,-1511,172,577,-533,831,437,411,0
2384055,924,925,1437,1418,268,-737,-1480,145,271,-465,1516,413,398,0
2387368,925,926,2562,1475,3045,-1354,-1498,138,-54,-439,853,369,411,0
2390720,926,927,2393,1306,4406,-2140,-1844,129,-180,-350,1165,378,420,0
2394055,927,929,2243,800,3101,-3056,-1504,123,-336,-4,1088,402,447,0
2397372,929,930,1081,31,1622,-3221,-1078,110,292,139,748,448,488,0
2400721,930,932,893,0,1784,-3231,-524,104,680,-118,375,474,499,0
2404055,932,933,1175,125,4550,-2419,-314,94,432,59,120,443,483,0
2407374,933,935,256,0,6409,-1229,618,125,-927,32,-353,467,485,0
2410721,935,937,275,0,2728,-1166,1118,176,-714,196,-385,466,462,0
2414056,936,938,481,0,755,-1669,69,186,262,-229,-63,455,461,0
2417377,937,939,406,537,70,-1958,72,169,570,-61,229,459,420,0
2420721,939,941,443,12,1170,-523,837,164,-324,-47,-134,457,448,0
2424056,940,942,443,200,825,-852,1625,194,-490,-48,-35,457,438,0
2427381,942,944,237,162,35,-2140,974,212,-5,-20,-221,452,440,0
2430721,943,945,1100,818,-813,-1497,766,213,-85,191,-83,447,430,0
2434056,945,946,875,425,100,47,1181,209,-377,213,102,443,451,0
2437384,946,948,987,875,-440,713,1265,211,95,33,151,453,427,0
2440722,947,949,1212,856,-2223,1065,1089,218,169,54,18,441,428,0
2444056,949,951,818,837,-2444,1733,1390,234,-349,312,-32,462,429,0
2447387,950,952,556,668,-2787,3032,1372,234,24,152,-35,476,438,0
2450743,952,953,631,987,-2217,3426,740,214,201,-127,238,472,437,0
2454078,954,955,0,406,-1343,2779,918,201,110,-251,60,490,452,0
2457391,955,956,12,87,-509,2202,1104,211,-21,-56,96,474,454,0
2460747,956,958,537,218,1368,2007,842,208,212,158,1,462,447,0
2464082,958,959,181,143,2125,2035,517,184,309,-22,94,465,451,0
2467393,959,961,256,218,3047,2312,103,165,2,51,178,461,447,0
2470747,961,962,331,68,3896,2321,-49,153,-714,27,-62,457,455,0
2474081,962,963,181,443,1074,2507,-571,132,-230,87,110,465,435,0
2477397,964,965,631,537,-1897,2646,-1508,81,49,-369,272,441,430,0
2480746,965,966,668,1737,-3375,2352,-1822,41,-744,-528,567,454,381,0
2484081,967,967,1212,1887,-4599,408,-1680,38,-266,-514,538,425,389,0
2487400,968,968,1737,1493,-6236,-2139,-2527,6,679,-432,992,397,410,0
2490748,969,970,2675,950,-3009,-5528,-3643,-61,502,-151,680,363,439,0
2494082,970,971,2562,387,1620,-6486,-2847,-103,318,72,1118,369,469,0
2497403,971,973,2093,312,4313,-6299,-1956,-106,-37,173,896,394,473,0
2500747,972,974,1981,218,4578,-4836,-399,-72,-64,504,674,416,478,0
2504110,974,976,762,0,3978,-3097,224,-31,133,154,315,456,473,0
2507407,975,977,725,0,3683,-1530,195,-9,202,100,12,458,484,0
2510748,977,979,668,0,3734,-436,1232,39,-420,79,135,445,471,0
2514082,978,980,743,0,3045,-554,995,50,17,-31,-20,441,465,0
2517410,980,982,0,650,2421,-1499,544,32,402,-142,277,482,430,0
2520748,981,983,368,387,1761,-380,-125,26,-575,-8,-152,461,428,0
2524083,983,984,31,387,1025,738,463,39,-442,21,44,463,428,0
2527413,984,986,406,331,-431,765,1020,44,256,-145,5,459,431,0
2530769,985,987,762,668,-734,198,799,18,-199,-32,58,465,438,0
2534106,987,989,706,518,-1463,902,825,14,-415,149,126,468,446,0
2537416,988,990,1250,443,-2095,2278,904,18,229,80,281,439,450,0
2540773,990,991,893,931,-2852,2964,915,10,37,-125,129,458,440,0
2544105,991,993,1137,1081,-3913,2790,1574,19,-758,-72,-137,445,416,0
2547420,993,994,12,1587,-6494,1794,1595,35,-372,112,136,489,389,0
2550773,994,995,425,1231,-8660,-426,918,21,138,-117,264,483,424,0
2554134,996,997,443,518,-7920,-1901,830,4,1119,173,689,467,447,0
2557422,997,998,331,237,-3472,-1486,1871,39,593,180,-24,473,462,0
2560773,999,1000,87,31,383,167,1768,65,-343,179,-169,470,457,0
2564106,1000,1001,350,31,-1324,459,1009,63,95,56,-191,472,473,0
2567425,1002,1002,0,706,-2746,78,364,48,399,-68,8,491,437,0
2570774,1003,1004,443,125,363,317,175,37,-247,-147,-129,467,468,0
2574107,1005,1005,181,650,-273,56,-5,34,-186,51,-181,465,440,0
2577429,1006,1007,387,162,-1129,-586,-22,34,665,141,590,454,450,0
2580774,1008,1008,743,1081,4014,672,238,60,800,-106,570,450,432,0
2584107,1009,1009,1381,931,6220,1396,835,133,137,-15,490,416,440,0
2587432,1010,1011,2225,856,5936,958,737,213,396,-430,958,371,428,0
2590774,1011,1012,2525,1343,7272,-582,866,292,-179,-284,1207,371,418,0
2594108,1012,1013,2393,2225,6709,-1584,1550,420,-347,-89,674,394,387,0
2597436,1014,1015,1793,1887,3715,-3278,1026,566,-505,-140,828,426,389,0
2600775,1015,1016,1643,1606,1174,-4223,716,677,-101,111,419,434,420,0
2604107,1016,1017,1118,443,1121,-4193,794,763,40,268,491,437,457,0
2607439,1018,1019,893,125,1661,-3755,1087,809,64,329,-23,449,458,0
2610796,1019,1020,950,406,1416,-1735,745,826,-493,259,208,446,459,0
2614132,1020,1022,556,0,439,-1218,758,843,-114,-566,14,467,467,0
2617441,1022,1023,331,425,-227,-2122,594,823,0,-100,120,463,442,0
2620799,1023,1024,237,1137,-2000,-2409,767,816,-277,-202,-126,484,420,0
2624132,1025,1026,462,387,-2923,-2121,1355,842,27,-215,-141,456,444,0
2627445,1026,1027,500,106,-2385,-2985,1702,899,-48,-6,-63,454,459,0
2630799,1028,1029,818,462,-2532,-3333,2001,947,-120,144,149,462,465,0
2634135,1029,1030,931,500,-3125,-2445,2020,978,60,-17,-330,456,463,0
2637448,1031,1032,200,87,-3335,-2278,1632,1004,-107,1,-49,479,469,0
2640799,1032,1033,1306,856,-4546,-1173,1287,1018,21,128,19,436,444,0
2644141,1034,1035,612,856,-5129,-79,1886,1049,-146,-21,153,473,444,0
2647451,1035,1036,706,1231,-5161,797,1745,1075,-111,285,-2,468,424,0
2650800,1037,1037,275,1212,-4395,1946,968,1056,80,347,264,491,441,0
2654141,1038,1039,200,312,-3592,2267,364,1018,127,81,353,480,458,0
2657454,1040,1040,237,237,-2391,1848,736,1012,434,-373,54,478,462,0
2660800,1041,1042,481,12,367,1659,707,1008,133,-49,-66,465,474,0
2664141,1043,1043,0,612,742,1651,680,971,193,27,-231,482,442,0
2667457,1044,1045,200,106,527,1690,184,921,130,-22,202,464,453,0
2670801,1045,1046,237,500,2216,1493,-173,884,-35,-67,47,478,448,0
2674142,1047,1048,162,68,2499,1293,-431,860,173,140,-218,466,455,0
2677461,1048,1049,1812,1531,2670,1642,-639,834,-39,209,-91,457,456,0
2680801,1050,1051,931,1043,3045,2761,-1166,798,46,-83,400,488,466,0
2684142,1052,1052,612,743,3420,3759,-1392,755,489,-190,487,505,498,0
2687464,1053,1054,1175,706,5509,4837,-1204,710,404,-285,176,475,484,0
2690822,1054,1055,2581,1568,7357,4608,-1416,640,-260,49,701,416,454,0
2694143,1056,1057,2487,1062,6784,2779,-1582,567,79,-363,1153,405,465,0
2697467,1057,1058,2562,1700,7121,-1277,-641,520,-620,-208,989,401,431,0
2700825,1058,1059,2562,1943,4138,-4355,-557,454,-163,251,846,417,434,0
2704143,1059,1061,1550,1100,2623,-5394,-92,419,-438,401,497,446,438,0
2707471,1061,1062,1418,1100,1993,-3412,275,406,-648,-127,103,437,438,0
2710826,1062,1063,725,2337,2247,-1527,264,389,-409,-685,350,490,388,0
2714143,1064,1065,650,2206,2501,50,415,368,-848,-1339,355,478,379,0
2717474,1065,1065,668,2037,2425,1519,526,361,-495,-1149,95,477,404,0
2720826,1067,1067,725,1962,3211,2023,1644,389,-888,-969,-164,474,408,0
2724143,1068,1068,687,1325,1890,2484,2849,459,-587,-620,-111,476,442,0
2727477,1070,1070,1512,1700,788,2870,3978,560,404,-589,-2,457,463,0
2730826,1071,1071,1118,650,1156,3137,4118,646,-40,-186,-254,478,503,0
2734169,1073,1073,762,668,-284,2880,4005,718,-479,369,128,497,502,0
2737480,1074,1074,1025,1306,-2055,3158,4127,784,-284,-22,374,483,468,0
2740826,1076,1076,1193,1925,-3414,2621,4849,873,-388,-160,352,474,435,0
2744169,1078,1077,425,2506,-5357,250,5341,989,-502,-159,135,499,404,0
2747483,1079,1079,687,2431,-8991,-2337,5614,1124,154,-77,262,485,408,0
2750827,1081,1080,706,1550,-10666,-3143,5655,1242,568,133,-109,484,455,0
2754169,1082,1081,350,518,-8355,-3088,5741,1367,949,111,130,488,495,0
2757486,1084,1083,0,368,-3036,-2302,6163,1529,-24,-147,169,516,503,0
2760827,1085,1085,31,106,-2985,-2591,5269,1682,-667,-20,-37,505,501,0
2764170,1087,1086,12,518,-5417,-3040,4350,1795,-294,-221,-149,490,479,0
2767489,1088,1088,312,518,-5968,-3050,4286,1907,553,9,-26,490,479,0
2770848,1090,1090,312,181,-3263,-3792,4503,2026,1376,366,729,474,481,0
2774170,1092,1091,256,275,2532,-2792,4850,2172,351,518,595,477,492,0
2777493,1093,1093,1212,537,5081,443,4566,2320,-223,94,88,441,477,0
2780850,1094,1094,1700,762,4721,2168,4339,2469,324,-53,476,431,481,0
2784170,1096,1096,1962,443,5714,2624,4293,2624,1195,-67,477,401,482,0
2787496,1097,1097,2543,87,10640,2758,3953,2784,599,9,465,370,501,0
2790852,1098,1099,2656,406,11590,639,3490,2936,-353,52,646,380,484,0
2794170,1099,1100,3350,1062,9187,-2534,3274,3076,-587,294,615,343,449,0
2797499,1100,1101,931,1568,5435,-5419,2726,3205,77,625,489,488,438,0
2800880,1101,1103,0,1043,3431,-4250,2073,3320,-205,577,231,603,441,0
2804170,1102,1104,2656,1006,3907,-1489,3414,3446,395,98,652,387,443,0
2807502,1103,1105,2393,1100,6675,-529,4878,3616,51,615,71,401,438,0
2810853,1104,1107,1887,668,4855,119,4621,3764,-845,240,-7,428,445,0
2814194,1106,1108,1362,1137,490,-211,3288,3858,262,-1,634,456,436,0
2817505,1107,1110,556,1100,-104,757,2769,3936,520,-616,185,499,438,0
2820853,1109,1111,275,537,-740,919,3682,4038,-571,-251,-467,498,452,0
2824198,1111,1112,50,650,-2741,672,4913,4175,-156,-154,-196,510,462,0
2827509,1112,1114,893,837,-4367,-37,4560,4266,364,154,-257,490,461,0
2830853,1114,1115,1025,818,-3697,261,4269,4311,259,-56,-23,483,478,0
2834199,1115,1117,1043,350,-4260,1131,4543,4328,-404,18,88,482,487,0
2837512,1117,1119,762,837,-4641,1201,5257,4364,-612,-83,-16,481,461,0
2840853,1118,1120,1212,1025,-5457,1217,5021,4396,227,-17,282,473,451,0
2844198,1120,1121,800,1100,-4978,2290,5398,4435,-10,30,90,479,447,0
2847515,1121,1123,893,1043,-4541,2988,4797,4434,244,-272,131,490,450,0
2850902,1123,1124,556,668,-3987,3080,4804,4417,221,-217,52,493,471,0
2854200,1125,1126,0,181,-2487,2216,5416,4411,151,54,99,531,481,0
2857518,1126,1127,387,406,1248,2280,4953,4389,272,197,221,486,469,0
2860877,1128,1129,406,125,1395,2461,4300,4344,150,-33,242,485,484,0
2864199,1129,1130,481,368,1298,3031,3902,4273,269,-51,-162,481,471,0
2867522,1131,1132,218,181,4249,2780,3954,4232,-311,139,61,479,465,0
2870877,1133,1133,31,462,4004,2595,3336,4200,-86,160,-282,489,466,0
2874200,1134,1135,275,0,2541,2640,2764,4153,-154,-375,-45,476,478,0
2877526,1135,1137,818,818,420,1566,2350,4086,466,-247,651,462,446,0
2880877,1137,1138,1362,856,2058,-302,1750,3989,516,-45,951,433,444,0
2884201,1138,1139,2468,1475,5714,-2213,1728,3900,229,-301,1150,374,411,0
2887528,1139,1140,3087,2393,7982,-5140,1957,3826,-520,-247,905,357,378,0
2890877,1140,1141,3200,2562,5011,-7074,2519,3770,-308,132,1126,367,385,0
2894200,1141,1143,2693,1943,3144,-8425,2748,3732,-303,88,909,394,402,0
2897531,1142,1144,2468,1625,1140,-8935,3523,3733,-751,841,691,406,419,0
2900877,1144,1145,1606,1568,-819,-6303,2643,3714,931,549,815,427,413,0
2904200,1145,1146,1831,1100,-215,-2942,1557,3677,345,238,401,415,438,0
2907534,1146,1148,1775,275,3710,-1227,1873,3671,-24,489,60,418,466,0
2910878,1148,1149,875,650,2796,-329,1049,3597,-754,-19,113,466,462,0
2914203,1149,1151,968,856,-573,-673,1394,3488,-484,2,124,461,435,0
2917537,1151,1152,0,406,-1350,-802,1526,3391,630,-22,90,507,459,0
2920878,1152,1154,331,668,723,34,1735,3343,-164,-233,-473,495,445,0
2924206,1154,1155,406,0,-870,-443,2101,3322,180,-286,-268,475,483,0
2927541,1155,1157,1118,331,-2601,-2240,3131,3305,-27,246,-65,462,472,0
2930878,1157,1158,762,518,-1166,-1545,3125,3249,-353,-90,-282,481,478,0
2934210,1158,1160,425,162,-1626,-1699,2783,3193,-89,19,-175,499,481,0
2937544,1160,1161,1100,762,-3334,-1556,3178,3159,345,40,188,463,465,0
2940902,1161,1163,1025,1381,-2391,-1486,3738,3134,-266,193,47,483,432,0
2944213,1163,1164,987,1381,-2167,-890,4250,3103,-162,161,-38,469,432,0
2947547,1165,1166,593,1006,-1882,389,4042,3072,30,168,-55,490,452,0
2950902,1166,1167,406,406,-1345,710,3795,3022,187,115,203,485,469,0
2954216,1168,1169,0,237,-571,851,3878,2993,117,-11,300,517,462,0
2957551,1169,1170,12,218,613,616,3359,2948,214,-82,-5,490,463,0
2960906,1171,1171,200,537,1526,332,3286,2882,148,-36,-292,480,462,0
2964219,1172,1173,181,0,2363,365,3275,2829,1,195,146,481,476,0
2967554,1174,1175,518,631,3148,520,2485,2772,13,-115,189,463,457,0
2970912,1175,1176,0,12,3483,495,2078,2715,-163,-146,166,491,474,0
2974233,1177,1177,575,950,2869,379,2000,2654,-285,47,-311,475,455,0
2977557,1178,1179,800,631,827,303,1596,2600,31,-132,-189,463,456,0
2980912,1180,1180,631,1043,548,157,1484,2560,233,61,399,472,450,0
2984226,1181,1182,1006,687,1851,220,1281,2527,568,174,479,452,453,0
2987560,1183,1183,950,912,5114,1748,916,2501,57,510,31,439,441,0
2990913,1184,1185,1793,537,6050,3210,302,2456,-540,-59,177,410,461,0
2994229,1185,1186,1925,1287,5918,3359,441,2409,-1464,-685,444,403,421,0
2997563,1187,1187,2150,2862,678,1955,2525,2409,-1147,-540,576,407,353,0
