Time, Rlegs, Llegs, DCL, DCR, GyroX, GyroY, GyroZ, GyroZAvg, AccelX, AccelY, AccelZ, LBEMF, RBEMF, SteerOut
2091,1331,1348,0,0,209,-125,-157,-158,-9,1,227,102,103,0
5412,1331,1348,0,0,212,-129,-160,-158,-14,0,229,102,104,0
8739,1331,1348,0,0,208,-128,-157,-158,-14,0,232,103,104,0
12094,1331,1348,0,0,211,-130,-157,-158,-17,0,223,103,104,0
15413,1331,1348,0,0,209,-129,-158,-158,-16,0,229,103,104,0
18743,1331,1348,0,0,210,-129,-159,-158,-15,0,228,103,103,0
22094,1331,1348,0,0,206,-129,-160,-158,-15,1,231,102,104,0
25413,1331,1348,0,0,207,-130,-158,-158,-11,-3,231,103,103,0
28747,1331,1348,0,0,210,-128,-160,-158,-16,-2,232,103,103,0
32095,1331,1348,0,0,209,-129,-160,-158,-16,0,224,103,104,0
35415,1331,1348,0,0,210,-128,-159,-158,-11,-1,227,103,104,0
38749,1331,1348,0,0,210,-128,-159,-158,-14,2,231,103,104,0
42095,1331,1348,0,0,214,-127,-160,-158,-16,1,230,103,104,0
45437,1331,1348,0,0,211,-129,-159,-158,-14,0,230,103,104,0
48752,1331,1348,0,0,210,-128,-160,-158,-17,1,229,102,103,0
52095,1331,1348,0,0,209,-128,-158,-158,-17,3,230,103,103,0
55442,1331,1348,0,0,212,-128,-164,-158,-16,0,230,103,104,0
58755,1331,1348,0,0,208,-129,-160,-158,-14,0,223,103,104,0
62096,1331,1348,0,0,208,-128,-160,-159,-15,2,232,103,104,0
65441,1331,1348,0,0,210,-127,-161,-159,-14,1,230,103,103,0
68759,1331,1348,0,0,208,-128,-159,-159,-17,-1,228,103,103,0
72096,1331,1348,0,0,207,-129,-160,-159,-13,0,228,103,104,0
75442,1331,1348,0,0,209,-128,-159,-159,-14,-1,227,103,103,0
78762,1331,1348,0,0,212,-128,-157,-159,-14,1,230,103,104,0
82117,1331,1348,0,0,210,-129,-157,-159,-12,-1,229,102,104,0
85441,1331,1348,0,0,212,-128,-158,-158,-13,-1,227,102,104,0
88766,1331,1348,0,0,210,-127,-157,-158,-17,0,228,102,104,0
92119,1331,1348,0,0,211,-127,-157,-158,-12,1,228,103,104,0
95442,1331,1348,0,0,211,-129,-156,-158,-15,3,230,103,104,0
98769,1331,1348,0,0,213,-129,-159,-158,-15,-1,232,102,103,0
102120,1331,1348,0,0,210,-130,-158,-158,-16,-2,224,102,103,0
105442,0,0,0,0,211,-130,-158,-158,-10,-1,231,103,103,0
108772,0,0,0,0,206,-131,-158,-158,-13,-1,229,103,103,0
112119,0,0,0,0,211,-130,-158,-158,-16,2,225,103,104,0
115442,0,0,0,0,208,-131,-161,-158,-13,0,228,103,104,0
118776,0,0,0,0,207,-127,-160,-158,-16,1,229,103,104,0
122120,0,0,0,0,208,-128,-161,-159,-14,-1,229,103,104,0
125443,0,0,0,0,207,-128,-161,-159,-14,2,230,103,104,0
128778,0,0,0,0,210,-129,-161,-159,-14,0,228,103,103,0
132120,0,0,0,0,209,-127,-161,-159,-12,2,231,102,103,0
135447,0,0,0,0,210,-129,-158,-159,-15,-2,226,103,103,0
138781,0,0,0,0,209,-126,-161,-159,-15,0,229,103,104,0
142120,0,0,0,0,208,-128,-160,-159,-14,2,230,102,103,0
145451,0,0,0,0,211,-127,-162,-159,-17,1,229,103,104,0
148785,0,0,0,0,212,-130,-160,-159,-16,2,228,103,104,0
152121,0,0,0,0,211,-129,-155,-159,-14,-2,227,103,104,0
155454,0,0,0,0,210,-129,-159,-159,-14,0,232,103,103,0
158787,0,0,0,0,211,-130,-155,-159,-11,1,225,103,104,0
162122,0,0,0,0,212,-131,-157,-158,-15,2,227,103,103,0
165456,0,0,0,0,211,-128,-156,-158,-18,1,230,103,104,0
168791,0,0,0,0,208,-131,-157,-158,-15,2,229,102,103,0
172145,0,0,0,0,208,-129,-158,-158,-12,0,228,103,104,0
175459,0,0,0,0,207,-129,-158,-158,-12,0,227,103,103,0
178794,0,0,0,0,205,-129,-156,-158,-18,0,234,103,104,0
182148,0,0,0,0,208,-124,-158,-158,-15,-2,226,103,104,0
185463,0,0,0,0,211,-126,-157,-158,-17,-1,228,103,104,0
188797,0,0,0,0,209,-128,-159,-158,-13,-1,223,103,104,0
192152,0,0,0,0,210,-125,-159,-158,-17,0,228,103,103,0
195466,0,0,0,0,209,-125,-161,-158,-17,-1,233,103,103,0
198800,0,0,0,0,210,-126,-160,-158,-16,-2,233,103,104,0
202154,0,0,0,0,209,-129,-161,-158,-19,-1,230,103,104,0
205469,0,0,3350,3350,206,-127,-160,-158,-29,-7,198,103,103,0
208803,0,0,1587,1756,14,-311,-86,-156,-76,-10,262,229,220,0
212157,1,1,687,856,-323,-431,-91,-154,-126,41,232,277,268,0
215473,2,1,762,1306,-769,-631,223,-142,-154,-51,210,289,276,0
218807,3,2,781,1250,-1169,-864,663,-116,-198,-106,380,288,279,0
222158,3,3,1287,1662,-1929,-1725,633,-92,-61,117,361,293,273,0
225476,4,3,1025,1850,-2412,-2636,759,-63,-167,213,382,307,279,0
228810,5,4,706,1643,-2359,-3286,998,-27,22,263,494,315,281,0
232157,6,5,800,1400,-1709,-2854,1010,9,37,482,345,310,294,0
235480,7,6,1250,1231,-435,-1350,784,38,-64,317,477,286,303,0
238813,8,7,1268,1193,-266,-434,375,55,-136,414,302,301,305,0
242158,8,7,1418,1512,-639,-101,118,64,284,260,269,309,320,0
245482,9,9,1381,818,1189,272,627,88,1,179,264,311,341,0
248816,10,10,1043,762,2535,150,758,117,-58,-82,-31,329,360,0
252158,11,11,800,556,2065,94,980,153,-170,-33,-27,358,371,0
255486,12,12,912,650,1118,279,1133,193,264,-143,-176,377,391,0
258820,13,13,668,706,2817,173,1047,231,270,45,-51,406,404,0
262159,15,14,462,537,4699,-442,682,257,55,-196,151,401,413,0
265488,16,16,500,387,5206,-887,552,279,169,-88,-124,415,421,0
268823,17,17,612,331,5489,-971,265,292,279,23,-80,409,424,0
272159,18,18,950,593,7139,-1055,160,302,-81,25,71,407,426,0
275492,20,20,331,312,7367,-805,74,309,-450,82,-121,424,425,0
278827,21,21,162,668,4482,-895,-357,303,-254,142,263,434,407,0
282184,23,22,0,1231,2778,-929,-458,294,-243,65,194,439,377,0
285495,24,23,0,1418,954,-1159,-440,285,-565,231,-27,431,367,0
288830,25,24,443,1925,-2640,-1441,-96,287,-454,322,252,419,356,0
292185,26,25,518,2150,-4557,-1590,-84,289,-543,-221,226,415,344,0
295499,28,26,612,2225,-6801,-2661,454,308,-257,65,259,410,356,0
298832,29,27,837,2037,-8978,-3421,1033,346,336,465,535,398,366,0
302216,30,29,2000,1868,-8081,-2655,1352,393,-244,665,178,367,390,0
305501,31,30,2093,1531,-9291,150,806,423,680,236,459,362,408,0
308835,32,31,2037,931,-5669,988,420,441,980,246,599,365,440,0
312185,33,33,2300,387,92,3004,190,452,-464,737,297,367,469,0
315505,34,34,2525,143,1339,4847,351,466,403,45,966,355,482,0
318839,35,35,2768,1156,1760,3248,35,470,821,-44,532,358,444,0
322186,37,37,2262,518,4933,852,-66,461,494,308,139,369,462,0
325507,38,38,1662,856,7767,1231,-2076,375,107,236,-405,417,460,0
328842,39,40,256,0,9377,3143,-2356,282,-310,-827,-421,467,470,0
332186,41,41,50,31,9834,4045,-1984,196,-255,-188,117,462,463,0
335511,42,43,612,443,5364,2487,38,166,142,-141,76,448,441,0
338845,44,44,668,0,6942,1558,551,152,-99,25,9,445,465,0
342186,45,46,256,612,4251,1915,722,150,-293,-63,357,451,416,0
345514,46,47,368,1643,-155,642,-227,131,-657,-180,691,461,377,0
348848,48,48,293,2056,-5070,-1143,-253,119,-143,168,612,449,355,0
352213,49,49,1643,2731,-6831,-1733,1236,138,-101,567,325,418,360,0
355517,50,50,1681,2037,-8162,-773,2572,195,-250,287,69,416,397,0
358851,52,51,725,2018,-8007,-228,2010,227,415,404,56,451,398,0
362186,53,53,556,931,-8065,-670,1837,249,364,28,358,476,456,0
365520,55,54,612,406,-5896,-514,1628,267,212,-379,161,457,484,0
368855,56,56,1043,612,-5638,-958,1264,286,-370,-50,427,450,473,0
372211,58,57,818,762,-5412,-947,1255,308,564,-110,330,446,465,0
375523,59,59,1006,706,-3047,-2031,684,321,1086,95,443,452,468,0
378859,60,60,987,0,3696,-1813,1059,349,608,-1,551,438,497,0
382215,62,62,518,0,8103,-1437,1325,388,-480,-16,-121,463,491,0
385528,63,63,350,518,4176,-1530,769,423,-162,362,-203,472,463,0
388861,65,65,0,650,2017,-1172,311,447,121,156,449,479,440,0
392219,66,66,706,1137,1046,-1049,-360,450,-283,-77,156,453,430,0
395531,68,68,743,1156,-1401,-524,-693,431,250,74,402,435,413,0
398864,69,69,593,1512,-657,-335,104,437,205,257,781,443,394,0
402222,70,70,2206,1868,1538,257,1120,458,-111,337,463,388,406,0
405533,72,71,2393,1437,690,1274,1008,457,142,70,626,378,429,0
408867,73,73,2881,1512,1668,66,1335,456,247,70,1281,368,425,0
412223,74,74,2318,1325,3562,-1821,1716,485,189,158,662,382,435,0
415536,75,75,2150,1362,4526,-3677,1661,523,88,397,581,407,449,0
418871,76,77,2075,1231,4532,-3736,1607,568,-119,606,127,411,440,0
422224,78,78,1606,1025,4580,-2064,1336,599,-102,353,-35,436,467,0
425539,79,80,1212,837,6271,141,1300,638,561,-13,233,457,461,0
428874,80,81,537,143,7865,84,1544,688,87,-143,-50,468,473,0
432224,82,83,387,0,6554,-193,1458,799,-859,371,-221,476,482,0
435543,84,84,237,518,3061,1055,553,890,-492,175,-155,484,453,0
438878,85,86,462,143,1955,2180,907,980,280,85,55,456,457,0
442224,86,87,331,518,1669,2992,1574,1028,-373,-153,-146,479,453,0
445546,88,89,425,650,-1372,3682,1791,1067,-296,25,-67,458,430,0
448880,89,90,518,0,-3583,4213,1159,1080,127,160,110,453,465,0
452224,91,92,950,1118,-3500,4580,729,1110,374,-129,148,455,430,0
455549,92,93,1212,725,-3209,5027,1406,1162,-275,-138,65,441,451,0
458883,94,94,1418,1231,-3146,3999,2257,1194,-180,17,65,446,440,0
462225,95,96,743,462,-3540,2820,2735,1199,382,-3,174,466,465,0
465552,97,97,275,912,-2428,2669,2552,1216,568,-33,154,491,457,0
468887,98,99,462,387,-544,3322,2190,1227,-165,187,-128,481,469,0
472225,100,100,687,800,-326,4196,2389,1251,-98,64,50,469,463,0
475555,101,102,500,275,1331,4553,1901,1271,26,47,43,479,475,0
478890,103,103,0,12,2033,4070,1617,1282,180,-97,62,489,474,0
482246,104,105,312,0,1421,4392,1137,1296,-347,-109,130,474,483,0
485559,106,106,0,743,-837,3857,289,1272,-770,-186,28,491,435,0
488893,107,108,50,537,-2095,2936,143,1235,-800,-119,275,472,430,0
492249,109,109,312,1793,-3228,2126,-258,1203,-628,-394,655,458,379,0
495562,110,110,800,1437,-4260,-60,-272,1185,24,-465,469,432,398,0
498897,111,111,1756,1268,-3763,-2595,-1143,1161,419,-333,442,397,423,0
502250,112,113,1718,668,-2079,-5715,-1354,1140,-212,-179,626,414,454,0
505565,114,114,1812,650,-1088,-8935,-161,1132,338,91,586,409,471,0
508900,115,116,1756,237,1184,-9252,130,1101,1072,-79,664,412,477,0
512250,116,117,1437,725,6066,-7925,1601,1119,183,107,260,445,467,0
515569,118,119,856,293,8560,-6113,2512,1156,-405,230,198,460,474,0
518903,119,120,650,312,8059,-5229,3112,1200,-225,289,490,471,473,0
522250,121,122,743,50,7481,-4332,3734,1264,77,92,166,466,487,0
525571,122,123,800,275,5025,-3264,3257,1316,-402,159,-211,454,466,0
528906,124,125,181,87,1559,-1438,1753,1329,-184,401,259,471,460,0
532252,125,127,612,181,1112,1165,559,1306,64,9,241,448,439,0
535575,127,128,312,331,1324,3469,781,1282,-482,-222,-68,464,431,0
538909,128,129,481,575,-3090,4067,958,1266,-1019,85,169,455,434,0
542251,129,130,275,1081,-7702,3766,1374,1292,-532,-9,45,466,407,0
545578,131,132,143,856,-10164,3003,2114,1330,-85,-343,149,457,403,0
548912,132,133,537,1250,-10208,1604,2189,1349,314,-231,305,452,398,0
552251,134,134,668,1550,-7941,192,2124,1359,-64,-19,183,454,407,0
555582,135,136,1062,762,-3506,-554,3027,1418,677,36,328,449,449,0
558916,136,137,1737,687,-786,-122,4218,1527,241,-79,261,413,453,0
562272,138,139,1643,575,30,873,3839,1603,36,168,222,418,459,0
565584,139,140,1475,425,1464,1245,2992,1626,228,-24,43,427,467,0
568919,140,142,950,668,3758,1377,2761,1627,223,-120,115,455,454,0
572276,142,143,462,237,5182,1329,3485,1656,-98,-8,66,481,477,0
575587,144,144,181,481,6816,944,2889,1678,-519,104,-297,497,465,0
578922,145,146,443,200,5987,962,2352,1676,-172,-226,398,467,464,0
582276,147,147,0,293,3922,-146,2335,1690,713,-111,509,477,459,0
585591,148,149,631,556,4010,-803,1558,1688,-229,75,98,457,445,0
588926,149,150,912,1081,3720,-1051,1035,1685,-1030,-172,288,442,417,0
592276,151,151,481,2018,807,-1479,774,1700,-799,-54,325,465,383,0
595594,152,153,612,1418,-4464,-1373,812,1721,-638,42,3,458,399,0
598929,154,154,987,1700,-8175,-728,124,1733,-576,619,-243,453,415,0
602277,155,155,1118,912,-9141,-888,-723,1719,598,-79,428,446,457,0
605597,156,157,1812,612,-5662,-2526,-206,1748,982,-26,933,409,457,0
608932,158,158,2337,537,744,-3295,29,1791,776,82,1050,381,477,0
612277,159,160,2206,87,5950,-3905,612,1815,-67,212,553,388,485,0
615600,160,161,2206,818,6030,-4262,1103,1846,-625,236,303,404,462,0
618935,161,163,1793,650,3583,-3834,1387,1839,-19,407,583,426,455,0
622277,163,164,1493,1118,3524,-3019,1471,1807,1135,235,85,442,446,0
625603,164,166,968,237,7908,-682,989,1740,611,159,-537,445,452,0
628938,165,167,1100,237,10634,767,890,1651,-778,12,-378,438,452,0
632278,167,169,781,106,8116,672,432,1563,-661,139,476,455,459,0
635608,168,170,612,256,3694,2012,-643,1488,158,-73,25,464,451,0
638965,170,171,537,556,3340,3855,-623,1451,-637,42,-362,452,435,0
642298,171,173,556,1006,1014,5018,178,1433,-686,-111,-40,467,411,0
645610,173,174,593,1587,-4888,4072,686,1424,-548,-544,-125,449,380,0
648996,174,175,687,2206,-8122,1916,1380,1424,-278,-330,160,485,388,0
652302,176,176,668,1925,-9844,229,2233,1428,-226,101,120,470,403,0
655614,177,178,1268,1475,-9367,-754,2675,1443,579,182,109,438,427,0
658972,178,179,1456,875,-7001,-72,2618,1459,543,151,-43,444,459,0
662303,180,181,1025,387,-6422,947,3499,1473,-41,-47,-98,451,469,0
665617,182,182,818,443,-4671,1173,3140,1440,-104,333,-5,478,482,0
668975,183,184,800,500,-3575,1611,2469,1397,-171,-191,61,463,463,0
672303,184,185,856,443,-4123,1603,1785,1359,349,-309,-105,476,482,0
675619,186,187,500,125,-2588,1455,2241,1343,18,242,58,464,468,0
678978,187,188,293,668,-740,1354,2173,1302,-63,76,144,491,455,0
682303,189,190,256,68,257,393,1679,1264,196,61,13,477,471,0
685623,190,191,256,0,-1101,-403,1354,1233,19,-230,56,477,475,0
688981,192,193,462,837,-1115,-396,1076,1193,80,-104,187,466,430,0
692303,193,194,387,237,965,-96,1062,1178,413,136,193,470,462,0
695626,195,195,331,706,2141,397,1093,1180,345,24,415,457,437,0
698984,196,197,2693,1831,2916,483,1486,1202,227,-129,885,410,440,0
702303,197,198,2487,1700,5285,-408,3045,1272,130,-175,1049,421,447,0
705629,199,199,2750,1850,7670,-3165,3269,1370,100,-290,1151,407,455,0
708986,200,201,2637,1568,7090,-5064,3989,1517,-704,228,792,413,454,0
712304,201,203,2468,1081,5794,-6027,4990,1680,-379,452,609,438,480,0
715632,203,204,1493,387,5228,-6772,4647,1824,390,228,490,474,517,0
718991,204,206,1306,181,6844,-5941,4510,1946,483,432,-310,500,528,0
722325,206,207,1306,1100,8419,-3557,3925,2034,-456,568,-35,484,479,0
725636,207,209,931,0,5732,-1485,3327,2095,-692,436,318,479,499,0
728994,209,211,837,575,2701,-709,1999,2111,-337,469,425,484,466,0
732328,211,212,0,162,1325,738,570,2098,-420,-58,-278,532,488,0
735639,212,214,425,181,-2053,2576,896,2098,-43,82,473,490,471,0
738994,214,215,687,687,-4783,3281,2267,2156,-97,317,-308,476,460,0
742329,215,217,518,500,-5561,3508,2105,2241,-500,237,-14,485,454,0
745642,217,218,462,87,-7538,4008,1337,2303,143,-29,-34,472,476,0
748994,218,220,856,1081,-6799,3803,983,2328,622,-4,-118,492,448,0
752329,220,221,1081,537,-4953,4295,753,2330,-65,71,-141,464,477,0
755646,221,223,1512,762,-3744,4328,2312,2359,-140,184,105,457,465,0
758995,223,224,875,725,-2839,4662,2566,2370,107,84,166,475,467,0
762329,224,226,912,687,-2686,5398,1889,2345,-8,-31,-110,489,469,0
765648,226,227,631,425,-2882,5860,1405,2307,302,-134,-179,488,483,0
768995,228,229,687,425,-1869,5891,1604,2248,315,11,-29,485,483,0
772329,229,230,650,650,1263,5822,1659,2202,-306,152,262,487,471,0
775651,231,232,0,0,1651,5746,1193,2162,299,-199,46,504,486,0
778995,232,233,12,406,1106,5725,503,2122,156,-243,-73,506,469,0
782329,234,235,275,0,618,4816,-359,2040,169,-387,-20,476,479,0
785655,235,236,518,443,1392,3908,-348,1962,-12,82,433,463,451,0
788995,237,238,968,1250,3694,2621,164,1914,273,-641,424,439,408,0
792330,238,239,1175,1512,4156,-53,-961,1842,-318,-500,280,428,394,0
795658,239,240,1831,1625,1833,-2499,-1136,1773,-91,-409,600,409,404,0
798995,241,242,1681,875,958,-5407,-1013,1708,187,-237,480,416,443,0
802330,242,243,1681,706,941,-8158,-248,1666,-29,-228,408,432,468,0
805661,243,245,1531,893,2559,-9364,962,1650,68,-296,356,440,458,0
809020,245,246,1456,818,4086,-10269,1808,1611,693,-93,709,444,462,0
812352,246,248,1550,312,6619,-10626,2765,1595,416,154,264,439,473,0
815664,248,249,425,0,10671,-8993,3407,1577,-628,588,-58,483,490,0
819020,249,251,762,500,8246,-7356,3896,1543,-823,149,18,481,463,0
822383,251,252,537,0,2468,-5370,2820,1486,-377,286,287,468,493,0
825668,252,254,500,0,-1592,-2316,1543,1393,30,288,488,470,466,0
829021,254,255,481,481,-2753,1290,407,1283,-343,307,398,455,439,0
832355,255,256,368,706,-3953,3934,-241,1172,-646,123,168,461,427,0
835671,256,258,481,856,-7686,5005,-790,1084,-574,-317,-198,471,419,0
839021,258,259,462,912,-12344,4795,-982,1036,231,-71,249,456,416,0
842356,259,260,1118,968,-9518,3707,939,1037,-89,-297,271,421,413,0
845674,261,262,1362,1006,-7751,1168,1370,1009,422,-312,331,408,411,0
849020,262,263,1606,1100,-4555,-674,1411,988,453,228,324,420,431,0
852356,263,264,1906,1062,-447,-247,2405,1021,261,180,510,420,449,0
855677,265,266,1943,631,897,236,2661,1073,635,-197,505,402,456,0
859022,266,267,1662,875,3459,-6,2571,1130,341,-89,-113,433,459,0
862356,267,269,1118,612,6930,268,2585,1139,135,221,280,462,457,0
865681,269,270,687,312,8774,534,2279,1130,149,111,126,469,473,0
869022,270,272,275,237,9307,718,2156,1138,245,-35,-208,507,477,0
872384,272,273,312,368,10337,1236,2142,1161,-484,-51,-92,490,471,0
875683,274,275,0,87,7679,628,1832,1168,-219,107,454,494,470,0
879022,275,276,668,668,6502,-130,1235,1155,65,-99,292,455,439,0
882357,277,277,200,1437,5888,-996,775,1142,-564,-169,-15,480,414,0
885687,278,279,575,1625,3242,-1776,154,1131,-787,-37,136,460,388,0
889043,279,280,575,1925,-979,-2004,387,1154,-962,-6,-45,476,388,0
892379,281,281,275,1625,-6269,-2494,1,1165,-298,48,100,476,404,0
895691,282,282,743,1193,-8474,-2564,-102,1157,-325,181,157,451,427,0
899047,284,284,743,725,-10082,-1906,49,1189,-24,235,-209,466,467,0
902380,285,285,1043,818,-9783,-1377,-697,1202,329,4,-389,450,462,0
905693,287,287,612,462,-8880,-2004,-683,1213,142,207,271,457,465,0
909047,288,288,1568,668,-7280,-1505,-1182,1183,230,601,613,422,470,0
912380,289,290,2468,725,-4095,-646,-1272,1114,178,143,672,390,467,0
915696,290,291,2468,931,-650,-1995,-705,1035,197,35,440,390,456,0
919047,292,293,2075,1362,417,-2938,-709,926,498,627,77,411,433,0
922380,293,294,856,556,3340,-929,-363,809,1018,460,4,451,451,0
925700,294,296,706,181,7580,1274,-897,659,575,-268,-192,459,471,0
929047,296,297,631,368,7883,877,-674,550,-362,-150,-140,463,461,0
932381,297,299,387,0,7790,-458,-1009,470,-637,255,-136,476,466,0
935703,299,300,293,0,6880,611,-990,426,-457,176,349,465,472,0
939048,300,302,443,556,3820,2240,-382,422,-78,112,2,473,435,0
942381,302,303,443,1343,1855,3536,245,454,-1082,-111,-328,457,393,0
945706,303,304,725,1681,-2047,2423,393,497,-694,-60,548,442,375,0
949048,305,305,706,2131,-6249,872,495,483,-277,-41,481,468,392,0
952382,306,306,1100,2150,-9761,-652,1599,490,183,132,247,447,391,0
955709,307,308,1081,1306,-7171,-1485,1943,507,1123,13,411,448,436,0
959048,309,309,1062,968,-883,-1753,2089,497,548,-15,486,449,454,0
962382,310,311,1493,462,3880,-1345,2676,498,-142,151,220,442,481,0
965712,312,312,537,237,3927,-399,2045,481,-417,248,-294,477,493,0
969069,313,314,912,875,3581,291,1734,455,-52,-182,-263,473,459,0
972406,315,315,0,200,1439,213,1075,417,256,-155,-20,491,480,0
975715,316,317,275,125,3170,405,1247,389,-576,70,178,476,468,0
979073,318,318,256,875,2140,464,253,330,-978,-165,192,477,444,0
982406,319,320,425,331,-1806,-313,-424,259,832,-134,394,468,457,0
985719,321,321,425,537,7,-1045,-812,195,-423,11,352,468,446,0
989073,322,322,856,1025,-1542,-1018,-1380,128,-101,-45,94,445,436,0
992409,323,324,837,818,-3963,-902,-1314,82,-32,-107,310,446,431,0
995723,325,325,1343,1137,-3294,99,-737,47,356,201,430,434,445,0
999073,326,327,1756,725,-3760,2053,-782,22,-439,132,604,412,451,0
1002414,327,328,2825,387,-2200,3155,-579,7,871,-214,1395,371,485,0
1005725,328,330,2918,481,2586,1017,182,12,785,-270,882,366,480,0
1009074,329,331,2806,668,6716,-1118,301,43,-257,138,564,388,470,0
1012415,331,333,1831,500,7634,-3144,1044,97,-400,-6,416,424,463,0
1015728,332,334,1531,593,5903,-4273,683,155,324,44,87,440,458,0
1019074,334,335,1025,893,5744,-4110,408,207,433,534,-416,467,458,0
1022416,335,337,443,0,8986,-795,352,241,253,190,-105,473,475,0
1025732,337,339,0,12,9606,34,148,267,-1051,-161,-16,490,464,0
1029074,338,340,518,293,5510,-751,93,282,-297,-245,15,469,449,0
1032416,340,341,237,143,1878,-351,344,320,-69,87,-184,468,457,0
1035735,341,343,481,331,2557,1274,964,372,-447,90,142,455,431,0
1039074,343,344,556,631,365,2221,854,430,-676,-92,-169,451,431,0
1042416,344,345,350,743,-3930,2676,5,461,-165,-175,-16,462,425,0
1045738,346,347,1081,1606,-4873,3213,350,484,-426,82,197,464,404,0
1049096,347,348,1025,1606,-5911,3166,1080,510,-21,-144,304,451,404,0
1052416,348,350,1118,987,-6307,2487,1894,557,382,-14,-104,462,437,0
1055741,350,351,931,612,-4877,2560,2272,612,-182,16,-483,456,457,0
1059100,351,352,893,931,-4064,2994,2340,635,242,-50,160,474,456,0
1062416,353,354,556,706,-2928,3246,1944,635,276,-194,298,476,452,0
1065744,354,355,593,443,-2059,3312,1725,624,253,-190,44,474,466,0
1069099,356,357,631,87,-2537,3827,1439,585,-27,-9,-299,472,485,0
1072416,357,358,256,218,-941,3545,1471,567,-245,145,-9,477,463,0
1075748,359,360,443,425,770,3471,1425,558,85,-283,156,467,452,0
1079100,360,361,0,331,127,2768,882,552,220,-253,164,496,457,0
1082417,362,363,12,200,-1110,2159,79,515,-270,216,53,474,448,0
1085751,363,364,668,931,-1068,1753,79,510,-333,-39,102,455,425,0
1089100,365,366,200,800,-2050,1459,38,524,-106,93,31,464,416,0
1092442,366,367,1025,1587,-2944,1322,126,554,296,-287,451,436,390,0
1095754,367,368,2056,1475,-704,-443,592,615,200,-453,527,396,411,0
1099100,369,369,1943,1193,318,-3519,193,662,318,-657,827,402,442,0
1102442,370,371,2243,762,188,-8106,1185,722,607,21,727,386,449,0
1105757,371,372,2112,518,3191,-8691,1396,790,487,32,956,393,462,0
1109101,372,374,1531,237,6459,-8073,2161,876,186,190,446,440,477,0
1112443,374,375,612,350,7683,-6449,2820,958,27,611,335,473,471,0
1115760,375,377,1025,406,9006,-4719,3381,1055,-405,385,171,467,468,0
1119129,377,378,593,181,8336,-3471,3853,1143,-949,316,290,465,471,0
1122443,378,380,800,0,2649,-1803,2888,1211,-84,377,404,454,472,0
1125763,380,381,406,237,540,1228,1697,1252,22,314,181,459,452,0
1129122,381,383,406,68,1396,3345,857,1267,-299,118,185,459,445,0
1132443,383,384,293,650,-206,4813,955,1293,-1011,-440,-140,465,430,0
1135767,384,385,518,706,-5420,4480,1454,1335,-545,-165,-359,453,427,0
1139125,385,387,181,818,-9599,3186,2533,1404,-93,-26,47,471,405,0
1142443,387,388,312,1212,-9861,1960,3424,1481,24,-180,395,464,400,0
1145770,388,389,987,1531,-9210,42,3537,1564,593,-265,250,453,408,0
1149126,390,391,987,1062,-6680,-1352,3914,1687,89,197,177,453,433,0
1152444,391,392,1231,575,-3077,-477,5078,1834,342,133,145,440,459,0
1155773,392,393,1475,762,-1644,533,5167,1962,584,-143,304,427,449,0
1159126,394,395,1700,481,795,1293,4737,2051,-95,121,-15,415,464,0
1162445,395,396,1100,668,3356,1233,4479,2120,129,7,102,447,454,0
1165777,396,398,1193,668,4615,1149,4360,2183,288,-28,-95,458,454,0
1169154,398,399,856,556,5447,845,4528,2264,236,-142,-296,461,461,0
1172468,400,401,0,312,7337,855,4553,2352,-524,-87,-183,494,458,0
1175779,401,402,237,0,6704,431,4282,2441,-188,-108,518,478,482,0
1179126,403,404,668,537,4576,-289,3551,2506,460,-205,521,455,446,0
1182472,404,405,537,650,4753,-742,2669,2545,-337,-26,77,462,440,0
1185783,405,407,762,781,4118,-917,2555,2597,-979,-8,425,450,433,0
1189127,407,408,631,1587,934,-928,2070,2659,-616,-70,337,457,390,0
1192472,408,409,687,1175,-4125,-381,1514,2704,-433,6,-154,454,412,0
1195786,410,410,987,1343,-8062,242,837,2729,-703,673,-50,485,466,0
1199127,411,412,1718,762,-8823,33,15,2726,507,-293,113,462,497,0
1202473,413,414,1887,331,-6265,-2326,401,2720,1400,-182,861,437,504,0
1205789,414,415,2506,162,41,-3986,598,2732,585,66,816,420,529,0
1209127,415,417,2993,387,5319,-5181,1154,2731,-151,258,545,410,517,0
1212472,417,418,2187,1100,6182,-6050,1600,2738,-441,51,298,437,479,0
1215792,418,420,2150,931,3671,-5540,1342,2712,233,555,81,439,472,0
1219150,419,421,912,837,2602,-3619,926,2653,1270,501,-197,496,468,0
1222473,421,423,987,331,9162,-285,1114,2582,94,56,-63,476,479,0
1225795,422,424,1250,218,10499,-363,967,2492,-1440,225,525,462,485,0
1229151,424,426,762,387,4313,755,10,2402,-393,509,317,488,476,0
1232473,426,427,143,706,1843,3486,-1053,2316,-91,141,-341,505,459,0
1235799,427,429,518,781,2751,5612,-350,2278,-1007,-75,-156,485,439,0
1239150,429,430,668,1137,-2452,5842,-259,2240,-423,-37,12,477,436,0
1242474,430,431,612,1531,-7965,5141,966,2225,-575,-321,-382,480,415,0
1245802,432,433,387,1850,-9927,2560,1896,2205,-493,-35,74,501,407,0
1249151,433,434,1043,1662,-9722,-172,2728,2183,271,79,-76,482,433,0
1252475,435,436,987,556,-8789,-528,2639,2155,828,118,-62,469,476,0
1255805,436,437,1343,500,-4801,404,3387,2139,809,-282,-8,466,495,0
1259151,438,439,968,368,-2042,838,3567,2092,-674,466,312,486,502,0
1262474,439,440,968,593,-2916,1762,3107,2027,167,275,191,486,490,0
1265808,441,442,650,387,-2204,1849,2291,1951,759,-225,-139,487,485,0
1269152,443,444,0,87,264,2297,1964,1872,352,-264,-256,520,486,0
1272477,444,445,200,0,601,1514,2375,1810,195,-258,-62,496,494,0
1275812,446,447,0,162,398,1480,1866,1727,-474,258,1,511,482,0
1279151,447,448,293,893,-397,1000,874,1612,-192,143,127,491,443,0
1282480,449,450,293,312,-1152,750,380,1490,485,-241,140,475,458,0
1285815,450,451,593,593,-146,221,187,1385,92,46,-12,475,459,0
1289152,452,453,556,350,102,43,601,1320,-160,82,306,461,456,0
1292505,453,454,1981,800,2351,-890,1365,1283,687,-228,1093,416,463,0
1295818,454,455,2600,1025,6996,-2436,2214,1288,280,-225,805,383,451,0
1299176,455,457,2806,762,9794,-3854,2692,1325,-779,-28,764,388,465,0
1302487,457,458,2075,1193,8032,-4876,3490,1407,-438,69,1048,411,442,0
1305822,458,460,1943,218,6085,-5725,3878,1528,73,291,450,418,478,0
1309180,459,461,1212,481,7149,-5992,4179,1646,848,502,-201,473,480,0
1312490,461,463,856,50,11135,-4699,4218,1759,-938,240,58,476,487,0
1315825,462,465,1437,837,7366,-2275,3635,1837,-1088,321,412,461,461,0
1319180,464,466,218,0,1765,1177,405,1800,-42,188,267,485,480,0
1322493,466,467,0,106,688,3003,-919,1729,-214,73,214,499,459,0
1325827,467,469,443,425,-494,4346,-1532,1652,-825,-376,-473,473,442,0
1329186,468,470,556,368,-6420,3938,44,1619,-460,-478,-223,467,445,0
1332496,470,472,218,387,-9240,2759,902,1617,-77,-338,-170,469,428,0
1335831,471,473,818,950,-9850,1790,1065,1650,-196,-70,147,453,414,0
1339186,473,474,162,931,-10306,882,1709,1736,435,22,224,472,415,0
1342504,474,475,1231,1643,-7826,539,1474,1793,773,7,260,456,418,0
1345834,476,477,1043,762,-4945,1517,1789,1857,171,335,-139,450,449,0
1349186,477,478,1831,1043,-3825,2746,2691,1911,92,400,529,424,450,0
1352503,479,480,1043,631,-1061,3097,2221,1921,443,-397,172,466,456,0
1355837,480,481,987,706,1133,2592,1502,1883,-62,-106,-343,453,452,0
1359186,481,483,1325,312,1597,2715,1436,1845,-191,-69,202,451,473,0
1362507,483,484,875,612,1829,2878,2091,1805,240,-60,156,459,457,0
1365840,484,486,706,312,2621,2754,1796,1749,258,-193,-254,484,473,0
1369187,486,487,125,68,3961,1844,1418,1696,160,-253,-244,484,471,0
1372509,487,489,481,200,3688,1017,1311,1666,61,-62,499,481,464,0
1375844,489,490,556,218,4341,804,603,1623,-35,129,511,461,463,0
1379186,490,492,912,593,4259,-253,-13,1549,-205,-70,350,442,427,0
1382513,492,493,893,1887,2837,-613,389,1502,-808,60,27,443,374,0
1385847,493,494,443,1868,-1133,-158,132,1479,-889,-29,329,467,375,0
1389187,495,495,837,2150,-5793,-510,46,1469,271,-286,745,446,376,0
1392515,496,496,1418,1512,-3725,-2790,386,1475,-373,-127,374,430,425,0
1395851,497,498,1812,725,-3689,-5506,83,1459,421,-463,407,409,451,0
1399187,498,499,2150,875,-618,-8598,1387,1460,749,2,348,407,459,0
1402519,500,501,1643,368,4986,-7908,1641,1442,-215,118,418,418,470,0
1405853,501,502,1793,368,7930,-6505,2330,1430,-123,246,474,426,486,0
1409211,502,504,1325,500,5597,-5712,2997,1415,-364,446,291,451,463,0
1412522,504,505,1643,893,2825,-4491,2907,1385,-116,575,113,434,458,0
1415856,505,507,1325,387,2139,-2752,2213,1323,355,230,43,451,469,0
1419213,507,508,1043,275,6076,-1559,2163,1259,-96,162,490,441,466,0
1422525,508,510,668,425,4246,-217,1473,1191,-450,68,133,461,442,0
1425860,510,511,612,125,1438,1578,724,1201,-227,271,-184,464,458,0
1429213,511,513,687,612,2068,4303,296,1239,-948,-77,-120,460,432,0
1432528,513,514,0,1118,-3488,5618,30,1288,79,-239,128,488,405,0
1435863,514,515,368,518,-6307,5953,484,1302,-418,-177,-74,461,437,0
1439214,516,517,275,1175,-8035,4698,1985,1336,-641,-377,289,466,402,0
1442531,517,518,800,1831,-10057,1908,2124,1369,-82,-381,299,463,392,0
1445866,518,519,893,1381,-9387,-717,1988,1378,863,-371,369,458,416,0
1449214,520,520,1025,1118,-4587,-2117,3757,1449,581,131,286,451,446,0
1452535,521,522,1212,668,-925,-1241,4924,1547,640,3,177,441,454,0
1455869,523,523,1531,387,1217,128,4245,1595,349,250,535,440,485,0
1459214,524,525,1193,162,2063,1843,3312,1630,-445,-204,-257,442,481,0
1462539,525,526,1250,818,2862,1539,2911,1674,142,240,-224,455,462,0
1465872,527,528,1212,256,5321,1659,3188,1728,317,-43,168,441,476,0
1469214,528,529,218,425,6255,1676,3341,1767,163,-392,139,495,468,0
1472541,530,531,200,181,5603,1092,2521,1790,-616,-38,126,480,465,0
1475875,531,532,425,387,4115,327,2248,1816,-233,-34,499,468,454,0
1479215,533,534,593,631,3961,-432,1528,1823,-437,-76,350,459,441,0
1482544,534,535,968,1250,2998,-1208,1023,1836,-1080,-369,103,439,408,0
1485879,536,536,237,1775,-1415,-1378,963,1866,-1147,196,77,462,380,0
1489215,537,537,631,1437,-6774,-856,1154,1890,-138,-19,265,457,414,0
1492547,538,539,875,781,-8754,-979,466,1901,-1,337,501,459,448,0
1495882,540,540,1418,856,-8264,-1765,436,1913,954,-5,683,430,460,0
1499239,541,542,2093,143,-409,-2960,960,1931,1429,-208,977,394,482,0
1502551,542,543,2543,312,6286,-4371,1764,1983,-253,-15,527,386,489,0
1505886,543,545,2337,256,8361,-5013,2124,2006,-838,214,385,397,476,0
1509243,545,546,1681,987,4730,-4370,2288,2027,-139,349,797,432,453,0
1512554,546,548,1437,687,3200,-3722,2571,2034,433,102,131,445,453,0
1515888,548,549,1100,293,4655,-3105,2322,2013,832,449,-344,454,465,0
1519248,549,551,781,293,10071,-945,1688,1975,-453,390,258,455,449,0
1522558,550,552,706,50,7704,760,1109,1940,-621,213,352,459,462,0
1525892,552,554,368,443,4451,2166,392,1885,-117,97,66,461,441,0
1529248,553,555,293,331,3243,3767,-122,1835,-656,-58,-226,481,447,0
1532560,555,556,537,762,-189,4557,358,1824,-592,-48,-5,452,424,0
1535895,556,558,293,781,-3433,5129,770,1839,-410,-319,-127,465,423,0
1539252,558,559,218,1025,-6584,4352,1436,1883,-824,-344,-36,469,410,0
1542564,559,560,950,1812,-9192,2498,1659,1919,-196,-211,385,455,393,0
1545898,561,561,425,1662,-9509,543,2213,1926,758,27,162,483,417,0
1549252,562,563,1306,762,-7097,-110,2705,1945,-41,267,-210,436,449,0
1552567,564,564,931,800,-6490,616,3806,2001,573,402,102,456,463,0
1555901,565,566,1081,706,-3620,1511,3982,2008,106,382,147,448,468,0
1559252,567,567,368,893,-2859,2385,2711,1939,-53,-164,70,486,458,0
1562570,568,569,593,443,-3193,2610,2390,1881,32,-238,-195,474,466,0
1565905,570,570,687,218,-3098,2311,2354,1851,240,51,-52,470,479,0
1569252,571,572,331,125,-1219,2159,2581,1841,468,-172,139,473,468,0
1572573,572,573,125,218,166,1529,2274,1812,-290,-254,-65,484,463,0
1575908,574,575,481,275,-1609,518,1846,1766,-113,-259,1,465,460,0
1579252,576,576,0,1250,-871,-711,2124,1753,-345,-2048,743,476,408,0
1582576,577,577,706,3406,267,-3794,-2152,1616,-835,-2048,540,453,309,0
1585911,578,578,668,0,1585,-5409,-3746,1451,-1392,-1106,556,455,555,0
1589283,580,578,1043,0,423,-6141,712,1441,651,-352,657,450,854,0
1592579,581,578,1475,0,3930,-4969,371,1423,1272,-39,387,427,858,0
1595914,582,578,2300,3800,10268,-2991,227,1394,69,445,-133,383,163,0
1599265,583,579,2300,3800,7656,-305,-1714,1326,-304,6,569,399,211,0
1602583,584,579,2637,3800,4635,-2096,-1929,1252,85,261,782,381,245,0
1605918,585,580,2243,0,4226,-3676,-2110,1156,-494,340,470,418,868,0
1609274,586,580,1418,0,793,-4445,-1291,1060,-232,476,583,462,867,0
1612587,587,581,2243,0,-3309,-2438,-1178,957,328,340,580,434,867,0
1615920,589,581,2918,3800,-3726,-1842,-693,864,80,218,558,373,266,0
1619291,590,582,3087,3800,-3362,-2435,191,790,27,332,108,348,269,0
1622589,591,583,2750,3800,-4906,-1969,82,720,415,212,306,382,290,0
1625924,592,584,2018,0,-3684,-1365,-126,663,524,396,105,421,873,0
1629278,593,585,2018,0,-201,9,-1550,580,-208,-61,431,421,878,0
1632592,594,586,1812,0,1888,132,-1385,524,-558,190,496,448,882,0
1635927,596,588,1568,3631,-463,368,-1987,466,-251,-52,-369,445,463,0
1639318,597,589,2093,3800,-3001,447,-2667,372,1180,72,767,458,482,0
1642595,599,591,781,2956,644,2119,-2921,256,-665,-334,75,512,524,0
1645930,600,593,1212,1512,-206,5302,-2643,129,-329,-367,261,489,585,0
1649279,602,595,987,1831,-4358,5128,-202,71,-81,-539,321,501,568,0
1652599,603,597,950,893,-4345,288,-473,-12,-891,190,623,503,602,0
1655933,605,599,706,987,-4893,-3034,-1756,-152,384,511,494,516,597,0
1659279,607,601,650,893,-3840,-1973,-1346,-313,1,264,597,503,586,0
1662602,608,603,1512,1062,-2407,-1086,-302,-447,-111,67,554,473,577,0
1665936,610,605,331,537,-1429,-273,1018,-500,-511,107,412,505,574,0
1669279,612,607,0,743,-2084,-146,967,-544,63,40,-97,532,563,0
1672605,613,609,425,406,-870,-1176,344,-607,498,-321,250,500,565,0
1675939,615,611,0,743,2721,-2168,-905,-716,-384,55,493,512,547,0
1679279,616,612,350,762,2757,-2129,-628,-806,91,90,-302,504,546,0
1682608,618,614,443,31,3189,-791,-1024,-896,354,91,-362,483,569,0
1685944,620,616,593,481,6421,368,-1355,-1005,-664,-165,-338,475,529,0
1689302,621,618,1531,1006,3224,-7,-1897,-997,758,-16,388,488,564,0
1692612,623,620,931,950,3625,-171,-2654,-963,1002,-177,787,504,551,0
1695946,624,621,1737,1456,6295,611,-2752,-1071,-145,-55,10,477,540,0
1699304,626,623,1531,1812,6858,925,-2307,-1155,-1234,106,-165,472,505,0
1702615,627,625,2525,2525,980,818,-2167,-1230,55,223,796,435,467,0
1705950,628,626,2600,2206,-2199,-150,-1010,-1208,-200,-51,957,431,484,0
1709304,629,627,0,1943,-3869,-3231,510,-1131,426,257,1097,661,514,0
1712618,630,629,3800,3762,-1103,-6071,1390,-1022,568,297,1212,292,401,0
1715952,630,630,3800,3143,2177,-8234,3249,-880,-577,638,540,211,409,0
1719317,631,631,3800,3593,1038,-7159,5151,-682,-393,519,460,253,401,0
1722622,632,633,0,0,-2193,-5529,5752,-481,338,143,707,849,597,0
1725955,632,634,0,631,-746,-6225,6812,-274,273,-15,306,856,543,0
1729305,633,635,0,1662,-182,-5807,5831,-94,-391,634,-105,855,504,0
1732625,634,637,3800,1306,-252,-4122,5199,71,-600,-30,461,324,507,0
1735959,635,638,3800,1193,-7,-4239,4784,269,648,131,283,356,529,0
1739317,636,640,3800,1250,4099,-3854,4511,453,-520,355,320,388,535,0
1742628,637,642,0,762,1879,-2672,3703,631,252,51,95,864,545,0
1745962,639,643,0,1493,1421,-1377,3368,820,634,519,254,866,522,0
1749305,640,645,2506,1625,3732,39,3232,1012,-344,476,-5,532,499,0
1752631,642,647,2281,2056,1243,1498,3236,1196,-886,318,-201,544,476,0
1755966,644,648,1418,1887,-1644,2691,3332,1306,532,-393,717,574,485,0
1759306,646,650,2412,1550,380,4988,3228,1422,-161,-65,-415,521,503,0
1762634,647,651,2262,1362,-1782,5110,4286,1611,514,-129,-397,529,513,0
1765968,649,653,987,1081,-1716,5079,6318,1850,399,-266,-443,582,513,0
1769327,651,655,856,256,1796,3545,4686,2006,-72,344,259,573,541,0
1772637,653,657,200,256,803,3211,3637,2088,352,108,440,592,525,0
1775995,655,658,350,537,2900,2969,3830,2177,-405,-88,591,584,526,0
1779330,657,660,443,0,2415,1863,3902,2289,236,-217,163,563,540,0
1782641,659,662,818,200,2072,1670,3183,2416,942,94,444,527,512,0
1785999,661,663,837,612,5122,1680,3033,2531,164,172,233,526,506,0
1789330,662,665,856,612,6838,1793,2742,2648,-382,224,-425,540,505,0
1792643,664,667,856,950,5116,2733,2122,2757,-132,81,-484,540,487,0
1796003,666,668,443,575,2747,4690,1361,2859,-584,174,-298,546,507,0
1799330,668,670,725,387,1461,5126,1246,2981,-293,-119,90,531,517,0
1802647,669,672,725,162,544,4153,888,3094,421,-330,17,531,513,0
1806005,671,673,500,575,521,2309,1623,3217,-148,-4,5,543,507,0
1809331,673,675,743,237,-1246,1363,2036,3349,-530,-21,155,514,509,0
1812650,675,677,0,275,-3811,1002,2025,3443,58,-15,423,539,482,0
1816009,676,678,0,462,-3084,1933,1755,3482,198,98,223,532,472,0
1819331,678,680,0,87,-1294,2956,2043,3503,-35,-70,-241,513,476,0
1822653,680,681,0,0,-1632,3086,2671,3485,-185,-223,-468,513,485,0
1826012,681,683,31,0,-3001,2358,3279,3426,-207,-238,-93,511,488,0
1829332,683,684,143,125,-2944,1790,3420,3353,135,-40,243,489,474,0
1832656,684,686,312,68,-2549,1829,3602,3253,146,-30,-128,480,461,0
1836014,686,687,425,406,-1934,2235,3907,3193,133,-101,-242,474,459,0
1839332,687,689,575,312,-1384,2207,4367,3167,-198,185,-149,491,473,0
1842660,689,690,837,1025,-1295,2137,4163,3147,-117,-133,200,477,451,0
1846018,690,692,1418,125,-1525,2541,4430,3145,317,208,89,446,483,0
1849332,692,693,1193,706,-734,2677,4322,3164,584,-10,13,458,468,0
1852663,693,695,1868,387,3247,1922,4085,3187,618,745,659,422,469,0
1856019,695,696,2525,443,10295,516,2737,3171,947,-56,730,387,482,0
1859356,696,698,2543,0,14623,-290,1935,3131,405,575,124,386,491,0
1862666,697,699,1643,275,15991,-27,2380,3101,-1231,-194,58,435,476,0
1866022,698,701,837,518,1354,-2129,3323,3104,-2048,-696,595,478,447,0
1869357,700,702,293,1137,-7750,-5024,2211,3039,1358,-518,933,491,414,0
1872670,702,703,350,2281,-1772,-7190,1794,2898,73,78,1058,504,369,0
1876022,703,705,612,1906,1624,-8678,736,2774,-1387,491,918,474,373,0
1879357,705,706,87,1775,-1736,-6137,557,2678,-1140,451,319,502,396,0
1882672,706,707,481,2037,-7884,-3218,-1364,2516,-481,-94,270,481,382,0
1886053,708,708,1081,2468,-10320,-2381,-2024,2330,800,396,1163,464,390,0
1889357,709,709,1681,2112,-3876,-470,-2223,2161,1158,-33,1182,432,409,0
1892676,710,711,2393,1475,3382,45,-621,2047,-697,-50,328,394,443,0
1896023,711,712,2693,1456,1646,-892,79,1964,-218,138,782,394,444,0
1899358,712,713,2543,1793,753,-1950,481,1913,575,1,644,402,426,0
1902679,714,715,2337,1681,3049,-2548,179,1876,74,222,69,413,448,0
1906023,715,716,2131,856,5676,-1654,-649,1817,8,167,365,424,476,0
1909358,716,718,1775,1250,5372,-797,-1183,1752,10,20,190,459,455,0
1912682,718,719,1175,931,5899,161,-1364,1659,-101,-116,-151,450,447,0
1916024,719,720,443,706,6527,-191,-1600,1545,-434,-113,162,489,459,0
1919358,721,722,631,425,7441,-1028,-2210,1413,-665,-914,-200,479,474,0
1922685,722,723,425,706,3238,-3034,-1575,1309,-211,-808,251,490,459,0
1926024,724,725,425,0,-524,-5886,-650,1224,-503,-163,93,474,482,0
1929358,726,727,181,312,-1478,-6773,580,1159,-976,247,-192,487,464,0
1932688,727,728,387,462,-4069,-7331,-484,1041,228,-134,-4,476,456,0
1936072,729,729,1212,1568,-4511,-7195,-1486,888,305,326,-80,457,438,0
1939380,730,731,893,1512,-2025,-5688,-555,758,-531,-167,167,474,425,0
1942691,731,732,1100,1568,-4454,-5156,543,653,-279,668,131,463,422,0
1946049,733,733,1043,1775,-6167,-3169,418,530,68,494,133,466,427,0
1949383,734,734,575,2075,-7926,-2221,1083,433,-331,413,-194,491,411,0
1952695,736,736,837,1793,-8741,-1385,1434,340,6,184,59,477,426,0
1956049,738,737,0,1025,-8496,-1203,1388,248,183,107,-133,507,467,0
1959383,739,739,556,893,-7956,-1622,1674,173,421,-179,51,492,474,0
1962698,741,740,68,87,-5101,-1504,1610,138,195,-109,52,503,502,0
1966049,742,742,443,0,-3980,-1841,-111,74,270,-474,-179,483,516,0
1969383,744,744,312,106,-4052,-3354,-287,-9,91,-134,-275,474,485,0
1972701,745,745,275,0,-4726,-4782,172,-107,214,253,-7,476,495,0
1976050,747,747,293,200,-4559,-4990,67,-174,-157,162,136,475,480,0
1979384,748,748,556,537,-5087,-4474,-544,-247,-97,-33,-369,461,462,0
1982704,750,750,68,556,-5366,-3923,-64,-272,611,455,-66,471,445,0
1986049,751,751,1193,1193,-1902,-499,-80,-292,671,301,633,442,442,0
1989384,752,753,1775,406,1687,1238,-10,-250,385,-24,385,411,468,0
1992707,754,754,2093,331,3918,2115,707,-165,115,392,323,394,488,0
1996050,755,756,2262,312,6023,3904,1068,-62,602,123,486,385,473,0
1999384,756,757,2637,575,6937,4600,1566,6,333,97,271,381,475,0
2002711,757,759,2318,237,7053,5477,2331,76,-58,204,519,398,477,0
2006050,758,760,2750,1062,7448,5674,2728,146,401,179,283,391,449,0
2009385,760,762,2187,331,8383,6118,2819,229,735,386,-70,405,472,0
2012715,761,763,1925,0,10763,6212,2229,319,377,165,-205,394,480,0
2016071,762,765,2075,50,12682,6271,1770,411,93,398,-278,402,462,0
2019406,763,766,1831,0,12949,6962,1520,501,-88,9,-45,415,474,0
2022717,765,768,1325,312,13023,7031,1596,601,-420,-920,242,442,448,0
2026074,766,769,818,1437,8824,3820,3176,769,-1651,-1299,463,469,388,0
2029408,768,770,0,2506,4561,-16,4586,962,-1510,-415,-60,511,331,0
2032720,769,771,31,2150,-3400,-4230,6065,1172,-260,-318,400,495,350,0
2036075,771,772,425,2618,-7700,-6248,9089,1438,162,-233,140,499,366,0
2039408,772,773,668,1493,-8269,-7782,6328,1650,635,518,-26,486,426,0
2042724,774,774,668,1662,-3442,-5233,5781,1878,-418,627,-72,486,433,0
2046075,775,776,931,1606,-3740,-1710,7298,2123,-792,106,-4,472,420,0
2049408,777,777,1587,1887,-5722,-1154,6592,2312,-1508,-62,-17,437,421,0
2052727,778,778,1681,1962,-11281,-786,6255,2494,-8,95,314,432,417,0
2056075,780,780,1118,1793,-9826,2652,7276,2688,81,-13,-60,462,426,0
2059409,781,781,931,856,-10412,977,6469,2845,1939,-62,647,472,476,0
2062730,783,783,1137,612,-3614,-1027,6166,2995,1421,144,765,446,474,0
2066075,784,784,1887,331,5888,-2498,5159,3103,204,597,568,406,489,0
2069409,785,786,1550,0,8407,-2884,4323,3188,-308,109,-115,424,496,0
2072733,787,787,1006,143,6656,-1693,3988,3316,-93,-88,-432,453,483,0
2076076,788,789,668,0,2735,-169,3341,3430,226,61,-117,471,500,0
2079409,790,791,0,12,2938,716,2245,3495,-87,542,-58,507,474,0
2082736,791,792,350,331,4091,1226,1764,3548,85,530,236,488,473,0
2086076,793,793,893,950,5611,1215,2016,3628,735,-323,276,458,455,0
2089410,794,795,1456,912,9963,1456,2358,3703,351,7,259,444,457,0
2092739,795,796,1512,1137,13028,1769,2606,3787,-261,264,-197,441,445,0
2096098,797,798,1887,181,9738,2396,1758,3842,349,-74,145,421,496,0
2099410,798,799,2018,462,9442,2877,1046,3853,216,230,274,414,481,0
2102743,799,801,1925,162,10047,3301,1949,3881,-376,457,418,419,481,0
2106101,801,803,2225,500,7409,3207,2680,3915,-259,358,545,403,463,0
2109462,802,804,2056,12,5019,3110,2562,3923,153,447,156,403,480,0
2112747,803,805,2318,556,3948,4095,2014,3900,297,842,165,389,451,0
2116101,804,807,1887,50,5793,7691,1790,3868,-447,630,137,412,462,0
2119437,806,808,1700,743,4349,9521,2004,3861,-467,410,135,406,425,0
2122749,807,810,1400,631,1350,9852,1202,3843,-446,-84,90,438,431,0
2126102,809,811,0,1456,-3581,8834,1692,3849,-1650,-243,16,508,387,0
2129442,810,812,0,2056,-8707,8587,1528,3847,-417,-887,92,499,355,0
2132752,812,813,0,2862,-14652,5213,3201,3847,201,-709,772,508,328,0
2136102,813,814,575,2375,-13520,-2555,3718,3820,823,-428,887,491,379,0
2139443,815,815,1231,2206,-10614,-7370,3953,3754,632,-181,670,456,404,0
2142755,816,817,1850,1718,-7091,-9009,4617,3614,346,388,242,423,430,0
2146102,817,818,2300,1081,-1205,-7615,5581,3591,465,294,391,415,464,0
2149444,818,819,1943,856,1769,-6826,5986,3598,-191,-3,-103,434,476,0
2152759,820,821,1756,481,887,-7629,5823,3551,-133,383,250,428,480,0
2156102,821,822,1625,893,3678,-6166,6763,3557,-137,457,318,451,474,0
2159471,823,824,1437,293,3229,-4787,5980,3548,265,75,262,446,491,0
2162762,824,825,687,725,4201,-3646,4842,3472,486,182,-249,486,468,0
2166102,826,827,350,331,7173,-2663,5644,3446,32,88,252,488,473,0
2169444,827,829,518,181,9929,-2670,5361,3421,99,125,197,495,481,0
2172765,829,830,406,106,10310,-2715,3929,3383,421,220,555,485,485,0
2176103,831,832,0,1118,9918,-2129,3506,3357,-211,-229,260,513,431,0
2179445,832,833,368,893,7981,-1775,2479,3310,-475,62,-228,487,443,0
2182769,834,834,368,1475,5887,-966,1462,3251,-677,193,30,487,412,0
2186124,835,835,1531,2337,2492,72,378,3193,-402,13,328,488,445,0
2189445,837,837,462,2131,213,494,463,3152,-14,175,253,529,440,0
2192771,838,838,950,1962,-855,495,1037,3122,-318,123,-252,503,449,0
2196128,840,840,1175,1662,-2954,305,1612,3098,-389,318,-368,491,465,0
2199445,842,841,1100,1775,-5714,224,1629,3068,327,375,-149,495,475,0
2202775,843,843,1568,931,-5404,1568,962,3043,457,216,433,470,504,0
2206128,845,845,2131,781,-1416,2459,573,3028,-452,-233,589,440,512,0
2209445,846,846,1306,237,-1071,2587,782,2992,-621,132,197,459,516,0
2212778,847,848,1512,443,-3732,2038,793,2933,560,7,-25,448,489,0
2216129,849,849,1531,1081,-3675,1474,787,2877,692,317,300,447,471,0
2219470,850,851,1812,368,383,1865,59,2816,-94,156,-257,432,493,0
2222781,852,853,743,312,2005,2403,-322,2750,-855,107,-235,473,496,0
2226128,853,854,800,425,184,2000,-263,2679,875,354,432,486,490,0
2229471,855,856,575,125,3099,2614,459,2656,-309,-2,-167,482,490,0
2232785,856,857,968,706,1392,3894,386,2615,-450,186,-204,461,459,0
2236128,858,859,1306,1531,-2159,5191,1689,2620,-344,176,154,468,440,0
2239471,859,860,1118,1081,-3272,4945,1959,2582,143,181,64,478,464,0
2242787,861,862,0,1137,-4049,4975,1060,2499,535,-170,227,523,461,0
2246129,863,863,406,800,-2948,4134,1993,2437,747,-429,418,500,479,0
2249471,864,865,1362,800,1675,2364,3190,2393,-159,327,644,465,479,0
2252791,865,866,2225,0,6996,702,1567,2267,54,425,659,419,522,0
2256150,867,868,1231,425,8329,-66,1659,2132,406,-259,230,472,499,0
2259472,868,870,818,0,5610,-1488,1623,2001,-453,-208,-10,479,491,0
2262795,870,871,387,687,-427,-1617,374,1801,-861,315,-19,486,454,0
2266150,872,872,0,1662,-3547,23,-899,1586,-297,69,361,509,418,0
2269472,873,874,293,1306,-3448,395,-2215,1366,-210,-260,608,491,421,0
2272797,874,875,575,1006,-4897,135,-2285,1118,-14,49,589,476,437,0
2276154,876,876,593,1193,-4500,934,-3255,849,-819,17,240,475,443,0
2279472,877,878,1006,893,-6774,1054,-4306,591,-440,-243,46,453,443,0
2282801,879,879,1981,1175,-9179,-996,-2885,392,1638,219,1655,416,459,0
2286154,880,881,2618,443,512,328,-1892,255,811,107,1254,382,482,0
2289472,881,882,2993,1100,7457,566,-308,200,-446,-10,984,378,463,0
2292804,882,884,2881,575,6983,-670,840,214,-250,-158,639,384,475,0
2296154,883,885,2318,1231,5561,-2066,1310,241,-60,7,514,430,456,0
2299496,885,887,1887,800,5836,-3394,2157,276,107,225,99,437,463,0
2302807,886,888,1400,387,7764,-4344,2257,296,281,192,-292,463,485,0
2306154,888,890,931,668,8585,-3281,2243,315,232,304,-465,488,470,0
2309497,889,891,368,181,8170,-2098,1930,345,-177,-153,22,493,471,0
2312810,891,893,200,0,7642,-3126,2037,391,-447,-147,120,486,473,0
2316155,893,894,0,181,5273,-3950,1922,427,-233,80,186,504,471,0
2319500,894,896,218,162,3783,-2565,2350,475,138,-86,-239,485,456,0
2322813,896,897,443,200,4523,-527,2590,532,-355,429,-59,473,454,0
2326155,897,899,425,537,2188,11,1910,589,-761,193,-134,474,436,0
2329500,898,900,50,837,-2245,1089,1192,637,-65,80,421,494,420,0
2332816,900,901,1025,1493,-2878,3385,1265,684,-132,-124,202,467,426,0
2336155,902,903,556,706,-2680,4462,1522,718,-256,192,6,476,452,0
2339501,903,904,875,1250,-3101,4950,1097,740,320,-45,148,475,439,0
2342820,904,906,950,1231,-1719,5194,1626,738,219,-410,-256,471,440,0
2346178,906,907,762,931,-887,4522,2139,744,-323,-10,-187,481,456,0
2349501,908,909,200,443,-561,4146,2044,774,-160,230,104,495,466,0
2352823,909,910,368,218,267,4415,1488,758,-94,115,-15,486,478,0
2356178,911,912,556,575,408,4719,1042,691,878,-324,-1,476,459,0
2359502,912,913,237,106,2501,4593,1046,675,247,-157,-77,478,469,0
2362827,914,915,0,12,4699,4316,1028,655,-460,291,102,495,474,0
2366179,915,916,256,312,3970,4878,422,618,-274,230,179,477,458,0
2369501,917,918,200,31,3182,4913,-610,587,80,-194,66,464,457,0
2372829,918,919,387,875,1427,4363,-567,597,-454,-212,46,470,428,0
2376179,920,920,256,1643,-1291,3948,-563,649,-525,91,125,461,387,0
2379502,921,921,518,2637,-4036,3694,-813,695,-505,-18,398,463,350,0
2382833,923,922,462,2225,-6044,2637,-274,788,72,-25,308,481,387,0
2386179,924,923,1193,2075,-8177,1821,-556,905,358,-408,-60,442,411,0
2389502,925,925,2318,1062,-6588,-78,-813,970,555,-557,615,382,449,0
2392835,926,926,2150,706,-942,-4758,-66,1027,436,-624,583,391,468,0
2396179,928,928,1381,200,897,-8117,208,1043,-907,-162,85,432,495,0
2399504,929,929,781,443,-1611,-9785,1652,1069,-207,124,-237,464,482,0
2402839,931,931,875,968,-3764,-9417,990,1059,681,-21,-157,475,454,0
2406208,932,932,743,856,-216,-8447,1305,1032,-271,237,-32,457,451,0
2409507,934,934,0,518,959,-7134,2145,1029,-86,48,-211,485,453,0
2412842,935,935,181,293,-1383,-6831,2288,1030,735,-393,-365,471,465,0
2416180,937,937,181,0,-1215,-8822,1811,1026,-1015,463,246,455,468,0
2419512,938,938,406,875,-5516,-7597,1132,998,-524,668,542,459,434,0
2422845,940,940,312,1062,-7478,-1604,452,952,677,598,777,464,424,0
2426181,941,941,500,968,-2139,2686,1024,911,146,188,1258,438,413,0
2429514,942,942,1362,1643,1636,4982,864,857,-824,536,709,408,393,0
2432848,943,943,2112,1850,-1250,8308,183,803,-643,-13,437,393,407,0
2436205,944,944,2056,2693,-1837,8970,1093,800,-43,-707,1216,412,378,0
2439517,946,945,1850,2468,-2322,5367,1029,792,-389,-325,923,407,390,0
2442852,947,946,1906,2618,-4440,-458,934,774,290,-145,859,404,382,0
2446208,948,948,2375,1681,-3136,-2406,1435,784,1059,50,171,395,432,0
2449521,949,949,1793,1175,2153,-3303,2339,807,587,639,516,426,459,0
2452855,951,951,1043,1006,9121,-1412,2653,823,-69,-12,56,466,484,0
2456241,952,952,87,612,7827,-867,1453,804,-536,-118,-163,518,490,0
2459524,954,954,200,425,3937,-559,1105,792,723,-105,103,496,484,0
2462858,956,955,0,293,6528,-415,1721,814,400,5,-243,506,491,0
2466214,957,957,481,462,9024,-785,1416,825,-161,131,-142,481,482,0
2469527,959,959,293,687,9269,-1531,1556,842,154,-277,388,475,470,0
2472861,960,960,575,406,10831,-3137,1170,865,-171,-245,281,460,469,0
2476214,962,961,687,931,8879,-3733,726,907,-486,31,-202,454,457,0
2479530,963,963,425,875,5079,-3818,476,939,-208,391,95,468,444,0
2482864,965,964,443,1118,1737,-3232,124,961,-259,356,266,482,446,0
2486214,966,966,725,650,141,-2244,58,988,69,153,-196,467,471,0
2489533,968,967,256,893,-590,-1577,-57,995,-186,51,-173,476,458,0
2492868,969,969,875,800,-1745,-1604,225,1019,-74,145,222,459,463,0
2496215,970,970,875,1062,-2643,-1772,179,1050,-559,-126,304,475,465,0
2499536,972,972,668,668,-5354,-2447,238,1060,-171,-94,-392,470,470,0
2502871,974,973,462,181,-7823,-3723,892,1081,-9,49,-329,481,496,0
2506215,975,975,218,87,-8048,-4075,970,1060,124,246,-124,469,476,0
2509540,977,976,0,687,-8073,-3371,931,1058,390,250,241,496,444,0
2512874,978,978,0,50,-6251,-1918,964,1047,317,66,-32,468,462,0
2516215,979,979,218,462,-5074,-1309,829,1006,-252,298,-68,469,456,0
2519543,981,981,68,275,-6503,-334,415,948,-5,444,258,461,450,0
2522877,982,982,406,50,-6984,2087,648,911,-3,-29,-66,443,462,0
2526215,984,984,218,350,-6504,3564,1075,910,-117,113,-145,453,446,0
2529546,985,985,556,443,-6897,4340,650,916,66,150,283,435,441,0
2532880,986,986,1418,1475,-4958,5286,546,901,545,157,680,414,411,0
2536215,988,988,1775,875,-1634,6476,1184,911,572,105,441,395,443,0
2539549,989,989,1643,612,1720,6548,1125,940,594,69,500,402,457,0
2542884,990,991,2018,725,5678,5934,707,928,320,4,305,398,451,0
2546241,991,992,1943,950,7479,5893,488,911,565,12,299,418,455,0
2549553,993,994,1831,631,10016,5313,1,882,128,-13,390,408,456,0
2552887,994,995,2018,781,9608,4143,-917,809,-592,98,194,398,448,0
2556241,995,997,1156,143,6944,2847,-517,719,-86,-278,-24,445,467,0
2559555,997,998,706,0,6618,2222,-637,617,-1012,-108,618,453,479,0
2562890,998,1000,387,593,2570,1634,-1747,517,380,-84,445,470,443,0
2566241,1000,1001,631,1475,2765,1067,-3165,383,-67,-372,242,457,396,0
2569560,1001,1002,1062,1193,5307,311,-3589,217,-1684,-349,641,434,411,0
2572894,1002,1003,1193,2037,-3628,-379,-4919,19,-353,-493,205,443,382,0
2576242,1004,1004,593,1925,-8184,-421,-5264,-193,-950,-148,-32,459,388,0
2579562,1005,1006,1118,1437,-11915,-654,-6280,-426,299,87,-291,462,429,0
2582896,1007,1007,1193,1100,-12958,-277,-6952,-666,783,-388,143,458,447,0
2586242,1008,1009,1812,631,-9611,-1963,-5957,-867,1098,369,982,425,472,0
2589566,1009,1010,2431,275,-3496,-2749,-4506,-1011,496,388,837,392,491,0
2592900,1010,1012,2600,500,4551,-1230,-3772,-1131,332,-300,324,383,479,0
2596243,1012,1013,2037,706,5941,-1132,-2352,-1203,522,133,652,413,468,0
2599568,1013,1015,1962,818,7510,-1143,-990,-1241,152,-413,799,417,446,0
2602903,1014,1016,1343,987,9463,-2243,329,-1236,30,-258,-62,466,453,0
2606243,1016,1017,500,537,8097,-3657,1040,-1211,585,231,-317,470,452,0
2609571,1017,1019,706,125,10517,-3455,578,-1221,264,124,-404,459,458,0
2612906,1019,1020,200,218,12401,-2469,662,-1231,-358,-76,-38,486,469,0
2616243,1020,1022,481,0,9899,-3073,148,-1255,66,-22,56,471,481,0
2619575,1022,1023,331,218,8581,-3012,202,-1279,-751,193,-25,463,453,0
2622910,1023,1025,631,631,5445,313,106,-1301,-750,405,278,463,431,0
2626267,1025,1026,425,1212,1354,1651,-288,-1323,-1132,-508,399,458,400,0
2629578,1026,1027,893,2131,-5124,155,-1634,-1395,-1355,38,40,474,392,0
2632912,1028,1029,237,1981,-12152,84,-1001,-1460,-450,-83,280,493,400,0
2636272,1029,1030,968,1531,-13325,456,-5,-1480,149,43,-113,470,424,0
2639581,1031,1031,350,1287,-12497,-762,546,-1480,487,124,122,487,437,0
2642916,1032,1033,725,631,-10515,69,590,-1499,26,-165,-170,467,456,0
2646271,1034,1034,687,650,-9915,1152,439,-1520,187,-151,-51,469,471,0
2649584,1035,1036,631,387,-9735,630,263,-1534,460,-19,22,472,469,0
2652919,1037,1037,856,612,-7756,89,-57,-1551,-242,-11,159,476,473,0
2656276,1038,1039,593,162,-7420,137,-307,-1561,2,170,120,459,466,0
2659587,1040,1040,312,537,-6709,492,-860,-1559,1102,121,278,474,462,0
2662922,1041,1042,781,200,-1007,321,-853,-1569,570,-180,306,449,464,0
2666280,1042,1043,87,200,1276,-491,-889,-1577,135,-67,106,486,464,0
2669591,1044,1045,312,218,-223,-165,-1417,-1567,-471,91,-54,474,463,0
2672926,1046,1046,425,181,-1755,823,-1821,-1525,18,180,262,468,465,0
2676280,1047,1048,725,537,-43,1103,-1635,-1464,659,2,289,452,446,0
2679595,1048,1049,1925,1568,2183,2214,-1274,-1350,286,-45,-6,451,454,0
2682928,1050,1050,1343,1381,3908,2935,-1448,-1231,391,151,289,466,464,0
2686280,1051,1052,2150,387,6083,2460,-1262,-1074,1148,-103,922,439,517,0
2689597,1053,1054,2037,406,10592,222,-1179,-893,825,-259,779,429,500,0
2692931,1054,1055,2656,200,14760,-2037,-1275,-747,-192,-231,45,412,527,0
2696281,1055,1057,2187,31,13852,-4002,-873,-634,-854,218,208,437,520,0
2699600,1057,1059,1437,537,9041,-5743,-808,-541,-285,-24,552,477,493,0
2702935,1058,1060,1456,406,5997,-4444,-2026,-531,800,611,60,476,500,0
2706281,1060,1062,725,0,9969,-441,-823,-526,267,307,-481,490,504,0
2709604,1061,1063,1175,218,10578,794,-313,-546,-745,-49,199,466,485,0
2712938,1063,1065,256,406,1628,1620,-1197,-615,-246,246,675,499,459,0
2716281,1064,1066,425,818,-2035,2995,-2542,-713,-761,-362,-128,506,453,0
2719607,1066,1068,500,1212,-4609,3427,-1823,-791,-1567,-472,-150,486,416,0
2722941,1068,1069,650,1681,-11048,2115,-623,-815,-1062,-308,473,478,391,0
2726281,1069,1070,462,1662,-16358,610,-115,-825,449,-29,114,488,408,0
2729610,1071,1071,668,1643,-13723,-1583,1443,-783,819,-246,412,502,434,0
2732944,1072,1073,818,968,-9057,-2772,2137,-707,214,155,39,478,454,0
2736303,1074,1074,1193,968,-7199,-1496,2165,-588,282,-107,294,458,470,0
2739613,1075,1076,1681,425,-3158,-91,2430,-481,813,-760,965,432,483,0
2742948,1076,1077,1887,650,1233,-407,2211,-412,560,76,161,437,487,0
2746306,1078,1079,1175,331,4314,-845,2158,-362,-125,109,63,459,488,0
2749616,1079,1081,1212,725,5280,-960,2124,-314,-89,99,94,473,467,0
2752952,1081,1082,462,575,5765,-934,1680,-275,748,-215,96,497,475,0
2756306,1082,1084,425,162,8163,-1014,1928,-223,-218,-275,-94,500,482,0
2759619,1084,1085,462,31,8787,-1561,2379,-147,-686,28,-177,482,489,0
2762954,1086,1087,687,0,7164,-1874,1292,-97,-86,69,351,470,477,0
2766306,1087,1088,631,687,8014,-1906,619,-50,-365,138,238,473,454,0
2769623,1088,1090,818,818,7333,-2834,212,-17,-822,-291,83,463,431,0
2772957,1090,1091,687,968,3351,-2896,182,15,-863,377,-93,454,423,0
2776307,1091,1092,387,1793,-887,-1637,48,61,-553,52,164,486,395,0
2779626,1093,1093,725,1906,-5924,-729,179,124,-164,-147,321,467,404,0
2782961,1094,1095,1137,1568,-7359,-491,-597,156,-448,208,-26,461,422,0
2786306,1096,1096,1250,800,-8495,-836,-341,185,246,672,458,439,463,0
2789629,1097,1098,1437,650,-6135,738,-398,218,164,456,357,445,471,0
2792963,1099,1099,1643,312,-5726,2582,-850,231,376,191,242,434,489,0
2796307,1100,1101,2543,931,-4747,3050,-1348,226,-62,109,659,386,456,0
2799632,1101,1102,2618,650,-1886,1027,-1502,219,470,-216,871,382,471,0
2802967,1102,1104,2262,1212,604,-781,-938,216,957,91,221,392,432,0
2806308,1103,1105,1793,12,3680,-1436,-1580,192,422,631,-46,417,480,0
2809636,1105,1106,800,256,8140,581,-2168,188,179,126,-204,454,467,0
2812970,1106,1108,837,125,8798,1671,-1651,162,-243,-197,-309,452,458,0
2816329,1108,1109,125,293,7403,946,-1431,127,110,-3,-204,490,465,0
2819639,1109,1111,387,143,6442,104,-1574,115,-300,220,-277,476,457,0
2822973,1111,1112,593,331,3537,1175,-872,168,-306,327,80,465,447,0
2826329,1112,1114,537,931,1830,3108,-60,223,-684,-394,-299,468,415,0
2829642,1114,1115,818,1775,-2686,1777,401,255,-711,-90,88,478,395,0
2832976,1115,1116,781,2000,-6186,-259,217,265,-168,101,499,480,399,0
2836333,1117,1117,125,1737,-7978,-986,961,250,179,6,109,499,413,0
2839645,1118,1119,1100,1400,-6216,-707,2098,249,62,-102,57,463,431,0
2842979,1120,1120,1662,462,-4158,24,1983,243,327,85,263,433,481,0
2846333,1121,1122,687,331,-1353,298,2432,243,253,-244,156,485,488,0
2849649,1123,1123,481,650,-223,-205,1985,236,57,-44,-7,496,471,0
2852983,1124,1125,368,500,385,149,1289,209,-510,8,-150,487,464,0
2856333,1126,1126,0,518,-1128,30,629,162,49,146,-186,494,463,0
2859652,1127,1128,87,181,1055,119,978,140,520,-235,-93,486,465,0
2862986,1129,1129,181,481,372,-658,452,94,93,-21,312,481,465,0
2866333,1130,1131,256,50,-1677,-1194,-116,16,133,-102,287,477,472,0
2869656,1132,1132,68,725,-2174,-1067,-655,-44,-153,215,186,487,452,0
2872990,1133,1134,593,425,-2035,-323,-506,-79,223,354,664,459,452,0
2876364,1135,1135,1531,1156,-898,1338,-101,-89,38,187,579,424,444,0
2879658,1136,1137,1925,837,-700,3315,223,-87,280,-12,1059,403,445,0
2882992,1137,1138,3012,893,1201,3044,1476,-43,1032,-579,1516,361,458,0
2886333,1138,1139,2450,725,5448,1467,1856,9,396,-225,1249,391,467,0
2889661,1139,1141,1831,293,7826,-662,1976,89,-274,-209,961,424,474,0
2892995,1140,1142,2693,631,6679,-2497,1981,162,-141,-128,634,394,472,0
2896334,1142,1144,875,0,5796,-4039,900,202,536,-7,-24,475,494,0
2899664,1143,1146,1343,818,9248,-4163,1015,260,264,329,-248,466,462,0
2903022,1145,1147,293,0,9696,-2042,1312,344,-356,323,-182,481,465,0
2906355,1146,1148,143,218,7432,-19,951,420,-608,-245,89,489,453,0
2909668,1148,1150,425,312,4302,-938,342,460,-63,-39,338,474,448,0
2913026,1149,1151,143,462,2498,-1553,302,519,175,91,331,489,440,0
2916359,1151,1153,293,87,3293,60,834,613,-576,74,-95,465,444,0
2919671,1152,1154,818,256,253,2298,848,691,-651,-39,-38,453,451,0
2923030,1154,1155,368,781,-2970,2574,-37,735,-385,8,-191,461,423,0
2926386,1155,1157,987,1006,-4928,2827,54,785,-345,84,40,469,436,0
2929674,1157,1158,1100,1381,-5500,2748,815,838,92,-362,297,447,416,0
2933032,1158,1160,1081,1193,-4674,2039,1489,887,-25,-73,-43,464,426,0
2936359,1160,1161,875,556,-4787,1791,1806,930,28,160,-195,459,460,0
2939678,1161,1163,931,650,-2800,2462,2140,991,-15,-121,64,456,455,0
2943036,1163,1164,818,143,-2293,2678,1848,1018,129,-91,377,462,482,0
2946360,1164,1165,650,500,-1275,3170,1703,1006,-224,-33,-155,471,463,0
2949681,1166,1167,293,481,-2238,3278,1111,979,0,-29,-461,490,464,0
2953039,1167,1168,275,237,-1403,3591,1071,936,536,-102,141,476,462,0
2956359,1169,1170,706,218,1067,3146,1381,917,242,-122,275,453,463,0
2959683,1170,1171,275,331,1367,2600,910,905,-287,-57,-82,476,457,0
2963042,1172,1173,0,143,408,2159,358,897,-250,165,-97,475,451,0
2966360,1173,1174,481,687,90,2069,-335,856,190,-7,264,465,438,0
2969687,1175,1175,0,725,-182,1343,-228,835,-133,-164,221,485,436,0
2973042,1176,1177,743,1268,-1961,1262,88,841,-236,-390,-39,451,407,0
2976360,1178,1178,312,2056,-4157,1807,-61,860,130,357,223,473,380,0
2979690,1179,1179,1118,1456,-3134,1252,188,881,344,-562,523,430,412,0
2983047,1180,1181,2037,725,-492,-1657,303,894,-258,-473,625,397,451,0
2986382,1181,1182,1775,481,-587,-5308,446,901,-147,-343,576,411,464,0
2989693,1183,1183,1756,931,122,-9350,1003,886,132,-442,197,412,456,0
2993050,1184,1185,1212,312,1251,-10813,1104,863,457,366,406,441,473,0
2996385,1186,1187,781,425,4377,-8866,1908,860,-542,490,203,464,467,0
2999696,1187,1188,575,350,5279,-5968,2795,886,187,378,550,475,471,0
