Time, Rlegs, Llegs, DCL, DCR, GyroX, GyroY, GyroZ, GyroZAvg, AccelX, AccelY, AccelZ, LBEMF, RBEMF, SteerOut
3137,1482,1508,0,0,19,44,260,261,-15,0,228,11,11,0
6481,1482,1508,0,0,22,46,262,261,-15,-2,232,11,11,0
9816,1482,1508,0,0,21,43,260,261,-17,0,233,11,12,0
13141,1482,1508,0,0,18,44,261,261,-18,1,227,11,11,0
16481,1482,1508,0,0,18,46,261,261,-13,0,229,11,11,0
19816,1482,1508,0,0,17,44,262,261,-15,-2,228,11,12,0
23143,1482,1508,0,0,18,44,260,261,-14,-1,231,11,11,0
26482,1482,1508,0,0,17,45,261,261,-17,2,226,11,11,0
29816,1482,1508,0,0,18,44,261,261,-15,2,230,11,11,0
33147,1482,1508,0,0,17,43,261,261,-16,0,230,12,11,0
36482,1482,1508,0,0,18,47,259,261,-19,-2,230,11,11,0
39817,1482,1508,0,0,20,49,260,261,-17,-2,234,11,11,0
43150,1482,1508,0,0,17,49,261,261,-16,3,228,11,11,0
46503,1482,1508,0,0,21,48,264,261,-16,1,227,11,11,0
49839,1482,1508,0,0,18,48,262,261,-17,0,229,12,11,0
53153,1482,1508,0,0,20,47,261,261,-16,-1,226,11,11,0
56507,1482,1508,0,0,22,45,264,261,-13,0,226,12,11,0
59840,1482,1508,0,0,20,46,262,261,-19,0,228,11,11,0
63156,1482,1508,0,0,23,43,262,261,-17,-2,229,11,11,0
66507,1482,1508,0,0,21,44,263,261,-16,-1,229,12,11,0
69840,1482,1508,0,0,21,44,263,261,-14,1,226,11,11,0
73159,1482,1508,0,0,20,45,263,261,-16,0,232,11,11,0
76507,1482,1508,0,0,20,46,260,261,-12,0,229,11,11,0
79841,1482,1508,0,0,19,46,260,261,-17,0,233,11,11,0
83163,1482,1508,0,0,18,43,262,261,-19,-2,228,12,11,0
86507,1482,1508,0,0,18,45,261,261,-16,1,230,11,11,0
89840,1482,1508,0,0,20,43,261,261,-14,0,227,12,11,0
93166,1482,1508,0,0,18,46,261,261,-15,0,231,11,12,0
96508,1482,1508,0,0,15,45,262,261,-14,0,230,11,11,0
99841,1482,1508,0,0,19,46,261,261,-15,-2,228,11,11,0
103169,0,0,0,0,19,45,261,261,-14,1,231,12,11,0
106508,0,0,2525,2543,21,43,260,261,-14,0,231,12,11,0
109841,0,0,2525,2543,19,47,260,261,-15,0,233,12,11,0
113172,0,0,2543,2543,22,45,262,261,-20,2,230,11,11,0
116508,0,0,2525,2543,23,41,263,261,-17,2,231,12,11,0
119841,0,0,2525,2543,21,42,262,261,-18,0,232,12,11,0
123175,0,0,2525,2543,19,42,259,261,-17,3,226,12,11,0
126529,0,0,2543,2543,18,44,261,261,-14,1,226,11,11,0
129844,0,0,2525,2543,19,45,263,261,-19,0,229,12,11,0
133178,0,0,2525,2543,17,45,261,261,-16,0,231,12,11,0
136533,0,0,2543,2543,19,48,262,261,-17,0,228,11,11,0
139866,0,0,2525,2543,19,45,262,261,-14,-2,232,12,11,0
143182,0,0,2525,2543,21,45,262,261,-19,-2,229,12,11,0
146533,0,0,2525,2543,21,48,261,261,-14,-5,228,12,11,0
149869,0,0,2525,2543,21,46,262,261,-18,0,231,12,11,0
153185,0,0,2543,2543,18,46,263,261,-14,-1,231,11,11,0
156535,0,0,2543,2543,19,45,262,261,-15,0,230,11,11,0
159874,0,0,2543,2543,20,47,261,261,-14,-2,231,11,11,0
163188,0,0,2543,2543,19,43,259,261,-13,-1,230,11,11,0
166533,0,0,2543,2543,19,45,258,261,-16,1,233,11,11,0
169875,0,0,2543,2543,20,43,261,261,-17,1,228,11,11,0
173191,0,0,2543,2543,22,44,260,261,-15,0,226,11,11,0
176533,0,0,2543,2543,19,46,260,261,-13,-1,228,11,11,0
179875,0,0,2543,2543,19,45,261,261,-16,-1,231,11,11,0
183194,0,0,2543,2543,19,48,262,261,-15,-2,235,11,11,0
186534,0,0,2543,2543,22,46,261,261,-18,0,230,11,11,0
189875,0,0,2525,2543,19,46,262,261,-11,-2,229,12,11,0
193199,0,0,2525,2543,22,43,261,261,-16,0,234,12,11,0
196534,0,0,2525,2525,18,44,259,261,-18,0,229,12,12,0
199876,0,0,2525,2543,19,45,262,261,-18,-2,231,12,11,0
203390,0,0,2525,2525,20,42,260,261,-14,-1,226,12,12,0
206558,0,0,0,0,21,40,259,261,-24,-4,223,837,854,0
209879,1,1,3518,3743,-267,-125,383,264,-246,-122,254,166,154,0
213204,2,2,1700,2225,-1003,-213,501,272,-72,50,241,263,235,0
216562,3,3,1643,1475,-1758,-974,814,289,82,-47,563,282,291,0
219880,4,4,1287,2112,-1880,-2178,924,310,-466,-242,397,317,273,0
223207,5,5,1512,2150,-3068,-3476,1340,344,62,163,660,305,271,0
226562,6,6,1437,1868,-3280,-5149,1450,381,367,506,757,295,272,0
229879,7,7,1756,1737,-1416,-5103,1218,411,359,930,569,278,279,0
233210,9,8,2056,1493,870,-3455,752,426,-139,264,625,278,308,0
236563,10,9,1400,1643,72,-1671,252,426,-548,457,232,297,300,0
239879,11,11,1006,1531,-2153,-1609,301,427,-79,458,177,334,306,0
243214,12,12,931,1325,-2373,-49,1788,475,-388,-63,-301,338,317,0
246563,14,13,200,575,-4366,279,1560,515,431,-1,-268,377,373,0
249905,15,15,1100,650,-2940,-1040,1486,553,577,163,159,375,399,0
253217,17,17,162,668,1908,-1608,1655,597,-15,188,136,409,398,0
256563,18,18,443,575,2944,-1736,-326,579,-122,-573,61,410,403,0
259906,20,20,818,631,2825,-3103,-394,558,-143,-303,-229,390,400,0
263220,22,21,481,462,1920,-3914,756,573,-132,503,-330,408,409,0
266564,23,23,575,575,130,-2440,-390,553,-14,328,188,403,403,0
269933,25,25,0,0,-215,-1501,-1610,495,-92,-38,257,398,398,0
273224,26,26,481,0,889,-1542,-1335,445,305,194,201,366,392,0
276564,28,28,1081,331,2745,-576,-1296,396,689,395,211,334,374,0
279906,29,29,1568,406,5472,525,-1029,356,320,318,270,308,370,0
283226,30,31,1643,181,6129,1827,-1100,313,-141,414,54,304,366,0
286564,31,32,2206,518,4585,2604,-1289,265,-134,311,328,290,364,0
289907,32,34,1925,87,4346,2642,-1001,226,-18,209,131,305,371,0
293230,34,35,2243,1175,3498,2436,-655,197,-51,-129,-377,330,371,0
296588,35,37,837,1343,3456,1692,-944,159,-437,168,-247,421,362,0
299907,37,38,443,443,5359,2607,-1814,94,322,-103,-118,426,410,0
303233,39,40,181,481,3779,3235,-1511,39,250,-506,-34,440,408,0
306589,40,41,631,931,3230,2548,279,40,-81,-215,-179,432,400,0
309907,42,43,762,31,2398,1754,1046,64,-784,64,-170,409,432,0
313236,44,45,31,743,-758,2213,414,69,-473,735,184,448,394,0
316589,45,46,0,537,-2203,4582,53,59,-399,-130,363,429,375,0
319908,47,48,668,1756,-2879,5408,708,65,-1124,96,514,384,310,0
323239,48,49,1081,2262,-5967,4693,2256,110,-1218,-159,394,362,283,0
326589,50,50,556,1325,-13523,2573,3442,189,-567,0,201,390,349,0
329931,51,51,462,3031,-17478,-428,3220,248,1170,428,923,395,258,0
333243,53,52,987,1418,-12628,-1954,3119,300,1346,141,584,367,360,0
336616,54,53,2112,1418,-2766,-2217,3142,360,1340,179,475,353,406,0
339935,56,55,1793,312,1845,-1121,3631,450,-927,184,-234,354,449,0
343246,57,57,1137,706,-1525,-742,2404,517,-225,168,158,405,428,0
346590,59,59,950,950,27,-959,934,537,408,-334,507,415,415,0
349935,61,60,331,837,3128,-1598,1529,529,296,347,111,432,421,0
353249,62,62,668,518,5454,-1998,1213,518,156,-97,-252,430,438,0
356590,64,64,893,293,7526,-669,781,496,-558,-402,-116,418,450,0
359936,66,65,0,331,4639,-879,-498,429,-749,-105,141,427,406,0
363252,67,67,425,575,129,-1696,-520,423,-213,379,552,385,377,0
366590,69,69,1025,931,-931,-1605,-189,429,269,236,657,353,358,0
369936,70,70,818,1531,-366,98,834,432,-36,553,112,364,326,0
373256,71,71,1831,1700,-1475,1239,395,456,579,27,861,326,333,0
376613,72,73,2825,1212,469,-315,751,530,786,200,1028,273,343,0
379936,74,74,2150,1193,3423,-1658,536,588,-396,272,527,309,360,0
383258,75,75,3050,1906,3061,-2598,919,658,-113,304,534,303,364,0
386614,76,77,2018,950,620,-2856,889,717,-275,156,169,374,415,0
389936,78,79,1418,1062,-597,-1777,1147,788,84,542,194,406,409,0
393262,80,80,950,968,940,-487,806,853,28,183,34,431,414,0
396614,81,82,293,743,2618,7,1652,936,121,301,13,466,426,0
399937,83,84,631,725,3794,-80,1492,1003,-199,-228,-176,448,427,0
403265,85,85,87,443,2174,-383,1165,1069,428,-86,120,461,442,0
406614,87,87,237,0,-2043,499,1904,1185,-172,37,-159,423,441,0
409938,88,89,687,0,-1665,1662,2434,1309,-404,29,-207,399,438,0
413268,90,91,275,31,-1472,2175,2454,1376,-493,285,150,421,418,0
416614,91,92,68,556,-3160,2226,2148,1411,-8,296,286,432,390,0
419937,93,94,537,893,-2964,2576,2340,1471,362,188,316,407,372,0
423271,94,95,875,593,-2240,2567,2451,1546,233,-328,89,389,388,0
426615,96,97,1400,593,-523,2107,2400,1599,449,-277,-42,391,418,0
429940,98,99,406,875,786,1560,3199,1628,32,321,59,444,403,0
433275,99,100,556,537,2295,1797,2800,1608,-309,535,133,436,421,0
436615,101,102,481,293,3751,2478,1610,1558,954,-181,260,440,434,0
439943,103,104,312,631,6382,2723,1076,1494,345,-140,-119,449,416,0
443278,105,105,0,106,6979,2953,988,1427,140,102,80,462,444,0
446615,106,107,256,406,3837,4060,-193,1307,-621,-167,117,452,428,0
449946,108,109,0,0,1958,3731,-576,1214,-818,-157,197,427,393,0
453281,110,110,0,1081,-1505,2664,-646,1165,-633,102,-6,437,350,0
456639,111,111,275,1643,-5245,1187,-546,1100,-258,-67,80,393,320,0
459950,113,113,1400,1925,-6326,-252,24,1063,-221,-148,569,333,305,0
463284,114,114,1831,1156,-5525,-2454,800,1063,823,155,1030,310,346,0
466642,115,115,2262,1118,842,-4269,1116,1114,168,59,902,303,364,0
469953,117,117,1700,387,3514,-5719,1497,1177,-646,101,690,333,387,0
473288,118,119,2262,1306,1872,-5998,2419,1258,60,488,409,345,396,0
476643,119,120,1362,1006,1664,-3673,2093,1298,83,180,467,409,412,0
479956,121,122,593,518,2103,-2338,2931,1377,425,101,242,434,422,0
483290,123,124,293,837,1669,-2383,3313,1457,315,-186,-168,450,421,0
486649,125,125,162,725,1119,-1721,3171,1539,50,-67,210,457,427,0
489959,126,127,875,106,-47,12,2452,1587,-912,296,-25,419,444,0
493294,128,129,106,0,-1072,1348,2001,1622,-219,292,-29,430,421,0
496649,130,131,237,50,-2066,2863,2903,1677,-504,342,-210,407,401,0
499962,131,132,875,425,-4686,3484,2798,1739,-59,-51,154,389,397,0
503297,133,134,425,350,-4578,3912,2599,1769,464,11,444,397,385,0
506649,134,135,1062,1025,-3117,4321,2536,1801,-3,122,394,379,365,0
509966,136,137,762,650,-1117,3988,2854,1854,-321,-131,355,379,369,0
513300,137,138,1100,893,-152,1838,2575,1875,91,-469,402,377,372,0
516649,139,140,1306,1456,439,-770,3163,1898,475,-83,121,396,372,0
519969,140,141,1118,725,2353,-701,3364,1926,400,-143,-164,406,411,0
523303,142,143,668,650,3147,214,3002,1953,-288,334,-309,430,415,0
526650,144,145,406,406,3790,1277,2270,1951,-387,101,-53,444,428,0
529972,146,146,0,406,4766,1808,1495,1921,-116,324,193,456,428,0
533306,147,148,518,275,3837,2545,656,1867,-518,114,338,438,435,0
536678,149,150,68,0,1324,3167,-371,1755,312,-345,246,420,416,0
539975,151,151,0,650,660,1914,-590,1649,-883,-439,114,420,373,0
543310,152,153,443,537,-2384,543,-778,1574,-114,-366,-97,384,363,0
546650,154,154,1175,1437,-6698,-672,-990,1510,299,25,173,345,331,0
549978,155,156,1456,781,-5821,-1184,-1335,1437,931,126,1012,330,350,0
553313,156,157,1887,162,-895,-1605,-1148,1407,433,-3,952,307,383,0
556651,157,159,1756,0,4376,-2881,-430,1412,-196,144,746,330,398,0
559982,159,160,2393,650,5670,-3014,-520,1416,-70,276,493,338,415,0
563316,160,162,1643,575,5379,-2404,70,1435,-273,-226,-6,378,403,0
566674,162,163,856,781,3091,-2013,573,1452,209,-389,-149,420,408,0
569985,164,165,312,518,2520,-2154,1262,1467,309,295,31,449,422,0
573320,165,167,556,143,3599,-2430,889,1460,-649,264,-374,436,426,0
576676,167,169,781,218,1203,-1596,-19,1412,-77,-22,374,424,422,0
579988,169,170,462,293,-55,-272,-32,1336,128,59,541,441,434,0
583323,170,172,350,0,386,747,784,1295,-333,-11,-364,417,406,0
586678,172,173,387,856,-3391,1957,368,1215,-496,149,-527,415,374,0
589991,174,175,0,893,-5978,2275,132,1115,-830,-174,90,425,356,0
593326,175,176,406,1081,-6852,2761,1060,1049,-194,-277,831,398,346,0
596676,177,178,1025,1250,-8259,704,1669,1025,616,12,676,365,337,0
599995,178,179,1006,1306,-5956,-921,1944,1023,465,110,612,382,350,0
603330,180,181,406,1175,-1890,-1408,2241,1002,-44,341,236,398,357,0
606677,181,182,1006,762,1424,-1590,2892,1005,475,66,319,412,409,0
609998,183,184,725,875,2421,-947,2401,999,159,-115,-264,427,403,0
613332,185,185,443,443,1904,-23,1619,970,358,-104,-185,442,426,0
616677,186,187,68,350,561,175,1237,920,194,-176,123,462,431,0
620001,188,189,518,575,2663,124,1210,877,-84,-28,15,438,419,0
623335,190,190,0,462,4144,279,353,789,-405,-44,48,453,425,0
626678,192,192,0,87,1741,98,-522,668,-570,-71,165,434,403,0
630004,193,194,106,0,-316,-962,-712,552,180,-137,322,402,394,0
633338,195,195,800,575,-1071,-1987,-1155,445,-86,110,341,381,377,0
636678,196,197,800,200,-3279,-1543,-682,377,-237,457,290,365,381,0
640007,198,198,875,1212,-2313,783,-500,341,245,638,285,361,343,0
643342,199,200,1625,293,-2661,3451,-1060,319,474,-104,993,321,376,0
646678,200,201,2131,537,646,2166,-1097,303,656,5,994,310,379,0
650010,201,203,3518,1681,3818,1027,-1184,291,6,255,855,326,392,0
653345,203,205,2843,1456,5412,-408,-378,310,-405,-146,417,362,420,0
656702,204,206,2243,950,3106,-1516,-787,327,-243,-399,432,410,447,0
660014,206,208,1081,462,2592,-1996,-333,352,362,50,-178,456,457,0
663349,208,210,256,743,3372,-1259,-207,359,106,321,-846,500,442,0
666706,210,212,968,387,4532,109,-395,363,-552,-420,-709,462,461,0
670017,212,214,237,125,1833,-183,-106,358,234,36,267,485,459,0
673351,214,215,181,0,494,19,543,357,-65,250,-299,458,462,0
676706,215,217,368,256,-1964,2162,577,335,-406,221,27,448,422,0
680020,217,219,443,593,-4694,2626,328,318,-306,-26,386,444,404,0
683355,219,220,256,950,-5930,2362,524,335,-482,-255,316,454,385,0
686711,220,222,518,1062,-7898,1502,1545,384,328,-85,275,440,379,0
690024,222,223,950,1175,-6698,539,1992,422,687,-255,127,401,373,0
693358,224,225,1400,875,-2704,63,1780,466,574,303,184,423,419,0
696714,225,227,1006,818,2508,301,1813,519,-373,374,211,444,422,0
700026,227,229,518,875,2403,927,1956,547,-184,-192,254,454,419,0
703361,229,230,218,312,910,968,597,513,635,173,172,470,449,0
706715,231,232,556,368,3412,1218,317,462,324,-328,-217,452,446,0
710030,233,234,0,368,4857,1244,16,393,-295,-408,16,481,430,0
713364,234,235,331,518,159,994,-1043,270,259,-199,216,464,438,0
716715,236,237,0,0,-2087,813,-1821,138,-701,-208,-66,431,421,0
720034,238,239,68,556,-3816,421,-2082,22,-99,160,178,420,378,0
723367,239,240,575,368,-4764,152,-1537,-64,646,145,566,393,388,0
726715,241,242,2000,837,-1194,67,-1455,-147,575,-12,1033,317,363,0
730036,242,243,2037,125,2680,-657,-238,-165,326,107,997,315,401,0
733370,243,245,1737,125,5580,-1383,-442,-163,-193,384,932,331,385,0
736716,245,246,1418,350,4636,-1517,303,-131,-474,132,751,348,389,0
740040,246,248,1625,968,2785,-1593,427,-82,320,-42,85,395,398,0
743374,248,249,781,743,3902,-1681,1832,-3,62,231,-330,424,410,0
746716,250,251,312,575,4718,-1160,2143,79,134,529,-197,449,419,0
750042,251,253,912,125,4346,-137,1801,168,-586,-143,-175,433,443,0
753377,253,255,106,31,485,-578,742,225,-98,-94,389,460,432,0
756716,255,257,387,200,93,84,596,281,-274,215,389,445,423,0
760046,256,258,368,31,-58,1807,1214,331,-811,-346,-173,432,418,0
763380,258,260,0,256,-4493,2696,1331,397,-525,-276,-331,440,390,0
766737,260,261,87,1306,-7623,1222,968,438,-652,-325,89,431,350,0
770049,261,263,537,987,-9691,281,1283,484,194,-32,676,407,351,0
773383,263,264,743,875,-7959,-768,2104,562,622,-72,496,380,357,0
776741,264,266,556,443,-3138,-1443,2082,631,500,-191,182,406,380,0
780052,266,267,912,443,491,-2106,2887,704,-175,367,-97,387,396,0
783387,268,269,743,1025,2176,-1072,3085,782,-625,369,-294,426,379,0
786741,269,270,368,1006,1031,208,2113,838,-218,-77,-156,446,396,0
790055,271,272,743,1062,-382,-398,1528,869,520,106,70,426,393,0
793391,273,274,0,650,2124,-17,1562,870,708,-281,-22,455,415,0
796742,275,275,0,443,4191,-187,1434,853,316,-238,13,453,426,0
800058,276,277,800,200,2607,-364,548,814,-936,-12,171,423,439,0
803393,278,279,0,650,-626,-1432,-73,755,-328,-93,137,450,399,0
806742,280,280,68,350,-1357,-2058,-424,681,-598,324,139,404,389,0
810062,281,282,368,143,-2362,-1563,-678,641,349,296,441,388,384,0
813396,282,283,931,200,-1583,905,-74,629,147,18,500,358,381,0
816742,284,285,1493,106,-888,3026,136,632,146,44,823,328,386,0
820065,285,287,1793,237,1819,2853,456,679,613,387,1400,312,379,0
823399,286,288,1718,162,6206,1659,43,737,34,57,796,332,383,0
826772,288,290,2543,931,6221,313,460,817,-228,-49,113,330,384,0
830069,289,291,1343,575,5217,-938,144,869,-225,75,612,394,403,0
833402,291,293,856,781,3938,-1993,193,921,-72,31,235,420,392,0
836743,293,294,293,931,4114,-1211,-6,928,127,135,-184,450,400,0
840071,294,296,875,0,4983,201,-279,933,-418,-210,-419,419,436,0
843406,296,298,350,350,1499,765,187,930,-48,-434,-62,447,415,0
846764,298,299,237,762,241,509,323,926,-299,250,181,453,409,0
850074,299,301,218,0,-675,1523,145,874,-798,98,-234,424,418,0
853409,301,303,162,725,-5241,2549,71,809,-467,-334,239,411,365,0
856767,303,304,275,725,-7598,1592,162,758,-51,-440,454,405,365,0
860078,304,305,350,968,-8955,399,691,756,355,32,351,401,352,0
863412,306,307,631,1231,-8474,-80,1656,789,85,7,101,386,338,0
866767,307,308,931,818,-5707,-670,1810,808,395,494,385,386,376,0
870081,309,310,556,68,-1381,-527,1850,824,518,-265,133,390,400,0
873415,310,312,1043,1250,485,-173,2139,861,105,-146,105,410,383,0
876768,312,313,762,1118,-121,683,1211,858,-656,5,-336,425,390,0
880084,314,315,312,443,-1945,199,926,822,-73,258,-160,433,410,0
883419,316,317,0,687,887,893,932,786,-359,90,-181,451,413,0
886768,317,318,143,593,2529,440,667,716,41,-150,79,458,418,0
890087,319,320,387,331,1407,-496,23,621,-183,89,340,429,416,0
893422,321,322,0,0,-630,-1162,-694,533,-168,-245,77,421,403,0
896768,322,323,0,162,-2486,-1593,-743,462,288,-72,299,421,383,0
900090,324,325,537,481,-2487,-794,-322,403,10,382,533,379,366,0
903425,325,326,2093,706,1055,964,654,379,187,-166,895,296,354,0
906769,326,328,2187,500,3849,405,1513,409,419,-219,1032,307,365,0
910094,328,329,1587,425,6875,157,1740,466,-221,153,981,323,369,0
913429,329,331,1250,537,6689,-262,1800,535,-566,310,685,357,363,0
916769,330,332,1737,687,4292,-1041,1637,607,313,-169,339,373,397,0
920098,332,334,1531,950,4436,-1147,1223,648,397,-70,-143,384,399,0
923456,334,335,1043,968,6400,-936,1973,705,-433,363,-96,410,398,0
926790,335,337,312,31,4969,-593,1869,749,-472,437,-377,449,432,0
930100,337,339,743,687,2717,436,1222,786,-369,18,314,426,397,0
933459,339,340,743,1043,1314,1299,1216,810,-251,-190,282,426,394,0
936794,340,342,556,50,-155,1319,1424,850,128,-108,21,436,431,0
940104,342,344,0,125,-1170,2261,1284,884,-876,-82,-573,424,397,0
943461,344,345,125,875,-5268,2243,1534,932,-853,-192,-106,413,357,0
946794,345,347,518,931,-7748,1049,1587,990,-225,-402,691,408,354,0
950107,347,348,743,1325,-8705,16,2217,1054,472,107,447,380,333,0
953465,348,349,1043,950,-7513,-857,2579,1124,598,-365,302,380,369,0
956794,350,351,575,218,-5345,-1563,3024,1214,-62,372,149,389,392,0
960110,351,352,1306,1343,-2230,-999,3293,1315,-125,196,64,396,378,0
963468,353,354,1137,1193,-761,-458,3473,1419,290,38,312,405,386,0
966794,355,356,481,368,-1064,516,2389,1472,138,-369,-180,424,414,0
970113,356,357,556,818,-2748,-151,2285,1491,91,-110,-187,436,406,0
973472,358,359,218,537,187,30,2200,1503,65,-180,-231,454,421,0
976795,360,361,350,275,1610,-418,1990,1508,-347,-148,25,431,419,0
980116,362,362,143,987,784,-1078,1439,1486,-257,91,36,442,397,0
983475,363,364,0,0,-500,-1974,938,1477,-177,135,205,433,400,0
986795,365,366,256,0,-324,-1907,747,1472,532,-15,361,394,393,0
990119,366,367,481,425,428,-711,1468,1489,491,435,327,382,369,0
993477,368,369,1418,706,148,2280,1696,1521,-364,295,531,332,354,0
996795,369,370,1737,500,1214,2929,2078,1585,794,-42,1180,315,365,0
1000122,370,371,1737,762,5084,1788,2464,1684,208,-117,1025,315,351,0
1003477,372,373,1512,425,8235,-351,2377,1781,-662,93,763,327,369,0
1006796,373,374,1887,1100,6856,-2054,2227,1861,-106,256,582,365,391,0
1010126,375,376,1268,275,5548,-2943,1499,1887,402,-11,95,398,419,0
1013482,376,378,762,218,6337,-2046,1382,1883,-376,86,-364,425,422,0
1016817,378,379,612,706,4907,-1404,1029,1861,-348,389,-147,433,412,0
1020129,380,381,143,237,3565,151,1361,1847,-537,262,-32,458,421,0
1023486,381,383,331,312,1171,2196,963,1826,-479,-199,383,448,417,0
1026848,383,384,181,275,-2294,1571,905,1816,45,60,245,426,405,0
1030132,385,386,0,50,-3392,1911,1030,1787,-242,-51,133,435,401,0
1033486,386,387,331,875,-5741,3392,1107,1763,-514,-3,-245,418,373,0
1036820,388,389,425,743,-7869,2952,1163,1761,-365,-215,160,397,364,0
1040135,389,391,912,1025,-8985,2093,1926,1783,-4,-47,519,371,349,0
1043486,391,392,856,762,-7572,1181,2383,1813,606,-239,355,374,363,0
1046820,392,393,1100,856,-4498,195,2485,1851,380,2,69,377,374,0
1050139,394,395,1175,1025,-2001,60,3406,1909,-268,303,-35,387,379,0
1053486,396,396,106,968,-651,1190,3477,1968,-335,416,69,444,398,0
1056821,397,398,687,406,53,2429,2623,1981,-78,-289,-265,429,428,0
1060142,399,400,443,706,-1068,1728,2063,1965,655,-161,52,426,396,0
1063486,401,401,162,837,654,1598,2103,1936,546,-144,34,441,405,0
1066821,402,403,181,218,2815,1432,1881,1892,-31,-318,99,456,438,0
1070145,404,405,650,687,1819,1093,820,1809,-550,143,164,415,397,0
1073487,406,406,0,387,547,-41,607,1753,-697,-7,-8,412,387,0
1076822,407,408,162,0,-1207,-632,229,1689,-437,79,53,399,392,0
1080148,409,409,462,743,-2000,-1485,596,1639,598,-62,721,367,352,0
1083487,410,411,1812,612,1175,-2308,1079,1610,569,-60,1047,311,359,0
1086822,411,412,1943,968,5302,-2667,1791,1621,182,5,1036,304,340,0
1090151,413,414,1456,443,7980,-2945,2446,1669,-466,-5,733,330,368,0
1093540,414,415,3068,2337,5666,-2674,2580,1726,-1009,112,596,350,373,0
1096842,416,417,1287,1193,3073,-2783,2939,1772,61,378,513,429,418,0
1100155,417,419,1512,612,5085,-2765,2851,1808,-436,616,150,433,449,0
1103512,419,421,1118,425,5887,-2608,3445,1851,-735,-112,136,454,459,0
1106846,421,422,556,837,2176,-1660,2409,1849,95,340,438,468,437,0
1110158,423,424,162,181,594,279,1134,1810,261,-355,125,489,472,0
1113512,425,426,1062,350,397,1500,906,1769,-604,-320,-34,441,463,0
1116846,426,428,68,0,-3308,2694,1312,1763,-126,-284,-589,464,437,0
1120161,428,430,0,50,-4697,3210,2127,1786,-508,-263,-423,454,433,0
1123513,430,431,518,631,-6845,2941,1490,1801,-495,-407,-118,424,402,0
1126847,432,433,143,800,-8100,2868,1962,1819,-97,93,496,428,377,0
1130164,433,434,1100,1343,-7117,708,2158,1857,187,71,573,393,364,0
1133512,435,436,1175,968,-3655,-376,2039,1892,613,-332,326,389,384,0
1136847,436,437,987,893,-386,-1385,3001,1954,335,-151,-42,399,388,0
1140167,438,439,1156,1175,1149,-804,3561,2031,-289,466,69,420,403,0
1143512,440,441,500,743,2164,848,3178,2093,-523,303,-100,455,426,0
1146847,442,442,0,818,1448,1618,2196,2102,-174,293,-311,479,422,0
1150170,443,444,500,293,1996,1381,2035,2091,641,86,-63,455,450,0
1153513,445,446,706,387,5654,1423,1686,2066,-190,20,102,444,445,0
1156848,447,448,68,800,4235,1116,675,1981,68,-478,364,462,407,0
1160174,449,449,0,0,1833,-82,-209,1866,1,-300,294,459,434,0
1163513,450,451,0,87,-891,-1341,-170,1778,-884,165,113,437,403,0
1166848,452,453,200,631,-3093,-1567,-235,1706,-284,58,163,413,374,0
1170177,454,454,856,968,-3653,-1070,240,1648,245,614,270,378,356,0
1173535,455,455,1943,1025,-1535,-446,430,1603,629,13,893,320,369,0
1176870,456,457,1906,462,2654,-978,1168,1614,176,16,1012,322,383,0
1180181,457,458,1700,556,6115,-2199,972,1625,-418,84,814,333,378,0
1183538,459,460,2037,706,4754,-2580,1199,1655,-338,232,363,357,412,0
1186871,460,462,1793,762,2051,-2182,1049,1670,-328,19,71,386,409,0
1190183,462,463,818,331,607,-2325,2109,1702,-80,194,-163,422,432,0
1193538,464,465,312,293,799,-2622,1798,1702,235,414,4,449,434,0
1196872,465,467,256,725,2258,-1505,1350,1668,-638,370,109,468,411,0
1200186,467,468,481,218,11,1368,689,1609,-650,209,24,440,438,0
1203539,469,470,668,912,-2606,1904,706,1539,71,-279,127,430,401,0
1206872,471,472,0,0,-3771,2276,1536,1498,60,-183,-137,427,415,0
1210190,472,473,687,293,-6114,2623,1141,1426,-402,142,-89,399,404,0
1213538,474,475,743,481,-5137,3573,1079,1384,-20,19,528,396,394,0
1216873,475,477,931,875,-3830,3508,1396,1392,-275,-245,738,386,357,0
1220193,477,478,143,1231,-3590,1056,1657,1416,298,-278,789,412,338,0
1223539,478,479,612,1268,-1679,-860,1778,1430,540,-234,384,403,352,0
1226899,480,481,1306,1381,-221,-1411,2001,1427,39,151,-57,396,376,0
1230196,482,482,818,987,2065,-1024,2619,1462,-483,367,-208,422,397,0
1233539,483,484,368,350,2250,236,1922,1461,192,148,-176,446,431,0
1236873,485,486,725,612,1547,1040,1051,1426,696,-14,169,427,417,0
1240199,487,487,0,612,3811,1408,411,1375,200,-239,181,452,417,0
1243539,488,489,425,575,4812,1342,483,1296,-175,-231,191,443,419,0
1246873,490,491,856,800,3292,1561,-221,1178,-350,-463,119,420,407,0
1250202,492,493,0,0,500,182,-908,1051,-678,134,176,417,412,0
1253560,493,494,593,537,-1850,-1002,-1535,934,-563,157,15,392,379,0
1256873,495,495,631,1006,-4402,-1823,-829,844,450,-204,212,374,354,0
1260206,496,497,1287,743,-2938,-298,-1371,749,280,274,578,339,352,0
1263564,498,499,1643,181,-950,863,-601,709,322,-18,1098,320,382,0
1266897,499,500,1812,0,2025,-183,-709,693,664,21,989,311,403,0
1270209,500,502,1643,575,4865,-1418,-772,675,-401,-144,423,336,377,0
1273564,502,503,2393,1118,3798,-1223,192,688,-268,238,224,338,390,0
1276901,503,505,1043,500,2561,-1599,296,690,58,156,556,410,407,0
1280212,505,506,425,781,2745,-2002,972,707,370,-85,8,443,408,0
1283564,506,508,650,650,4529,-1455,913,699,-192,-279,-612,447,415,0
1286905,508,510,631,87,3320,-755,495,684,-526,-70,-625,432,429,0
1290215,510,512,312,462,-20,-340,382,658,250,51,22,449,425,0
1293592,512,513,0,0,537,383,841,652,-323,85,-382,448,422,0
1296907,513,515,687,0,-1464,1855,762,610,-643,-83,-47,399,415,0
1300218,515,516,0,443,-5730,2479,161,558,-299,31,486,445,380,0
1303565,516,518,162,950,-7031,2391,325,526,-283,-458,298,427,353,0
1306907,518,519,425,1231,-8309,1250,945,534,203,-112,281,397,338,0
1310223,520,521,1062,968,-6829,-455,1699,565,717,-159,710,379,352,0
1313565,521,522,987,1100,-2102,-1381,1728,571,593,213,432,383,361,0
1316907,523,524,443,968,1460,-2140,2243,606,402,229,84,426,382,0
1320225,524,525,968,612,2833,-1066,2542,652,-452,146,-244,414,417,0
1323567,526,527,1025,668,1023,35,1744,663,-63,-63,-354,411,414,0
1326907,528,529,0,537,114,212,980,641,-25,212,-95,459,405,0
1330228,529,530,706,425,3360,447,1226,624,-190,251,-123,428,427,0
1333566,531,532,406,406,3776,234,521,578,339,-60,203,444,428,0
1336908,533,534,106,481,2182,-86,-596,477,179,-409,379,444,408,0
1340231,535,535,0,0,-454,-1389,-771,393,-373,-351,241,433,413,0
1343590,536,537,350,331,-1500,-2310,-949,331,-450,327,223,389,374,0
1346908,538,538,218,575,-3252,-1545,-981,287,363,490,383,380,361,0
1350234,539,540,1062,518,-1878,1148,-785,248,29,162,576,351,364,0
1353591,540,541,2093,481,-1399,2848,-530,238,856,-234,1062,296,366,0
1356908,542,543,1756,200,1068,2258,-538,250,525,40,1220,314,381,0
1360238,543,544,1718,143,5398,1096,-492,282,-66,48,917,316,384,0
1363591,544,546,2075,556,5182,155,-181,302,-266,33,153,355,404,0
1366908,546,547,1362,912,3758,-811,-321,335,-25,33,232,393,401,0
1370242,547,549,837,687,3369,-1860,87,357,183,248,-317,421,397,0
1373591,549,551,968,331,4111,-1296,-18,378,-211,122,-156,414,416,0
1376934,551,552,256,387,4151,186,-223,395,-318,-263,86,452,429,0
1380244,552,554,856,0,1580,93,117,393,-1,-281,9,420,445,0
1383592,554,556,68,0,535,-52,605,403,-284,70,-250,432,436,0
1386934,556,557,0,50,-907,1338,393,385,-674,268,-386,431,401,0
1390248,558,559,500,500,-4479,2345,320,366,-558,50,63,409,377,0
1393592,559,561,406,518,-6376,1748,222,358,-488,97,449,398,360,0
1396934,561,562,106,856,-8144,738,742,369,205,46,360,414,358,0
1400250,562,563,856,743,-7702,265,1663,395,849,-352,329,374,364,0
1403592,564,565,593,312,-4218,-409,1676,423,525,460,336,388,387,0
1406935,565,566,1437,1231,-241,-385,1621,469,0,187,209,389,384,0
1410254,567,568,556,856,1930,-103,2191,527,127,-124,150,420,388,0
1413592,569,570,350,462,1006,510,1093,532,341,-338,-205,431,409,0
1416934,570,571,331,931,-336,182,737,502,903,-207,22,448,400,0
1420257,572,573,218,200,3099,816,859,474,-413,-12,-160,438,423,0
1423614,574,575,293,350,3355,487,546,421,-776,-15,23,434,415,0
1426963,576,576,0,0,372,79,-670,321,-535,-16,306,444,416,0
1430260,577,578,0,0,-2836,-480,-1330,225,-94,-24,52,421,396,0
1433617,579,580,256,181,-3409,-1078,-1428,150,8,66,284,394,382,0
1436935,580,581,1081,275,-3671,-322,-902,83,704,176,734,350,377,0
1440263,582,583,2168,893,671,1102,-73,65,234,120,990,292,344,0
1443617,583,584,2037,87,3204,974,817,109,624,-348,1113,299,387,0
1446936,584,585,1512,481,5953,575,666,154,-174,-188,706,327,366,0
1450266,585,587,2375,1231,5291,-216,1061,217,-470,75,659,339,368,0
1453617,587,589,1718,668,2989,-1154,842,273,262,65,816,374,398,0
1456960,588,590,1006,0,3889,-1941,1163,334,602,-448,16,412,435,0
1460270,590,592,818,668,5547,-1753,1441,396,54,169,-585,422,398,0
1463618,592,593,706,725,4894,-560,1585,462,-184,-354,-714,428,411,0
1466960,593,595,500,237,2730,20,837,504,-150,-91,148,439,421,0
1470273,595,597,743,406,1014,-350,1293,550,-28,222,514,426,412,0
1473618,597,598,50,0,547,347,1429,605,-88,128,104,417,405,0
1476964,598,600,0,31,-1109,1553,1154,638,-359,-203,-204,438,402,0
1480276,600,602,256,706,-4480,2278,934,668,-544,-150,-93,406,366,0
1483618,602,603,575,800,-6233,1903,906,703,-453,-153,273,389,361,0
1486964,603,604,743,1343,-7821,864,1817,756,56,-272,462,380,332,0
1490280,605,606,518,931,-8081,136,2014,800,558,-276,102,392,354,0
1493645,606,607,1606,1793,-6005,-1115,1847,846,544,71,125,380,354,0
1496964,608,609,875,781,-2822,-1711,2803,923,27,367,53,403,392,0
1500282,610,610,725,406,-929,-914,3090,1013,-592,496,103,427,428,0
1503641,611,612,687,293,-1742,514,1967,1051,81,-287,-19,429,434,0
1506964,613,614,87,706,-2966,63,1583,1049,861,-175,103,445,396,0
1510287,615,615,0,293,436,175,1624,1047,52,-142,-51,461,434,0
1513642,616,617,200,275,1706,-328,1346,1038,-447,-122,12,455,435,0
1516965,618,619,0,0,-38,-809,339,980,-363,-164,81,432,398,0
1520289,620,620,0,0,-1233,-1812,189,952,-51,220,65,427,397,0
1523642,621,622,0,293,-623,-1495,289,938,635,393,248,408,376,0
1526964,623,623,687,518,1287,-106,775,936,249,275,539,355,364,0
1530292,624,625,1662,781,2150,2118,1304,959,50,-43,756,319,350,0
1533643,625,626,1662,706,3215,1736,1920,1040,886,14,1221,319,354,0
1536965,627,627,1812,1175,6593,875,1918,1142,267,-177,1074,311,345,0
1540295,628,629,2768,2300,7437,-797,1856,1244,-424,-36,466,350,359,0
1543643,630,631,1737,1156,5191,-2076,1625,1323,-70,502,463,405,420,0
1546965,631,632,1700,856,5194,-2243,1062,1359,-111,554,242,423,452,0
1550299,633,634,968,143,7380,-1149,1345,1375,12,-104,-80,446,474,0
1553642,635,636,575,518,5493,-883,1345,1396,-168,-460,-28,467,454,0
1556967,637,638,237,612,2087,317,1172,1400,135,-344,87,485,449,0
1560302,639,640,743,425,200,1597,1013,1405,-59,-476,57,458,443,0
1563643,640,642,0,181,-2461,1893,1130,1404,59,-139,-215,469,426,0
1566970,642,643,181,706,-3642,3593,1180,1396,-726,-24,-427,442,398,0
1570305,644,645,0,1025,-6866,3127,1441,1392,-745,-394,73,453,381,0
1573643,646,646,237,1137,-9470,1447,1779,1421,-12,-27,603,423,375,0
1576974,647,648,987,743,-9398,696,2282,1452,558,-142,445,399,396,0
1580308,649,650,912,706,-5593,556,2126,1474,889,-237,246,403,398,0
1583644,650,651,1400,1193,-1205,-230,2739,1523,72,76,-64,407,402,0
1586977,652,653,893,800,1074,-109,3281,1597,-329,263,-56,434,423,0
1590311,654,655,0,425,714,1372,2895,1659,-671,300,-38,466,427,0
1593668,656,656,0,931,-664,1807,1528,1650,302,280,-139,468,416,0
1596980,657,658,650,462,1024,1891,1651,1638,1086,-82,108,447,441,0
1600314,659,660,425,256,4806,1690,1412,1625,104,-266,24,443,436,0
1603671,661,662,406,893,2477,1166,529,1554,-3,-246,173,444,402,0
1606983,663,663,0,0,417,318,-492,1442,-199,-210,208,453,424,0
1610318,664,665,0,425,-2187,-654,-125,1376,-107,-9,236,429,385,0
1613677,666,666,275,893,-3508,-1047,-212,1320,101,-30,271,393,360,0
1616986,667,668,1812,931,-1828,-1668,571,1287,934,261,797,327,358,0
1620321,668,669,1943,500,3915,-2481,1253,1285,387,133,989,320,381,0
1623677,670,671,1587,612,7126,-2817,1401,1318,-673,202,610,339,375,0
1626990,671,672,1325,312,6820,-2669,2136,1379,-487,88,692,353,391,0
1630324,673,674,1981,743,3526,-2095,1943,1430,264,-116,447,376,410,0
1633677,674,675,1043,856,4193,-1631,2153,1473,206,-387,133,426,420,0
1636993,676,677,537,162,3623,-2276,3018,1527,-871,454,-265,437,441,0
1640328,678,679,106,762,1265,-1484,2558,1547,-286,483,-101,460,409,0
1643678,679,681,593,706,270,949,1005,1518,-215,147,308,450,412,0
1646996,681,682,743,331,-866,2951,939,1490,-439,152,192,426,432,0
1650331,683,684,0,50,-3646,3311,1613,1489,213,-161,-29,441,417,0
1653678,684,686,237,0,-5615,3692,1581,1505,-202,-509,-90,423,405,0
1656999,686,687,800,987,-7547,2331,2033,1527,-17,-60,429,393,367,0
1660334,688,689,650,1512,-6485,1228,2608,1566,-366,-192,550,401,339,0
1663678,689,690,968,1100,-5950,-869,2775,1617,516,-165,636,384,361,0
1667002,691,691,181,1400,-1580,-2540,3452,1693,123,-264,403,410,345,0
1670337,692,693,800,875,-57,-3113,4150,1787,-176,253,184,393,373,0
1673678,694,694,1268,1268,316,-1721,4442,1889,-36,420,-76,398,398,0
1677006,695,696,725,481,700,48,3280,1947,510,-30,-268,427,424,0
1680341,697,698,443,1081,1661,330,2916,1982,304,-139,205,442,408,0
1683679,699,699,743,968,1692,-48,2753,1997,424,-129,347,426,414,0
1687009,701,701,31,0,3902,-219,2663,2014,755,-155,409,448,455,0
1690344,702,703,762,406,6730,-438,2201,1997,-410,-103,99,425,428,0
1693706,704,704,275,143,5822,-1026,1593,1944,-1161,-89,86,409,416,0
1697012,706,706,0,106,837,-2720,1169,1890,-140,-53,12,413,402,0
1700346,707,708,500,443,-1253,-3264,1393,1886,42,294,199,381,384,0
1703704,709,709,106,800,-1829,-1570,1323,1876,56,193,367,402,365,0
1707015,710,711,443,387,-1218,1685,1078,1865,-342,643,261,384,371,0
1710350,711,712,1418,0,-1964,3330,376,1860,42,222,754,332,392,0
1713704,713,714,1737,293,-173,2621,-169,1870,739,-254,992,315,376,0
1717018,714,715,2618,1137,4329,396,-276,1866,-30,59,410,326,389,0
1720354,715,717,2206,462,5580,-1058,0,1872,-843,-20,412,348,409,0
1723705,717,719,875,518,3124,-2437,-224,1848,-485,-26,393,419,406,0
1727022,719,720,368,668,-840,-2507,-458,1794,616,-65,-224,446,414,0
1730356,720,722,893,893,1513,-1331,-898,1722,838,89,-323,418,402,0
1733705,722,723,725,631,3933,857,-182,1650,-805,-351,-402,427,416,0
1737025,724,725,875,443,-1058,1804,-278,1580,-478,139,-186,419,426,0
1740359,726,727,200,0,-4102,1466,140,1517,-555,352,-75,425,419,0
1743706,727,728,593,387,-4955,2663,-39,1422,-384,-310,148,404,399,0
1747028,729,730,425,556,-5715,3461,48,1343,553,-295,735,397,374,0
1750362,730,731,556,687,-3931,3069,417,1325,-388,-296,373,390,367,0
1753706,732,733,500,1306,-4100,1319,1176,1333,-331,-111,537,393,334,0
1757031,734,734,293,1643,-4021,-793,2237,1352,-136,-117,376,404,332,0
1760366,735,736,650,1118,-2109,-2215,2063,1367,542,-125,320,385,360,0
1763706,737,737,537,856,-464,-2635,2717,1388,590,228,201,421,404,0
1767034,738,739,818,650,1548,-491,2417,1382,-391,227,-220,422,415,0
1770369,740,740,387,875,1706,688,1595,1346,-626,84,-88,429,403,0
1773706,742,742,106,387,275,745,1110,1272,461,-28,-21,444,429,0
1777038,744,744,0,350,2986,547,1097,1177,122,76,-64,458,431,0
1780372,745,746,650,575,4725,313,409,1051,-351,-309,-63,415,419,0
1783731,747,747,87,200,3522,-477,-163,943,-66,-358,305,403,397,0
1787042,748,749,200,0,13,-2331,-470,838,-79,-38,429,397,402,0
1790376,750,751,350,743,-1463,-2658,-160,747,-584,346,179,389,368,0
1793734,751,752,350,500,-2205,-1105,-140,659,-469,430,263,389,365,0
1797044,753,753,1081,800,-2176,2204,-644,570,208,271,552,350,365,0
1800378,754,755,1550,537,-702,2562,-392,508,429,220,960,325,363,0
1803735,755,757,1906,162,2278,1803,-542,455,-5,207,878,322,383,0
1807047,757,758,2375,650,5780,422,-225,404,-256,-188,472,323,399,0
1810382,758,760,1718,950,4195,-648,-349,352,-145,-63,280,374,399,0
1813740,760,761,1193,875,2470,-1446,89,321,-301,9,166,402,403,0
1817050,761,763,575,537,1601,-1865,38,310,232,526,-273,435,405,0
1820386,763,765,368,668,3100,-809,270,324,266,-96,-183,446,414,0
1823743,765,766,1062,406,3278,284,52,334,-297,-194,259,409,428,0
1827054,767,768,87,0,-68,119,491,350,204,-252,-123,445,450,0
1830388,768,770,256,0,-853,585,663,377,-65,30,-443,406,422,0
1833743,770,771,368,0,-2748,2123,348,402,-533,-248,-422,400,404,0
1837057,771,773,612,762,-5516,2770,374,442,-521,20,441,403,363,0
1840391,773,774,462,968,-6484,2502,323,458,-87,-81,695,395,352,0
1843744,775,776,368,1231,-7039,1048,974,497,120,-291,400,400,338,0
1847061,776,777,668,912,-4895,-593,1842,550,382,-135,352,384,355,0
1850394,778,779,1343,1700,-1441,-1902,1944,612,308,149,440,394,359,0
1853743,779,780,1156,968,1023,-2301,2637,693,233,192,179,404,398,0
1857063,781,782,331,800,2197,-716,2576,761,41,-76,-164,432,391,0
1860398,783,783,312,406,616,5,1464,770,110,-183,-94,449,428,0
1863744,784,785,0,331,-71,288,1031,732,565,-216,189,467,432,0
1867066,786,787,368,556,3539,215,1243,706,-499,97,-241,430,404,0
1870402,788,789,218,331,3253,13,467,636,-732,26,19,438,432,0
1873744,790,790,0,0,1456,-475,-292,551,20,-302,251,428,419,0
1877070,791,792,200,87,-1092,-2051,-568,484,362,-197,389,397,387,0
1880404,793,793,518,387,-1781,-2475,-642,429,270,182,441,380,371,0
1883745,794,795,1006,593,-2158,-1079,-198,389,192,512,271,354,360,0
1887073,795,796,1193,425,-1899,2348,-422,363,289,201,810,344,369,0
1890407,797,798,2018,406,-472,3191,-494,352,775,-196,1011,300,370,0
1893766,798,799,1475,50,2810,2296,-544,350,222,-16,1014,329,389,0
1897076,799,801,2225,781,6176,967,-318,345,-140,78,859,347,392,0
1900411,801,802,1906,181,5120,-419,-318,339,-60,-259,436,364,424,0
1903769,802,804,1437,31,4010,-1440,-141,355,201,-40,76,389,432,0
1907079,804,806,593,1081,3463,-1874,48,369,196,258,-495,434,392,0
1910414,806,807,256,87,3856,-981,-33,385,-105,81,-670,452,429,0
1913770,807,809,256,0,3508,384,-121,388,-325,99,136,452,448,0
1917082,809,811,350,0,788,183,420,412,-240,252,546,417,423,0
1920417,811,812,0,0,-319,530,477,424,-6,87,-7,444,419,0
1923770,812,814,237,12,-2130,2042,163,428,-367,-442,-228,423,403,0
1927086,814,815,312,800,-5481,2360,131,424,-500,-404,62,403,361,0
1930420,816,817,612,706,-7412,1470,169,427,-404,28,484,387,350,0
1933770,817,818,912,1268,-8976,487,829,438,417,-160,662,371,336,0
1937089,819,820,987,575,-6285,-263,1429,462,609,-318,301,383,373,0
1940424,820,821,1287,668,-2574,-1116,1751,506,425,15,69,381,398,0
1943770,822,823,500,593,661,-486,1912,554,39,214,206,423,402,0
1947093,823,824,706,931,1976,335,1925,604,-689,71,-71,428,400,0
1950426,825,826,237,500,-19,452,847,600,205,431,-102,437,407,0
1953771,827,828,68,331,54,313,724,565,869,-328,93,446,416,0
1957095,829,829,0,650,3748,579,580,522,248,-205,8,466,415,0
1960430,830,831,275,368,2877,80,49,442,-753,-87,33,435,414,0
1963771,832,833,0,0,192,-302,-971,331,-533,106,174,428,407,0
1967098,834,834,0,125,-2501,-1102,-1185,248,-198,-32,98,424,385,0
1970433,835,836,106,125,-3583,-1350,-1429,171,224,136,414,386,369,0
1973771,837,837,1025,743,-3058,-571,-767,108,368,183,816,337,352,0
1977102,838,839,1550,350,465,1151,22,94,260,200,795,309,357,0
1980437,839,840,2131,500,3461,1197,565,121,320,26,1219,294,365,0
1983824,840,842,3368,2075,6262,494,188,145,87,-154,827,334,371,0
1987105,842,843,1268,987,5431,-489,546,182,-521,200,308,430,429,0
1990439,843,845,2187,931,2761,-1165,556,205,269,155,724,397,432,0
1993795,845,847,1418,818,3493,-1737,1144,254,-21,365,469,438,438,0
1997109,847,849,387,406,5236,-1766,1314,311,14,-143,-337,477,444,0
2000442,849,850,856,200,4495,-695,1271,368,-448,-402,-258,468,471,0
2003796,851,852,368,481,1562,63,605,396,-73,-142,594,478,456,0
2007111,852,854,331,0,5,267,985,437,41,-20,-10,450,464,0
2010446,854,856,68,0,-603,1353,1358,484,-445,19,-660,448,433,0
2013796,856,858,125,218,-3116,2591,1262,522,-552,21,-368,445,408,0
2017114,858,859,0,650,-5892,2242,1088,557,-754,-209,116,446,385,0
2020450,859,861,537,1212,-8776,934,1526,608,211,-463,640,423,355,0
2023797,861,862,950,481,-9652,-34,2513,674,864,32,340,401,410,0
2027119,862,864,1100,387,-4101,507,2139,726,856,-269,230,393,399,0
2030452,864,865,1006,987,1421,426,2177,789,-50,114,-109,428,413,0
2033797,866,867,443,425,2053,514,2784,872,-752,61,-290,458,443,0
2037122,868,869,0,687,235,1180,1581,916,-1157,-1154,55,466,413,0
2040455,870,870,218,837,145,1407,-476,875,-497,-1787,47,454,421,0
2043797,871,872,575,1250,3971,1558,-917,802,-1439,-2048,25,451,399,0
2047124,873,874,87,2300,1726,-945,-4189,616,-1151,-1994,411,461,343,0
2050459,875,875,0,1325,-2210,-2324,-6499,353,-205,-426,428,452,353,0
2053797,877,876,0,2600,-2849,-2286,-5196,131,-360,-682,-135,456,285,0
2057127,878,877,12,2900,-4390,-2486,-6366,-94,607,-386,93,423,285,0
2060486,880,878,1325,3575,-4357,-1508,-7406,-348,1126,304,376,337,249,0
2063819,881,879,2543,0,633,1473,-8883,-644,52,-308,801,288,644,0
2067130,882,880,3575,3800,4317,562,-8098,-898,-327,-215,837,233,216,0
2070514,883,880,3800,3800,3713,-2353,-7145,-1091,375,192,1216,210,171,0
2073822,883,881,0,0,4772,-3874,-6274,-1250,-808,240,570,845,858,0
2077134,884,881,3800,3800,1569,-5153,-5062,-1364,-712,577,127,196,139,0
2080517,885,882,3800,3800,-3919,-4225,-3933,-1463,242,452,559,254,149,0
2083822,886,883,0,0,-6706,-2327,-3929,-1586,5,263,381,847,858,0
2087137,887,883,3800,3800,-6800,-2911,-3077,-1700,387,511,344,249,216,0
2090520,888,885,3800,3800,-5808,-2803,-3616,-1819,20,523,151,271,297,0
2093823,889,886,0,0,-6066,-272,-4873,-1988,137,-67,337,849,873,0
2097140,890,888,3800,2412,-4849,-612,-4360,-2142,-252,198,548,307,435,0
2100499,892,889,3256,2168,-7237,-1087,-3084,-2274,-434,275,255,358,464,0
2103823,893,891,2318,1906,-10130,-451,-2143,-2382,1047,370,-123,424,478,0
2107143,895,893,1475,968,-9999,848,-2362,-2495,794,-133,-163,453,512,0
2110502,897,896,931,368,-6028,2287,-1618,-2565,471,-651,208,482,528,0
2113823,899,898,987,462,-4259,1812,-1472,-2642,-267,-77,-298,463,507,0
2117146,900,900,2506,1250,-6838,1476,-248,-2692,241,-337,-163,428,495,0
2120504,902,902,1718,1156,-6574,2459,677,-2710,548,-539,-445,470,500,0
2123823,904,904,1006,612,-5658,1497,507,-2728,27,-171,-601,492,513,0
2127150,906,906,687,462,-3982,2385,-407,-2789,289,-431,-290,509,521,0
2130505,908,908,743,612,-3604,2132,479,-2852,263,-93,-308,506,513,0
2133824,910,910,537,556,-1816,2319,157,-2914,181,-682,-111,501,500,0
2137153,912,912,575,706,-809,1904,-458,-2997,1067,-142,-105,499,492,0
2140510,914,914,368,0,3316,2374,-1215,-3122,426,-222,-227,452,507,0
2143845,916,916,125,0,8580,2415,-953,-3201,-1516,-80,-452,465,516,0
2147156,918,918,0,0,3498,2380,-1914,-3246,-454,-214,-497,468,482,0
2150514,919,920,87,0,-1700,2120,-2918,-3308,271,-132,-82,467,456,0
2153848,921,922,668,200,-2323,1254,-2887,-3268,799,147,231,420,429,0
2157159,923,923,0,0,532,1783,-3208,-3165,377,-168,-34,449,441,0
2160514,924,925,893,687,1116,2169,-3356,-3107,-502,310,-10,408,403,0
2163849,926,927,2168,1006,-631,2554,-3039,-3003,252,724,341,382,428,0
2167163,927,929,2468,593,917,3354,-3536,-2882,379,79,519,366,450,0
2170514,929,930,2675,406,2116,2025,-3756,-2722,17,-290,887,355,460,0
2173849,930,932,2506,668,1979,-1303,-3725,-2585,-227,295,352,380,446,0
2177167,932,934,1475,1062,983,-1726,-3853,-2483,117,419,-358,419,409,0
2180514,934,935,706,762,532,-882,-3933,-2409,495,-287,-353,460,441,0
2183876,935,937,256,331,4905,855,-3051,-2347,-352,-30,-159,470,434,0
2187169,937,939,87,0,2094,-388,-2787,-2311,570,242,549,463,464,0
2190515,939,941,706,0,2885,-1796,-2418,-2263,359,113,596,430,447,0
2193849,941,943,556,237,5690,-2371,-2355,-2241,250,-94,299,422,407,0
2197172,942,944,1550,0,7445,-2694,-3502,-2237,222,-21,257,369,437,0
2200515,944,946,2318,0,9297,-1869,-2831,-2174,708,136,289,328,436,0
2203850,945,948,1962,462,11675,-1451,-1805,-2094,373,-656,233,363,395,0
2207175,946,949,2525,856,11840,-3332,-2122,-2064,-573,526,338,363,404,0
2210515,948,951,2037,875,9738,-2324,-2140,-2064,-854,936,564,389,403,0
2213850,950,952,1250,1362,7523,1524,-2468,-2067,455,359,467,431,393,0
2217178,951,954,1100,856,6833,1928,-1976,-2078,-787,121,210,439,404,0
2220536,953,956,612,593,3634,2224,-1641,-2083,-564,142,328,465,418,0
2223871,955,957,893,1006,-2635,1498,-2171,-2143,748,183,842,450,412,0
2227182,957,959,631,893,-2517,804,-2330,-2237,200,-126,546,448,402,0
2230540,958,961,387,1325,-659,393,-3600,-2366,-1110,80,-59,435,337,0
2233875,960,962,256,1325,-6566,438,-3207,-2453,-961,64,-719,426,337,0
2237185,962,963,0,1625,-12894,267,-3296,-2571,-136,430,88,436,321,0
2240540,963,965,931,1343,-14351,1559,-3433,-2683,914,640,964,390,336,0
2243874,965,966,2131,1100,-10236,2303,-3571,-2781,841,-223,944,310,349,0
2247188,966,967,3050,1775,-4416,462,-2871,-2832,1115,-88,1177,277,329,0
2250583,967,969,3800,2431,1451,-2218,-2158,-2870,626,179,1357,277,336,0
2253887,967,970,3800,1906,5867,-4378,-260,-2818,-354,194,786,221,364,0
2257192,968,971,0,1512,4625,-5730,630,-2708,585,360,620,844,401,0
2260541,969,973,0,893,4770,-5460,541,-2600,477,787,408,846,434,0
2263875,970,974,0,425,8456,-1094,-131,-2504,586,363,192,848,459,0
2267194,972,976,3800,650,12609,507,480,-2384,-103,327,-136,330,447,0
2270541,973,978,3612,462,14091,59,1479,-2243,-87,-308,-248,369,457,0
2273876,975,980,837,0,10703,-1725,791,-2108,175,-628,-161,471,459,0
2277198,976,981,1043,0,10699,-2774,549,-1973,-536,3,-266,460,447,0
2280541,978,983,762,443,7744,-1099,-88,-1860,434,214,133,475,412,0
2283876,980,985,612,368,10039,1783,2114,-1673,-804,13,-315,467,400,0
2287201,982,986,800,1100,7031,1457,2948,-1458,-937,262,-624,457,377,0
2290541,984,988,575,1456,2524,837,1565,-1314,-612,2,-209,469,358,0
2293876,986,989,875,1587,284,2989,2071,-1162,-247,464,475,437,351,0
2297205,987,990,1831,2056,-435,4023,3108,-990,-47,516,226,432,372,0
2300562,989,992,1381,1681,-174,4276,3513,-806,598,-167,193,456,392,0
2303897,991,994,837,612,1209,5199,4396,-559,922,-396,172,469,433,0
2307207,993,995,0,1062,2983,4784,4119,-342,844,-428,169,520,425,0
2310563,995,997,387,893,7182,4330,3590,-174,276,172,369,493,434,0
2313900,997,999,0,125,8403,4089,1925,-47,761,-147,141,499,459,0
2317211,999,1001,0,0,10078,3719,1556,67,-507,-61,120,484,447,0
2320567,1000,1003,0,0,10135,3322,1744,199,-175,196,219,485,431,0
2323900,1002,1004,125,218,7760,4205,347,272,-518,-103,-176,449,412,0
2327214,1004,1006,0,143,6276,4608,-527,306,-204,-4,-262,449,400,0
2330567,1006,1007,106,687,4902,4495,-642,354,198,365,-218,434,387,0
2333900,1007,1009,537,218,5446,5056,-1206,389,71,305,-35,411,396,0
2337217,1009,1011,556,537,5930,4858,-1008,470,-175,-98,81,394,379,0
2340567,1010,1012,1025,1662,4850,4183,-965,540,-1349,-662,-37,427,361,0
2343900,1012,1013,1081,2450,246,2327,-233,636,-1827,-1715,-258,424,335,0
2347220,1014,1015,668,2487,-3467,1560,1093,778,-1746,-1947,-11,430,317,0
2350567,1016,1016,950,2150,-6376,678,689,911,-391,-1103,-44,415,351,0
2353901,1017,1017,1231,3068,-4677,364,-1081,967,-42,-729,208,416,318,0
2357223,1019,1018,200,1250,-5117,1050,-3865,913,-139,-647,-20,455,415,0
2360567,1021,1020,631,1006,-6594,1295,-5551,748,-548,-498,-471,432,428,0
2363901,1022,1021,0,593,-9583,29,-5422,559,283,-248,-298,441,420,0
2367226,1024,1023,0,0,-9002,-767,-4824,391,-433,-318,-209,441,453,0
2370568,1026,1025,125,668,-8424,-1081,-3801,277,-836,-106,102,429,416,0
2373901,1027,1026,275,1400,-13154,-3979,-2158,194,-124,47,305,421,377,0
2377230,1029,1028,368,1587,-13736,-6070,-2046,84,380,228,13,400,351,0
2380568,1030,1029,987,1175,-11420,-5463,-1319,18,312,-67,-129,383,389,0
2383929,1032,1031,1737,1006,-10594,-3215,-413,-11,-77,261,-34,373,428,0
2387233,1034,1033,1212,387,-10797,-2095,-989,-39,-142,134,118,401,445,0
2390592,1035,1035,950,537,-9768,-2401,-1806,-162,-336,451,-58,415,437,0
2393925,1037,1036,556,743,-8414,-2800,-2392,-329,196,-323,17,436,442,0
2397236,1039,1038,87,612,-8701,-3624,-2091,-443,127,-311,157,445,433,0
2400593,1040,1040,31,0,-9047,-3581,-2501,-586,207,-212,-407,464,467,0
2403929,1042,1042,650,350,-8618,-4504,-2602,-764,798,-286,-226,431,447,0
2407239,1044,1043,0,0,-5965,-4827,-2495,-952,4,279,10,433,441,0
2410593,1045,1045,0,218,-5087,-4943,-2733,-1175,-399,383,-89,424,412,0
2413929,1047,1047,275,125,-8385,-4315,-3314,-1407,427,524,277,393,401,0
2417243,1048,1048,762,275,-8811,-3579,-3502,-1629,990,450,585,367,393,0
2420593,1050,1050,1850,87,-3602,-1377,-3150,-1787,2009,591,1195,309,403,0
2423935,1051,1051,2843,275,6876,1286,-4522,-1977,2047,-41,1604,256,393,0
2427246,1052,1053,2956,125,15904,-331,-3723,-2148,1044,266,903,266,401,0
2430593,1053,1055,0,1850,20611,-2150,-2326,-2232,-1134,171,545,841,399,0
2433948,1053,1056,3800,1737,11516,-4082,-1796,-2271,-1459,206,507,226,405,0
2437249,1055,1058,3800,2150,1603,-5485,-1060,-2284,1336,177,686,285,399,0
2440593,1056,1059,3781,1887,1057,-5586,-843,-2273,586,868,120,360,413,0
2443935,1057,1061,0,950,8180,-1470,1163,-2205,-736,252,120,831,447,0
2447253,1058,1063,0,1156,5656,-752,1047,-2142,-616,502,207,845,436,0
2450621,1060,1064,0,1062,933,-1542,-358,-2146,-469,491,377,853,427,0
2453936,1061,1066,2956,687,-1183,-246,-931,-2209,136,373,444,390,431,0
2457255,1063,1068,1175,1287,-1985,216,-608,-2250,744,331,254,469,399,0
2460594,1065,1069,706,1418,343,2791,1378,-2173,-1062,7,-133,494,392,0
2463936,1067,1071,1043,1606,-7221,5132,664,-2032,244,-579,135,460,366,0
2467258,1069,1072,1043,1700,-10868,4556,2953,-1766,81,-561,317,476,377,0
2470615,1070,1074,818,1793,-9464,3451,4539,-1454,-182,45,-99,488,372,0
2473936,1072,1075,1643,1456,-11247,3118,4532,-1162,206,-314,105,458,420,0
2477262,1074,1077,1268,668,-12237,4026,4770,-894,803,-423,-404,478,462,0
2480620,1076,1079,1568,387,-6912,2265,4986,-671,-630,273,309,462,477,0
2483936,1078,1081,1343,500,-2166,562,3677,-492,-771,169,-113,458,455,0
2487265,1080,1083,912,593,-4636,452,3685,-336,62,167,42,481,450,0
2490620,1082,1085,593,556,-4140,1111,3769,-205,492,196,-35,498,452,0
2493936,1084,1086,0,462,3562,1528,3797,-56,47,435,267,522,457,0
2497269,1086,1088,0,0,3647,2295,3232,101,-614,408,-329,478,453,0
2500619,1088,1090,0,0,481,3849,1745,230,521,128,189,495,432,0
2503961,1089,1091,87,462,-1885,4538,882,323,442,66,5,451,399,0
2507271,1091,1093,481,425,-2353,3655,741,424,-16,-511,-92,430,401,0
2510619,1093,1095,1081,143,-2275,1546,1635,557,1203,88,600,382,400,0
2513962,1094,1096,2375,425,2513,277,516,651,549,-39,574,329,401,0
2517274,1095,1098,2075,0,6924,-1850,63,738,1186,-205,748,345,426,0
2520620,1096,1100,2975,293,11325,-6190,-426,829,463,-340,654,355,434,0
2523963,1097,1101,3631,1025,15102,-8942,-777,914,-441,133,363,336,411,0
2527278,1099,1103,0,725,14633,-9199,135,1016,78,887,-202,522,411,0
2530620,1100,1104,1775,1025,11306,-3415,-1456,1112,854,23,-75,435,411,0
2533963,1102,1106,2225,725,16918,-2512,334,1239,-167,-422,-457,411,427,0
2537281,1104,1108,1006,425,18062,-5333,552,1329,-1635,208,156,460,427,0
2540620,1106,1109,593,668,8916,-4865,-253,1377,-1296,906,259,452,400,0
2543963,1107,1111,556,1025,3128,1674,-2291,1339,-926,595,485,454,365,0
2547284,1109,1112,537,2206,2154,6575,-390,1353,-1225,-662,442,455,318,0
2550642,1111,1113,387,2000,-6418,4937,-1529,1269,236,605,178,447,329,0
2553963,1113,1115,406,2487,-11678,7685,-1065,1203,-1038,216,79,446,303,0
2557287,1114,1116,781,2037,-14413,8404,-523,1198,610,-9,192,426,327,0
2560645,1116,1117,1231,2112,-13183,6780,740,1250,212,-263,-12,402,339,0
2563964,1117,1119,1643,1418,-11514,5643,2045,1333,183,-47,131,426,406,0
2567290,1119,1120,1212,1100,-10204,5679,2691,1374,-66,-121,-247,433,423,0
2570645,1121,1122,612,668,-6917,5793,2461,1430,491,150,101,465,446,0
2573964,1123,1124,425,368,-5811,6290,2257,1408,254,-152,308,475,462,0
2577294,1125,1126,200,481,-6276,6314,944,1296,425,-385,-295,471,440,0
2580646,1127,1127,0,837,-4908,6506,402,1167,722,-210,-91,482,437,0
2583991,1128,1129,200,0,-356,6796,1242,1056,381,-272,312,445,452,0
2587298,1130,1131,12,0,406,5908,-68,898,-53,-187,274,439,454,0
2590646,1132,1133,1100,200,-971,2227,-1843,726,-84,-498,349,381,413,0
2593988,1133,1134,1906,893,-690,-989,-1611,560,615,-366,565,338,376,0
2597300,1134,1136,2543,387,3075,-4270,-1839,385,824,-528,498,304,387,0
2600646,1135,1137,2487,350,8179,-8154,-2245,196,652,-306,481,323,405,0
2603992,1137,1139,2112,0,11255,-10809,-1691,43,256,-123,97,327,413,0
2607303,1138,1141,2618,1043,13612,-12448,-792,-36,-747,-107,-368,358,394,0
2610646,1140,1142,1400,1212,11646,-13215,-87,-66,-570,50,-574,423,401,0
2613992,1142,1144,125,631,9000,-13119,-279,-98,-212,-214,-382,475,416,0
2617307,1143,1146,537,781,8322,-12978,-58,-151,168,330,127,469,424,0
2620647,1145,1147,1193,818,7394,-13080,-545,-184,-155,496,670,434,422,0
2623993,1147,1149,912,331,5812,-11861,104,-183,-752,937,908,433,432,0
2627310,1149,1151,1231,1137,2399,-6850,-844,-196,-240,1172,801,432,389,0
2630669,1150,1152,0,687,1932,1709,-1297,-212,-1832,172,36,459,383,0
2633993,1152,1154,218,1175,-6956,2823,-1752,-271,-668,762,50,440,357,0
2637314,1154,1155,0,1343,-10977,5252,-1805,-282,-287,169,-197,445,348,0
2640670,1155,1156,518,1850,-12573,7411,-1235,-331,474,168,671,424,337,0
2643993,1157,1158,575,1381,-10739,7305,-420,-361,161,147,69,405,346,0
2647316,1159,1159,1062,1512,-10659,6751,-126,-357,-289,243,-241,395,355,0
2650697,1160,1161,1568,1962,-11320,6519,643,-266,-98,-100,-207,398,361,0
2653993,1162,1162,968,875,-11944,6397,1655,-202,197,-103,-256,414,419,0
2657319,1164,1164,837,650,-9984,5782,1437,-109,246,234,-224,437,431,0
2660670,1165,1166,650,668,-7297,6324,1111,-41,-217,-99,-279,447,430,0
2663993,1167,1167,743,725,-10380,6412,211,-18,827,-95,126,426,427,0
2667322,1169,1169,68,218,-8812,6407,-124,-45,980,322,57,462,454,0
2670671,1170,1171,706,406,-2243,7297,83,-106,-732,358,75,444,444,0
2673995,1172,1173,0,0,-2639,8049,-819,-216,9,-284,355,426,429,0
2677326,1174,1174,256,0,-1582,6655,-2065,-358,-406,-262,112,394,423,0
2680671,1175,1176,1775,106,-2915,2603,-4445,-567,834,-725,545,329,402,0
2683994,1176,1177,2637,687,-1399,-1647,-3381,-702,1517,122,756,283,371,0
2687329,1177,1179,2956,556,5845,-2823,-3584,-827,351,-13,935,282,378,0
2690672,1178,1180,2843,293,10873,-4988,-3465,-974,777,-358,556,288,392,0
2693998,1179,1182,2787,368,14071,-7038,-1845,-1029,903,-64,54,307,388,0
2697332,1181,1183,2656,1287,17036,-7964,-1520,-1019,-229,-250,-115,340,381,0
2700672,1182,1185,1343,706,14016,-8732,-219,-976,-20,108,-111,426,412,0
2704001,1184,1187,818,668,12240,-8719,327,-908,-659,289,-350,454,414,0
2707336,1186,1188,200,462,10950,-7975,-723,-860,-23,-146,-124,471,425,0
2710672,1188,1190,818,575,11560,-8431,-727,-830,274,46,-234,438,419,0
2714005,1189,1192,1268,481,13379,-9095,-340,-816,11,228,-270,430,424,0
2717339,1191,1193,706,87,13116,-8374,-245,-821,-593,234,298,444,445,0
2720696,1193,1195,218,425,6543,-4649,-450,-826,-948,792,233,440,397,0
2724008,1195,1196,0,781,743,-1209,-2247,-895,-737,426,76,452,378,0
2727342,1196,1198,256,1662,-4039,1685,-1953,-939,-1201,136,180,438,331,0
2730699,1198,1199,256,2037,-10352,4202,-1704,-995,-242,256,280,422,311,0
2734011,1200,1200,443,2337,-10305,6168,-1843,-1027,-294,451,211,412,311,0
2737345,1201,1202,818,1718,-10620,7518,-1971,-1048,-295,170,-48,392,344,0
2740699,1203,1203,1156,2243,-12399,7089,-995,-1024,-108,115,23,404,346,0
2744014,1204,1204,1156,1793,-12928,7630,-213,-974,124,146,117,420,386,0
2747349,1206,1206,443,762,-12775,8175,431,-922,255,-283,-225,442,425,0
2750705,1208,1208,368,350,-9958,7557,1006,-878,44,-83,-420,446,447,0
2754017,1210,1210,143,687,-7924,8008,627,-854,-318,233,-413,458,429,0
2757351,1211,1211,518,425,-10020,8901,-863,-901,998,104,196,438,443,0
2760706,1213,1213,556,181,-7911,8508,-1809,-1009,959,229,370,436,456,0
2764020,1215,1215,0,0,-2486,7818,-1371,-1097,296,-186,637,423,433,0
2767354,1216,1217,612,181,-593,6666,-2212,-1201,-327,-639,319,391,414,0
2770706,1218,1218,1700,256,-2774,2356,-4556,-1350,639,-723,483,317,394,0
2774023,1219,1220,2487,668,-2097,-1859,-3891,-1468,1198,-542,889,291,372,0
2777358,1220,1221,2656,312,4230,-3994,-4176,-1601,457,-391,862,282,391,0
2780706,1221,1223,2750,481,10539,-5767,-3193,-1675,444,-351,547,293,382,0
2784026,1222,1224,2187,12,13413,-7595,-1980,-1672,28,-360,-6,323,407,0
2787361,1224,1226,2318,1137,15608,-8671,-990,-1564,-224,-158,-294,374,389,0
2790706,1225,1227,1381,1531,14908,-9648,548,-1442,-82,40,-161,424,384,0
2794030,1227,1229,462,331,13209,-10541,1082,-1296,-382,49,107,457,432,0
2797364,1229,1231,50,1118,10924,-10083,189,-1182,233,-111,213,479,406,0
2800707,1231,1233,331,443,11202,-10561,-252,-1132,64,-65,296,464,426,0
2804033,1232,1234,1156,443,12583,-11368,-189,-1090,-966,419,-341,420,426,0
2807367,1234,1236,0,31,8365,-9066,-278,-1092,-468,672,85,452,418,0
2810707,1236,1237,0,500,6632,-1889,-331,-1113,-1773,785,33,454,393,0
2814037,1237,1239,500,1250,-1707,-426,-1696,-1143,-965,821,283,425,353,0
2817371,1239,1240,462,1475,-8759,1452,-2177,-1188,-734,339,478,411,341,0
2820707,1241,1241,368,2000,-12474,4804,-1332,-1219,78,68,387,416,329,0
2824039,1242,1243,537,1381,-12259,5491,-1166,-1248,323,33,158,407,346,0
2827374,1244,1244,443,1400,-12622,6456,-788,-1259,-329,145,-222,412,361,0
2830732,1245,1246,1250,2000,-13832,6551,719,-1166,769,-1145,259,415,359,0
2834042,1247,1247,1625,893,-13539,5907,1402,-1061,1192,-664,40,379,418,0
2837378,1248,1249,2375,743,-9375,5043,1043,-975,1883,-1625,893,355,426,0
2840733,1250,1251,3181,481,1088,301,1577,-868,159,-721,306,312,440,0
2844046,1251,1252,2131,762,1433,81,3294,-704,367,-1265,355,368,425,0
2847380,1252,1254,3800,800,1443,710,4349,-537,1032,-971,-58,263,423,0
2850773,1253,1256,3800,0,6062,686,5392,-362,1233,-1206,-22,237,444,0
2854049,1254,1257,0,0,10099,25,7342,-146,-200,-593,-424,848,447,0
2857384,1255,1259,2431,0,7084,-112,7869,68,-22,-200,50,342,440,0
2860733,1257,1261,1343,31,4793,16,7477,282,369,-295,468,400,406,0
2864052,1258,1262,1193,781,5916,-843,7495,543,261,-231,328,408,366,0
2867386,1260,1264,106,275,8431,-1030,7539,835,243,21,-59,450,377,0
2870734,1262,1265,537,650,11245,-970,7191,1103,-955,-5,-338,427,373,0
2874055,1263,1267,2975,2300,8496,-2133,8649,1442,-1265,204,43,403,375,0
2877390,1265,1269,1812,1606,1328,-2999,9199,1872,-385,511,315,449,412,0
2880734,1267,1270,1043,1512,-3153,-2608,8775,2268,117,83,133,490,417,0
2884058,1269,1272,387,1268,-2402,-2031,8696,2670,917,-7,165,525,430,0
2887394,1271,1274,1175,650,-159,-1501,8423,3033,427,-251,-21,483,463,0
2890734,1272,1275,1643,856,2034,-1663,8378,3357,68,426,383,458,452,0
2894062,1274,1277,1681,687,1047,286,7527,3623,-228,74,301,456,461,0
2897396,1276,1279,443,256,-2278,1767,6132,3797,-744,580,87,476,438,0
2900735,1278,1281,368,631,-3069,4664,5971,3950,-1410,177,-312,480,418,0
2904066,1280,1282,0,1325,-7199,8542,6157,4137,-675,-10,-129,492,381,0
2907399,1282,1284,0,1137,-8730,8779,7613,4382,410,-235,349,473,375,0
2910734,1283,1285,1625,1700,-4902,5486,6273,4584,169,550,703,397,361,0
2914068,1285,1287,2243,1606,-210,5477,5595,4768,436,289,992,364,366,0
2917403,1286,1288,2825,1193,2940,4987,7428,5010,-541,-137,306,333,388,0
2920759,1288,1290,2468,1662,288,802,7389,5294,284,-346,510,382,393,0
2924071,1289,1291,1343,1925,-1706,-3498,7776,5605,381,468,270,458,395,0
2927406,1290,1293,3800,800,-716,-5097,6037,5836,401,572,-21,301,439,0
2930775,1291,1295,3800,406,4073,-3154,5784,6053,557,52,603,318,460,0
2934075,1292,1296,3800,800,8001,-3329,5186,6239,224,-47,285,315,455,0
2937409,1294,1298,0,0,8233,-4278,4844,6368,110,289,228,847,486,0
2940767,1295,1300,0,0,11203,-4699,3529,6435,489,-241,30,850,475,0
2944078,1296,1302,2637,0,11981,-5136,4597,6546,-793,-877,-385,379,429,0
2947412,1298,1303,1231,912,8895,-4070,4734,6645,173,-626,581,454,391,0
2950768,1300,1305,781,1625,4781,-5183,3583,6654,153,282,255,462,337,0
2954081,1302,1306,1081,2375,4586,-5562,2550,6597,-1079,-638,-18,446,313,0
2957415,1304,1307,762,2412,1567,-4995,2905,6520,-596,549,63,463,311,0
2960771,1306,1309,256,2037,-3322,-3030,2304,6362,-392,65,171,474,331,0
2964084,1307,1310,1362,2806,-6660,-2560,3068,6212,-236,-90,185,457,332,0
2967419,1309,1311,1550,2356,-9918,-4414,3241,6080,121,504,86,447,372,0
2970771,1311,1313,1531,1381,-13086,-4339,1933,5906,1007,431,587,448,424,0
2974088,1312,1315,2281,968,-7926,-1495,940,5700,-321,441,622,408,446,0
2977422,1314,1316,1812,368,-4365,-475,2216,5544,-805,359,484,433,478,0
2980772,1316,1318,1662,968,-6310,-670,2252,5344,598,207,78,441,446,0
2984090,1317,1320,1962,500,-5915,-721,2049,5121,978,235,-63,425,455,0
2987426,1319,1322,912,0,-1347,63,901,4875,579,-6,-120,435,459,0
2990772,1321,1324,762,0,-289,319,300,4612,592,-54,154,443,440,0
2994095,1323,1325,406,650,232,-160,865,4376,489,-29,-49,462,417,0
2997428,1324,1327,593,425,1527,35,1329,4156,-390,45,-231,452,413,0
3000772,1326,1329,1212,275,945,525,1578,3970,-780,504,-146,419,421,0
