Time, Rlegs, Llegs, DCL, DCR, GyroX, GyroY, GyroZ, GyroZAvg, AccelX, AccelY, AccelZ, LBEMF, RBEMF, SteerOut
3151,514,515,575,256,200,-136,-152,-150,-22,-5,224,52,53,0
6474,514,515,575,256,201,-138,-150,-150,-22,-6,226,52,53,0
9809,514,515,593,256,199,-140,-148,-150,-21,-5,220,51,53,0
13151,514,515,575,256,200,-137,-149,-150,-23,-4,221,52,53,0
16478,514,515,575,256,199,-137,-147,-150,-24,-4,225,52,53,0
19812,514,515,575,275,199,-139,-148,-150,-22,-6,224,52,52,0
23152,514,515,593,256,196,-137,-150,-150,-25,-3,224,51,53,0
26481,514,515,575,256,198,-138,-150,-150,-20,-5,225,52,53,0
29815,514,515,575,256,202,-140,-150,-150,-22,-4,222,52,53,0
33152,514,515,575,256,199,-139,-151,-149,-21,-1,219,52,53,0
36484,514,515,575,256,198,-137,-153,-150,-22,-1,227,52,53,0
39819,514,515,575,256,197,-139,-151,-150,-22,-7,223,52,53,0
43153,514,515,575,256,199,-137,-150,-150,-22,-5,228,52,53,0
46488,514,515,575,256,196,-138,-153,-150,-21,-8,229,52,53,0
49821,514,515,575,256,197,-137,-151,-150,-24,-3,223,52,53,0
53176,514,515,575,256,198,-139,-149,-150,-22,-4,230,52,53,0
56490,514,515,575,256,199,-136,-148,-150,-26,-3,229,52,53,0
59825,514,515,575,256,200,-136,-149,-150,-22,-3,228,52,53,0
63180,514,515,575,275,201,-136,-149,-150,-23,-4,228,52,52,0
66493,514,515,575,256,200,-135,-146,-149,-21,-6,226,52,53,0
69828,514,515,575,256,202,-135,-147,-149,-24,-2,226,52,53,0
73184,514,515,575,256,204,-137,-148,-149,-25,-3,217,52,53,0
76497,514,515,575,256,202,-136,-150,-149,-22,-6,224,52,53,0
79831,514,515,575,256,200,-138,-150,-149,-25,-4,226,52,53,0
83186,514,515,575,256,196,-139,-151,-149,-25,-3,221,52,53,0
86500,514,515,575,256,197,-137,-152,-149,-20,-6,228,52,53,0
89834,514,515,575,256,197,-137,-150,-149,-23,-6,224,52,53,0
93186,514,515,575,256,198,-139,-149,-149,-23,-8,216,52,53,0
96503,514,515,575,256,197,-138,-149,-149,-23,-5,226,52,53,0
99838,514,515,575,256,200,-138,-148,-149,-21,-2,223,52,53,0
103186,514,515,575,256,200,-139,-152,-149,-25,-3,226,52,53,0
106506,0,0,0,0,199,-138,-149,-149,-23,-2,227,51,53,0
109841,0,0,0,0,201,-135,-152,-149,-22,-6,218,52,53,0
113186,0,0,0,0,199,-135,-148,-149,-23,-8,224,52,53,0
116509,0,0,0,0,201,-136,-151,-149,-23,-3,224,52,53,0
119844,0,0,0,0,200,-136,-150,-149,-22,-4,225,52,53,0
123187,0,0,0,0,201,-137,-148,-149,-23,-3,224,52,53,0
126513,0,0,0,0,198,-138,-151,-149,-26,-3,225,52,53,0
129847,0,0,0,0,200,-137,-148,-149,-24,-2,224,52,53,0
133188,0,0,0,0,198,-139,-149,-149,-29,-4,223,52,53,0
136516,0,0,0,0,198,-139,-148,-149,-23,-4,224,52,53,0
139850,0,0,0,0,199,-137,-149,-149,-21,-3,226,52,53,0
143187,0,0,0,0,199,-136,-153,-149,-23,-6,225,52,53,0
146520,0,0,0,0,197,-138,-154,-149,-22,-5,222,52,53,0
149853,0,0,0,0,200,-137,-152,-149,-24,-3,217,52,53,0
153188,0,0,0,0,201,-135,-153,-149,-23,-6,227,52,53,0
156523,0,0,0,0,201,-141,-153,-149,-21,-7,223,52,53,0
159857,0,0,0,0,198,-138,-151,-149,-23,-1,225,52,53,0
163212,0,0,0,0,199,-137,-150,-149,-21,-3,220,52,53,0
166525,0,0,0,0,201,-141,-152,-150,-22,-4,222,52,53,0
169860,0,0,0,0,203,-139,-148,-150,-24,-7,225,52,53,0
173213,0,0,0,0,199,-135,-147,-150,-22,-2,224,52,53,0
176529,0,0,0,0,201,-136,-148,-150,-20,-3,220,52,53,0
179863,0,0,0,0,200,-138,-149,-150,-21,-5,227,52,53,0
183213,0,0,0,0,201,-138,-150,-150,-20,-4,221,52,53,0
186532,0,0,0,0,199,-140,-149,-150,-25,-4,225,52,53,0
189866,0,0,0,0,199,-141,-148,-150,-24,-5,224,52,53,0
193213,0,0,0,0,195,-139,-150,-149,-24,-2,227,52,53,0
196535,0,0,0,0,196,-136,-153,-150,-24,-6,224,52,53,0
199870,0,0,0,0,197,-138,-150,-150,-23,-4,220,52,53,0
203371,0,0,0,0,198,-134,-152,-150,-24,-5,221,52,53,0
206538,1,0,162,125,201,-137,-153,-150,-38,-74,215,90,108,0
209873,1,0,0,406,111,-262,-145,-150,-61,58,242,122,109,0
213217,1,0,143,275,-21,-118,-173,-150,38,-17,214,107,116,0
216541,1,1,537,143,222,-14,-100,-149,-5,-19,226,102,123,0
219876,1,1,331,125,373,43,-101,-147,-82,5,233,113,124,0
223217,2,1,312,350,125,134,-84,-145,-28,7,256,114,128,0
226545,2,1,800,537,113,204,-70,-143,-35,-9,277,104,134,0
229879,2,2,631,125,107,102,-163,-143,-21,-27,258,113,140,0
233217,3,2,293,368,185,-202,-238,-146,-58,23,268,131,143,0
236549,3,3,256,50,236,-473,-256,-149,-80,-11,269,133,144,0
239883,3,3,687,406,127,-743,-242,-152,-17,-12,254,126,141,0
243218,4,3,443,481,91,-1116,-311,-157,-21,11,277,139,153,0
246551,4,4,275,106,-85,-1302,-373,-164,-67,54,268,148,157,0
249885,4,4,762,387,-244,-1319,-405,-172,-47,38,235,138,158,0
253242,5,5,31,125,-526,-1329,-458,-182,-46,32,232,161,156,0
256554,5,5,631,406,-741,-1270,-573,-195,5,119,260,145,157,0
259889,5,6,593,368,-876,-1134,-659,-211,40,114,255,147,159,0
263246,6,6,275,331,-784,-893,-619,-225,29,98,248,164,161,0
266557,6,6,631,462,-593,-784,-655,-241,59,158,255,151,160,0
269892,7,7,162,218,-433,-665,-706,-258,24,129,241,160,157,0
273246,7,7,856,631,-132,-517,-640,-274,29,113,239,139,151,0
276561,8,8,312,368,25,-507,-567,-287,33,95,246,152,149,0
279895,8,8,481,725,268,-463,-475,-297,-77,73,229,159,146,0
283251,8,8,631,743,47,-498,-334,-303,-65,111,193,151,145,0
286564,9,9,425,706,-362,-550,-181,-304,-74,105,175,162,147,0
289899,9,9,462,612,-781,-696,0,-299,-11,109,183,160,152,0
293255,10,10,181,612,-869,-676,222,-287,-82,119,169,175,152,0
296567,10,10,293,537,-909,-507,351,-272,-15,150,196,169,156,0
299902,11,11,125,537,-999,-199,478,-252,-101,124,171,178,156,0
303255,11,11,593,856,-1562,340,616,-228,-10,107,172,169,155,0
306570,12,11,31,743,-1641,515,701,-202,-76,91,180,183,161,0
309906,12,12,575,781,-1737,489,700,-175,-40,148,155,170,159,0
313255,13,12,31,612,-1689,694,762,-146,-24,144,80,183,168,0
316573,13,13,537,612,-1872,765,947,-112,56,3,99,172,168,0
319908,14,13,31,350,-1662,509,929,-78,113,35,100,183,182,0
323255,14,14,481,312,-621,19,885,-47,97,11,55,175,184,0
326577,15,15,0,331,-217,-73,843,-17,10,-1,46,189,183,0
329911,15,15,575,406,-15,-152,815,10,25,18,86,180,189,0
333256,16,16,87,462,226,-488,793,37,-11,45,111,206,186,0
336580,17,16,256,143,227,-704,734,65,-11,69,132,197,203,0
339914,17,17,218,331,49,-734,726,95,139,49,167,199,193,0
343256,18,17,0,200,810,-411,721,125,108,87,168,216,200,0
346583,18,18,106,237,1338,-180,693,155,-215,45,115,205,198,0
349917,19,19,0,12,481,21,691,186,-222,14,43,216,194,0
353256,20,19,0,87,-870,-51,857,224,340,54,306,213,206,0
356586,20,20,256,162,520,509,950,267,151,85,332,197,202,0
359921,21,21,0,50,1451,1548,1128,316,-134,39,296,214,208,0
363278,21,21,162,406,577,2549,1252,373,172,-153,375,202,189,0
366590,22,22,143,0,840,2423,1522,441,274,-265,499,187,198,0
369924,23,22,331,143,2171,1530,1368,503,57,-208,536,177,203,0
373281,23,23,743,406,2646,322,963,554,-20,-272,553,171,189,0
376593,24,23,481,218,2354,-550,477,591,-20,-312,521,169,199,0
379927,24,24,593,518,1902,-1368,-186,605,-54,-285,518,179,183,0
383280,25,25,218,256,1648,-1940,-704,601,-20,-290,367,183,181,0
386596,25,25,631,631,1547,-2005,-1073,582,63,-144,405,177,177,0
389930,26,26,331,200,1359,-1866,-1244,554,-22,-127,332,180,187,0
393281,26,26,406,200,1337,-1445,-1566,510,-53,-7,214,176,187,0
396599,27,27,350,387,1084,-1026,-1721,457,52,-23,268,179,177,0
399933,27,27,500,218,969,-779,-1802,393,25,20,239,171,186,0
403281,28,28,312,237,1282,-431,-1675,330,-57,53,224,181,185,0
406602,28,28,462,200,920,-6,-1654,264,-55,90,136,173,187,0
409937,29,29,350,406,71,513,-1925,184,-11,80,134,179,176,0
413282,29,29,575,331,-279,928,-2351,89,70,-66,191,167,180,0
416605,30,30,500,462,356,576,-2364,-6,76,-16,215,171,173,0
419940,30,30,537,331,1020,41,-2360,-104,-51,62,119,169,180,0
423282,31,31,237,462,835,-193,-2495,-211,-1,150,114,185,173,0
426609,31,31,293,312,710,-25,-2605,-322,-55,0,105,182,181,0
429944,32,32,50,443,450,-125,-2495,-427,-146,-113,-16,195,174,0
433283,32,33,350,87,-279,-869,-2423,-529,34,129,42,179,177,0
436612,33,33,68,275,-267,-663,-2513,-633,214,193,31,194,183,0
439946,33,34,275,293,599,-38,-2590,-739,2,-59,20,183,182,0
443304,34,34,143,12,930,-288,-2602,-843,-82,6,32,190,197,0
446615,35,35,0,0,431,-626,-2483,-944,-138,48,73,185,183,0
449950,35,35,181,181,-306,-671,-2362,-1040,-110,-27,36,188,188,0
453307,36,36,200,481,-1006,-664,-2236,-1131,-68,-37,34,200,185,0
456618,36,36,237,143,-1244,-779,-2360,-1227,-42,11,65,198,203,0
459953,37,37,0,293,-1432,-887,-2196,-1322,84,108,128,215,195,0
463307,37,38,162,0,-507,-695,-1939,-1412,35,31,207,202,203,0
466621,38,38,200,12,-139,-748,-1555,-1496,-107,149,186,200,210,0
469957,39,39,0,0,-560,-639,-1320,-1577,-102,175,249,201,197,0
473307,39,39,275,406,-678,-285,-764,-1648,236,55,407,196,189,0
476625,40,40,181,181,427,-142,-269,-1699,33,114,440,201,201,0
479959,41,41,387,0,1296,27,303,-1720,132,19,383,190,201,0
483307,41,41,312,293,1925,459,1158,-1699,-113,-10,343,194,195,0
486628,42,42,143,31,1411,880,1591,-1643,-188,-33,376,187,193,0
489963,42,43,462,87,893,1259,1568,-1572,221,-61,374,186,190,0
493308,43,43,312,481,2399,1923,1700,-1485,100,2,335,194,185,0
496631,43,44,425,0,3328,2437,1800,-1390,-253,-180,307,188,198,0
499966,44,44,256,312,2685,2598,1313,-1300,-319,-321,419,197,194,0
503309,44,45,462,106,870,2376,1123,-1211,-169,-146,437,186,189,0
506634,45,45,537,406,-80,2236,965,-1125,-164,-210,438,182,189,0
509969,45,46,931,368,-610,1699,649,-1052,-93,-261,424,177,191,0
513308,46,47,275,200,-669,437,359,-989,-228,-206,325,196,184,0
516638,47,47,350,256,-1462,-292,336,-919,24,-122,275,182,187,0
519996,47,48,443,31,-1013,-780,439,-832,-185,-145,117,177,183,0
523330,48,48,181,162,-1564,-1668,361,-746,-16,-115,194,191,192,0
526641,48,49,331,87,-1566,-2177,214,-666,31,37,153,183,180,0
529999,49,49,0,218,-1208,-2394,-250,-596,16,8,70,201,189,0
533333,49,50,800,293,-784,-2426,-522,-531,11,-52,153,174,185,0
536644,50,50,218,181,-267,-2281,-664,-474,-60,68,137,189,191,0
540002,50,51,668,462,-221,-1860,-593,-416,-96,74,124,181,176,0
543333,51,51,181,462,-534,-1458,-586,-356,-19,92,150,191,176,0
546647,52,52,293,668,-650,-1450,-769,-299,64,96,201,185,165,0
550006,52,52,462,575,-506,-1286,-730,-241,-54,170,144,176,170,0
553334,53,53,331,650,-503,-887,-527,-180,-29,123,170,183,166,0
556651,53,53,331,575,-665,-784,-426,-119,-94,118,70,183,170,0
560009,54,54,125,706,-1209,-709,-174,-55,-12,134,163,194,163,0
563335,54,54,312,575,-1532,-573,-17,18,7,132,167,184,170,0
566653,55,55,200,631,-1668,-387,35,87,-32,177,187,190,167,0
570012,55,55,481,481,-1638,72,262,156,-13,161,165,175,175,0
573334,56,56,218,593,-1796,372,453,219,-34,192,145,189,169,0
576657,56,56,800,968,-1955,643,565,278,18,205,163,184,175,0
580014,57,57,331,443,-1761,1171,768,326,111,114,54,193,187,0
583334,58,57,275,350,-1328,1505,707,356,246,-83,114,196,208,0
586660,58,58,68,0,-291,1184,861,374,129,-85,31,207,211,0
590017,59,59,87,50,1032,848,361,349,76,115,-35,206,208,0
593334,59,59,331,0,1966,1130,97,302,-346,-96,-8,193,216,0
596663,60,60,0,162,617,821,-101,250,3,-61,88,213,202,0
600021,61,61,0,331,-178,143,-23,196,-101,-26,218,213,193,0
603335,61,61,162,0,-710,-279,-163,135,263,8,170,202,211,0
606666,62,62,87,162,505,-711,66,96,101,-74,187,206,202,0
610021,63,63,0,0,1280,-1216,297,70,-153,-7,67,206,202,0
613356,63,63,0,200,-487,-1444,396,52,132,6,275,211,200,0
616670,64,64,0,387,155,-979,527,48,239,65,563,212,190,0
620026,64,64,368,0,1320,891,671,58,214,41,536,191,214,0
623360,65,65,387,143,2239,1841,654,68,122,-193,537,190,203,0
626673,65,66,650,0,2616,1594,662,75,115,-245,650,176,195,0
630025,66,66,593,256,2705,684,690,85,-18,-328,608,179,197,0
633359,67,67,725,443,1806,89,150,83,58,-323,561,172,187,0
636676,67,67,631,462,1546,-581,-595,72,58,-338,455,177,186,0
640026,68,68,387,443,1665,-1590,-1238,50,-46,-237,448,177,174,0
643360,68,68,443,387,1442,-2109,-1328,29,-137,-110,431,174,177,0
646679,69,69,575,518,690,-2222,-1578,-1,62,-12,240,167,170,0
650026,69,69,368,237,393,-1879,-1686,-35,97,-11,213,178,185,0
653360,70,70,406,312,928,-1543,-1854,-69,52,53,234,176,181,0
656682,70,70,200,0,1567,-1070,-1730,-100,-104,151,116,187,198,0
660026,71,71,143,312,694,-140,-2012,-146,-81,154,55,190,181,0
663360,71,71,462,331,-94,598,-2354,-207,-81,-14,63,173,180,0
666686,72,72,312,331,-141,691,-2307,-273,76,-66,172,181,180,0
670027,72,73,762,500,254,100,-2472,-350,82,97,142,173,171,0
673361,73,73,143,500,568,91,-2650,-434,34,123,27,190,171,0
676690,73,74,368,443,602,399,-2948,-534,33,-10,143,178,174,0
680027,74,74,275,237,907,136,-3032,-643,19,-26,87,183,185,0
683362,74,75,612,387,1195,-237,-3018,-755,-112,6,15,181,177,0
686692,75,75,162,368,1070,-310,-3032,-874,-45,99,61,189,178,0
690048,75,76,537,312,520,45,-2983,-989,-123,21,-28,185,181,0
693382,76,76,31,162,186,127,-3033,-1111,-145,4,25,196,189,0
696695,77,77,556,312,-331,-209,-3006,-1216,74,6,27,184,181,0
700052,77,77,106,106,-261,-213,-2812,-1307,64,-23,47,192,192,0
703386,78,78,275,500,169,21,-2716,-1389,-93,61,100,196,184,0
706698,78,79,237,143,206,-325,-2603,-1469,-174,10,96,198,203,0
710052,79,79,0,237,-694,-1408,-2345,-1538,-102,28,135,213,198,0
713387,79,80,425,462,-1244,-1672,-1969,-1601,-73,79,86,204,186,0
716702,80,80,50,31,-1931,-1477,-1899,-1670,-139,141,109,208,209,0
720052,81,81,50,181,-2024,-1258,-1817,-1739,169,57,227,208,201,0
723386,81,82,200,0,-738,-1086,-1620,-1806,216,71,260,200,200,0
726705,82,82,0,106,920,-542,-946,-1857,-37,154,309,215,205,0
730053,83,83,143,200,809,123,-578,-1895,-81,81,358,203,200,0
733387,83,83,425,106,469,414,-46,-1917,137,-22,433,188,205,0
736708,84,84,87,425,1315,301,457,-1925,-119,46,347,206,188,0
740053,84,85,443,87,1306,949,976,-1899,-210,35,366,187,190,0
743387,85,85,256,331,1210,1827,1082,-1846,116,-54,289,197,193,0
746711,85,86,462,125,2338,2373,1243,-1769,99,-83,410,186,188,0
750053,86,86,387,68,3369,2773,1549,-1679,-223,-59,316,190,207,0
753387,87,87,443,368,2487,2759,1265,-1590,-200,-296,354,187,191,0
756714,87,87,500,312,1327,2346,1142,-1502,-185,-199,442,184,194,0
760053,88,88,575,387,157,2041,918,-1415,-168,-310,455,180,190,0
763416,88,89,687,256,-498,1286,663,-1340,-154,-208,436,180,187,0
766717,89,89,162,256,-552,450,369,-1266,-75,-152,307,192,187,0
770075,89,90,856,387,-874,-328,304,-1183,-82,-200,303,171,180,0
773411,90,90,218,256,-807,-854,414,-1098,-125,-162,126,189,187,0
776722,90,91,575,293,-1772,-1570,303,-1011,30,-59,136,186,185,0
780078,91,91,125,125,-1443,-2128,178,-923,-71,10,131,194,194,0
783411,91,92,612,331,-1462,-2312,-183,-836,-4,-27,122,184,183,0
786724,92,92,125,181,-1245,-2472,-521,-758,89,-20,153,194,191,0
790078,93,93,443,350,-73,-2205,-617,-683,-117,111,60,177,182,0
793411,93,94,237,31,-178,-1605,-496,-603,-52,-26,128,188,183,0
796727,94,94,406,631,-434,-1444,-573,-528,-66,76,158,179,167,0
800078,94,95,406,312,-615,-1655,-862,-460,13,187,156,179,168,0
803411,95,95,312,631,-444,-1270,-800,-391,-81,50,163,184,167,0
806731,95,96,443,631,-497,-927,-641,-324,-7,77,178,177,167,0
810079,96,96,237,650,-578,-925,-491,-254,-83,146,154,188,166,0
813412,96,97,500,762,-1109,-753,-325,-183,-115,186,160,190,160,0
816733,97,97,31,706,-1705,-323,-157,-114,-33,160,205,199,163,0
820079,97,97,631,1025,-2165,-27,-7,-53,100,108,248,183,162,0
823412,98,98,312,631,-1765,107,185,11,11,136,216,184,167,0
826737,99,98,537,1025,-1645,418,247,76,8,167,177,182,172,0
830079,99,99,387,481,-1712,878,444,140,-3,244,128,190,185,0
833412,100,100,237,256,-1548,1030,603,188,127,-1,93,198,197,0
836740,100,100,256,68,-1104,781,608,225,246,25,35,197,207,0
840080,101,101,0,87,138,567,418,240,12,105,40,215,206,0
843412,102,101,143,350,370,912,109,229,15,4,47,203,208,0
846743,102,102,162,0,568,1042,-141,194,-19,161,115,202,216,0
850101,103,103,68,237,504,906,-248,153,-123,53,145,207,198,0
853413,103,103,68,50,-89,568,-274,105,159,-74,191,207,208,0
856746,104,104,0,181,371,34,-200,51,102,14,160,217,201,0
860104,105,105,0,218,1442,-443,104,14,-26,-11,118,216,199,0
863437,105,105,143,106,640,-706,252,-13,20,-137,157,203,205,0
866749,106,106,12,275,-389,-1321,313,-31,184,40,255,210,196,0
870104,107,107,0,0,1009,-631,422,-39,34,93,535,199,201,0
873440,107,107,256,106,1366,831,686,-29,307,8,546,197,205,0
876753,108,108,162,0,2258,1569,776,-14,108,-221,618,186,195,0
880105,108,108,650,181,2487,1089,765,-3,66,-206,649,176,201,0
883445,109,109,481,350,2164,698,716,9,-41,-221,613,185,192,0
886756,109,110,687,425,1816,313,243,11,102,-364,530,174,188,0
890105,110,110,331,406,1828,-519,-559,0,-43,-293,523,180,176,0
893446,110,111,631,331,1480,-1392,-922,-13,97,-249,494,164,164,0
896759,111,111,462,537,1252,-1967,-896,-21,2,-93,367,173,169,0
900105,111,111,725,706,742,-2107,-1131,-41,-12,-70,248,175,176,0
903446,112,112,143,368,645,-1981,-1234,-62,140,-14,255,190,178,0
906762,112,113,387,0,1346,-1756,-1440,-80,-61,160,210,177,185,0
910106,113,113,200,106,1514,-1011,-1316,-96,-85,50,71,187,192,0
913447,113,114,593,331,852,-402,-1472,-122,-4,106,91,182,180,0
916765,114,114,143,162,170,203,-1760,-162,-121,54,117,190,189,0
920106,114,115,875,406,-457,459,-2015,-215,104,-1,169,167,176,0
923447,115,115,162,275,134,92,-2213,-279,89,97,107,189,183,0
926769,115,116,687,406,669,-3,-2305,-351,22,109,64,177,176,0
930127,116,116,275,331,708,345,-2686,-440,-107,146,119,183,180,0
933447,117,117,443,462,564,328,-2746,-534,-49,-35,67,174,173,0
936772,117,117,275,312,537,-95,-2717,-633,51,-66,11,183,181,0
940130,118,118,312,368,1033,-349,-2734,-737,68,73,115,181,178,0
943448,118,118,87,200,1349,-31,-2690,-840,-192,86,7,193,187,0
946775,119,119,256,368,572,212,-2627,-935,-240,-16,-15,184,178,0
950162,119,119,706,762,-579,-140,-2805,-1026,4,-69,-37,189,186,0
953448,120,120,275,368,-690,-452,-2543,-1101,94,74,108,196,191,0
956778,120,121,387,275,91,-377,-2513,-1172,-134,82,61,206,196,0
960131,121,121,106,162,-333,-211,-2313,-1236,-199,-58,69,205,202,0
963449,122,122,162,387,-646,-810,-2235,-1299,-38,-49,208,202,190,0
966782,122,123,350,106,-881,-1611,-1873,-1361,-189,177,107,192,205,0
970131,123,123,0,293,-1970,-1523,-1768,-1424,-50,231,83,215,195,0
973474,124,124,87,406,-2132,-1053,-1656,-1486,119,33,262,206,189,0
976786,124,124,143,0,-753,-1024,-1479,-1545,192,230,363,203,220,0
980131,125,125,200,0,1014,-613,-711,-1589,-65,211,355,200,211,0
983475,125,126,256,0,1007,-106,-464,-1628,-81,-20,426,197,199,0
986788,126,126,106,350,835,63,154,-1647,-15,93,475,205,192,0
990132,127,127,331,443,1073,307,806,-1644,-73,103,390,193,187,0
993474,127,127,312,387,881,1205,1025,-1619,-72,-23,346,194,190,0
996791,128,128,443,293,1388,2016,1275,-1562,142,-52,294,187,195,0
1000131,128,129,368,12,2722,2543,1459,-1488,-1,-56,306,191,194,0
1003474,129,129,331,462,3061,2860,1420,-1415,-171,-151,308,193,186,0
1006795,129,130,387,0,2381,2936,1307,-1339,-347,-250,427,190,196,0
1010132,130,130,368,350,1247,2456,1181,-1264,-276,-283,499,191,192,0
1013475,130,131,875,256,-89,1970,903,-1190,-176,-197,408,170,187,0
1016797,131,131,312,200,-771,1229,668,-1128,-81,-203,423,184,190,0
1020154,131,132,856,368,-733,258,340,-1072,-187,-218,355,171,181,0
1023475,132,132,293,331,-1226,-447,259,-1009,-64,-122,331,185,183,0
1026801,133,133,331,406,-1197,-976,264,-938,38,-161,195,183,179,0
1030157,133,134,293,0,-963,-1674,244,-861,-105,-93,158,185,188,0
1033475,134,134,218,312,-945,-2142,147,-784,-95,-67,134,189,184,0
1036804,134,135,143,0,-1242,-2427,-321,-710,31,44,109,193,186,0
1040157,135,135,275,162,-1009,-2433,-712,-647,-50,13,72,186,192,0
1043475,135,136,500,31,-691,-2132,-819,-587,-13,55,139,174,183,0
1046807,136,136,181,368,-578,-1784,-729,-525,-43,59,139,191,181,0
1050158,136,137,668,593,-280,-1528,-786,-465,-3,129,148,181,169,0
1053500,137,137,143,518,-37,-1500,-991,-414,-7,164,175,193,173,0
1056811,137,138,781,612,4,-1276,-970,-357,-75,29,181,175,168,0
1060158,138,138,312,537,-304,-1076,-781,-302,-89,105,162,184,172,0
1063503,139,139,331,687,-608,-1066,-806,-248,-90,169,175,183,164,0
1066813,139,139,200,706,-1029,-937,-570,-194,-129,155,104,190,163,0
1070158,140,140,218,743,-1866,-457,-289,-133,-51,128,188,189,161,0
1073503,140,140,162,631,-2371,-343,-144,-79,54,215,208,192,167,0
1076817,141,141,406,706,-2218,-65,57,-22,5,246,187,189,173,0
1080158,141,141,650,687,-2083,430,206,35,52,122,235,192,190,0
1083505,142,142,237,462,-1820,686,354,93,83,131,154,198,186,0
1086820,142,142,650,387,-1327,779,393,127,61,204,81,192,206,0
1090158,143,143,200,50,-843,976,294,151,86,101,90,200,208,0
1093503,144,144,293,162,-586,1067,123,150,126,4,53,195,202,0
1096823,144,144,143,68,147,1002,-112,121,33,-6,16,203,207,0
1100181,145,145,12,293,661,943,-252,81,-30,1,3,210,195,0
1103504,145,145,500,312,484,595,-308,32,42,-41,133,200,210,0
1106827,146,146,143,162,450,-242,-374,-25,21,-25,149,203,202,0
1110182,147,147,0,293,756,-430,-249,-77,98,54,111,211,195,0
1113505,147,147,50,181,1059,-374,-39,-119,24,-57,107,208,201,0
1116829,148,148,0,143,857,-953,220,-149,-50,-30,181,221,203,0
1120182,149,149,0,106,56,-1375,413,-164,149,168,480,216,205,0
1123505,149,149,181,12,501,-297,665,-164,95,166,433,201,210,0
1126834,150,150,218,218,1224,1612,695,-153,201,-170,482,199,199,0
1130182,150,150,462,350,2142,2026,973,-131,16,-254,559,186,192,0
1133505,151,151,631,181,1915,1642,913,-111,142,-254,666,177,201,0
1136836,151,152,706,0,2217,753,646,-98,252,-308,749,176,201,0
1140182,152,152,462,331,2774,-65,144,-98,-128,-207,489,173,180,0
1143505,152,153,950,537,2046,-707,-598,-107,11,-241,466,163,169,0
1146839,153,153,481,500,1482,-1442,-1227,-123,34,-282,483,172,171,0
1150182,153,154,837,518,1526,-1915,-1281,-137,-101,-23,281,169,170,0
1153508,154,154,237,293,1005,-2053,-1581,-164,-73,-40,189,185,182,0
1156842,155,155,312,406,443,-1634,-1864,-198,173,-33,190,181,176,0
1160183,155,155,387,200,952,-1298,-1949,-228,112,2,261,177,187,0
1163511,156,156,406,162,1821,-1018,-1698,-250,-122,20,122,176,189,0
1166845,156,156,218,50,1128,-382,-1979,-288,-128,72,105,186,195,0
1170183,157,157,106,350,-227,431,-2284,-334,-88,85,87,192,179,0
1173514,157,157,462,293,-417,782,-2429,-392,20,-79,139,173,182,0
1176850,158,158,481,425,17,232,-2429,-459,128,14,183,172,175,0
1180207,158,159,350,200,845,64,-2565,-535,-18,122,71,179,171,0
1183517,159,159,143,500,538,348,-2872,-626,12,173,66,190,171,0
1186852,159,159,406,331,710,449,-3019,-727,19,-118,91,176,180,0
1190211,160,160,237,425,1034,-90,-2870,-828,-164,-100,51,185,175,0
1193521,160,161,181,68,686,-653,-2771,-927,18,123,36,188,178,0
1196855,161,161,68,387,391,-307,-2664,-1019,-75,38,-12,194,177,0
1200211,161,162,743,612,-146,-31,-2648,-1106,-42,-32,-19,187,178,0
1203524,162,162,143,0,47,-208,-2773,-1189,32,-89,85,203,211,0
1206858,163,163,237,293,-431,-656,-2567,-1261,45,51,69,198,195,0
1210217,163,163,87,237,-443,-621,-2496,-1329,-93,63,77,206,198,0
1213527,164,164,0,218,-512,-649,-2334,-1391,-95,-34,76,212,199,0
1216861,165,165,256,0,-911,-1182,-2233,-1453,-112,56,99,197,197,0
1220216,165,165,162,237,-1518,-1592,-1879,-1510,-4,109,114,202,198,0
1223530,166,166,0,256,-1629,-1419,-1729,-1571,-46,174,170,212,197,0
1226865,166,167,256,68,-1122,-1010,-1554,-1633,162,203,266,197,207,0
1230217,167,167,143,162,169,-726,-1133,-1689,118,148,341,203,202,0
1233534,168,168,0,0,1116,-368,-578,-1729,-91,201,392,196,196,0
1236868,168,168,368,87,974,-18,-40,-1760,-60,55,330,191,206,0
1240217,169,169,143,368,907,252,529,-1772,-57,60,326,203,191,0
1243537,169,169,350,368,1010,665,995,-1761,-18,19,363,192,191,0
1246872,170,170,200,350,1216,1500,1395,-1722,-120,-31,308,200,192,0
1250218,170,171,387,87,1650,2092,1458,-1658,74,1,317,190,190,0
1253540,171,171,368,237,2476,2587,1539,-1571,21,-102,350,191,198,0
1256874,172,172,743,368,3020,2906,1621,-1481,-75,-171,353,187,191,0
1260218,172,172,312,143,2715,2649,1418,-1387,-428,-207,425,194,203,0
1263544,173,173,331,200,985,2333,1215,-1291,-246,-207,416,183,190,0
1266878,173,173,612,275,-289,2005,906,-1202,-108,-205,464,168,186,0
1270218,174,174,350,443,-396,1000,619,-1129,-190,-219,394,182,177,0
1273546,174,175,462,162,-671,105,428,-1054,-176,-136,289,176,176,0
1276881,175,175,406,368,-1607,-499,246,-975,-55,-168,236,179,181,0
1280218,175,176,668,350,-1509,-973,341,-888,112,-115,280,181,182,0
1283549,176,176,50,31,-1118,-1573,389,-800,-157,-6,160,198,199,0
1286884,176,177,481,350,-1288,-2164,116,-717,-12,26,101,191,182,0
1290243,177,177,68,143,-924,-2323,-247,-635,-50,11,118,197,193,0
1293553,177,178,818,387,-847,-2381,-629,-560,-65,2,101,173,180,0
1296888,178,178,312,237,-575,-2059,-582,-488,13,104,140,184,188,0
1300245,179,179,368,462,-224,-1665,-599,-420,-94,52,132,181,176,0
1303557,179,179,218,500,-387,-1660,-666,-358,0,100,176,189,174,0
1306891,180,180,387,631,-299,-1703,-981,-306,-51,162,170,180,167,0
1310245,180,180,350,556,-138,-1265,-897,-247,12,97,170,182,171,0
1313559,181,181,275,650,-19,-888,-760,-191,-93,97,147,186,166,0
1316893,181,181,331,593,-723,-928,-737,-136,-104,93,129,183,169,0
1320245,182,182,162,781,-1365,-974,-532,-80,-65,170,144,192,159,0
1323562,182,182,818,1118,-1827,-717,-271,-18,-96,223,172,183,167,0
1326897,183,183,200,687,-2443,-158,-138,35,87,129,197,200,174,0
1330245,183,183,575,818,-2172,154,15,90,-14,140,254,196,183,0
1333565,184,184,331,556,-2013,410,143,143,66,207,155,193,181,0
1336901,185,184,368,593,-1546,863,170,183,120,98,123,191,195,0
1340245,185,185,368,12,-848,1059,296,211,56,2,71,191,210,0
1343569,186,186,31,125,-523,1054,221,219,11,102,18,209,204,0
1346904,186,186,481,237,-181,1004,-106,199,-38,47,38,201,214,0
1350245,187,187,68,50,-59,1208,-209,161,19,-9,69,207,208,0
1353572,188,188,68,218,-83,873,-223,111,-63,-74,162,207,199,0
1356906,188,188,200,12,-362,14,-361,54,205,90,97,200,210,0
1360246,189,189,0,162,915,200,-383,-5,119,-18,90,218,202,0
1363575,190,190,31,237,2154,463,-246,-63,-122,-46,114,209,198,0
1366909,190,190,0,218,836,-302,-158,-113,-251,-93,103,211,199,0
1370246,191,191,0,143,-579,-842,-25,-151,213,-7,205,214,203,0
1373578,191,191,200,31,-215,-1178,175,-174,105,-7,362,200,209,0
1376913,192,192,50,256,876,-259,538,-177,66,47,478,208,197,0
1380271,193,193,256,387,1287,1016,703,-168,243,-57,569,197,190,0
1383581,193,193,593,0,1934,1528,934,-147,261,-280,658,179,212,0
1386917,194,194,293,0,2634,992,1099,-123,61,-144,753,182,200,0
1390274,194,194,556,406,2639,592,852,-109,39,-198,607,168,176,0
1393585,195,195,537,518,2386,385,446,-98,-33,-286,490,169,170,0
1396919,195,195,593,387,1556,-511,-610,-110,-65,-288,535,166,177,0
1400275,196,196,462,556,1227,-1496,-837,-116,55,-224,492,173,168,0
1403588,196,196,425,425,1272,-1906,-913,-126,-145,-21,306,175,175,0
1406922,197,197,500,518,548,-1816,-1353,-150,-110,-20,213,171,170,0
1410280,197,197,350,256,207,-1667,-1414,-173,149,-14,232,179,184,0
1413591,198,198,256,256,1037,-1507,-1563,-192,66,38,278,184,184,0
1416925,198,199,275,125,1926,-1030,-1368,-206,-164,96,81,183,191,0
1420283,199,199,106,181,982,-495,-1531,-230,-39,70,31,192,188,0
1423594,199,200,275,0,-53,246,-1928,-268,-61,11,114,183,183,0
1426929,200,200,312,387,-58,555,-2128,-317,112,-7,194,181,177,0
1430283,200,201,856,462,653,42,-2226,-379,18,6,111,168,173,0
1433597,201,201,312,350,1009,-230,-2316,-447,-53,154,54,181,179,0
1436932,201,202,275,143,719,67,-2667,-530,-37,77,90,183,174,0
1440283,202,202,68,350,729,283,-2821,-623,-21,-76,84,194,179,0
1443601,202,203,706,425,651,-59,-2782,-715,-165,-92,-77,176,175,0
1446935,203,203,143,275,46,-798,-2602,-806,174,66,140,190,183,0
1450283,204,204,1175,950,1039,-336,-2576,-893,-84,33,18,196,208,0
1453604,204,205,293,87,922,-21,-2481,-967,-283,19,-33,243,238,0
1456938,205,205,275,481,-459,-300,-2966,-1054,-57,-69,60,244,233,0
1460284,206,206,125,387,-909,-708,-2727,-1132,210,60,116,252,238,0
1463607,207,207,0,218,-310,-660,-2682,-1204,-147,48,-26,245,231,0
1466942,207,208,256,162,-910,-579,-2397,-1267,-179,-29,-34,245,250,0
1470284,208,208,0,0,-1960,-669,-2412,-1335,-94,68,-23,245,245,0
1473610,209,209,0,12,-2657,-602,-2382,-1405,172,-10,48,247,242,0
1476945,210,210,0,0,-1861,-501,-2120,-1470,0,43,155,248,240,0
1480285,211,211,0,0,-544,-477,-1953,-1536,326,-19,390,233,227,0
1483613,211,211,593,200,1295,-324,-1400,-1597,-18,7,491,211,232,0
1486948,212,212,200,200,1716,-92,-658,-1640,-7,73,489,216,216,0
1490305,213,213,125,331,1502,86,19,-1668,-226,164,639,220,209,0
1493617,213,213,368,162,1161,635,964,-1672,51,155,623,207,218,0
1496951,214,214,368,350,1893,1899,1865,-1641,-311,43,489,207,208,0
1500309,215,215,500,312,2250,2711,2264,-1584,-218,-190,432,200,210,0
1503620,215,215,612,218,1885,2556,2385,-1490,-227,-172,488,194,215,0
1506955,216,216,968,443,1347,1981,2157,-1397,-18,-178,445,175,203,0
1510337,216,217,856,368,1685,1938,1879,-1310,-291,-135,418,187,197,0
1513623,217,217,312,87,1182,1715,1236,-1229,-241,-111,232,200,212,0
1516957,217,218,406,87,-72,909,1082,-1151,-197,-97,366,195,196,0
1520309,218,218,425,500,-1004,97,677,-1081,-111,-161,269,194,190,0
1523626,219,219,406,406,-1042,-781,564,-1020,-34,9,181,195,195,0
1526961,219,220,312,200,-1047,-1121,367,-961,-136,0,39,200,190,0
1530310,220,220,275,312,-2262,-1524,-118,-904,7,-12,141,202,200,0
1533629,220,221,462,181,-2135,-1693,-503,-854,-12,99,150,192,191,0
1536964,221,221,462,500,-1919,-1386,-963,-814,28,57,93,192,190,0
1540310,221,222,593,312,-1761,-1475,-1115,-777,46,6,143,185,184,0
1543633,222,222,537,612,-1459,-1899,-1468,-739,-29,103,73,188,184,0
1546967,223,223,181,350,-912,-1938,-1436,-696,49,166,-5,191,182,0
1550310,223,224,575,218,-337,-1537,-1131,-644,-12,30,31,186,189,0
1553636,224,224,0,293,-522,-1533,-1091,-597,-84,48,61,211,185,0
1556970,224,225,425,406,-1141,-2259,-993,-548,-15,142,92,194,179,0
1560311,225,225,387,575,-1213,-2019,-761,-494,69,163,154,196,186,0
1563639,225,226,593,425,-964,-1542,-660,-422,-15,107,254,185,178,0
1566973,226,226,0,443,-537,-1411,-542,-353,101,229,221,201,177,0
1570332,227,227,125,537,-374,-1155,-437,-283,-135,234,149,194,172,0
1573642,227,227,762,818,-660,-244,-266,-217,-89,187,178,186,183,0
1576977,228,228,162,425,-1252,649,-148,-146,31,164,120,202,188,0
1580332,228,228,593,518,-1433,944,-102,-75,3,288,84,195,199,0
1583645,229,229,0,106,-1295,1562,-40,-10,102,47,66,218,205,0
1586981,230,230,68,143,-869,2086,-104,47,137,-45,65,207,203,0
1590335,230,230,312,275,-111,1857,-211,84,137,-19,49,210,212,0
1593649,231,231,0,162,732,1679,-486,90,85,70,35,218,202,0
1596983,232,232,443,537,1734,1691,-727,66,-138,-54,45,203,198,0
1600336,232,232,50,87,1058,1037,-638,16,-280,-100,151,208,206,0
1603652,233,233,0,87,-607,186,-433,-55,93,-100,177,213,206,0
1606986,234,234,87,0,-742,-378,-137,-130,122,-30,154,206,214,0
1610336,234,234,143,31,74,-642,0,-204,-46,-35,232,203,209,0
1613655,235,235,0,293,95,-395,264,-263,383,-21,510,213,195,0
1616989,235,235,350,106,1872,336,1008,-291,580,-143,649,192,205,0
1620336,236,236,406,162,4347,160,1508,-282,-157,-225,514,189,202,0
1623659,237,237,218,0,3848,-122,1897,-257,-148,-84,537,183,198,0
1626993,237,237,593,293,1891,307,1444,-233,186,-304,653,179,195,0
1630336,238,238,743,575,1958,335,993,-219,30,-359,492,171,180,0
1633661,238,238,575,500,2052,-350,-50,-232,-277,-270,511,180,184,0
1636996,239,239,368,425,530,-982,-693,-250,88,-239,536,178,175,0
1640337,239,239,537,368,687,-1393,-917,-263,64,-207,425,169,178,0
1643665,240,240,575,331,1225,-1979,-986,-264,-87,-93,307,167,180,0
1646999,240,240,668,443,941,-2115,-1334,-271,-67,38,245,178,190,0
1650358,241,241,275,237,997,-1831,-1527,-273,6,98,225,183,185,0
1653668,241,241,293,50,1513,-1038,-1394,-271,13,60,130,182,195,0
1657027,242,242,68,237,1204,-446,-1452,-281,-104,121,64,194,185,0
1660358,242,243,668,331,285,49,-1869,-306,-56,143,85,178,180,0
1663671,243,243,218,350,-222,461,-2241,-345,45,27,104,186,179,0
1667030,243,244,706,387,68,358,-2417,-396,76,2,140,176,177,0
1670362,244,244,87,312,543,253,-2553,-455,41,98,112,193,181,0
1673674,244,245,443,406,734,472,-2897,-529,-115,30,10,190,176,0
1677032,245,245,293,162,514,380,-3025,-610,-42,-34,-60,182,189,0
1680362,245,246,650,200,194,-105,-3034,-696,139,63,143,179,187,0
1683678,246,246,12,125,831,61,-2958,-784,10,122,44,197,191,0
1687036,247,247,143,162,730,267,-2994,-875,-12,86,25,190,189,0
1690362,247,247,200,143,290,271,-3274,-976,-137,-57,1,187,190,0
1693681,248,248,125,200,-190,-145,-2960,-1065,21,23,45,191,187,0
1697070,248,249,612,518,-525,-259,-2751,-1144,-12,-47,9,194,183,0
1700362,249,249,143,293,-540,-144,-2658,-1212,-18,13,71,203,195,0
1703684,249,250,612,368,-458,-553,-2615,-1271,22,-84,185,194,191,0
1707042,250,250,143,0,108,-1329,-2261,-1322,-187,14,230,203,211,0
1710363,251,251,87,275,-443,-1786,-1920,-1368,-208,147,140,206,196,0
1713687,251,252,275,443,-1906,-1890,-1604,-1414,-130,94,200,196,187,0
1717045,252,252,0,0,-1810,-1921,-1286,-1454,251,137,372,216,211,0
1720363,253,253,162,181,-289,-1464,-890,-1490,-46,206,455,202,201,0
1723691,253,253,312,106,731,-624,-320,-1532,-79,62,430,194,205,0
1727045,254,254,31,331,1016,-367,499,-1563,-144,99,533,209,193,0
1730363,254,255,256,200,849,82,948,-1593,-130,144,473,197,184,0
1733693,255,255,368,556,402,1095,1114,-1603,31,-53,334,191,181,0
1737050,255,256,725,406,1278,1729,1376,-1591,29,-78,201,188,189,0
1740384,256,256,331,200,2561,2169,1561,-1541,31,-44,310,193,200,0
1743697,257,257,368,275,3111,2671,1461,-1474,-129,6,194,191,196,0
1747053,257,257,443,443,2794,2939,1373,-1402,-43,-130,278,187,187,0
1750388,258,258,331,256,2734,3013,1220,-1333,-431,-198,379,193,197,0
1753701,258,259,631,68,702,2880,927,-1263,-269,-193,395,177,191,0
1757053,259,259,350,293,-441,2106,808,-1190,-47,-256,489,192,195,0
1760388,259,260,631,293,-441,874,645,-1126,-293,-197,375,183,185,0
1763703,260,260,256,256,-1487,-345,369,-1069,56,-202,339,187,187,0
1767054,260,261,893,462,-1306,-995,358,-999,-131,-176,203,169,176,0
1770389,261,261,350,218,-1371,-1512,307,-920,-54,-59,243,182,189,0
1773706,261,262,650,256,-1503,-2090,142,-840,-24,-49,192,182,187,0
1777054,262,262,87,331,-1713,-2368,-120,-764,29,105,181,196,183,0
1780388,263,263,181,256,-1622,-2483,-523,-690,61,27,148,191,187,0
1783710,263,264,293,350,-916,-2410,-875,-622,50,89,118,185,182,0
1787055,264,264,162,200,-381,-2002,-917,-556,-28,68,142,192,190,0
1790389,264,265,331,237,-130,-1686,-830,-490,-24,81,124,183,172,0
1793713,265,265,106,612,-457,-1537,-843,-423,42,150,121,195,168,0
1797055,265,266,781,631,-631,-1440,-879,-348,-2,128,163,175,167,0
1800389,266,266,275,537,-571,-1219,-810,-281,23,129,205,186,172,0
1803716,266,267,668,593,-453,-993,-728,-217,-23,102,184,181,169,0
1807055,267,267,293,593,-403,-790,-642,-154,-59,141,187,185,169,0
1810389,267,267,781,1025,-705,-586,-478,-88,-105,148,148,175,162,0
1813719,268,268,125,593,-1600,-490,-339,-28,37,188,218,194,169,0
1817076,268,269,725,668,-1720,-144,-141,27,-37,253,117,178,165,0
1820411,269,269,256,612,-1946,466,65,79,-68,169,145,187,168,0
1823722,270,269,387,856,-2502,1030,244,127,100,104,138,190,181,0
1827080,270,270,687,368,-1823,1151,314,165,206,88,123,190,207,0
1830414,271,271,50,125,-802,1251,264,183,117,10,28,208,204,0
1833725,271,271,518,293,63,1234,152,172,50,-61,-31,199,211,0
1837080,272,272,106,50,55,1227,35,144,-163,108,27,205,208,0
1840414,273,273,68,293,-470,1224,21,109,-120,9,112,207,195,0
1843729,273,273,125,143,-1308,640,-204,60,164,-51,217,204,203,0
1847080,274,274,0,218,-754,93,-213,5,334,34,174,213,199,0
1850414,275,275,0,293,1205,-77,-39,-41,80,78,74,211,195,0
1853732,275,275,12,143,1543,145,145,-80,-212,-98,14,210,203,0
1857081,276,276,0,143,28,-406,201,-112,48,-89,41,220,203,0
1860415,277,276,0,0,-241,-1135,392,-128,315,69,208,210,211,0
1863736,277,277,87,256,1599,-255,675,-132,279,54,404,206,197,0
1867081,278,278,237,350,2340,550,965,-122,162,-97,545,198,192,0
1870415,278,278,481,0,2634,749,1268,-94,132,-160,573,185,213,0
1873738,279,279,406,162,2615,624,1211,-68,-60,-119,554,189,202,0
1877081,279,279,687,368,1809,534,900,-49,111,-219,650,174,191,0
1880416,280,280,462,425,1415,340,378,-42,102,-344,580,186,188,0
1883741,280,281,800,275,1554,-102,-533,-55,-10,-349,610,171,183,0
1887081,281,281,443,425,1378,-662,-1027,-70,65,-402,609,174,175,0
1890416,281,282,1006,500,1697,-1361,-1017,-75,-64,-225,398,160,171,0
1893745,282,282,387,593,1367,-1903,-1229,-85,-79,-100,333,177,166,0
1897103,282,283,668,462,885,-1838,-1488,-105,39,-17,242,178,173,0
1900438,283,283,162,143,867,-1596,-1747,-133,87,27,210,189,190,0
1903748,283,284,650,368,1739,-1267,-1680,-158,0,32,150,179,178,0
1907106,284,284,200,87,1609,-847,-1661,-185,-110,126,82,187,193,0
1910439,285,285,350,350,612,-220,-1876,-221,-57,137,51,179,179,0
1913751,285,285,406,293,-437,315,-2251,-271,23,-23,122,176,182,0
1917106,286,286,387,425,-269,63,-2365,-330,113,-39,148,177,175,0
1920439,286,286,237,293,414,-216,-2423,-395,-4,125,67,185,182,0
1923754,287,287,443,518,356,-102,-2740,-476,-8,155,26,174,170,0
1927107,287,287,350,368,111,99,-2945,-571,69,-81,75,179,178,0
1930441,288,288,106,331,443,23,-2977,-671,1,-153,65,192,180,0
1933757,288,288,275,87,1068,-409,-3055,-776,47,74,63,183,193,0
1937107,289,289,125,312,1287,-356,-2969,-878,-106,126,50,191,181,0
1940440,289,290,181,0,891,-59,-2832,-971,-134,20,-41,188,188,0
1943761,290,290,68,331,-177,-124,-2953,-1064,-149,-51,79,194,180,0
1947107,290,291,725,612,-589,-295,-2942,-1157,-89,-2,-32,188,178,0
1950440,291,291,87,218,-1074,-379,-2790,-1238,46,-9,32,206,199,0
1953764,292,292,106,256,-564,-122,-2739,-1316,66,-17,162,205,197,0
1957107,292,292,200,331,-263,-269,-2682,-1399,-45,7,161,200,193,0
1960440,293,293,87,143,-320,-878,-2382,-1478,-99,134,180,206,203,0
1963768,293,294,275,0,-631,-1235,-1755,-1539,-292,116,75,196,200,0
1967108,294,294,68,200,-1986,-1184,-1791,-1607,-44,198,220,207,200,0
1970441,295,295,0,387,-1807,-1156,-1549,-1677,235,183,391,211,190,0
1973770,295,295,406,0,631,-889,-944,-1737,99,92,453,189,213,0
1977108,296,296,162,200,1819,-597,-444,-1790,-215,93,433,202,200,0
1980441,297,297,0,200,1211,-124,258,-1820,-98,61,403,200,184,0
1983773,297,297,443,293,533,287,939,-1819,-41,-9,436,187,195,0
1987129,298,298,181,537,672,628,1352,-1788,-42,88,378,201,182,0
1990465,298,298,387,256,1192,1330,1536,-1724,83,-7,286,190,197,0
1993777,299,299,237,368,2519,2283,1735,-1637,0,-91,274,198,191,0
1997133,299,300,481,0,3001,2685,1773,-1550,-59,-211,289,185,196,0
2000469,300,300,237,181,3000,2750,1666,-1460,-103,-161,314,198,201,0
2003780,300,301,968,425,2190,2773,1356,-1371,-453,-98,362,175,188,0
2007133,301,301,556,256,420,2884,1028,-1284,-330,-264,389,181,197,0
2010473,302,302,387,350,-929,2165,760,-1208,-51,-287,512,180,182,0
2013783,302,302,425,237,-659,521,482,-1141,-173,-242,375,178,188,0
2017133,303,303,575,425,-1077,-248,384,-1070,-29,-165,285,170,178,0
2020475,303,303,425,331,-844,-681,391,-988,-69,-207,256,178,183,0
2023786,304,304,462,293,-889,-1606,342,-903,-161,-121,153,176,185,0
2027134,304,305,650,293,-1554,-2125,216,-820,11,-38,136,182,185,0
2030475,305,305,0,237,-1704,-2459,-27,-736,99,85,154,203,188,0
2033790,305,306,556,237,-1212,-2532,-524,-660,68,50,148,187,188,0
2037135,306,306,68,218,-473,-2459,-573,-585,114,58,147,197,189,0
2040475,306,307,762,331,349,-2015,-611,-509,-174,32,106,176,183,0
2043793,307,307,256,387,-122,-1612,-590,-434,-183,68,133,187,180,0
2047134,307,308,650,687,-772,-1692,-684,-367,-64,93,166,182,164,0
2050475,308,308,162,537,-1251,-1681,-686,-296,-4,98,197,192,172,0
2053796,309,309,331,556,-1100,-1144,-536,-221,109,191,197,183,171,0
2057134,309,309,331,443,-744,-794,-496,-149,-6,91,196,183,177,0
2060476,310,310,443,593,-716,-687,-405,-76,17,168,199,177,169,0
2063799,310,310,237,650,-1008,-409,-148,2,-118,236,155,188,166,0
2067155,311,311,181,687,-1673,-218,23,77,-70,223,174,191,164,0
2070505,311,311,837,1006,-2116,81,241,139,46,139,238,182,173,0
2073802,312,312,200,575,-1942,367,409,208,32,170,223,200,180,0
2077159,312,312,762,743,-1710,488,461,271,87,103,131,186,187,0
2080476,313,313,87,162,-1280,842,564,318,41,73,81,206,202,0
2083806,313,313,593,218,-689,1171,654,352,174,0,68,195,215,0
2087159,314,314,162,0,159,893,453,358,-66,114,13,202,213,0
2090476,315,315,0,143,106,1007,144,334,-126,100,-28,217,203,0
2093809,315,315,368,443,-355,1537,78,294,97,-58,82,207,203,0
2097159,316,316,31,237,-384,995,-22,245,-40,-83,235,209,198,0
2100502,317,317,50,125,-390,241,-66,189,222,38,114,208,204,0
2103812,317,317,218,0,902,177,95,136,227,-32,108,199,214,0
2107160,318,318,0,200,1818,-29,276,93,-141,-72,96,217,200,0
2110502,319,319,12,312,661,-650,347,61,58,1,54,210,194,0
2113815,319,319,0,143,-815,-1231,483,44,344,-35,195,211,203,0
2117160,320,320,0,200,889,-964,762,44,123,152,511,212,200,0
2120503,320,320,331,68,1905,176,824,55,98,47,440,193,207,0
2123818,321,321,218,350,2096,1593,1018,75,230,-192,597,199,192,0
2127160,321,322,912,181,2572,1564,1062,96,40,-335,689,178,201,0
2130502,322,322,462,162,2347,882,888,113,-49,-232,692,186,202,0
2133821,323,323,425,275,1660,273,590,125,29,-232,599,175,183,0
2137160,323,323,631,293,1674,-127,-120,122,97,-355,530,164,182,0
2140503,324,324,743,537,1693,-935,-796,113,13,-270,526,158,169,0
2143826,324,324,481,406,1674,-2058,-852,105,-63,-173,458,172,176,0
2147181,325,325,518,406,1429,-2157,-937,94,-158,40,257,170,176,0
2150503,325,325,350,293,715,-1996,-1237,74,-13,-13,166,179,182,0
2153828,326,326,668,331,798,-1635,-1372,53,72,42,228,178,180,0
2157185,326,326,200,106,1501,-1330,-1386,31,-127,168,153,187,192,0
2160503,327,327,256,312,1314,-598,-1505,0,-130,145,87,184,181,0
2163831,327,327,181,68,108,126,-1780,-39,-69,94,24,188,194,0
2167185,328,328,200,387,-357,582,-2090,-91,43,-36,156,187,177,0
2170503,328,329,518,106,-170,181,-2302,-159,45,62,119,170,176,0
2173835,329,329,256,406,513,33,-2381,-234,11,75,51,184,176,0
2177186,329,330,537,387,569,364,-2696,-326,2,61,81,185,177,0
2180504,330,330,162,481,559,318,-2767,-425,-94,-102,76,189,172,0
2183838,330,331,387,125,219,-383,-2712,-524,94,98,57,177,175,0
2187186,331,331,143,293,461,-618,-2669,-625,108,90,118,190,182,0
2190528,331,332,537,237,1073,14,-2669,-729,-66,40,-60,185,185,0
2193841,332,332,0,162,744,131,-2681,-827,-229,15,-3,202,189,0
2197186,333,333,406,368,-285,-229,-2853,-920,-51,-17,2,189,191,0
2200531,333,333,87,162,-1099,-576,-2509,-1001,105,51,71,206,202,0
2203844,334,334,0,368,-84,-302,-2481,-1078,-42,18,127,216,191,0
2207186,334,335,593,200,78,-262,-2387,-1151,-174,-58,75,195,200,0
2210532,335,335,143,106,-222,-946,-2320,-1226,-103,-19,111,203,205,0
2213847,336,336,143,368,-926,-1460,-1839,-1292,-102,103,142,203,191,0
2217187,336,336,106,181,-1664,-1417,-1725,-1357,-113,115,197,205,201,0
2220533,337,337,12,256,-2054,-1064,-1579,-1421,205,227,283,210,197,0
2223851,337,338,331,256,-522,-933,-1318,-1486,269,88,351,193,197,0
2227208,338,338,237,31,1237,-694,-580,-1530,-159,211,351,198,209,0
2230532,339,339,293,237,924,-196,-208,-1569,-133,77,332,195,198,0
2233853,339,339,200,237,545,234,455,-1588,55,8,421,200,198,0
2237210,340,340,143,331,1293,211,870,-1588,-106,58,366,203,193,0
2240533,340,341,443,87,1317,985,1380,-1563,-199,38,262,187,190,0
2243857,341,341,181,518,1327,1944,1397,-1516,220,-121,257,201,183,0
2247211,341,342,837,256,2452,2394,1534,-1443,74,-171,333,182,197,0
2250532,342,342,275,275,3064,2592,1472,-1371,-194,-72,251,196,196,0
2253860,343,343,443,331,2676,3004,1244,-1302,-153,-98,305,187,193,0
2257238,343,343,575,481,2088,3232,1066,-1230,-379,-304,405,186,191,0
2260533,344,344,275,200,232,2653,748,-1164,-183,-361,477,186,190,0
2263863,344,345,518,68,-611,1573,448,-1107,-108,-269,494,173,181,0
2267211,345,345,443,350,-519,679,285,-1051,-187,-208,343,177,182,0
2270533,345,346,837,443,-1076,-298,286,-986,-58,-164,346,172,177,0
2273866,346,346,200,312,-1124,-1027,321,-911,-92,-81,210,190,184,0
2277211,346,347,668,293,-1854,-1714,290,-830,8,-98,153,181,185,0
2280535,347,347,68,125,-1504,-2178,281,-747,22,21,135,197,194,0
2283870,347,348,575,256,-1193,-2397,-27,-663,-66,22,117,186,187,0
2287211,348,348,143,181,-1318,-2575,-455,-591,146,51,100,193,191,0
2290538,349,349,556,293,-374,-2347,-734,-529,-118,97,79,171,185,0
2293873,349,349,350,256,-186,-1769,-643,-466,-99,57,124,182,187,0
2297211,350,350,125,575,-166,-1441,-561,-400,-47,61,154,194,170,0
2300541,350,351,387,331,-267,-1600,-789,-341,-41,174,136,180,167,0
2303876,351,351,237,612,-305,-1382,-827,-278,-53,76,145,188,168,0
2307211,351,351,762,893,-342,-920,-653,-220,1,111,199,176,169,0
2310545,352,352,87,556,-501,-786,-514,-158,-68,136,204,196,171,0
2313879,352,352,293,650,-1115,-900,-459,-98,-100,116,192,185,166,0
2317236,353,353,181,725,-1633,-752,-263,-34,-73,195,165,191,162,0
2320548,353,353,837,1062,-2009,-206,-51,21,25,153,222,182,170,0
2323882,354,354,162,518,-1892,34,101,78,17,249,235,202,183,0
2327239,355,355,406,500,-1771,173,127,131,22,200,190,189,184,0
2330551,355,355,312,387,-1496,575,305,182,89,183,130,194,190,0
2333885,356,356,312,237,-1199,832,343,211,5,62,67,194,198,0
2337243,356,356,500,443,-1016,945,313,227,-27,38,50,200,203,0
2340554,357,357,0,125,-1113,1168,91,216,139,34,75,211,204,0
2343889,358,358,518,275,-355,1197,-76,186,228,24,57,199,212,0
2347245,358,358,181,12,843,1138,-246,136,-39,40,17,201,210,0
2350557,359,359,0,275,789,991,-343,81,-52,14,91,217,196,0
2353893,359,359,31,181,190,677,-373,22,84,-119,92,209,201,0
2357245,360,360,68,143,-55,-118,-233,-31,109,-35,169,207,203,0
2360561,361,361,0,162,427,-868,-43,-71,80,68,64,213,202,0
2363895,361,361,143,31,495,-913,203,-98,51,-67,110,203,209,0
2367246,362,362,125,275,-190,-1256,310,-112,96,5,227,204,196,0
2370564,363,363,0,0,561,-510,602,-107,220,68,447,203,210,0
2373898,363,363,312,181,1248,1010,892,-88,265,-17,525,194,201,0
2377245,364,364,387,237,2195,1676,1146,-61,198,-287,644,190,198,0
2380567,364,364,612,143,2934,1182,1190,-34,45,-141,667,178,203,0
2383901,365,365,275,68,2629,738,1029,-11,31,-182,610,183,194,0
2387246,365,365,650,462,2513,178,570,-2,27,-357,432,163,173,0
2390570,366,366,443,518,2408,-865,-417,-14,-85,-303,486,174,170,0
2393905,366,366,556,443,1600,-1595,-1080,-33,-84,-174,448,168,174,0
2397246,367,367,237,443,1208,-1932,-1152,-46,-19,-138,418,185,174,0
2400573,367,367,425,387,789,-2042,-1403,-70,-51,-81,239,175,177,0
2403908,368,368,237,425,660,-1923,-1466,-98,123,3,261,185,175,0
2407246,368,369,668,256,1004,-1659,-1634,-125,2,44,191,178,184,0
2410577,369,369,87,218,1382,-1028,-1597,-149,-86,81,98,193,186,0
2413911,369,370,518,218,716,-386,-1718,-182,-80,69,121,186,186,0
2417247,370,370,106,143,-89,186,-1991,-228,-82,61,138,192,190,0
2420580,370,371,875,425,-342,415,-2209,-283,15,44,204,167,175,0
2423914,371,371,368,331,65,141,-2291,-346,58,73,136,178,180,0
2427273,371,372,668,425,507,20,-2387,-419,-47,62,68,178,175,0
2430584,372,372,143,312,248,193,-2769,-509,-10,72,158,190,181,0
2433918,372,373,931,575,363,50,-2852,-602,0,50,195,164,167,0
2437273,373,373,350,425,673,-378,-2620,-694,-66,112,125,179,175,0
2440587,373,374,612,537,493,-711,-2622,-786,16,44,65,181,169,0
2443922,374,374,0,256,470,-377,-2732,-881,-59,144,68,198,184,0
2447272,375,375,256,350,104,-30,-2755,-970,-94,14,6,197,192,0
2450589,375,375,593,462,-530,-215,-2770,-1055,104,54,80,195,202,0
2453924,376,376,0,275,43,-241,-2574,-1127,16,105,131,218,196,0
2457275,376,377,350,256,428,-109,-2590,-1198,-67,58,-11,208,197,0
2460593,377,377,31,106,-514,-118,-2649,-1269,-251,-122,-37,209,205,0
2463927,378,378,87,350,-1375,-637,-2385,-1336,-66,-59,76,206,192,0
2467274,378,378,443,331,-1723,-1054,-2220,-1404,83,128,73,203,209,0
2470596,379,379,0,125,-1064,-484,-2121,-1477,-171,85,96,223,204,0
2473930,380,380,0,143,-1343,-379,-1897,-1546,96,13,254,211,203,0
2477274,380,380,143,50,-920,-533,-1700,-1617,80,91,338,203,208,0
2480599,381,381,125,368,618,-189,-922,-1674,37,135,335,204,191,0
2483933,381,381,406,125,903,184,-503,-1726,-32,140,434,189,204,0
2487273,382,382,106,218,1015,487,125,-1759,-18,46,465,205,199,0
2490602,383,383,237,312,1816,581,907,-1763,-132,-33,332,198,194,0
2493937,383,383,350,162,1674,713,1566,-1732,-107,-28,359,192,202,0
2497274,384,384,350,518,1604,1269,1744,-1664,194,-93,419,192,183,0
2500605,384,384,406,200,2978,2072,1857,-1572,-71,-50,325,189,200,0
2503940,385,385,331,200,3264,2556,2013,-1473,-232,-158,311,193,200,0
2507298,385,386,537,181,2610,2753,1540,-1381,-313,-211,467,188,191,0
2510609,386,386,406,125,831,2685,1176,-1299,-119,-190,518,179,194,0
2513944,386,387,968,443,223,2538,911,-1219,-243,-309,381,165,177,0
2517298,387,387,293,256,-316,1959,538,-1153,-174,-268,400,185,187,0
2520613,388,388,743,425,-981,803,221,-1092,-169,-209,379,177,178,0
2523946,388,388,368,293,-1554,-92,208,-1023,30,-186,297,181,185,0
2527303,389,389,293,293,-1106,-755,335,-944,-116,-77,99,185,185,0
2530615,389,389,237,106,-1439,-1630,249,-864,-3,-108,214,188,195,0
2533949,390,390,125,218,-1116,-2201,115,-786,-90,-13,136,194,189,0
2537307,390,391,200,12,-1126,-2475,-163,-705,88,18,118,190,184,0
2540618,391,391,237,312,-634,-2542,-643,-636,30,-23,47,188,184,0
2543953,391,392,462,0,-378,-2345,-683,-575,-6,105,120,176,186,0
2547311,392,392,200,350,-440,-1917,-811,-519,-42,-7,163,190,182,0
2550621,392,393,743,631,-509,-1793,-893,-461,-28,142,119,177,167,0
2553956,393,393,181,556,-469,-1729,-1032,-407,-16,153,147,191,171,0
2557311,393,394,706,631,-597,-1601,-1084,-355,-17,76,125,179,167,0
2560626,394,394,275,518,-700,-1552,-1013,-306,-32,140,182,186,173,0
2563960,395,395,312,650,-556,-1416,-986,-256,-49,196,66,184,166,0
2567312,395,395,350,650,-867,-1176,-901,-201,-112,125,208,182,166,0
2570628,396,396,556,781,-1517,-1054,-650,-147,-35,170,204,181,169,0
2573963,396,396,237,743,-1719,-1053,-473,-92,10,191,237,198,171,0
2577311,397,397,275,687,-1598,-674,-324,-36,-45,329,202,196,174,0
2580632,397,397,650,875,-2121,94,-112,19,55,254,220,192,180,0
2583966,398,398,162,575,-2124,592,78,74,56,172,189,202,180,0
2587311,399,398,293,781,-1880,882,293,112,4,186,161,195,185,0
2590635,399,399,143,256,-1815,1673,322,138,198,48,102,203,197,0
2593969,400,399,106,331,-1120,1943,304,144,217,-102,71,205,209,0
2597312,400,400,593,31,-94,1569,380,127,112,5,-4,195,225,0
2600638,401,401,0,0,1397,1409,-185,72,-34,56,10,215,215,0
2603973,402,401,50,143,1415,1516,-535,1,-66,-94,-1,208,219,0
2607312,402,402,143,0,969,1249,-697,-78,-123,126,51,203,216,0
2610641,403,403,12,181,330,1158,-440,-154,-201,-51,189,210,201,0
2613976,404,403,125,68,-767,918,-439,-216,108,-127,223,204,207,0
2617312,404,404,50,50,-399,297,-170,-258,137,-107,174,208,208,0
2620644,405,405,0,87,36,-443,186,-281,86,-78,274,217,206,0
2623979,405,405,162,0,-424,-662,341,-287,213,-65,464,202,213,0
2627336,406,406,462,181,1298,-299,988,-263,457,-146,660,186,201,0
2630648,407,407,256,0,4608,-15,1554,-221,81,-230,529,184,198,0
2633982,407,407,387,143,4581,-151,1744,-177,-266,-184,524,177,190,0
2637337,408,408,537,368,2779,-300,1436,-140,-58,-163,663,169,178,0
2640651,408,408,500,481,1208,-67,810,-118,-44,-265,604,171,172,0
2643985,409,409,950,575,709,-138,297,-104,-140,-348,528,163,167,0
2647338,409,409,612,406,-153,-860,-257,-92,140,-218,524,165,176,0
2650654,409,410,1043,556,952,-1443,-402,-83,85,-168,381,158,168,0
2653989,410,410,481,481,1521,-1575,-482,-73,-103,-75,290,172,172,0
2657338,410,411,762,368,1103,-1553,-744,-68,-54,17,299,173,178,0
2660657,411,411,218,31,660,-1437,-914,-64,142,-14,228,186,196,0
2663991,411,412,743,293,1175,-1176,-1095,-65,30,33,139,174,182,0
2667339,412,412,218,68,1665,-697,-1064,-66,-159,122,75,186,194,0
2670660,413,413,406,406,913,-97,-1285,-76,-20,178,42,176,176,0
2673994,413,413,368,256,384,334,-1657,-99,32,76,84,178,184,0
2677338,414,414,462,331,421,449,-1889,-138,-3,3,102,173,180,0
2680663,414,414,143,237,544,157,-2019,-186,-161,9,66,190,185,0
2683997,415,415,406,500,129,-108,-2118,-242,60,125,74,176,171,0
2687339,415,415,312,368,211,-120,-2324,-311,47,78,51,181,178,0
2690666,416,416,162,350,828,64,-2471,-391,-34,-29,87,189,179,0
2694001,416,417,1662,1643,1061,-244,-2485,-478,-189,23,-87,186,187,0
2697339,417,417,387,556,13,-916,-2363,-562,-39,97,20,238,229,0
2700669,418,418,218,481,187,-643,-2442,-648,6,98,75,247,233,0
2704004,419,419,331,68,550,-254,-2402,-735,-180,138,21,241,239,0
2707360,419,419,368,200,227,-267,-2700,-813,-108,-43,4,239,248,0
2710673,420,420,0,0,-540,-560,-2548,-876,-87,3,25,258,250,0
2714007,421,421,0,106,-1388,-587,-2332,-927,10,-8,-50,258,237,0
2717363,422,422,0,106,-1606,-578,-1924,-974,-39,-89,12,250,237,0
2720676,422,423,0,0,-1832,-726,-1831,-1017,-5,-25,-38,244,229,0
2724010,423,423,68,0,-2220,-628,-2010,-1075,140,56,178,239,244,0
2727364,424,424,0,0,-905,-665,-1404,-1124,294,61,481,243,232,0
2730679,425,425,125,293,1980,-740,-967,-1165,-87,125,454,220,211,0
2734013,425,425,593,462,1889,-460,-541,-1213,-92,117,455,211,218,0
2737364,426,426,31,87,1859,-60,629,-1242,-126,54,662,225,222,0
2740682,427,427,406,368,1283,629,1513,-1249,-62,248,604,205,207,0
2744018,427,427,518,275,1245,1887,1844,-1236,-79,59,469,199,212,0
2747364,428,428,481,68,2577,2905,2509,-1183,-286,-79,472,201,223,0
2750685,428,429,1043,350,1894,2795,2319,-1120,-360,-124,399,187,208,0
2754020,429,429,781,518,734,2523,2060,-1048,65,-220,315,185,199,0
2757364,429,430,950,218,1680,2273,1822,-978,-164,-229,445,182,205,0
2760689,430,431,293,12,1308,1888,1385,-920,-285,-160,309,201,200,0
2764023,431,431,256,406,-294,1057,1292,-856,-159,-104,163,203,195,0
2767365,431,432,293,143,-1791,47,880,-800,-44,-111,225,201,193,0
2770692,432,432,200,256,-2195,-742,712,-744,115,-56,295,206,203,0
2774026,433,433,443,481,-1382,-1357,601,-692,-38,-31,122,193,191,0
2777365,433,434,406,87,-1296,-1545,159,-646,136,-27,98,195,196,0
2780695,434,434,593,481,-601,-1491,-316,-605,-50,25,108,185,191,0
2784053,434,435,518,237,-1039,-1438,-697,-567,-179,-2,73,189,188,0
2787386,435,435,425,518,-1574,-1681,-880,-532,-26,102,18,194,189,0
2790699,435,436,518,331,-1423,-1751,-949,-495,-118,70,94,189,183,0
2794056,436,436,387,706,-1465,-1877,-907,-451,122,38,135,196,179,0
2797390,437,437,125,481,-799,-2572,-757,-397,95,118,92,194,175,0
2800701,437,437,612,443,-31,-2591,-811,-345,-49,101,72,184,193,0
2804060,438,438,0,275,123,-2376,-769,-295,-47,29,137,202,186,0
2807390,438,439,556,593,-361,-2247,-696,-241,-111,200,122,187,169,0
2810705,439,439,0,593,-851,-1921,-474,-180,-246,171,95,209,169,0
2814063,439,439,406,875,-1746,-1241,-299,-105,-45,220,237,195,170,0
2817419,440,440,537,950,-2492,-604,-203,-32,-30,255,189,198,176,0
2820708,441,441,181,950,-2696,-151,-147,35,82,237,216,201,176,0
2824066,441,441,612,762,-2215,438,166,101,64,181,253,194,186,0
2827390,442,442,0,387,-1731,1084,337,168,58,203,204,212,190,0
2830711,442,442,481,725,-1479,1243,464,246,-19,208,67,201,188,0
2834069,443,443,68,143,-1483,1673,517,306,132,7,49,207,203,0
2837391,444,443,68,181,-933,2011,392,348,300,-168,53,207,217,0
2840714,444,444,462,200,284,1622,430,378,50,45,138,202,216,0
2844072,445,445,12,0,1522,1725,-236,351,-69,-16,-26,210,213,0
2847391,446,445,0,181,1752,1569,-480,289,24,-177,-13,211,217,0
2850717,446,446,31,0,1587,1053,-483,216,167,83,-10,209,211,0
2854074,447,447,68,106,2524,1368,-205,132,-189,47,75,207,205,0
2857391,448,447,31,293,1614,1537,-73,57,8,-110,276,209,211,0
2860721,448,448,0,87,875,1119,153,-2,11,-145,418,214,206,0
2864078,449,449,125,256,581,729,767,-35,193,-145,570,204,197,0
2867413,449,449,706,0,1369,251,1259,-39,473,-244,579,173,211,0
2870724,450,450,425,200,3725,-566,1132,-44,203,-474,655,188,200,0
2874081,450,450,968,762,4362,-1362,901,-43,-199,-16,647,175,186,0
2877417,451,451,481,462,2936,-1287,454,-51,-28,-176,674,185,186,0
2880727,451,452,668,650,1578,-856,-290,-79,-268,-375,676,178,179,0
2884082,452,452,556,518,22,-1092,-647,-104,21,-155,557,168,170,0
2887417,452,453,1043,725,-503,-1020,-949,-124,176,-176,505,158,159,0
2890730,453,453,443,406,290,-802,-940,-131,275,-131,405,174,176,0
2894082,453,454,800,200,864,-966,-980,-135,185,5,339,171,187,0
2897417,454,454,200,87,1735,-1095,-1091,-139,-69,19,297,187,193,0
2900733,455,455,650,200,1780,-772,-1170,-147,-62,92,203,179,187,0
2904082,455,455,256,125,1504,-205,-1142,-159,-70,28,30,184,191,0
2907416,456,456,406,218,981,354,-1219,-172,-33,62,6,176,186,0
2910737,456,456,331,237,801,751,-1530,-196,-25,55,128,180,185,0
2914082,457,457,218,237,780,786,-1707,-227,55,35,57,186,185,0
2917417,457,457,218,200,1411,559,-1780,-268,-11,-68,56,186,187,0
2920740,458,458,0,462,1201,178,-1696,-312,-193,-103,-127,201,173,0
2924083,458,458,331,593,-400,-464,-1597,-355,31,35,-91,196,182,0
2927417,459,459,0,125,-621,-184,-1686,-404,108,30,1,211,191,0
2930743,460,460,0,0,31,-38,-1676,-461,89,-19,43,198,193,0
2934083,460,460,256,0,484,-181,-1724,-526,23,45,-42,184,198,0
2937418,461,461,237,125,161,-427,-1767,-595,-52,51,-63,185,191,0
2940746,461,461,143,106,-202,-337,-1718,-665,-94,-48,-66,190,192,0
2944104,462,462,256,350,-457,-290,-1692,-730,-14,-8,9,197,192,0
2947439,462,463,106,50,-650,-352,-1625,-794,-81,56,7,205,192,0
2950749,463,463,0,237,-1265,-373,-1619,-838,110,88,45,218,198,0
2954108,464,464,143,143,-1100,-623,-1581,-872,64,-46,179,203,203,0
2957443,464,464,387,0,-81,-1555,-1273,-897,-165,39,188,190,211,0
2960753,465,465,143,312,-647,-2165,-1128,-926,5,103,342,203,194,0
2964109,465,466,443,0,-520,-2122,-908,-952,89,146,490,187,199,0
2967443,466,466,237,200,1084,-1808,18,-956,79,179,568,198,200,0
2970756,466,467,443,125,1515,-1504,476,-965,-7,257,483,187,188,0
2974108,467,467,200,181,1132,-994,1163,-968,-357,219,524,200,201,0
2977443,468,468,350,612,-375,373,2084,-938,-10,207,513,192,178,0
2980760,468,468,350,406,-414,1354,2101,-901,141,84,317,192,189,0
2984109,469,469,275,425,974,2010,2218,-846,50,-33,185,196,188,0
2987443,469,470,425,0,2531,2433,2015,-774,-162,-139,160,188,195,0
2990763,470,470,275,350,1893,2439,1968,-692,-21,-152,176,196,192,0
2994109,470,471,650,293,1846,2480,1830,-605,-9,57,142,192,195,0
2997443,471,471,406,181,2850,3014,1979,-514,-219,40,85,189,201,0
3000766,472,472,556,406,1862,3129,1615,-433,-359,-248,296,181,189,0
