Time, Rlegs, Llegs, DCL, DCR, GyroX, GyroY, GyroZ, GyroZAvg, AccelX, AccelY, AccelZ, LBEMF, RBEMF, SteerOut
2136,768,785,3012,0,203,-134,-154,-153,-14,1,224,73,74,0
5469,768,785,2993,0,203,-135,-151,-153,-12,1,219,74,74,0
8804,768,785,3012,0,201,-134,-154,-153,-12,1,223,73,74,0
12138,768,785,3012,0,201,-136,-153,-153,-12,4,226,73,74,0
15473,768,785,3012,0,205,-136,-154,-153,-9,1,223,73,74,0
18807,768,785,3012,0,204,-135,-155,-153,-14,2,231,73,75,0
22161,768,785,3012,0,205,-137,-155,-153,-11,1,228,73,74,0
25476,768,785,3012,0,203,-136,-152,-153,-12,1,228,73,74,0
28811,768,785,3012,0,203,-133,-152,-153,-14,0,232,73,74,0
32164,768,785,3012,0,205,-133,-151,-153,-10,0,229,73,74,0
35479,768,785,3012,0,204,-133,-151,-152,-13,1,227,73,74,0
38814,768,785,3012,0,203,-134,-153,-153,-13,1,230,73,75,0
42169,768,785,3012,0,201,-132,-151,-152,-14,0,227,73,74,0
45482,768,785,3012,0,200,-135,-152,-152,-14,1,227,73,74,0
48817,768,785,3012,0,206,-135,-153,-152,-12,-1,224,73,74,0
52170,768,785,3012,0,204,-134,-154,-152,-9,-2,227,73,74,0
55485,768,785,3012,0,205,-135,-155,-152,-13,1,223,73,74,0
58820,768,785,3012,0,205,-136,-152,-152,-12,3,222,73,74,0
62170,768,785,3012,0,203,-136,-155,-152,-15,-1,229,73,74,0
65490,768,785,3012,0,203,-133,-152,-152,-14,2,221,73,74,0
68823,768,785,3012,0,204,-136,-156,-152,-12,-2,226,73,74,0
72170,768,785,3012,0,203,-135,-154,-153,-14,1,223,73,74,0
75492,768,785,3012,0,200,-133,-154,-153,-10,1,226,73,74,0
78826,768,785,3012,0,202,-133,-154,-153,-14,1,226,73,74,0
82171,768,785,3012,0,202,-134,-153,-153,-10,1,224,73,74,0
85495,768,785,3012,0,204,-131,-153,-153,-12,1,221,73,74,0
88830,768,785,3012,0,202,-136,-153,-153,-10,2,226,73,74,0
92171,768,785,3012,0,203,-131,-155,-153,-13,1,220,73,74,0
95499,768,785,3012,0,202,-134,-154,-153,-11,1,221,73,74,0
98833,768,785,3012,0,201,-135,-153,-153,-13,0,228,73,74,0
102171,768,785,3012,0,205,-135,-155,-153,-13,0,226,73,74,0
105502,0,0,781,762,208,-134,-155,-153,-12,0,231,73,74,0
108836,0,0,781,762,206,-133,-154,-153,-13,0,229,73,74,0
112171,0,0,762,762,204,-139,-151,-153,-10,2,230,74,74,0
115505,0,0,781,762,203,-138,-153,-153,-11,0,224,73,74,0
118840,0,0,781,762,203,-135,-154,-153,-10,-1,228,73,74,0
122173,0,0,762,762,206,-134,-153,-153,-10,-2,223,74,74,0
125509,0,0,781,762,205,-133,-154,-153,-10,3,228,73,74,0
128842,0,0,781,762,205,-132,-153,-153,-10,0,228,73,74,0
132197,0,0,781,762,200,-136,-152,-153,-12,1,226,73,74,0
135511,0,0,781,762,203,-132,-153,-153,-10,0,223,73,74,0
138845,0,0,781,762,204,-133,-153,-153,-12,3,228,73,74,0
142197,0,0,781,762,202,-135,-153,-153,-11,0,225,73,74,0
145514,0,0,781,762,202,-134,-153,-153,-10,2,227,73,74,0
148849,0,0,781,762,201,-133,-152,-153,-11,1,223,73,74,0
152198,0,0,781,762,203,-134,-157,-153,-12,1,227,73,74,0
155517,0,0,781,762,205,-136,-152,-153,-12,1,224,73,74,0
158852,0,0,781,762,205,-136,-155,-153,-12,0,231,73,74,0
162198,0,0,781,762,205,-135,-157,-153,-13,3,226,73,74,0
165521,0,0,781,762,204,-135,-153,-153,-10,-1,227,73,74,0
168856,0,0,781,762,199,-136,-152,-153,-13,4,224,73,74,0
172198,0,0,781,762,201,-134,-154,-153,-11,3,227,73,74,0
175524,0,0,781,762,204,-134,-152,-153,-11,-1,228,73,74,0
178859,0,0,781,762,203,-133,-152,-153,-10,0,222,73,74,0
182198,0,0,781,762,201,-132,-152,-153,-13,1,228,73,74,0
185527,0,0,781,762,202,-134,-154,-153,-11,1,222,73,74,0
188861,0,0,781,762,200,-136,-150,-153,-13,0,229,73,74,0
192198,0,0,762,762,204,-133,-154,-153,-16,4,227,74,74,0
195530,0,0,781,762,204,-138,-155,-153,-12,3,227,73,74,0
198865,0,0,781,762,203,-137,-154,-153,-11,0,229,73,74,0
202441,0,0,781,762,205,-138,-155,-153,-11,1,230,73,74,0
205534,0,0,293,87,205,-142,-155,-153,-28,-33,241,154,165,0
208869,1,1,31,256,5,-374,-88,-151,-136,2,242,168,156,0
212226,1,1,331,668,-565,-631,-136,-150,13,-32,259,168,150,0
215537,1,1,631,875,-626,-1010,103,-142,-166,-44,264,168,155,0
218871,2,2,293,1043,-965,-1435,197,-131,-113,56,261,186,162,0
222229,2,2,706,950,-1376,-1508,463,-112,-19,149,252,180,167,0
225540,3,2,406,1137,-1319,-962,664,-87,-127,175,256,196,173,0
228875,3,3,462,706,-1328,-298,877,-54,-8,169,275,193,180,0
232231,4,3,162,875,-1170,210,1121,-15,-112,1,272,209,187,0
235543,4,4,593,931,-1145,22,1288,30,-137,115,232,202,184,0
238878,5,4,350,1043,-1368,-111,1349,76,-27,75,250,215,194,0
242235,5,5,931,800,-1391,62,1661,133,89,27,251,200,207,0
245546,6,5,256,500,-388,269,1925,198,147,51,219,218,221,0
248881,7,6,650,237,1143,464,2045,267,-52,97,127,197,219,0
252239,7,7,481,162,2176,805,2092,337,-23,-102,93,206,223,0
255549,8,7,537,331,2347,379,2279,413,28,-66,192,203,230,0
258884,8,8,612,443,2821,-451,2310,490,27,-4,176,215,224,0
262239,9,9,443,406,2853,-761,2466,572,-11,-27,208,224,226,0
265553,9,9,556,331,2910,-861,2541,656,199,-3,255,218,230,0
268887,10,10,387,293,3032,-1462,2243,731,130,89,164,227,232,0
272239,11,11,593,31,3616,-1473,1980,798,-97,239,157,216,246,0
275557,11,11,818,406,3697,-633,1945,863,-125,148,197,220,242,0
278891,12,12,237,293,2731,-453,1868,926,-414,79,198,235,232,0
282239,12,13,631,125,32,-279,1539,979,-45,173,68,230,241,0
285560,13,13,406,312,-248,206,1379,1027,317,41,181,242,247,0
288893,14,14,612,781,1322,306,941,1061,40,-77,184,249,240,0
292239,15,15,650,462,1487,-232,873,1093,95,-75,59,247,257,0
295562,15,15,781,556,1524,-234,951,1128,-152,-46,177,256,268,0
298897,16,16,331,612,735,-237,514,1149,-253,-22,210,280,265,0
302240,17,17,312,800,-1525,-547,16,1154,62,-11,70,281,255,0
305566,18,18,87,481,-1994,-874,-290,1150,169,15,229,277,256,0
308900,19,19,631,293,-1722,-957,-758,1131,-163,132,316,264,266,0
312241,19,19,518,650,-2524,-768,-1181,1099,1,42,308,270,263,0
315570,20,20,443,668,-2749,-954,-1408,1058,-128,208,415,274,262,0
318904,21,21,406,668,-3601,-949,-1878,1003,-48,183,325,276,262,0
322240,22,22,143,837,-4154,-702,-2441,924,52,101,362,290,253,0
325572,23,23,143,556,-4098,-701,-2599,836,-7,236,298,290,268,0
328906,24,23,275,987,-4455,-500,-2781,735,255,74,492,294,256,0
332262,24,24,368,856,-2649,159,-2391,639,-16,190,302,289,263,0
335575,25,25,312,556,-2372,1026,-1978,550,-28,47,300,276,263,0
338909,26,26,0,593,-2838,1698,-1694,462,-24,129,300,297,261,0
342265,27,27,350,387,-2752,2093,-1069,389,27,127,336,274,272,0
345578,28,27,350,575,-1913,2557,-748,323,674,-72,306,274,278,0
348914,29,28,500,518,1363,2607,-757,247,612,-157,260,266,281,0
352265,29,29,1100,162,5030,2312,-819,162,248,-246,323,250,300,0
355581,30,30,706,0,6269,1243,-753,74,-56,84,253,255,302,0
358916,31,31,481,0,6579,194,-1023,-22,166,133,95,267,299,0
362265,32,32,593,106,7329,-626,-1405,-137,238,-9,232,261,287,0
365585,32,33,818,443,8768,-824,-1805,-266,-73,285,-5,265,269,0
368919,33,33,668,837,8515,147,-2337,-416,-90,142,112,278,269,0
372266,34,34,443,518,7380,1365,-1864,-554,-404,208,154,290,286,0
375588,35,35,350,256,5371,1541,-1527,-671,20,-121,-24,295,300,0
378922,36,36,31,0,4551,1005,-1418,-778,-63,-204,-66,296,302,0
382266,37,37,0,0,2807,-324,-1931,-899,-678,91,-67,304,315,0
385591,38,38,0,0,-1521,315,-1982,-1019,-58,65,246,304,305,0
388925,39,39,68,0,-2520,1162,-2279,-1138,-215,-212,124,294,300,0
392266,40,40,106,181,-3363,292,-1817,-1238,-435,-300,330,292,288,0
395595,40,41,593,425,-4905,-1192,-1768,-1323,-230,-113,280,282,275,0
398929,41,42,443,537,-5380,-2303,-1122,-1385,-254,-116,-29,290,269,0
402267,42,43,312,575,-6343,-3028,-579,-1433,-448,8,-9,297,267,0
405597,43,43,31,518,-8051,-3196,-344,-1460,46,-168,113,296,270,0
408932,44,44,0,443,-7652,-2971,483,-1445,303,323,374,298,274,0
412288,45,45,0,312,-5807,-1863,-57,-1438,391,218,364,288,263,0
415601,46,46,218,650,-3468,-558,-4,-1414,262,-34,681,268,245,0
418935,47,46,575,1062,278,539,1022,-1346,-100,110,401,265,239,0
422292,47,47,818,1212,862,1245,1966,-1240,-214,-312,497,252,231,0
425604,48,48,181,1156,21,218,2513,-1103,-249,-278,423,270,218,0
428939,49,48,425,1250,-1447,-1418,2872,-937,59,142,358,257,229,0
432291,50,49,556,743,-853,-1062,3145,-757,610,142,317,250,256,0
435607,50,50,725,425,2560,-336,3310,-567,104,-168,132,257,273,0
438941,51,51,312,0,4203,-127,3501,-383,172,23,27,263,282,0
442292,52,52,331,31,4616,554,3784,-203,21,-21,-20,262,278,0
445610,53,53,293,0,5303,583,3765,-32,-207,10,63,264,288,0
448945,53,53,762,331,4585,860,3809,119,54,-41,148,255,278,0
452292,54,54,800,556,4823,517,3816,262,19,-59,76,271,284,0
455614,55,55,575,500,4899,168,3808,405,47,75,4,283,287,0
458948,56,56,443,500,4654,199,3608,543,-259,-61,119,290,287,0
462292,57,57,0,350,3283,119,3356,671,-459,-81,5,299,279,0
465617,58,58,331,443,1498,179,3064,799,155,-132,109,280,274,0
468951,59,59,68,387,1078,-55,2516,922,-427,63,164,294,277,0
472293,59,59,275,668,-1525,-297,2070,1043,-242,-134,91,299,278,0
475620,60,60,368,800,-3072,-573,1600,1166,101,-60,187,294,271,0
478954,61,61,612,837,-3102,-635,1064,1257,-109,-89,322,281,269,0
482293,62,62,443,612,-3675,-655,593,1323,-119,31,377,290,281,0
485623,63,63,181,312,-4451,-812,26,1369,-69,107,258,288,281,0
488981,64,64,50,331,-5195,-758,-402,1416,-10,77,324,295,280,0
492314,65,65,0,443,-5481,-754,-984,1447,46,35,295,299,274,0
495626,66,65,256,537,-5480,-427,-1233,1480,364,172,426,295,280,0
498985,67,66,0,518,-3343,141,-1933,1477,169,186,362,296,281,0
502318,67,67,275,406,-1530,1503,-1769,1477,20,205,323,294,287,0
505630,68,68,237,462,-1491,2210,-1832,1454,-111,-17,330,296,284,0
508988,69,69,500,668,-1721,2324,-1418,1428,4,84,487,282,273,0
512318,70,70,256,481,-646,2050,-1044,1406,225,-82,373,279,267,0
515633,71,71,275,237,1038,1584,-577,1373,82,-15,168,278,280,0
518991,72,71,368,275,2345,1407,-388,1363,307,-157,249,273,294,0
522319,72,72,1006,293,5309,388,-135,1359,142,-67,139,255,293,0
525637,73,73,818,143,6676,-264,-130,1323,130,-85,184,265,301,0
528994,74,74,650,275,7548,-924,-150,1257,-22,12,141,274,294,0
532350,75,75,893,537,7591,-1107,-336,1168,23,180,-15,266,285,0
535639,76,76,537,443,6827,-782,-536,1061,16,202,177,269,274,0
538997,77,77,443,368,6370,-282,-811,937,-150,315,95,274,278,0
542319,77,78,706,162,5328,480,-750,811,43,-100,83,276,289,0
545642,78,79,406,0,5037,141,-444,687,-198,-95,33,292,306,0
549001,79,80,350,0,4688,-773,-720,546,-732,-34,-32,295,299,0
552319,80,80,200,125,-369,-1063,-1220,391,-172,304,215,303,307,0
555645,81,81,181,350,-2710,463,-1828,215,61,-27,-29,304,295,0
559002,82,82,50,518,-2652,969,-1729,41,-653,-302,121,311,286,0
562319,83,83,125,87,-5869,-173,-1923,-137,-321,-50,126,291,293,0
565650,84,84,312,443,-6610,-1071,-1699,-303,122,-107,354,281,274,0
569006,85,85,200,481,-5111,-2007,-1136,-443,-287,32,20,287,272,0
572341,85,86,275,556,-6414,-2789,-423,-552,-4,-104,187,299,268,0
575653,86,87,237,31,-6271,-2896,127,-627,206,127,320,283,278,0
579009,87,87,481,518,-5392,-2327,-62,-693,395,260,516,270,268,0
582344,88,88,0,575,-2162,-448,155,-738,33,215,374,282,249,0
585655,89,89,200,912,-530,560,834,-746,-13,17,435,269,231,0
589010,90,89,425,1343,-434,754,1351,-722,-292,-219,428,257,224,0
592344,90,90,668,1306,-1526,-464,1944,-662,-50,-17,499,260,226,0
595658,91,91,293,893,-1707,-1035,2345,-576,247,177,372,264,232,0
599010,92,92,631,256,-449,-328,2763,-459,351,41,153,246,266,0
602344,93,92,556,406,2694,257,2833,-332,-73,45,122,250,274,0
605661,93,93,687,350,3015,418,2877,-182,101,-65,113,259,277,0
609010,94,94,500,406,3400,558,3166,-28,47,-29,123,269,274,0
612345,95,95,368,68,4465,327,3324,133,9,14,161,260,276,0
615665,96,96,331,68,4939,532,3318,281,117,-173,132,262,276,0
619010,96,97,800,237,5310,124,3364,418,75,117,-17,271,285,0
622345,97,98,668,0,5240,-44,3238,538,149,-111,20,278,304,0
625668,98,98,575,350,5181,-278,2982,643,-185,-13,31,283,295,0
629011,99,99,425,706,4262,-321,2895,738,-428,-52,-114,291,276,0
632345,100,100,293,668,1563,-157,2557,822,44,-72,128,298,278,0
635671,101,101,0,406,521,-74,1754,881,-129,-111,65,310,276,0
639011,102,102,368,762,-709,-226,1523,939,-236,-160,92,294,273,0
642345,103,103,31,462,-2428,-654,1221,994,-141,-113,73,296,273,0
645674,104,103,0,743,-3234,-763,682,1041,-53,-69,328,299,274,0
649032,104,104,575,631,-3297,-830,11,1065,-122,19,385,283,280,0
652366,105,105,500,425,-4201,-940,-367,1067,111,20,362,287,291,0
655678,106,106,425,556,-4049,-962,-779,1065,-146,148,338,291,284,0
659035,107,107,200,537,-4846,-1005,-1341,1061,-131,73,133,298,280,0
662370,108,108,12,593,-6295,-657,-1546,1070,371,135,428,308,277,0
665681,109,109,0,200,-4633,54,-2257,1054,340,193,387,294,282,0
669036,110,110,0,162,-3022,1337,-2011,1051,48,142,377,299,284,0
672370,111,110,0,387,-1802,2376,-2178,1036,-77,22,326,296,288,0
675684,112,111,0,387,-2350,2888,-1715,1018,143,-240,444,295,288,0
679036,112,112,612,575,-1188,2438,-1246,992,105,-255,443,276,278,0
682371,113,113,743,800,521,1793,-682,967,302,-88,319,269,266,0
685687,114,114,218,200,2568,1335,-390,957,405,-146,165,281,282,0
689036,115,115,462,0,5127,736,-191,946,265,-8,224,268,300,0
692371,116,116,537,0,6949,-210,-146,915,59,-71,263,264,299,0
695690,117,117,687,0,8030,-1047,-96,870,140,81,28,272,303,0
699036,117,117,762,518,8053,-1009,-220,802,-12,144,33,273,286,0
702371,118,118,668,593,7504,-699,-527,713,-104,158,48,278,282,0
705693,119,119,800,537,6381,-151,-800,601,-34,196,52,271,285,0
709037,120,120,537,275,5728,390,-807,487,-67,16,178,285,299,0
712371,121,121,181,68,4963,312,-536,381,-233,-94,-15,288,294,0
715697,122,122,0,0,4555,-500,-599,263,-695,-93,72,298,300,0
719037,122,123,350,50,1151,-1078,-1148,123,-754,176,153,295,295,0
722372,123,124,275,237,-3096,487,-1604,-29,92,0,70,299,285,0
725700,124,125,237,125,-2664,923,-1724,-188,-636,-127,144,301,291,0
729059,125,126,537,275,-4910,-89,-1969,-351,-292,-196,129,285,283,0
732394,126,127,612,443,-6053,-1131,-1699,-497,55,-51,306,281,274,0
735704,127,127,106,350,-4659,-1861,-1218,-626,-259,-112,-13,292,279,0
739090,128,128,0,350,-5172,-2714,-466,-720,-93,-36,83,299,277,0
742396,129,129,0,275,-6695,-2827,-116,-779,111,102,142,297,265,0
745706,130,130,0,725,-6051,-2302,149,-822,397,196,626,281,241,0
749062,130,131,425,650,-3548,-941,309,-850,144,153,538,273,245,0
752395,131,131,612,950,-810,433,836,-846,87,42,459,263,245,0
755710,132,132,162,987,-69,631,1445,-801,-360,-79,510,271,227,0
759063,133,132,462,1531,-706,-288,1917,-729,-186,-100,480,255,214,0
762396,134,133,462,1381,-1917,-1015,2337,-632,208,125,551,255,222,0
765713,134,134,818,1043,-1061,-1199,2608,-509,167,251,196,252,240,0
769063,135,135,893,556,289,-91,2592,-379,217,29,189,248,266,0
772396,136,135,87,293,2587,590,2843,-220,218,-46,227,275,280,0
775717,137,136,481,143,3380,495,2987,-64,-1,49,-83,270,288,0
779062,137,137,668,143,4000,977,3357,108,223,-47,-46,260,288,0
782396,138,138,837,725,5143,1010,3355,267,-21,-51,22,269,275,0
785719,139,139,687,537,5321,805,3412,412,-4,3,1,277,285,0
789063,140,140,537,312,5032,655,3534,544,167,-98,72,285,297,0
792397,141,141,237,31,5580,177,3313,660,-44,32,-10,285,296,0
795722,142,142,518,68,4805,109,3166,765,-97,-4,-47,286,294,0
799063,142,143,425,312,2920,197,2907,860,-416,21,143,291,281,0
802397,143,143,331,687,552,426,2334,936,83,-140,20,296,277,0
805725,144,144,200,706,148,144,1875,1001,-368,-54,49,303,276,0
809063,145,145,425,631,-2163,-111,1485,1064,-323,-134,120,291,280,0
812397,146,146,481,893,-4169,-323,1020,1121,180,-69,173,288,266,0
815729,147,147,50,556,-3922,-565,474,1161,12,-2,384,295,268,0
819085,148,148,12,331,-3442,-757,116,1182,-248,45,440,297,280,0
822421,149,148,50,575,-4525,-955,-404,1188,-85,32,256,295,283,0
825732,150,149,462,256,-5360,-954,-762,1200,-26,147,368,284,295,0
829088,151,150,0,556,-5911,-889,-1121,1215,145,227,425,296,279,0
832424,151,151,218,650,-5649,-519,-1393,1225,713,229,495,297,274,0
835735,152,152,162,612,-2939,663,-1793,1231,227,180,415,300,276,0
839089,153,153,481,481,-169,1974,-1206,1246,16,-57,453,283,283,0
842424,154,154,0,181,-3,2088,-644,1264,-38,1,542,301,283,0
845738,155,155,125,762,44,1595,-390,1266,-80,-151,389,286,268,0
849089,156,155,350,725,-433,1100,442,1284,250,-44,418,274,270,0
852431,157,156,406,575,1084,453,796,1304,300,-121,174,271,278,0
855741,157,157,987,293,3213,-14,756,1318,421,-23,186,256,293,0
859089,158,158,706,125,6739,-772,748,1315,-116,64,103,271,302,0
862461,159,159,743,237,7409,-1278,604,1289,-81,137,32,274,301,0
865745,160,160,518,31,7348,-1460,594,1248,-4,2,95,270,296,0
869089,161,161,293,350,7596,-1278,156,1180,-274,158,-30,282,279,0
872431,161,162,650,312,5999,-434,-42,1097,17,136,75,279,281,0
875748,162,162,668,612,5855,212,-175,1010,-93,166,113,278,281,0
879090,163,163,537,368,5301,781,-144,917,160,-53,-13,285,294,0
882431,164,164,312,387,5671,416,55,825,-541,-152,-52,297,293,0
885751,165,165,425,181,3409,-636,-393,708,-652,71,-126,291,304,0
889090,166,166,106,312,-1627,380,-1089,569,59,130,310,308,297,0
892432,167,167,0,0,-1335,1561,-1240,424,-313,-7,39,316,302,0
895755,168,168,31,106,-3189,1369,-1051,281,-585,-300,159,296,292,0
899111,169,169,125,443,-6820,-62,-1243,138,1,6,229,291,274,0
902432,169,170,518,556,-6548,-646,-1157,3,237,-286,321,286,268,0
905758,170,171,200,50,-4856,-1924,-570,-105,-678,34,-50,285,277,0
909115,171,171,406,556,-5781,-3303,106,-174,-125,-142,80,274,266,0
912432,172,172,0,481,-5822,-3367,704,-211,229,271,417,280,254,0
915761,173,173,275,556,-4936,-3077,539,-240,186,287,353,265,250,0
919115,174,174,237,593,-2453,-988,725,-250,163,176,463,267,248,0
922432,174,174,631,1043,-391,152,1222,-226,-230,22,404,262,240,0
925764,175,175,162,856,-244,852,1331,-188,-293,-7,423,271,234,0
929115,176,176,387,1062,-1103,685,1959,-114,33,-52,525,259,223,0
932456,177,176,462,1193,-1342,-355,2243,-20,27,76,372,255,232,0
935767,177,177,931,800,-1072,-140,2527,93,278,79,206,246,253,0
939115,178,178,725,425,2093,582,2731,221,-33,-113,93,257,273,0
942458,179,179,106,0,3177,622,2836,366,231,18,42,274,283,0
945770,180,180,462,0,3938,1038,3312,507,128,-98,31,255,280,0
949116,180,181,743,68,5532,795,3102,624,-33,44,35,274,294,0
952458,181,181,537,387,5599,762,3017,731,117,-210,36,285,293,0
955774,182,182,331,218,5361,285,3120,814,-18,-31,101,296,302,0
959116,183,183,687,368,4334,-236,2993,883,18,78,27,277,294,0
962459,184,184,387,331,3743,-79,2712,944,-119,30,69,293,296,0
965777,185,185,87,237,2954,-37,2570,1001,-369,58,53,293,285,0
969116,186,186,106,875,611,122,2284,1054,189,-138,83,308,267,0
972459,187,187,50,425,420,-252,1905,1095,-96,43,88,295,275,0
975780,187,188,387,500,-401,-338,1568,1139,-344,-131,207,293,287,0
979137,188,188,312,875,-2643,-924,901,1168,239,40,185,297,267,0
982459,189,189,593,650,-2446,-1051,473,1189,-208,-64,384,282,279,0
985783,190,190,237,762,-2685,-1188,222,1200,-328,8,391,301,273,0
989141,191,191,350,537,-4880,-1351,-591,1180,122,38,296,290,280,0
992459,192,192,237,612,-5351,-1381,-993,1161,7,87,439,296,276,0
995786,193,193,0,293,-5286,-1173,-1375,1152,16,131,157,300,277,0
999141,194,193,0,556,-5324,-471,-1643,1139,383,238,426,295,279,0
1002460,195,194,0,462,-3742,166,-2119,1106,225,226,402,297,284,0
1005789,196,195,218,387,-2467,1433,-2014,1082,27,177,396,297,288,0
1009142,196,196,181,293,-1701,2336,-1723,1064,-46,15,288,299,293,0
1012459,197,197,406,743,-1896,2578,-1353,1040,365,-273,467,287,269,0
1015793,198,198,181,518,-754,2204,-830,1011,288,-69,548,283,265,0
1019142,199,199,518,237,1805,1530,-391,976,340,-72,199,265,280,0
1022484,200,200,406,0,4328,1291,-234,952,310,-249,86,271,295,0
1025796,201,201,1118,331,6328,381,6,930,-29,-73,64,249,291,0
1029142,201,201,1718,950,7371,-621,-134,887,155,-126,154,270,311,0
1032488,202,202,875,518,8256,-1369,-116,842,-258,75,80,315,334,0
1035800,203,203,875,612,7595,-1344,-541,764,-45,56,-62,315,329,0
1039142,204,205,1193,481,6677,-907,-835,668,1,317,170,298,320,0
1042488,205,206,668,31,6103,7,-978,558,55,21,92,310,328,0
1045802,206,207,462,575,5631,561,-712,451,-5,74,105,321,315,0
1049143,207,208,331,0,5388,-3,-561,345,-649,-359,-123,328,338,0
1052488,208,209,200,0,2250,-1329,-904,213,-1004,188,101,335,336,0
1055805,209,210,200,50,-2982,-277,-1418,72,223,109,258,335,327,0
1059164,210,211,106,256,-2742,1338,-1553,-70,-237,-128,212,340,316,0
1062489,212,212,0,462,-4507,502,-1131,-203,-591,-286,146,333,305,0
1065809,213,213,87,443,-7764,-547,-1012,-328,-98,174,-42,325,290,0
1069194,214,214,0,631,-8082,-720,-494,-428,43,-280,377,315,278,0
1072488,215,215,0,256,-6875,-1877,360,-498,-17,-56,283,324,282,0
1075812,216,215,256,781,-6139,-3065,1058,-536,415,-15,317,298,270,0
1079166,216,216,593,818,-3721,-2958,1280,-555,-213,349,103,280,268,0
1082489,217,217,631,781,-2955,-1994,1658,-553,367,177,560,278,270,0
1085815,218,218,312,556,-530,-1070,1495,-534,-185,90,460,279,266,0
1089166,219,219,593,912,1110,-360,2062,-484,-325,333,267,264,247,0
1092489,220,219,668,1212,-96,876,2696,-407,7,54,556,260,247,0
1095818,220,220,912,1306,-689,681,2697,-304,48,174,339,263,242,0
1099166,221,221,800,950,-607,253,2512,-195,588,102,410,269,261,0
1102490,222,222,387,0,2599,948,2836,-63,255,-92,126,275,296,0
1105822,223,223,481,200,5331,997,3409,94,57,-9,42,270,301,0
1109167,224,223,500,87,5989,1195,3514,270,-53,37,83,269,307,0
1112491,224,224,1062,612,6665,1168,3294,436,-91,26,-30,273,297,0
1115825,225,225,725,462,5893,1218,3096,586,-4,-165,121,291,305,0
1119167,226,226,781,537,5410,491,3257,730,-46,-217,98,288,301,0
1122494,227,227,237,256,4128,286,2918,847,-305,43,31,301,300,0
1125828,228,228,87,481,2369,564,2779,947,99,-134,101,309,288,0
1129167,229,229,50,612,1155,588,2018,1017,-43,-147,89,311,281,0
1132497,230,230,181,593,538,304,1921,1077,-388,-83,231,304,282,0
1135831,231,231,125,593,-1199,-102,1484,1127,-368,-100,29,307,282,0
1139168,232,232,200,687,-3843,-396,671,1152,-15,-126,130,303,277,0
1142500,233,232,143,893,-4351,-521,225,1176,-335,-79,185,306,282,0
1145834,234,233,0,368,-5609,-594,-171,1197,153,53,196,305,294,0
1149192,235,234,87,462,-5691,-750,-815,1202,-35,101,244,293,289,0
1152503,235,235,293,237,-5924,-543,-983,1193,91,116,205,298,301,0
1155837,236,236,0,218,-6390,-193,-1312,1170,104,310,310,311,297,0
1159195,237,237,87,237,-6511,275,-1636,1147,568,322,441,304,296,0
1162506,238,238,0,312,-3123,1383,-2114,1125,383,92,569,310,292,0
1165841,239,239,0,368,297,2124,-1136,1138,64,30,392,309,289,0
1169195,240,240,181,575,1536,2093,-790,1149,-118,-202,467,299,278,0
1172509,241,241,87,462,1432,1223,-350,1169,-175,2,549,288,268,0
1175844,242,241,425,725,1088,714,541,1202,305,-145,450,270,270,0
1179201,243,242,575,443,3204,-376,902,1219,490,-33,163,262,285,0
1182513,243,243,912,237,5363,-894,965,1216,434,8,141,260,296,0
1185847,244,244,706,162,7706,-1409,1093,1210,-1,83,44,271,300,0
1189201,245,245,575,87,8728,-1499,997,1189,-86,122,-48,278,304,0
1192524,246,246,650,387,7833,-1284,961,1173,-142,154,107,279,293,0
1195850,247,247,368,443,6640,-1009,486,1123,-238,230,66,278,274,0
1199202,248,248,443,218,4717,140,347,1050,150,41,107,274,286,0
1202519,248,249,556,31,4769,453,542,983,175,102,136,284,296,0
1205854,249,250,350,275,5118,467,351,915,-477,-183,-61,295,299,0
1209202,250,251,331,0,2148,-503,18,827,-636,226,94,296,298,0
1212522,251,251,293,275,-1935,221,-703,699,109,167,95,298,299,0
1215857,252,252,162,218,-2198,1298,-886,561,-587,-86,369,305,302,0
1219202,253,253,50,481,-4259,676,-694,436,-612,-165,-19,311,288,0
1222525,254,254,162,237,-6734,-155,-908,311,154,-23,358,289,285,0
1225860,255,255,237,350,-6109,-1138,-891,182,141,-136,254,285,279,0
1229202,256,256,237,312,-4487,-2209,-536,74,-326,-206,118,285,281,0
1232529,257,257,312,500,-5039,-3137,144,-8,-253,3,73,297,271,0
1235863,257,258,350,500,-5795,-2688,428,-57,253,-4,430,277,269,0
1239202,258,258,425,968,-4058,-2519,618,-98,166,280,557,273,244,0
1242532,259,259,31,668,-1858,-1479,777,-120,-68,240,325,278,244,0
1245866,260,260,500,687,-632,10,1322,-100,-241,-12,400,253,243,0
1249202,260,260,743,1156,-508,288,1424,-62,-373,-42,426,256,234,0
1252535,261,261,650,1325,-1475,240,1695,-4,49,-89,471,261,225,0
1255869,262,262,425,875,-1713,-559,2011,83,109,-183,307,257,233,0
1259228,263,262,331,575,-1291,-762,2167,182,446,208,212,262,265,0
1262539,263,263,875,293,1352,82,2314,295,225,8,193,249,280,0
1265873,264,264,575,237,3469,527,2530,425,22,18,84,265,283,0
1269228,265,265,631,200,3644,727,2698,576,243,49,75,262,285,0
1272541,266,266,31,0,4999,1050,2914,702,72,-146,58,278,281,0
1275876,267,267,350,68,6522,854,2842,816,-30,-25,-21,261,276,0
1279229,267,268,837,218,6175,984,3091,923,81,-41,30,269,286,0
1282545,268,268,500,350,5756,485,3146,1005,-107,67,38,287,295,0
1285879,269,269,406,162,4147,174,2639,1059,-83,-56,49,292,305,0
1289229,270,270,275,481,2451,174,2235,1099,-276,10,148,299,288,0
1292548,271,271,237,762,1341,164,2449,1141,152,-87,56,301,273,0
1295882,272,272,200,443,738,-22,1920,1170,13,-109,172,287,274,0
1299230,273,273,181,687,-149,-267,1505,1187,-587,1,121,304,277,0
1302551,274,274,0,481,-3077,-374,1081,1205,47,-148,198,301,272,0
1305886,275,274,68,931,-3944,-924,398,1207,16,8,274,294,264,0
1309230,276,275,275,818,-3397,-1005,209,1197,-251,97,369,283,270,0
1312554,276,276,462,575,-4809,-1025,-346,1175,4,182,289,289,283,0
1315889,277,277,368,556,-5529,-954,-1026,1142,66,81,353,294,284,0
1319230,278,278,125,481,-5557,-767,-1334,1123,108,221,222,302,283,0
1322557,279,279,0,631,-5586,-611,-1574,1101,374,214,587,313,275,0
1325892,280,280,0,462,-3271,887,-2056,1058,397,73,452,294,284,0
1329230,281,280,0,443,-1525,1745,-1817,1030,-124,116,227,302,285,0
1332561,282,281,0,331,-1775,2694,-1778,1002,-51,-24,246,301,291,0
1335895,283,282,12,481,-1708,2866,-1185,982,239,-106,527,292,283,0
1339231,284,283,293,687,-691,2643,-801,953,379,-124,440,277,272,0
1342564,284,284,912,518,1634,1997,-377,927,223,-292,176,260,281,0
1345898,285,285,406,31,4958,1180,-264,900,131,-67,31,271,291,0
1349258,286,286,481,50,6024,342,-235,868,189,-66,174,267,290,0
1352567,287,287,443,0,7628,-825,-204,820,18,19,-12,269,302,0
1355901,287,288,706,0,7924,-1435,-148,771,13,-128,63,271,296,0
1359259,288,289,725,275,7339,-1392,-512,702,-196,220,-36,275,283,0
1362570,289,289,743,687,6451,-500,-782,615,89,138,37,274,277,0
1365905,290,290,856,462,6140,32,-872,520,-54,116,163,268,289,0
1369263,291,291,725,181,5352,-59,-985,417,59,137,86,275,304,0
1372573,292,292,200,0,4981,-91,-836,312,-139,-394,92,287,298,0
1375908,293,293,256,0,2934,-1464,-1228,189,-756,-21,12,300,298,0
1379267,294,294,31,106,-2021,-1000,-1750,43,-172,95,215,296,292,0
1382577,294,295,312,125,-3672,209,-2178,-112,-275,-190,18,297,291,0
1385911,295,296,143,181,-5249,-19,-2060,-273,-252,-145,129,306,288,0
1389267,296,297,537,387,-6714,-981,-2138,-439,56,119,255,285,277,0
1392580,297,298,518,143,-6474,-1624,-1797,-577,196,-31,127,286,290,0
1395914,298,298,0,312,-5491,-2196,-1103,-682,-318,108,40,299,281,0
1399296,299,299,0,237,-5918,-2129,-733,-781,-61,-11,235,303,283,0
1402583,300,300,0,293,-4971,-1776,-237,-848,410,82,582,293,264,0
1405917,301,301,162,875,-2907,-1454,-342,-906,-13,254,412,271,233,0
1409268,301,301,612,1081,-1871,-393,653,-919,-16,-103,407,263,238,0
1412587,302,302,556,1043,-934,-235,1278,-892,-206,51,402,266,240,0
1415921,303,303,331,968,-990,-578,1779,-843,-298,-87,325,262,228,0
1419268,304,304,181,875,-1300,-402,2291,-760,223,100,486,270,233,0
1422590,304,304,968,875,-426,-307,2657,-645,77,117,251,244,249,0
1425925,305,305,800,837,525,527,2989,-510,129,-59,181,253,251,0
1429268,306,306,462,725,1134,338,2922,-370,0,-21,136,271,257,0
1432593,307,307,275,0,1817,156,2877,-216,191,90,120,265,280,0
1435928,308,307,687,162,3726,869,3460,-51,151,-209,-1,259,287,0
1439269,308,308,612,275,5136,620,3604,116,-129,-82,102,263,281,0
1442596,309,309,893,725,4766,364,3663,268,107,-87,46,266,275,0
1445930,310,310,725,462,4404,-89,3275,395,171,-33,201,275,289,0
1449269,311,311,556,331,5579,-348,3174,506,173,86,-6,284,296,0
1452599,312,312,275,50,5834,-221,3337,619,-63,15,22,283,295,0
1455933,313,313,462,312,3681,-132,2983,719,-590,30,54,289,281,0
1459290,313,314,331,425,726,160,2418,801,180,-107,40,296,275,0
1462603,314,314,312,725,296,108,2128,872,-236,29,42,297,275,0
1465937,315,315,293,612,-709,-168,1537,937,-196,-77,204,298,281,0
1469294,316,316,387,762,-1327,-553,1395,1005,-56,-44,228,293,273,0
1472606,317,317,200,837,-2248,-898,843,1058,116,-37,271,303,269,0
1475940,318,318,0,425,-2376,-1244,507,1105,-187,-47,376,300,275,0
1479294,319,319,275,368,-3785,-1575,-51,1129,-110,173,302,283,278,0
1482609,320,319,162,687,-5324,-1450,-358,1156,169,98,366,289,277,0
1485943,321,320,181,481,-5149,-1336,-850,1185,-300,168,93,299,283,0
1489294,321,321,181,481,-5659,-1126,-874,1225,336,141,347,299,283,0
1492612,322,322,256,725,-4159,-298,-1350,1248,247,186,393,295,270,0
1495947,323,323,200,481,-2558,1370,-1198,1277,68,56,321,298,283,0
1499293,324,324,237,425,-2261,2287,-1117,1298,-96,124,279,296,286,0
1502615,325,325,0,237,-2565,2636,-850,1306,359,-118,648,306,280,0
1505949,326,325,256,668,-1352,2628,-471,1314,386,-182,551,279,273,0
1509295,327,326,312,631,660,1836,13,1322,67,-111,316,276,275,0
1512618,328,327,912,518,1915,1204,-81,1330,381,-117,238,260,281,0
1515953,328,328,837,350,4510,335,-106,1307,316,-87,367,264,290,0
1519294,329,329,837,200,6684,-37,-295,1257,270,-2,199,264,298,0
1522621,330,330,875,293,7791,-596,-425,1188,60,129,141,267,298,0
1525956,331,331,387,218,8202,-918,-770,1093,43,205,-11,277,286,0
1529295,332,332,331,350,7771,-215,-1128,975,-181,126,23,280,279,0
1532625,332,333,650,368,6974,600,-1255,842,-201,203,62,279,278,0
1535959,333,333,612,556,5438,1548,-1453,705,-29,-44,-19,281,284,0
1539316,334,334,425,256,5105,1319,-982,585,-76,-135,-99,291,300,0
1542628,335,335,350,200,5516,208,-1114,442,-608,-119,-108,295,303,0
1545962,336,336,237,125,950,-826,-1425,285,-380,101,269,301,307,0
1549320,337,337,481,218,-2132,11,-2023,107,-208,-71,72,288,302,0
1552632,338,338,0,31,-2952,335,-1903,-54,-534,-329,222,298,296,0
1555965,339,339,0,275,-5486,-574,-1926,-213,-368,32,70,305,283,0
1559319,339,340,650,481,-6672,-1155,-1795,-374,72,-165,280,279,272,0
1562634,340,341,406,443,-5591,-1626,-1032,-499,-504,-35,-87,292,274,0
1565969,341,342,0,0,-7374,-2547,-458,-589,-258,-191,-66,304,283,0
1569320,342,343,125,106,-7850,-3022,7,-655,184,121,310,289,274,0
1572637,343,343,0,331,-6560,-2209,273,-695,297,98,426,286,262,0
1575972,344,344,143,462,-3922,-993,228,-731,506,59,668,272,255,0
1579320,345,345,0,668,-538,95,729,-735,-2,-54,423,281,244,0
1582641,345,345,800,950,437,876,1809,-694,16,-206,502,253,245,0
1585975,346,346,706,1418,-11,112,2509,-614,-239,-234,444,258,220,0
1589320,347,347,200,1100,-1233,-956,2887,-513,86,115,509,269,221,0
1592644,348,347,556,781,-1023,-1034,3018,-392,335,101,282,250,254,0
1595978,348,348,800,518,2121,-310,3076,-269,144,151,83,253,268,0
1599320,349,349,837,312,3388,299,3235,-125,143,19,114,251,279,0
1602647,350,350,162,31,3815,460,3734,28,144,-36,24,271,278,0
1605981,351,351,818,687,4637,137,3782,181,39,23,135,270,277,0
1609321,352,352,500,200,4698,508,3773,325,114,-49,84,271,287,0
1612650,353,353,556,87,5439,400,4002,465,-131,9,2,284,293,0
1616008,353,353,500,218,5049,-4,3778,583,173,-68,123,287,302,0
1619342,354,354,612,312,5365,-256,3637,699,-8,23,98,281,297,0
1622654,355,355,443,425,4974,-211,3388,808,-224,-58,-27,290,291,0
1626011,356,356,200,575,2607,25,3258,919,-212,-120,191,303,283,0
1629346,357,357,275,837,797,208,2377,1007,14,-57,-8,299,269,0
1632657,358,358,0,425,-58,152,1992,1093,-241,-178,186,298,275,0
1636015,359,359,0,537,-2047,-305,1673,1181,-122,-63,75,308,269,0
1639346,360,359,237,781,-3675,-431,1219,1258,56,-113,283,285,272,0
1642660,360,360,443,650,-3674,-536,725,1326,-252,-45,424,290,279,0
1646018,361,361,425,575,-4883,-736,-14,1356,224,59,407,291,283,0
1649346,362,362,293,593,-4776,-751,-455,1377,11,96,376,293,277,0
1652663,363,363,218,406,-4954,-839,-1152,1385,-64,143,152,297,287,0
1656022,364,364,12,593,-6170,-586,-1384,1405,141,169,532,308,277,0
1659347,365,365,0,200,-4988,-145,-1977,1403,349,326,535,297,282,0
1662666,366,365,12,443,-3112,1177,-2279,1392,110,225,441,292,285,0
1666024,367,366,0,331,-1218,2129,-2366,1374,-26,106,328,297,291,0
1669347,367,367,350,406,-1296,2548,-1985,1344,59,-153,501,290,287,0
1672670,368,368,537,762,-802,2285,-1467,1313,-4,-89,446,280,268,0
1676028,369,369,706,818,264,1844,-1090,1279,362,-147,257,271,265,0
1679347,370,370,481,125,2223,1448,-719,1248,395,-115,193,267,286,0
1682673,371,371,237,0,4698,736,-473,1226,286,-9,154,280,299,0
1686029,372,372,443,0,6683,-51,-294,1194,192,-151,199,269,301,0
1689347,372,373,762,0,8053,-891,-125,1133,-69,127,14,273,311,0
1692676,373,373,650,350,8030,-1118,-113,1051,44,108,47,279,295,0
1696034,374,374,706,593,7339,-950,-347,950,-146,102,69,276,282,0
1699368,375,375,762,556,6313,-399,-640,836,-66,90,44,273,284,0
1702679,376,376,612,293,5447,196,-658,719,-14,29,163,265,282,0
1706037,377,377,237,31,5007,306,-422,605,-260,-49,-87,285,296,0
1709372,377,378,387,31,4630,-461,-524,472,-456,-210,-9,293,296,0
1712683,378,379,387,68,1784,-1568,-942,324,-469,283,188,293,294,0
1716038,379,380,368,218,-2983,-135,-1469,161,36,9,96,294,286,0
1719372,380,381,181,125,-3243,646,-1728,-18,-446,-236,144,304,291,0
1722685,381,382,162,0,-4710,189,-1956,-197,-98,-81,157,305,301,0
1726038,382,382,593,725,-6600,-889,-1872,-369,27,-33,339,282,275,0
1729401,383,383,106,200,-5797,-1537,-1390,-518,-203,-123,45,290,285,0
1732689,384,384,0,68,-5761,-2756,-737,-643,-97,-242,202,290,276,0
1736039,385,385,0,331,-5618,-3017,-185,-723,39,201,260,280,262,0
1739373,385,386,481,687,-4595,-2000,-95,-788,248,178,433,270,243,0
1742692,386,386,443,800,-2954,-753,287,-832,93,179,511,272,253,0
1746039,387,387,312,781,-1350,53,706,-848,48,25,377,263,238,0
1749374,388,388,200,1043,-977,254,1404,-826,-384,-134,369,269,224,0
1752695,389,388,706,1381,-1500,-407,2099,-760,-74,-25,385,258,222,0
1756038,389,389,762,1175,-2070,-680,2477,-669,347,-61,422,255,233,0
1759373,390,390,650,800,-508,-473,2872,-543,246,97,169,261,253,0
1762698,391,391,668,162,1626,392,3039,-405,68,149,148,244,271,0
1766039,391,391,725,406,2694,928,3056,-248,94,4,257,257,274,0
1769374,392,392,593,350,3223,857,3414,-70,139,3,98,264,277,0
1772701,393,393,668,800,3734,523,3769,121,41,-43,76,278,271,0
1776039,394,394,500,425,4676,396,3764,301,153,-133,116,287,291,0
1779374,395,395,443,350,5577,152,3900,469,-26,69,43,290,295,0
1782705,396,396,462,0,5178,117,3765,620,135,-72,104,273,299,0
1786061,396,397,650,0,5799,-160,3602,755,-80,138,55,279,299,0
1789395,397,398,612,68,5268,-136,3229,871,-305,-26,-12,281,294,0
1792708,398,399,312,125,3886,48,3143,978,-475,29,52,297,291,0
1796064,399,399,237,706,940,343,2640,1065,165,-169,42,301,276,0
1799398,400,400,143,556,172,218,1955,1129,-292,-121,129,306,284,0
1802711,401,401,275,762,-2558,-122,1501,1187,-212,-137,38,299,273,0
1806065,402,402,237,856,-3677,-524,1295,1248,302,22,281,301,268,0
1809399,403,403,0,500,-2568,-835,742,1291,-111,27,420,299,271,0
1812714,404,403,331,631,-3637,-1061,139,1309,-39,-36,385,280,280,0
1816064,405,404,68,331,-4215,-1214,-298,1316,36,145,329,289,291,0
1819399,405,405,368,425,-4533,-1203,-665,1325,-154,74,283,289,286,0
1822717,406,406,125,575,-5867,-1127,-1046,1338,-121,248,160,302,278,0
1826064,407,407,387,631,-5877,-639,-1373,1349,376,199,478,288,275,0
1829399,408,408,237,537,-3765,527,-1779,1354,463,86,444,296,280,0
1832721,409,409,0,106,-1533,1861,-1618,1362,-73,100,219,295,287,0
1836065,410,410,0,143,-2091,2584,-1424,1361,-20,-235,348,298,285,0
1839400,411,410,0,406,-1971,2488,-1004,1353,130,-71,480,299,287,0
1842724,412,411,706,593,-439,2169,-579,1341,449,-123,378,271,277,0
1846065,412,412,762,312,1960,1542,-190,1338,230,-128,202,268,292,0
1849399,413,413,781,368,3915,1047,-138,1324,420,-160,235,267,289,0
1852727,414,414,1756,1418,6060,-44,-16,1302,448,-124,211,268,286,0
1856065,415,415,1193,537,7724,-862,-266,1250,64,-22,-16,298,333,0
1859400,416,416,312,143,8008,-1245,-324,1174,205,-28,178,329,338,0
1862730,417,417,837,350,8000,-1371,-819,1071,-183,265,-36,301,327,0
1866087,418,418,650,387,7083,-716,-1089,947,-88,346,236,311,325,0
1869423,419,419,931,537,6550,-105,-1155,816,-109,247,30,296,317,0
1872733,420,420,650,331,5284,633,-874,693,-171,19,-14,311,328,0
1876091,421,421,181,181,5750,-261,-860,560,-759,-74,-94,336,336,0
1879424,422,422,237,331,2056,-1161,-1124,407,-714,241,261,333,328,0
1882737,423,423,0,275,-3702,277,-1769,234,-81,174,70,331,315,0
1886091,424,425,0,0,-3988,975,-1793,56,-392,-360,289,332,324,0
1889424,425,425,12,425,-5223,-164,-1450,-106,-794,-120,6,329,307,0
1892740,426,426,87,687,-8981,-831,-1156,-255,-89,200,151,325,293,0
1896091,427,427,0,387,-9062,-560,-760,-379,194,-154,235,322,291,0
1899424,428,428,0,706,-7685,-1597,17,-477,-25,-121,501,328,274,0
1902744,429,429,0,575,-5421,-2755,482,-544,272,189,252,303,265,0
1906091,430,430,237,556,-4259,-1631,566,-588,6,-109,132,283,266,0
1909424,431,431,387,818,-2630,-1396,1296,-594,322,-1,673,275,252,0
1912747,431,431,725,893,38,-853,1830,-578,1,47,533,273,264,0
1916091,432,432,781,1212,664,-493,2393,-526,-237,21,289,270,247,0
1919425,433,433,668,1062,415,264,3013,-436,10,34,470,260,239,0
1922749,434,433,331,968,176,184,3063,-331,192,29,429,278,260,0
1926091,435,434,350,593,1340,-76,3066,-215,248,139,196,277,280,0
1929425,435,435,743,312,3240,574,3272,-80,300,-118,190,272,295,0
1932753,436,436,350,12,6085,743,3902,84,-22,-89,52,277,295,0
1936119,437,437,1006,631,6011,576,3869,261,-111,-50,25,276,296,0
1939425,438,438,368,350,5557,395,3724,428,20,-35,48,294,295,0
1942757,439,439,275,162,5765,160,3644,586,-154,-61,27,299,305,0
1946113,440,440,387,275,5241,309,3480,726,-60,-73,164,293,299,0
1949426,441,441,368,537,4444,9,3251,846,-410,138,1,294,285,0
1952759,442,442,500,612,1605,443,2620,934,-9,-198,36,303,281,0
1956116,443,443,256,556,974,284,2362,1012,-259,40,180,300,284,0
1959450,443,443,500,912,-227,16,2001,1075,-162,-149,77,303,281,0
1962762,444,444,143,612,-2104,-544,1380,1126,-97,-20,124,306,281,0
1966117,445,445,275,593,-3467,-583,777,1161,-176,-105,153,299,282,0
1969453,446,446,87,612,-4890,-696,291,1195,37,-3,385,309,281,0
1972765,447,447,50,500,-5200,-1089,-233,1222,-5,33,307,311,287,0
1976117,448,448,312,593,-5083,-918,-557,1241,17,38,367,297,282,0
1979459,449,449,68,275,-5201,-829,-920,1239,-131,55,45,305,294,0
1982769,450,450,0,387,-6759,-566,-1276,1226,411,220,366,316,304,0
1986118,451,451,125,331,-4523,339,-1878,1203,359,227,330,302,291,0
1989459,452,451,0,275,-2228,1986,-1815,1201,408,9,613,300,294,0
1992772,453,452,0,125,127,2517,-1507,1210,-150,-75,297,299,302,0
1996119,453,453,368,500,8,2374,-1092,1222,78,-208,506,289,282,0
1999459,454,454,500,762,565,1711,-674,1237,46,-97,399,282,268,0
2002776,455,455,706,668,1697,1107,-8,1260,142,-25,258,271,273,0
2006118,456,456,950,350,3240,466,225,1267,480,-80,198,258,290,0
2009459,457,457,312,0,5581,-554,315,1261,186,44,63,276,301,0
2012778,458,458,537,143,8108,-998,337,1254,126,2,83,264,301,0
2016118,458,459,687,0,8830,-1386,484,1229,-161,31,-1,272,296,0
2019460,459,459,687,481,7942,-1128,195,1178,-198,64,-19,277,288,0
2022781,460,460,631,518,6147,-490,-109,1100,-150,201,109,280,286,0
2026139,461,461,575,387,5207,362,-387,993,-136,216,42,283,293,0
2029459,462,462,481,350,4706,946,-280,889,-126,-109,292,288,295,0
2032785,463,463,143,0,5394,138,-158,788,-412,-136,-43,290,303,0
2036142,463,464,537,0,2266,-917,-485,671,-609,-48,130,285,302,0
2039460,464,465,368,87,-1953,-574,-1088,515,-31,134,112,294,293,0
2042788,465,466,162,87,-3532,450,-1457,348,-112,-267,-5,305,293,0
2046143,466,467,275,237,-4557,27,-1363,189,-397,-109,153,299,285,0
2049460,467,468,556,218,-6307,-662,-1673,23,80,-118,210,284,286,0
2052791,468,469,443,593,-5059,-1527,-1163,-121,-258,-150,140,290,282,0
2056144,469,469,293,481,-5718,-2299,-709,-245,-564,-33,-95,298,288,0
2059489,470,470,106,237,-6899,-2627,-249,-334,201,-53,419,290,283,0
2062794,471,471,0,387,-5538,-2247,195,-402,308,319,475,292,259,0
2066144,472,472,0,612,-3950,-1317,-9,-465,179,132,440,283,247,0
2069486,472,473,406,612,-1485,-318,582,-490,-82,-9,394,274,247,0
2072797,473,473,725,1175,-594,257,1312,-473,-114,-37,386,257,233,0
2076144,474,474,87,1006,-985,32,1756,-427,-104,-73,446,275,226,0
2079486,475,474,425,1343,-1541,-701,2228,-350,-10,95,427,257,224,0
2082801,475,475,818,1287,-1485,-1041,2750,-247,265,93,280,252,227,0
2086144,476,476,800,631,-231,-845,2732,-133,327,129,148,253,262,0
2089487,477,477,631,293,2136,-91,2899,-2,-52,-30,95,262,280,0
2092804,478,477,331,162,2899,741,3124,153,304,-78,135,262,287,0
2096144,478,478,575,200,4236,600,3522,320,75,90,-43,265,285,0
2099486,479,479,650,125,5103,917,3425,474,99,-102,12,261,289,0
2102807,480,480,612,781,6025,920,3566,619,140,-60,132,281,272,0
2106145,481,481,575,443,6528,705,3738,757,15,-19,0,283,290,0
2109487,482,482,368,425,5984,554,3828,877,-30,-104,107,294,291,0
2112810,483,483,275,0,5035,134,3392,976,-230,-3,-103,283,298,0
2116165,484,484,50,256,3170,213,3067,1062,-298,-146,59,295,284,0
2119488,484,485,181,537,1631,88,2979,1145,-49,-62,136,304,269,0
2122813,485,485,425,781,68,-42,2305,1202,-70,-142,137,291,272,0
2126170,486,486,293,687,-626,-180,1985,1257,-698,-126,242,298,277,0
2129488,487,487,218,743,-3521,-532,1634,1312,335,-42,130,302,274,0
2132817,488,488,143,781,-4117,-1066,1051,1357,227,-56,427,306,272,0
2136169,489,489,350,725,-3392,-1327,671,1387,-304,176,386,295,275,0
2139488,490,490,162,218,-5219,-1129,220,1398,300,23,366,289,286,0
2142820,491,491,162,518,-4791,-1214,-448,1400,-221,142,241,289,286,0
2146170,492,491,0,350,-5985,-910,-749,1410,71,98,111,308,290,0
2149513,493,492,0,331,-5721,-898,-1246,1417,315,268,527,296,291,0
2152823,493,493,331,575,-2850,668,-1417,1415,269,178,453,291,278,0
2156170,494,494,256,443,-928,1699,-1172,1431,-42,146,207,295,285,0
2159515,495,495,275,500,-1141,2449,-1007,1436,-48,-132,377,294,282,0
2162826,496,496,0,237,-1975,2705,-633,1438,214,-45,512,302,280,0
2166170,497,497,256,425,-336,2285,-274,1437,297,-75,374,279,270,0
2169517,498,497,256,537,759,1777,81,1434,226,-155,286,279,280,0
2172829,499,498,706,368,3433,616,45,1435,326,-12,213,255,289,0
2176170,499,499,987,237,5490,274,-234,1410,377,-197,219,256,296,0
2179517,500,500,818,143,7499,-557,-156,1364,-57,-28,166,265,301,0
2182833,501,501,875,237,7875,-1467,-377,1297,15,21,18,267,301,0
2186171,502,502,593,537,7470,-1242,-631,1208,-132,119,83,282,285,0
2189516,503,503,331,387,6976,-589,-953,1092,-31,201,19,280,277,0
2192836,503,504,743,218,5828,581,-1107,972,-5,52,121,274,286,0
2196194,504,505,743,87,5337,666,-999,850,104,45,160,274,293,0
2199517,505,506,518,0,5221,497,-854,726,141,-333,2,286,305,0
2202839,506,507,256,237,3845,-1123,-1136,581,-826,12,112,300,301,0
2206195,507,507,68,312,-583,-717,-1786,418,-44,162,27,310,297,0
2209518,508,508,368,425,-2578,704,-2169,239,-217,-150,183,294,291,0
2212842,509,509,0,87,-4143,341,-1810,65,-645,-234,-46,302,293,0
2216195,510,510,31,237,-6895,-418,-1725,-107,-201,-13,181,296,285,0
2219517,511,511,87,331,-7178,-931,-1474,-259,211,-125,130,293,280,0
2222846,511,512,500,350,-5636,-1604,-660,-376,-97,-229,193,287,279,0
2226195,512,513,0,181,-5420,-2868,-18,-470,-147,-49,106,297,270,0
2229518,513,513,293,556,-5996,-2970,675,-521,325,66,262,280,266,0
2232849,514,514,0,537,-3905,-2001,610,-564,205,240,595,286,251,0
2236195,515,515,87,743,-2046,-866,1064,-581,55,72,393,275,240,0
2239518,516,516,387,668,-880,333,1854,-556,26,-122,481,259,244,0
2242853,516,516,743,1175,-352,142,2195,-509,-300,16,437,256,233,0
2246195,517,517,687,1475,-1326,-106,2329,-443,-167,-50,450,259,217,0
2249521,518,517,425,1231,-1854,-711,2778,-342,199,-7,343,257,230,0
2252855,519,518,500,725,-774,-844,2815,-231,287,165,217,253,257,0
2256195,519,519,837,350,1480,-64,2747,-106,35,-40,142,251,277,0
2259524,520,520,575,218,3072,534,3274,40,184,61,265,265,284,0
2262858,521,521,312,12,4070,736,3422,183,-30,7,29,263,279,0
2266225,522,522,706,631,4592,1061,3643,329,100,-226,15,276,280,0
2269527,523,523,406,143,5918,762,3485,457,-110,-5,26,276,290,0
2272861,523,523,668,368,5884,801,3691,581,64,-88,64,278,294,0
2276220,524,524,556,237,5944,541,3709,695,-71,31,132,284,301,0
2279530,525,525,481,275,5299,207,3388,799,-121,13,20,288,299,0
2282865,526,526,275,425,3589,258,3088,903,-423,-53,122,299,291,0
2286223,527,527,143,706,1471,466,2875,998,114,-89,83,306,276,0
2289533,528,528,425,762,438,437,2052,1074,-223,-101,156,291,273,0
2292868,529,529,0,350,-89,9,1777,1149,-699,-154,138,299,279,0
2296223,530,530,0,500,-3319,-283,1405,1223,163,-98,145,306,271,0
2299537,531,530,162,875,-4552,-650,824,1283,251,26,231,289,267,0
2302872,531,531,387,800,-3832,-640,317,1324,-249,38,386,293,271,0
2306229,532,532,406,556,-4842,-895,-26,1350,86,149,347,292,284,0
2309541,533,533,275,387,-5307,-848,-682,1364,99,138,361,294,288,0
2312874,534,534,143,443,-5487,-579,-1047,1387,41,23,103,301,285,0
2316230,535,535,293,593,-5991,-590,-1222,1417,396,210,314,293,277,0
2319543,536,536,0,162,-3550,790,-1947,1413,428,111,485,300,284,0
2322877,537,537,0,387,-956,1805,-1732,1412,104,80,310,296,288,0
2326230,538,537,0,350,-373,2496,-1405,1414,-13,-72,381,307,290,0
2329546,539,538,50,462,-272,2067,-838,1409,-97,-1,489,290,284,0
2332881,539,539,537,800,-111,1819,-378,1398,260,-124,402,280,266,0
2336230,540,540,743,725,1159,1233,210,1383,193,-139,213,269,270,0
2339550,541,541,350,181,3137,144,596,1383,326,-65,258,274,283,0
2342884,542,542,500,143,5097,-574,531,1366,528,-150,261,266,301,0
2346230,543,543,368,0,7786,-1319,646,1328,-76,38,10,273,296,0
2349553,543,544,706,162,7953,-1493,555,1277,-95,20,71,276,305,0
2352887,544,544,575,312,7318,-1505,442,1218,-233,93,52,283,297,0
2356230,545,545,706,556,5896,-965,75,1134,-14,143,107,276,284,0
2359556,546,546,687,575,5173,-76,-208,1039,47,131,168,277,283,0
2362890,547,547,575,200,5220,316,-330,943,182,31,60,267,287,0
2366230,548,548,387,0,5452,134,-321,831,-26,-338,17,277,300,0
2369559,548,549,387,31,3260,-1276,-706,702,-695,115,46,293,296,0
2372893,549,550,350,68,-1157,-726,-1372,545,-216,136,68,295,294,0
2376231,550,551,293,31,-2072,653,-1797,380,-162,-55,96,298,296,0
2379562,551,552,200,125,-3244,1069,-1434,220,-614,-171,217,303,291,0
2382897,552,553,200,68,-5950,232,-1608,54,-390,-130,197,303,294,0
2386256,553,553,593,537,-6437,-642,-1439,-96,267,-156,194,282,285,0
2389566,554,554,31,200,-4566,-1459,-544,-210,-362,-83,44,294,285,0
2392900,555,555,0,350,-5696,-2258,-93,-303,-144,-97,129,293,261,0
2396256,556,556,50,556,-5733,-2626,553,-349,289,-120,427,277,250,0
2399569,556,557,556,687,-3671,-2655,1191,-368,15,381,326,266,243,0
2402903,557,557,462,762,-2759,-1542,1208,-374,154,55,403,271,255,0
2406257,558,558,312,631,-1191,-241,1757,-345,86,143,479,263,246,0
2409572,559,559,162,931,-837,307,2072,-290,-296,91,322,271,230,0
2412906,560,559,781,1175,-1673,641,2444,-213,-7,-96,424,254,233,0
2416257,560,560,743,1268,-1772,46,2667,-108,175,42,450,256,228,0
2419575,561,561,612,931,-1392,-209,2924,15,201,71,275,263,246,0
2422909,562,561,687,481,471,290,2822,141,337,-136,176,243,270,0
2426257,563,562,462,293,2969,623,3254,304,117,11,234,255,280,0
2429579,563,563,706,181,3703,1183,3420,465,31,-43,15,258,286,0
2432913,564,564,631,668,3895,683,3987,633,3,-59,114,280,278,0
2436258,565,565,406,481,4716,40,3500,769,-26,-13,20,292,288,0
2439581,566,566,462,312,5421,109,3518,891,112,-101,124,289,297,0
2442916,567,567,293,0,6472,22,3885,1006,137,46,-14,282,299,0
2446258,568,568,256,0,6259,74,3954,1111,-285,-66,103,284,299,0
2449585,568,569,443,106,4022,-22,2839,1183,-430,7,17,290,292,0
2452919,569,569,293,650,1844,259,2732,1248,174,-182,94,298,279,0
2456258,570,570,387,650,1290,318,2950,1323,45,-65,167,293,279,0
2459588,571,571,368,593,129,246,1848,1367,-361,-139,108,294,282,0
2462922,572,572,218,687,-1851,-17,1662,1416,-143,-128,246,302,277,0
2466259,573,573,181,931,-3736,-614,1420,1467,201,-11,61,304,264,0
2469591,574,574,0,443,-3449,-988,719,1500,-272,21,397,304,274,0
2472925,575,575,162,593,-4120,-1318,333,1520,-123,145,384,289,282,0
2476283,576,575,12,425,-5022,-1007,-65,1540,52,-48,358,292,286,0
2479594,576,576,237,312,-5151,-1100,-554,1566,-76,193,293,296,292,0
2482929,577,577,200,631,-5886,-821,-624,1603,216,207,371,298,275,0
2486287,578,578,275,556,-5512,-179,-1093,1613,479,260,583,294,279,0
2489597,579,579,106,406,-2410,1592,-1216,1625,189,189,477,303,287,0
2492932,580,580,0,68,-946,2506,-1139,1635,-3,-5,320,305,289,0
2496287,581,581,143,200,-404,2385,-788,1627,-40,-165,507,285,282,0
2499601,582,581,143,500,-220,1936,-390,1618,176,-139,577,285,282,0
2502935,583,582,237,593,697,1321,25,1601,8,2,306,280,277,0
2506292,584,583,537,425,1527,744,433,1578,219,-229,302,264,286,0
2509605,584,584,1137,387,3676,-538,468,1555,703,-121,296,248,288,0
2512939,585,585,856,312,6542,-931,257,1508,208,12,12,268,297,0
2516296,586,586,612,200,8020,-1016,208,1450,-35,71,128,281,303,0
2519607,587,587,218,12,7987,-1229,83,1376,-53,145,60,286,297,0
2522942,588,588,593,181,7408,-777,-273,1284,-116,130,127,282,288,0
2526296,588,589,650,350,6336,-242,-389,1180,-81,279,38,279,279,0
2529610,589,589,687,500,5126,965,-570,1074,183,15,85,277,287,0
2532945,590,590,500,143,5266,982,-313,963,53,9,-75,287,306,0
2536296,591,591,312,218,5596,-98,-429,843,-587,-144,-108,297,302,0
2539614,592,592,443,87,767,-689,-815,693,-459,92,206,290,309,0
2542948,593,593,0,12,-1595,410,-1423,539,-159,39,1,299,297,0
2546296,594,594,0,200,-2321,956,-1271,389,-582,-325,168,308,287,0
2549617,595,595,87,293,-5243,-15,-1304,227,-248,21,214,293,282,0
2552951,595,596,537,368,-6844,-600,-1410,59,93,-187,330,285,278,0
2556296,596,597,87,162,-5788,-1129,-999,-60,-205,-83,184,291,271,0
2559620,597,597,143,312,-6750,-2156,-561,-163,-57,-124,108,288,279,0
2562955,598,598,0,293,-6806,-2764,-105,-258,192,-93,385,289,264,0
2566297,599,599,31,443,-5411,-2694,473,-301,191,139,309,278,256,0
2569623,600,600,406,687,-3501,-1747,386,-341,221,171,484,258,243,0
2572957,600,601,556,706,-1016,-739,1041,-353,-38,69,383,266,258,0
2576297,601,601,762,1043,-323,15,1755,-320,-141,-81,439,255,240,0
2579626,602,602,200,950,-604,408,2234,-261,-223,-138,406,269,229,0
2582961,603,603,387,1212,-1284,-126,2419,-183,2,76,396,259,231,0
2586318,603,603,743,818,-1516,-215,2524,-87,220,20,186,256,252,0
2589630,604,604,781,668,522,406,2587,12,186,66,198,254,260,0
2592964,605,605,368,50,2916,908,2790,134,105,-106,83,260,277,0
2596349,606,606,1043,687,3376,1053,3037,266,87,-172,40,258,277,0
2599633,607,607,425,162,3868,388,3669,417,-37,30,113,275,289,0
2602968,607,607,537,162,4228,262,3445,549,233,-141,63,285,305,0
2606322,608,608,462,275,5329,187,3267,663,-61,47,-18,289,299,0
2609636,609,609,462,237,5902,111,3702,778,93,-40,15,289,301,0
2612970,610,610,425,293,5827,2,3492,874,-337,17,113,291,298,0
2616322,611,611,387,275,4208,-260,2722,944,-156,21,-51,293,299,0
2619639,612,612,293,556,2419,78,2590,1017,-42,-79,94,298,284,0
2622973,613,613,162,518,1354,-6,2700,1095,-58,-85,68,289,270,0
2626322,614,614,31,406,592,-129,2095,1158,-117,-146,156,296,276,0
2629642,615,615,200,218,-952,-484,1620,1217,-639,-69,186,303,286,0
2632977,615,615,481,818,-4005,-726,1140,1265,388,-80,218,288,270,0
2636322,616,616,406,931,-3528,-1116,773,1307,-365,75,418,292,264,0
2639646,617,617,181,650,-3262,-1579,281,1325,-317,73,397,299,274,0
2642981,618,618,256,518,-4839,-1522,-169,1333,62,61,341,295,281,0
2646323,619,619,162,650,-4692,-1622,-504,1343,-321,147,229,300,274,0
2649649,620,619,50,425,-6123,-1306,-741,1364,290,78,389,290,286,0
2652984,621,620,0,425,-5087,-854,-1130,1369,184,252,480,297,286,0
2656323,622,621,0,556,-3620,618,-1338,1368,331,165,499,300,279,0
2659652,623,622,0,368,-1204,2009,-1224,1374,-51,137,264,296,289,0
2662986,623,623,462,443,-1508,2607,-933,1376,-13,-311,396,284,285,0
2666345,624,624,481,575,-1196,2442,-233,1386,345,-299,563,283,278,0
2669655,625,625,350,443,1181,1327,277,1398,297,-408,472,274,269,0
2672989,626,626,500,612,2593,-35,723,1406,500,-421,355,266,276,0
2676348,627,626,275,443,4176,-1519,888,1421,276,-287,364,278,285,0
2679658,628,627,1718,893,6107,-2532,456,1403,483,-160,221,270,314,0
2682993,629,628,706,387,7970,-2668,88,1351,74,139,-61,324,341,0
2686348,630,629,312,331,8183,-1895,-559,1264,30,126,26,329,344,0
2689662,631,631,425,312,8065,-685,-355,1177,-518,139,-9,323,329,0
2692996,632,632,631,575,6220,206,-258,1090,24,150,178,312,315,0
2696348,633,633,425,106,5444,518,-463,995,193,197,217,307,324,0
2699665,634,634,481,0,5949,731,-422,894,126,-377,-99,320,331,0
2702999,635,635,0,50,4927,-1004,-210,793,-1056,53,-362,331,327,0
2706349,636,636,0,0,-1381,-892,-572,660,326,292,137,331,331,0
2709668,637,637,106,50,-228,1790,-825,527,22,176,19,324,327,0
2713002,638,638,162,87,711,2796,-355,414,-334,-205,114,321,325,0
2716349,639,639,50,406,-887,2163,-602,279,-753,189,-82,327,308,0
2719671,640,640,31,481,-5559,2300,-383,158,-269,-240,72,310,286,0
2723006,641,641,0,893,-7393,1870,307,83,-320,-226,100,304,248,0
2726349,642,641,0,1287,-9051,703,1222,40,-251,-65,181,316,243,0
2729674,643,642,0,1250,-10125,-849,1663,8,-257,-28,-12,313,245,0
2733009,644,643,0,968,-9657,-1257,1637,-6,631,-114,335,308,260,0
2736351,644,644,87,31,-5773,-2040,2306,15,551,69,326,291,294,0
2739677,645,645,425,0,-1059,-2217,2270,50,31,1,262,273,301,0
2743012,646,646,706,31,455,-1302,2333,99,-240,-41,232,258,294,0
2746349,647,646,912,518,435,-1589,2967,183,59,100,384,247,284,0
2749681,647,647,1306,987,103,-2183,2796,275,161,318,712,242,259,0
2753039,648,648,650,537,1521,-1271,2870,381,445,208,494,261,267,0
2756370,649,649,575,368,4209,267,3625,517,33,51,258,265,276,0
2759684,650,650,518,350,6855,656,3530,663,130,106,256,268,277,0
2763042,651,651,800,631,6600,180,2975,798,-116,209,-6,271,280,0
2766374,651,651,950,612,5297,929,2538,915,7,167,85,279,297,0
2769687,652,652,1006,631,5007,1526,2393,1019,-81,78,262,276,296,0
2773045,653,653,2112,593,3952,1403,2198,1095,50,-448,182,217,298,0
2776374,653,654,2562,0,2620,730,2195,1155,646,-1158,341,193,316,0
2779690,654,655,2768,387,3497,716,2174,1200,332,-890,333,182,293,0
2783048,654,656,3725,725,3674,1317,2387,1247,-128,-818,252,147,275,0
2786387,654,657,3800,1118,2049,1490,2767,1319,-344,-564,-48,124,254,0
2789693,655,657,0,406,-1799,1446,3558,1428,-564,-396,-139,843,308,0
2793052,655,658,0,443,-5223,1830,4317,1580,-95,-136,78,846,306,0
2796375,656,659,1925,1081,-7385,2567,4388,1728,201,-309,22,275,272,0
2799697,657,660,1943,631,-6721,2187,4493,1877,225,12,246,274,280,0
2803082,657,661,1362,743,-5152,1796,4714,2039,172,90,381,316,285,0
2806375,659,661,481,518,-4452,1510,4327,2187,359,-90,123,331,297,0
2809700,660,662,500,725,-2876,1224,4546,2336,-362,-33,221,330,286,0
2813058,661,663,462,518,-3324,1254,4666,2499,38,-20,236,332,297,0
2816376,662,664,200,368,-3171,933,4987,2681,376,119,320,346,305,0
2819703,663,665,106,743,-1490,643,4189,2823,417,105,11,351,285,0
2823062,664,666,162,1043,486,654,3302,2945,184,-333,210,348,269,0
2826376,665,667,0,1250,1599,-12,2216,3026,-603,-116,35,345,242,0
2829707,666,667,50,1700,-1230,-1591,1670,3069,301,-174,458,338,234,0
2833062,667,668,762,1700,-218,-3224,597,3049,866,-236,550,300,234,0
2836396,668,669,893,1400,5388,-3425,-1195,2960,20,-224,377,293,250,0
2839710,669,669,1287,1475,6191,-4411,-1535,2861,-551,-278,442,272,262,0
2843066,670,670,1587,1775,4353,-5956,-1336,2747,-186,-103,668,261,251,0
2846400,670,671,1212,1606,3197,-6633,-959,2646,27,568,73,297,260,0
2849713,671,672,762,1287,1622,-4456,-1845,2516,205,542,232,305,261,0
2853066,672,673,1362,800,1474,-2201,-1752,2368,78,41,396,273,287,0
2856401,673,674,1718,331,2669,-1932,-1435,2236,611,86,268,254,312,0
2859716,674,675,1418,725,5169,-2041,-772,2122,-715,371,258,270,307,0
2863067,675,675,1362,612,2456,-1596,-1189,1972,-41,392,298,273,313,0
2866401,675,677,2037,162,-77,-964,-1184,1824,192,195,457,253,321,0
2869719,676,677,1793,462,1072,-576,-1140,1696,130,267,93,266,321,0
2873067,677,679,1756,200,1691,191,-1342,1575,116,461,203,268,319,0
2876401,678,679,1400,143,2079,1421,-1870,1441,212,504,287,271,322,0
2879723,679,681,1100,312,3000,1704,-1915,1313,-254,626,213,287,313,0
2883067,680,681,162,387,1717,3032,-2701,1160,20,155,381,337,309,0
2886402,681,682,0,368,2606,4014,-2569,1012,-777,-11,-430,353,292,0
2889726,682,683,0,762,-1597,4409,-2879,847,-124,-152,-297,348,271,0
2893067,683,684,50,800,-3692,3801,-1175,724,-101,-362,18,325,269,0
2896402,684,685,0,218,-3841,2092,795,637,-60,-352,250,318,284,0
2899729,685,686,312,181,-3637,12,1012,534,-399,-51,-233,295,286,0
2903068,686,687,12,387,-5248,-1232,920,426,290,451,-134,311,275,0
2906402,687,687,237,668,-5638,289,72,288,239,-135,-59,299,276,0
2909732,688,688,0,293,-4489,621,353,151,141,-69,240,308,280,0
2913089,689,689,0,256,-4148,146,278,25,113,79,168,302,282,0
2916424,690,690,0,293,-2715,180,709,-94,409,18,367,302,280,0
2919736,691,691,575,256,342,368,429,-227,236,69,263,281,282,0
2923092,691,692,1175,387,2476,289,499,-367,-71,-203,367,249,275,0
2926454,692,693,1606,800,2992,-1936,614,-478,-188,-123,354,244,271,0
2929738,693,693,1400,406,2874,-3321,294,-572,756,43,-46,239,292,0
2933093,693,694,1325,162,6499,-3783,500,-626,449,-48,8,259,305,0
2936427,694,695,1250,181,9449,-4729,89,-676,-273,71,245,263,304,0
2939741,695,696,875,31,7566,-4948,-14,-695,-884,499,333,283,312,0
2943093,696,697,912,368,3170,-3841,-141,-662,-727,653,679,281,294,0
2946428,697,698,893,368,-1181,-1789,-1100,-648,-151,458,890,282,294,0
2949745,698,699,875,462,-1518,-113,-2370,-680,119,415,709,283,289,0
2953093,699,700,1006,518,-472,776,-2297,-722,-80,166,353,276,286,0
2956427,699,701,725,443,170,1830,-3023,-759,-67,-115,23,291,274,0
2959748,700,702,331,668,-731,1771,-3021,-799,-336,-229,193,312,278,0
2963094,701,702,143,875,-2479,908,-2869,-843,-119,-118,103,322,267,0
2966428,702,703,106,837,-3815,-99,-2924,-911,-151,93,-27,324,269,0
2969751,703,704,50,687,-4740,-243,-3394,-980,-255,-21,-90,322,272,0
2973094,704,705,0,668,-6315,-405,-3452,-1051,-22,134,-91,326,273,0
2976428,705,706,200,500,-6557,137,-3632,-1128,261,-73,4,314,282,0
2979754,706,707,106,0,-5765,676,-3795,-1205,-60,139,22,303,293,0
2983094,707,707,218,87,-5741,1157,-4014,-1272,44,20,31,297,304,0
2986428,708,708,143,143,-5727,1207,-3997,-1337,-229,63,85,301,301,0
2989757,709,709,12,0,-5701,957,-3734,-1369,347,-81,192,308,311,0
2993115,710,710,556,181,-4212,707,-3423,-1396,429,27,534,279,299,0
2996450,711,711,537,275,-561,1679,-3000,-1400,328,270,44,280,294,0
2999761,712,712,556,68,1296,2980,-3169,-1462,489,-120,306,263,289,0
