Time, Rlegs, Llegs, DCL, DCR, GyroX, GyroY, GyroZ, GyroZAvg, AccelX, AccelY, AccelZ, LBEMF, RBEMF, SteerOut
1254,386,391,0,0,194,-147,-148,-144,-15,1,224,32,33,0
4590,386,391,0,0,193,-143,-144,-144,-18,3,228,32,33,0
7936,386,391,0,0,195,-144,-148,-144,-16,2,225,32,33,0
11257,386,391,0,0,193,-145,-146,-144,-15,1,223,32,33,0
14613,386,391,0,0,192,-142,-144,-144,-19,1,221,32,33,0
17936,386,391,0,0,191,-144,-145,-144,-18,5,215,32,33,0
21261,386,391,0,0,190,-143,-143,-144,-16,1,220,32,33,0
24613,386,391,0,0,190,-143,-142,-144,-17,3,225,32,33,0
27936,386,391,0,0,193,-143,-145,-144,-17,0,226,32,33,0
31264,386,391,0,0,187,-143,-145,-144,-14,1,222,32,33,0
34614,386,391,0,0,192,-142,-142,-144,-14,1,219,32,33,0
37937,386,391,0,0,195,-147,-147,-144,-17,0,223,32,33,0
41267,386,391,0,0,193,-147,-143,-144,-14,3,223,32,33,0
44614,386,391,0,0,193,-143,-146,-144,-13,-2,223,32,33,0
47937,386,391,0,0,192,-142,-144,-144,-15,1,223,32,33,0
51270,386,391,0,0,192,-144,-144,-144,-14,5,225,32,33,0
54614,386,391,0,0,190,-142,-145,-144,-13,3,220,32,33,0
57940,386,391,0,0,193,-143,-146,-144,-16,1,224,32,33,0
61273,386,391,0,0,193,-143,-143,-144,-18,2,226,32,33,0
64615,386,391,0,0,191,-143,-144,-144,-11,-1,225,32,33,0
67942,386,391,0,0,190,-143,-146,-144,-14,1,224,32,33,0
71277,386,391,0,0,190,-142,-144,-144,-16,2,222,32,33,0
74615,386,391,0,0,193,-141,-146,-144,-15,0,223,32,33,0
77945,386,391,0,0,194,-143,-143,-144,-18,4,221,32,33,0
81280,386,391,0,0,195,-145,-146,-144,-14,0,221,32,33,0
84614,386,391,0,0,196,-146,-144,-144,-13,1,220,32,33,0
87948,386,391,0,0,194,-148,-143,-144,-17,0,225,32,33,0
91284,386,391,0,0,195,-147,-144,-144,-17,2,225,32,33,0
94617,386,391,0,0,196,-146,-146,-144,-19,3,220,32,33,0
97952,386,391,0,0,191,-144,-145,-144,-13,-1,219,32,33,0
101287,386,391,0,0,191,-144,-143,-144,-18,4,222,32,33,0
104673,0,0,0,0,190,-140,-145,-144,-17,3,223,33,33,0
107955,0,0,0,0,190,-143,-144,-144,-21,3,226,32,33,0
111289,0,0,0,0,192,-140,-143,-144,-18,0,219,32,34,0
114643,0,0,0,0,189,-141,-143,-144,-15,1,224,32,33,0
117958,0,0,0,0,191,-143,-143,-144,-17,1,223,32,33,0
121292,0,0,0,0,190,-145,-143,-144,-15,1,223,32,33,0
124649,0,0,0,0,191,-144,-144,-144,-15,0,223,32,33,0
127962,0,0,0,0,188,-145,-146,-144,-15,0,224,32,33,0
131296,0,0,0,0,192,-144,-143,-144,-15,-1,221,32,33,0
134649,0,0,0,0,193,-147,-147,-144,-16,0,220,32,33,0
137964,0,0,0,0,192,-145,-143,-144,-14,0,223,33,34,0
141300,0,0,0,0,192,-145,-146,-144,-16,1,223,32,33,0
144649,0,0,0,0,193,-141,-144,-144,-16,1,219,32,33,0
147968,0,0,0,0,192,-146,-145,-144,-14,2,225,32,33,0
151303,0,0,0,0,192,-143,-142,-144,-17,2,222,32,33,0
154649,0,0,0,0,192,-143,-144,-144,-18,3,224,32,33,0
157971,0,0,0,0,194,-145,-144,-144,-11,1,221,32,33,0
161305,0,0,0,0,193,-143,-143,-144,-15,1,221,32,33,0
164650,0,0,0,0,193,-144,-144,-144,-18,0,216,32,33,0
167974,0,0,0,0,195,-143,-145,-144,-16,0,227,32,33,0
171309,0,0,0,0,193,-141,-144,-144,-20,0,226,32,33,0
174650,0,0,0,0,194,-144,-144,-144,-19,1,221,32,33,0
177977,0,0,0,0,192,-141,-143,-144,-18,2,220,32,33,0
181312,0,0,0,0,194,-144,-143,-144,-17,2,224,32,33,0
184650,0,0,0,0,191,-144,-146,-144,-15,1,223,32,33,0
187981,0,0,0,0,192,-143,-144,-144,-20,3,225,32,33,0
191315,0,0,0,0,193,-144,-144,-144,-14,1,218,32,33,0
194650,0,0,0,0,191,-142,-143,-144,-15,2,223,32,33,0
197984,0,0,0,0,191,-144,-142,-144,-14,2,228,32,33,0
201319,0,0,0,0,192,-143,-146,-144,-17,3,224,32,33,0
204654,0,0,1587,1587,190,-143,-144,-143,-18,0,222,0,0,0
207987,0,0,125,143,177,-159,-139,-143,-85,11,190,78,77,0
211321,0,0,0,0,-8,-296,-111,-142,-20,16,215,101,85,0
214679,0,0,181,368,-187,-342,-149,-142,-18,-2,231,91,81,0
217990,0,1,162,12,-138,-435,-92,-141,-45,0,234,92,84,0
221324,1,1,68,537,-255,-549,-49,-138,-32,33,236,97,72,0
224679,1,1,256,312,-335,-609,124,-130,-94,37,245,87,84,0
227993,1,1,518,612,-455,-712,285,-116,-141,8,221,89,84,0
231328,1,2,331,218,-681,-827,275,-103,-81,54,231,99,89,0
234679,2,2,0,368,-878,-704,512,-83,-54,70,246,107,81,0
237996,2,2,368,668,-1013,-562,520,-62,-42,62,239,97,81,0
241331,2,2,312,406,-819,-501,589,-39,-49,54,251,100,95,0
244680,3,2,87,762,-707,-481,625,-15,-64,67,224,112,92,0
248000,3,3,143,443,-860,-436,717,11,2,94,256,109,93,0
251335,3,3,593,725,-742,-275,643,36,2,103,222,101,94,0
254680,4,3,50,443,-43,342,624,60,-43,92,200,114,109,0
258003,4,4,0,293,99,674,747,88,-98,25,233,120,101,0
261338,4,4,518,800,-405,492,861,119,-83,40,278,105,90,0
264680,4,4,368,631,-935,-51,994,155,56,25,285,113,99,0
268006,5,4,312,912,-784,-309,1146,195,37,51,269,116,100,0
271340,5,5,481,443,-657,-564,1143,235,108,26,229,107,109,0
274680,6,5,387,706,-227,-730,985,270,201,144,176,112,111,0
278010,6,5,162,406,1029,-193,1262,314,6,79,158,124,127,0
281344,6,6,387,162,1825,436,1666,371,-39,18,154,112,124,0
284681,7,6,143,518,1439,200,1794,431,-152,-41,187,125,121,0
288013,7,6,275,762,578,-397,1954,497,-75,13,209,126,116,0
291347,7,7,406,350,163,-743,2161,569,131,43,250,119,122,0
294705,8,7,0,181,1139,-658,1989,636,221,80,227,129,131,0
298016,8,8,462,162,2576,-262,2059,705,-12,92,133,116,132,0
301350,8,8,312,162,3161,-25,2319,781,-287,-1,128,124,132,0
304709,9,8,106,668,1572,-273,2037,850,-208,71,131,135,121,0
308019,9,9,425,237,84,-182,1715,908,83,85,169,118,128,0
311354,10,9,106,31,236,252,1674,965,159,30,202,119,139,0
314710,10,10,350,237,1302,410,1540,1017,92,51,207,122,128,0
318022,10,10,387,106,1746,225,1389,1064,92,19,176,120,135,0
321356,11,11,0,200,2000,-8,1302,1109,-60,-17,159,127,130,0
324714,11,11,443,125,1457,-318,1038,1145,-52,-13,140,117,134,0
328025,11,11,425,31,772,-435,743,1169,82,1,158,118,139,0
331360,12,12,256,237,612,-322,487,1181,45,21,189,127,128,0
334718,12,12,331,31,725,-163,171,1177,83,22,215,123,139,0
338028,13,13,0,0,754,-227,-143,1164,60,-26,215,125,133,0
341364,13,13,200,200,833,-352,-399,1136,61,1,247,130,130,0
344718,13,14,312,0,799,-239,-739,1096,-45,-7,251,124,131,0
348032,14,14,162,293,485,-21,-937,1048,-10,24,264,132,125,0
351366,14,14,293,162,169,131,-1159,993,87,-13,213,125,132,0
354718,15,15,0,0,161,244,-1411,926,17,-15,262,129,128,0
358035,15,15,106,350,182,316,-1635,855,-34,15,249,135,122,0
361370,15,15,275,256,109,362,-1782,780,27,-42,210,126,127,0
364718,16,16,12,350,12,365,-1929,696,-61,-67,256,140,122,0
368039,16,16,143,218,-240,346,-1975,608,-49,-65,251,133,129,0
371372,17,17,556,762,-630,300,-2150,509,-76,-60,256,135,124,0
374718,17,17,0,237,-930,289,-2327,401,-101,-38,255,155,136,0
378041,18,17,0,650,-1248,415,-2591,284,-137,-13,170,149,130,0
381376,18,18,0,256,-1745,559,-2701,169,-27,-53,208,153,135,0
384719,19,18,0,143,-2147,713,-2956,37,10,-42,249,152,141,0
388044,19,19,0,293,-2050,872,-3070,-110,-151,31,211,155,133,0
391379,20,19,0,143,-2224,1055,-3296,-269,-90,-12,163,156,141,0
394719,20,20,0,312,-2628,1394,-3437,-437,-120,-23,176,161,132,0
398048,21,20,0,237,-2840,1656,-3451,-613,6,-31,216,158,136,0
401382,21,20,0,237,-2742,1809,-3500,-784,2,-39,244,165,136,0
404740,22,21,0,237,-2342,2045,-3294,-952,109,-120,359,172,136,0
408051,22,21,0,256,-1632,2001,-2972,-1117,155,-124,395,163,135,0
411386,23,22,0,406,-644,1960,-2755,-1267,59,-97,410,167,127,0
414743,23,22,0,425,267,1744,-2246,-1390,-123,-121,301,159,126,0
418054,24,22,0,818,16,1461,-1757,-1498,13,-174,310,158,121,0
421388,24,23,0,500,-341,1019,-1212,-1584,56,-120,292,142,122,0
424744,25,23,31,987,-131,375,-572,-1645,-48,-169,329,131,112,0
428058,25,24,237,556,-122,-125,-36,-1687,-6,-110,266,120,119,0
431392,25,24,293,500,-316,-752,517,-1703,52,-99,285,117,122,0
434744,26,24,162,818,-306,-1688,1296,-1686,54,-103,261,124,121,0
438061,26,25,312,368,-43,-2228,1752,-1646,58,-72,238,116,129,0
441396,26,25,518,668,169,-2540,2215,-1582,41,2,187,121,129,0
444744,27,26,0,68,462,-2738,2567,-1498,166,-65,159,142,145,0
448064,27,26,406,387,1321,-2795,2941,-1393,52,-50,124,127,144,0
451399,28,27,12,275,1838,-2844,3189,-1271,41,47,75,132,150,0
454745,28,27,293,106,1910,-2815,3382,-1136,22,22,90,125,151,0
458068,28,28,293,0,1718,-2598,3357,-994,25,28,130,125,147,0
461401,29,28,0,0,1809,-2345,3344,-846,107,71,155,129,142,0
464745,29,28,481,218,2243,-2235,3123,-697,109,90,147,115,145,0
468070,30,29,125,0,2591,-2067,2970,-549,13,110,159,118,144,0
471404,30,29,387,218,2662,-1632,2873,-399,-108,167,171,120,145,0
474745,30,30,593,0,2126,-903,2898,-246,-49,133,220,109,142,0
478073,31,30,200,0,1782,-520,2870,-89,28,153,237,114,145,0
481409,31,31,500,50,1686,-159,2828,71,48,179,214,114,138,0
484745,31,31,762,0,1596,437,2649,234,49,155,260,100,152,0
488077,32,32,725,0,1653,601,2379,393,91,159,280,102,145,0
491411,32,32,668,0,1965,506,2070,550,113,131,264,105,145,0
494767,32,33,875,0,2679,352,1760,701,83,100,219,94,138,0
498080,32,33,987,106,2919,260,1291,844,9,55,242,104,135,0
501414,33,33,350,106,2884,178,683,973,-19,73,250,122,135,0
504770,33,34,1006,275,2639,292,294,1090,12,159,192,103,126,0
508083,34,34,350,87,2492,494,-102,1196,24,-22,133,122,136,0
511417,34,35,143,0,2499,340,-498,1284,105,-3,129,133,131,0
514770,34,35,706,218,2709,45,-979,1346,-93,79,215,119,129,0
518086,35,35,87,68,2636,560,-1341,1390,-226,97,211,136,137,0
521421,35,36,331,0,1673,937,-2077,1396,-112,-38,205,123,126,0
524771,35,36,631,106,1064,783,-2470,1373,43,44,190,123,135,0
528089,36,37,0,0,1307,1039,-2943,1319,-68,13,174,141,135,0
531424,36,37,706,31,1489,1536,-3211,1237,-295,-175,262,119,139,0
534771,37,38,0,0,385,622,-3114,1141,-308,-217,247,142,133,0
538092,37,38,406,275,-1007,-302,-2854,1035,-213,-182,263,143,134,0
541427,38,38,0,106,-1749,-913,-2414,919,-229,-83,195,156,143,0
544771,38,39,312,181,-2299,-1616,-2123,798,-76,-9,271,148,139,0
548096,39,39,0,0,-1911,-1319,-1625,678,-90,29,205,150,151,0
551430,39,40,293,87,-2215,-906,-1567,549,-154,-14,175,149,144,0
554771,40,40,0,0,-2880,-671,-1675,405,-63,75,184,149,150,0
558099,40,41,12,0,-2897,-423,-1405,261,-61,29,137,148,142,0
561433,40,41,462,50,-2403,-5,-932,126,-41,-4,131,140,146,0
564772,41,42,0,0,-1901,-68,-647,1,51,-165,247,150,141,0
568102,41,42,443,200,-1129,-576,-272,-111,-10,-68,220,141,138,0
571461,42,42,0,181,-600,-952,377,-197,-56,-60,132,149,139,0
574793,42,43,612,181,-847,-973,623,-270,-51,-98,186,132,139,0
578105,43,43,0,181,-1104,-763,905,-331,39,-68,287,152,139,0
581463,43,44,200,143,-1056,-619,1136,-387,-107,3,267,138,125,0
584796,44,44,200,368,-1275,-381,1207,-438,-52,-43,279,138,129,0
588108,44,45,237,68,-1373,-267,1303,-486,-61,-72,334,136,129,0
591467,44,45,668,481,-1448,-371,1384,-526,-67,-132,374,129,123,0
594797,45,45,106,518,-1658,-563,1336,-558,-68,-64,384,143,121,0
598112,45,46,293,237,-1723,-663,1321,-582,-69,-70,330,133,120,0
601470,46,46,143,425,-1615,-594,1251,-598,5,-38,305,141,126,0
604797,46,46,387,406,-1151,-476,1205,-600,35,-11,289,128,127,0
608115,47,47,387,368,-596,-328,1168,-585,14,-28,239,128,129,0
611473,47,47,312,350,-27,-88,1211,-556,-70,53,173,132,130,0
614797,47,48,762,518,120,81,1198,-516,-58,17,180,124,121,0
618118,48,48,200,425,244,216,1267,-461,69,36,229,138,126,0
621477,48,48,462,481,807,403,1354,-388,-64,22,163,132,131,0
624797,49,49,31,237,1432,357,1558,-297,-6,-41,202,139,128,0
628121,49,49,481,650,1360,-67,1761,-177,-79,-48,182,131,122,0
631479,49,50,406,237,822,-890,1811,-43,153,49,160,135,128,0
634798,50,50,0,12,1152,-946,1841,105,149,74,133,146,140,0
638124,50,50,518,387,2462,-335,2102,271,23,43,70,129,136,0
641480,51,51,0,181,3328,-91,2358,442,-56,-49,122,149,131,0
644797,51,51,500,500,1953,-681,2161,599,-208,93,148,130,130,0
648128,52,52,200,181,494,-680,1932,735,111,93,179,130,131,0
651485,52,52,293,68,645,-29,2086,866,195,55,226,125,137,0
654819,52,53,706,200,1803,-123,1871,975,49,25,251,119,130,0
658131,53,53,87,31,1965,-457,1604,1075,-16,97,218,136,139,0
661489,53,53,743,537,2060,-370,1494,1174,3,159,193,117,128,0
664823,54,54,368,143,1765,-277,1200,1255,-117,53,155,121,133,0
668134,54,54,200,12,851,-418,841,1310,64,65,184,130,140,0
671489,54,55,800,200,717,-389,627,1350,13,96,224,114,130,0
674823,55,55,68,31,736,-343,448,1373,56,80,189,137,139,0
678138,55,56,218,218,645,-349,32,1362,121,46,234,129,129,0
681488,55,56,537,106,1040,-289,-173,1337,10,54,204,128,135,0
684823,56,56,0,50,816,-179,-473,1294,-5,-11,185,142,138,0
688141,56,57,631,256,470,-91,-680,1237,26,27,178,123,127,0
691489,57,57,0,162,186,94,-1022,1168,23,9,220,145,132,0
694823,57,58,143,0,169,230,-1311,1086,-10,32,227,133,126,0
698144,58,58,237,312,-43,388,-1589,993,83,4,215,128,124,0
701518,58,58,687,650,-34,430,-1799,895,0,9,207,128,130,0
704824,58,59,593,256,-238,430,-1990,792,-33,-4,230,133,135,0
708147,59,59,0,218,-556,290,-2181,684,8,8,243,161,137,0
711489,59,60,293,293,-667,134,-2364,573,-29,0,234,149,133,0
714824,60,60,0,256,-896,141,-2562,456,-106,-26,203,161,135,0
718150,60,60,256,518,-1394,220,-2798,331,-1,-41,264,151,137,0
721490,61,61,0,237,-1553,277,-3091,197,-51,-52,255,162,136,0
724824,61,61,0,200,-1560,329,-3219,57,-34,-4,242,153,138,0
728153,62,62,0,368,-1786,521,-3308,-88,-165,-17,206,163,129,0
731511,62,62,0,125,-2567,819,-3570,-248,-33,-18,224,162,142,0
734846,63,63,0,275,-2654,1004,-3720,-420,-94,-27,205,174,134,0
738157,63,63,0,181,-2725,1195,-3740,-593,-112,20,170,164,139,0
741514,64,63,0,575,-3064,1700,-3720,-767,-47,-75,188,172,134,0
744849,65,64,0,200,-3186,1972,-3634,-946,186,-40,389,171,138,0
748160,65,64,0,237,-2239,2228,-3431,-1127,98,-43,419,175,136,0
751515,66,65,0,331,-494,2273,-2780,-1281,106,-141,361,175,131,0
754849,66,65,0,312,97,2168,-2623,-1424,45,-151,406,163,132,0
758163,67,66,0,481,207,1863,-2195,-1558,-77,-131,389,161,123,0
761514,67,66,0,556,28,1308,-1340,-1658,3,-126,333,143,119,0
764850,68,66,0,931,113,746,-835,-1734,76,-144,323,133,115,0
768166,68,67,293,556,456,128,-269,-1789,132,-127,281,117,119,0
771515,68,67,593,875,789,-720,285,-1818,-39,-75,274,117,118,0
774850,69,67,0,706,470,-1268,920,-1815,-81,-75,223,135,127,0
778169,69,68,106,350,-53,-1787,1288,-1795,-26,-85,205,127,130,0
781515,70,68,218,443,-114,-2294,1790,-1753,123,-41,121,121,141,0
784879,70,69,50,237,602,-2357,2015,-1691,97,-107,99,138,144,0
788173,70,69,350,0,1275,-2486,2393,-1611,47,0,108,122,158,0
791516,71,70,0,0,1717,-2540,2644,-1513,-3,-41,146,138,144,0
794850,71,70,256,218,1746,-2622,2791,-1405,42,14,98,127,145,0
798176,72,71,237,237,1676,-2660,2897,-1282,54,66,95,128,144,0
801516,72,71,12,0,1679,-2386,2770,-1155,138,66,138,124,145,0
804851,72,72,500,0,1997,-2145,2676,-1021,101,70,148,114,141,0
808179,73,72,50,31,2330,-1891,2545,-886,33,133,145,122,139,0
811537,73,72,668,275,2531,-1448,2513,-745,-20,152,132,105,142,0
814851,73,73,575,0,2218,-1060,2480,-599,-9,151,204,110,143,0
818182,74,73,106,0,1788,-608,2315,-453,2,104,222,119,145,0
821541,74,74,762,50,1519,40,2287,-302,23,198,251,100,138,0
824874,74,74,650,0,1556,402,2149,-147,124,126,251,106,145,0
828185,75,75,593,31,1924,491,2010,12,114,100,291,109,139,0
831541,75,75,687,0,2559,200,1603,162,111,119,261,104,142,0
834874,75,75,743,162,2896,21,1155,302,3,153,227,101,132,0
838189,76,76,612,162,2836,116,726,436,-39,92,193,108,132,0
841541,76,76,425,68,2557,234,238,560,-34,80,210,118,137,0
844874,76,77,968,181,2473,223,-189,671,16,82,166,105,131,0
848192,77,77,350,87,2569,365,-543,770,-91,-2,134,122,136,0
851541,77,78,331,0,2271,227,-1011,852,-41,-9,146,123,129,0
854875,77,78,837,237,1936,224,-1461,913,-35,131,234,112,128,0
858195,78,78,87,68,1993,723,-2014,937,-109,78,157,136,137,0
861542,78,79,781,181,1527,1131,-2644,937,-12,-11,170,115,131,0
864875,78,79,612,12,1542,1187,-2906,914,-89,-36,246,124,140,0
868198,79,80,462,312,1328,1110,-3243,855,-263,-142,222,140,132,0
871542,79,80,650,68,148,546,-3169,782,-262,-34,239,130,145,0
874875,80,80,0,181,-925,-3,-3035,696,-235,-192,255,150,139,0
878202,80,81,443,125,-1790,-788,-2699,602,-215,-194,243,141,142,0
881542,81,81,0,106,-2131,-1405,-2313,501,-211,13,136,162,143,0
884875,81,82,293,68,-2522,-1165,-2034,398,-116,6,219,149,145,0
888204,82,82,0,0,-2318,-935,-1715,288,19,23,220,155,152,0
891542,82,83,406,68,-2329,-762,-1503,178,-128,41,120,143,145,0
894876,83,83,0,0,-2794,-465,-1434,58,-102,19,216,158,149,0
898208,83,84,0,0,-2855,-20,-1133,-59,26,-90,163,156,143,0
901564,84,84,0,0,-2346,19,-922,-175,69,-97,259,156,149,0
904900,84,85,68,0,-1677,-413,-492,-281,40,-93,248,145,141,0
908211,85,85,500,87,-654,-631,-26,-368,-121,-113,177,138,144,0
911568,85,86,87,0,-676,-822,578,-433,-52,-64,251,144,134,0
914904,85,86,575,406,-972,-761,916,-484,10,-90,250,134,127,0
918214,86,86,68,312,-944,-707,1230,-524,-51,-118,252,145,132,0
921567,86,87,293,87,-1133,-658,1508,-555,-71,-82,307,133,128,0
924904,87,87,125,387,-1280,-485,1581,-578,-35,-54,320,142,128,0
928217,87,88,275,106,-1430,-354,1552,-601,-15,-96,361,134,127,0
931568,88,88,237,518,-1308,-361,1543,-620,-70,-90,352,136,121,0
934910,88,88,256,387,-1470,-422,1361,-640,-29,-67,345,135,128,0
938220,88,89,687,443,-1576,-479,1252,-651,-21,-37,321,128,125,0
941568,89,89,50,425,-1455,-477,1092,-653,15,-12,313,146,126,0
944909,89,90,331,143,-1237,-434,1000,-644,15,1,258,131,125,0
948224,90,90,293,462,-723,-229,896,-624,42,52,169,133,124,0
951569,90,90,575,368,358,275,1034,-586,-34,30,129,126,137,0
954909,90,91,481,256,780,451,1252,-529,-121,-20,181,131,127,0
958227,91,91,0,462,374,65,1252,-459,14,22,235,144,116,0
961568,91,91,575,706,446,-378,1337,-371,52,56,170,126,119,0
964910,92,92,0,31,1267,-137,1544,-260,169,-25,135,143,139,0
968231,92,92,200,50,2249,-26,1820,-121,25,-71,112,130,138,0
971569,93,93,106,200,2522,-390,1875,28,-142,-18,78,135,130,0
974911,93,93,31,181,1675,-615,1956,190,-41,87,123,139,131,0
978233,93,93,575,556,1095,-568,1937,350,70,-13,155,126,127,0
981590,94,94,0,143,1162,-544,1871,503,64,38,170,142,133,0
984910,94,94,218,68,1459,-498,1810,644,101,84,174,129,137,0
988237,95,95,331,218,1926,-498,1855,774,-7,63,187,123,129,0
991594,95,95,312,143,1744,-655,1762,893,-73,139,240,124,133,0
994911,95,96,837,218,958,-742,1414,991,30,150,205,112,129,0
998240,96,96,200,87,738,-533,1222,1076,99,181,192,130,136,0
1001593,96,96,406,68,1548,-163,1132,1156,15,88,216,119,137,0
1004911,96,97,781,181,1700,-239,822,1217,16,98,226,115,131,0
1008243,97,97,162,181,1540,-319,508,1262,33,63,213,132,131,0
1011594,97,98,818,237,1366,-206,318,1287,9,98,203,113,128,0
1014935,98,98,218,106,994,-180,128,1292,46,58,206,129,135,0
1018246,98,98,200,87,742,-243,-105,1271,98,44,174,130,136,0
1021594,98,99,575,143,947,-214,-364,1231,8,-8,172,126,133,0
1024937,99,99,0,87,821,-113,-548,1175,35,-9,198,145,136,0
1028249,99,100,575,256,517,-59,-713,1106,0,24,168,126,127,0
1031594,100,100,0,143,298,110,-922,1027,94,2,157,145,133,0
1034937,100,100,593,593,412,259,-1150,943,-61,44,178,133,133,0
1038253,101,101,87,218,16,372,-1417,850,7,-26,195,144,137,0
1041595,101,101,406,462,-375,409,-1631,757,-2,13,213,143,140,0
1044937,101,102,443,293,-460,446,-1904,658,-15,21,228,141,133,0
1048256,102,102,0,218,-638,416,-2197,556,-10,-39,243,157,137,0
1051595,102,103,368,331,-882,368,-2484,447,-27,-37,305,145,131,0
1054938,103,103,0,200,-978,331,-2733,333,-97,-45,297,162,138,0
1058259,103,103,256,650,-1363,345,-2970,208,-159,-9,273,151,130,0
1061617,104,104,0,237,-2043,501,-3280,67,-44,-63,267,158,136,0
1064938,104,104,0,181,-2024,633,-3449,-79,-102,-40,225,153,139,0
1068262,105,105,0,275,-2102,741,-3668,-236,-122,-10,243,166,134,0
1071620,105,105,0,106,-2477,906,-3882,-405,-119,-13,216,163,143,0
1074938,106,106,0,256,-2962,1143,-4035,-588,-17,21,173,166,135,0
1078266,106,106,0,181,-3188,1502,-4067,-774,-25,-10,223,165,139,0
1081619,107,106,0,575,-3141,1907,-4010,-960,-21,-10,218,171,134,0
1084938,108,107,0,200,-2861,2215,-3775,-1139,85,-81,230,166,138,0
1088268,108,107,0,256,-1853,2489,-3208,-1298,258,-138,446,166,135,0
1091620,109,108,0,331,49,2632,-2878,-1444,-29,-102,389,163,131,0
1094939,109,108,0,350,520,2184,-2527,-1581,-91,-130,384,151,130,0
1098272,110,109,0,875,89,1649,-1581,-1686,54,-180,353,145,118,0
1101621,110,109,87,631,-80,954,-1254,-1769,133,-236,377,128,115,0
1104963,110,109,556,912,522,243,-542,-1824,-14,-112,292,119,116,0
1108275,111,110,0,500,967,-465,157,-1855,-95,-127,277,137,122,0
1111621,111,110,500,837,684,-1271,864,-1853,-85,-18,223,122,120,0
1114966,112,110,125,631,56,-1784,1301,-1828,85,-60,207,126,131,0
1118278,112,111,50,256,76,-2190,1733,-1784,97,-63,138,138,143,0
1121621,112,111,275,0,1073,-2309,2002,-1726,-8,-92,112,126,158,0
1124967,113,112,0,0,1369,-2465,2335,-1649,57,0,135,139,145,0
1128281,113,112,256,106,1493,-2623,2738,-1552,35,-10,129,127,151,0
1131621,114,113,0,0,1775,-2762,2952,-1443,15,-15,84,130,146,0
1134967,114,113,162,237,1790,-2761,3062,-1325,19,36,98,132,144,0
1138284,114,114,406,12,1598,-2529,2938,-1205,77,50,135,119,140,0
1141644,115,114,0,0,1856,-2235,2917,-1077,122,86,169,129,146,0
1144968,115,115,500,0,2270,-2097,2852,-944,78,127,162,114,144,0
1148288,115,115,518,0,2399,-1868,2631,-811,-21,154,176,113,144,0
1151644,116,116,443,50,1960,-1312,2554,-672,-10,139,255,117,138,0
1154968,116,116,706,31,1789,-891,2510,-524,73,171,246,103,139,0
1158291,116,116,631,0,1735,-526,2284,-375,61,165,233,107,146,0
1161645,117,117,518,0,2064,-68,2201,-221,83,215,216,113,141,0
1164968,117,117,725,0,2326,211,1992,-66,32,132,262,102,145,0
1168294,117,118,743,0,2441,360,1536,83,86,156,240,101,138,0
1171645,118,118,500,31,2709,432,1151,227,7,103,254,114,139,0
1174967,118,118,687,125,2715,488,745,365,-4,93,266,104,134,0
1178298,118,119,1081,218,2685,379,217,493,34,100,242,99,129,0
1181645,119,119,200,50,2788,299,-246,612,-83,79,203,130,138,0
1184969,119,120,500,0,2637,296,-666,718,-13,43,158,114,125,0
1188300,119,120,856,143,2664,491,-1213,805,-59,77,176,111,133,0
1191645,120,121,0,0,2118,800,-1681,871,-197,8,118,147,129,0
1194969,120,121,650,200,1259,1108,-2030,907,43,108,247,122,130,0
1198304,121,121,275,68,1391,1516,-2569,917,-59,-26,303,126,137,0
1201645,121,122,743,350,1812,1407,-2824,908,-110,-54,217,125,130,0
1204972,121,122,462,0,1447,1077,-3100,860,-361,-163,150,140,149,0
1208307,122,123,200,125,246,274,-2838,811,-277,-267,173,154,142,0
1211646,122,123,462,0,-1709,-926,-2631,746,-187,-161,204,140,151,0
1214976,123,124,0,0,-2124,-1560,-2222,671,-85,58,193,159,141,0
1218310,123,124,350,200,-2057,-1425,-2126,578,-147,-16,162,146,138,0
1221646,124,125,0,0,-2412,-1229,-2063,473,-29,35,179,162,147,0
1224980,124,125,293,87,-2360,-864,-2111,353,-54,-40,184,149,144,0
1228313,125,126,0,0,-2264,-404,-2003,227,-219,22,149,162,145,0
1231670,125,126,350,87,-2401,-186,-1637,103,-45,72,196,146,144,0
1234982,126,126,0,0,-2210,67,-1343,-23,16,-142,192,149,149,0
1238316,126,127,256,0,-1836,-354,-762,-139,4,-193,253,135,144,0
1241674,127,127,0,68,-1151,-886,-368,-247,8,-115,204,153,145,0
1244985,127,128,106,0,-829,-1045,235,-331,-61,-64,205,143,136,0
1248320,128,128,256,237,-808,-820,608,-403,-70,-85,222,135,136,0
1251674,128,129,162,12,-939,-629,884,-465,-26,-101,278,140,132,0
1254989,128,129,612,425,-820,-495,1190,-510,-46,-75,287,132,126,0
1258323,129,129,68,443,-972,-329,1417,-545,-162,-126,293,145,125,0
1261680,129,130,387,200,-1310,-297,1546,-575,-115,-108,342,128,122,0
1264993,130,130,181,406,-1696,-320,1587,-597,-14,-77,343,139,127,0
1268326,130,131,256,106,-1545,-454,1630,-615,0,-91,372,135,127,0
1271680,131,131,350,481,-1244,-518,1521,-630,-45,-68,325,130,123,0
1274995,131,131,106,406,-1193,-571,1387,-634,-62,-5,311,143,127,0
1278329,131,132,725,481,-1214,-464,1261,-631,-13,4,300,126,123,0
1281681,132,132,125,406,-1257,-438,1118,-619,33,-5,268,142,127,0
1284998,132,132,462,481,-707,-342,952,-596,30,89,242,132,131,0
1288332,133,133,181,143,423,216,1079,-555,17,16,189,131,133,0
1291680,133,133,593,631,788,504,1211,-496,-142,-8,154,125,123,0
1295001,133,134,612,481,301,204,1154,-422,-10,-61,220,124,115,0
1298336,134,134,0,443,36,-628,1259,-330,145,16,195,142,117,0
1301681,134,134,650,462,777,-537,1342,-225,222,-1,173,122,132,0
1305004,135,135,0,0,2354,-165,1741,-90,84,-11,86,141,141,0
1308339,135,135,50,125,3323,-4,1945,58,-208,-20,101,138,134,0
1311680,136,136,125,312,2059,-453,1979,216,-190,25,116,134,124,0
1315008,136,136,12,256,290,-917,1792,361,56,69,138,140,127,0
1318343,136,136,668,387,813,-440,1885,502,223,86,187,121,136,0
1321681,137,137,0,31,2436,-135,2100,637,78,44,212,145,139,0
1325012,137,137,162,181,2579,-511,2079,769,-148,95,210,132,131,0
1328345,138,138,593,293,1221,-948,1642,885,43,142,165,125,125,0
1331681,138,138,462,12,1117,-538,1530,998,70,141,182,116,140,0
1335015,138,139,893,125,1455,-156,1438,1106,-37,99,223,109,134,0
1338348,139,139,162,143,1271,-207,1144,1193,40,119,215,132,133,0
1341707,139,139,350,87,1130,-283,902,1263,97,153,217,122,136,0
1345018,139,140,837,200,1319,-151,525,1303,42,112,201,112,130,0
1348352,140,140,181,106,1163,-62,290,1324,38,53,204,131,135,0
1351708,140,141,743,143,1048,-159,171,1322,140,58,192,117,133,0
1355021,141,141,237,125,1209,-250,-19,1302,47,27,195,128,134,0
1358356,141,141,12,87,996,-242,-448,1260,14,68,208,140,136,0
1361708,141,142,706,256,475,-146,-711,1201,32,67,196,119,127,0
1365024,142,142,31,87,115,-62,-839,1131,143,23,191,139,136,0
1368359,142,143,668,331,456,83,-1153,1046,46,-7,206,129,131,0
1371708,143,143,0,106,470,185,-1374,954,-38,60,244,156,143,0
1375027,143,144,443,293,214,260,-1672,850,38,-30,178,141,133,0
1378361,144,144,106,181,-181,301,-1945,742,0,45,172,143,139,0
1381708,144,144,368,650,-416,360,-2217,630,-59,-39,178,145,130,0
1385030,144,145,387,256,-821,313,-2476,513,8,-91,244,144,135,0
1388364,145,145,0,218,-890,185,-2754,392,-68,18,227,160,137,0
1391708,146,146,0,368,-1369,236,-3000,268,-71,-39,206,151,129,0
1395033,146,146,0,218,-1885,399,-3179,135,81,-22,260,154,137,0
1398368,146,147,293,593,-1653,570,-3378,-7,-82,-27,212,149,133,0
1401709,147,147,0,256,-1972,598,-3609,-156,-70,7,215,163,135,0
1405036,148,147,0,443,-2403,745,-3819,-315,-93,-51,176,166,141,0
1408371,148,148,0,218,-2776,1018,-3916,-479,-60,-8,176,167,137,0
1411709,149,148,0,125,-2790,1275,-3927,-656,29,15,212,179,142,0
1415040,149,149,0,256,-2653,1686,-3946,-840,-112,-18,146,171,135,0
1418374,150,149,0,143,-3282,2037,-3891,-1024,-30,94,170,187,141,0
1421710,150,150,0,406,-2966,2394,-3639,-1193,181,-49,441,178,127,0
1425043,151,150,0,387,-1259,2632,-2983,-1346,191,-48,486,177,128,0
1428377,152,150,0,350,573,2455,-2784,-1498,-14,-255,458,172,130,0
1431733,152,151,0,425,639,2021,-2234,-1633,-94,-103,380,159,126,0
1435046,153,151,0,537,412,1574,-1656,-1736,-27,-142,378,150,120,0
1438380,153,152,0,950,292,727,-1015,-1816,88,-168,332,134,114,0
1441737,153,152,275,631,226,-82,-559,-1878,-7,-99,311,118,115,0
1445050,154,152,200,875,56,-720,-75,-1916,-1,-68,242,122,118,0
1448384,154,153,275,331,-82,-1558,665,-1923,40,-83,212,118,131,0
1451742,154,153,293,537,-97,-2147,1205,-1902,42,-68,214,125,128,0
1455052,155,153,0,593,-99,-2490,1649,-1860,-21,-80,154,139,125,0
1458387,155,154,350,556,-34,-2721,2278,-1794,-38,-34,139,122,127,0
1461745,156,154,0,256,86,-2859,2603,-1712,63,-25,105,132,143,0
1465056,156,155,87,0,710,-2836,2697,-1614,224,-37,46,120,144,0
1468391,156,155,443,106,2461,-2508,2838,-1503,-51,57,56,117,151,0
1471746,157,156,0,0,2644,-2303,2796,-1389,-1,6,112,135,148,0
1475059,157,156,368,125,2515,-2231,2888,-1263,-8,75,140,121,150,0
1478393,157,157,425,0,2392,-2091,2801,-1132,-23,71,113,118,147,0
1481747,158,157,0,0,2407,-1854,2770,-994,91,123,101,129,148,0
1485063,158,158,575,50,2571,-1383,2633,-851,25,131,133,110,138,0
1488396,159,158,462,0,2724,-647,2440,-705,20,131,205,116,142,0
1491746,159,158,481,293,2779,-159,2394,-553,-83,215,212,115,141,0
1495065,159,159,725,0,2305,333,2431,-391,-108,147,219,102,143,0
1498400,160,159,575,0,1411,693,2388,-222,18,167,284,110,149,0
1501747,160,160,706,0,1202,636,2135,-56,72,105,315,103,142,0
1505069,160,160,912,0,1461,432,1820,105,115,88,288,92,147,0
1508403,160,161,762,0,2012,-6,1259,257,49,58,322,100,138,0
1511747,161,161,556,87,2211,-355,713,399,4,113,309,111,136,0
1515072,161,162,687,0,2349,-531,227,528,52,120,254,104,131,0
1518406,161,162,987,275,2391,-398,-461,637,32,80,185,104,126,0
1521747,162,162,312,125,2603,-258,-931,731,-8,78,175,124,134,0
1525076,162,163,537,0,2664,-251,-1374,809,-79,63,179,112,132,0
1528409,162,163,856,143,2079,28,-1954,862,-125,75,248,111,133,0
1531779,163,164,481,406,1275,536,-2625,873,-89,79,224,139,127,0
1535079,163,164,800,181,968,894,-3136,862,72,88,180,122,139,0
1538412,164,164,181,0,1479,1104,-3623,819,20,111,199,139,149,0
1541768,164,165,725,143,1894,1510,-3878,749,-262,-48,222,126,141,0
1545081,165,165,481,0,1267,1490,-3949,658,-328,-163,199,139,152,0
1548416,165,166,256,106,-534,422,-3747,558,-268,-257,206,151,143,0
1551772,165,166,312,12,-1738,-640,-3066,465,-243,-130,133,148,148,0
1555085,166,167,0,0,-2567,-1248,-2647,361,-75,-130,203,156,138,0
1558419,166,167,387,125,-2361,-1527,-1881,265,-34,-59,212,144,142,0
1561773,167,168,0,0,-2110,-1401,-1264,174,-110,52,170,161,141,0
1565088,167,168,218,87,-2453,-898,-1370,60,-237,27,136,153,144,0
1568422,168,169,0,68,-3196,-383,-1302,-61,67,-37,197,165,145,0
1571773,168,169,200,68,-2511,28,-1070,-179,-17,-46,217,154,145,0
1575091,169,170,0,0,-2056,129,-731,-291,48,-87,292,156,145,0
1578425,169,170,143,0,-1266,-16,-290,-387,33,-100,243,141,141,0
1581773,170,170,0,87,-557,-406,263,-469,-113,-130,147,152,144,0
1585095,170,171,181,0,-577,-662,769,-533,-118,-133,212,139,134,0
1588428,171,171,106,275,-1051,-695,1156,-583,-5,-166,278,143,134,0
1591773,171,172,293,31,-918,-821,1332,-624,-118,-106,257,133,131,0
1595097,172,172,293,387,-1018,-745,1407,-656,-91,-69,270,133,128,0
1598432,172,172,181,387,-1467,-361,1367,-688,-48,-138,315,139,128,0
1601774,172,173,612,387,-1563,-319,1339,-722,-95,-121,353,132,128,0
1605100,173,173,143,293,-1790,-398,1229,-758,-77,-79,354,141,133,0
1608435,173,174,312,143,-1935,-443,1150,-789,-4,-62,332,132,125,0
1611774,174,174,181,556,-1682,-420,1126,-811,-17,-84,309,139,119,0
1615104,174,174,425,518,-1468,-418,1044,-818,23,-60,269,134,129,0
1618439,174,175,518,293,-978,-487,1052,-807,-10,6,277,129,125,0
1621795,175,175,0,275,-667,-592,897,-786,106,20,283,142,126,0
1625107,175,176,725,368,-150,-422,925,-743,140,53,204,118,121,0
1628441,176,176,143,200,1041,159,1076,-680,-50,61,110,133,130,0
1631798,176,176,312,387,1500,370,1277,-597,-68,-33,174,124,120,0
1635111,176,177,612,537,893,-82,1267,-496,-70,-25,213,124,112,0
1638444,177,177,0,293,143,-610,1357,-372,168,-2,180,143,125,0
1641799,177,177,650,406,1215,-393,1564,-225,191,30,158,122,135,0
1645114,178,178,0,50,2680,-83,1815,-55,-29,31,107,146,138,0
1648448,178,178,31,162,2886,-156,1967,126,-196,11,86,139,132,0
1651800,179,179,237,312,1566,-512,1874,308,-4,-16,136,128,124,0
1655117,179,179,31,218,611,-741,1811,482,95,116,183,139,129,0
1658451,179,180,668,518,894,-526,1895,637,126,69,201,121,129,0
1661799,180,180,68,125,1327,-426,1754,775,109,56,202,137,134,0
1665120,180,180,293,50,1775,-551,1636,885,37,146,195,125,138,0
1668454,180,181,725,237,2187,-487,1561,973,-64,101,209,118,128,0
1671800,181,181,181,162,1587,-405,1329,1057,-70,103,218,131,132,0
1675124,181,182,743,218,844,-415,979,1128,32,100,222,117,129,0
1678457,182,182,162,68,683,-310,822,1188,180,139,216,132,137,0
1681800,182,182,350,31,1199,-280,531,1227,128,88,216,122,139,0
1685126,182,183,818,275,1766,-300,247,1244,25,87,224,113,126,0
1688461,183,183,87,68,1651,-364,177,1241,-25,83,175,136,137,0
1691800,183,184,612,218,1096,-402,15,1218,29,71,169,124,129,0
1695129,184,184,218,143,684,-317,-407,1169,61,52,180,129,133,0
1698487,184,184,650,593,432,-173,-634,1107,0,35,176,130,133,0
1701821,184,185,500,162,332,19,-695,1042,84,-24,218,138,140,0
1705133,185,185,0,87,573,178,-944,969,101,1,226,159,144,0
1708490,185,186,406,181,831,254,-1091,893,-70,20,188,143,139,0
1711825,186,186,0,143,341,311,-1274,815,-81,20,191,158,141,0
1715136,186,187,481,312,-114,401,-1632,728,-40,-12,181,139,132,0
1718494,187,187,0,181,-356,456,-1905,634,-38,29,248,156,139,0
1721824,187,188,443,368,-507,391,-2066,536,-112,-1,248,141,129,0
1725139,188,188,0,331,-1067,272,-2472,426,-6,-50,221,149,131,0
1728498,188,188,143,218,-1400,141,-2660,315,-60,-68,277,141,137,0
1731825,189,189,0,350,-1412,153,-2845,197,-39,-32,253,149,130,0
1735143,189,189,0,162,-1585,226,-3200,64,-60,-13,251,156,140,0
1738500,190,190,0,312,-2007,430,-3455,-83,-66,-20,262,162,132,0
1741825,190,190,0,237,-2427,568,-3570,-234,-65,-61,226,163,136,0
1745145,191,190,0,500,-2702,632,-3686,-392,-79,-37,209,165,138,0
1748503,191,191,0,143,-2684,949,-3872,-562,-64,47,227,167,141,0
1751825,192,191,0,125,-2802,1327,-4049,-745,-179,-60,165,176,142,0
1755148,192,192,0,293,-3256,1708,-3799,-925,106,-19,282,170,133,0
1758507,193,192,0,200,-2711,2203,-3718,-1100,29,-33,295,180,138,0
1761826,193,193,0,443,-1887,2610,-3244,-1258,122,-68,433,166,125,0
1765152,194,193,0,387,-825,2585,-2812,-1405,152,-85,441,176,128,0
1768508,194,193,0,781,212,2405,-2482,-1537,-31,-168,369,155,123,0
1771826,195,194,0,443,383,1965,-1950,-1650,-55,-81,320,148,125,0
1775155,195,194,0,593,25,1267,-1370,-1741,-16,-105,299,135,117,0
1778513,196,194,50,912,-224,678,-826,-1808,82,-143,276,130,116,0
1781848,196,195,443,668,112,52,-326,-1849,59,-69,214,117,121,0
1785158,196,195,331,593,385,-701,332,-1865,-2,-29,250,123,125,0
1788516,197,196,31,387,29,-1254,850,-1855,-49,-126,244,123,120,0
1791851,197,196,518,631,-206,-1734,1363,-1820,100,-105,168,113,123,0
1795161,198,196,0,293,198,-2029,1622,-1775,188,-97,108,134,141,0
1798517,198,197,350,181,1458,-2140,1816,-1718,20,-71,95,122,147,0
1801851,198,197,368,50,2006,-2292,2081,-1641,0,-39,150,121,154,0
1805164,199,198,0,0,2106,-2443,2366,-1547,-19,-38,137,136,147,0
1808517,199,198,312,125,2006,-2608,2616,-1443,4,-10,66,124,150,0
1811852,200,199,0,0,1901,-2601,2597,-1333,67,33,77,131,143,0
1815168,200,199,0,0,1982,-2206,2447,-1222,87,72,123,126,141,0
1818517,200,200,481,12,2314,-1915,2335,-1109,70,110,163,115,140,0
1821852,201,200,31,0,2425,-1655,2270,-987,-13,185,181,123,145,0
1825171,201,201,631,387,2262,-1224,2293,-856,-19,154,198,107,136,0
1828518,201,201,593,0,1620,-862,2251,-721,-22,161,247,109,146,0
1831852,202,201,162,0,1260,-454,2132,-577,32,127,276,116,141,0
1835174,202,202,800,0,1092,39,1950,-433,65,169,264,98,141,0
1838518,202,202,668,0,1214,241,1771,-289,143,144,299,105,145,0
1841853,203,203,650,12,1793,187,1551,-141,127,84,311,106,140,0
1845177,203,203,575,12,2632,-123,1132,2,111,107,284,110,140,0
1848518,203,204,725,0,3055,-244,645,133,-45,120,259,102,130,0
1851852,204,204,593,218,2796,-123,180,254,10,100,193,109,129,0
1855180,204,204,293,106,2574,83,-247,368,48,100,190,125,135,0
1858518,204,205,931,237,2600,254,-603,475,84,69,182,107,128,0
1861874,205,205,218,50,2860,358,-949,564,53,-19,172,129,138,0
1865184,205,206,1587,1212,2829,321,-1454,635,-90,27,193,128,132,0
1868539,206,206,425,350,2169,264,-2027,673,-136,71,181,174,178,0
1871874,206,207,818,350,1575,356,-2523,682,-30,36,237,169,178,0
1875188,207,208,237,0,1667,671,-3116,662,-110,108,229,184,194,0
1878543,207,208,331,0,1821,1234,-3320,619,-327,-11,81,179,193,0
1881877,208,209,256,0,410,1103,-3381,557,-423,-257,112,183,181,0
1885190,209,209,0,0,-2416,-103,-2946,490,-241,-184,276,182,181,0
1888543,209,210,575,256,-2865,-755,-2509,422,-142,-95,261,166,167,0
1891877,210,210,0,218,-2748,-1273,-2046,348,-170,-94,228,182,169,0
1895194,210,211,162,0,-2755,-1784,-1506,274,-71,-57,124,172,167,0
1898543,211,212,31,31,-3384,-1572,-1265,192,-102,41,249,179,163,0
1901878,212,212,0,0,-3552,-935,-1177,105,12,16,155,175,169,0
1905196,212,213,331,68,-3554,-208,-1049,15,80,53,242,163,161,0
1908544,213,213,0,0,-2961,-130,-1026,-81,125,-33,370,171,169,0
1911879,213,214,387,200,-1533,-73,-480,-170,-76,-57,289,160,154,0
1915200,214,214,12,181,-800,-153,131,-248,-123,-144,244,164,155,0
1918544,214,215,668,462,-914,-375,684,-307,-78,-207,276,145,140,0
1921878,215,215,106,350,-1160,-600,1172,-347,-105,-136,291,159,146,0
1925204,215,216,162,200,-1470,-1036,1667,-368,-31,-52,314,156,138,0
1928544,216,216,218,425,-1465,-1079,1843,-381,-35,-56,298,153,142,0
1931878,216,217,312,162,-1407,-916,1932,-393,33,-38,330,148,140,0
1935206,217,217,425,612,-882,-602,2015,-400,13,-77,346,142,132,0
1938545,217,217,368,556,-667,-422,2016,-404,-98,-34,271,145,135,0
1941879,218,218,425,593,-969,-327,1919,-405,-176,47,280,142,133,0
1945209,218,218,331,443,-1127,-11,1788,-404,78,-2,238,147,141,0
1948568,218,219,650,200,-479,321,1746,-398,-2,-16,219,138,146,0
1951902,219,219,31,181,366,441,1690,-381,37,28,211,155,147,0
1955213,219,220,443,87,1245,653,1605,-351,-75,10,169,133,136,0
1958569,220,220,181,443,1269,620,1687,-304,-8,-104,182,147,133,0
1961902,220,220,275,387,1037,3,1715,-242,134,-82,171,142,136,0
1965216,221,221,256,331,1542,-482,1638,-172,172,-18,199,143,139,0
1968570,221,221,293,181,2711,-295,1849,-85,83,66,134,141,147,0
1971903,222,222,0,31,3359,-353,2004,22,-81,-15,155,145,139,0
1975220,222,222,256,275,2498,-961,1772,141,-111,24,72,143,142,0
1978570,222,223,331,0,1720,-954,1743,274,64,6,108,139,146,0
1981903,223,223,368,237,1782,-582,1849,430,27,24,144,137,144,0
1985222,223,224,406,68,1634,-443,1743,588,-48,92,155,135,137,0
1988570,224,224,0,31,1009,-457,1516,741,114,139,207,142,139,0
1991903,224,224,593,406,1148,-328,1299,873,72,146,214,125,135,0
1995225,225,225,87,0,1597,-221,1049,985,-38,59,204,136,142,0
1998570,225,225,687,425,1139,-273,694,1070,-74,95,216,120,134,0
2001903,225,226,706,68,510,-350,414,1130,60,58,246,119,137,0
2005229,226,226,87,31,389,-509,146,1174,107,67,196,136,139,0
2008570,226,227,687,162,570,-558,-279,1202,71,47,239,120,132,0
2011903,227,227,68,87,558,-565,-472,1220,105,-11,270,137,136,0
2015232,227,228,200,200,585,-596,-712,1230,139,36,231,130,130,0
2018571,227,228,518,162,803,-385,-1010,1214,73,23,215,129,132,0
2021904,228,228,0,106,813,-91,-1267,1170,-32,38,187,146,135,0
2025235,228,229,518,256,268,161,-1614,1098,8,42,234,129,127,0
2028592,229,229,0,143,129,320,-1772,1006,1,38,204,149,133,0
2031904,229,230,443,331,-71,525,-2037,890,-32,45,207,141,131,0
2035239,230,230,0,200,-607,733,-2312,761,64,-31,204,149,138,0
2038595,230,230,256,500,-529,734,-2463,623,-31,-12,216,151,138,0
2041928,231,231,0,218,-705,652,-2622,478,-161,-73,282,158,137,0
2045242,231,231,0,200,-1616,590,-2986,322,-13,-59,222,160,138,0
2048596,232,232,0,312,-1762,635,-3166,163,-90,-18,224,169,132,0
2051932,232,232,0,200,-2047,742,-3337,3,48,-20,202,159,138,0
2055244,233,232,0,518,-2375,924,-3499,-160,-64,-37,234,168,137,0
2058596,233,233,0,200,-2517,1032,-3685,-328,-129,0,170,168,138,0
2061937,234,233,0,425,-2939,1189,-3881,-499,-61,2,183,173,142,0
2065248,234,234,0,237,-3311,1612,-3933,-675,-36,11,195,171,136,0
2068596,235,234,0,462,-3272,1953,-3892,-850,-114,-5,155,176,140,0
2071939,236,235,0,237,-3211,2169,-3802,-1020,166,-46,312,176,136,0
2075251,236,235,0,218,-1798,2530,-3181,-1177,216,-123,468,170,137,0
2078596,237,236,0,406,-81,2595,-2698,-1324,108,-145,490,170,127,0
2081938,237,236,0,368,821,2346,-2485,-1457,-82,-195,431,162,129,0
2085254,238,236,0,725,367,1713,-1578,-1561,-32,-182,367,154,126,0
2088597,238,237,0,612,100,1245,-1125,-1654,50,-169,421,135,116,0
2091939,238,237,237,706,493,527,-457,-1723,5,-250,392,120,111,0
2095257,239,237,125,950,795,-526,57,-1768,-48,-134,267,126,114,0
2098597,239,238,237,387,437,-1303,540,-1792,-72,-143,241,120,128,0
2101938,240,238,181,612,30,-1841,1102,-1791,-50,-33,175,123,132,0
2105261,240,239,0,218,-110,-2416,1583,-1763,93,-60,138,139,137,0
2108618,240,239,443,481,460,-2481,2005,-1713,-25,-78,108,125,139,0
2111938,241,240,0,31,733,-2419,2225,-1648,28,-12,68,144,147,0
2115264,241,240,125,106,1079,-2464,2637,-1557,41,-8,134,134,151,0
2118622,242,240,0,181,1340,-2587,2866,-1453,52,-6,83,134,147,0
2121939,242,241,312,256,1450,-2655,2996,-1337,31,42,37,124,143,0
2125267,242,241,350,218,1507,-2448,2937,-1213,110,34,109,122,145,0
2128621,243,242,0,50,1881,-2265,2934,-1082,135,71,156,129,138,0
2131939,243,242,593,218,2409,-2107,2781,-945,76,121,131,109,145,0
2135270,243,243,537,0,2638,-1774,2643,-807,-11,171,129,112,145,0
2138622,244,243,368,237,2438,-1365,2608,-662,-2,118,228,121,144,0
2141964,244,244,631,31,2331,-921,2616,-508,-31,177,228,107,139,0
2145274,244,244,556,0,1893,-236,2559,-351,5,161,241,111,143,0
2148622,245,245,593,31,1743,227,2464,-192,75,142,275,109,139,0
2151965,245,245,743,0,1761,504,2287,-27,73,165,275,101,142,0
2155276,245,246,762,0,2072,506,2009,134,54,117,294,100,144,0
2158622,246,246,593,0,2220,339,1641,289,55,129,282,109,142,0
2161965,246,246,725,0,2325,143,1123,434,35,91,229,102,141,0
2165280,246,247,1100,162,2668,87,649,569,-19,81,242,98,132,0
2168623,247,247,312,50,2526,59,224,697,35,110,217,124,138,0
2171965,247,248,518,0,2564,3,-271,812,31,113,204,113,129,0
2175283,247,248,931,143,2667,141,-772,909,-4,2,189,107,133,0
2178624,248,248,50,181,2585,81,-1206,991,-90,42,86,138,131,0
2181965,248,249,743,218,1947,129,-1777,1034,-35,60,211,117,129,0
2185286,248,249,687,68,1702,828,-2474,1041,-111,84,195,120,137,0
2188644,249,250,106,0,1393,1338,-2938,1027,-63,-44,154,135,131,0
2191966,249,250,762,218,1238,1289,-3375,971,-129,-16,246,116,129,0
2195290,250,250,87,12,1171,1216,-3682,891,-296,-10,219,136,140,0
2198647,250,251,518,218,46,1107,-3645,792,-308,-273,181,137,137,0
2201966,251,251,106,0,-1188,141,-3279,687,-220,-328,256,143,149,0
2205292,251,252,387,143,-1823,-1657,-2612,589,-105,-1,238,144,141,0
2208648,252,252,0,0,-1729,-1985,-2099,489,-181,44,147,151,149,0
2211966,252,253,181,125,-2150,-1616,-1713,386,-291,-46,151,155,142,0
2215297,252,253,162,0,-2547,-1198,-1199,286,-59,101,108,156,149,0
2218648,253,254,0,0,-2436,-410,-1278,176,-251,26,215,158,143,0
2221966,254,254,0,31,-2826,-35,-1038,61,-9,56,178,151,147,0
2225299,254,255,0,87,-2741,258,-898,-55,144,-28,212,151,144,0
2228648,254,255,593,12,-1763,162,-509,-165,33,-133,284,133,148,0
2231991,255,256,0,0,-937,-411,63,-255,-2,-58,234,151,138,0
2235302,255,256,556,293,-489,-749,495,-331,-101,-68,169,135,133,0
2238649,256,256,12,200,-698,-763,989,-387,-114,-109,188,148,138,0
2241995,256,257,293,0,-1032,-883,1175,-433,-92,-78,232,133,135,0
2245305,257,257,293,256,-1402,-701,1181,-477,-72,-47,239,133,135,0
2248649,257,258,218,68,-1770,-401,1240,-520,-85,-73,288,137,129,0
2251996,257,258,612,481,-1989,-58,1201,-563,-38,-95,350,132,123,0
2255309,258,258,68,312,-2080,-17,1159,-604,56,-135,378,145,132,0
2258649,258,259,668,462,-1732,-270,1143,-639,7,-134,361,129,124,0
2261995,259,259,68,425,-1447,-453,1234,-664,-11,-51,349,145,126,0
2265312,259,260,256,181,-1398,-559,1252,-676,62,-66,355,135,123,0
2268649,260,260,143,425,-1126,-696,1249,-672,71,-37,320,141,126,0
2271995,260,260,293,293,-831,-725,1177,-655,115,24,263,133,133,0
2275316,260,261,725,368,309,-208,1286,-622,87,25,196,126,129,0
2278702,261,261,237,612,891,100,1332,-572,-180,-24,124,144,124,0
2281997,261,262,425,368,469,71,1294,-507,-74,9,189,134,121,0
2285318,262,262,0,387,-27,-359,1297,-429,152,59,198,142,120,0
2288673,262,262,593,425,643,-342,1304,-333,183,-38,145,125,134,0
2291996,262,263,425,0,2143,-105,1775,-200,126,-6,141,134,143,0
2295321,263,263,0,106,3637,56,1990,-46,-261,-48,121,149,135,0
2298673,263,264,462,425,2414,-254,2196,127,-278,-38,144,132,118,0
2301996,264,264,0,256,412,-754,1919,302,107,84,127,143,127,0
2305324,264,264,631,406,555,-512,2051,480,162,92,193,123,135,0
2308673,265,265,0,68,1564,-276,2163,650,91,-27,263,144,137,0
2311996,265,265,50,50,1898,-662,1839,789,83,61,180,138,138,0
2315328,265,266,631,143,2126,-884,1660,907,-10,143,181,123,133,0
2318674,266,266,237,106,2162,-424,1655,1012,-97,61,182,128,135,0
2321997,266,266,781,368,1381,-354,1228,1088,-20,58,177,115,137,0
2325331,267,267,593,68,540,-607,979,1158,130,169,213,125,137,0
2328673,267,267,293,31,1208,-377,912,1219,152,175,235,125,139,0
2332000,267,268,856,143,1896,-278,631,1267,12,111,218,111,133,0
2335334,268,268,200,106,1484,-430,330,1293,2,91,155,130,135,0
2338674,268,268,725,481,1077,-383,199,1297,65,92,241,118,131,0
2342003,268,269,631,50,1066,-151,-93,1279,5,24,213,123,138,0
2345337,269,269,0,0,799,-30,-279,1239,15,84,165,145,141,0
2348675,269,270,556,218,409,103,-524,1186,96,60,217,127,129,0
2352006,270,270,0,87,304,210,-731,1127,23,28,216,142,136,0
2355340,270,271,162,0,457,292,-856,1061,118,-35,243,132,130,0
2358699,270,271,462,237,881,327,-1007,992,37,-22,206,132,128,0
2362027,271,271,350,612,857,431,-1330,914,-120,15,211,146,132,0
2365344,271,272,518,312,69,506,-1608,828,-75,-2,208,137,132,0
2368702,272,272,0,162,-494,498,-1752,735,42,8,195,154,140,0
2372012,272,273,425,293,-401,487,-2076,631,-73,-39,218,142,133,0
2375347,273,273,0,162,-855,418,-2452,515,-55,-54,269,161,140,0
2378702,273,274,350,350,-1163,301,-2694,394,-99,-19,245,146,130,0
2382016,274,274,0,237,-1564,291,-3026,260,-88,-11,198,162,136,0
2385351,274,274,0,162,-2064,458,-3284,115,-72,-43,237,152,140,0
2388708,275,275,0,293,-2092,591,-3385,-30,-54,24,278,163,133,0
2392019,275,275,0,125,-2089,771,-3631,-184,-77,-12,216,161,142,0
2395353,276,276,0,275,-2717,877,-3816,-344,-125,12,182,174,134,0
2398709,276,276,0,143,-3046,1114,-4006,-524,-81,-42,209,166,141,0
2402022,277,276,0,575,-3096,1375,-3961,-710,-27,-2,192,180,134,0
2405356,278,277,0,125,-2836,1705,-3967,-903,-49,91,133,172,142,0
2408709,278,277,0,650,-2813,2153,-3864,-1084,58,-42,318,177,130,0
2412025,279,278,0,293,-2023,2581,-3256,-1250,180,-135,438,178,133,0
2415360,279,278,0,293,-278,2517,-2843,-1406,110,-126,409,172,133,0
2418709,280,279,0,518,270,2269,-2622,-1545,-53,-131,376,171,121,0
2422028,280,279,0,481,-40,1769,-1878,-1656,-4,-165,361,156,123,0
2425363,281,279,0,893,-74,1237,-1317,-1749,27,-155,337,145,117,0
2428709,281,280,200,687,181,549,-811,-1813,96,-111,345,122,112,0
2432032,282,280,293,987,360,-547,-152,-1848,47,-126,302,117,112,0
2435366,282,280,143,706,239,-1296,375,-1865,31,-75,266,125,127,0
2438710,282,281,256,368,135,-1901,967,-1854,-23,-56,184,119,129,0
2442035,283,281,143,612,186,-2306,1520,-1817,104,-9,140,125,132,0
2445369,283,282,50,275,441,-2438,1937,-1763,26,-27,119,138,142,0
2448709,283,282,237,0,859,-2413,2188,-1691,135,0,69,128,157,0
2452039,284,283,0,0,1793,-2421,2538,-1603,47,-24,76,136,147,0
2455373,284,283,331,200,2021,-2533,2737,-1501,-30,-11,70,123,146,0
2458710,285,284,0,0,1786,-2563,2798,-1391,15,13,105,134,145,0
2462041,285,284,0,12,1473,-2501,2816,-1276,84,62,111,126,140,0
2465376,285,284,443,293,1782,-2404,2709,-1160,142,90,96,117,141,0
2468733,286,285,12,0,2284,-2260,2541,-1039,128,141,127,124,142,0
2472044,286,285,687,256,2804,-1701,2419,-914,-27,149,171,104,143,0
2475379,286,286,537,12,2699,-1162,2411,-783,-17,121,203,112,140,0
2478736,287,286,31,0,2222,-688,2441,-642,-64,178,249,123,143,0
2482048,287,287,743,50,1650,-87,2516,-487,-30,178,248,101,138,0
2485382,287,287,668,0,1364,377,2405,-328,64,155,251,105,143,0
2488736,288,288,575,87,1452,703,2220,-164,89,114,291,110,136,0
2492051,288,288,800,0,2056,596,1923,-1,97,115,291,98,141,0
2495385,288,288,818,0,2423,240,1628,155,85,119,273,97,142,0
2498735,289,289,668,106,2600,-40,1216,306,63,82,270,105,135,0
2502054,289,289,406,68,2608,-205,543,442,-52,66,187,119,137,0
2505388,289,290,968,218,2246,-130,140,572,77,124,198,105,129,0
2508736,290,290,256,125,2322,32,-227,689,4,71,161,127,134,0
2512058,290,290,537,181,2408,153,-739,789,60,1,165,112,131,0
2515392,290,291,931,125,2592,9,-1138,875,-143,-35,180,107,134,0
2518737,291,291,125,87,2128,30,-1616,926,-79,71,208,134,136,0
2522061,291,292,650,293,1269,353,-2424,939,-26,108,209,122,125,0
2525395,291,292,668,200,1301,820,-2832,932,-33,70,174,121,130,0
2528737,292,293,500,275,1585,1208,-3198,891,-157,58,132,138,134,0
2532064,292,293,537,31,1035,1393,-3598,820,-292,-60,273,136,147,0
2535399,293,294,0,12,119,1191,-3484,736,-266,-120,248,158,148,0
2538737,293,294,350,106,-966,710,-3367,636,-290,-198,212,146,143,0
2542067,294,294,0,12,-2136,-870,-2772,538,-113,-175,250,151,148,0
2545401,294,295,518,181,-2114,-1871,-2272,436,-58,-86,256,137,139,0
2548737,295,295,0,0,-1522,-1997,-1513,342,-222,-7,202,163,153,0
2552070,295,296,200,31,-2287,-1346,-1123,246,-140,77,124,154,147,0
2555405,296,296,0,0,-3142,-672,-1586,128,-119,-44,156,155,152,0
2558762,296,297,0,0,-3321,-131,-1139,13,46,28,213,152,144,0
2562073,297,297,12,0,-2650,360,-908,-100,140,-87,297,148,149,0
2565408,297,298,200,0,-1772,207,-643,-207,122,-46,288,138,144,0
2568765,298,298,218,50,-579,-206,-26,-296,-113,-168,146,137,146,0
2572077,298,298,0,181,-382,-724,635,-361,-112,-66,137,149,139,0
2575412,298,299,612,237,-607,-820,1099,-406,-100,-167,207,132,136,0
2578766,299,299,0,200,-1012,-975,1323,-440,-73,-62,275,152,138,0
2582080,299,300,218,31,-1428,-969,1350,-473,-53,-37,260,137,131,0
2585414,300,300,125,312,-1551,-537,1349,-508,-34,-39,247,142,132,0
2588771,300,301,275,12,-1648,-263,1353,-544,-36,-77,313,134,132,0
2592083,301,301,350,443,-1689,-153,1307,-578,10,-111,370,130,125,0
2595418,301,301,162,331,-1549,-178,1307,-607,-32,-95,362,140,131,0
2598775,301,302,668,387,-1497,-284,1303,-626,-51,-145,332,129,128,0
2602087,302,302,31,312,-1545,-457,1288,-637,54,-92,345,147,132,0
2605420,302,303,387,106,-1194,-550,1329,-633,1,-79,299,128,127,0
2608774,303,303,143,481,-837,-626,1265,-611,87,-2,263,141,123,0
2612089,303,303,462,518,-241,-585,1143,-579,60,98,183,132,129,0
2615424,303,304,556,106,645,-52,1108,-538,34,70,161,127,135,0
2618775,304,304,50,275,1586,481,1384,-471,-84,-37,129,138,126,0
2622092,304,304,575,762,1216,283,1513,-388,-203,-112,170,126,116,0
2625427,305,305,0,481,109,-580,1627,-287,-15,-12,244,145,115,0
2628775,305,305,481,725,-213,-1055,1728,-157,275,133,202,131,118,0
2632096,306,306,162,125,1274,-711,1791,-13,214,54,161,132,134,0
2635430,306,306,0,12,2837,-273,2116,152,-9,55,63,141,140,0
2638775,306,306,575,556,3244,14,2256,335,-202,-2,62,126,127,0
2642099,307,307,0,331,1684,-411,2317,516,-152,20,152,146,123,0
2645433,307,307,256,237,-6,-759,2123,688,37,135,184,127,128,0
2648775,308,308,218,143,158,-388,1992,837,289,113,189,129,133,0
2652102,308,308,181,31,2489,143,2327,981,110,104,189,131,139,0
2655437,308,308,556,462,3025,-198,2254,1098,-111,-35,222,127,132,0
2658775,309,309,106,50,2142,-840,1898,1193,-36,112,167,135,138,0
2662106,309,309,500,0,1667,-644,1663,1294,41,143,156,114,142,0
2665440,310,310,706,68,1889,-194,1601,1380,-37,101,196,119,137,0
2668796,310,310,218,0,1377,-237,1251,1447,55,83,201,129,141,0
2672108,310,311,818,218,1037,-250,771,1492,37,81,199,113,129,0
2675443,311,311,218,68,1152,-80,617,1512,-15,64,210,129,137,0
2678800,311,311,350,200,1075,-96,348,1503,57,82,222,122,130,0
2682112,311,312,762,162,666,-261,-150,1464,75,31,207,116,132,0
2685446,312,312,68,31,475,-291,-474,1407,53,65,175,137,139,0
2688801,312,313,725,237,378,-157,-751,1342,38,23,206,118,128,0
2692115,313,313,125,87,222,21,-1081,1266,73,28,221,134,136,0
2695449,313,314,556,593,203,125,-1416,1179,-9,67,212,135,133,0
2698800,314,314,143,125,-33,196,-1721,1085,46,7,211,141,142,0
2702118,314,314,275,425,-310,339,-2027,981,47,2,195,150,142,0
2705452,314,315,425,143,-485,370,-2243,870,114,13,235,142,141,0
2708801,315,315,0,125,-243,408,-2468,752,-56,21,262,162,142,0
2712121,315,316,275,256,-593,427,-2861,621,21,-9,227,150,135,0
2715456,316,316,0,200,-942,411,-2964,489,-23,-40,201,161,138,0
2718802,316,317,256,312,-1284,471,-3051,358,-56,-61,246,151,132,0
2722125,317,317,0,237,-1579,654,-3303,220,-72,-19,246,164,136,0
2725459,317,317,0,181,-1946,730,-3521,67,-65,-23,181,160,139,0
2728802,318,318,0,293,-2340,762,-3637,-93,17,-40,209,171,133,0
2732128,318,318,0,106,-2536,896,-3716,-260,-60,-11,219,166,143,0
2735462,319,319,0,275,-2575,1173,-3836,-434,-127,-58,236,178,134,0
2738802,320,319,0,125,-2749,1428,-3842,-610,-69,-11,152,171,142,0
2742132,320,320,0,293,-3345,1964,-3835,-796,-136,35,131,178,133,0
2745465,321,320,0,218,-3707,2188,-3733,-983,233,-74,372,185,137,0
2748824,321,320,0,725,-2416,2376,-3229,-1156,252,-93,514,175,126,0
2752134,322,321,0,350,274,2559,-2596,-1304,11,-162,470,183,130,0
2755468,322,321,0,368,977,2404,-2315,-1438,-77,-92,448,160,129,0
2758827,323,322,0,537,575,1949,-1760,-1566,-64,-196,471,146,120,0
2762138,323,322,0,575,280,942,-1018,-1668,78,-257,457,133,118,0
2765472,324,322,68,950,439,189,-634,-1747,-24,-146,265,129,114,0
2768827,324,323,331,443,257,-541,-214,-1806,-23,-127,265,115,125,0
2772140,324,323,575,743,149,-1399,397,-1844,110,-171,287,118,125,0
2775475,325,324,0,631,356,-1975,1116,-1848,-40,-116,195,134,131,0
2778827,325,324,312,518,325,-2343,1569,-1823,-28,-14,137,124,129,0
2782144,326,324,0,331,134,-2532,2122,-1776,19,-33,91,133,139,0
2785479,326,325,0,31,276,-2610,2206,-1718,148,-32,29,129,139,0
2788827,326,325,256,143,1018,-2627,2550,-1633,35,-30,105,127,149,0
2792147,327,326,0,0,1624,-2498,2809,-1531,83,-7,116,138,145,0
2795482,327,326,387,143,1900,-2362,2951,-1415,0,23,73,120,149,0
2798828,328,327,0,0,1814,-2221,2930,-1290,101,22,82,131,142,0
2802151,328,327,68,0,1982,-2004,2818,-1158,140,44,115,121,143,0
2805485,328,328,500,0,2309,-1796,2596,-1023,37,76,157,114,144,0
2808829,329,328,0,0,2481,-1520,2566,-879,72,126,205,128,144,0
2812153,329,328,631,218,2540,-1146,2562,-729,-32,137,175,107,145,0
2815488,329,329,631,0,2311,-803,2428,-576,-74,157,198,107,144,0
2818828,330,329,87,0,1837,-384,2313,-414,-28,155,271,120,145,0
2822156,330,330,743,12,1442,200,2229,-252,7,128,286,101,140,0
2825491,330,330,687,0,1406,398,2146,-90,67,130,287,104,146,0
2828828,331,331,650,31,1547,346,1880,71,93,85,323,106,139,0
2832160,331,331,687,0,2130,54,1527,229,81,65,329,104,142,0
2835519,331,332,706,0,2494,-131,1015,375,25,131,244,103,131,0
2838850,332,332,650,143,2447,-126,500,506,20,101,213,106,133,0
2842163,332,332,350,50,2467,12,136,630,55,50,193,122,138,0
2845521,332,333,950,200,2632,96,-325,740,53,30,167,106,130,0
2848853,333,333,350,68,2872,120,-853,834,-98,5,177,122,137,0
2852166,333,334,350,0,2282,14,-1354,908,-63,55,196,122,129,0
2855524,333,334,818,237,1782,420,-1918,949,-20,93,264,113,128,0
2858853,334,334,162,87,1819,895,-2630,948,-36,46,149,132,136,0
2862170,334,335,968,218,1894,976,-2992,927,-43,14,188,113,137,0
2865527,334,335,481,0,1890,927,-3271,879,-272,88,220,139,151,0
2868853,335,336,312,143,1465,1175,-3590,799,-275,-112,195,148,141,0
2872172,335,336,443,50,-312,793,-3453,711,-385,-319,202,141,146,0
2875531,336,337,387,181,-1761,-585,-3011,624,-157,-165,241,144,139,0
2878853,336,337,387,87,-2151,-1422,-2412,536,-123,-9,212,144,144,0
2882176,337,338,0,0,-2096,-940,-2116,435,-157,-20,173,163,140,0
2885534,337,338,312,143,-2248,-889,-1811,329,-11,-4,280,148,141,0
2888854,338,338,0,50,-2091,-862,-1824,206,-70,-75,213,158,146,0
2892179,338,339,293,143,-2370,-525,-1598,87,-157,-42,109,149,141,0
2895537,339,339,0,68,-2717,-84,-1538,-40,-72,-20,193,155,145,0
2898854,339,340,518,87,-2753,171,-1044,-160,84,-56,324,137,144,0
2902182,340,340,0,0,-1954,-245,-644,-273,85,-24,259,149,150,0
2905537,340,341,218,0,-931,-656,-90,-367,-80,-112,220,137,141,0
2908875,341,341,200,68,-672,-808,501,-439,-40,-86,208,138,145,0
2912185,341,342,106,0,-764,-814,896,-492,-72,-72,231,143,136,0
2915542,341,342,556,350,-1047,-736,1157,-537,-118,-85,243,135,130,0
2918876,342,342,50,293,-1382,-676,1387,-573,-32,-102,254,146,133,0
2922189,342,343,293,50,-1528,-510,1489,-603,-11,-123,321,133,130,0
2925545,343,343,125,312,-1450,-326,1556,-626,-56,-98,324,142,132,0
2928879,343,344,387,87,-1413,-329,1487,-649,-40,-127,349,128,128,0
2932192,344,344,368,425,-1343,-425,1439,-672,-68,-108,330,129,126,0
2935545,344,344,200,368,-1575,-473,1315,-689,-35,-97,341,138,129,0
2938880,344,345,725,425,-1492,-511,1251,-698,27,-64,316,126,126,0
2942195,345,345,87,368,-1177,-570,1135,-694,6,-50,275,144,129,0
2945546,345,346,462,312,-1084,-542,1056,-677,16,8,237,132,124,0
2948879,346,346,0,331,-899,-463,803,-656,16,58,213,141,123,0
2952199,346,346,687,537,148,-65,780,-621,146,60,185,120,128,0
2955545,346,347,518,237,1509,473,939,-565,-25,83,48,129,128,0
2958880,347,347,0,406,1691,447,1213,-485,-181,-74,195,146,119,0
2962201,347,348,556,856,419,-373,1357,-383,-101,-15,245,127,111,0
2965546,348,348,12,368,-264,-865,1419,-256,225,104,174,140,121,0
2968880,348,348,593,425,574,-467,1682,-110,239,-1,136,125,134,0
2972205,349,349,406,87,3079,-133,1997,54,35,-18,70,135,136,0
2975546,349,349,0,12,3460,-260,2128,232,-232,8,23,145,140,0
2978880,349,350,481,387,2404,-602,2074,405,-202,-11,74,131,120,0
2982208,350,350,12,218,311,-592,1922,559,144,46,173,140,129,0
2985547,350,350,762,368,502,-349,1825,691,230,59,189,116,137,0
2988881,351,351,50,31,1790,-159,1997,820,75,24,215,138,139,0
2992212,351,351,143,125,2388,-387,1962,938,-55,61,236,133,134,0
2995567,351,352,818,237,1726,-829,1598,1045,6,147,196,113,128,0
2998902,352,352,218,125,1346,-686,1281,1135,40,162,174,129,134,0
