Time, Rlegs, Llegs, DCL, DCR, GyroX, GyroY, GyroZ, GyroZAvg, AccelX, AccelY, AccelZ, LBEMF, RBEMF, SteerOut
1417,1079,1078,0,0,208,-132,-152,-154,-12,-2,226,88,89,0
4767,1079,1078,0,0,207,-131,-153,-154,-15,1,226,88,89,0
8085,1079,1078,0,0,206,-133,-157,-154,-17,1,228,88,88,0
11420,1079,1078,0,0,207,-133,-156,-154,-17,0,232,88,89,0
14767,1079,1078,0,0,205,-127,-159,-154,-18,0,223,88,89,0
18089,1079,1078,0,0,206,-130,-157,-154,-16,0,225,88,89,0
21423,1079,1078,0,0,207,-131,-154,-154,-14,0,225,88,89,0
24768,1079,1078,0,0,207,-132,-156,-154,-14,1,224,88,89,0
28093,1079,1078,0,0,208,-136,-154,-154,-19,0,225,88,89,0
31426,1079,1078,0,0,207,-133,-157,-155,-14,1,225,88,89,0
34768,1079,1078,0,0,207,-133,-157,-155,-16,-1,227,88,89,0
38095,1079,1078,0,0,206,-131,-157,-155,-15,-2,228,88,89,0
41430,1079,1078,0,0,207,-130,-156,-155,-14,0,228,88,89,0
44768,1079,1078,0,0,205,-132,-157,-155,-18,-2,226,88,89,0
48099,1079,1078,0,0,202,-132,-157,-155,-15,0,229,88,89,0
51433,1079,1078,0,0,207,-132,-156,-155,-15,0,231,88,89,0
54769,1079,1078,0,0,206,-131,-157,-155,-14,1,226,88,89,0
58101,1079,1078,0,0,208,-129,-156,-155,-17,0,229,88,89,0
61437,1079,1078,0,0,207,-130,-155,-155,-18,1,226,88,89,0
64770,1079,1078,0,0,209,-131,-154,-155,-15,-3,225,88,89,0
68105,1079,1078,0,0,205,-130,-156,-155,-14,0,226,88,89,0
71440,1079,1078,0,0,206,-133,-157,-155,-14,1,226,88,89,0
74794,1079,1078,0,0,206,-131,-158,-155,-18,0,227,88,89,0
78109,1079,1078,0,0,204,-132,-156,-155,-17,-1,224,88,89,0
81442,1079,1078,0,0,207,-129,-158,-155,-14,0,233,88,89,0
84794,1079,1078,0,0,205,-129,-154,-155,-18,0,224,87,89,0
88111,1079,1078,0,0,206,-133,-155,-155,-12,1,226,88,89,0
91445,1079,1078,0,0,207,-130,-153,-155,-19,-4,227,88,89,0
94795,1079,1078,0,0,206,-133,-153,-155,-19,1,225,88,89,0
98114,1079,1078,0,0,207,-132,-154,-155,-16,0,227,88,89,0
101449,1079,1078,0,0,207,-134,-154,-155,-15,-1,229,88,89,0
104830,0,0,800,781,204,-132,-155,-155,-16,-2,226,88,89,0
108117,0,0,800,800,205,-133,-157,-155,-17,-1,225,88,88,0
111452,0,0,800,781,206,-130,-155,-155,-16,0,225,88,89,0
114795,0,0,800,781,207,-131,-155,-155,-15,-1,223,88,89,0
118121,0,0,800,781,207,-133,-156,-155,-18,-1,226,88,89,0
121456,0,0,800,781,204,-134,-156,-155,-19,0,229,88,89,0
124795,0,0,800,781,206,-134,-156,-155,-16,-2,227,88,89,0
128124,0,0,800,781,203,-133,-157,-155,-17,-2,226,88,89,0
131458,0,0,800,781,205,-132,-155,-155,-12,-4,220,88,89,0
134795,0,0,818,781,203,-131,-155,-155,-15,0,231,87,89,0
138127,0,0,800,781,204,-132,-157,-155,-14,-1,224,88,89,0
141461,0,0,800,781,204,-129,-153,-155,-15,0,225,88,89,0
144796,0,0,800,781,205,-131,-157,-155,-17,0,226,88,89,0
148130,0,0,800,781,208,-129,-156,-155,-16,0,229,88,89,0
151465,0,0,800,781,206,-134,-154,-155,-20,0,228,88,89,0
154820,0,0,800,781,207,-131,-154,-155,-17,-1,227,88,89,0
158133,0,0,800,781,206,-132,-155,-155,-15,-1,223,88,89,0
161469,0,0,800,781,206,-133,-156,-155,-14,-2,226,88,89,0
164824,0,0,800,781,205,-132,-155,-155,-18,0,229,88,89,0
168137,0,0,800,781,203,-131,-155,-155,-11,-3,224,88,89,0
171472,0,0,800,781,205,-133,-155,-155,-17,-1,228,88,89,0
174824,0,0,800,781,206,-132,-154,-155,-14,-1,229,88,89,0
178140,0,0,800,781,208,-132,-152,-155,-15,0,231,88,89,0
181474,0,0,800,781,207,-130,-154,-155,-18,2,229,88,89,0
184829,0,0,800,781,207,-130,-153,-154,-16,0,229,88,89,0
188143,0,0,800,781,204,-131,-155,-154,-17,-1,230,88,89,0
191477,0,0,800,781,204,-131,-158,-154,-13,-1,225,88,89,0
194833,0,0,800,781,205,-130,-157,-155,-16,1,225,88,89,0
198146,0,0,800,781,203,-130,-158,-155,-18,1,228,88,89,0
201481,0,0,800,781,207,-132,-156,-155,-16,1,225,88,89,0
204835,0,0,2600,2562,205,-132,-156,-155,-29,-14,223,88,90,0
208150,1,1,368,556,97,-243,-103,-153,-100,24,247,207,197,0
211484,1,1,762,706,-165,-371,-58,-150,-94,-70,211,202,205,0
214836,2,2,575,743,-669,-323,37,-144,-33,-60,256,228,219,0
218153,2,2,912,968,-816,-649,185,-134,-25,-20,322,226,223,0
221488,3,3,650,1100,-970,-1338,173,-123,-94,28,364,240,216,0
224837,4,3,706,1212,-1514,-2243,402,-106,-96,159,359,237,226,0
228156,4,4,912,1325,-1816,-2630,489,-86,-12,119,404,242,220,0
231490,5,4,556,1268,-1657,-2806,528,-64,57,247,464,261,239,0
234836,6,5,387,706,-655,-2220,501,-44,32,399,295,266,265,0
238159,6,6,1025,1062,-237,-861,438,-25,-31,203,348,248,246,0
241494,7,6,931,1362,-166,-107,171,-15,-16,322,412,253,246,0
244837,8,7,762,1212,204,205,29,-9,-66,326,195,262,254,0
248162,8,8,1193,1025,415,931,326,5,-40,169,158,255,264,0
251497,9,9,893,687,588,1280,602,28,10,-6,56,271,282,0
254837,10,10,256,125,760,1134,862,60,-196,-88,-113,305,312,0
258166,11,11,0,31,114,995,1029,97,388,-140,-26,320,317,0
261500,12,12,181,312,1828,303,840,128,39,-62,-10,309,318,0
264887,13,12,856,800,2804,-206,527,150,10,-45,11,309,328,0
268169,14,14,706,706,3005,-562,437,168,-123,-10,-15,317,333,0
271503,15,14,706,556,2977,-297,346,184,305,-94,33,333,341,0
274860,16,16,350,125,4016,-46,379,201,-79,120,-22,336,348,0
278172,17,17,218,87,4168,317,346,216,222,-16,35,343,350,0
281507,18,18,0,87,4933,308,333,231,-490,49,-61,355,350,0
284862,19,19,518,481,2560,397,85,239,-196,-57,131,343,345,0
288175,20,20,443,856,758,259,-549,226,-305,-11,-25,347,325,0
291509,21,21,331,987,-721,412,-739,208,-226,19,131,353,318,0
294863,22,22,200,1156,-1823,-139,-642,193,-542,-29,81,360,309,0
298178,23,23,0,781,-4210,-488,-512,182,-354,-67,161,356,309,0
301513,24,24,181,856,-6158,-1266,-701,165,-530,51,138,341,305,0
304863,25,24,500,1175,-9546,-2029,-386,158,437,338,647,324,304,0
308181,26,25,725,1268,-8219,-1654,-296,153,412,406,604,312,299,0
311517,27,26,1756,1025,-4990,-66,-46,157,932,-121,1251,257,312,0
314863,27,27,2581,1100,1580,-1444,1171,197,670,-7,1268,245,324,0
318185,28,28,2356,1268,5202,-2200,1792,254,13,294,835,257,315,0
321520,29,29,2037,1400,5921,-2148,2338,326,-281,80,636,274,308,0
324863,30,30,1718,1193,3120,-2706,2348,394,145,195,559,291,319,0
328189,31,31,1868,1418,3336,-3416,2556,468,411,339,382,303,327,0
331523,32,32,1287,856,5837,-2390,2166,524,456,511,-21,334,357,0
334863,33,33,1118,537,9149,304,1776,564,199,318,143,343,374,0
338191,34,34,1231,218,11150,435,1949,608,-327,123,-140,337,391,0
341525,35,36,781,0,9621,-269,1643,644,35,127,203,361,392,0
344863,36,37,481,856,8499,-657,1576,679,-555,-170,68,393,357,0
348195,37,38,350,668,5858,-159,1415,718,283,90,-158,400,367,0
351529,39,39,0,443,4932,401,2105,783,157,-294,-90,419,379,0
354885,40,40,312,350,7616,-885,3194,873,-512,121,-173,386,384,0
358197,41,42,331,0,4756,-1162,3454,962,-273,315,35,381,388,0
361532,42,43,68,0,3002,126,2144,1002,16,116,-40,379,396,0
364889,44,44,0,0,2572,1802,1864,1028,-250,139,19,384,390,0
368201,45,45,87,293,1617,2866,1751,1057,-660,216,182,378,367,0
371535,46,46,275,762,-458,4253,1235,1079,75,229,-68,368,342,0
374889,47,48,181,425,-590,5652,983,1096,-75,279,157,373,344,0
378205,48,49,275,350,-58,6547,1006,1116,-276,67,-87,368,348,0
381538,49,50,518,931,-425,7189,1596,1154,-666,-249,88,355,317,0
384889,50,50,443,1400,-2746,5285,2312,1216,-615,-520,143,359,308,0
388207,51,51,443,1175,-5683,2011,2993,1299,-297,-157,-39,359,320,0
391541,53,52,818,1175,-8056,-541,3533,1407,209,75,8,359,356,0
394889,54,54,800,425,-5969,-306,3576,1536,278,18,-218,360,380,0
398210,55,55,537,537,-3932,920,3709,1675,463,-78,175,374,374,0
401545,56,56,593,125,-2972,1073,3815,1814,-224,-78,-18,371,396,0
404889,57,57,218,218,-3923,954,3631,1943,-82,183,-50,391,391,0
408213,58,59,481,0,-3979,988,3191,2065,418,-78,5,377,390,0
411548,60,60,181,293,-2556,1280,3120,2175,-228,-105,-137,393,387,0
414890,61,61,387,556,-2929,575,3014,2278,174,-163,82,382,373,0
418217,62,62,218,368,-2606,-192,2911,2370,100,-109,-41,391,383,0
421551,63,64,0,0,-2239,-184,2610,2415,-99,166,95,389,372,0
424890,65,65,0,200,-2942,33,2439,2436,126,-84,58,383,356,0
428220,66,66,0,406,-3001,-19,2413,2438,-381,97,-82,369,345,0
431578,67,67,87,593,-4355,154,2494,2442,-224,-124,174,362,335,0
434911,68,68,237,856,-6374,-282,2279,2434,-304,-377,353,354,321,0
438224,69,69,950,931,-7251,-1443,2630,2448,942,-60,1238,316,317,0
441581,70,70,2262,1156,-1699,-3529,3365,2498,500,-16,1349,262,321,0
444914,70,71,2543,912,6078,-5028,4110,2565,-93,-147,1287,263,334,0
448226,71,72,1850,706,6479,-6690,4592,2658,-374,335,1062,284,329,0
451584,72,73,2225,1268,4791,-6409,4495,2749,-254,369,1025,300,335,0
454915,73,74,1662,800,2679,-5294,4552,2847,160,403,816,330,360,0
458230,74,75,1381,781,3454,-3922,4000,2906,-75,416,520,345,361,0
461589,75,76,1400,331,4139,-85,2800,2894,313,587,216,344,385,0
464915,76,77,1156,331,6654,1522,3004,2880,-355,152,39,357,385,0
468233,77,79,968,0,5436,2023,2642,2895,-137,-34,297,367,393,0
471591,79,80,425,800,3479,1956,1905,2897,233,77,106,396,360,0
474915,80,81,593,650,4223,2298,2100,2907,177,-391,-261,387,368,0
478236,81,82,331,425,3250,2199,1796,2925,-374,-448,-300,401,380,0
481622,82,83,331,106,-353,517,2789,2981,687,-277,103,397,393,0
484917,84,85,200,0,2931,396,3893,3072,-199,78,-204,372,397,0
488239,85,86,12,0,2080,280,4299,3156,-277,177,-237,382,401,0
491597,86,87,406,87,-1454,517,3191,3184,34,350,-68,377,378,0
494916,87,88,275,200,19,1534,3021,3184,170,-60,192,384,372,0
498242,88,90,537,668,869,1966,3834,3194,-188,48,23,370,347,0
501599,90,90,443,931,13,2817,3196,3182,-24,465,-75,359,333,0
504916,91,92,537,406,649,3986,2964,3159,-109,129,93,354,345,0
508246,92,93,406,331,600,4822,3053,3135,-100,-26,-51,361,349,0
511603,93,94,331,331,522,5085,3025,3116,-165,-191,92,365,349,0
514938,94,95,556,556,353,4525,2981,3109,-263,-211,-148,373,357,0
518249,95,96,556,575,-426,3490,3575,3124,-462,-69,13,373,356,0
521606,96,97,968,987,-2989,1801,4202,3161,-38,-214,134,367,350,0
524941,98,98,593,500,-3403,826,4215,3202,630,22,-152,371,376,0
528252,99,99,237,481,-1250,397,4393,3257,367,6,49,390,377,0
531607,100,101,181,0,1047,673,4106,3309,-89,21,29,393,387,0
534941,101,102,125,0,595,936,3853,3354,-63,102,264,396,395,0
538256,102,103,350,200,552,1149,3766,3394,-301,-170,169,384,376,0
541607,104,104,143,425,-789,1141,3329,3427,-345,63,-76,395,380,0
544942,105,106,0,106,-1682,1177,3339,3449,-423,-180,282,392,361,0
548258,106,107,31,237,-2978,1074,2880,3434,-210,-194,67,381,354,0
551608,107,108,0,856,-4763,548,2852,3395,-906,45,238,387,321,0
554942,108,109,350,725,-7825,640,2016,3314,50,-56,296,364,328,0
558262,110,110,631,593,-8585,-23,1400,3217,234,-585,468,349,335,0
561608,110,111,1793,256,-6076,-3261,1680,3128,1164,-274,1367,287,353,0
564942,111,112,2168,125,622,-4518,1726,3057,837,45,1703,267,360,0
568265,112,113,1943,275,6352,-4611,2325,3042,-392,75,1075,279,352,0
571608,113,114,1681,350,5544,-4412,3760,3065,-405,84,988,293,348,0
574973,114,115,1962,1006,3860,-4224,3659,3097,-302,88,674,314,349,0
578268,115,116,1418,668,4252,-3818,4014,3163,276,310,357,343,367,0
581608,116,117,931,87,7199,-2642,3858,3218,-122,381,-306,369,398,0
584943,117,119,1043,0,6162,-1422,3007,3256,-90,140,18,363,402,0
588271,118,120,1006,0,5274,-1103,2417,3244,73,231,310,365,390,0
591629,119,121,650,87,6277,-1358,2514,3201,-133,131,107,384,382,0
594964,121,122,293,800,6286,-1688,2095,3132,-422,-342,-187,403,360,0
598274,122,123,275,1006,2573,-1838,2220,3102,-160,-64,-449,404,349,0
601633,123,124,556,406,1427,-1588,2658,3091,263,-86,-8,389,381,0
604967,124,126,31,87,4042,-1687,3845,3091,-440,67,192,417,382,0
608277,126,127,0,0,2180,-1247,3718,3107,-373,150,-249,394,369,0
611633,127,128,143,0,-532,-547,2752,3101,-211,102,-68,375,383,0
614968,128,129,68,0,-1805,418,2132,3072,-161,122,239,379,369,0
618281,129,130,162,106,-1991,2136,2080,3042,49,75,221,374,361,0
621633,130,132,387,387,-2326,3342,1718,3003,-121,118,150,378,346,0
624968,132,133,106,537,-2701,4257,1121,2926,-93,122,-119,377,338,0
628284,133,134,368,500,-2201,4843,915,2823,-93,148,136,363,340,0
631633,134,135,406,537,-1697,5602,797,2717,-57,31,-82,361,338,0
634968,135,136,518,406,-1930,5467,804,2604,-118,-122,-54,355,345,0
638287,136,137,931,537,-2828,4924,983,2507,8,-297,-103,353,358,0
641633,137,138,743,331,-2377,4663,1624,2437,8,56,40,363,369,0
644968,138,139,331,406,-1898,4760,1538,2368,-25,-161,31,385,365,0
648291,140,140,143,256,-1855,4730,1425,2308,225,-4,31,379,373,0
651634,141,142,387,237,-704,4223,1444,2249,21,-222,179,382,374,0
654969,142,143,443,200,-80,3839,1474,2205,-2,-68,48,379,376,0
658294,143,144,350,218,-468,3551,1332,2157,163,-24,260,384,375,0
661634,144,145,406,125,1003,2793,1645,2146,-253,-23,210,381,380,0
664969,146,146,0,181,445,2570,1694,2155,-595,54,106,387,377,0
668298,147,148,181,0,-2377,2275,1729,2156,-219,-103,223,373,380,0
671634,148,149,237,687,-3406,2188,1223,2141,-26,-179,-37,370,330,0
674989,149,150,387,1193,-2605,1295,1604,2118,-435,-438,551,362,303,0
678300,150,151,650,1531,-3353,-968,758,2024,-596,-485,467,348,301,0
681659,151,151,912,1081,-5964,-4340,-537,1893,-391,-537,472,334,325,0
684992,152,152,1231,893,-7530,-6931,-714,1746,318,-354,563,317,335,0
688303,153,154,1643,331,-5870,-9570,-171,1620,1132,20,1252,295,349,0
691659,154,155,1700,181,2336,-9080,753,1549,306,185,763,292,357,0
694993,155,156,1493,237,6445,-7582,2715,1559,35,235,927,303,354,0
698306,156,157,1268,387,6564,-5555,4241,1612,-132,201,622,315,346,0
701659,157,158,1587,1081,5191,-3440,4626,1692,-326,196,582,334,345,0
704993,158,159,1400,837,3809,-2700,4575,1765,59,255,287,344,358,0
708309,159,160,1512,575,3758,-2488,4367,1819,344,313,252,338,372,0
711660,160,161,1493,368,5608,-1178,3564,1810,73,282,170,339,383,0
714993,161,163,1325,0,6295,-17,3200,1794,157,80,80,348,388,0
718313,162,164,762,293,7063,-350,3257,1809,-208,159,-72,378,371,0
721660,163,165,893,818,5839,-757,2993,1836,-402,154,-99,387,359,0
724993,165,166,275,837,5273,24,2230,1841,-146,-49,-202,404,358,0
728316,166,167,200,443,3284,965,2778,1874,-103,47,-88,408,379,0
731660,167,169,0,0,4408,1007,4278,1973,-479,-134,-123,419,384,0
734993,169,170,0,0,3337,-557,5103,2104,-462,244,177,390,379,0
738319,170,171,181,0,1091,-163,4594,2222,-147,87,-219,373,373,0
741661,171,172,68,31,459,1332,3869,2318,-63,236,139,379,365,0
744994,172,173,218,237,117,2236,3437,2395,-475,179,120,371,354,0
748323,173,174,143,725,-578,3674,3308,2447,-49,268,157,375,328,0
751661,174,175,481,1118,-649,4781,2806,2487,-153,222,192,373,323,0
754994,176,176,368,800,-684,5604,2598,2524,-150,242,-20,363,340,0
758325,177,177,143,668,-582,6184,2436,2555,-314,-90,196,359,331,0
761682,178,178,800,1550,-1800,5686,3138,2607,-532,-320,71,360,320,0
765018,179,179,575,1268,-5104,3279,4009,2690,-214,-519,198,372,335,0
768329,180,180,518,1306,-7303,-129,5060,2797,194,5,51,375,333,0
771685,181,181,668,818,-7992,-1185,4680,2890,417,226,12,367,359,0
775021,182,182,556,237,-5272,-105,5118,2996,457,-215,50,373,390,0
778332,184,184,368,0,-3524,366,5397,3127,-254,133,110,383,388,0
781685,185,185,218,331,-4199,530,5073,3235,-57,5,259,391,385,0
785022,186,186,462,125,-4609,169,4588,3355,149,-23,-198,378,396,0
788336,187,188,162,0,-3496,479,4328,3507,-119,-37,44,394,395,0
791714,188,189,125,50,-3167,-353,4459,3668,53,-226,124,392,380,0
795028,190,190,0,0,-3231,-1216,4412,3812,72,81,-122,393,379,0
798338,191,191,0,0,-2941,-1272,4216,3920,-47,-23,120,386,369,0
801687,192,192,106,518,-2776,-1193,3938,3958,310,-144,-78,377,355,0
805028,193,194,200,500,-2690,-1259,4093,3954,687,453,631,372,340,0
808342,194,195,612,650,1079,-759,3648,3923,786,157,1133,350,348,0
811686,195,196,1643,687,7568,-1268,3651,3894,81,-86,1069,295,330,0
815028,196,197,1906,1006,9224,-2477,3560,3869,-704,-188,876,281,313,0
818345,197,197,1981,1493,5693,-3963,3573,3869,-473,78,1147,277,303,0
821687,198,198,1793,1700,2643,-4958,4020,3895,51,177,856,287,292,0
825028,199,199,631,1156,1842,-4983,4152,3923,-301,128,596,417,389,0
828348,200,200,2112,2562,1006,-3939,3513,3939,7,606,330,338,314,0
831687,201,201,1700,1587,2298,-3130,3451,3977,-109,356,495,376,382,0
835029,202,202,1662,1175,2214,-1819,3033,3985,-204,420,110,378,404,0
838351,203,204,1531,556,1056,-706,2546,3931,-319,127,345,385,421,0
841708,204,205,1587,481,932,-721,2018,3835,-77,118,264,382,425,0
845029,206,207,781,368,1181,-860,1545,3739,-354,-70,-165,409,415,0
848355,207,208,350,687,153,-806,1847,3676,-129,20,176,432,398,0
851712,209,209,125,743,-78,-1269,1451,3614,601,-138,115,444,411,0
855029,210,211,50,0,1778,-1273,1554,3559,139,39,-366,428,428,0
858358,211,212,275,0,3373,-721,2166,3539,-512,8,-290,416,422,0
861712,213,213,237,0,1345,-1081,2948,3550,-127,-80,2,402,419,0
865029,214,215,406,0,440,-1325,2784,3561,208,-107,-199,393,417,0
868361,215,216,256,0,563,-1257,2886,3553,75,143,62,401,423,0
871713,217,217,0,125,1141,-925,2996,3522,-173,-114,200,404,392,0
875054,218,218,106,875,272,-458,2937,3455,-98,190,-1,393,352,0
878364,219,220,162,725,257,94,2656,3392,-105,194,276,390,344,0
881712,220,221,537,725,200,1651,2792,3319,-260,151,60,370,344,0
885083,221,222,1100,1287,-745,2348,2813,3238,-342,328,170,376,350,0
888367,223,223,575,1100,-1259,3058,2406,3155,213,-130,232,404,360,0
891713,224,224,537,518,-972,3145,2416,3087,-41,-59,-139,390,391,0
895055,225,226,331,275,-635,2857,2717,3037,173,36,74,401,388,0
898371,226,227,481,162,754,2647,2956,2990,109,-115,79,393,394,0
901712,228,228,218,12,1861,2880,2594,2933,99,86,-42,391,402,0
905056,229,229,218,368,2221,2716,2023,2865,140,-43,105,407,399,0
908374,230,231,462,87,3524,2461,1823,2799,214,-10,-117,394,398,0
911713,231,232,50,406,4558,2558,1858,2729,-263,121,-92,416,381,0
915056,233,233,0,125,3757,2655,1357,2657,26,-173,62,407,396,0
918377,234,234,0,0,3295,2596,783,2567,37,-61,-115,400,390,0
921734,235,236,0,12,2762,2741,936,2485,-249,-37,127,391,366,0
925056,236,237,87,387,1431,2684,898,2402,-457,-35,119,378,346,0
928380,238,238,0,931,-986,2431,918,2305,-339,50,126,391,317,0
931738,239,239,256,1681,-3461,2153,1099,2210,-568,-124,370,369,293,0
935056,240,240,481,1550,-5771,1207,1459,2145,-893,-110,166,357,300,0
938383,241,240,987,1812,-8942,-365,1689,2090,92,-33,791,330,302,0
941739,242,241,2112,1325,-7193,-2869,1979,2057,981,8,1548,270,328,0
945057,242,242,2487,1137,-1074,-4933,2783,2065,917,-82,1397,266,338,0
948386,243,243,2656,1531,4343,-6944,3788,2120,-585,297,1010,277,337,0
951739,244,244,1925,875,4709,-6552,4311,2206,-360,423,660,316,372,0
955057,245,246,1325,406,3189,-5307,4228,2281,-206,334,702,348,381,0
958390,246,247,1025,0,3415,-3236,4214,2367,381,265,314,364,406,0
961739,248,248,931,143,6104,-1861,3731,2435,-166,227,-161,369,411,0
965081,249,250,893,0,5314,-1268,3727,2484,-205,125,278,371,403,0
968393,250,251,762,462,4003,-338,2720,2477,241,286,-8,378,378,0
971739,251,252,443,743,5102,1123,1977,2452,-77,193,188,395,363,0
975084,252,253,406,406,4981,2321,1598,2411,-435,-381,-255,397,381,0
978396,254,254,0,387,542,1723,2234,2388,-93,9,-174,416,378,0
981739,255,256,331,0,-174,1088,3175,2395,-86,351,171,381,392,0
985085,256,257,462,0,62,2108,3436,2419,-377,-53,-158,374,385,0
988400,257,258,331,31,-2148,2566,2601,2413,-98,79,-38,381,381,0
991740,258,259,368,293,-2986,2522,1842,2383,-62,216,136,379,367,0
995086,260,260,181,331,-2641,3911,1807,2364,-4,145,0,373,365,0
998403,261,262,350,425,-1776,5162,2008,2352,54,178,206,364,360,0
1001762,262,263,443,143,-1010,5753,1441,2312,-67,62,-248,359,359,0
1005085,263,264,331,218,-983,5881,1287,2260,-180,-13,-18,365,355,0
1008406,264,265,406,593,-1779,5140,1768,2234,-23,-341,13,361,335,0
1011763,265,266,950,1362,-3822,3343,2436,2247,-460,-25,186,368,330,0
1015085,266,267,1062,856,-6079,2051,2236,2260,-89,-142,-100,362,357,0
1018409,267,268,950,518,-6163,1927,2508,2280,688,26,-129,368,375,0
1021763,268,269,818,500,-3028,1800,3040,2333,302,-167,-54,375,376,0
1025086,270,271,368,0,-1887,1841,2776,2395,-303,68,57,383,393,0
1028412,271,272,0,0,-3380,1796,2278,2437,8,-30,191,406,388,0
1031763,272,273,350,481,-3081,1818,2018,2472,57,-231,-18,400,377,0
1035086,274,274,200,218,-2276,1591,1914,2503,98,-88,-57,392,391,0
1038416,275,276,31,200,-1526,991,2176,2537,-25,133,114,401,376,0
1041764,276,277,50,0,-469,1133,1829,2548,225,-169,371,380,374,0
1045086,277,278,218,181,1719,441,2749,2581,225,-256,549,371,357,0
1048418,278,279,631,762,2807,-1482,2233,2589,166,-434,851,349,326,0
1051764,279,280,1100,1118,2716,-3112,2462,2579,170,-245,1115,324,307,0
1055088,280,281,1287,1081,4282,-3318,2595,2542,-201,-594,1149,314,309,0
1058421,281,282,1400,856,4406,-4627,3363,2512,-306,-413,1185,308,321,0
1061764,282,283,1531,987,3121,-5224,3627,2493,-282,-192,888,317,330,0
1065090,283,284,1250,893,2599,-5263,4486,2502,77,85,781,332,335,0
1068425,284,285,725,331,3456,-4788,5520,2558,36,45,380,344,349,0
1071764,285,286,1137,912,5040,-4543,5565,2615,-253,286,195,358,354,0
1075093,286,287,1006,368,5241,-4320,5233,2694,-202,258,-38,365,383,0
1078428,288,288,1006,181,4320,-2949,4072,2759,-205,73,-249,365,393,0
1081764,289,290,725,0,3144,-1905,3632,2823,-388,71,260,364,403,0
1085097,290,291,293,0,2132,-2044,3797,2872,-85,-229,125,387,404,0
1088431,291,292,275,275,2048,-2697,3687,2888,149,105,234,388,372,0
1091789,292,293,31,856,2926,-2278,3786,2899,-11,29,-36,417,357,0
1095100,294,294,87,556,1807,-990,3576,2929,-148,-141,-242,398,373,0
1098435,295,296,312,68,842,-1717,4035,2998,94,-302,27,386,383,0
1101820,296,297,331,0,1344,-2792,4830,3092,-308,138,-6,381,398,0
1105104,297,298,0,0,-272,-2129,4867,3181,-33,208,211,387,383,0
1108437,298,299,218,0,-867,-832,4104,3265,-138,-3,102,371,367,0
1111793,300,301,237,68,-1211,-217,3492,3334,-77,197,51,370,363,0
1115106,301,302,181,387,-1507,737,3077,3374,-109,170,297,373,346,0
1118441,302,303,237,575,-1740,2498,2779,3385,-118,85,85,370,336,0
1121798,303,304,537,593,-2008,3398,2203,3384,-157,315,170,354,335,0
1125109,304,305,612,668,-2260,4437,1561,3355,-195,79,-82,350,331,0
1128444,305,306,481,612,-2483,5198,1003,3291,-211,92,36,357,334,0
1131798,306,307,725,406,-3543,5257,1004,3236,193,-215,111,344,345,0
1135113,307,308,725,556,-3180,5161,1479,3211,231,33,-67,364,357,0
1138447,309,309,368,125,-2503,4581,2207,3216,151,2,108,383,380,0
1141799,310,310,425,518,-1712,4732,1915,3217,0,138,-73,380,375,0
1145116,311,312,387,218,-1167,4780,1710,3202,90,-239,181,382,375,0
1148450,312,313,575,106,-278,4149,1674,3197,202,-142,28,372,381,0
1151799,313,314,368,181,913,3912,1779,3167,157,186,43,383,377,0
1155119,315,315,0,200,1924,4158,1578,3146,71,0,170,399,376,0
1158453,316,316,0,12,2483,4509,1168,3106,-347,35,-50,388,386,0
1161799,317,318,368,200,391,4124,1450,3070,-924,-252,491,383,376,0
1165122,318,319,50,12,-3256,2988,1189,3002,34,-482,457,380,366,0
1168457,319,320,406,912,-3749,290,1881,2948,156,-390,555,361,318,0
1171799,320,321,743,1362,-2380,-1255,1183,2844,17,-711,553,343,294,0
1175126,321,322,987,1175,-1900,-3441,475,2687,-275,-838,433,330,304,0
1178461,322,322,1231,893,-4618,-7161,764,2537,1133,-252,1077,317,335,0
1181800,323,324,1662,275,-438,-8167,1149,2409,685,27,1331,294,352,0
1185129,324,325,1437,200,5027,-7459,2256,2352,-108,-89,682,306,356,0
1188463,325,326,1212,537,5462,-6297,4569,2382,-175,198,712,318,338,0
1191800,326,327,1118,687,5212,-5097,5128,2423,-66,184,581,323,330,0
1195132,327,328,1850,1306,4592,-3588,5427,2478,-242,264,507,320,333,0
1198466,328,329,1325,818,3742,-2845,5227,2523,203,347,99,348,359,0
1201824,329,330,1325,406,4626,-2692,4964,2566,135,281,153,348,381,0
1205136,330,331,1531,668,5649,-1985,4535,2582,71,225,115,337,367,0
1208469,331,332,1118,181,6436,-1281,3999,2556,105,264,-87,359,393,0
1211826,332,334,912,50,6264,-1635,3695,2519,-134,-85,274,370,384,0
1215138,334,335,368,762,5558,-1565,3663,2505,-615,-281,-368,399,362,0
1218473,335,336,181,818,2208,-2109,3731,2513,-116,-125,-273,409,359,0
1221826,336,337,293,537,772,-1675,4041,2543,345,-26,29,403,374,0
1225141,338,338,162,200,3774,-1012,5045,2614,-42,-1,53,394,392,0
1228476,339,340,0,0,2815,-1976,5858,2728,-364,255,146,397,396,0
1231826,340,341,181,0,606,-1461,5270,2844,-352,234,35,373,380,0
1235145,341,342,87,0,-1076,-455,4666,2958,-7,304,302,378,380,0
1238479,342,343,143,200,-1648,1306,3787,3045,-276,228,232,375,356,0
1241827,344,344,125,725,-2353,3258,3466,3107,47,246,40,376,344,0
1245148,345,346,181,818,-2344,4391,2957,3131,-66,105,299,373,339,0
1248483,346,346,312,912,-2212,5278,2348,3144,-197,266,-74,366,334,0
1251827,347,348,481,462,-2112,6194,2127,3157,-175,95,140,357,342,0
1255152,348,349,500,368,-2716,6661,1930,3165,-234,-88,-218,356,347,0
1258486,349,350,1006,762,-3660,6347,2212,3179,127,-129,-44,349,346,0
1261827,350,351,743,368,-3475,5769,2859,3219,52,-32,-41,363,367,0
1265155,352,352,0,68,-2676,5467,3069,3278,-47,95,-34,388,383,0
1268489,353,353,143,312,-1941,5472,2926,3324,97,-112,230,379,370,0
1271827,354,354,293,462,-1353,5226,2694,3371,249,-104,-95,387,378,0
1275158,355,356,518,0,-416,4879,2748,3399,-99,80,91,375,390,0
1278493,356,357,368,68,395,4842,2606,3443,108,-50,45,383,383,0
1281827,357,358,387,0,714,4634,2625,3510,-155,-25,75,382,389,0
1285161,359,359,0,0,117,3792,2909,3577,-887,24,206,392,388,0
1288495,360,361,31,87,-2892,2549,3208,3642,-249,-344,243,381,378,0
1291852,361,362,500,425,-3164,1039,3600,3684,410,-425,549,356,344,0
1295164,362,363,387,931,-1187,-555,3190,3640,-320,-584,212,362,317,0
1298498,363,364,762,1231,-987,-2958,1651,3532,-683,-446,342,342,301,0
1301856,364,365,762,1025,-4152,-5508,1505,3409,-327,-601,524,342,312,0
1305167,365,366,856,668,-6773,-8131,938,3275,932,-208,897,337,331,0
1308501,366,367,1156,687,-2586,-10504,1217,3158,893,125,955,321,346,0
1311860,367,368,1531,293,2835,-9767,2541,3096,130,359,831,301,351,0
1315170,368,369,1400,275,5890,-8071,4196,3102,116,181,700,308,352,0
1318505,369,370,1325,556,5916,-5794,5576,3161,-200,348,736,312,337,0
1321860,370,371,1718,1100,4924,-4293,5338,3213,-338,427,404,327,344,0
1325173,371,372,1681,856,3390,-3423,5110,3256,152,237,496,329,357,0
1328508,372,373,1493,837,4366,-2612,4869,3282,-60,474,332,339,358,0
1331864,373,374,1662,725,4877,-878,4567,3267,294,191,420,330,364,0
1335177,374,375,1756,443,6590,-314,4227,3216,-188,415,92,325,379,0
1338511,375,377,1512,406,6290,115,3634,3165,-206,194,97,338,381,0
1341864,376,378,837,743,5521,-345,3195,3119,-90,278,90,390,363,0
1345180,378,379,425,668,6230,700,3135,3099,-393,36,-442,412,367,0
1348514,379,380,256,443,3808,1528,3372,3096,20,-243,-294,405,379,0
1351865,380,381,50,0,3168,1263,4377,3140,46,-492,149,396,384,0
1355183,381,383,50,0,5038,-48,6126,3258,-295,81,69,396,385,0
1358518,383,384,368,0,2639,-613,5606,3367,-110,231,-33,379,378,0
1361865,384,385,50,0,990,534,4753,3455,-180,226,-165,380,371,0
1365187,385,386,0,12,556,1552,4012,3511,29,252,292,385,366,0
1368521,386,387,162,256,1184,3623,4007,3547,-304,30,156,374,353,0
1371865,387,388,556,912,-331,4780,3629,3565,73,211,146,369,334,0
1375190,389,389,387,1062,217,5275,3073,3569,-42,124,179,378,326,0
1378524,390,390,0,687,1207,6334,3033,3580,-287,162,-128,371,330,0
1381865,391,391,800,1325,692,6817,2961,3587,-409,-214,46,360,332,0
1385193,392,392,556,968,-373,6549,3650,3619,-599,-446,-31,373,351,0
1388527,393,393,462,1156,-3263,3415,4777,3686,-492,-326,250,378,341,0
1391866,394,394,462,1043,-6148,429,5234,3759,-48,111,54,378,347,0
1395196,395,396,518,500,-7090,-379,4751,3807,586,97,-59,375,360,0
1398530,396,397,612,0,-2856,434,5356,3862,243,-55,107,370,390,0
1401886,398,398,443,350,-873,1026,5459,3933,-323,188,103,379,384,0
1405199,399,399,12,331,-2037,1252,5094,4041,20,18,117,402,385,0
1408533,400,401,256,68,-1978,1412,4377,4130,206,-20,-153,389,399,0
1411919,401,402,0,0,-948,1599,4494,4242,-159,-62,-142,409,394,0
1415202,403,403,0,0,-1011,733,4643,4349,-112,-159,23,397,373,0
1418537,404,404,0,0,-1178,178,4376,4406,33,96,-110,382,369,0
1421891,405,405,218,425,-1378,357,4252,4408,-439,41,30,371,360,0
1425206,406,406,87,837,-2716,187,3892,4355,-370,-75,6,378,338,0
1428540,407,407,125,1100,-5495,65,3916,4311,-419,81,146,376,324,0
1431891,409,408,293,1212,-7061,-193,3846,4271,-129,-400,465,351,318,0
1435209,410,409,1418,1456,-7158,-2731,3795,4238,790,-9,1312,307,305,0
1438543,410,410,2075,1231,88,-4328,4269,4228,612,-147,1455,272,317,0
1441891,411,411,2375,968,5142,-6035,4577,4239,-205,81,1289,256,331,0
1445212,412,412,0,1175,6101,-7461,5507,4298,-470,169,846,856,388,0
1448546,413,413,3087,1925,3233,-7159,5198,4360,-109,-14,1011,302,348,0
1451892,414,414,2843,1700,2466,-6507,5157,4424,-131,504,478,315,376,0
1455215,415,416,1775,1175,2655,-4500,4493,4459,126,499,721,372,388,0
1458549,416,417,1793,856,4580,-2722,3921,4444,40,538,280,371,405,0
1461892,417,418,1700,481,5893,-999,4238,4385,265,402,207,376,425,0
1465219,418,420,1625,143,6550,213,3397,4316,-316,46,-57,380,427,0
1468553,420,421,1231,631,4935,-165,3051,4263,157,52,-69,401,401,0
1471892,421,422,331,1062,5010,255,2927,4229,-221,-276,-26,449,394,0
1475221,423,424,0,200,3078,767,2563,4184,-705,-289,-628,460,404,0
1478556,424,425,0,0,-354,-251,3584,4183,766,-172,19,444,416,0
1481913,425,426,481,0,3131,-682,5061,4245,-209,126,-234,405,416,0
1485225,426,428,575,0,1854,-693,5517,4322,-805,22,-342,400,412,0
1488559,428,429,406,0,-2141,-534,4792,4380,106,302,41,393,399,0
1491917,429,430,162,443,-1499,154,4175,4396,278,45,350,406,375,0
1495229,430,431,275,687,-526,1053,5062,4405,44,299,337,400,362,0
1498562,432,432,781,931,-723,2766,4699,4388,94,314,-5,373,349,0
1501917,433,434,331,593,-214,3876,4394,4377,-62,255,300,381,351,0
1505231,434,435,800,1156,331,4804,3821,4329,-166,-86,-204,392,357,0
1508565,435,436,987,687,108,4816,3621,4272,-81,68,40,382,382,0
1511917,436,437,500,575,-514,4746,3647,4226,112,-117,10,408,388,0
1515234,438,438,593,443,-33,4438,4526,4231,47,138,-131,387,395,0
1518570,439,440,331,68,858,4649,4593,4234,-13,-73,146,401,399,0
1521917,440,441,275,0,929,4139,4282,4223,289,-111,-63,404,419,0
1525238,441,442,518,368,2375,3610,3793,4205,283,-6,-89,407,399,0
1528572,443,444,406,181,3596,3005,3700,4187,25,-54,119,397,393,0
1531918,444,445,331,31,4227,2913,3413,4172,91,-40,20,401,401,0
1535241,445,446,162,368,4765,3097,3122,4148,-99,74,-182,410,383,0
1538575,447,447,0,0,4053,3064,2905,4118,-143,74,25,404,395,0
1541918,448,449,0,0,3359,3439,2555,4080,39,96,-4,400,384,0
1545245,449,450,0,106,3205,4555,2411,4021,-331,305,23,394,361,0
1548578,451,451,0,1025,1591,4646,2202,3947,-654,-172,329,386,328,0
1551918,452,452,218,1625,-1224,3948,2400,3850,-918,-229,406,371,296,0
1555247,453,453,256,1943,-5242,2214,2868,3777,-436,-250,406,369,279,0
1558605,454,453,331,2225,-7728,1077,3192,3716,-453,-70,97,365,280,0
1561940,455,454,668,1662,-10042,420,3221,3676,-56,-305,396,347,310,0
1565250,456,455,1475,1156,-8346,-3290,3514,3663,712,-276,781,304,337,0
1568609,457,456,1831,912,-4935,-6904,3939,3654,75,-365,711,305,370,0
1571943,458,458,1643,237,-3459,-10426,3874,3669,22,391,273,315,390,0
1575254,459,459,1212,331,-1691,-9913,3996,3699,123,261,451,338,385,0
1578611,460,460,1325,500,793,-7843,4480,3747,422,338,358,348,392,0
1581943,461,461,968,275,3062,-6102,4431,3805,208,588,397,367,404,0
1585258,462,463,687,12,4926,-3797,4955,3848,331,369,-66,382,402,0
1588615,463,464,912,425,5699,-2540,4811,3840,-222,546,427,370,380,0
1591943,464,465,687,593,3965,-677,4059,3795,-594,252,526,382,371,0
1595260,466,466,387,593,1619,1958,1859,3703,337,252,-1,382,371,0
1598618,467,468,50,12,2282,3034,1812,3629,-47,404,143,396,382,0
1601943,468,469,125,0,3173,6192,1530,3519,-1197,-71,-352,392,383,0
1605264,469,470,387,181,-3606,8841,541,3389,-528,-194,-61,378,373,0
1608622,470,471,312,331,-5637,7958,609,3271,55,-270,40,382,365,0
1611944,472,472,293,218,-4208,7474,1149,3187,-406,50,-23,367,371,0
1615267,473,473,443,1137,-5846,4569,1471,3120,0,-730,618,359,322,0
1618625,474,474,781,1531,-4487,283,2341,3079,-95,-266,491,341,301,0
1621944,475,475,743,1287,-4013,-2456,3481,3047,-181,-277,572,343,314,0
1625270,476,476,1118,1025,-2647,-3990,4368,3040,636,-346,559,323,328,0
1628654,477,477,2075,1550,-286,-4157,4479,3046,524,-192,417,308,336,0
1631944,478,478,1475,1193,2711,-4608,4714,3075,170,179,218,340,355,0
1635273,479,479,893,856,4737,-3278,4634,3104,135,380,313,371,373,0
1638631,480,480,668,462,5502,-2013,3793,3116,-279,99,-417,383,394,0
1641945,481,482,518,125,3540,-1242,3714,3134,-244,216,-39,391,396,0
1645276,482,483,743,68,2417,-202,4318,3178,294,-325,87,379,399,0
1648635,484,484,500,481,3565,-1033,3974,3223,538,-124,-185,392,393,0
1651966,485,486,406,125,4760,-1642,3872,3268,164,-238,217,397,396,0
1655279,486,487,518,350,5452,-3018,3895,3321,142,-88,207,391,384,0
1658635,487,488,631,218,5501,-3051,3015,3340,-151,303,293,385,391,0
1661970,489,489,0,0,4577,-2455,2469,3328,-533,178,192,393,386,0
1665282,490,490,50,556,2429,-483,1322,3270,-582,358,6,380,353,0
1668635,491,491,125,1100,-169,1960,116,3172,-652,366,348,376,324,0
1671970,492,492,50,1156,-3599,4344,-1371,3020,-323,-159,-9,380,321,0
1675286,493,493,106,1062,-5899,5160,-1925,2837,-557,70,145,377,326,0
1678636,494,494,668,1193,-7830,4664,-2220,2646,44,-141,514,363,335,0
1681970,496,495,537,1062,-8457,3095,-1759,2466,-8,219,407,354,342,0
1685289,497,496,1212,1062,-6752,3025,-1358,2284,103,64,290,334,342,0
1688635,497,498,2281,462,-5254,3180,-2038,2082,482,-215,711,277,358,0
1691970,498,499,2750,500,-1191,1335,-1492,1880,858,-321,1094,272,376,0
1695293,499,500,2206,593,5033,-1895,-1169,1693,396,90,945,301,371,0
1698636,500,501,1943,368,7539,-2956,-781,1542,-256,78,295,315,383,0
1701970,501,502,1587,368,6789,-3802,-202,1478,20,65,313,334,383,0
1705295,502,503,1118,350,6683,-4333,-370,1410,54,95,102,359,384,0
1708636,503,505,1231,368,7131,-3517,-279,1353,441,269,-51,369,383,0
1711971,504,506,556,500,8680,-2798,-607,1317,65,52,-29,405,376,0
1715298,506,507,275,50,9869,-2296,-462,1284,-912,-33,-277,404,400,0
1718657,507,508,387,481,6379,-2470,-1097,1213,-643,-296,121,398,377,0
1721999,508,510,312,87,1077,-2136,-1342,1126,-130,45,198,398,378,0
1725302,510,511,0,0,573,-390,-1462,1007,-244,87,-167,415,378,0
1728661,511,512,331,331,982,437,-1278,858,-900,181,-150,381,365,0
1731992,512,513,406,275,-3246,1507,-1830,664,-395,127,51,377,368,0
1735305,513,514,312,406,-7175,3212,-2678,441,232,164,409,382,361,0
1738661,514,515,500,387,-6359,4118,-2284,222,-114,24,131,372,362,0
1741996,516,516,50,500,-7308,4725,-1989,15,-150,108,-93,380,356,0
1745308,517,517,50,837,-8762,4578,-1668,-155,-225,-230,7,380,338,0
1748663,518,518,275,1306,-9597,2882,-999,-302,-250,-99,-65,368,313,0
1751996,519,519,518,1250,-10350,813,-170,-442,531,43,492,355,316,0
1755312,520,520,1137,837,-7038,-560,133,-562,801,158,369,342,358,0
1758661,521,522,1343,650,-4437,-586,638,-663,392,301,508,347,368,0
1761996,522,523,1512,200,-1030,317,333,-775,-20,-102,200,338,392,0
1765314,523,524,1306,293,1753,692,-525,-885,-26,-86,48,349,387,0
1768662,524,525,743,462,2191,96,-275,-971,191,4,34,379,378,0
1771997,526,526,462,462,4847,-90,-173,-1018,314,-162,42,378,378,0
1775317,527,528,181,50,6389,-1391,-428,-1035,-38,16,5,393,384,0
1778662,528,529,518,143,6735,-1273,-418,-1005,-2,-110,-154,391,395,0
1781996,529,530,500,275,5583,-1632,-495,-960,-125,34,328,392,388,0
1785321,530,531,443,162,3218,-2475,-1242,-930,251,65,474,375,374,0
1788662,532,532,275,500,4065,-2492,-1544,-923,32,141,23,368,356,0
1791997,533,533,387,1175,3508,-2297,-2049,-945,-917,-103,268,362,320,0
1795324,534,534,256,1343,-2061,-2102,-2409,-956,-847,8,-47,369,311,0
1798663,535,535,50,1287,-7110,-1677,-3048,-1005,-436,-138,260,380,314,0
1801998,536,536,425,912,-10476,-847,-3865,-1089,499,266,592,360,334,0
1805327,537,537,500,837,-7826,329,-4449,-1204,999,165,1017,356,338,0
1808684,538,539,1868,331,-2308,1677,-3468,-1306,455,-1,873,299,365,0
1812020,539,540,1831,0,1713,2022,-1946,-1355,95,-157,1066,285,372,0
1815330,540,541,2543,818,3961,804,-1213,-1384,-3,-139,922,283,359,0
1818688,541,542,1681,912,4626,-5,-632,-1385,-124,83,892,329,354,0
1822021,542,543,1512,818,4463,-618,-135,-1375,-224,111,319,338,359,0
1825333,543,544,1025,500,3217,-1715,-145,-1345,227,22,249,364,376,0
1828688,544,546,968,0,4804,-2120,29,-1302,280,283,-1,367,394,0
1832020,545,547,818,0,7097,-661,-72,-1259,136,224,-249,375,387,0
1835337,546,548,818,406,7004,631,-52,-1220,-229,-91,-88,391,381,0
1838688,548,549,368,556,5922,321,-137,-1167,-218,-71,-219,399,373,0
1842021,549,550,500,593,4636,-206,177,-1078,376,-199,85,392,371,0
1845340,550,552,293,443,4840,-443,823,-981,-37,-299,89,403,379,0
1848689,552,553,0,68,5029,-1300,1658,-867,-159,-157,-103,409,363,0
1852022,553,554,0,0,4700,-2652,1110,-780,-135,97,-208,394,391,0
1855343,554,555,0,0,3247,-1997,685,-728,20,418,-305,386,377,0
1858688,555,556,368,68,2887,-83,520,-706,77,166,166,379,379,0
1862022,556,558,387,0,3898,964,127,-706,-509,176,225,378,373,0
1865347,558,559,0,256,1454,2310,147,-722,-311,229,-33,391,353,0
1868689,559,560,200,800,12,3051,-96,-735,-410,2,261,372,324,0
1872022,560,561,368,1231,-1458,3298,802,-694,-577,-82,65,363,301,0
1875349,561,561,368,1568,-5416,1877,1236,-646,-499,-228,235,363,299,0
1878688,562,562,687,1456,-7861,94,2090,-576,-37,-7,27,366,325,0
1882022,563,563,500,800,-8170,-977,2495,-484,215,240,-60,376,360,0
1885353,564,565,481,462,-6275,-1023,2069,-407,295,43,-143,377,378,0
1888710,566,566,537,106,-5408,-849,2242,-321,-81,168,-72,374,397,0
1892022,567,567,443,368,-5467,-412,2527,-203,-141,-2,125,379,383,0
1895356,568,568,425,256,-5510,-75,2286,-84,-131,-135,-176,380,389,0
1898714,569,570,275,237,-5720,-201,1734,34,67,41,7,388,374,0
1902047,570,571,443,293,-4970,-610,1745,163,257,-156,-140,379,371,0
1905359,572,572,0,50,-3326,-868,1901,318,-56,184,-28,409,384,0
1908714,573,573,0,0,-2852,-822,1704,492,154,-39,130,393,390,0
1912050,574,574,0,0,-2448,-987,1074,665,-21,-60,-81,386,385,0
1915362,575,576,68,0,-3621,-908,1103,808,74,-289,292,379,370,0
1918714,576,577,218,218,-3561,-899,1204,906,927,-136,483,371,355,0
1922055,578,578,12,443,368,683,1625,995,765,365,440,366,343,0
1925366,579,579,912,668,3786,2678,1983,1076,58,23,420,334,331,0
1928714,579,580,1681,762,4108,3371,2081,1146,241,-269,1232,293,326,0
1932056,580,581,2112,1043,4587,1085,2687,1234,468,-411,1310,270,311,0
1935369,581,582,2000,1381,6230,-1068,2658,1316,-339,-17,1155,276,293,0
1938746,582,582,2337,2243,4658,-2529,2531,1398,-563,-29,921,294,299,0
1942056,583,583,1906,1831,2333,-3343,2172,1467,-135,101,908,317,321,0
1945372,584,584,1175,1400,2343,-3719,1261,1511,139,66,298,356,344,0
1948715,585,586,781,668,3288,-3795,1433,1550,-136,255,422,377,367,0
1952056,586,587,781,275,2582,-2087,923,1553,-302,144,17,377,388,0
1955375,587,588,593,237,1277,-651,683,1523,-22,165,125,387,390,0
1958715,589,589,950,537,1456,-360,622,1507,-74,21,433,368,390,0
1962058,590,590,631,706,1689,-884,231,1493,-297,68,-62,385,381,0
1965378,591,592,275,725,-35,-957,498,1493,-319,-49,-117,404,364,0
1968737,592,593,350,256,-1542,-1285,81,1491,5,-279,-476,400,389,0
1972057,594,594,0,0,-893,-2486,583,1505,239,-36,-124,387,384,0
1975381,595,595,0,0,734,-3178,1414,1552,-160,156,190,387,391,0
1978740,596,597,218,0,588,-2949,2000,1589,-191,78,-325,371,390,0
1982057,597,598,200,0,-1561,-2393,1804,1607,101,-47,-117,372,382,0
1985385,598,599,87,0,-1604,-2650,1556,1590,194,-2,-21,378,398,0
1988740,599,600,537,331,-545,-2347,1503,1559,-38,45,4,370,365,0
1992058,601,601,68,650,-751,-1764,1867,1553,-219,5,193,379,348,0
1995388,602,602,237,1081,-1437,-1117,1559,1532,-69,253,-34,370,325,0
1998740,603,603,518,668,-1448,137,1430,1498,-233,163,161,355,347,0
2002058,604,604,725,1550,-2628,1995,1466,1472,-293,233,-58,364,320,0
2005391,605,606,556,1193,-3317,2677,1232,1456,-216,139,178,373,339,0
2008740,606,607,443,593,-3660,3089,586,1420,48,79,-138,379,355,0
2012083,607,608,537,200,-3506,3277,472,1375,-105,-91,-56,374,376,0
2015394,608,609,650,87,-3579,2688,1322,1363,439,-219,-48,368,382,0
2018741,610,610,462,350,-2053,2287,1532,1378,11,58,-103,378,384,0
2022084,611,611,275,368,-1513,2413,1020,1375,-49,-84,197,388,383,0
2025397,612,613,312,0,-1410,2084,531,1354,357,-224,-87,386,389,0
2028741,613,614,0,68,-267,1587,745,1327,148,127,-84,405,383,0
2032112,615,615,0,12,1084,1436,756,1288,-25,-25,96,386,382,0
2035401,616,616,0,0,1049,1703,364,1235,-63,85,-49,394,380,0
2038742,617,618,68,0,323,1985,27,1151,-59,-150,122,379,368,0
2042084,618,619,143,181,208,2450,-174,1063,400,-163,49,375,357,0
2045404,619,620,256,275,1287,3014,53,986,223,366,264,369,352,0
2048742,620,621,481,462,2804,3635,95,921,239,-89,751,357,342,0
2052084,621,622,1156,1043,5249,4107,135,885,336,-114,983,321,311,0
2055407,622,623,1681,1231,6868,2834,1137,876,-265,-469,1367,293,301,0
2058763,623,624,2018,1568,6109,129,1056,880,-505,-504,1529,275,283,0
2062084,624,624,1962,2318,3266,-3326,1544,907,-724,-279,1249,278,259,0
2065410,625,625,0,0,814,-4832,1745,942,-208,-19,1104,530,487,0
2068766,626,626,2356,1381,122,-5620,1977,997,-280,-50,613,341,393,0
2072084,627,627,1587,1625,44,-6158,2318,1054,142,254,727,382,380,0
2075414,628,628,1231,1231,2594,-5128,2113,1117,163,305,25,401,401,0
2078767,630,630,537,331,3945,-3573,2056,1163,-366,425,-71,422,433,0
2082085,631,631,781,368,3610,-2070,880,1147,126,31,222,409,431,0
2085417,632,633,837,218,3224,-2393,700,1106,-269,-156,144,406,423,0
2088767,634,634,518,781,1426,-2825,1160,1086,14,106,-144,423,409,0
2092109,635,635,237,1081,926,-2610,1345,1079,319,-28,95,438,393,0
2095420,636,637,162,237,1388,-2150,898,1060,396,-312,-74,422,418,0
2098767,638,638,12,0,2308,-2776,1146,1038,-305,-4,-319,414,430,0
2102113,639,640,462,0,1268,-3387,2191,1058,-232,237,213,390,423,0
2105423,640,641,256,0,724,-2616,2008,1076,24,35,-260,401,412,0
2108768,642,642,0,0,-338,-2236,1745,1084,-193,154,-79,407,412,0
2112113,643,644,106,0,-1028,-1391,888,1074,-204,31,209,393,402,0
2115426,644,645,50,200,-1361,-291,1282,1095,-45,58,-2,396,372,0
2118767,645,646,781,893,-1770,406,1374,1124,-121,262,97,373,351,0
2122113,646,647,237,537,-1983,1973,1090,1116,-104,82,64,386,354,0
2125429,648,648,818,1381,-2474,2917,1006,1100,-206,154,-68,375,345,0
2128768,649,649,387,1250,-3038,3315,848,1094,132,113,145,398,352,0
2132114,650,650,500,818,-2175,3073,521,1094,75,-75,-90,392,375,0
2135433,651,652,668,462,-2126,2745,856,1098,120,-29,37,383,394,0
2138791,653,653,181,0,-1498,2574,1297,1115,296,-64,61,393,412,0
2142113,654,654,218,256,-272,2993,1046,1136,3,-5,-148,391,389,0
2145436,655,655,275,706,-217,3035,504,1151,220,-106,143,404,381,0
2148791,656,657,181,12,783,2651,51,1158,320,-121,48,409,402,0
2152114,658,658,181,0,2878,2203,364,1168,-191,118,-66,393,414,0
2155440,659,659,50,162,2253,2405,-23,1164,-139,86,145,400,394,0
2158791,660,660,0,0,1678,2488,-550,1142,-26,16,-153,395,390,0
2162114,661,662,0,0,845,2604,-735,1084,-30,197,-12,384,373,0
2165443,663,663,50,68,872,2989,-809,1026,-46,-46,-20,380,363,0
2168791,664,664,181,518,962,3308,-1172,941,-101,183,-182,373,355,0
2172115,665,665,275,537,808,3399,-1305,845,-26,-87,73,368,354,0
2175445,666,666,425,518,1386,3068,-1466,738,-184,-61,-119,360,355,0
2178792,667,667,593,556,299,2620,-978,635,-645,-21,93,351,353,0
2182115,668,668,800,912,-3860,1277,-878,541,-104,-112,499,340,334,0
2185449,669,669,1700,968,-2851,-292,-359,466,624,-171,1403,292,331,0
2188792,670,670,1850,1137,649,-2856,484,454,469,-27,1194,304,342,0
2192117,671,671,2168,968,4982,-5755,824,457,-255,136,1180,287,351,0
2195452,671,672,1962,668,5613,-5653,1685,474,-289,527,860,314,367,0
2198793,673,674,1568,275,4164,-4374,1755,487,6,477,975,335,388,0
2202121,674,675,912,275,4354,-2154,2225,528,-336,416,379,370,388,0
2205455,675,676,818,331,4031,-673,2539,572,-117,391,267,375,385,0
2208793,676,677,781,481,2739,1738,2025,566,-814,131,105,377,377,0
2212124,677,679,725,200,-1364,3603,1478,550,30,-129,270,380,376,0
2215458,678,680,406,125,-1780,2733,732,518,276,-119,240,397,380,0
2218817,680,681,0,106,-1182,2723,419,504,18,-260,-226,402,377,0
2222127,681,682,200,0,-2192,3195,1538,512,-70,44,-180,388,384,0
2225462,682,683,293,87,-3414,2863,1945,529,-39,-44,-112,383,378,0
2228817,683,685,162,0,-3498,2667,1976,557,108,-20,-49,390,370,0
2232130,685,686,237,12,-2982,2303,2140,593,-221,-10,206,370,366,0
2235465,686,687,68,237,-3728,1891,2330,639,-266,-294,7,379,354,0
2238821,687,688,275,518,-4573,710,2528,702,233,-332,379,368,339,0
2242133,688,689,518,631,-3266,-955,3303,778,204,-80,384,355,333,0
2245468,689,690,650,631,-2278,-1557,3726,854,32,-135,343,348,333,0
2248854,690,691,1493,1118,-1802,-2265,3891,943,188,-371,435,339,343,0
2252137,691,692,1381,893,526,-2081,3917,1050,302,-275,273,345,355,0
2255471,692,693,1062,668,1789,-2258,4080,1175,-102,-53,131,362,367,0
2258827,693,694,612,500,2442,-1815,4138,1293,248,9,-32,386,376,0
2262140,695,696,425,143,3716,-2484,4372,1431,169,-92,147,380,379,0
2265474,696,697,106,125,5308,-2416,4223,1580,32,-57,5,397,380,0
2268826,697,698,537,350,6038,-2617,4367,1739,26,13,99,390,384,0
2272143,698,699,518,350,6013,-2788,4513,1906,-411,-56,78,391,384,0
2275478,700,701,631,481,3898,-2431,3367,2047,-184,172,215,385,377,0
2278826,701,702,275,537,3059,-1635,2159,2156,-140,54,444,388,358,0
2282146,702,703,31,368,1717,627,552,2219,-775,136,249,381,347,0
2285481,703,704,312,856,-2009,2473,-1284,2209,-611,58,340,366,321,0
2288827,704,705,256,968,-6086,3437,-2155,2169,-677,-421,-90,369,315,0
2292150,705,706,200,706,-9526,3378,-2523,2102,-95,-28,449,372,329,0
2295484,706,707,425,350,-7690,4429,-3000,1993,575,135,271,360,348,0
2298827,707,708,1568,200,-4509,5133,-3157,1868,364,-316,1019,315,372,0
2302153,708,709,2056,87,397,3296,-1600,1766,189,-522,948,289,378,0
2305487,709,710,2093,462,3492,901,-922,1682,380,-274,1088,287,358,0
2308828,710,711,1831,800,5972,-704,-1365,1570,-670,138,618,301,340,0
2312156,711,712,1775,1156,5095,-1699,-1002,1459,-306,-137,466,324,341,0
2315491,712,713,1456,762,4274,-3066,-704,1374,182,-83,292,341,362,0
2318828,713,714,781,406,5477,-4127,-437,1314,454,-57,266,377,381,0
2322159,714,716,556,0,8776,-3841,-122,1287,-127,277,-218,389,394,0
2325493,716,717,575,0,8006,-2495,-54,1273,-298,208,-414,388,388,0
2328828,717,718,256,425,5904,-2044,-592,1206,59,-239,-9,405,380,0
2332163,718,719,462,631,5513,-2902,-344,1135,3,-127,58,394,369,0
2335497,719,720,481,668,5248,-3039,181,1078,83,-161,91,393,367,0
2338854,721,722,68,443,5838,-3482,608,1031,-364,-170,-1,399,363,0
2342165,722,723,162,50,3552,-4090,456,972,-331,104,-161,390,380,0
2345500,723,724,0,0,954,-3254,-180,887,123,358,-8,400,376,0
2348854,724,725,275,87,1288,-1378,-617,765,-310,8,-52,384,378,0
2352169,726,726,0,237,-184,914,-569,631,-298,117,119,398,370,0
2355503,727,728,68,500,-1503,1590,-1167,473,-384,68,249,379,356,0
2358854,728,729,256,200,-3481,2507,-1520,303,-133,101,-99,369,356,0
2362172,729,730,350,331,-4928,4128,-1406,131,-163,190,22,364,349,0
2365506,730,731,481,387,-5786,4802,-1422,-42,-108,-93,-194,357,346,0
2368854,731,732,425,612,-6812,4922,-918,-207,-207,-174,-16,360,334,0
2372175,732,733,537,912,-7977,3882,33,-338,-204,-373,-14,354,318,0
2375510,733,734,781,1043,-8854,2304,766,-450,5,-25,-20,361,331,0
2378855,734,735,818,687,-8860,1358,877,-564,241,-84,-36,375,366,0
2382178,736,736,350,368,-7186,1439,830,-643,95,119,-112,384,383,0
2385513,737,737,668,425,-6315,2097,652,-690,-81,117,95,367,380,0
2388855,738,739,312,218,-6179,2598,938,-678,149,29,-98,386,375,0
2392182,739,740,500,50,-5136,2961,581,-620,381,98,144,376,384,0
2395516,740,741,200,106,-2803,2844,179,-547,481,10,232,392,381,0
2398855,742,742,406,368,-213,2483,-184,-474,438,51,172,381,383,0
2402185,743,744,256,87,3057,2425,-86,-383,99,-183,305,389,382,0
2405520,744,745,0,0,3587,1894,-183,-290,24,-207,214,384,385,0
2408855,745,746,143,0,2531,1141,-64,-242,-320,-219,477,375,373,0
2412188,746,747,593,612,826,409,-11,-213,151,-331,559,351,334,0
2415523,747,748,706,1268,881,12,-133,-175,29,-438,649,345,299,0
2418880,748,749,1118,1175,1359,-907,526,-127,363,-440,823,323,304,0
2422191,749,750,1456,950,1941,-2217,612,-86,333,-275,930,305,316,0
2425525,750,751,1512,1081,2633,-3605,996,-41,182,-319,853,302,325,0
2428884,751,752,1606,968,3479,-4651,1905,21,-133,-145,868,313,331,0
2432195,752,753,1175,706,3493,-4864,2993,116,133,-179,525,320,329,0
2435529,753,754,1643,1437,4042,-4786,3690,250,-12,107,610,331,326,0
2438884,754,755,1043,781,4348,-4386,4507,402,39,134,193,363,361,0
2442197,755,756,725,575,4672,-4006,4670,542,-117,214,208,380,372,0
2445532,756,757,893,87,4448,-3592,4992,679,-188,117,135,371,398,0
2448889,758,758,762,237,3201,-2696,4160,795,11,197,-187,362,390,0
2452201,759,760,556,0,1976,-1854,3727,917,-89,187,183,373,390,0
2455535,760,761,593,312,2449,-1624,3510,1046,-113,29,-79,387,386,0
2458892,761,762,256,668,1642,-1993,3805,1182,-221,-71,-295,405,367,0
2462204,763,763,0,781,-931,-2132,4214,1351,158,-194,0,423,361,0
2465538,764,764,0,425,251,-2329,4666,1544,83,-234,-183,403,380,0
2468893,765,766,0,0,1190,-3690,5612,1763,-382,208,-112,389,390,0
2472208,766,767,68,0,-143,-4000,5418,1977,-96,66,-185,379,399,0
2475542,767,768,68,0,-1083,-3095,4984,2161,26,325,-52,379,377,0
2478893,769,769,181,0,-534,-1608,4136,2290,-145,133,284,373,383,0
2482210,770,771,200,443,-502,85,3668,2380,-408,259,-128,372,359,0
2485545,771,772,275,331,-1754,1431,3462,2461,-240,188,241,368,349,0
2488894,772,773,275,743,-2504,2795,2502,2513,-236,127,23,368,327,0
2492214,773,774,406,575,-2663,4129,2003,2556,-267,162,195,361,336,0
2495549,774,775,593,406,-3003,5089,1533,2574,-187,-89,-112,351,345,0
2498894,775,776,931,875,-4082,5392,1463,2602,-25,204,-73,353,340,0
2502217,776,777,725,537,-4057,5345,1415,2640,110,-327,-108,364,358,0
2505551,778,778,125,218,-4014,4618,1998,2709,369,29,-151,380,375,0
2508893,779,779,500,443,-2752,3525,2665,2795,373,-44,332,376,379,0
2512220,780,780,612,350,-199,3531,1987,2862,336,5,151,370,384,0
2515555,781,782,837,443,1852,3347,1468,2910,309,-55,512,358,379,0
2518894,782,783,856,0,4419,2770,1272,2950,90,-7,-92,357,390,0
2522223,783,784,500,68,5428,3257,1773,3010,-191,228,-256,376,383,0
2525557,784,785,331,143,4682,4208,1480,3040,-154,-14,16,385,379,0
2528915,786,786,0,0,2046,4155,299,3030,-586,-256,175,392,387,0
2532227,787,788,0,218,-1136,3055,496,3014,-395,-460,646,393,355,0
2535561,788,789,106,462,-2463,1058,469,2969,22,-230,332,377,342,0
2538919,789,790,481,1287,-2268,-1174,326,2886,-97,-151,891,357,298,0
2542229,790,790,537,1362,-1971,-2057,-198,2765,-259,-575,264,354,310,0
2545564,791,792,818,1175,-3688,-3948,-560,2606,-426,-497,404,339,320,0
2548919,792,792,1362,762,-3491,-6817,198,2466,1278,-138,1363,310,342,0
2552233,793,794,1418,537,3827,-5896,1132,2346,-453,-8,696,307,338,0
2555567,794,795,1400,631,5521,-4690,2851,2305,-259,30,488,308,349,0
2558950,795,796,1868,1268,3662,-3798,3818,2308,86,206,721,319,335,0
2562236,796,797,1718,1025,3802,-3265,4361,2334,-247,116,327,327,348,0
2565570,797,798,1268,800,3251,-2961,4303,2350,148,334,385,351,360,0
2568919,798,799,1400,725,4213,-2872,4004,2343,260,282,68,344,364,0
2572239,799,800,1531,500,5418,-2534,3592,2310,189,230,113,337,376,0
2575573,800,801,1268,293,6540,-2012,3297,2237,-22,307,-17,351,387,0
2578919,801,803,1118,350,6521,-1747,2815,2156,166,73,183,375,384,0
2582242,803,804,387,556,6921,-2103,2817,2088,-573,-516,-85,398,373,0
2585577,804,805,293,725,5307,-2588,2987,2053,-520,29,-330,403,364,0
2588920,805,806,256,593,180,-2499,3207,2038,819,2,103,405,371,0
2592246,807,807,0,0,4493,-2120,4192,2061,-54,-219,124,402,384,0
2595580,808,809,0,50,4722,-2498,4957,2138,-454,-35,-188,398,380,0
2598920,809,810,237,12,789,-1661,4211,2207,-287,293,71,370,366,0
2602249,810,811,68,0,-597,-372,3464,2267,-287,117,-4,379,376,0
2605583,811,812,237,68,-2007,1112,2887,2311,-149,293,41,370,363,0
2608942,813,813,68,612,-2988,3475,2199,2336,-103,104,157,379,350,0
2612252,814,814,68,743,-3515,4793,1816,2330,-76,123,-59,379,343,0
2615586,815,815,256,875,-3512,5436,1319,2288,-12,38,162,369,336,0
2618945,816,816,368,781,-3359,6382,961,2256,-136,78,-132,363,341,0
2622255,817,817,931,1268,-2946,6919,904,2239,-129,-25,43,353,335,0
2625589,818,818,818,800,-3654,6526,685,2220,21,-366,-161,359,360,0
2628945,819,820,706,31,-4395,5523,1881,2224,-4,-66,-13,365,385,0
2632258,820,821,275,237,-3596,5579,2045,2241,199,-66,-12,388,374,0
2635593,822,822,162,0,-2649,5892,1937,2292,73,-131,-46,378,394,0
2638946,823,823,237,518,-2952,5336,1623,2328,262,-279,159,390,375,0
2642262,824,825,425,68,-2472,4403,1785,2369,5,-138,47,380,383,0
2645596,825,826,350,143,-2153,3873,1871,2417,115,126,114,384,379,0
2648946,827,827,181,106,-812,3582,1927,2483,310,-86,179,377,381,0
2652265,828,828,0,0,228,3512,2150,2568,-233,187,17,386,387,0
2655599,829,830,256,0,-570,3502,2211,2631,-70,-438,663,369,375,0
2658946,830,831,518,0,-290,1777,2306,2668,185,-460,231,355,367,0
2662268,831,832,556,687,-484,241,922,2607,-260,-575,334,353,330,0
2665602,832,833,518,1587,-1818,-2355,1201,2526,-193,-638,522,355,282,0
2668946,833,834,762,1250,-3384,-5516,849,2416,-118,-896,586,342,300,0
2672271,834,834,912,1193,-3766,-8039,807,2307,991,-314,779,334,319,0
2675605,835,835,1381,743,42,-8966,1069,2215,739,-178,1076,309,343,0
2678947,836,836,1250,687,5098,-8596,3217,2203,48,-9,667,316,346,0
2682274,837,838,1437,593,5601,-8080,4871,2252,-173,36,915,306,335,0
2685609,838,839,1456,1456,5651,-7502,5831,2347,-198,304,377,389,373,0
2688947,839,840,2112,1587,3482,-5540,5764,2439,-24,407,462,354,366,0
2692277,840,841,1925,1062,2470,-4463,5580,2520,371,338,240,364,394,0
2695636,841,842,1943,1043,3575,-4476,5480,2591,232,428,345,363,395,0
2698969,842,843,1793,1100,6190,-2814,5305,2626,-13,257,283,371,392,0
2702281,844,845,1850,462,7027,-1576,4998,2627,-28,165,179,368,410,0
2705639,845,846,1287,1043,6658,-1407,4839,2647,-524,8,206,398,395,0
2708971,846,847,687,1025,4266,-2211,4198,2669,61,228,104,430,396,0
2712285,847,849,462,518,5037,-1266,4213,2711,-216,-100,-299,442,407,0
2715642,849,850,0,0,4766,-481,4100,2770,-226,-127,-361,437,416,0
2718971,850,851,50,31,2364,-754,5530,2886,-90,-271,248,428,413,0
2722288,852,853,0,0,2275,-970,6308,3042,-52,108,48,423,402,0
2725645,853,854,406,0,2176,-923,6093,3203,-226,115,-38,393,401,0
2728972,854,855,462,125,-340,-57,5378,3342,-584,175,-2,390,392,0
2732290,855,857,143,0,-1766,1168,4867,3473,-179,87,52,407,383,0
2735649,857,858,237,950,-1771,2347,4810,3565,-173,168,215,402,348,0
2738972,858,859,575,931,-1951,4203,4432,3639,-47,74,-105,384,349,0
2742293,859,860,331,631,-1406,4957,4112,3707,-85,256,163,381,349,0
2745652,860,861,1062,1268,-1190,5506,3751,3774,-169,111,-21,378,351,0
2748972,862,862,537,743,-1702,6123,3511,3828,63,-92,-139,390,379,0
2752297,863,863,556,687,-2124,5794,4102,3897,258,-258,6,389,382,0
2755655,864,865,462,31,-604,5437,4341,3973,-4,-48,-200,394,401,0
2758973,865,866,518,0,-143,5899,4306,4040,-43,80,118,391,414,0
2762300,867,867,87,181,-75,5798,4022,4097,277,-135,168,414,393,0
2765655,868,868,612,462,825,5366,3751,4142,307,66,-132,386,394,0
2768973,869,870,275,0,2990,4753,3771,4231,-67,125,160,404,405,0
2772304,870,871,143,0,3690,4694,3494,4303,-66,-61,198,411,421,0
2775688,872,872,0,0,3919,4742,3094,4373,43,37,-94,408,400,0
2778994,873,874,0,0,3232,4532,2800,4435,-290,90,-7,399,385,0
2782307,874,875,0,0,2608,4588,2603,4483,-229,-7,33,387,371,0
2785663,876,876,0,1100,794,4663,2446,4459,-1093,-271,332,392,324,0
2788997,877,877,162,2018,-4443,3362,2878,4397,-558,-399,230,374,275,0
2792310,878,878,293,2056,-6458,2255,3739,4331,-108,-544,765,367,273,0
2795663,879,878,1231,2018,-6201,232,3169,4250,-100,-806,708,317,291,0
2798998,880,879,1737,1606,-4984,-5276,3059,4171,-155,-463,447,290,313,0
2802313,880,880,1906,1156,-5275,-9107,2581,4081,-111,-353,338,297,337,0
2805664,881,881,1418,781,-5924,-12314,3155,4014,-265,-390,96,323,357,0
2808998,882,882,1906,743,-5800,-14613,2877,3947,799,226,209,317,379,0
2812316,883,884,1437,368,-1917,-13361,3163,3895,609,690,566,342,383,0
2815664,884,885,1493,256,2328,-9856,3403,3870,425,561,365,355,405,0
2818998,886,886,1212,293,4118,-5486,3484,3847,426,675,589,354,403,0
2822319,887,888,1343,293,6689,-3835,3515,3829,162,376,867,347,403,0
2825664,888,889,1400,875,8514,-3406,4301,3791,-735,557,587,344,356,0
2828999,889,890,1306,1006,3490,-50,3335,3698,-213,220,719,349,349,0
2832322,890,891,1062,856,2267,864,2591,3588,396,72,-117,362,357,0
2835664,891,892,800,706,4026,1135,1675,3473,337,689,82,392,381,0
2838999,892,893,350,256,7014,4881,806,3346,-354,370,-44,396,385,0
2842326,894,895,0,162,6690,7861,796,3220,-774,-202,-281,415,390,0
2845665,895,896,256,0,1997,7603,1029,3114,-333,-235,-85,385,384,0
2848999,896,897,368,0,-1089,5828,2113,3051,33,-81,30,379,385,0
2852329,897,898,331,331,-1265,6006,3040,3029,-33,110,-22,381,365,0
2855686,898,899,275,612,-546,6027,2676,3003,163,-180,29,384,350,0
2859021,900,900,0,931,-990,5064,2507,2953,-307,-154,5,388,333,0
2862332,901,901,256,1550,-2110,3731,3210,2918,-240,-183,794,369,300,0
2865690,902,902,556,1475,-4526,1632,4407,2921,-646,-157,238,353,304,0
2869052,903,903,1306,2056,-8543,-1087,4856,2947,351,67,148,349,309,0
2872335,904,904,893,1418,-9351,-2488,5520,3002,-226,292,-282,371,343,0
2875690,905,905,856,1006,-8776,-2345,4926,3039,655,222,164,373,365,0
2879024,906,906,1212,518,-5464,-1969,4775,3079,264,-127,140,354,391,0
2882338,908,908,1118,68,-3689,-1457,4325,3117,-237,-108,225,359,399,0
2885690,909,909,687,200,-3880,-2054,4822,3180,18,-188,398,366,392,0
2889024,910,910,800,443,-923,-3095,4231,3231,805,-207,267,376,395,0
2892341,911,912,1175,312,3205,-4000,4080,3282,346,72,295,356,402,0
2895690,912,913,800,0,7017,-3394,4192,3323,330,-6,22,376,417,0
2899024,913,914,331,143,8192,-3859,4080,3334,263,109,83,401,395,0
2902345,915,915,0,12,8847,-4103,3614,3348,-171,62,6,417,382,0
2905690,916,916,0,143,7717,-2687,3258,3354,-414,269,-99,386,375,0
2909025,917,918,31,218,3710,-1304,1940,3334,-368,365,435,381,355,0
2912348,918,919,312,1118,1346,1251,650,3256,-450,253,220,366,307,0
2915690,919,920,706,1812,170,3757,321,3176,-512,112,182,361,286,0
2919025,920,920,1118,1981,-3503,3170,-152,3072,-59,-143,674,339,293,0
2922351,921,921,1137,1793,-2767,2851,-738,2943,-226,227,511,338,303,0
2925690,922,922,1156,1550,-2498,3200,187,2840,-383,479,-108,337,316,0
2929025,923,923,1737,1231,-7426,4244,-733,2707,252,-380,1051,306,333,0
2932354,924,924,2656,1587,-5054,1879,220,2579,741,-291,1367,277,334,0
2935712,925,925,2262,1250,19,-2158,885,2503,309,-88,888,298,352,0
2939047,926,926,2168,1231,6315,-3904,901,2450,-414,409,135,303,353,0
2942357,927,927,1718,837,6038,-4160,1171,2434,-397,153,365,327,374,0
2945716,928,928,1250,875,5253,-4439,934,2438,73,141,-28,368,388,0
2949049,929,930,968,237,4792,-3980,457,2428,295,235,206,383,406,0
2952361,930,931,743,12,6567,-2938,243,2403,86,184,213,395,418,0
2955716,932,932,406,500,7884,-2267,593,2356,-246,213,-196,397,392,0
2959049,933,934,425,275,7115,-2519,365,2272,-27,-206,-100,396,388,0
2962364,934,935,312,181,6853,-3420,428,2202,-411,-99,310,398,389,0
2965716,936,936,0,500,3713,-2913,397,2136,-67,262,120,403,372,0
2969050,937,937,0,387,3463,-1785,221,2043,-328,310,23,402,378,0
2972368,938,938,256,406,2645,-434,184,1911,-508,278,-249,385,377,0
2975716,939,940,200,125,-1176,1513,-298,1749,-497,277,87,388,376,0
2979049,940,941,368,387,-3618,2366,-716,1555,-25,11,299,379,362,0
2982371,942,942,50,350,-4128,3466,-771,1377,-271,71,-12,380,364,0
2985717,943,943,200,387,-5306,4806,-552,1210,-95,-68,140,372,362,0
2989050,944,944,331,481,-6166,5300,-633,1055,-14,161,-129,365,357,0
2992373,945,945,387,593,-6359,5867,-234,897,19,8,78,362,351,0
2995716,946,946,931,968,-5899,5805,310,775,69,-111,-99,369,367,0
2999050,947,948,818,443,-5491,5260,529,664,6,27,-115,375,379,0
