Time, Rlegs, Llegs, DCL, DCR, GyroX, GyroY, GyroZ, GyroZAvg, AccelX, AccelY, AccelZ, LBEMF, RBEMF, SteerOut
3168,1062,1074,0,0,208,-129,-157,-156,-20,-1,227,91,92,0
6482,1062,1074,0,0,208,-131,-158,-156,-17,0,224,90,91,0
9817,1062,1074,0,0,207,-130,-159,-156,-18,-1,230,90,91,0
13172,1062,1074,0,0,208,-129,-157,-156,-20,0,221,90,92,0
16485,1062,1074,0,0,207,-130,-159,-156,-22,0,228,90,92,0
19820,1062,1074,0,0,210,-128,-157,-156,-21,0,229,90,91,0
23173,1062,1074,0,0,206,-128,-157,-157,-18,2,232,90,92,0
26490,1062,1074,0,0,209,-134,-157,-157,-18,0,224,90,91,0
29823,1062,1074,0,0,207,-132,-156,-157,-16,0,226,90,91,0
33177,1062,1074,0,0,207,-132,-154,-156,-21,0,224,91,91,0
36492,1062,1074,0,0,211,-133,-156,-156,-19,2,228,90,92,0
39826,1062,1074,0,0,206,-129,-156,-156,-19,-2,225,90,91,0
43181,1062,1074,0,0,209,-131,-154,-156,-20,-1,228,90,91,0
46495,1062,1074,0,0,208,-130,-155,-156,-19,3,223,90,91,0
49830,1062,1074,0,0,208,-128,-157,-156,-23,-1,226,90,91,0
53181,1062,1074,0,0,206,-128,-156,-156,-17,-3,227,90,91,0
56498,1062,1074,0,0,208,-132,-157,-156,-20,0,231,90,92,0
59833,1062,1074,0,0,208,-127,-157,-155,-20,0,227,90,92,0
63181,1062,1074,0,0,206,-129,-158,-156,-21,0,226,90,91,0
66502,1062,1074,0,0,209,-130,-159,-156,-19,0,225,90,92,0
69836,1062,1074,0,0,206,-130,-157,-156,-18,-1,229,90,92,0
73181,1062,1074,0,0,209,-130,-157,-156,-21,1,224,91,92,0
76506,1062,1074,0,0,208,-130,-158,-156,-22,0,225,90,91,0
79839,1062,1074,0,0,208,-129,-158,-156,-21,2,228,90,92,0
83181,1062,1074,0,0,207,-130,-156,-156,-23,0,227,90,91,0
86508,1062,1074,0,0,209,-129,-157,-156,-21,0,224,90,91,0
89843,1062,1074,0,0,208,-127,-158,-156,-21,0,227,90,92,0
93182,1062,1074,0,0,208,-131,-155,-156,-22,-1,229,91,91,0
96511,1062,1074,0,0,210,-132,-156,-156,-17,-1,222,90,92,0
99845,1062,1074,0,0,207,-130,-155,-156,-19,0,223,90,91,0
103182,0,0,762,743,205,-130,-155,-156,-23,-1,231,90,91,0
106514,0,0,762,725,206,-130,-156,-156,-21,0,230,90,92,0
109849,0,0,762,743,205,-132,-154,-156,-21,-2,224,90,91,0
113203,0,0,762,725,207,-131,-154,-156,-19,0,224,90,92,0
116517,0,0,762,725,210,-131,-156,-156,-21,1,227,90,92,0
119852,0,0,762,725,207,-128,-157,-156,-22,1,222,90,92,0
123207,0,0,762,743,208,-129,-160,-156,-20,0,227,90,91,0
126521,0,0,762,725,210,-130,-157,-156,-18,1,228,90,92,0
129855,0,0,762,743,208,-129,-156,-156,-20,-2,230,90,91,0
133207,0,0,743,725,213,-128,-159,-156,-19,-1,225,91,92,0
136525,0,0,762,743,211,-129,-157,-156,-20,0,232,90,91,0
139858,0,0,762,725,208,-132,-156,-156,-18,1,231,90,92,0
143207,0,0,743,743,204,-131,-155,-156,-19,1,225,91,91,0
146527,0,0,762,725,208,-131,-156,-156,-19,-2,224,90,92,0
149861,0,0,762,743,207,-130,-156,-156,-19,-1,225,90,91,0
153208,0,0,762,725,205,-129,-153,-156,-18,0,230,90,92,0
156530,0,0,762,743,206,-129,-155,-156,-22,4,221,90,91,0
159865,0,0,762,743,204,-132,-156,-156,-18,1,226,90,91,0
163207,0,0,743,743,209,-127,-156,-156,-22,-1,227,91,91,0
166533,0,0,762,743,207,-130,-157,-156,-19,1,226,90,91,0
169868,0,0,762,725,210,-132,-155,-156,-19,0,223,90,92,0
173208,0,0,743,725,209,-128,-156,-156,-20,1,230,91,92,0
176537,0,0,762,725,206,-128,-159,-156,-18,-5,229,90,92,0
179871,0,0,762,762,209,-130,-162,-156,-21,0,228,90,90,0
183208,0,0,762,743,208,-127,-157,-156,-23,2,228,90,91,0
186540,0,0,762,725,209,-130,-156,-156,-17,-2,225,90,92,0
189875,0,0,762,725,208,-128,-157,-156,-21,1,229,90,92,0
193229,0,0,743,743,207,-130,-155,-156,-15,-1,223,91,91,0
196543,0,0,762,743,206,-131,-157,-156,-21,3,222,90,91,0
199877,0,0,762,725,207,-129,-156,-156,-20,0,223,90,92,0
203441,0,0,762,743,207,-132,-155,-156,-17,-5,223,90,91,0
206546,0,0,387,0,206,-131,-149,-156,-59,-54,279,222,250,0
209882,1,1,931,1118,27,-346,-155,-156,-60,125,191,209,199,0
213236,1,1,706,706,-85,-29,-147,-155,-13,-12,209,221,221,0
216549,2,2,800,368,-116,217,57,-149,10,2,295,216,239,0
219884,2,2,912,537,431,-22,66,-142,61,54,291,226,246,0
223236,3,3,800,837,904,-468,148,-132,-37,117,262,248,246,0
226553,3,4,1118,537,1192,-399,335,-117,111,82,368,247,262,0
229887,4,4,856,481,2061,-305,469,-97,-5,115,346,261,281,0
233236,5,5,800,443,2297,-480,346,-82,-155,108,337,264,283,0
236557,5,6,968,125,1229,-474,167,-72,17,120,410,251,280,0
239890,6,7,1025,368,602,-708,-16,-67,-46,-22,335,248,267,0
243237,7,7,706,462,312,-1071,-121,-66,-160,135,315,265,278,0
246559,8,8,706,612,-687,-788,-539,-78,8,216,307,265,270,0
249894,8,9,1325,762,-1422,-835,-692,-95,-176,163,222,264,278,0
253237,9,10,987,931,-2200,-905,-801,-115,-37,125,207,282,269,0
256563,10,10,706,950,-2917,-570,-589,-128,-103,76,84,297,284,0
259898,11,11,462,1325,-3305,-748,-440,-137,-220,86,38,310,264,0
263237,12,12,443,1156,-4321,-886,-175,-138,89,40,260,311,273,0
266565,13,13,818,1362,-4612,-1404,208,-127,95,148,58,311,282,0
269900,14,14,593,725,-4102,-1155,399,-109,35,58,210,323,316,0
273238,15,15,275,668,-3703,-482,453,-90,-72,-35,20,340,319,0
276570,16,16,518,631,-3896,-554,505,-70,5,52,181,343,321,0
279928,17,17,143,668,-3931,-538,650,-44,181,162,-32,363,335,0
283262,18,18,368,462,-3458,-450,673,-18,223,65,80,351,346,0
286572,19,19,368,275,-2567,-598,554,3,-99,-61,-134,351,356,0
289931,20,20,143,125,-2258,-970,309,18,190,84,-17,363,364,0
293263,21,21,50,106,-2138,-1126,149,27,220,-68,-11,368,365,0
296575,22,22,0,12,493,68,31,33,519,181,208,367,366,0
299934,23,23,518,125,2451,1198,392,50,-119,83,137,339,360,0
303263,24,24,668,143,2841,2203,293,64,556,-6,155,331,359,0
306578,25,26,1118,0,5968,2019,-95,66,587,-126,331,307,356,0
309937,26,27,1550,50,9014,1466,-325,61,397,-115,331,284,348,0
313263,27,28,1550,31,11498,181,-848,39,-368,7,290,284,349,0
316581,28,29,1475,218,9928,-1450,-1679,-8,-266,-187,464,288,339,0
319940,29,30,1343,1006,8732,-3054,-2219,-72,-394,244,311,295,297,0
323263,29,30,1287,1568,5813,-2873,-2142,-141,-475,42,340,314,283,0
326585,30,31,1062,1568,1372,-2190,-1769,-199,-666,442,513,326,283,0
329943,31,32,1568,1681,-1695,-867,-1797,-259,-112,276,451,335,313,0
333263,32,33,1850,1625,-3186,266,-2141,-337,-54,400,404,320,316,0
336588,33,34,1756,1681,-3887,600,-2703,-436,-154,447,394,325,313,0
339947,34,35,1512,1493,-3615,841,-2682,-530,64,515,294,338,323,0
343263,35,36,1081,1193,-2960,873,-2348,-609,-229,17,104,361,339,0
346591,37,37,462,781,-4718,447,-2334,-681,-101,-65,-101,378,361,0
349946,38,38,612,781,-4605,831,-2838,-766,1,-471,-193,386,377,0
353264,39,39,368,556,-4973,779,-2918,-841,-447,-44,-104,399,389,0
356595,40,41,218,50,-7740,830,-1863,-877,-55,-68,-134,407,400,0
359951,42,42,0,0,-8677,21,-1155,-888,-319,-141,-24,390,387,0
363285,43,43,31,12,-9500,-647,-713,-892,-35,88,-62,381,382,0
366597,44,44,425,425,-8073,-769,-997,-910,801,117,450,360,360,0
369955,45,45,743,762,-3876,476,-651,-925,120,200,252,343,342,0
373289,46,46,612,500,-2529,1934,-324,-941,397,-183,238,350,356,0
376601,47,48,1006,143,84,1304,315,-944,558,-111,364,329,359,0
379954,48,49,1287,368,3389,773,981,-927,278,-394,223,330,363,0
383289,49,50,1137,143,5723,-371,1160,-907,68,-313,76,338,375,0
386605,50,51,856,0,7578,-816,1254,-888,156,46,175,337,379,0
389955,51,52,1062,687,9326,-743,1450,-864,224,114,-19,362,366,0
393290,52,53,875,518,10763,24,1614,-831,-115,311,40,372,375,0
396607,54,55,537,518,10931,1010,1585,-791,111,-148,-45,390,375,0
399955,55,56,331,987,10490,688,1987,-733,-162,20,-145,385,334,0
403290,56,57,256,1381,9208,-447,2166,-667,-898,113,573,389,313,0
406610,57,58,350,2018,762,-2439,1957,-618,-1263,-67,583,384,295,0
409955,58,58,518,2018,-5569,-3884,1286,-587,50,248,302,391,311,0
413290,59,59,987,1925,-7800,-5110,768,-560,54,447,426,366,316,0
416613,61,60,912,1456,-6498,-3143,364,-538,-47,544,124,370,341,0
419984,62,61,518,931,-5691,-997,272,-503,-475,73,11,371,365,0
423290,63,63,0,87,-7734,-109,286,-442,-553,-26,-228,386,378,0
426617,64,64,0,331,-11559,-372,448,-358,467,194,284,385,365,0
429956,65,65,612,575,-7694,314,-254,-299,487,184,23,366,368,0
433290,66,66,687,612,-5611,1805,568,-226,464,574,294,362,366,0
436620,67,67,1081,500,-882,3397,818,-145,565,-316,183,341,372,0
439977,68,68,1418,275,3119,2869,141,-73,1076,-82,587,323,384,0
443311,69,70,1775,0,9168,1828,160,15,559,-66,651,304,387,0
446623,70,71,1606,0,13506,1310,-306,89,63,-42,282,313,385,0
449980,71,72,1287,0,13224,423,-1232,124,121,44,92,330,384,0
453315,72,73,1193,631,12815,-499,-1822,140,7,-52,-25,355,369,0
456626,74,74,593,481,11357,-565,-2528,150,-384,84,114,387,377,0
459981,75,75,537,1456,8794,563,-1840,184,-431,275,-100,390,341,0
463315,76,76,406,1906,6256,1293,-1496,195,-475,-196,203,397,317,0
466630,77,77,500,1906,1527,-676,-996,200,-394,-18,48,392,317,0
469981,78,78,537,1568,-2164,-723,-1247,183,-510,73,57,390,335,0
473316,80,79,87,1325,-4889,-1119,-953,185,-402,-190,80,398,348,0
476633,81,80,237,1062,-6769,-1660,-479,190,-188,21,-150,390,362,0
479981,82,82,181,706,-7709,-2110,-498,185,-366,95,-73,409,381,0
483316,83,83,0,275,-8988,-2244,-857,148,61,-197,-194,402,384,0
486636,85,84,0,68,-10007,-2295,-512,102,-16,-55,2,389,395,0
489982,86,85,0,237,-9334,-2158,459,80,-281,-42,606,385,386,0
493316,87,87,218,237,-8932,-2441,604,59,268,-152,139,371,370,0
496640,88,88,368,668,-7624,-2161,998,45,795,279,520,363,347,0
499982,89,89,1231,406,-2234,-302,1358,37,623,-114,439,317,361,0
503317,90,90,1156,293,1680,1766,2298,59,891,-255,538,321,367,0
506642,91,91,1100,237,6816,1838,3652,111,598,-231,262,324,370,0
509982,92,92,631,143,10192,436,3886,165,-82,22,220,349,375,0
513345,93,93,1100,931,11456,-124,3776,222,-243,203,-208,360,369,0
516646,94,94,762,612,10311,858,3361,287,-7,223,17,378,386,0
520003,95,96,593,518,10661,2356,2934,355,-404,172,46,387,375,0
523338,97,97,331,1006,9496,4559,3448,451,-1470,-240,287,385,349,0
526649,98,98,368,1981,2407,2813,3378,548,-1250,-433,701,383,297,0
530007,99,99,537,1850,-4179,-82,3306,642,-660,73,468,374,304,0
533340,100,100,987,2018,-9925,-1590,2270,699,357,42,344,366,311,0
536652,101,100,1212,1868,-10686,-3095,778,732,584,268,287,354,335,0
540007,102,102,1062,818,-6742,-2844,358,725,-132,292,153,362,375,0
543340,103,103,837,650,-5242,-1821,627,719,-501,-49,-502,374,384,0
546655,105,104,0,0,-9574,-842,933,744,108,241,-839,389,419,0
550008,106,105,0,68,-12249,-260,727,762,736,-254,142,395,395,0
553342,107,107,50,125,-8548,-717,543,788,379,-213,288,380,376,0
556658,108,108,106,218,-6103,471,791,851,828,207,630,377,371,0
560008,109,109,1006,537,-1777,1085,980,939,914,-335,224,345,370,0
563340,110,110,1456,200,3085,894,778,1042,963,-26,466,321,388,0
566661,111,111,1531,293,9035,658,1149,1136,510,76,594,317,383,0
570008,112,113,1418,0,11767,809,517,1198,25,82,137,323,385,0
573341,113,114,1193,31,12647,283,202,1236,-153,-26,60,335,381,0
576665,114,115,1287,425,11599,-277,-976,1244,258,171,-64,350,380,0
580008,115,116,875,556,12569,-177,-1259,1235,309,127,-91,372,373,0
583342,117,117,312,668,13711,959,-1013,1218,-446,246,-312,386,367,0
586668,118,118,518,1137,11246,1371,-762,1210,-531,-212,131,375,342,0
590008,119,119,575,1643,8399,-82,-375,1225,-479,-43,25,388,331,0
593341,120,120,275,1700,4647,-965,-329,1231,-686,17,254,404,328,0
596671,122,121,368,1587,257,-1355,140,1221,-428,42,152,399,334,0
600030,123,122,0,1306,-3019,-1328,677,1223,-412,-46,19,405,349,0
603342,124,124,87,781,-5058,-1421,991,1223,-261,-2,241,398,361,0
606674,125,125,237,518,-7560,-1548,889,1208,-128,-67,-104,386,371,0
610030,127,126,0,631,-9158,-1618,1130,1172,253,-56,-183,402,365,0
613366,128,127,0,256,-8877,-1497,1500,1104,82,-90,1,389,385,0
616678,129,128,0,518,-8276,-1712,1755,1038,-130,-21,122,384,371,0
620033,130,130,331,593,-9998,-1965,1918,980,-47,3,353,365,351,0
623369,131,131,725,575,-9513,-2287,2189,943,550,-46,279,344,352,0
626681,132,132,818,500,-5369,-1862,2308,924,659,-184,599,339,356,0
630034,133,133,1325,68,-670,-1428,2667,899,710,176,437,312,379,0
633369,134,134,1268,87,4145,-252,4095,922,574,-58,505,315,378,0
636684,135,135,1306,331,8218,-614,4011,944,-17,144,251,313,365,0
640034,136,136,1062,781,9245,-371,3258,974,147,174,299,362,377,0
643376,137,138,725,350,9071,801,2778,1037,-41,359,245,380,384,0
646687,138,139,912,518,10764,3615,2371,1100,-289,406,58,370,375,0
650034,139,140,893,1231,10358,5223,2450,1157,-1189,-78,28,371,337,0
653376,141,141,275,1962,5072,5453,2952,1220,-1457,-329,387,388,298,0
656690,142,142,443,1981,-4697,1933,2587,1278,-349,-390,1055,379,297,0
660034,143,142,706,2075,-8745,-465,1401,1305,-232,-14,243,381,324,0
663376,144,144,593,1437,-11193,-2384,1057,1313,461,199,420,387,342,0
666693,145,145,987,1456,-6946,-2226,128,1287,194,-177,169,366,357,0
670034,146,146,481,0,-4460,-1896,919,1291,-923,394,-501,373,409,0
673376,148,147,31,68,-7283,-533,1437,1300,-152,-81,-242,381,395,0
676697,149,148,0,425,-10175,1250,182,1289,200,-250,-164,391,376,0
680056,150,150,50,218,-9287,450,50,1285,133,127,142,380,371,0
683376,151,151,12,256,-8618,-414,-143,1311,1070,27,529,382,369,0
686701,152,152,443,181,-2096,1652,1055,1383,786,281,622,359,373,0
690055,153,153,1400,162,2590,2680,992,1446,96,-283,71,324,390,0
693377,154,154,1568,200,4565,2074,1393,1513,913,83,633,315,388,0
696703,155,156,1100,0,9440,1323,750,1548,377,-41,396,324,389,0
700059,156,157,1550,518,12426,1037,204,1565,-65,-112,10,336,375,0
703377,157,158,1231,31,12990,-646,-794,1536,-33,35,-172,353,401,0
706706,158,159,893,518,13019,-1166,-1029,1482,329,185,-262,371,375,0
710060,160,160,331,743,14374,-153,-1450,1406,8,103,-337,385,363,0
713377,161,161,312,800,13593,210,-1174,1342,-951,-44,-215,386,360,0
716709,162,163,143,1025,8615,-449,-540,1289,-419,-34,181,395,348,0
720060,163,164,406,1100,5631,-1432,-145,1238,-619,-16,321,397,344,0
723402,164,165,31,1043,2203,-1505,307,1193,-519,74,8,417,347,0
726713,166,166,181,912,-1141,-1818,560,1150,-372,183,175,393,354,0
730088,167,167,162,443,-3923,-1512,580,1100,-533,56,-55,390,375,0
733403,168,168,0,162,-5866,-1668,507,1044,-329,56,-24,384,374,0
736716,169,169,0,237,-7945,-1900,434,974,185,-55,70,390,370,0
740061,171,170,0,293,-7355,-1614,734,869,100,36,-62,384,383,0
743403,172,172,275,500,-6736,-1823,1402,787,-490,-166,45,368,356,0
746719,173,173,125,668,-8912,-2129,1529,733,120,50,6,376,347,0
750061,174,174,200,537,-9413,-1900,1378,690,620,52,452,372,354,0
753404,175,175,537,312,-6225,-1483,1793,672,101,-244,56,354,366,0
756722,176,176,1043,200,-2123,-1591,2200,664,982,-161,609,327,372,0
760061,177,177,1156,218,2570,-1388,2712,656,-172,195,365,321,371,0
763404,178,178,1306,593,4725,59,3323,679,-27,292,489,333,371,0
766726,179,179,800,556,5535,1283,2285,707,114,365,258,360,373,0
770082,180,181,837,462,6447,3025,1509,721,251,476,287,374,378,0
773404,181,182,837,781,9205,5760,1142,753,-644,228,202,374,361,0
776729,183,183,818,1381,6742,6734,1369,767,-1313,-293,287,375,329,0
780085,184,184,237,2262,457,4489,1207,760,-1195,-614,691,390,282,0
783404,185,185,293,1681,-7762,-283,1249,793,-539,-221,365,387,313,0
786732,186,186,556,1700,-10772,-2555,904,820,798,-105,655,373,328,0
790086,187,187,837,1081,-6995,-3866,-49,823,880,128,356,374,361,0
793404,188,188,275,200,-888,-3665,-202,783,-46,138,199,384,388,0
796736,189,189,462,331,-2052,-3216,851,779,-809,295,-360,374,381,0
800086,191,190,12,200,-5827,-1213,137,740,355,-45,-176,382,388,0
803405,192,191,0,462,-6741,-214,-446,702,362,-315,156,387,374,0
806738,193,193,0,575,-4987,-1217,-408,683,12,-351,72,383,368,0
810086,194,194,312,368,-4110,-703,-377,696,118,254,251,366,363,0
813429,195,195,612,0,-251,1313,121,732,439,-76,87,350,385,0
816741,196,196,631,68,3521,1776,468,792,-55,-85,-43,349,379,0
820087,197,197,481,106,3545,1811,615,848,363,281,178,357,377,0
823464,198,199,2262,1287,5341,3681,-419,852,416,-14,232,346,382,0
826745,200,200,2000,1081,7842,3137,-713,834,12,-163,283,360,393,0
830087,201,201,1400,762,8580,1458,-1355,782,321,103,156,376,410,0
833433,202,203,1268,425,11473,336,-2317,692,500,-110,32,383,412,0
836748,203,204,1118,856,13237,-159,-2902,583,-659,-87,-281,391,389,0
840087,204,205,818,893,10383,-157,-2638,485,-1043,121,-52,407,387,0
843434,206,206,162,1456,4260,-851,-1826,414,-396,-218,263,442,373,0
846751,207,207,256,1343,1116,-1359,-1074,358,-655,124,243,437,379,0
850109,209,209,256,1043,-1500,-906,-993,283,13,193,48,421,379,0
853433,210,210,256,875,-2754,-727,-206,229,-304,367,-115,421,388,0
856754,211,211,0,31,-5377,-557,-158,181,-281,-165,-252,418,413,0
860111,213,212,0,218,-7383,-1060,-403,112,47,171,-266,401,403,0
863433,214,214,0,218,-8063,-1816,-550,26,375,-132,468,405,387,0
866758,215,215,0,312,-6072,-1696,198,-51,-152,-102,262,399,382,0
870111,216,216,556,931,-5727,-1677,1007,-124,147,31,351,385,365,0
873434,218,217,293,818,-3642,-1453,1168,-159,532,-94,433,383,371,0
876761,219,218,500,556,50,-1303,1471,-160,257,-53,81,372,385,0
880111,220,220,1231,200,2852,-1357,1848,-138,282,84,446,333,388,0
883434,221,221,987,0,4506,110,2453,-104,-123,225,366,346,406,0
886765,222,222,893,593,5288,2125,2917,-50,359,6,566,371,387,0
890111,223,224,293,200,6718,2911,2349,-16,-297,78,541,403,392,0
893434,224,225,50,837,6985,4786,1906,14,-394,-63,449,416,358,0
896767,226,226,0,1793,2865,4472,1715,69,-1248,-490,782,403,307,0
900112,227,227,237,1850,-3809,1930,1380,119,-1080,-361,559,406,320,0
903436,228,228,293,1550,-10081,-1181,1428,137,206,311,510,403,336,0
906770,230,229,725,1418,-9226,-2597,708,155,873,-9,469,380,359,0
910112,231,230,256,481,-3320,-3335,288,178,-391,173,211,389,393,0
913439,232,231,125,668,-3108,-3196,821,216,-410,267,-260,396,383,0
916773,233,232,293,406,-5659,-1977,673,249,-149,109,-559,383,393,0
920112,234,234,0,162,-6427,-652,538,262,86,-100,101,412,390,0
923442,236,235,0,481,-5544,-1546,225,254,270,-31,107,396,373,0
926777,237,236,0,106,-3841,-1051,-118,231,20,217,180,385,393,0
930112,238,237,537,331,-2391,502,427,258,404,41,165,354,381,0
933445,239,238,537,293,3361,1542,537,297,166,-27,-122,354,383,0
936780,240,240,537,0,4389,1600,667,360,365,110,306,354,391,0
940136,241,241,781,0,5797,1838,169,438,343,17,250,341,386,0
943449,242,242,668,0,8513,1747,-411,516,205,-121,221,347,386,0
946784,243,243,593,31,9581,717,-1068,565,-187,-71,89,351,381,0
950140,244,245,1137,537,9391,441,-1246,583,560,83,79,358,374,0
953452,245,246,1062,537,11130,223,-1889,557,-16,-116,-50,362,374,0
956786,247,247,931,912,10311,-217,-2128,522,-770,-63,-70,369,354,0
960145,248,248,275,1081,6844,-560,-1954,467,-130,-36,84,388,345,0
963455,249,249,106,1137,3459,-562,-1152,436,-442,-24,186,397,342,0
966789,250,250,275,1081,1004,-314,-800,424,-128,18,218,388,345,0
970146,251,251,143,1193,-517,-975,-380,429,-443,51,61,411,355,0
973459,253,252,68,968,-3921,-555,-28,422,-352,162,-185,399,367,0
976793,254,254,275,368,-6348,-551,-205,384,-293,-91,94,388,383,0
980146,255,255,0,0,-7538,-1083,-77,345,63,72,-81,393,388,0
983461,256,256,0,0,-7068,-1520,-53,298,93,-189,-22,384,385,0
986796,257,257,106,200,-6369,-1631,567,258,-1,-53,255,377,372,0
990147,259,258,68,781,-5927,-1387,1295,221,369,161,170,363,341,0
993465,260,259,237,725,-3939,-827,1127,165,538,-14,476,354,344,0
996799,261,260,968,481,-474,-421,1549,140,671,28,430,331,357,0
1000146,261,262,1606,237,3898,-530,2175,149,599,-17,594,313,370,0
1003468,263,263,987,218,7364,579,3638,209,-11,218,268,330,371,0
1006802,264,264,612,68,7263,1409,3541,277,-390,68,330,350,363,0
1010147,265,265,612,856,6249,2976,3146,330,-62,361,321,370,357,0
1013471,266,266,68,1081,5724,5225,2806,396,-751,-200,605,399,345,0
1016806,267,267,293,1550,1009,3902,1837,444,-985,-501,570,387,320,0
1020147,268,268,125,1718,-4986,1943,885,446,-486,-333,817,396,311,0
1023474,270,269,125,1343,-8805,-538,1084,459,242,-167,578,380,331,0
1026809,271,270,200,1175,-7287,-1881,508,458,668,16,503,376,340,0
1030147,272,271,275,1175,-3606,-3130,7,451,-125,-261,356,388,356,0
1033477,273,272,368,1006,-3542,-4410,93,458,-522,218,-363,383,365,0
1036812,274,273,218,762,-6406,-3202,279,453,-125,241,-245,391,378,0
1040176,275,275,125,87,-6053,-1623,184,442,172,-254,-57,392,394,0
1043481,277,276,0,0,-5892,-1961,-480,406,-182,93,-222,394,388,0
1046815,278,277,0,0,-6800,-2515,-144,397,195,-91,222,386,391,0
1050173,279,278,612,537,-4788,-2308,-404,397,792,201,217,350,370,0
1053485,280,280,481,181,-906,-1014,148,435,535,23,305,357,373,0
1056819,281,281,893,368,1748,-352,635,494,151,145,-194,335,379,0
1060173,282,282,575,0,1964,752,725,575,76,253,-19,352,389,0
1063487,283,283,687,237,4253,2686,10,642,513,-242,346,346,370,0
1066822,284,284,1062,125,6847,2455,-19,703,109,35,148,326,376,0
1070174,285,285,1100,106,7369,1506,-434,725,85,13,153,324,377,0
1073490,286,287,1231,237,8253,1209,-1246,711,464,170,6,337,374,0
1076825,287,288,987,218,10109,1000,-1792,667,-32,91,-72,350,375,0
1080174,288,289,931,687,10423,946,-2373,594,-32,130,-156,369,366,0
1083493,290,290,837,706,10233,1268,-2201,531,-87,-19,-195,374,365,0
1086828,291,291,200,650,9949,1238,-1692,481,-823,22,-289,392,368,0
1090174,292,292,237,650,6567,721,-1578,433,22,-62,309,390,368,0
1093497,293,294,218,443,2125,107,-1196,378,-337,-20,433,391,363,0
1096831,294,295,125,856,290,374,-648,317,-230,46,-43,396,357,0
1100175,296,296,275,650,-1323,504,-184,276,-729,54,152,388,368,0
1103500,297,297,0,312,-4585,308,-280,219,-348,9,-254,389,366,0
1106834,298,298,0,0,-6335,149,-196,145,164,218,155,385,394,0
1110175,299,299,237,237,-5539,280,8,32,2,-105,120,370,370,0
1113503,300,300,331,650,-4331,677,619,-59,91,-68,226,365,348,0
1116837,301,302,481,800,-4307,526,832,-131,243,-80,545,357,340,0
1120175,303,303,425,275,-3302,391,968,-188,660,-159,156,344,352,0
1123507,304,304,1081,106,966,-68,1321,-205,618,-10,512,325,361,0
1126841,305,305,1306,0,4751,-515,1554,-184,106,120,328,313,367,0
1130199,305,306,987,106,6085,-265,1819,-161,-602,-134,426,330,361,0
1133509,307,307,931,1100,1888,533,1267,-137,-573,-207,615,353,344,0
1136844,308,308,668,1268,-1095,-97,504,-121,-220,-169,976,367,335,0
1140202,309,309,406,1287,-2203,-816,-851,-151,-321,-337,887,381,334,0
1143513,310,310,387,1156,-2948,-1117,-1286,-200,-130,2,542,382,341,0
1146847,311,311,275,893,-3158,-1602,-1435,-250,-227,-190,416,388,355,0
1150204,313,312,0,818,-3981,-2063,-1527,-283,-200,-57,187,392,359,0
1153516,314,313,181,1156,-5537,-2801,-1758,-334,-12,17,260,393,357,0
1156850,315,314,87,1118,-5821,-2737,-2019,-384,-22,258,-371,398,359,0
1160208,316,316,162,293,-6258,-1916,-2038,-452,214,114,-26,394,387,0
1163519,317,317,556,425,-5237,-730,-2146,-539,13,-111,10,373,380,0
1166853,319,318,0,0,-5364,-930,-2261,-633,-113,169,-77,391,404,0
1170212,320,319,0,0,-5411,-976,-2529,-712,126,-401,119,374,386,0
1173522,321,321,68,125,-4850,-1397,-2619,-793,434,-148,161,363,376,0
1176857,322,322,331,0,-3156,-1652,-2534,-859,441,55,391,349,373,0
1180212,323,323,518,312,-421,-1041,-2145,-887,-19,253,-37,355,366,0
1183526,324,324,706,218,460,888,-1644,-882,52,119,30,345,371,0
1186860,325,325,593,200,644,2179,-1732,-862,227,169,229,351,372,0
1190212,326,326,762,162,1767,3349,-1709,-847,649,38,438,342,374,0
1193530,327,328,1325,87,4632,2887,-1661,-846,307,-108,324,312,362,0
1196863,328,329,1550,481,5987,2141,-1958,-858,446,-39,230,320,361,0
1200212,329,330,1512,612,8737,962,-2696,-905,193,-74,126,322,354,0
1203532,330,331,1231,556,10302,276,-3116,-982,68,98,88,337,357,0
1206867,331,332,650,481,10768,-243,-3368,-1081,-177,82,-166,368,361,0
1210213,332,333,256,593,9815,273,-3071,-1168,-166,-96,-344,405,371,0
1213535,334,334,181,556,8426,709,-3086,-1259,79,-163,-63,393,373,0
1216869,335,336,87,443,7976,838,-2708,-1344,-367,49,124,398,379,0
1220213,336,337,162,481,6032,785,-2110,-1429,-92,-204,358,394,361,0
1223539,337,338,218,462,3522,183,-1692,-1508,-767,57,79,391,362,0
1226873,339,339,275,237,-20,-200,-1704,-1591,-276,64,2,384,370,0
1230213,340,340,0,275,-1998,-702,-1508,-1680,-130,74,80,383,368,0
1233541,341,341,125,331,-3000,-693,-1435,-1773,133,46,-162,376,365,0
1236876,342,342,106,387,-2378,-40,-1083,-1864,127,-19,71,377,362,0
1240234,343,344,237,293,-1547,324,-831,-1929,-459,30,-12,370,351,0
1243545,344,345,312,237,-4181,1027,-839,-1971,87,93,112,366,354,0
1246879,345,346,443,443,-4472,1003,-1222,-1983,292,-143,397,359,343,0
1250238,347,347,256,181,-3052,627,-1189,-1980,189,-22,363,353,357,0
1253548,347,348,1025,218,-645,890,-1083,-1969,242,97,736,328,355,0
1256882,348,349,1343,312,-443,1014,-1578,-1971,-524,-631,606,311,350,0
1260238,349,350,1868,1081,-1049,-271,-1726,-1970,-115,-510,1118,319,345,0
1263551,350,351,1287,1193,-2114,-1340,-1721,-1960,-92,-236,963,350,339,0
1266885,351,352,931,1456,-1985,-2500,-1742,-1951,-65,-245,958,369,325,0
1270238,353,353,293,1081,-1884,-3727,-1607,-1934,-149,35,585,387,345,0
1273555,354,354,0,931,-2549,-4203,-1406,-1907,13,-20,721,406,353,0
1276889,355,355,68,762,-3270,-3949,-1237,-1867,-183,103,169,399,362,0
1280239,357,356,143,968,-3762,-2315,-811,-1811,88,211,-53,395,367,0
1283557,358,358,0,500,-3668,-1346,-935,-1761,52,222,100,403,376,0
1286893,359,359,106,387,-4420,-600,-1286,-1734,142,-29,181,397,382,0
1290240,360,360,12,0,-4257,-102,-847,-1709,100,8,93,382,386,0
1293561,361,361,312,31,-2993,-374,-835,-1681,-12,45,274,366,381,0
1296895,362,362,312,143,-2176,-642,-1222,-1666,68,-257,-208,366,375,0
1300240,364,364,0,87,-2422,-1842,-1256,-1653,122,12,30,368,362,0
1303564,365,365,0,68,-2178,-2128,-1370,-1635,290,147,111,369,363,0
1306898,366,366,31,125,-502,-1509,-1302,-1591,138,265,176,365,360,0
1310240,367,367,518,218,587,522,-1068,-1527,-6,65,-118,355,371,0
1313567,368,368,518,125,890,1707,-1184,-1459,256,-33,108,355,376,0
1316901,369,369,575,0,1679,2176,-1060,-1396,61,-21,154,336,371,0
1320240,370,370,1193,631,2488,2551,-890,-1327,263,101,244,339,369,0
1323571,371,372,1118,350,3258,2734,-795,-1267,234,182,-35,343,368,0
1326905,372,373,931,518,3551,3732,-1293,-1242,539,57,169,353,359,0
1330261,373,374,1456,593,5768,2893,-1891,-1248,296,-178,239,325,355,0
1333574,374,375,1156,481,7145,1525,-2262,-1266,283,45,92,341,361,0
1336908,375,376,575,331,8465,603,-2497,-1296,-166,-28,-244,372,369,0
1340265,376,377,575,443,7389,227,-3079,-1348,-521,122,-254,388,379,0
1343577,378,379,181,406,4790,924,-2832,-1403,74,51,-129,393,381,0
1346912,379,380,218,50,3998,1142,-2415,-1452,-321,-71,78,391,384,0
1350292,380,381,106,200,2786,1016,-1503,-1473,-87,-251,316,393,372,0
1353580,381,382,0,0,1229,618,-1743,-1489,-466,62,-15,392,373,0
1356914,383,383,162,0,-1738,738,-1550,-1500,-293,176,-92,374,369,0
1360265,384,384,106,312,-3533,720,-1005,-1498,398,-97,102,377,366,0
1363583,385,386,181,143,-1676,279,-931,-1478,225,129,111,373,359,0
1366918,386,387,481,256,18,919,-801,-1449,184,-286,470,357,353,0
1370265,387,388,762,256,105,1187,-463,-1409,-293,-281,562,342,353,0
1373587,388,389,968,312,-790,1285,-521,-1371,243,-436,823,331,350,0
1376921,389,390,1081,350,-93,459,-960,-1351,-378,-529,848,325,348,0
1380266,390,391,968,406,-1686,-80,-1264,-1347,112,-574,1150,331,345,0
1383590,391,392,1193,875,-1644,-972,-1385,-1351,47,-452,959,339,340,0
1386925,392,393,837,1193,-1473,-1716,-1488,-1372,-139,-269,823,374,339,0
1390265,393,394,800,931,-1659,-3187,-2034,-1407,-148,-233,560,376,353,0
1393593,394,395,687,893,-2497,-3992,-2045,-1430,-292,60,266,382,355,0
1396927,396,396,237,762,-3450,-4834,-2089,-1469,-181,-32,272,390,362,0
1400266,397,397,275,668,-4131,-4476,-1746,-1498,-217,264,140,388,367,0
1403597,398,399,293,762,-3723,-3097,-1423,-1504,255,241,230,387,362,0
1406955,399,400,293,912,-2777,-2466,-1315,-1506,-266,256,0,403,354,0
1410288,401,401,0,725,-4027,-1520,-1324,-1504,271,129,186,403,364,0
1413599,402,402,68,143,-3591,-1328,-1204,-1501,161,-43,225,379,375,0
1416958,403,403,87,31,-2432,-1372,-1095,-1502,-94,-70,-30,378,381,0
1420291,404,404,275,218,-1388,-1471,-1726,-1519,83,-90,-163,368,371,0
1423603,405,406,275,350,-872,-1840,-1851,-1544,-227,-183,-67,368,364,0
1426961,406,407,256,0,-2673,-2525,-1861,-1574,613,-91,184,369,369,0
1430291,407,408,275,0,407,-2780,-1882,-1608,296,143,228,368,369,0
1433605,409,409,12,87,1507,-1276,-1555,-1616,-90,239,24,366,362,0
1436964,410,410,575,143,1290,-31,-1576,-1607,284,121,141,352,375,0
1440292,411,411,350,0,2183,1170,-1388,-1579,-41,22,121,348,368,0
1443609,412,412,2262,1700,2511,1707,-1130,-1537,367,62,275,330,360,0
1446966,413,414,1625,968,3812,1997,-918,-1469,107,260,38,364,383,0
1450292,414,415,1531,893,5522,3340,-1320,-1422,563,320,136,369,387,0
1453613,415,416,1381,781,7167,4005,-1792,-1402,239,-34,-114,377,393,0
1456970,416,417,1137,668,7469,4473,-2189,-1424,200,0,99,390,399,0
1460292,418,419,462,125,7938,4138,-2384,-1444,150,-102,47,410,412,0
1463615,419,420,462,425,8036,3735,-2868,-1485,-511,-200,-299,426,412,0
1466974,420,421,181,387,4712,3193,-2158,-1521,-605,132,128,441,414,0
1470292,422,422,125,612,221,3031,-1751,-1547,324,-177,495,428,402,0
1473619,423,424,106,687,-28,2757,-461,-1536,-584,116,62,429,382,0
1476974,425,425,0,181,-1445,2905,-732,-1544,-342,102,-408,426,389,0
1480292,426,426,0,181,-2908,3288,-1072,-1562,-64,37,-26,412,389,0
1483621,427,427,68,200,-2036,3329,-812,-1557,-67,-324,205,395,388,0
1486979,428,429,425,668,-840,2771,-445,-1531,213,-514,422,392,363,0
1490314,429,430,931,668,632,1040,267,-1480,-59,-491,545,365,363,0
1493625,430,431,1643,593,1254,-277,307,-1424,-26,-687,435,327,367,0
1496982,431,432,1643,706,2656,-2805,594,-1342,-401,-546,640,327,361,0
1500318,433,433,1025,668,666,-4731,393,-1265,-754,-147,661,344,363,0
1503629,434,434,1250,875,-2103,-4634,-249,-1208,74,-146,726,348,352,0
1506983,435,435,837,1362,-1947,-4903,-1036,-1186,-294,97,716,374,346,0
1510317,436,436,631,987,-2512,-5196,-2923,-1233,-119,-111,703,385,366,0
1513632,437,438,893,687,-3236,-5222,-4195,-1323,-359,380,326,371,366,0
1516983,438,439,1156,893,-4154,-3994,-4376,-1418,-93,108,297,373,371,0
1520317,439,440,931,1100,-4835,-3511,-4487,-1520,-176,150,224,385,360,0
1523634,441,441,106,1400,-5232,-2928,-4243,-1619,-77,328,83,413,344,0
1526983,442,442,256,1418,-5255,-1886,-3939,-1688,-164,216,135,405,343,0
1530317,443,443,331,1250,-7422,-1166,-3843,-1750,-89,72,-14,401,352,0
1533637,444,444,218,1043,-8785,-992,-3199,-1792,221,235,262,407,363,0
1536984,446,445,0,875,-7929,-1191,-2734,-1819,412,25,146,403,368,0
1540318,447,446,331,556,-6840,-1341,-2862,-1860,43,-381,15,381,385,0
1543641,448,448,425,368,-7291,-729,-2376,-1885,75,1,115,376,379,0
1546984,449,449,237,31,-5359,-526,-2719,-1926,-53,50,210,386,397,0
1550318,450,450,537,125,-3718,363,-3191,-1991,357,108,88,370,392,0
1553644,452,452,631,256,-2990,770,-3603,-2074,360,156,188,365,385,0
1556984,453,453,443,0,-1541,1942,-3228,-2134,315,300,78,359,393,0
1560318,454,454,762,0,856,3000,-2876,-2168,793,80,636,342,385,0
1563647,455,455,1231,0,3329,3574,-2754,-2186,585,324,493,317,383,0
1567037,456,456,2300,762,6168,3502,-2730,-2196,593,-47,393,296,378,0
1570340,456,458,2525,443,8913,2315,-3165,-2206,514,161,157,300,379,0
1573650,457,459,2112,743,10940,1793,-3941,-2261,260,-102,91,322,363,0
1577008,459,460,1250,725,11751,1145,-4647,-2352,-119,18,-334,352,364,0
1580343,460,461,650,631,10882,978,-4486,-2478,29,118,-136,384,369,0
1583653,461,462,87,406,10984,1278,-4271,-2588,-316,-123,-479,414,381,0
1587009,462,463,237,406,8716,1352,-4279,-2689,17,-40,80,422,397,0
1590344,464,465,256,106,8257,1260,-3923,-2786,576,-344,258,405,397,0
1593657,465,466,387,218,9648,843,-3121,-2869,-436,-47,-225,398,391,0
1597009,466,467,387,237,8746,504,-3320,-2981,-370,-247,-134,398,390,0
1600344,467,468,331,0,6766,-577,-3687,-3106,-204,29,-30,381,389,0
1603660,469,470,0,0,4296,-925,-3629,-3238,-150,69,151,411,379,0
1607009,470,471,0,106,3160,-718,-3314,-3354,69,91,279,392,361,0
1610344,471,472,0,125,3962,105,-3164,-3445,-287,185,-96,386,360,0
1613663,472,473,0,106,3473,1178,-2556,-3493,-1130,-79,161,384,361,0
1617009,473,474,443,425,-542,617,-2880,-3491,-1301,-135,192,375,360,0
1620345,475,475,12,537,-8885,-183,-2695,-3444,-669,-150,151,382,354,0
1623666,476,476,162,631,-12374,-247,-2698,-3392,-45,-48,8,374,349,0
1627010,477,478,725,425,-12272,-306,-2989,-3345,-566,-116,260,344,344,0
1630345,478,479,1100,575,-11164,-1462,-2567,-3293,726,10,795,344,356,0
1633669,479,480,1231,518,-6322,-3005,-2395,-3245,607,-14,781,337,359,0
1637010,480,481,1025,687,-2688,-4281,-1676,-3177,-202,149,637,348,350,0
1640345,481,482,912,1062,-2361,-5630,-1576,-3126,-422,506,328,354,330,0
1643673,482,483,987,1100,-5119,-5231,-1220,-3079,201,501,646,350,328,0
1647010,483,484,1100,1118,-4844,-4811,-1072,-3023,311,360,573,360,343,0
1650345,484,485,725,1006,-3242,-2479,-543,-2966,484,419,675,380,349,0
1653676,485,486,425,987,-1708,-1285,-1033,-2913,272,405,553,396,350,0
1657035,487,487,237,950,-410,-135,-995,-2844,52,205,224,390,352,0
1660396,488,488,0,706,543,477,-367,-2743,264,-18,69,401,361,0
1663679,489,489,0,143,955,63,-781,-2667,-46,3,-72,386,375,0
1667035,490,491,275,256,784,-96,-528,-2593,56,-91,-144,384,369,0
1670368,491,492,125,162,1916,-480,-571,-2525,152,-94,-63,392,374,0
1673683,493,493,218,218,3483,-507,-514,-2456,-207,5,-19,371,371,0
1677036,494,494,143,387,2160,-946,-1240,-2396,518,70,19,375,362,0
1680369,495,495,387,200,2361,-335,-1916,-2332,23,234,-102,362,372,0
1683685,496,496,593,237,3377,493,-1988,-2249,368,77,176,351,370,0
1687036,497,498,912,50,4345,326,-1755,-2164,-182,249,254,334,364,0
1690369,498,499,912,0,4434,1146,-1857,-2089,223,193,228,334,368,0
1693689,499,500,1137,293,5498,1814,-1715,-2008,93,145,-69,342,371,0
1697035,500,501,1231,743,5450,2905,-1685,-1938,-20,-19,-29,353,363,0
1700369,501,502,1043,1025,4541,3217,-2099,-1907,-335,-4,97,363,348,0
1703692,502,503,612,1212,1981,3197,-2151,-1870,-369,-119,109,386,338,0
1707036,504,504,275,1175,-28,2014,-1954,-1816,-308,-94,168,388,340,0
1710371,505,505,143,1306,-3699,1559,-1571,-1752,-495,171,-76,395,333,0
1713696,506,506,50,1268,-6752,1606,-1096,-1682,266,33,260,400,335,0
1717037,507,507,556,1193,-7260,935,-698,-1605,89,-286,98,389,355,0
1720370,509,508,0,706,-6568,475,-545,-1542,21,-126,-110,410,381,0
1723698,510,510,0,12,-5456,108,-319,-1462,430,-460,373,397,382,0
1727037,511,511,125,0,-3199,95,916,-1349,491,-316,519,376,394,0
1730370,512,512,443,312,13,-264,1349,-1223,-301,-449,303,359,366,0
1733701,513,513,500,650,-407,-1345,2554,-1050,385,-308,560,356,348,0
1737058,514,514,875,856,1388,-1595,3260,-868,774,2,359,336,337,0
1740394,515,515,1006,593,6843,-981,3610,-680,426,-13,107,329,351,0
1743706,516,516,631,293,9466,-87,4364,-491,30,-151,74,349,367,0
1747062,517,518,687,181,10566,-430,5192,-280,-897,-48,-96,362,373,0
1750397,518,519,12,0,5470,100,5301,-76,-817,293,484,382,367,0
1753709,520,520,593,1156,260,1749,4097,85,-37,49,765,387,341,0
1757062,521,521,575,1231,-2856,2856,2414,177,-22,-14,695,372,337,0
1760398,522,522,668,1231,-2755,2125,1080,243,-77,-85,1021,367,337,0
1763711,523,523,912,1268,-4155,1314,775,298,-103,-322,468,354,335,0
1767062,524,524,875,1137,-4445,-813,85,312,-74,-129,524,356,342,0
1770403,525,525,500,1118,-4478,-2890,-435,323,-489,-129,81,376,343,0
1773715,526,526,575,1175,-6791,-4038,-1001,308,-40,179,-169,388,356,0
1777062,527,527,575,1175,-8636,-4481,-1490,280,93,9,-421,388,356,0
1780404,529,528,50,575,-7914,-3522,-1211,258,155,211,-255,400,388,0
1783718,530,530,218,181,-6789,-3069,-866,270,-7,56,93,391,393,0
1787062,531,531,0,0,-8261,-3132,-1732,275,80,102,-144,398,414,0
1790404,532,532,50,0,-8191,-2891,-2131,271,597,-101,38,380,392,0
1793721,534,533,256,312,-6185,-3152,-1973,264,598,-19,553,369,366,0
1797063,535,534,537,406,-1860,-2029,-1093,288,436,272,254,354,377,0
1800404,536,536,650,368,-144,-955,-409,329,51,203,-3,348,363,0
1803724,537,537,537,181,421,768,-616,362,490,185,-91,354,373,0
1807063,538,538,500,87,3940,2961,-643,408,361,94,273,356,378,0
1810405,539,539,631,331,5548,3527,-70,473,-29,-22,178,349,365,0
1813728,540,540,931,143,6146,4330,-393,522,419,25,252,333,375,0
1817085,541,542,1456,443,8014,4141,-935,541,297,94,77,325,363,0
1820405,542,543,1643,350,9745,3272,-1562,527,511,-239,104,315,368,0
1823731,543,544,1550,256,11777,1558,-2478,471,-11,79,127,320,373,0
1827088,544,545,800,537,12302,693,-3380,383,98,51,64,376,374,0
1830404,545,546,556,575,12873,872,-3221,292,-272,85,-445,389,372,0
1833733,546,547,293,668,11461,1912,-2919,172,-727,25,-224,403,367,0
1837088,548,549,200,500,5940,1609,-2221,61,-234,-148,410,392,360,0
1840406,549,550,0,856,3744,726,-1492,-65,-66,106,334,405,341,0
1843737,550,551,143,1231,2562,716,-847,-193,-604,162,34,395,337,0
1847089,551,552,0,481,-1059,208,-599,-325,-548,117,13,399,357,0
1850430,553,553,0,368,-4105,-59,-381,-473,-263,91,-175,390,363,0
1853740,554,554,0,293,-5497,-250,-458,-650,184,-60,-31,384,367,0
1857089,555,555,162,350,-4172,1,8,-815,-167,12,-37,374,364,0
1860431,556,556,87,425,-4167,407,295,-934,-87,207,16,378,360,0
1863743,557,557,293,725,-4953,292,228,-1002,-80,-100,140,367,344,0
1867089,558,558,443,687,-4797,123,542,-1019,758,107,364,359,346,0
1870431,559,559,893,368,-790,-278,532,-1027,452,-127,504,335,363,0
1873747,560,561,1343,218,1900,-356,983,-999,500,-242,395,311,371,0
1877117,561,562,2168,818,4509,-1131,1055,-952,-742,-64,657,303,359,0
1880431,562,563,1550,856,1164,-1499,932,-892,-424,67,663,336,357,0
1883749,563,564,987,1100,-872,-2073,229,-838,-204,-89,813,366,344,0
1887089,564,565,687,1306,-815,-2637,-817,-826,-281,58,871,382,333,0
1890432,566,566,350,1343,-1500,-3085,-1939,-859,-107,40,755,384,331,0
1893753,567,567,537,1062,-3125,-3064,-2339,-878,-221,84,331,374,346,0
1897111,568,568,500,1343,-3852,-2437,-2114,-877,-219,326,358,392,347,0
1900432,569,569,293,1268,-4781,-2165,-2196,-884,-145,182,283,403,351,0
1903756,571,570,425,1193,-5537,-1521,-2388,-925,-76,375,-206,396,355,0
1907114,572,571,0,987,-5573,-470,-2159,-980,110,208,-14,407,366,0
1910433,573,573,0,0,-5610,423,-2213,-1030,176,-194,-119,396,383,0
1913759,574,574,68,106,-5627,65,-2190,-1078,151,-98,-29,379,377,0
1917114,575,575,256,0,-5098,-232,-2253,-1146,137,-109,-81,369,385,0
1920433,577,576,0,181,-3478,-131,-2553,-1214,18,9,-183,367,373,0
1923762,578,577,368,106,-4238,-906,-2579,-1265,340,-146,256,363,377,0
1927114,579,579,406,312,-2080,-732,-2775,-1303,325,204,12,361,366,0
1930433,580,580,462,162,-584,533,-2320,-1298,-15,269,106,358,374,0
1933765,581,581,406,106,-552,2062,-2135,-1259,305,218,63,361,377,0
1937115,582,582,575,237,919,3174,-2269,-1229,550,-2,476,352,370,0
1940457,583,583,1568,612,3528,2859,-1984,-1200,246,-69,345,319,370,0
1943769,584,584,1343,556,5004,2433,-2287,-1202,548,-177,364,331,373,0
1947115,585,586,1512,350,7979,1027,-2807,-1243,328,8,174,322,368,0
1950460,586,587,1306,462,9449,130,-3308,-1320,249,-58,200,333,362,0
1953772,587,588,912,368,10795,-634,-3636,-1415,-324,204,-304,354,367,0
1957115,588,589,443,462,9553,-223,-3055,-1499,-452,53,-196,395,378,0
1960461,589,590,500,556,8724,15,-3385,-1590,-193,-102,-340,392,373,0
1963776,591,592,50,256,7485,211,-3268,-1692,11,110,33,416,389,0
1967116,592,593,293,12,7358,586,-2735,-1787,-34,-115,254,387,386,0
1970489,593,594,143,0,7084,105,-2176,-1862,-896,8,-175,391,385,0
1973778,594,595,87,0,3080,-389,-2062,-1944,-506,-49,92,378,374,0
1977116,595,596,368,425,-1114,-1362,-2164,-2028,-188,34,65,379,360,0
1980462,597,597,0,425,-2258,-1407,-1980,-2120,166,127,-201,384,360,0
1983782,598,598,218,387,-1521,-695,-1536,-2201,144,39,-1,371,362,0
1987139,599,600,237,237,-552,61,-1349,-2273,-513,99,-100,370,354,0
1990462,600,601,200,293,-3108,1111,-1509,-2327,-210,53,160,372,351,0
1993785,601,602,125,218,-4616,1390,-1865,-2360,-196,-123,245,376,355,0
1997139,602,603,556,181,-5170,1815,-2379,-2374,298,45,480,353,357,0
2000461,603,604,968,275,-2804,1802,-2538,-2380,63,-95,654,331,352,0
2003788,604,605,1306,631,-2559,1707,-2685,-2398,16,-257,981,333,353,0
2007139,605,606,1662,1100,-2479,41,-2938,-2421,156,-453,1119,330,344,0
2010463,606,607,1681,1231,-2313,-1671,-2807,-2434,-3,-299,899,329,337,0
2013791,607,608,1325,1362,-2192,-3164,-2609,-2448,-53,-156,818,348,330,0
2017140,609,609,481,1306,-1987,-4538,-1949,-2440,48,-32,609,377,333,0
2020462,610,610,293,968,-1742,-5225,-1605,-2421,-3,114,619,387,351,0
2023794,611,611,0,725,-2194,-4914,-1283,-2391,-244,328,152,411,364,0
2027141,612,612,106,931,-3188,-2753,-843,-2338,119,247,-21,413,369,0
2030463,614,614,50,631,-3250,-1390,-928,-2286,41,100,224,400,369,0
2033798,615,615,0,106,-4055,-788,-1369,-2242,2,3,9,404,377,0
2037140,616,616,275,181,-4239,-361,-670,-2191,-9,40,184,368,373,0
2040467,617,617,481,125,-3352,-249,-473,-2139,-21,-138,-43,357,376,0
2043801,618,618,293,218,-2071,-426,-803,-2093,100,-277,-136,367,371,0
2047140,619,620,312,87,-1490,-2187,-983,-2062,-118,-3,-43,366,362,0
2050470,621,621,0,0,-1742,-2528,-1161,-2026,300,-11,108,367,369,0
2053805,622,622,312,0,-704,-1900,-1211,-1976,225,263,116,366,368,0
2057140,623,623,331,293,249,451,-1220,-1911,35,124,-85,365,367,0
2060474,624,624,87,0,1333,1421,-1123,-1833,215,-17,225,362,368,0
2063807,625,625,2037,1531,2167,1637,-1116,-1772,106,185,178,342,369,0
2067165,626,626,1343,800,2918,2224,-1166,-1703,101,118,208,379,408,0
2070477,627,628,1212,612,3666,2547,-1135,-1636,48,288,37,386,402,0
2073811,628,629,1081,818,3920,3543,-1401,-1594,82,241,-50,393,391,0
2077168,630,630,1118,781,5395,4478,-1982,-1588,118,-237,52,375,393,0
2080479,631,632,856,425,5771,4326,-2239,-1594,-44,-78,-58,389,396,0
2083814,632,633,687,668,6398,4065,-2494,-1604,7,-334,-10,414,399,0
2087169,633,634,762,368,5937,2462,-2999,-1636,-69,-287,-66,410,415,0
2090483,635,636,68,0,4217,2180,-2199,-1657,-292,258,-147,431,419,0
2093817,636,637,218,31,2848,2643,-1585,-1664,13,-98,267,423,417,0
2097174,638,638,0,0,2270,2400,-1107,-1652,-161,287,135,424,413,0
2100485,639,640,0,0,-311,2160,-1662,-1645,-417,237,-193,412,406,0
2103820,640,641,12,125,-2698,2754,-1322,-1612,252,67,239,398,376,0
2107174,641,642,425,443,-628,3383,-1021,-1565,395,-332,448,392,375,0
2110489,643,643,443,631,1769,2812,-986,-1512,-329,-603,508,375,365,0
2113823,644,644,912,631,2511,1305,-121,-1424,334,-733,646,350,365,0
2117174,645,645,1287,687,4016,-1416,-45,-1337,-1102,-385,430,330,362,0
2120492,646,646,1081,781,536,-2616,80,-1253,-670,-545,595,341,357,0
2123826,647,648,706,1025,-3407,-3397,-488,-1208,-366,-286,865,361,344,0
2127175,648,648,556,1362,-4459,-4633,-1314,-1199,207,-65,996,389,346,0
2130496,649,650,612,687,-3055,-5405,-2285,-1230,-369,-34,550,386,366,0
2133830,650,651,425,481,-3693,-5287,-3704,-1319,-29,198,345,396,377,0
2137175,652,652,762,575,-4414,-4956,-4305,-1425,-237,0,341,378,388,0
2140498,653,653,556,743,-5296,-4191,-4074,-1509,-248,175,166,389,379,0
2143833,654,654,162,968,-5735,-3381,-3925,-1611,233,191,278,410,367,0
2147176,655,655,0,1268,-4182,-2320,-3857,-1717,101,271,136,427,351,0
2150502,657,657,0,462,-4738,-1553,-3758,-1809,-153,121,-274,415,378,0
2153836,658,658,68,462,-5397,-1595,-3427,-1886,139,-197,207,399,378,0
2157175,659,659,125,0,-4242,-1965,-3628,-1963,188,-54,1,392,399,0
2160505,660,660,500,0,-1963,-2132,-3987,-2049,46,133,-170,372,407,0
2163840,662,662,575,0,-1652,-2359,-4161,-2141,210,-71,139,368,401,0
2167176,663,663,50,31,-2405,-2397,-4433,-2245,511,110,172,380,381,0
2170508,664,664,218,0,457,-1370,-4246,-2343,332,288,191,371,383,0
2173843,665,665,368,237,1616,254,-3801,-2425,-152,197,-60,363,370,0
2177201,666,667,593,0,1649,1674,-3831,-2509,651,156,250,351,371,0
2180511,667,668,537,0,3618,2386,-3390,-2571,240,56,241,354,370,0
2183845,668,669,968,0,4328,3313,-3030,-2604,245,130,254,331,370,0
2187233,669,670,1737,912,5694,3981,-3175,-2633,402,313,28,326,354,0
2190515,670,671,1681,987,6298,5197,-3468,-2664,357,-41,70,329,350,0
2193849,671,672,1568,837,7463,5184,-3950,-2693,366,-218,-11,335,358,0
2197202,672,673,1212,593,8765,3708,-4119,-2753,291,-68,228,354,371,0
2200519,673,675,631,481,10311,2497,-4422,-2842,-153,-311,-227,385,377,0
2203852,675,676,406,368,8848,1465,-4223,-2939,-1321,90,-202,397,367,0
2207202,676,677,181,893,1141,2482,-3964,-3011,-79,-74,366,409,355,0
2210521,677,678,218,1268,-2032,2363,-3198,-3070,-261,-60,308,407,335,0
2213855,678,679,218,1025,-3074,2135,-2620,-3120,-7,202,167,407,348,0
2217202,680,680,368,743,-2302,2637,-3050,-3184,396,108,-94,383,363,0
2220524,681,681,0,0,-2197,3103,-2990,-3274,-89,144,-216,391,385,0
2223858,682,682,0,0,-3171,2159,-2569,-3353,245,-256,412,392,383,0
2227203,683,684,218,0,-2255,634,-2185,-3424,4,-380,325,371,367,0
2230527,684,685,500,425,-1568,366,-1086,-3442,481,-169,334,356,344,0
2233862,685,686,912,406,441,324,-532,-3418,548,-152,543,334,345,0
2237203,686,687,1287,612,3779,205,-636,-3367,-97,-456,316,330,350,0
2240530,687,688,1325,668,3612,-1598,-735,-3274,202,-442,627,328,347,0
2243865,688,689,1025,556,3412,-3567,-147,-3144,27,-495,376,344,353,0
2247203,690,690,481,725,2432,-4733,-266,-3025,-464,91,575,357,344,0
2250533,691,691,743,1287,-1899,-4960,-1292,-2943,-440,-121,457,363,334,0
2253868,692,692,575,1193,-5107,-4950,-3405,-2928,364,90,718,372,339,0
2257203,693,693,537,1118,-4065,-4923,-4550,-2953,-10,-8,508,374,343,0
2260537,694,694,612,875,-3701,-4190,-4627,-2991,65,190,531,370,356,0
2263871,695,695,443,968,-3496,-3589,-4442,-3016,-398,77,114,379,351,0
2267228,696,696,443,1568,-5048,-3079,-4185,-3022,-107,276,60,395,335,0
2270540,697,697,0,1456,-5818,-3299,-3852,-3013,84,236,180,420,341,0
2273874,699,698,0,1325,-5242,-1852,-3390,-2980,-123,278,8,404,348,0
2277232,700,700,87,387,-6342,-1480,-3468,-2956,-178,111,123,398,382,0
2280543,701,701,0,12,-7711,-1745,-3496,-2946,312,-38,-89,402,398,0
2283878,703,702,125,0,-4784,-1860,-3136,-2924,580,223,20,376,399,0
2287236,704,703,293,256,-1456,-1741,-2954,-2911,-106,15,142,367,385,0
2290546,705,705,425,0,-1189,-1348,-3207,-2916,-8,77,-218,360,388,0
2293881,706,706,406,68,-1521,-247,-3211,-2917,239,30,94,361,379,0
2297236,707,707,275,256,-142,980,-3259,-2911,513,107,50,368,369,0
2300550,708,708,368,143,2188,2185,-2892,-2878,318,95,271,363,375,0
2303884,709,709,706,106,4684,3516,-2335,-2822,174,164,124,345,377,0
2307240,710,710,706,162,5374,4594,-2344,-2757,520,132,191,345,374,0
2310553,711,712,1062,0,6523,4932,-2170,-2693,288,-163,221,326,371,0
2313888,712,713,1737,275,7801,4157,-2699,-2654,496,-69,220,310,372,0
2317241,713,714,1962,518,9490,2389,-3542,-2664,320,-110,173,314,375,0
2320556,714,715,1156,743,10419,851,-4254,-2715,49,24,116,357,363,0
2323890,715,716,500,800,11664,148,-4627,-2765,-408,-19,-345,392,360,0
2327241,717,717,50,875,8334,399,-3905,-2793,-1263,152,-213,400,356,0
2330559,718,718,162,1250,2431,983,-3576,-2825,-177,-128,384,394,336,0
2333894,719,719,0,1437,-595,-35,-2401,-2831,-477,129,245,411,326,0
2337241,720,720,462,1737,-2501,-21,-1958,-2859,-409,183,50,394,326,0
2340563,722,721,275,1643,-4351,-356,-1818,-2899,-114,-29,51,388,331,0
2343897,723,722,0,687,-6767,-310,-1486,-2925,-74,79,-223,391,362,0
2347241,724,724,106,68,-7300,-365,-1878,-2961,307,-116,83,377,379,0
2350567,725,725,143,0,-6565,-576,-1655,-3008,309,-72,147,375,383,0
2353900,726,726,181,387,-5139,-887,-985,-3031,-122,-16,325,373,362,0
2357241,727,727,556,781,-4686,-1410,-461,-3005,271,-236,335,353,341,0
2360569,728,728,1118,800,-2958,-1641,2,-2898,811,-105,564,323,340,0
2363903,729,729,1100,650,3159,-1484,103,-2753,299,-139,359,324,348,0
2367242,730,730,1325,443,6404,-1152,787,-2584,411,-27,74,328,375,0
2370572,731,732,950,0,8354,-1249,1764,-2390,82,-61,75,332,381,0
2373906,732,733,1362,556,8515,-1231,2371,-2185,-452,338,290,346,373,0
2377262,733,734,781,631,4909,-611,1908,-2005,-463,359,682,377,369,0
2380575,735,735,256,1062,1348,381,872,-1872,-304,181,595,389,346,0
2383909,736,736,425,1662,-1052,296,10,-1763,-323,7,995,380,314,0
2387267,737,737,856,1756,-3020,-550,-725,-1676,-227,71,854,357,309,0
2390579,738,738,575,1493,-5678,-1418,-802,-1603,194,91,586,372,323,0
2393913,739,739,837,1606,-4587,-2211,-885,-1539,16,41,463,374,333,0
2397267,740,740,481,1325,-3739,-2617,-955,-1468,-633,284,21,393,348,0
2400581,742,741,0,1250,-6121,-2243,-1277,-1408,62,187,-65,409,352,0
2403916,743,742,87,631,-7057,-550,-898,-1334,-217,238,-224,398,385,0
2407267,744,743,0,293,-7355,-159,-1093,-1278,-93,-27,-21,397,383,0
2410585,745,745,0,256,-8162,-1140,-1449,-1250,32,-164,-287,395,385,0
2413919,747,746,0,0,-7580,-1910,-1262,-1217,160,5,-108,390,393,0
2417267,748,747,218,350,-5516,-969,-1200,-1186,80,177,299,371,380,0
2420588,749,748,443,275,-5053,-152,-1482,-1148,244,-128,104,359,384,0
2423922,750,749,593,387,-3829,174,-1070,-1071,342,239,62,351,378,0
2427267,751,751,537,68,-1020,817,-780,-962,235,244,-157,354,379,0
2430592,752,752,631,0,368,2423,-818,-843,348,241,356,349,388,0
2433925,753,753,968,12,2675,3363,-1379,-764,465,-102,450,331,382,0
2437268,754,754,1700,406,4901,2362,-1459,-698,467,-45,472,312,381,0
2440594,755,756,1775,312,7059,879,-2096,-689,263,-28,244,308,386,0
2443929,756,757,1550,237,8900,56,-2932,-719,568,-48,234,320,390,0
2447269,757,758,1231,687,10837,-467,-3462,-771,-120,101,-128,353,366,0
2450597,758,759,650,631,10492,305,-3839,-844,128,-122,42,384,369,0
2453932,759,760,593,425,10340,735,-3403,-892,37,-171,-199,387,380,0
2457289,760,761,425,312,10000,618,-3095,-937,-319,-60,-312,396,386,0
2460601,762,763,0,275,8132,95,-3128,-1004,445,-190,115,408,388,0
2463936,763,764,0,12,8255,-387,-2586,-1070,-24,90,-33,403,386,0
2467293,764,765,218,0,8359,25,-2028,-1134,-217,-32,-48,387,392,0
2470604,765,766,425,106,7597,-581,-2091,-1202,-577,-89,76,376,377,0
2473939,767,768,0,31,2080,-1660,-2232,-1296,-459,260,39,394,381,0
2477293,768,769,0,50,-866,-1425,-2377,-1426,440,46,205,388,364,0
2480607,769,770,50,31,998,-818,-1827,-1557,-12,172,-146,380,365,0
2483941,770,771,181,181,1311,498,-1294,-1657,-733,207,281,373,357,0
2487293,771,772,368,256,-2488,1705,-1900,-1744,-434,32,158,363,353,0
2490610,772,773,293,237,-5226,2880,-2443,-1820,-213,-10,104,367,354,0
2493945,774,774,237,162,-6326,3592,-2443,-1874,-574,-111,53,370,358,0
2497322,775,775,875,1137,-8857,3290,-2812,-1937,66,-65,547,356,342,0
2500614,776,776,1118,1062,-8607,2049,-2595,-1990,320,-140,897,343,346,0
2503948,777,778,1212,856,-4468,-719,-1815,-2017,335,-247,985,338,341,0
2507294,778,778,1250,1231,-2395,-2928,-1213,-2015,80,-284,888,336,337,0
2510617,779,779,1062,1362,-1785,-5037,-802,-2012,60,-152,768,346,330,0
2513952,780,780,1006,1062,-3214,-5739,-105,-1981,102,257,706,349,346,0
2517294,781,782,1043,931,-2899,-5514,-9,-1936,3,445,492,363,353,0
2520620,782,783,312,912,-2905,-4013,130,-1893,280,287,405,402,354,0
2523954,783,784,275,762,-1224,-2406,40,-1854,-103,502,169,404,362,0
2527294,785,785,106,481,-1840,-390,-492,-1823,-280,329,-102,397,377,0
2530624,786,786,0,162,-3020,738,-752,-1813,97,27,110,403,374,0
2533982,787,787,218,331,-2988,251,-251,-1797,187,-135,59,371,365,0
2537315,788,788,237,275,-2203,-45,-33,-1772,-48,-187,-230,370,368,0
2540626,789,790,237,312,-1871,-655,360,-1718,154,-142,68,370,366,0
2543984,791,791,293,312,-689,-666,245,-1665,106,-48,-82,367,366,0
2547319,792,792,181,406,458,-541,90,-1596,92,131,-178,373,361,0
2550630,793,793,256,368,-743,44,-333,-1515,127,160,-242,369,363,0
2553989,794,794,500,125,61,1213,-930,-1436,410,15,172,356,376,0
2557319,795,795,837,256,2118,1430,-928,-1345,131,94,199,338,369,0
2560633,796,796,1287,687,2926,1656,-932,-1268,247,114,227,334,366,0
2563991,797,798,987,181,3799,2241,-1126,-1206,-24,162,9,350,377,0
2567320,798,799,968,68,3821,3187,-1249,-1147,390,67,151,351,383,0
2570636,799,800,1418,275,5214,3035,-1476,-1113,132,-61,122,327,372,0
2573994,800,801,1381,518,6951,1667,-2192,-1118,135,0,305,345,375,0
2577320,801,802,968,743,8245,696,-2778,-1139,-89,-20,-109,367,363,0
2580639,802,803,462,818,7513,812,-2533,-1149,-955,-70,-197,394,359,0
2583997,804,804,181,743,1428,668,-2328,-1147,-129,-148,199,393,363,0
2587320,805,806,0,556,-1251,391,-1784,-1146,-164,111,282,405,357,0
2590642,806,807,0,500,-2364,414,-1129,-1141,116,-14,195,399,356,0
2594001,807,808,256,462,-2093,791,-943,-1111,-606,128,-275,385,358,0
2597321,809,809,0,331,-4881,1030,-943,-1064,-158,-141,-132,384,365,0
2600647,810,810,31,218,-5968,239,-524,-1004,1025,-224,587,381,371,0
2604003,811,811,293,275,-836,-251,4,-916,271,-67,479,367,368,0
2607320,812,812,387,687,1497,109,898,-807,-88,-174,315,362,346,0
2610649,813,813,556,912,979,486,1518,-703,286,-129,418,353,334,0
2614007,814,814,762,443,2514,421,1683,-612,264,-344,340,342,359,0
2617321,815,816,668,0,6328,-219,2413,-512,-266,-157,151,347,368,0
2620652,816,817,462,143,5395,293,3074,-412,-1029,-184,623,358,359,0
2624007,817,818,631,1006,-179,1057,2589,-331,-626,-210,692,385,349,0
2627341,818,819,575,968,-2933,1228,1926,-275,145,-234,744,388,351,0
2630655,820,820,31,1043,-1676,684,721,-254,9,-177,873,401,347,0
2634011,821,821,331,1100,-1991,45,-286,-247,-186,-341,570,385,344,0
2637345,822,822,481,1100,-2388,-552,-455,-238,-256,-199,325,377,344,0
2640658,823,823,406,968,-3419,-2026,-412,-243,-403,-155,197,381,351,0
2644012,825,824,181,1306,-6117,-3060,-657,-263,-29,56,-5,393,349,0
2647346,826,825,331,1062,-7135,-3972,-1377,-317,171,124,-52,385,362,0
2650661,827,827,143,968,-7061,-3529,-1859,-383,203,202,-251,395,367,0
2654011,828,828,0,0,-5773,-2690,-1456,-431,27,120,-16,390,395,0
2657346,829,829,143,106,-5304,-2272,-1440,-465,-103,53,8,375,377,0
2660665,830,830,256,31,-5699,-1938,-2144,-503,61,-142,-131,369,381,0
2664011,832,831,106,162,-5456,-2355,-2102,-540,156,-273,-113,361,374,0
2667346,833,832,218,350,-4433,-3444,-2065,-576,583,131,199,355,364,0
2670668,834,834,368,0,-1108,-2875,-1488,-587,176,334,373,347,371,0
2674012,835,835,575,218,463,-1455,-942,-577,56,333,-270,352,371,0
2677346,836,836,500,368,89,150,-1150,-567,381,196,229,356,363,0
2680671,837,837,275,0,2057,2011,-878,-526,281,152,245,352,368,0
2684012,838,838,1962,1531,4284,3082,-640,-459,270,92,402,346,369,0
2687347,839,840,1381,500,5708,3481,-547,-397,30,100,184,377,408,0
2690674,840,841,1587,668,6716,3648,-1008,-356,577,175,175,366,399,0
2694012,841,842,2056,800,10285,2963,-1646,-352,289,-58,86,341,392,0
2697347,842,843,1718,650,11487,1695,-2623,-398,-67,147,98,359,400,0
2700678,844,845,650,143,11822,763,-3111,-466,346,-56,-181,400,411,0
2704034,845,846,593,518,12551,1067,-3101,-533,-800,-33,-690,419,407,0
2707368,846,847,12,500,9129,1722,-2150,-584,-1013,132,17,450,408,0
2710681,848,849,0,762,4449,1312,-1664,-636,81,-106,483,443,394,0
2714065,849,850,200,500,2328,597,-579,-683,-301,16,137,420,388,0
2717372,851,851,0,500,668,781,-541,-747,-417,21,-89,420,372,0
2720684,852,852,0,556,-1217,279,-47,-801,-417,106,-181,404,369,0
2724037,853,853,425,425,-4471,384,-318,-886,82,180,69,392,392,0
2727372,854,855,237,425,-3968,898,74,-980,142,-81,72,402,376,0
2730687,856,856,218,406,-2085,842,704,-1039,-493,-53,21,403,377,0
2734037,857,857,293,537,-3792,964,450,-1085,-6,-11,110,383,370,0
2737372,858,858,481,500,-3578,631,373,-1096,749,-94,526,373,372,0
2740690,859,859,856,425,2032,-502,817,-1061,-213,77,400,353,376,0
2744037,860,861,1475,293,1784,-149,442,-1033,-216,-181,677,320,367,0
2747372,861,862,1662,743,-404,-535,-294,-1030,-468,-24,759,330,363,0
2750693,862,863,1043,1062,-2334,-1981,-948,-1039,-65,-68,1084,363,346,0
2754038,863,864,1081,1550,-2241,-3173,-1766,-1051,-292,102,825,377,336,0
2757373,864,865,912,1362,-2623,-3722,-2380,-1067,119,73,791,386,346,0
2760697,866,866,931,1137,-2470,-4686,-2949,-1114,-225,54,577,385,358,0
2764039,867,867,256,1043,-4063,-4420,-2844,-1158,-230,281,187,405,363,0
2767373,868,868,293,1006,-4980,-3119,-2432,-1167,82,217,214,403,365,0
2770700,869,869,293,1175,-4268,-1673,-2445,-1178,-81,344,-63,403,356,0
2774039,871,870,237,1025,-5368,-860,-2850,-1202,-71,234,-203,406,380,0
2777373,872,872,87,181,-6163,-441,-2730,-1241,-6,-78,190,394,389,0
2780704,873,873,0,312,-5640,-598,-2452,-1288,142,-103,-75,401,382,0
2784060,874,874,162,87,-4891,-845,-2404,-1327,147,27,-52,390,394,0
2787396,876,876,31,0,-3970,-1078,-2462,-1377,125,25,62,381,387,0
2790707,877,877,237,87,-2466,-964,-2744,-1442,184,57,72,370,378,0
2794063,878,878,331,125,-1832,-325,-2828,-1514,206,60,137,365,376,0
2797397,879,879,200,218,-768,948,-2830,-1571,78,117,-18,372,371,0
2800709,880,880,200,0,1103,2852,-2616,-1601,391,63,239,372,384,0
2804064,881,882,612,0,2513,3547,-2353,-1593,149,-74,349,350,381,0
2807428,882,883,1662,612,3402,4291,-2237,-1565,257,170,223,330,370,0
2810713,883,884,1568,406,4785,4117,-2363,-1542,307,-112,201,335,381,0
2814064,884,885,1850,425,6078,3071,-2703,-1559,377,-22,298,320,380,0
2817397,885,886,1437,706,8408,1332,-3400,-1614,283,-150,76,342,365,0
2820717,887,887,893,743,9169,282,-3514,-1705,-376,151,-292,371,363,0
2824064,888,888,218,481,8425,707,-3860,-1809,-104,-155,-358,391,377,0
2827397,889,890,350,462,6458,1160,-3765,-1925,-163,149,-70,400,378,0
2830719,890,891,293,87,5723,2140,-3492,-2025,459,-178,214,403,398,0
2834065,891,892,350,143,6837,1782,-3011,-2121,71,-274,29,400,395,0
2837398,893,893,143,368,6754,1679,-2639,-2225,-587,218,-254,395,383,0
2840722,894,895,0,0,2612,989,-2675,-2323,-116,-128,131,387,389,0
2844065,895,896,50,0,126,8,-2501,-2413,13,-12,33,380,371,0
2847398,896,897,0,0,-1571,-11,-2434,-2514,198,53,69,383,367,0
2850725,897,898,218,87,517,994,-2165,-2596,-31,-87,-5,371,362,0
2854065,899,899,275,443,-63,1428,-2499,-2665,-759,-158,116,368,359,0
2857398,900,900,312,537,-3108,619,-2598,-2716,26,-411,626,366,354,0
2860729,901,902,331,593,-4274,-949,-2837,-2750,-170,-329,655,365,351,0
2864086,902,903,1137,368,-4440,-1160,-3069,-2771,88,-467,901,322,347,0
2867399,903,904,1418,443,-3599,-2023,-3154,-2778,98,-378,1009,307,343,0
2870733,904,905,1775,706,-2613,-3122,-2921,-2780,233,-372,1024,308,349,0
2874090,905,906,912,687,-1278,-4106,-3090,-2801,-262,-59,660,354,350,0
2877423,906,907,331,612,-1963,-4623,-3250,-2826,-94,-82,619,385,354,0
2880735,907,908,181,537,-2855,-5259,-2856,-2826,-294,85,315,393,358,0
2884090,908,909,500,668,-4170,-4910,-2580,-2821,101,155,362,392,367,0
2887425,910,910,200,668,-4167,-3792,-1880,-2804,133,137,226,392,367,0
2890738,911,911,12,987,-3815,-2488,-1089,-2762,-63,184,62,402,350,0
2894090,912,912,31,968,-4508,-2147,-1355,-2728,340,238,176,401,351,0
2897431,913,913,12,612,-3941,-1739,-1130,-2677,-11,-125,298,402,370,0
2900741,915,915,593,0,-3479,-1695,-690,-2611,27,-13,9,367,384,0
2904090,916,916,425,31,-3197,-1803,-898,-2550,277,-117,-11,360,381,0
2907432,917,917,387,237,-1521,-1407,-895,-2496,-127,2,-310,362,370,0
2910745,918,918,162,443,-1905,-1804,-1439,-2468,-62,-11,27,374,359,0
2914091,919,919,237,331,-2888,-2619,-1959,-2459,291,99,-22,370,365,0
2917433,920,920,312,293,-452,-1537,-2264,-2456,564,258,257,366,367,0
2920748,921,922,612,0,2506,254,-1550,-2420,-95,-5,168,350,374,0
2924091,922,923,781,0,2309,1260,-1371,-2357,306,141,252,341,370,0
2927432,923,924,1006,0,3476,1778,-1281,-2287,183,215,208,329,374,0
2930751,924,925,1156,0,4168,2872,-910,-2195,213,121,82,321,368,0
2934091,925,926,1512,781,4855,3617,-1121,-2112,448,182,97,338,361,0
2937433,926,927,1325,912,5681,4620,-1275,-2043,316,237,120,348,354,0
2940755,927,928,1325,1100,7536,5209,-1681,-2001,147,-4,-54,348,344,0
2944113,928,929,1118,837,8320,5079,-1893,-1978,80,101,-20,359,358,0
2947433,930,930,387,593,8663,4835,-2275,-1965,-202,-440,-265,382,371,0
2950757,931,932,181,106,6675,3587,-2465,-1964,-776,3,-153,393,381,0
2954115,932,933,443,650,2609,3349,-1845,-1946,-122,-107,307,395,368,0
2957433,933,934,368,818,573,3042,-1094,-1912,-145,-186,284,399,359,0
2960761,935,935,125,931,-1003,3034,-700,-1856,-258,159,37,412,353,0
2964117,936,936,0,218,-2080,3389,-1049,-1808,-85,-71,-29,395,371,0
2967434,937,937,0,218,-2568,3604,-1164,-1756,-39,-179,78,389,371,0
2970765,938,939,0,293,-2708,2864,-977,-1690,331,-164,377,391,367,0
2974117,939,940,0,500,-925,1670,-870,-1619,-24,-323,487,383,340,0
2977457,941,941,275,537,-582,991,-353,-1539,128,-480,160,352,338,0
2980767,941,942,1193,406,501,-266,319,-1432,346,-520,637,319,345,0
2984117,942,943,1343,743,1884,-1426,351,-1319,37,-473,299,327,343,0
2987459,943,944,1025,650,2223,-3473,256,-1222,210,-464,450,344,348,0
2990770,945,945,575,368,2494,-5124,69,-1139,-377,-246,440,352,347,0
2994117,946,946,968,1175,215,-5200,-579,-1099,-306,-207,838,351,340,0
2997459,947,947,556,1062,-2377,-5086,-1886,-1124,-250,-38,751,373,346,0
3000774,948,948,387,950,-3047,-4800,-3456,-1189,-80,-64,791,382,352,0
