Time, Rlegs, Llegs, DCL, DCR, GyroX, GyroY, GyroZ, GyroZAvg, AccelX, AccelY, AccelZ, LBEMF, RBEMF, SteerOut
1532,1473,1501,0,0,20,42,264,263,-14,0,226,14,14,0
4852,1473,1501,0,0,16,42,265,263,-17,-1,228,14,14,0
8208,1473,1501,0,0,15,44,263,263,-18,1,227,14,14,0
11532,1473,1501,0,0,15,43,264,263,-17,-1,221,13,14,0
14856,1473,1501,0,0,16,43,263,263,-16,-3,225,14,14,0
18211,1473,1501,0,0,14,43,263,263,-15,-1,228,14,13,0
21533,1473,1501,0,0,15,43,262,263,-15,0,228,14,14,0
24860,1473,1501,0,0,16,44,262,263,-15,-3,226,14,14,0
28214,1473,1501,0,0,20,44,264,263,-16,-2,226,14,13,0
31533,1473,1501,0,0,19,44,263,263,-17,-2,235,14,14,0
34862,1473,1501,0,0,18,43,262,263,-17,1,228,14,14,0
38215,1473,1501,0,0,17,43,264,263,-16,0,233,14,14,0
41533,1473,1501,0,0,15,43,262,263,-17,-1,230,14,14,0
44865,1473,1501,0,0,14,42,263,263,-16,-4,228,14,13,0
48220,1473,1501,0,0,15,43,262,263,-15,-3,228,14,14,0
51554,1473,1501,0,0,14,43,261,262,-18,0,230,14,14,0
54868,1473,1501,0,0,16,41,263,263,-17,-1,229,14,13,0
58224,1473,1501,0,0,17,42,264,263,-17,-2,222,14,14,0
61558,1473,1501,0,0,18,42,265,263,-15,0,229,14,14,0
64871,1473,1501,0,0,17,41,265,263,-14,-7,228,14,14,0
68224,1473,1501,0,0,19,38,264,263,-16,-1,228,14,14,0
71558,1473,1501,0,0,15,40,264,263,-19,-3,228,14,14,0
74876,1473,1501,0,0,16,40,262,263,-14,-3,233,14,14,0
78224,1473,1501,0,0,14,41,265,263,-18,0,231,14,14,0
81559,1473,1501,0,0,14,44,261,263,-13,-1,230,13,14,0
84878,1473,1501,0,0,16,45,265,263,-14,0,231,14,14,0
88224,1473,1501,0,0,17,48,263,263,-13,-4,229,14,14,0
91558,1473,1501,0,0,18,46,263,263,-16,0,226,14,13,0
94881,1473,1501,0,0,19,47,267,263,-15,-1,225,14,14,0
98224,1473,1501,0,0,21,48,263,263,-17,0,230,13,13,0
101794,1473,1501,0,0,16,45,265,263,-18,-2,231,14,14,0
104885,0,0,2506,2506,19,44,264,263,-18,-1,236,13,13,0
108225,0,0,2487,2487,16,43,265,263,-16,-3,227,14,14,0
111559,0,0,2487,2487,16,40,263,263,-13,-1,225,14,14,0
114887,0,0,2487,2487,12,41,263,263,-20,-2,228,14,14,0
118225,0,0,2487,2487,13,41,262,263,-17,-1,229,14,14,0
121559,0,0,2506,2487,13,38,261,263,-13,0,230,13,14,0
124891,0,0,2487,2487,15,42,261,263,-15,0,233,14,14,0
128246,0,0,2487,2487,18,42,263,263,-17,1,226,14,14,0
131560,0,0,2487,2506,18,41,264,263,-18,-3,226,14,13,0
134894,0,0,2506,2506,19,42,263,263,-16,0,226,13,13,0
138250,0,0,2487,2487,19,45,264,263,-17,0,230,14,14,0
141582,0,0,2506,2487,19,41,263,263,-17,-1,229,13,14,0
144897,0,0,2487,2487,17,44,266,263,-19,-1,224,14,14,0
148249,0,0,2487,2487,14,45,264,263,-20,-2,226,14,14,0
151584,0,0,2487,2487,16,43,264,263,-17,-2,232,14,14,0
154900,0,0,2487,2487,16,45,264,263,-16,-1,227,14,14,0
158250,0,0,2487,2487,14,43,266,263,-16,-3,225,14,14,0
161585,0,0,2487,2487,20,45,263,263,-17,-2,225,14,14,0
164903,0,0,2487,2487,18,42,264,263,-17,-1,230,14,14,0
168250,0,0,2487,2506,19,43,263,263,-18,0,226,14,13,0
171585,0,0,2506,2487,17,42,264,263,-20,-3,228,13,14,0
174907,0,0,2487,2506,16,40,263,263,-16,-2,226,14,13,0
178251,0,0,2487,2506,14,40,264,263,-17,0,231,14,13,0
181585,0,0,2487,2487,11,39,263,263,-10,0,230,14,14,0
184910,0,0,2487,2487,12,41,260,263,-18,-4,231,14,14,0
188251,0,0,2487,2487,14,42,261,263,-16,0,228,14,14,0
191586,0,0,2468,2487,13,46,264,263,-13,-2,227,15,14,0
194913,0,0,2487,2506,16,45,262,263,-14,1,228,14,13,0
198251,0,0,2487,2487,19,46,262,263,-15,0,230,14,14,0
201586,0,0,2487,2487,23,46,265,263,-13,0,232,14,14,0
204917,0,0,0,0,11,31,271,263,-48,-1,244,839,854,0
208254,1,0,0,0,-278,-185,415,268,-341,43,107,401,712,0
211589,2,1,2075,2581,-1257,-310,603,278,-38,-73,370,259,248,0
214919,3,2,1381,1962,-2027,-1404,780,294,-96,-9,282,296,281,0
218276,4,4,1418,1850,-2438,-2655,1067,320,-218,92,759,310,287,0
221612,5,5,1906,2131,-3489,-3900,1390,355,257,416,609,300,288,0
224923,6,6,1362,1493,-2397,-4808,1190,384,309,772,765,299,292,0
228279,7,7,2131,1606,-400,-3668,733,399,33,642,503,274,302,0
231612,9,8,1625,1512,680,-1998,485,406,-277,443,613,285,307,0
234926,10,9,1287,1625,-955,-1247,-287,388,-192,407,260,303,301,0
238280,11,11,1118,912,-1568,-338,640,400,68,-395,-373,328,339,0
241613,13,12,237,706,-1512,436,1299,432,32,81,-99,375,366,0
244930,14,14,143,368,-1450,-762,1209,462,292,83,363,380,368,0
248280,15,15,500,987,2574,-1659,328,464,415,-176,47,407,381,0
251613,17,17,650,387,4264,-2519,-772,432,79,-761,-241,399,413,0
254932,19,18,143,331,3753,-3842,-722,401,-176,15,164,410,416,0
258280,20,20,668,125,3807,-3990,-349,382,-229,436,54,398,427,0
261613,22,22,650,706,3015,-3103,-703,351,75,219,227,399,396,0
264936,23,23,443,593,2252,-2173,-1667,291,88,33,-94,410,402,0
268280,25,25,181,200,2557,-1425,-1891,224,74,-331,-307,382,381,0
271613,26,26,837,181,2411,-1032,-2334,143,317,353,175,347,382,0
274939,28,28,1156,275,4335,-1162,-1894,75,85,434,505,330,377,0
278280,29,29,1456,500,6105,-110,-1338,25,-414,285,47,314,365,0
281614,30,31,1756,425,3864,792,-1487,-29,-182,79,289,314,369,0
284942,32,32,2206,368,555,403,-1219,-75,392,305,507,290,372,0
288281,33,34,1456,706,-5,613,-1049,-116,156,384,311,330,354,0
291614,34,35,1906,1400,1125,1287,-1148,-160,138,372,-76,348,359,0
294946,36,36,1718,1400,2057,1813,-1600,-218,26,36,-118,374,375,0
298302,37,38,875,687,2266,2235,-1522,-274,-687,-277,-291,419,413,0
301638,39,40,256,650,978,3676,-2148,-349,-293,238,-37,436,399,0
304949,41,41,162,312,-2196,4837,-623,-377,-584,-1,-177,441,433,0
308306,42,43,331,425,-4681,4982,411,-372,454,-26,143,448,427,0
311641,44,45,650,950,-5726,5072,629,-361,465,-8,37,415,383,0
314952,46,46,0,556,-6195,5403,87,-371,-335,-158,93,439,374,0
318306,47,47,575,1662,-7401,5799,951,-361,-291,76,132,389,331,0
321642,49,49,1250,2187,-9411,5011,1667,-333,394,-478,1034,353,303,0
324956,50,50,1812,1737,-8439,846,2296,-294,368,-338,1123,323,327,0
328306,51,51,2018,1625,-6571,-3342,2069,-273,1360,204,1013,328,349,0
331647,53,53,1737,537,-50,-4639,2818,-222,1069,219,308,327,391,0
334958,54,54,2768,1137,7837,-1986,1498,-198,-37,246,89,318,405,0
338306,55,56,1662,931,6337,-915,167,-208,-107,-290,-313,393,416,0
341648,57,58,500,425,2388,-1180,391,-187,-500,95,-208,439,427,0
344962,59,60,0,368,3451,-1528,863,-180,-524,39,60,467,430,0
348307,60,61,875,1400,2231,-2419,34,-220,483,177,760,435,391,0
351648,62,63,856,1100,3502,-2736,-430,-271,632,-142,450,420,391,0
354964,64,64,725,1512,5153,-3820,-1686,-334,-778,-184,130,427,385,0
358307,65,66,256,968,299,-4630,-1877,-368,-838,272,66,410,356,0
361648,67,67,631,2018,-3862,-2499,-1712,-399,-933,552,174,390,316,0
364968,68,69,837,1718,-8563,1660,-2010,-451,211,441,191,379,332,0
368307,70,70,1212,1231,-11058,2897,-2396,-504,801,323,747,359,358,0
371649,71,71,1831,1006,-9146,3982,-2208,-521,951,389,785,326,370,0
374971,72,73,2656,743,-1494,3860,-2476,-539,1059,46,960,282,368,0
378328,73,74,2581,650,5110,1946,-2256,-537,724,-176,645,302,389,0
381648,75,76,0,1325,9232,67,-2117,-544,-1199,481,131,524,395,0
384975,76,77,1793,1606,4602,-1037,-1089,-536,-887,-109,19,386,380,0
388331,78,79,1025,818,-811,-943,-1865,-548,1657,-90,82,427,422,0
391649,79,81,668,837,3455,-193,-2279,-581,638,-153,-395,462,421,0
394978,81,82,593,275,9414,2665,-2077,-613,-1267,-459,-670,450,451,0
398332,83,84,968,368,2697,736,-446,-591,352,-62,-157,430,446,0
401677,85,86,0,0,3684,-859,148,-537,-322,183,132,458,463,0
404980,86,88,293,0,2714,-582,321,-479,-957,528,-116,436,426,0
408332,88,90,462,612,-975,393,-415,-425,343,253,265,427,387,0
411674,90,91,406,1512,52,1828,-64,-407,404,37,542,414,339,0
414984,91,92,931,1475,1352,2990,467,-406,-355,24,290,386,341,0
418333,93,94,631,1231,-879,3953,1259,-386,-852,124,46,402,354,0
421675,95,95,387,1325,-3770,3965,2047,-325,-66,-438,-46,415,365,0
424987,96,97,1325,1587,-4082,1189,2169,-287,818,-209,301,395,381,0
428333,98,98,1006,1062,-837,-47,1873,-280,740,-63,94,412,409,0
431676,99,100,350,256,1888,355,732,-329,-600,-17,18,463,452,0
434991,101,102,481,331,1149,442,-4,-394,55,-94,67,440,432,0
438333,103,103,556,706,1657,40,613,-463,-827,-26,27,436,428,0
441676,105,105,0,331,271,-195,345,-499,-584,243,-189,469,448,0
444993,106,107,650,725,-3400,-147,-720,-527,27,207,-151,431,411,0
448334,108,108,0,987,-4246,218,-975,-569,117,79,252,429,371,0
451676,110,110,0,1193,-4880,360,-787,-621,-215,101,366,408,344,0
454996,111,111,575,1156,-7146,315,-835,-648,-236,-162,34,377,346,0
458354,113,113,1512,1025,-7564,-1000,-749,-658,372,-208,714,327,353,0
461676,114,114,2300,743,-4926,-2981,-460,-620,1046,163,1433,285,368,0
465000,115,116,2243,781,2922,-5133,49,-559,-240,187,1087,304,366,0
468388,116,117,3350,1718,5232,-5709,1040,-473,-479,593,684,303,374,0
471677,118,119,1156,968,4360,-5369,1170,-374,246,210,525,404,398,0
475003,119,120,1400,1043,2767,-2948,1363,-257,869,119,189,407,410,0
478359,121,122,1231,706,5261,-1334,2102,-122,235,539,-26,416,428,0
481677,123,124,368,425,7894,-207,2053,19,-1201,331,-218,446,427,0
485006,124,125,875,275,3553,1867,2244,159,89,-99,433,435,451,0
488359,126,127,800,556,1984,2701,1335,267,209,-420,80,439,436,0
491677,128,129,0,31,2445,2993,1253,340,-151,89,94,459,418,0
495009,129,130,575,368,-183,5450,2341,472,-308,-323,-272,405,400,0
498359,131,132,668,912,-2729,5599,2570,623,-817,-408,-20,400,371,0
501701,133,133,50,1268,-5259,4484,3065,784,-432,-69,315,417,352,0
505012,134,135,537,1437,-8254,2356,3512,908,-123,-391,210,407,343,0
508358,136,136,912,1475,-9803,-185,3995,1028,547,-44,329,387,357,0
511705,137,138,987,556,-8110,-725,3574,1130,844,-29,-139,383,390,0
515015,139,139,743,837,-2507,-382,4288,1277,-681,174,-250,426,421,0
518359,141,141,556,425,-1970,909,4704,1426,226,200,246,436,443,0
521705,142,143,650,368,-2441,1261,3519,1521,318,-126,-131,431,430,0
525019,144,145,0,650,-1273,1114,2776,1568,726,-58,33,466,431,0
528359,146,146,500,575,1089,1180,2857,1594,173,-45,31,439,435,0
531705,147,148,200,31,438,1310,2276,1597,-760,-119,-112,455,448,0
535022,149,150,0,406,-1652,651,1609,1589,-547,-314,-49,448,402,0
538360,151,151,0,387,-2669,200,1238,1605,300,59,-80,432,387,0
541705,152,153,931,462,-1388,-757,1405,1649,652,-79,857,374,383,0
545025,154,154,1606,462,4338,-1087,2166,1697,777,-271,961,322,383,0
548383,155,156,2318,387,8144,-2113,3026,1781,-456,94,913,300,387,0
551705,156,157,2037,1006,8034,-3571,3607,1916,-363,63,984,315,354,0
555028,158,159,1456,312,7052,-4058,3540,2057,-165,-57,581,346,375,0
558383,159,160,1868,1418,5743,-4310,3681,2197,54,207,118,366,374,0
561706,161,162,1156,500,6067,-3923,3427,2330,-49,561,210,404,423,0
565032,162,164,950,650,8164,-2444,3697,2469,-904,469,190,415,399,0
568384,164,165,762,931,4935,-947,2700,2568,-293,230,566,425,400,0
571707,166,167,331,218,2335,1197,1001,2597,19,-132,380,448,438,0
575035,167,169,650,1137,751,2460,516,2581,-568,-223,-213,431,389,0
578384,169,170,668,856,-2425,3725,618,2564,-702,31,-417,430,404,0
581707,171,172,0,0,-4762,4165,1640,2572,-503,325,-156,442,432,0
585038,172,174,368,237,-7472,4163,1779,2562,-308,-198,236,416,391,0
588384,174,175,687,1193,-9028,2805,2316,2571,-102,-398,431,399,356,0
591707,175,176,800,1287,-9207,1158,2736,2586,680,-386,325,393,351,0
595041,177,178,743,950,-6744,388,2699,2629,96,-129,267,380,353,0
598384,178,179,893,612,-3376,340,3676,2704,198,343,157,388,387,0
601734,180,181,1362,893,-150,793,4295,2765,583,-97,372,393,402,0
605045,181,183,1212,1025,1122,1768,3645,2799,222,-39,97,401,395,0
608384,183,184,818,875,1256,2555,3153,2802,-702,-37,-608,422,403,0
611713,185,186,575,818,-73,2039,2849,2781,157,240,-133,435,406,0
615048,187,188,12,518,2695,2160,3084,2753,514,341,28,449,422,0
618385,188,189,31,443,4253,2167,2178,2709,-434,-102,172,464,426,0
621716,190,191,556,200,2212,1186,1341,2617,-58,117,355,436,439,0
625051,192,193,0,275,775,151,947,2499,-132,-310,254,431,393,0
628409,193,194,12,500,-959,-953,837,2416,-584,133,176,423,381,0
631719,195,196,537,575,-3106,-959,1019,2361,-780,-20,237,379,361,0
635054,196,197,1156,1043,-3238,-1467,1536,2319,671,-203,859,346,336,0
638412,197,198,2356,781,953,-3334,2086,2313,649,-27,1088,298,366,0
641723,199,200,1531,350,7329,-4584,2026,2327,-645,189,769,326,373,0
645057,200,201,1493,462,7195,-4809,3239,2389,-802,425,588,344,383,0
648412,201,203,1887,1437,4598,-4625,2669,2429,297,-106,337,429,421,0
651726,203,205,1812,893,4484,-4210,2914,2452,45,-87,95,417,434,0
655061,205,206,1362,987,3920,-3953,3561,2469,-677,231,-378,441,445,0
658418,207,208,687,781,1340,-3506,2528,2435,373,344,-460,477,456,0
661729,209,210,0,0,1175,-802,1547,2373,-136,724,493,500,482,0
665063,211,212,1006,650,1558,1846,1122,2293,-937,57,2,460,447,0
668446,212,214,0,87,-1692,2358,1605,2236,-374,51,-195,484,447,0
671732,214,216,162,162,-5984,1807,2228,2190,46,382,192,459,427,0
675067,216,217,68,68,-6915,3440,2432,2181,-652,279,335,448,432,0
678419,217,219,575,293,-8015,4522,2009,2213,563,-187,200,437,420,0
681735,219,221,706,181,-4783,4280,1337,2239,612,-62,208,414,410,0
685070,221,222,743,537,-1400,4105,827,2245,355,-221,549,412,407,0
688418,222,224,1306,912,1498,2832,1839,2251,-100,23,389,398,387,0
691739,224,225,1531,1287,2535,1429,2041,2260,187,-215,47,400,397,0
695073,226,227,1081,1081,1966,1916,2133,2254,102,-174,-186,440,408,0
698419,227,229,256,650,1747,3227,1267,2208,1267,-268,-111,484,431,0
701742,229,230,293,612,6198,3403,809,2149,-547,-87,-211,466,433,0
705077,231,232,443,593,5258,3569,257,2042,-651,98,-2,458,434,0
708419,233,234,331,481,1862,4340,-787,1883,-336,161,328,464,440,0
711746,235,236,106,856,435,3740,-1724,1715,-1510,-44,170,460,404,0
715079,236,237,0,912,-2186,2322,-1808,1560,-446,-579,403,439,359,0
718420,238,238,743,1606,-4693,1099,-2472,1394,173,-345,554,384,338,0
721749,239,240,1475,875,-4880,-1599,-1987,1236,411,-303,574,345,361,0
725083,241,241,1962,800,-2864,-4181,-1752,1113,444,17,436,335,381,0
728420,242,243,1362,68,-258,-6577,-1831,1014,404,127,599,351,404,0
731752,243,244,1925,650,3527,-7054,-886,956,57,307,202,337,389,0
735087,245,246,837,256,5178,-5930,661,951,-549,154,60,379,394,0
738445,246,248,1156,893,4231,-5288,1536,967,-55,190,566,420,402,0
741755,248,249,1062,987,2742,-4349,1965,980,235,175,209,425,413,0
745089,250,251,0,518,2102,-3377,1985,977,143,-276,12,467,422,0
748445,251,253,462,143,2229,-3351,1093,948,-274,-338,-148,457,442,0
751758,253,255,968,387,-1402,-2498,773,871,52,-89,136,430,429,0
755092,255,256,200,218,-2456,-282,581,806,-197,667,-70,455,438,0
758446,257,258,0,31,-2121,2078,954,745,-987,264,-372,452,418,0
761761,258,260,481,106,-6177,3393,394,646,-121,277,434,410,398,0
765095,260,261,406,1100,-5359,4598,588,585,-173,-231,595,414,361,0
768446,261,262,706,1400,-5420,3941,1040,569,-215,-372,507,398,345,0
771764,263,264,1193,1550,-4001,1559,1801,590,59,-293,730,372,337,0
775099,264,265,1100,1137,-1870,-251,1918,600,153,230,247,377,359,0
778447,266,267,668,725,315,-1697,2425,606,752,-6,374,400,381,0
781768,268,268,762,1212,4554,-169,2161,598,364,-5,-142,425,401,0
785102,269,270,1006,425,4610,1321,2058,599,-993,236,-133,412,427,0
788447,271,272,556,312,2420,1781,954,587,-36,164,-116,436,433,0
791771,273,274,331,275,5576,1675,732,584,653,165,91,448,435,0
795105,274,275,687,0,7116,2153,-11,527,-130,54,310,429,450,0
798447,276,277,856,443,5878,2149,-126,459,-209,-208,391,420,426,0
801775,278,279,0,706,3277,1123,-1371,349,-752,-452,-17,432,386,0
805108,279,280,31,668,-1767,-344,-1845,252,-230,-11,103,422,372,0
808447,281,281,593,1737,-6401,-663,-1575,178,-256,89,-59,392,331,0
811778,282,283,968,950,-7686,-85,-1512,122,394,266,175,372,357,0
815112,284,284,1625,237,-6109,-9,-2017,84,718,-1,746,337,395,0
818448,285,286,2150,0,-1073,-333,-1288,98,418,-68,846,309,415,0
821781,286,288,1643,0,4423,-2043,-871,127,-519,47,631,336,397,0
825116,288,289,2318,1475,4817,-2830,-524,188,-792,65,62,358,371,0
828472,289,290,1718,1568,719,-3074,-28,249,439,-55,165,390,382,0
831783,291,292,556,762,-1014,-2837,554,321,444,386,24,436,409,0
835119,293,294,893,518,2785,-1980,670,399,-101,249,-268,434,422,0
838476,294,296,856,331,6141,-1554,733,450,-754,-288,-196,436,432,0
841787,296,297,406,0,-51,-1595,307,439,185,91,489,444,452,0
845122,298,299,556,387,-1374,-525,270,399,299,-19,-10,452,429,0
848480,299,301,0,0,-566,1561,596,356,-457,-71,-381,448,424,0
851790,301,302,481,518,-4372,2888,-188,288,44,-218,-14,410,392,0
855124,303,304,181,968,-4420,3577,255,262,-437,59,583,426,352,0
858480,304,305,706,1212,-4659,3316,608,257,-436,61,747,398,355,0
861793,306,307,875,1175,-6637,690,1677,291,759,-227,807,373,341,0
865128,307,308,687,1381,-3697,-1387,1921,322,411,-89,396,399,346,0
868512,309,310,1343,1325,-32,-1818,2175,377,224,246,245,394,379,0
871797,311,311,218,443,3493,-912,2620,441,-271,211,-206,438,426,0
875131,312,313,781,893,3140,-127,1844,466,-161,143,-325,424,402,0
878485,314,315,518,725,1247,374,1114,444,773,-51,96,438,411,0
881799,316,316,0,181,3795,950,527,401,358,-98,233,452,440,0
885134,317,318,668,818,4356,1184,57,327,-953,-43,173,430,406,0
888485,319,320,893,931,2170,1450,-324,249,-259,-133,218,418,400,0
891803,321,321,0,162,769,334,-807,160,-315,12,-4,421,399,0
895137,322,323,181,481,-2052,-902,-1702,77,-220,42,55,398,382,0
898485,324,324,800,837,-5772,-1739,-1339,12,612,267,482,365,363,0
901806,325,326,856,312,-3213,463,-1761,-42,-107,288,537,362,375,0
905140,326,327,2056,143,-1335,1976,-1050,-71,341,125,979,314,400,0
908485,328,329,1906,87,2456,795,-959,-58,990,-182,956,306,387,0
911809,329,330,1681,312,6203,-620,-1061,-33,-611,113,431,334,391,0
915143,330,332,2206,818,5137,-776,-59,13,-625,159,464,348,390,0
918485,332,333,1625,1212,2475,-1417,145,65,372,27,491,379,385,0
921812,333,335,1006,856,3312,-1960,337,139,820,64,-250,428,404,0
925147,335,337,481,706,6414,-1506,626,198,-384,9,-879,440,412,0
928485,337,338,312,406,5688,-1016,378,237,-305,-149,-398,449,428,0
931816,339,340,162,68,488,-716,90,257,-22,165,546,457,446,0
935150,340,342,875,237,1606,148,156,262,-357,541,179,419,421,0
938507,342,344,181,0,144,2052,464,260,-818,-213,-185,426,407,0
941819,344,345,0,743,-5256,2779,-55,237,-353,-449,170,443,364,0
945153,345,346,593,1137,-7424,2035,68,216,-679,-258,260,404,359,0
948510,347,348,556,668,-9389,1058,1028,239,-44,156,270,390,368,0
951822,348,349,1156,968,-9049,-123,1916,290,671,90,470,374,368,0
955156,350,351,368,425,-4375,-617,1734,326,890,-74,306,400,381,0
958511,351,352,1212,1362,85,-899,1757,386,390,-303,143,401,377,0
961825,353,354,931,893,2151,-471,2258,449,-653,421,-26,416,402,0
965160,355,356,481,837,697,559,1328,471,-542,242,-352,440,405,0
968511,356,357,143,706,-1033,327,814,445,823,10,-14,458,412,0
971828,358,359,462,425,2666,1083,735,407,193,-79,52,441,427,0
975163,360,361,0,462,3440,543,361,351,62,-283,181,453,425,0
978511,362,362,0,1118,1005,-62,-747,246,-170,-270,242,455,390,0
981832,363,364,0,0,-1667,-580,-1166,151,-287,-385,113,409,407,0
985166,365,366,31,650,-3714,-1171,-1349,75,-252,132,140,406,373,0
988511,366,367,781,331,-4322,-748,-364,47,324,455,595,366,374,0
991835,367,368,2131,893,-913,1046,-220,38,397,-86,688,310,360,0
995169,369,370,2168,706,2135,1298,1117,83,485,92,994,292,354,0
998512,370,371,2000,556,5608,1059,1127,143,398,-200,1270,317,378,0
1001838,371,373,1531,312,7391,18,1249,236,-369,145,520,342,375,0
1005172,373,375,1681,968,4678,-874,1479,324,126,-50,44,376,398,0
1008512,374,376,1250,668,3289,-1820,1324,420,600,-436,525,415,414,0
1011842,376,378,706,500,6059,-2140,1281,493,158,344,-69,428,407,0
1015175,378,380,668,312,6217,-770,1669,575,-90,-64,-561,446,433,0
1018533,379,381,575,537,4494,95,651,629,-248,-514,111,451,421,0
1021845,381,383,875,162,1050,-290,1008,662,36,157,-27,419,425,0
1025179,383,385,0,106,776,351,1151,693,-148,255,-354,452,414,0
1028537,385,386,0,237,-60,2189,1378,726,-605,42,-471,434,391,0
1031847,386,388,331,725,-5086,2429,1117,741,-374,-92,329,418,365,0
1035182,388,389,87,1212,-7334,1303,1056,762,-1,-284,647,431,339,0
1038537,389,390,931,1025,-8554,181,2161,827,-39,-256,57,386,365,0
1041851,391,392,987,575,-7669,87,2530,901,-41,-18,-148,367,373,0
1045185,392,394,875,875,-6136,112,2085,952,868,-155,337,389,373,0
1048537,394,395,931,781,-2465,87,2763,1040,231,-291,146,416,408,0
1051854,396,397,593,556,-1813,-17,2834,1127,-171,-113,49,434,404,0
1055189,397,398,743,725,-2965,977,1907,1154,-12,-221,-259,426,411,0
1058538,399,400,668,368,-3112,720,1367,1137,429,-2,-227,430,430,0
1061857,401,402,0,368,743,1116,1488,1129,-244,57,25,450,414,0
1065192,402,403,275,743,769,695,1352,1117,-385,24,95,451,410,0
1068565,404,405,0,0,-873,-74,273,1054,435,-327,285,427,429,0
1071860,406,406,0,406,-2015,-605,-116,1009,365,-275,111,445,386,0
1075195,407,408,368,612,-2261,-1000,283,993,299,-37,334,404,375,0
1078538,409,410,593,387,-1102,564,489,985,212,139,583,376,371,0
1081864,410,411,1868,200,3501,1414,1813,1030,202,-164,1166,308,381,0
1085198,411,412,2075,725,6330,45,2301,1126,737,-226,1063,313,369,0
1088538,413,414,1793,500,8363,-1123,2361,1236,-717,183,759,312,365,0
1091867,414,415,2806,2393,6812,-1702,2575,1359,-412,-144,740,364,370,0
1095226,415,417,2225,1006,4483,-2935,2030,1433,678,-87,380,411,444,0
1098560,417,419,1362,631,5825,-2764,1603,1490,340,374,-160,441,448,0
1105228,421,422,856,762,5708,-692,1876,1546,-104,-320,-420,468,457,0
1108562,423,424,650,537,2768,919,533,1524,-505,21,225,463,453,0
1111873,425,426,181,781,112,1914,568,1495,-535,162,-239,488,440,0
1115232,427,428,0,0,-2394,2835,774,1478,-371,495,210,459,444,0
1118563,428,430,331,406,-5246,3969,1429,1483,-778,-213,177,450,414,0
1121876,430,431,106,931,-8816,1958,1414,1475,-374,-577,277,446,386,0
1125235,432,433,800,1156,-10814,353,1994,1517,607,-406,460,409,374,0
1128563,433,434,1006,537,-9013,-689,2552,1565,303,-93,-111,398,407,0
1131879,435,436,1062,537,-6308,128,2418,1605,682,-1,78,395,407,0
1135265,437,437,1137,1381,-2126,95,3021,1656,-561,313,-8,421,408,0
1138564,438,439,856,762,-1848,718,3187,1721,70,24,221,436,425,0
1141883,440,441,406,856,-1973,1469,2593,1769,404,-257,6,460,420,0
1145241,442,442,500,1268,-1510,1409,1403,1745,637,16,61,455,414,0
1148564,444,444,481,443,1766,1275,1608,1716,284,-233,249,440,442,0
1151886,446,446,387,593,2464,935,1420,1696,-762,19,-68,461,434,0
1155244,447,448,125,650,631,533,711,1631,-632,-71,81,475,431,0
1158565,449,449,0,68,-1676,119,-197,1537,-299,-11,98,444,420,0
1161889,451,451,0,0,-1740,-427,49,1479,428,247,-23,427,419,0
1165246,452,453,1475,350,613,-284,273,1444,742,-86,814,345,389,0
1168564,453,454,2112,350,5317,-830,1482,1444,289,-125,982,311,389,0
1171892,455,456,1850,650,7937,-2209,1928,1462,-138,36,781,325,373,0
1175247,456,457,1512,706,8850,-2837,2421,1529,-195,-20,772,343,370,0
1178565,457,459,1456,537,6438,-3196,2670,1616,-146,-2,344,362,379,0
1181895,459,460,1662,725,4542,-3694,2834,1696,683,220,24,377,411,0
1185251,461,462,912,331,6758,-2716,2929,1772,-395,296,-79,417,432,0
1188589,462,464,856,668,5937,-1278,2797,1803,-998,422,103,436,414,0
1191899,464,465,312,200,1825,356,1586,1781,234,17,460,449,439,0
1195255,466,467,743,256,747,2371,121,1711,-484,-132,350,426,436,0
1198590,467,469,500,912,-2362,3735,266,1639,-755,-62,-321,455,401,0
1201903,469,470,650,293,-5276,4504,986,1606,-432,-40,-132,431,434,0
1205255,471,472,293,650,-8404,3761,1175,1593,-610,-183,-30,420,385,0
1208590,472,473,106,1006,-11275,1719,1948,1586,185,-204,721,430,366,0
1211906,474,475,725,1175,-9094,747,2359,1601,493,-265,514,397,357,0
1215255,476,476,893,1006,-5973,-1823,3017,1679,599,-11,583,372,366,0
1218590,477,478,781,837,-302,-2153,4224,1793,41,297,-43,394,375,0
1221908,479,479,237,706,966,-1259,5208,1932,-59,193,271,407,382,0
1225255,480,481,1325,950,480,277,4417,2025,411,-21,4,395,399,0
1228590,482,482,1156,1437,1246,814,3089,2077,242,-177,-172,404,389,0
1231911,483,484,818,406,922,664,3239,2116,74,41,-2,422,428,0
1235256,485,486,500,0,2011,856,3579,2148,88,-80,121,439,451,0
1238591,487,488,237,406,4898,435,3025,2167,-391,141,15,453,428,0
1241915,489,489,106,387,4331,-147,2090,2138,-609,-98,267,444,429,0
1245256,490,491,687,462,2902,-1312,1670,2091,151,-490,157,429,425,0
1248591,492,493,0,0,685,-2966,1321,2051,-530,296,86,421,410,0
1251918,493,494,387,687,-2550,-2533,1660,2059,-391,361,-24,403,371,0
1255257,495,495,406,912,-3164,-531,1797,2065,15,698,196,386,359,0
1258591,496,497,1606,518,-1875,1347,1342,2063,144,161,817,338,380,0
1261921,498,498,1943,387,1761,460,1200,2078,665,-198,881,304,387,0
1265277,499,500,1793,443,5100,-1195,1030,2116,-449,72,780,328,384,0
1268612,500,502,1568,68,5881,-2702,1279,2155,-450,145,642,340,388,0
1271924,502,503,1981,818,3905,-2741,971,2176,-544,-64,288,360,406,0
1275281,503,505,1100,912,394,-3196,1002,2161,48,25,-62,423,401,0
1278616,505,506,575,725,609,-3032,462,2116,611,494,-237,435,411,0
1281927,507,508,200,425,3631,-871,514,2056,-537,390,-267,455,427,0
1285282,508,510,612,0,3447,2104,37,1974,-1086,177,39,449,450,0
1288616,510,512,818,556,-2424,2278,-196,1879,-223,55,308,422,404,0
1291931,512,513,0,0,-4302,1681,617,1807,386,206,109,442,436,0
1295282,513,515,350,0,-4396,3140,1062,1753,-191,-208,-252,417,424,0
1298616,515,516,631,481,-7158,3804,532,1720,-31,225,12,402,394,0
1301934,517,518,593,425,-5223,4434,502,1732,-136,44,579,404,381,0
1305283,518,519,1156,1456,-3792,3373,942,1753,-135,-141,677,374,342,0
1308618,520,521,237,1081,-2442,589,1444,1767,259,-371,474,407,346,0
1311937,521,522,912,950,-766,-1323,1968,1792,244,-43,35,387,369,0
1315282,523,524,1231,1343,148,-1425,2778,1818,98,563,69,400,378,0
1318616,524,525,762,1193,1952,470,2419,1820,-242,379,-105,425,386,0
1321941,526,527,500,500,1321,1566,1245,1764,594,-249,-80,439,423,0
1325282,528,529,368,275,1462,1434,823,1658,691,-360,245,446,435,0
1328617,529,530,87,350,4222,1357,769,1519,-432,-78,-99,461,431,0
1331943,531,532,537,237,2672,1253,174,1387,-530,-239,86,437,437,0
1335310,533,534,31,0,534,753,-455,1276,-541,-96,168,422,424,0
1338617,534,535,200,481,-800,-1161,-948,1145,-758,157,224,413,382,0
1341947,536,537,387,575,-3295,-1912,-829,1007,45,265,187,387,361,0
1345304,537,538,1250,912,-4586,-1842,-420,900,208,300,311,357,359,0
1348639,539,540,1756,668,-1740,-36,-53,833,240,245,964,314,356,0
1351950,540,541,1493,143,2439,-296,559,798,811,-162,1095,328,384,0
1355308,541,543,1456,68,5814,-1488,310,766,-21,-27,817,346,388,0
1358671,543,544,2375,1325,5877,-1770,1025,746,-425,-29,43,339,379,0
1361953,544,546,1943,743,3499,-1505,1220,728,-310,6,529,362,394,0
1365308,546,547,687,893,2885,-2185,1734,741,414,-47,442,429,402,0
1368641,547,549,612,387,4456,-2126,1929,763,251,91,-420,449,429,0
1371956,549,551,706,293,5380,-1122,1330,773,-506,-297,-622,428,418,0
1375308,551,552,631,968,2071,177,692,754,-428,183,66,432,398,0
1378641,553,554,593,256,505,1014,565,742,-395,175,78,434,436,0
1381959,554,556,200,200,-232,2172,1215,748,-486,542,-107,425,393,0
1385308,556,557,387,593,-2804,3393,1229,772,-601,-122,-24,415,388,0
1388642,557,559,106,800,-7001,2773,837,783,-406,-304,324,430,361,0
1391963,559,560,275,893,-9173,1884,1425,826,-135,-155,355,405,356,0
1395309,561,562,800,1081,-9683,603,1871,890,555,226,503,377,346,0
1398641,562,563,987,1137,-4467,-789,2144,938,973,-199,458,383,359,0
1401966,564,565,631,743,-29,-1633,2878,995,587,106,153,402,380,0
1405308,565,566,1043,1362,2527,-815,3390,1084,-336,412,59,410,377,0
1408642,567,568,650,443,2217,652,2837,1157,-821,90,-228,431,426,0
1411969,569,570,350,818,269,1190,1778,1183,-35,214,-253,447,406,0
1415309,570,571,0,575,1429,903,1935,1199,553,94,2,468,419,0
1418642,572,573,443,387,4837,1153,1480,1183,-94,-44,22,442,429,0
1421973,574,575,0,650,2719,819,646,1117,-173,-412,185,453,415,0
1425330,575,576,0,68,644,-65,56,1043,-42,-351,312,442,404,0
1428642,577,578,0,162,-1364,-1312,-207,998,-794,167,35,410,383,0
1431975,579,579,350,837,-3869,-1513,-748,949,-149,97,57,405,363,0
1435334,580,581,1212,556,-4994,-1566,-15,924,497,446,488,343,362,0
1438666,581,582,2112,818,-1723,300,181,924,480,-40,749,311,364,0
1441979,583,584,1606,406,2030,552,1112,973,140,35,924,322,370,0
1445334,584,585,2018,631,5080,-189,1218,1041,379,-96,1118,316,374,0
1448670,585,587,2337,875,6138,-1348,1221,1105,-281,-29,499,341,387,0
1451982,587,588,1418,481,4140,-1674,1638,1169,-221,260,337,390,424,0
1455334,588,590,1118,481,3376,-2278,1660,1223,226,296,380,422,424,0
1458675,590,592,893,406,4748,-2354,1764,1260,-19,461,-142,418,412,0
1461985,592,593,87,406,5926,-1080,1253,1290,-421,-19,-264,461,428,0
1465334,593,595,668,275,3483,524,587,1276,-110,-278,172,446,435,0
1468676,595,597,668,443,180,1518,606,1257,-292,-6,-87,430,410,0
1471988,597,598,0,31,-863,2040,1156,1239,-439,162,-365,447,402,0
1475335,598,600,256,387,-2748,3319,1482,1225,-793,33,29,422,383,0
1478676,600,601,537,1062,-7522,2717,1146,1219,-346,-188,279,407,363,0
1481991,602,603,350,725,-9428,1604,1371,1240,-129,-373,252,417,365,0
1485335,603,604,1137,1381,-9674,459,1963,1284,454,299,278,375,346,0
1488677,605,606,387,462,-4567,-537,2372,1320,57,-108,243,399,379,0
1491995,606,607,1475,1193,-1100,-904,2922,1373,684,372,262,387,386,0
1495335,608,609,725,593,1815,-87,3197,1447,293,-123,181,427,418,0
1498677,609,610,518,818,1790,1032,2823,1491,-477,103,-189,438,406,0
1501998,611,612,612,800,410,1567,1929,1492,164,-72,-272,433,407,0
1505335,613,614,650,556,648,1283,2148,1493,295,189,-39,431,420,0
1508677,615,615,31,443,4441,1578,1535,1451,-490,167,-58,448,426,0
1512001,616,617,518,143,2711,1338,863,1372,-700,-111,278,438,442,0
1515357,618,619,0,0,761,350,-3,1283,251,-275,290,425,424,0
1518678,620,620,0,275,-1038,-700,-217,1221,-274,-90,144,423,393,0
1522004,621,622,293,575,-2969,-1206,-554,1143,-570,202,-11,392,361,0
1525361,623,623,931,800,-4813,-978,220,1103,-99,440,372,358,365,0
1528677,624,625,1625,462,-1740,120,413,1096,818,-297,910,321,367,0
1532008,625,626,1775,312,2911,-376,1401,1138,392,-99,888,313,375,0
1535360,626,628,1681,406,5574,-1474,1194,1182,-367,105,768,334,370,0
1538677,628,629,1456,1681,5698,-2001,1560,1254,-326,100,639,436,408,0
1542011,629,631,2206,875,3939,-2208,1521,1302,-96,-252,395,396,435,0
1545361,631,633,1756,443,3870,-2825,2263,1367,213,-46,-52,420,458,0
1548703,633,635,1118,481,4315,-2735,2071,1397,242,252,-666,454,456,0
1552014,635,636,575,368,4938,-1531,1882,1418,-443,369,-218,483,462,0
1555361,637,638,162,518,2627,820,878,1407,-255,142,-9,489,454,0
1558731,638,640,200,0,-556,2014,748,1379,-333,-47,-228,473,461,0
1562017,640,642,387,162,-2091,2843,1462,1373,-348,-39,166,447,427,0
1565361,642,644,575,968,-4351,2990,2256,1389,-820,41,243,437,384,0
1568704,644,645,87,1156,-10096,1443,2006,1412,-7,-494,301,447,374,0
1572021,645,646,593,1287,-10750,176,2339,1467,864,-314,347,420,367,0
1575361,647,648,950,687,-7412,-1269,2717,1533,738,208,425,401,399,0
1578704,648,650,837,575,-851,-579,3150,1595,168,380,157,423,405,0
1582023,650,651,1043,518,2885,-66,3185,1648,120,-236,298,426,438,0
1585361,652,653,781,837,3392,699,3217,1713,81,93,319,440,421,0
1588704,654,655,125,818,2145,1329,2334,1743,609,-237,-89,475,422,0
1592027,655,657,631,593,2049,1052,1871,1740,727,-117,-287,448,434,0
1595383,657,658,575,443,5661,1565,1662,1718,-433,-430,-171,451,442,0
1598705,659,660,275,350,4464,1239,955,1657,-1126,147,79,467,447,0
1602030,661,662,0,443,1448,1021,76,1559,-674,25,172,467,426,0
1605387,662,663,0,331,-760,260,-463,1456,-469,-87,272,450,406,0
1608705,664,665,162,218,-3133,-620,-921,1367,-221,-47,164,415,396,0
1612033,666,666,312,818,-4532,-1097,-298,1291,260,145,316,407,364,0
1615386,667,668,1418,181,-4296,-473,-164,1238,122,254,498,348,398,0
1618705,668,670,1925,162,-467,-17,121,1215,597,263,887,321,383,0
1622036,670,671,1906,462,4367,-766,409,1227,553,-247,840,338,383,0
1625417,671,672,2468,1362,6905,-2349,84,1237,-727,-191,137,350,393,0
1628729,673,674,1606,781,4132,-2428,836,1280,-783,357,430,380,408,0
1632039,674,676,1400,968,941,-2139,897,1301,443,-99,607,407,398,0
1635387,676,677,725,987,2140,-1755,1115,1323,1035,-88,-93,443,413,0
1638732,678,679,0,87,5521,-1221,754,1303,-402,-280,-286,466,445,0
1642043,679,681,743,331,2035,328,395,1278,-125,50,15,442,432,0
1645388,681,682,912,1212,-2341,2284,-400,1217,9,-3,-171,433,401,0
1648733,683,684,0,68,-2520,3502,338,1180,-654,-32,-219,454,416,0
1652047,684,686,762,387,-5533,3988,486,1124,-620,-273,161,395,383,0
1655387,686,687,612,1362,-8858,1531,1192,1097,233,-287,913,403,347,0
1658733,687,688,368,1268,-7687,-54,1409,1082,-246,-429,527,416,352,0
1662049,689,690,837,1437,-6582,-1892,2229,1124,558,280,653,391,343,0
1665388,691,691,818,1231,-339,-2194,3122,1199,-310,84,92,392,370,0
1668734,692,693,818,275,1807,-1601,3439,1260,225,159,202,392,405,0
1672052,694,695,500,1156,2496,-268,3023,1284,169,-92,-140,439,404,0
1675411,695,696,593,987,2359,801,2118,1288,-240,-93,-140,450,413,0
1678734,697,698,743,537,2173,1080,2009,1278,18,-72,-22,426,421,0
1682056,699,700,125,725,2993,1088,1802,1249,223,118,32,459,427,0
1685411,701,701,912,687,6344,642,1501,1197,-312,75,173,417,429,0
1688734,702,703,800,481,5811,339,672,1119,-726,-14,289,423,424,0
1692059,704,705,50,0,2910,-707,37,1020,148,-529,252,421,421,0
1695411,706,706,0,293,-607,-2163,-383,935,-407,-225,90,409,392,0
1698734,707,708,481,781,-4645,-2133,17,877,-88,488,-28,398,366,0
1702062,709,709,275,668,-4505,-492,194,831,-413,559,325,393,372,0
1705412,710,711,1587,293,-3893,2411,-900,773,819,143,519,339,392,0
1708735,711,712,2318,462,-536,2307,-1096,736,832,-5,895,300,383,0
1712066,713,714,1906,0,2353,887,-1388,707,7,476,1053,322,401,0
1715412,714,716,2318,875,4755,-1230,-1037,704,-763,-119,648,342,387,0
1718736,715,717,2000,987,2304,-2199,-409,700,-175,-115,440,375,397,0
1722068,717,719,1362,1325,-465,-3056,-543,688,677,281,44,393,379,0
1725412,719,720,518,556,2783,-1854,-780,660,444,467,-556,438,420,0
1728737,720,722,518,312,6034,-482,-572,630,-689,21,-65,454,433,0
1732071,722,724,350,0,2810,621,-341,616,-486,159,408,447,437,0
1735413,724,725,968,406,-625,819,-637,570,254,-208,188,414,428,0
1738740,726,727,0,0,-897,1939,-664,521,-436,31,-100,450,423,0
1742075,727,729,556,0,-3639,3539,-784,462,-321,-276,-179,406,407,0
1745413,729,730,443,1362,-6915,3168,-207,432,-170,-265,373,412,347,0
1748743,730,732,631,950,-7344,1759,165,425,-286,-348,587,402,353,0
1752079,732,733,706,950,-7736,-10,1117,472,1000,-340,716,382,353,0
1755413,734,735,143,406,-2243,-986,1890,521,787,-304,350,412,382,0
1758763,735,736,1343,950,1826,-1326,2045,570,-38,193,129,394,399,0
1762081,737,738,650,1231,3247,-715,2583,613,-223,509,3,431,384,0
1765440,738,739,143,875,2612,501,1687,622,-460,269,-349,458,403,0
1768751,740,741,556,725,1136,429,802,577,892,-48,75,436,411,0
1772084,742,743,12,537,3225,1015,662,500,507,-54,58,449,421,0
1775441,744,744,0,537,4201,1143,320,403,-705,-283,110,456,421,0
1778753,745,746,837,312,975,883,-470,294,-34,-298,220,421,433,0
1782087,747,748,0,181,-958,255,-984,197,-459,-156,237,424,398,0
1785446,748,749,537,687,-2357,-1076,-1688,81,-544,-13,112,395,371,0
1788756,750,751,537,256,-5030,-1564,-1507,-21,447,-38,255,379,378,0
1792091,751,752,1212,275,-4453,-762,-1329,-110,507,163,693,343,377,0
1795446,752,754,1850,368,-1291,1080,-906,-159,464,125,1141,325,372,0
1798761,754,755,1737,0,2646,434,-494,-176,729,-283,1194,315,401,0
1802095,755,757,1700,387,5625,-792,-663,-184,-281,31,611,333,387,0
1805447,756,758,2262,1193,5663,-1023,453,-171,-600,127,500,361,386,0
1808763,758,760,1418,950,3387,-1537,705,-155,403,101,865,390,383,0
1812097,760,761,1175,725,3308,-2033,596,-108,608,50,-81,419,411,0
1815447,761,763,687,312,6366,-963,1005,-42,-89,-142,-616,445,433,0
1818766,763,765,500,237,5751,-699,530,17,-490,-296,-341,439,421,0
1822100,765,767,312,837,944,-293,510,65,322,61,213,449,405,0
1825475,767,768,0,143,1543,823,429,91,-414,206,-29,446,412,0
1828769,768,770,125,181,392,2418,899,136,-732,112,-29,429,394,0
1832103,770,771,0,668,-4136,2958,697,182,-579,-317,140,432,368,0
1835448,771,773,425,1118,-9426,1067,298,209,-602,-239,5,413,344,0
1838773,773,774,706,893,-11072,205,949,250,176,-20,212,382,356,0
1842107,774,776,1156,593,-10065,-530,1595,320,886,223,402,374,372,0
1845448,776,777,893,875,-3450,-626,1650,392,983,-92,457,388,373,0
1848776,777,779,1268,762,1027,-574,1727,470,78,-280,241,398,393,0
1852110,779,780,968,481,2061,-179,1861,535,-377,208,-83,414,424,0
1855448,781,782,575,612,778,580,1082,564,-419,-59,-431,435,417,0
1858779,782,784,350,537,-865,462,790,553,426,159,144,447,405,0
1862113,784,785,518,537,1595,1155,691,516,182,56,97,438,421,0
1865448,786,787,537,406,3604,633,186,458,69,-234,-13,437,428,0
1868782,788,788,12,856,1640,-239,-369,366,108,-153,405,449,404,0
1872116,789,790,0,0,201,-568,-1051,280,-77,-259,102,420,416,0
1875474,791,792,0,256,-2208,-1483,-1506,208,-707,-6,-38,408,378,0
1878785,792,793,387,293,-4624,-1430,-1173,151,198,301,220,387,376,0
1882119,794,795,1081,931,-3369,-234,-822,115,326,58,588,350,358,0
1885474,795,796,1943,462,515,1076,-66,127,500,-99,937,304,367,0
1888788,796,798,2112,350,4226,686,723,181,507,-125,1243,311,373,0
1892123,798,799,1681,387,7016,-7,434,247,-83,-119,939,334,371,0
1895474,799,801,1850,687,5686,-906,1083,328,-178,-153,329,367,397,0
1898791,801,802,1456,331,2414,-1569,838,396,417,320,417,388,432,0
1902127,802,804,1250,668,3375,-1937,1112,459,46,393,161,399,398,0
1905475,804,806,818,556,5945,-1260,1427,519,-261,116,-200,422,404,0
1908795,806,807,162,125,4834,141,1190,577,-518,-382,55,457,443,0
1912129,807,809,668,218,1290,805,598,581,-121,-245,-52,430,422,0
1915475,809,811,106,0,287,820,770,583,-156,59,-234,430,414,0
1918798,811,812,0,68,-377,2205,1194,602,-906,-43,-674,426,400,0
1922132,812,814,406,631,-3883,3170,1515,618,-423,-166,209,414,370,0
1925475,814,815,368,1306,-8376,1089,961,631,-194,-364,602,400,334,0
1928801,815,817,762,706,-9662,98,1220,654,258,-163,191,395,366,0
1932135,817,818,1043,518,-8761,-548,1755,695,418,-5,176,364,376,0
1935475,818,820,668,481,-3632,-609,2288,738,615,-23,403,400,378,0
1938804,820,821,950,743,10,-341,2254,787,316,-116,324,415,410,0
1942139,822,823,875,518,1783,88,2157,845,-61,-55,-111,419,406,0
1945475,823,824,500,1025,1156,816,1653,867,-278,-197,-471,439,395,0
1948807,825,826,518,556,-729,510,1227,856,427,-64,-262,438,420,0
1952142,827,828,0,425,1146,1175,1216,842,68,121,74,464,411,0
1955500,829,829,0,800,3895,971,848,815,-701,-24,-21,457,407,0
1958811,830,831,0,0,1546,305,32,758,170,-315,480,438,435,0
1962145,832,833,0,181,-26,-420,-754,700,140,-371,261,432,398,0
1965503,833,834,162,650,-1674,-1355,-965,645,-626,-98,-4,415,373,0
1968814,835,836,575,293,-4080,-1373,-766,600,-69,272,188,377,376,0
1972148,836,837,912,443,-3323,-82,-388,582,389,172,740,359,368,0
1975504,838,839,2000,537,834,1104,572,611,769,-262,982,301,363,0
1978817,839,840,1981,181,4461,289,1102,679,375,35,973,302,382,0
1982151,840,842,3125,2487,6205,-238,1051,758,-281,43,1147,347,365,0
1985509,842,843,2131,1400,4698,-1189,1453,841,-91,-329,576,400,423,0
1988820,843,845,2150,537,2996,-2174,982,897,378,-35,50,399,453,0
1992156,845,847,1437,556,4304,-2625,1599,949,217,273,-345,437,452,0
1995512,847,849,762,575,5344,-1933,1657,978,-24,39,-732,473,451,0
1998824,849,850,0,668,4554,-625,1258,1004,-635,-75,-370,499,446,0
2002158,851,852,968,106,1358,442,702,992,-249,8,-98,462,476,0
2005512,852,854,0,0,-629,1113,1025,998,-158,521,433,480,443,0
2008827,854,856,275,443,-1415,2596,1564,1012,-1117,60,-200,453,412,0
2012162,856,857,0,818,-4577,2477,1818,1024,-591,-316,179,455,392,0
2015513,858,859,687,1118,-9234,1200,1686,1040,20,-330,454,415,376,0
2018830,859,860,743,1137,-10240,-37,2252,1091,640,-87,303,412,375,0
2022164,861,862,950,987,-7751,-247,2639,1150,442,347,185,401,383,0
2025541,863,864,800,950,-1409,27,2494,1190,-30,167,88,439,415,0
2028833,864,865,1025,762,1594,-7,2631,1225,6,37,273,427,425,0
2032168,866,867,743,668,1728,736,2826,1284,-131,-1,208,442,430,0
2035513,868,869,387,293,648,1089,1420,1290,484,-420,-264,461,450,0
2038836,870,871,0,331,2281,967,1055,1268,813,-231,-67,478,432,0
2042171,871,872,556,500,5623,1066,1096,1231,-546,46,-119,452,439,0
2045515,873,874,406,481,3440,822,614,1179,-847,32,70,460,440,0
2048840,875,876,0,0,654,844,-546,1095,-622,-241,88,465,411,0
2052174,877,877,0,143,-2370,-193,-634,1023,-686,-27,-65,450,400,0
2055514,878,879,50,687,-4748,-957,-404,972,376,307,216,421,371,0
2058843,880,880,856,612,-3540,-795,-76,932,439,130,689,362,375,0
2062177,881,882,2056,1025,-360,-394,627,925,302,27,904,314,369,0
2065535,882,883,1756,575,4536,-789,973,955,651,-136,967,330,377,0
2068846,884,885,1700,350,7063,-1699,856,1005,-291,64,632,333,389,0
2072180,885,886,2056,837,6059,-1599,1334,1077,-65,24,148,356,405,0
2075538,887,888,1250,293,2326,-1024,1275,1141,-276,246,355,399,434,0
2078849,888,890,1006,762,2523,-1263,1708,1206,-55,389,-124,428,409,0
2082183,890,891,387,162,3828,-829,1877,1247,419,28,79,445,441,0
2085539,892,893,537,256,2935,550,1113,1247,-282,-281,84,437,436,0
2088853,894,895,462,443,-507,1719,624,1234,27,-143,-121,457,426,0
2092188,895,896,687,275,-1761,2784,755,1212,-208,-38,-44,429,435,0
2095539,897,898,237,593,-3728,3975,1356,1224,-620,-609,-278,423,388,0
2098856,899,899,143,1043,-7865,2468,1759,1229,-110,-178,543,428,364,0
2102190,900,901,518,1287,-8138,354,1906,1236,-114,-228,452,408,351,0
2105539,902,902,556,1193,-7837,-1567,2374,1271,915,-237,642,390,356,0
2108859,903,904,912,1118,-4034,-2637,3381,1355,270,108,397,387,360,0
2112194,905,905,200,518,859,-2226,4019,1449,326,305,-29,409,392,0
2115540,906,907,781,593,1831,-899,4237,1532,71,262,-178,424,418,0
2118862,908,908,1081,1137,1527,31,3274,1578,116,-96,-83,408,405,0
2122196,910,910,0,631,1820,251,2777,1612,193,-84,103,454,416,0
2125540,911,912,143,443,2331,472,2638,1624,290,-101,448,458,426,0
2128865,913,914,593,687,3649,416,2544,1621,-52,11,-118,434,413,0
2132199,915,915,331,50,6089,79,1813,1600,-938,-234,145,432,447,0
2135540,916,917,650,387,4009,-565,1291,1558,-150,0,240,431,429,0
2138869,918,919,87,0,1021,-1652,643,1489,-465,-39,139,403,419,0
2142203,920,920,537,87,-2293,-2516,599,1464,-752,138,-38,395,403,0
2145540,921,922,518,406,-4053,-1640,1000,1462,-281,501,150,380,370,0
2148872,923,923,800,406,-3170,868,628,1447,42,166,491,381,386,0
2152206,924,925,1306,218,-1694,3007,-341,1418,402,-71,659,338,380,0
2155561,925,926,2206,406,1484,1846,-674,1414,424,-32,840,306,386,0
2158875,926,928,1868,0,4303,306,-749,1410,-405,27,922,324,397,0
2162209,928,929,2112,856,5342,-1270,-74,1420,-750,-7,401,353,404,0
2165565,929,931,2075,818,1784,-2520,15,1423,-53,-184,46,371,406,0
2168878,931,933,781,931,386,-2751,-442,1390,584,283,-356,424,400,0
2172213,933,934,762,668,4941,-1187,-800,1334,-222,254,-837,441,414,0
2175566,934,936,368,106,4439,690,-443,1294,-924,331,100,462,444,0
2178882,936,938,837,293,546,1811,-707,1230,-722,-11,695,421,418,0
2182216,938,939,0,0,-3379,875,25,1191,-236,-743,268,449,430,0
2185566,939,941,0,0,-5135,1315,615,1157,-878,-904,-5,441,420,0
2188884,941,943,668,537,-9627,442,1185,1135,-968,-727,-51,400,391,0
2192219,943,944,181,162,-10212,-1219,2364,1174,-282,-83,526,410,395,0
2195566,944,946,893,0,-8578,-2178,3003,1249,41,-305,692,388,404,0
2198887,946,947,293,0,-5891,-2633,4064,1352,709,-126,691,404,416,0
2202222,947,949,781,0,-1537,-2637,3923,1432,-9,95,18,394,405,0
2205566,949,950,1568,1175,27,-1559,3834,1497,343,134,-150,382,387,0
2208891,950,952,1156,856,1136,-947,3626,1551,-534,136,-417,404,388,0
2212226,952,954,650,481,-1566,-991,2351,1550,182,-9,191,431,408,0
2215567,954,955,368,331,-824,-320,2556,1524,959,-249,344,446,432,0
2218895,956,957,68,312,2860,-893,2395,1474,41,-218,-271,462,417,0
2222228,957,958,368,1362,3961,-1981,2010,1404,358,-288,254,446,377,0
2225594,959,960,368,1643,5285,-1831,1017,1333,-844,-838,4,404,320,0
2228897,961,961,0,2937,3772,-1759,-371,1235,-439,-533,165,424,251,0
2232268,962,961,593,3800,3032,-1354,-1111,1118,-662,-523,253,392,213,0
2235587,963,962,218,0,2620,629,-2178,970,-731,-816,203,412,847,0
2238900,965,962,668,0,1119,2225,-3714,798,-835,-1131,263,372,834,0
2242259,966,962,1437,0,483,2507,-4945,603,-659,-764,578,347,839,0
2245604,967,963,2262,3800,717,2189,-4565,440,-60,-383,477,303,-10,0
2248903,968,963,3687,3800,2157,2926,-4511,280,-524,-192,148,285,21,0
2252274,970,964,2637,3800,1576,3218,-4732,101,-180,-260,422,341,56,0
2255593,971,964,2506,0,758,2878,-5423,-87,-655,-117,-142,348,847,0
2258907,972,964,1006,0,-1578,3111,-6092,-267,-145,-102,357,444,850,0
2262265,974,965,181,0,-3064,2789,-7331,-475,-341,-468,11,488,854,0
2265604,976,966,143,3800,-5248,2227,-8034,-702,32,-295,-10,474,221,0
2268910,978,967,462,3800,-7145,2384,-8109,-953,201,-287,-30,457,282,0
2272281,979,968,218,3800,-7083,2656,-7745,-1196,-272,-63,-241,440,332,0
2275592,981,969,0,0,-6232,2370,-8266,-1440,762,109,550,453,870,0
2278913,983,971,1062,0,-2556,1590,-8836,-1692,6,-32,369,395,874,0
2282272,984,973,2075,2225,287,490,-9729,-1982,1158,-241,852,341,509,0
2285592,985,975,2300,2318,3997,-164,-10603,-2291,118,-264,380,329,488,0
2288917,986,977,2956,2037,4135,-703,-10445,-2618,-87,-102,591,310,503,0
2292302,988,979,3106,2000,3784,-1484,-10383,-2962,1341,374,377,332,535,0
2295593,989,981,2525,1156,7338,-1734,-10304,-3321,1215,-158,-21,363,564,0
2298920,991,983,1943,1043,12412,-2902,-9332,-3686,-336,-374,-215,394,570,0
2302279,992,985,1550,1925,13211,-4826,-9195,-4068,-2048,234,-535,431,523,0
2305593,994,988,837,1718,7320,-4906,-8433,-4458,-618,48,409,453,502,0
2308923,996,989,200,3443,822,-5322,-7054,-4801,-1071,3,1312,487,426,0
2312292,998,991,950,3800,-7523,-9350,-7032,-5141,-363,89,552,447,358,0
2315614,1000,992,0,0,-9677,-11808,-5563,-5428,-113,691,329,459,867,0
2318926,1001,993,1062,3800,-8353,-9685,-4625,-5646,-498,769,35,383,338,0
2322283,1003,994,500,3537,-11469,-5884,-4226,-5858,-1093,46,-515,413,395,0
2325618,1004,996,706,1493,-18079,-6613,-4830,-6084,861,625,-105,402,488,0
2328929,1006,998,1118,1925,-19749,-7519,-3921,-6269,1477,608,981,396,465,0
2332283,1007,1000,1981,1175,-10247,-3445,-2486,-6378,-785,908,760,334,489,0
2335618,1008,1002,2412,875,-11456,1779,-3266,-6469,58,708,646,327,505,0
2338932,1010,1004,3668,2075,-6785,4339,-4368,-6571,1017,-251,500,302,467,0
2342284,1011,1006,3481,1606,2025,3385,-3582,-6615,-874,563,5,312,492,0
2345618,1012,1008,3725,1531,-376,4948,-4068,-6626,-231,511,565,315,496,0
2348936,1013,1010,0,256,1426,5306,-4231,-6603,-375,-182,401,761,548,0
2352284,1014,1012,0,200,2900,3860,-3528,-6571,-105,134,525,849,551,0
2355618,1015,1014,0,387,2581,3444,-3418,-6537,207,276,340,849,541,0
2358939,1017,1016,3800,856,1379,4355,-4248,-6522,121,568,359,327,500,0
2362284,1018,1018,3106,518,2060,5436,-4345,-6488,-58,749,64,350,488,0
2365619,1020,1020,987,443,1932,5719,-3842,-6418,-273,251,45,447,476,0
2368942,1021,1022,1418,912,2371,8082,-3810,-6308,-1378,-233,-833,440,451,0
2372285,1023,1024,837,368,-2541,11256,-3335,-6161,-75,-244,-717,455,464,0
2375619,1025,1025,650,762,-2657,9634,-262,-5915,-370,-575,-404,465,459,0
2378945,1027,1027,162,350,3240,5311,-691,-5695,-1094,176,-64,475,465,0
2382284,1029,1029,1268,1212,348,3538,-2165,-5504,642,255,-137,446,449,0
2385619,1030,1031,1137,968,898,4999,-1690,-5281,297,36,-276,469,462,0
2388949,1032,1033,1175,312,3725,6282,367,-4966,57,-67,168,451,481,0
2392306,1034,1035,1100,687,1362,6835,218,-4627,457,-301,81,455,461,0
2395641,1036,1037,650,612,1450,6680,127,-4297,1243,-339,-24,479,465,0
2398952,1038,1038,537,950,7101,5504,-480,-3988,521,-360,158,485,447,0
2402309,1040,1040,912,462,9910,5224,-1040,-3698,925,-98,384,449,473,0
2405644,1041,1042,0,0,10451,5300,-2008,-3469,653,-101,20,471,462,0
2408955,1043,1044,68,0,14697,6220,-2473,-3259,-890,-196,-384,452,468,0
2412310,1045,1046,0,0,11844,6506,-3459,-3104,-831,223,-361,449,474,0
2415645,1047,1048,0,0,7559,6058,-3915,-3006,-350,48,-14,466,436,0
2418958,1048,1049,462,162,5631,5663,-4677,-2932,430,-80,233,415,415,0
2422310,1050,1051,762,650,7070,4979,-5164,-2920,-278,-572,151,399,389,0
2425645,1052,1052,556,1400,5970,2072,-3746,-2892,65,-1009,710,394,349,0
2428961,1053,1054,2900,1868,4575,-2592,-1427,-2805,-281,-720,605,375,414,0
2432310,1055,1056,1662,2018,6440,-7134,-780,-2678,-1063,-73,53,441,406,0
2435644,1056,1057,1025,1643,4843,-8061,-240,-2563,-535,65,-327,475,426,0
2438964,1058,1059,912,1681,78,-6953,-1633,-2536,-159,-33,-254,481,424,0
2442310,1060,1061,518,1362,-5415,-6987,-1570,-2483,385,-292,518,502,441,0
2445645,1062,1062,237,818,-5297,-8316,-1438,-2392,608,-137,213,501,470,0
2448968,1064,1064,0,462,-3522,-8860,-139,-2284,-193,-1,16,497,459,0
2452311,1066,1066,68,0,-5329,-9680,55,-2155,-151,-204,-98,464,474,0
2455646,1068,1068,125,0,-7836,-11298,-563,-2041,765,-226,-21,461,471,0
2458971,1070,1070,0,143,-7084,-12009,-967,-1961,-203,-62,88,458,444,0
2462311,1071,1072,706,1062,-6378,-11214,-55,-1856,-454,293,313,430,395,0
2465647,1073,1073,781,1625,-7910,-10296,124,-1719,-417,919,75,410,365,0
2468974,1075,1075,1437,2112,-9951,-8251,-759,-1607,325,831,994,391,355,0
2472332,1076,1076,2300,2093,-9096,-5684,-1447,-1532,566,928,1568,375,386,0
2475666,1077,1077,2843,2693,-5828,-5001,-2862,-1502,990,997,1842,346,354,0
2478978,1079,1079,2750,2206,-219,-4688,-3601,-1511,196,597,1135,351,380,0
2482336,1080,1080,2787,2468,4169,-1698,-3511,-1612,-433,896,879,365,382,0
2485669,1081,1082,2112,1531,3353,130,-4818,-1741,-970,152,472,401,416,0
2488980,1083,1083,1362,1606,1785,2216,-6025,-1862,-543,391,-212,441,428,0
2492363,1085,1085,0,650,-776,4441,-6776,-2021,321,-333,-77,474,437,0
2495669,1087,1087,143,68,-1556,4023,-6571,-2238,-32,168,-137,448,452,0
2498984,1089,1089,0,293,-1452,3023,-6923,-2461,283,-225,-631,447,440,0
2502336,1090,1090,331,1043,-2609,2663,-7345,-2694,168,295,296,438,400,0
2505670,1092,1092,443,1550,-2048,5216,-7388,-2910,306,71,359,416,357,0
2508987,1093,1093,1400,837,-44,4168,-8425,-3141,219,-378,-239,365,395,0
2512336,1095,1095,1043,218,862,1772,-6966,-3296,-1193,879,-545,384,428,0
2515700,1096,1097,1493,968,-4161,4525,-9129,-3504,409,-298,-63,418,430,0
2518990,1098,1098,781,706,-3546,4495,-8871,-3673,789,-136,500,440,444,0
2522337,1100,1100,500,837,-1641,3178,-9067,-3834,-383,-213,225,455,437,0
2525670,1102,1102,312,518,-4892,3013,-8481,-3953,-1067,-231,-319,465,454,0
2528993,1103,1104,987,837,-9221,2085,-7638,-4030,-52,-102,-70,429,421,0
2532337,1105,1105,743,912,-9163,2126,-7283,-4141,187,224,42,442,433,0
2535670,1107,1107,443,350,-7269,3135,-6776,-4308,6,258,-518,458,463,0
2538997,1109,1109,0,0,-7509,5503,-6078,-4473,-30,398,-454,469,442,0
2542337,1110,1111,0,0,-9040,5694,-6137,-4658,945,-420,70,461,465,0
2545671,1112,1113,481,0,-5427,3949,-6254,-4802,943,-292,469,410,435,0
2549000,1114,1114,1943,0,-1246,2188,-5795,-4934,361,17,550,332,424,0
2552337,1115,1116,2168,0,2979,2163,-5697,-5067,705,247,472,320,421,0
2555671,1116,1117,2693,837,7465,2117,-5278,-5228,155,-33,533,308,391,0
2559003,1117,1119,2450,200,11204,1224,-5351,-5397,-57,-79,80,321,409,0
2562358,1119,1121,1737,818,11529,547,-5168,-5541,-117,-231,-457,389,406,0
2565695,1120,1122,1118,968,9877,585,-4201,-5642,484,-304,-36,438,414,0
2569006,1122,1124,406,725,12634,-486,-4965,-5795,284,110,-25,460,411,0
2572363,1124,1126,293,237,13560,-1467,-6081,-5989,412,-269,527,466,437,0
2575698,1126,1128,537,162,15874,-2431,-6545,-6170,268,-114,497,453,441,0
2579009,1128,1129,650,143,17270,-3297,-6228,-6319,-1772,-295,543,447,442,0
2582362,1129,1131,0,200,6858,-5071,-6383,-6429,-849,-432,292,453,397,0
2585703,1131,1132,0,1868,-951,-6848,-5680,-6494,-1249,114,140,427,308,0
2589012,1133,1133,500,2337,-7729,-8291,-4442,-6523,-280,406,52,413,299,0
2592363,1134,1135,500,2018,-9746,-7753,-5292,-6538,444,139,68,397,300,0
2595704,1136,1136,350,2093,-10409,-7588,-6177,-6543,-675,170,40,405,312,0
2599016,1137,1137,650,2056,-12390,-8483,-6509,-6535,-88,-313,27,389,314,0
2602363,1138,1138,1643,2281,-13303,-9559,-5421,-6499,981,991,733,352,318,0
2605704,1140,1140,2356,2262,-9530,-7047,-5539,-6455,305,869,718,340,345,0
2609019,1141,1141,2675,1587,-7889,-2308,-4994,-6382,931,372,881,339,397,0
2612363,1142,1143,2825,668,-2889,505,-5599,-6326,1185,812,564,347,446,0
2615704,1144,1144,1850,706,1718,3862,-4260,-6196,-198,447,657,383,444,0
2619023,1145,1146,1925,743,-733,6512,-2750,-6064,-338,107,283,395,442,0
2622363,1147,1148,1400,743,-1539,5952,-2424,-5855,431,161,5,423,442,0
2625705,1149,1150,687,425,1271,5072,-2489,-5655,331,26,-327,445,443,0
2629026,1151,1151,0,0,5594,5433,-3052,-5467,-992,-251,-539,468,463,0
2632363,1152,1153,575,0,4230,6041,-3523,-5312,119,475,-154,421,440,0
2635705,1154,1155,893,181,1672,6956,-1942,-5134,634,-187,87,404,426,0
2639028,1155,1157,1006,200,1821,7852,-999,-4938,3,-613,-178,398,425,0
2642385,1157,1158,818,387,773,6387,-1003,-4758,-216,74,-53,408,415,0
2645706,1159,1160,500,50,1614,5590,-1027,-4600,30,-334,-124,409,417,0
2649032,1160,1162,1325,1587,3726,4398,137,-4404,-238,-376,356,411,381,0
2652389,1162,1163,1268,1325,2783,2643,-277,-4217,-1,-280,575,414,395,0
2655706,1164,1165,743,743,1241,397,-332,-4046,1038,45,328,426,410,0
2659035,1165,1166,931,500,1937,310,29,-3867,779,443,-32,432,439,0
2662389,1167,1168,706,312,5990,1251,352,-3691,128,-380,113,444,449,0
2665706,1169,1170,368,293,8257,1966,-443,-3538,-1098,278,-280,446,434,0
2669038,1171,1172,0,612,6038,2183,-1167,-3413,-687,475,-286,472,433,0
2672389,1173,1173,0,0,4469,3275,-2041,-3345,-392,-109,96,459,423,0
2675731,1174,1175,0,875,1047,2273,-2603,-3272,-188,-367,138,431,361,0
2679041,1176,1176,0,1906,-3258,-1310,-2399,-3156,-652,-289,338,412,306,0
2682389,1177,1177,1306,2431,-5096,-3383,-1960,-3013,-172,-405,611,354,294,0
2685731,1178,1178,2262,2037,-4238,-6017,-2090,-2884,-315,-93,548,303,315,0
2689044,1180,1180,1850,1531,-3918,-10025,-1901,-2744,-346,-108,600,309,326,0
2692389,1181,1181,1775,1381,-4826,-12399,-1484,-2613,-719,82,-49,329,350,0
2695732,1182,1182,1718,2150,-6910,-13905,-691,-2495,-473,268,-27,390,367,0
2699048,1184,1184,1081,1737,-9149,-12855,-435,-2344,1152,1116,556,408,373,0
2702390,1186,1185,593,1268,-4095,-7607,-519,-2167,663,625,260,434,414,0
2705732,1187,1187,1456,218,-826,-3834,-898,-1992,475,272,713,404,470,0
2709051,1189,1189,1193,518,2138,-1802,417,-1809,-364,137,344,402,438,0
2712390,1191,1191,781,931,1998,-715,1553,-1587,-273,391,244,424,416,0
2715760,1192,1192,425,1118,147,-256,2211,-1362,-83,224,299,429,392,0
2719055,1194,1194,0,462,-3589,442,2267,-1116,964,124,488,442,411,0
2722411,1196,1196,143,181,816,594,1370,-941,318,531,24,428,426,0
2725733,1197,1197,856,368,9002,3812,2624,-773,-901,-207,-818,390,416,0
2729058,1199,1199,256,312,2507,5056,2985,-604,-559,-289,25,406,403,0
2732415,1200,1201,668,556,-409,4241,3253,-424,254,272,-94,400,390,0
2735733,1202,1202,968,1025,-487,4094,3342,-224,-188,184,99,384,381,0
2739060,1203,1204,1418,1812,-1227,5381,4433,23,-386,-70,353,390,369,0
2742415,1205,1205,1100,1081,-2283,4960,4719,231,678,-155,-42,407,408,0
2745733,1207,1207,143,518,-130,4215,4878,415,338,-315,-334,458,438,0
2749064,1208,1209,893,425,3987,3529,4512,587,712,333,83,418,443,0
2752415,1210,1210,968,331,6324,3750,3968,744,485,-221,354,414,448,0
2755757,1212,1212,350,50,8160,3180,3284,842,536,-24,-7,447,463,0
2759067,1213,1214,725,200,9221,3631,3258,952,-1501,256,-199,427,439,0
2762415,1215,1216,0,0,2804,4581,2036,1026,-900,144,220,436,414,0
2765758,1217,1217,0,725,-1618,5042,990,1056,-31,-92,-212,430,369,0
2769070,1218,1218,12,1625,-3064,3830,897,1073,-816,-497,136,407,321,0
2772416,1220,1220,1062,1793,-6134,602,978,1118,-246,-671,699,351,312,0
2775761,1221,1221,2093,1756,-7117,-2555,125,1158,680,-833,745,296,314,0
2779073,1222,1222,2600,1212,-4850,-8001,-32,1221,43,-398,626,285,359,0
2782446,1223,1224,3443,1606,-3410,-11841,531,1319,480,347,910,298,380,0
2785761,1225,1225,1100,1118,888,-11485,1683,1447,-642,488,349,407,406,0
2789076,1226,1227,2468,1212,3326,-9036,2908,1599,484,637,278,350,401,0
2792416,1228,1228,1100,1268,3551,-5647,2707,1749,420,75,430,423,414,0
2795762,1229,1230,893,256,3503,-2817,2518,1887,-201,127,328,434,452,0
2799080,1231,1232,968,668,5454,-2901,3253,2035,-383,-79,31,430,430,0
2802438,1233,1234,800,1100,4476,-3175,3950,2180,-712,398,147,439,407,0
2805763,1234,1235,0,950,-25,-2232,3726,2310,325,342,175,462,385,0
2809083,1236,1237,68,0,591,-1467,1838,2383,195,451,-333,432,422,0
2812440,1238,1239,293,0,2705,1263,2130,2478,53,96,-134,420,422,0
2815762,1239,1240,387,256,438,3584,2981,2558,-95,-383,53,415,406,0
2819086,1241,1242,781,312,-2807,3660,2910,2601,-492,-55,125,394,403,0
2822439,1243,1244,800,537,-3656,3506,2581,2612,-437,356,222,393,391,0
2825763,1244,1245,725,481,-4136,4551,2580,2622,389,-80,206,397,394,0
2829090,1246,1246,837,1493,-3986,4897,3222,2680,542,-326,29,421,386,0
2832440,1247,1248,893,1006,-3022,3866,3081,2694,519,-199,256,434,412,0
2835762,1249,1250,687,537,-2438,3483,3216,2701,-106,25,8,429,421,0
2839092,1251,1252,312,631,256,3218,3538,2710,-460,397,-29,449,432,0
2842440,1253,1253,425,781,1504,3725,2927,2697,124,254,134,443,424,0
2845763,1254,1255,631,162,2668,4047,2182,2627,476,209,84,432,441,0
2849095,1256,1257,0,0,5106,5567,1428,2524,322,-58,-231,456,434,0
2852441,1258,1259,0,0,5214,6510,790,2396,-20,-258,-81,444,404,0
2855765,1259,1260,237,0,3248,6753,263,2263,-581,171,-65,411,424,0
2859099,1261,1262,0,68,1645,5762,-465,2125,-659,-48,-43,413,388,0
2862440,1262,1263,1006,1362,-32,4088,-344,2012,-541,-66,244,370,335,0
2865767,1264,1264,1512,1250,-1840,2197,-121,1906,365,-256,403,343,341,0
2869102,1265,1266,1943,1493,-155,-1179,807,1868,306,-276,842,304,312,0
2872440,1266,1267,3800,3106,2618,-4411,864,1864,121,-130,852,311,332,0
2875771,1267,1269,3631,1756,2838,-7054,405,1848,-676,-329,320,336,404,0
2879105,1269,1270,631,1362,-476,-9998,1678,1870,-683,198,223,480,425,0
2882440,1270,1272,1775,912,-2857,-11041,1534,1914,73,480,329,435,449,0
2885774,1272,1274,893,762,-2607,-10004,1549,1964,34,759,187,482,457,0
2889108,1274,1276,556,725,-738,-6194,2156,2014,200,152,455,484,443,0
2892466,1276,1278,443,425,-1414,-5493,1882,2021,-344,387,786,490,459,0
2895777,1278,1279,0,218,-3087,-4633,1929,1990,-327,93,503,494,440,0
2899111,1280,1281,237,668,-6072,-980,847,1932,886,-438,480,471,416,0
2902469,1281,1283,556,500,-4684,1442,1435,1898,831,70,231,454,425,0
2905780,1283,1284,1175,631,-4,3927,1103,1831,-70,269,312,405,418,0
2909115,1285,1286,1231,500,336,6351,985,1738,-207,401,114,402,409,0
2912474,1286,1288,1343,575,-1,7989,713,1644,361,326,767,396,405,0
2915792,1288,1289,1793,1925,2809,8753,618,1606,-673,-226,538,402,379,0
2919118,1289,1291,1493,2225,1371,6383,138,1544,-698,-490,178,418,363,0
2922474,1291,1292,1231,1362,-3403,2296,1023,1482,-174,-520,-41,432,409,0
2925787,1293,1294,1081,1100,-5421,43,2020,1455,1195,407,-51,440,423,0
2929121,1295,1296,350,1006,3742,1363,789,1399,-36,701,-197,463,428,0
2932475,1297,1297,50,312,5375,2655,149,1323,495,-39,588,479,465,0
2935790,1298,1299,1081,593,5998,2344,-526,1206,255,35,225,440,450,0
2939125,1300,1301,0,0,6969,2495,-964,1079,-561,264,-97,449,463,0
2942476,1302,1303,0,0,3542,3120,-1774,923,287,-378,-184,456,446,0
2945793,1304,1304,0,68,1095,3017,-2320,740,-17,-344,183,451,420,0
2949127,1305,1306,462,1118,-739,1198,-1843,591,-129,55,20,399,348,0
2952476,1307,1307,743,1662,-1140,119,-1803,467,-3,-119,161,384,335,0
2955796,1308,1309,1362,950,-5,-1480,-1030,390,465,-222,549,351,357,0
2959131,1309,1310,2093,875,1835,-4578,-1049,332,-53,-261,450,328,377,0
2962476,1311,1312,1756,1231,1670,-6195,-294,315,-846,277,-82,388,400,0
2965800,1313,1313,725,1081,-1109,-6411,419,342,-765,245,62,443,408,0
2969134,1314,1315,800,725,-3876,-5707,-310,344,-211,90,68,439,427,0
2972476,1316,1317,687,293,-3596,-5773,171,353,581,-109,139,445,450,0
2975803,1318,1319,0,518,-3261,-5934,581,346,646,-330,37,469,422,0
2979137,1319,1320,856,575,-3222,-5748,1162,355,-526,-28,-85,436,435,0
2982504,1321,1322,87,0,-2871,-5656,1227,381,-620,56,-75,447,449,0
2985806,1323,1324,0,162,-5162,-4012,1496,375,159,340,519,438,411,0
2989140,1324,1325,650,0,-4537,-742,1546,375,749,357,755,401,428,0
2992477,1326,1327,1193,406,205,1992,1793,383,-19,394,626,372,398,0
2995809,1327,1328,950,762,2574,5294,2185,384,63,289,499,385,379,0
2999144,1329,1330,1006,1268,3216,7398,2073,390,-218,416,367,382,352,0
