Time, Rlegs, Llegs, DCL, DCR, GyroX, GyroY, GyroZ, GyroZAvg, AccelX, AccelY, AccelZ, LBEMF, RBEMF, SteerOut
3275,658,674,0,0,200,-136,-151,-150,-8,3,227,57,58,0
6610,658,674,0,0,200,-134,-151,-150,-10,2,223,57,58,0
9944,658,674,0,0,202,-139,-154,-150,-11,3,224,57,58,0
13278,658,674,0,0,202,-139,-151,-150,-10,3,227,57,58,0
16632,658,674,0,0,200,-137,-149,-150,-10,4,224,57,58,0
19947,658,674,0,0,201,-136,-148,-150,-9,3,224,57,58,0
23281,658,674,0,0,201,-139,-149,-150,-13,0,228,57,58,0
26635,658,674,0,0,200,-134,-151,-150,-9,1,225,56,58,0
29950,658,674,0,0,199,-134,-150,-150,-9,1,228,57,58,0
33284,658,674,0,0,199,-134,-151,-150,-10,3,225,57,58,0
36636,658,674,0,0,201,-135,-149,-150,-13,0,226,56,58,0
39953,658,674,0,0,202,-137,-151,-150,-11,2,226,57,58,0
43287,658,674,0,0,201,-138,-151,-150,-12,4,222,57,58,0
46636,658,674,0,0,201,-137,-150,-150,-10,1,223,57,58,0
49956,658,674,0,0,203,-137,-150,-150,-11,4,225,57,58,0
53291,658,674,0,0,202,-137,-150,-150,-12,3,226,57,58,0
56636,658,674,0,0,202,-139,-152,-151,-12,2,223,57,58,0
59959,658,674,0,0,201,-136,-150,-150,-10,2,221,57,58,0
63294,658,674,0,0,199,-137,-151,-150,-12,0,226,57,58,0
66636,658,674,0,0,200,-136,-152,-150,-13,2,225,56,58,0
69963,658,674,0,0,199,-136,-152,-150,-11,1,226,57,58,0
73297,658,674,0,0,198,-136,-152,-150,-9,4,223,56,58,0
76636,658,674,0,0,200,-137,-151,-150,-13,0,223,57,58,0
79967,658,674,0,0,197,-137,-151,-150,-9,3,224,57,58,0
83300,658,674,0,0,199,-136,-153,-150,-9,3,224,57,58,0
86637,658,674,0,0,195,-134,-152,-150,-14,5,223,57,58,0
89969,658,674,0,0,196,-135,-152,-150,-11,1,226,57,58,0
93304,658,674,0,0,200,-136,-153,-150,-11,3,225,57,58,0
96658,658,674,0,0,200,-137,-154,-151,-10,2,222,57,58,0
99972,658,674,0,0,199,-137,-151,-151,-8,1,218,57,58,0
103307,0,0,0,0,200,-136,-152,-151,-10,3,227,57,57,0
106661,0,0,0,0,199,-138,-153,-151,-8,-1,223,57,58,0
109976,0,0,0,0,199,-136,-153,-151,-10,1,220,57,58,0
113310,0,0,0,0,199,-136,-152,-151,-9,-1,223,57,58,0
116661,0,0,0,0,203,-136,-151,-151,-9,2,228,57,57,0
119979,0,0,0,0,202,-133,-150,-151,-15,2,224,57,58,0
123314,0,0,0,0,202,-138,-148,-151,-13,1,227,57,58,0
126662,0,0,0,0,204,-139,-147,-151,-13,2,226,57,58,0
129982,0,0,0,0,199,-137,-148,-151,-11,1,225,57,58,0
133316,0,0,0,0,203,-136,-149,-150,-13,2,224,57,58,0
136662,0,0,0,0,201,-135,-150,-150,-13,3,229,57,58,0
139985,0,0,0,0,202,-137,-148,-150,-11,3,223,57,58,0
143319,0,0,0,0,202,-135,-151,-150,-10,2,227,57,58,0
146662,0,0,0,0,198,-136,-150,-150,-8,1,230,57,58,0
149988,0,0,0,0,201,-136,-149,-150,-10,1,219,57,58,0
153323,0,0,0,0,201,-137,-149,-150,-11,4,225,57,58,0
156663,0,0,0,0,200,-136,-150,-150,-11,1,231,57,58,0
159991,0,0,0,0,199,-137,-153,-150,-11,3,229,57,58,0
163326,0,0,0,0,197,-134,-151,-150,-12,1,223,57,58,0
166662,0,0,0,0,197,-137,-151,-150,-8,3,225,57,58,0
169995,0,0,0,0,201,-136,-152,-150,-11,2,225,57,58,0
173350,0,0,0,0,200,-138,-152,-150,-13,4,219,57,58,0
176684,0,0,0,0,202,-137,-152,-150,-11,4,224,57,57,0
179998,0,0,0,0,199,-139,-154,-151,-10,0,225,57,58,0
183353,0,0,0,0,199,-136,-154,-151,-14,2,224,57,58,0
186687,0,0,0,0,198,-136,-155,-151,-8,2,223,57,58,0
190001,0,0,0,0,200,-136,-152,-151,-11,1,225,57,58,0
193356,0,0,0,0,197,-137,-150,-151,-12,3,224,57,58,0
196688,0,0,0,0,200,-135,-149,-151,-12,2,223,57,58,0
200005,0,0,0,0,199,-133,-150,-150,-13,6,222,57,58,0
203363,0,0,2656,2656,200,-136,-152,-150,-9,0,227,0,0,0
206691,0,0,50,181,199,-142,-144,-150,-36,35,213,139,132,0
210007,1,1,68,331,-101,-381,-85,-148,-76,0,245,138,124,0
213366,1,1,368,687,-395,-604,-76,-146,-17,8,271,138,121,0
216691,1,1,575,893,-561,-885,216,-134,-97,36,270,143,126,0
220011,2,1,0,743,-988,-1179,330,-119,-119,47,226,159,134,0
223369,2,2,481,706,-1258,-1285,503,-99,-51,82,271,148,136,0
226691,2,2,631,1043,-1350,-1211,749,-71,-32,155,320,156,134,0
230014,3,2,0,743,-1129,-1002,880,-38,-24,199,299,176,150,0
233372,3,3,518,612,-697,-494,926,-5,-73,210,227,162,157,0
236692,4,3,256,743,-178,523,946,28,-202,159,218,176,166,0
240017,4,4,743,912,-529,1173,996,64,-185,20,311,166,157,0
243374,5,4,237,931,-1062,870,1163,105,-136,-21,338,177,156,0
246691,5,5,781,818,-1517,159,1424,154,177,65,302,164,162,0
250020,6,5,556,762,-673,-484,1436,204,305,90,239,176,181,0
253379,6,6,687,162,1376,-175,1575,258,162,5,80,173,201,0
256692,7,6,106,87,2699,60,1794,318,-46,23,154,188,205,0
260023,7,7,668,406,2672,-450,1766,378,-128,71,124,174,188,0
263379,8,7,350,631,2135,-801,1804,439,-3,145,166,191,192,0
266713,8,8,612,293,2381,-299,2128,511,61,65,193,177,194,0
270026,9,9,256,612,2991,-293,2166,583,87,21,219,196,193,0
273383,9,9,762,425,3036,-717,2099,653,90,157,147,185,203,0
276717,10,10,312,256,3277,-683,2018,721,52,80,93,193,196,0
280030,10,10,856,162,3647,-259,2111,792,-86,96,55,180,217,0
283383,11,11,387,293,2769,71,2053,861,-199,17,65,205,210,0
286717,12,12,125,162,1355,286,1807,922,-79,95,66,203,201,0
290033,12,12,425,500,140,439,1491,974,93,-19,165,203,199,0
293383,13,13,331,350,444,416,1249,1017,152,61,171,208,207,0
296717,13,13,518,218,1252,-15,1074,1056,134,-6,184,198,214,0
300037,14,14,537,387,1604,-336,876,1088,-168,44,203,197,205,0
303383,14,15,1081,800,608,-442,498,1108,-67,-51,251,196,195,0
306718,15,15,387,293,64,-537,-104,1109,21,38,241,217,222,0
310039,16,16,368,462,-114,-478,-743,1091,-101,38,245,218,213,0
313384,16,17,893,481,-962,-326,-1216,1057,-20,79,320,206,212,0
316718,17,17,612,687,-1938,-98,-1840,1003,41,98,302,221,217,0
320042,18,18,50,481,-2045,-138,-2379,931,-19,61,353,235,212,0
323384,18,19,481,406,-2239,-117,-2897,833,-51,55,367,228,216,0
326718,19,19,368,556,-2826,-135,-3360,718,0,86,272,234,224,0
330046,20,20,143,350,-3343,-152,-3686,587,2,42,285,230,219,0
333384,21,21,0,406,-3690,120,-3897,442,-42,21,273,253,216,0
336718,21,21,143,537,-3840,533,-4280,281,-242,29,124,246,225,0
340049,22,22,87,631,-4595,538,-4221,120,80,35,222,249,220,0
343405,23,23,0,331,-4150,980,-4126,-38,114,57,369,240,220,0
346739,24,23,0,575,-2811,1954,-3660,-183,71,76,142,256,223,0
350052,24,24,200,687,-2727,2765,-3427,-327,132,-22,405,243,217,0
353409,25,25,68,537,-2043,3199,-2759,-457,131,-148,466,240,215,0
356743,26,25,0,443,-171,2705,-1832,-559,322,-101,446,236,220,0
360055,27,26,256,425,1677,2141,-1522,-656,353,-186,280,214,221,0
363409,27,27,856,350,3872,1674,-1062,-745,101,-97,174,198,225,0
366744,28,27,312,68,4848,660,-529,-817,15,-185,119,211,240,0
370059,28,28,631,87,5231,-482,-74,-876,203,-179,388,210,239,0
373409,29,29,518,425,5457,-1470,1,-942,-95,-5,147,216,221,0
376744,30,30,68,0,4727,-1872,251,-1002,88,60,24,224,235,0
380062,30,30,593,0,4780,-1492,171,-1062,28,50,63,212,244,0
383409,31,31,725,181,5051,-1341,454,-1111,93,119,95,205,234,0
386744,32,32,275,0,5634,-1480,801,-1152,-93,10,62,213,235,0
390065,32,33,650,162,4745,-1386,673,-1195,-220,24,65,209,235,0
393410,33,33,462,350,3258,-1199,606,-1233,-100,42,69,219,225,0
396744,34,34,0,181,2280,-1017,411,-1267,-62,-124,93,229,218,0
400068,35,35,612,106,2081,-1313,197,-1300,-157,-22,118,211,222,0
403410,35,35,743,406,859,-1229,-2,-1333,-211,129,103,214,232,0
406745,36,36,500,350,-516,28,-1008,-1392,123,183,209,227,235,0
410072,37,37,687,106,-146,690,-1409,-1452,53,198,202,217,232,0
413410,37,37,725,200,546,1420,-1721,-1502,-189,39,284,215,243,0
416745,38,38,518,200,312,1758,-2026,-1542,-561,-271,198,226,243,0
420075,39,39,256,68,-1707,488,-2280,-1576,-315,-277,310,224,234,0
423431,39,40,350,200,-3282,-1095,-2099,-1584,-444,-79,169,235,227,0
426767,40,40,312,387,-5808,-1905,-1445,-1554,-194,-25,214,237,233,0
430078,41,41,31,518,-6213,-2263,-1306,-1505,276,-175,430,252,226,0
433435,42,42,425,331,-4185,-2618,-740,-1423,156,191,242,231,236,0
436768,42,43,443,87,-3037,-1472,-556,-1325,-9,152,355,230,233,0
440081,43,43,50,593,-2865,-283,-524,-1220,156,-3,415,251,222,0
443435,44,44,443,687,-2155,183,121,-1082,-202,-36,314,230,217,0
446768,44,45,593,668,-2516,295,728,-927,-171,-218,335,222,202,0
450084,45,45,312,781,-3068,-106,1457,-753,-95,-153,276,237,212,0
453435,46,46,87,575,-3181,-899,2029,-575,94,-58,301,237,211,0
456769,47,47,200,293,-1719,-988,2482,-391,342,34,341,215,210,0
460087,47,47,575,425,397,-373,2575,-224,190,29,241,211,219,0
463437,48,48,575,462,1884,303,2621,-85,-177,-90,91,211,217,0
466768,48,49,725,387,1306,242,2732,47,-98,32,290,203,205,0
470091,49,49,350,687,900,-54,2807,168,29,21,232,223,205,0
473436,50,50,425,481,1234,-114,2931,276,260,-208,99,219,216,0
476769,50,51,462,0,2946,38,3291,381,202,-73,183,217,233,0
480094,51,51,293,68,4156,-172,3443,489,102,129,94,226,238,0
483436,52,52,218,331,4752,-477,3518,591,-99,-11,30,230,224,0
486769,52,53,500,87,4216,-426,3202,686,58,40,124,215,221,0
490098,53,53,556,125,4363,-222,3044,767,39,-29,63,212,235,0
493437,54,54,350,125,4305,-277,2893,832,-147,30,72,223,235,0
496770,54,55,350,87,2808,13,2606,893,-206,27,156,223,221,0
500101,55,55,218,331,1454,167,2312,946,-24,30,154,230,224,0
503458,56,56,350,743,848,157,1802,989,-49,-71,210,235,214,0
506770,57,57,462,518,495,163,1011,1015,-57,-98,249,229,226,0
510104,57,58,537,162,87,-100,760,1039,-2,-1,269,225,229,0
513461,58,58,537,462,-179,-302,448,1084,42,-54,243,225,229,0
516794,59,59,218,631,-449,-394,-244,1121,-95,-54,258,242,220,0
520107,59,60,293,312,-1381,-830,-538,1157,-157,-45,213,238,221,0
523461,60,60,537,556,-2577,-1210,-947,1191,-89,-3,248,225,224,0
526797,61,61,181,631,-3622,-960,-1660,1211,166,99,311,244,220,0
530110,62,62,181,631,-3257,-833,-2163,1209,76,107,258,244,220,0
533462,62,63,575,350,-3257,-592,-2611,1172,38,20,337,239,235,0
536803,63,63,12,256,-3740,-360,-3109,1116,38,104,324,253,240,0
540114,64,64,0,556,-3879,-147,-3474,1030,-101,-38,216,254,224,0
543462,65,65,181,462,-4089,246,-3635,934,138,23,396,244,229,0
546804,66,65,0,312,-2891,824,-3492,841,114,73,256,247,237,0
550117,66,66,256,500,-2050,1595,-3132,740,9,60,280,240,227,0
553462,67,67,0,537,-2022,2476,-2798,630,-36,166,313,250,215,0
556804,68,67,50,912,-2453,3210,-2408,509,341,-14,413,241,211,0
560120,69,68,200,481,-1333,3188,-1820,388,426,-72,558,233,218,0
563462,69,69,481,518,571,2694,-1458,265,319,-166,338,218,216,0
566804,70,70,406,200,3076,1798,-835,159,139,-145,218,222,233,0
570122,70,70,818,50,3988,1096,-585,59,178,-276,324,200,241,0
573463,71,71,650,350,4452,89,-192,-32,42,-128,284,209,225,0
576804,72,72,387,387,4571,-1342,-2,-120,-16,9,173,223,223,0
580126,73,73,500,50,4545,-1753,-23,-212,193,63,117,217,241,0
583484,73,73,575,31,5600,-1445,45,-313,99,98,-9,213,242,0
586804,74,74,443,275,6774,-1108,257,-413,-97,78,49,220,229,0
590129,75,75,650,0,6102,-1076,346,-512,-129,103,143,209,234,0
593487,75,75,425,275,5061,-1035,201,-606,-104,61,24,221,229,0
596805,76,76,237,462,3699,-668,126,-697,-90,42,-50,231,219,0
600132,77,77,500,68,3116,-482,82,-785,-21,-55,79,217,224,0
603488,77,77,481,443,3054,-970,-72,-869,-393,112,99,228,230,0
606805,78,78,162,125,166,-763,-576,-959,-287,114,129,245,247,0
610135,79,79,162,12,-1402,269,-1400,-1059,167,111,136,229,237,0
613488,79,80,575,0,-632,1083,-1567,-1139,-12,218,65,223,240,0
616805,80,81,650,0,19,1831,-1966,-1225,-379,-221,357,219,249,0
620139,81,81,500,350,-739,976,-2004,-1301,-240,-288,371,227,235,0
623488,81,82,650,462,-1660,-707,-2039,-1357,-625,-71,105,235,229,0
626831,82,83,387,162,-4109,-1686,-1783,-1396,-399,-191,197,233,229,0
630142,83,83,275,368,-5626,-2466,-1648,-1418,106,-86,310,239,234,0
633488,84,84,106,368,-5313,-3293,-1477,-1412,85,112,235,248,234,0
636831,84,85,406,68,-4197,-2159,-992,-1376,72,169,295,232,234,0
640145,85,85,350,312,-3589,-836,-750,-1318,148,140,407,235,237,0
643489,86,86,106,612,-2689,19,-584,-1239,-127,9,341,248,221,0
646832,87,87,462,875,-2646,916,75,-1128,-68,-107,393,229,207,0
650148,87,88,481,762,-2574,669,848,-988,-178,-256,293,228,213,0
653489,88,88,162,650,-3001,-167,1537,-831,-39,-116,387,233,207,0
656831,89,89,256,837,-3094,-1197,2277,-662,224,-92,447,228,197,0
660152,89,89,668,725,-1351,-1440,2681,-490,276,184,280,206,203,0
663510,90,90,631,312,674,-854,2802,-328,183,24,180,208,225,0
666831,91,91,612,406,1958,218,2733,-185,-183,39,87,209,220,0
670155,91,91,575,462,1702,293,2899,-49,-38,-13,157,211,217,0
673511,92,92,368,537,1387,209,2934,68,70,14,111,222,213,0
676832,93,93,275,368,1586,262,3153,185,251,-172,165,227,222,0
680158,93,93,406,181,3142,106,3383,296,213,-29,70,220,232,0
683514,94,94,425,87,4513,-169,3567,408,-50,-19,85,219,237,0
686832,95,95,331,312,4534,-389,3427,516,101,7,73,224,225,0
690161,95,96,462,275,4778,-538,3262,616,-13,91,-16,217,227,0
693514,96,96,593,0,5027,-460,3218,709,-129,143,87,210,242,0
696832,97,97,406,237,3495,-274,2964,790,-194,-50,68,220,229,0
700164,97,98,275,106,1994,-171,2545,864,-324,83,43,227,220,0
703514,98,98,275,556,599,146,2150,927,79,36,157,239,224,0
706857,99,99,387,143,343,487,1782,980,155,-10,189,233,246,0
710168,100,100,106,12,492,199,965,1013,-32,-95,211,232,237,0
713514,100,101,593,443,206,-142,654,1051,40,-73,265,222,214,0
716860,101,101,443,593,11,-254,456,1109,144,-119,242,230,222,0
720170,102,102,481,593,-22,-502,-66,1156,-315,-8,146,228,222,0
723515,102,103,668,668,-1488,-680,-725,1195,-274,-68,292,234,218,0
726860,103,103,293,537,-3632,-955,-1224,1219,149,44,243,238,225,0
730174,104,104,162,687,-3689,-1031,-1733,1229,49,78,255,245,217,0
733515,105,105,387,518,-3515,-660,-2325,1212,33,113,398,233,226,0
736860,105,105,143,312,-3452,-497,-2804,1176,78,29,367,246,237,0
740177,106,106,0,462,-3322,-562,-3144,1123,-91,51,267,261,229,0
743516,107,107,0,443,-3727,-142,-3536,1044,35,117,309,260,230,0
746861,108,108,68,500,-3606,346,-3632,954,92,55,303,250,227,0
750180,108,108,106,387,-2880,1157,-3434,865,117,94,342,248,233,0
753538,109,109,50,425,-2089,2048,-3051,767,-25,153,327,241,221,0
756862,110,110,0,575,-2086,2771,-2633,658,160,46,364,255,213,0
760184,111,110,0,368,-1633,3140,-2292,539,237,7,487,238,224,0
763539,111,111,387,443,-157,2890,-1658,416,317,26,346,223,220,0
766862,112,112,481,350,2099,2208,-1345,290,44,-158,231,218,225,0
770187,113,113,143,50,3087,1582,-960,172,87,-103,213,220,241,0
773539,113,113,631,218,3801,889,-632,67,90,-77,285,210,232,0
776862,114,114,518,331,5007,-533,-408,-35,30,-100,324,216,226,0
780190,115,115,68,0,5288,-1359,-276,-136,43,18,151,224,235,0
783539,115,115,575,68,5242,-1555,-89,-237,68,88,38,213,240,0
786862,116,116,537,200,5536,-1353,-79,-345,26,-24,128,215,233,0
790193,117,117,143,0,5361,-1265,224,-449,-6,24,110,220,234,0
793539,117,118,575,50,5251,-1401,433,-543,-30,149,34,213,225,0
796862,118,118,500,350,4172,-1129,283,-636,-53,-23,90,217,225,0
800197,119,119,593,687,3170,-889,304,-727,70,10,63,222,217,0
803540,119,120,612,143,2604,-1379,80,-817,-327,99,109,221,230,0
806865,120,120,425,200,1320,-1549,-95,-900,-519,218,141,231,243,0
810199,121,121,237,387,-975,-598,-774,-991,123,189,179,241,233,0
813540,122,122,537,443,-773,342,-1312,-1088,2,164,101,225,230,0
816869,122,123,762,0,73,1304,-1559,-1167,-22,79,294,213,246,0
820203,123,123,650,275,582,1592,-1872,-1246,-281,-150,277,219,239,0
823540,124,124,481,218,256,561,-1782,-1316,-578,-123,164,228,242,0
826871,124,125,256,200,-2857,-194,-2089,-1379,-310,-256,246,240,227,0
830206,125,126,12,200,-4666,-1270,-1837,-1414,-121,-131,379,253,227,0
833565,126,126,387,312,-5086,-2881,-1220,-1413,-65,137,218,233,237,0
836875,127,127,312,387,-5349,-2669,-997,-1390,8,192,225,237,233,0
840209,127,128,275,181,-4380,-1700,-798,-1343,101,35,383,239,228,0
843565,128,129,481,181,-3224,-434,-765,-1279,46,134,452,228,228,0
846878,129,129,125,575,-2742,292,-697,-1203,-99,-34,278,247,223,0
850212,130,130,350,593,-2158,624,-5,-1092,-242,-176,288,239,210,0
853568,130,131,481,593,-2505,403,986,-948,-222,-119,350,216,194,0
856881,131,131,350,875,-3382,-492,1374,-798,255,-25,375,223,195,0
860215,132,132,443,425,-2363,-1229,2099,-637,248,55,348,218,203,0
863574,132,132,556,593,19,-940,2508,-476,162,35,252,212,210,0
866884,133,133,462,556,1252,-99,2494,-327,190,3,132,217,212,0
870219,134,134,650,237,2218,450,2615,-193,-253,-17,159,207,213,0
873574,134,134,500,725,1143,197,2554,-71,-180,8,224,215,203,0
876888,135,135,275,631,336,-100,2672,41,281,53,287,227,208,0
880222,136,136,387,256,1826,-5,2819,149,171,-42,93,221,228,0
883575,136,136,406,162,3937,183,3215,262,122,-43,100,220,233,0
886890,137,137,200,181,4202,-144,3503,381,27,-64,82,231,232,0
890225,138,138,50,0,4445,-446,3311,487,42,101,15,223,229,0
893574,138,138,575,387,4535,-210,3156,588,49,16,91,211,221,0
896894,139,139,368,50,4363,-107,3101,678,21,22,61,222,239,0
900228,140,140,668,387,3686,-352,2983,757,-148,-19,105,218,233,0
903575,140,141,425,162,1972,-114,2242,819,-203,30,112,231,229,0
906897,141,141,162,500,1132,101,2024,872,55,69,198,245,227,0
910231,142,142,443,368,1075,-9,1701,923,17,-123,220,230,234,0
913575,142,143,743,481,552,-126,827,952,-98,-86,261,230,228,0
916901,143,143,237,481,-80,-344,621,996,-16,-44,232,241,228,0
920235,144,144,293,668,-530,-732,374,1048,9,56,232,238,218,0
923575,145,145,406,631,-934,-779,-341,1086,-40,31,209,232,220,0
926904,145,146,275,218,-1886,-838,-871,1118,-212,12,260,239,226,0
930238,146,146,181,481,-3447,-1061,-1448,1128,163,-7,260,244,228,0
933575,147,147,350,575,-3664,-798,-2092,1128,96,74,355,235,223,0
936906,148,148,218,481,-3384,-629,-2569,1105,51,115,272,242,228,0
940241,148,148,125,612,-3501,-568,-2981,1050,34,58,372,247,221,0
943575,149,149,68,256,-3630,-214,-3335,977,-76,91,265,250,240,0
946910,150,150,125,443,-4008,25,-3560,891,132,51,293,247,230,0
950245,151,151,0,350,-3745,511,-3639,801,183,62,421,247,225,0
953602,151,151,0,256,-2351,1453,-3243,721,35,141,224,246,230,0
956914,152,152,0,368,-2020,2113,-2988,628,-128,59,246,246,224,0
960248,153,153,106,556,-2234,2837,-2789,510,-10,-52,329,238,214,0
963602,154,153,0,575,-1609,3042,-2084,402,444,-32,460,247,213,0
966916,154,154,387,668,130,2630,-1738,282,380,-165,433,223,208,0
970250,155,155,350,293,2223,2083,-1400,160,43,-173,169,225,228,0
973602,156,155,200,0,4166,1505,-910,54,-1,-73,193,217,244,0
976920,156,156,762,275,4287,629,-610,-46,-3,-104,296,203,229,0
980254,157,157,500,237,4405,-383,-427,-139,112,-148,264,217,231,0
983602,158,158,68,0,5046,-1392,-316,-233,80,21,61,224,234,0
986923,158,158,593,387,5418,-1413,-200,-327,83,79,109,212,223,0
990257,159,159,443,181,5557,-1185,-164,-433,13,130,169,220,234,0
993602,160,160,256,0,5579,-1254,144,-538,20,81,114,214,231,0
996926,160,161,631,256,5341,-1294,204,-635,-78,34,86,210,230,0
1000260,161,161,593,631,4406,-1215,119,-730,-110,37,49,222,220,0
1003603,162,162,312,481,3031,-1254,24,-826,-75,-3,41,237,228,0
1006929,162,163,425,0,2360,-1409,-285,-928,-393,30,159,231,244,0
1010263,163,163,162,275,655,-1362,-467,-1013,-271,120,136,245,239,0
1013603,164,164,425,125,-1339,-267,-1196,-1113,105,220,136,231,247,0
1016932,164,165,575,0,-820,955,-1670,-1219,147,214,245,223,241,0
1020267,165,166,875,0,380,1632,-1866,-1303,-35,-73,358,207,244,0
1023603,166,166,481,106,880,764,-2056,-1386,-406,-192,286,228,248,0
1026935,167,167,237,275,-932,-73,-2155,-1465,-513,-175,17,241,239,0
1030271,167,168,181,106,-3282,-753,-1992,-1517,-408,-83,137,244,232,0
1033627,168,169,87,200,-6081,-1579,-1689,-1543,-152,-166,325,249,227,0
1036939,169,169,406,631,-5882,-2345,-1350,-1540,100,115,295,232,220,0
1040273,170,170,462,106,-4366,-2663,-903,-1502,173,111,283,229,232,0
1043631,170,171,275,143,-3236,-1068,-657,-1443,73,69,389,239,230,0
1046943,171,171,425,462,-3247,-329,-628,-1369,156,-27,343,231,229,0
1050276,172,172,0,443,-2784,28,-53,-1267,-122,-64,333,246,218,0
1053632,172,173,200,500,-2569,525,817,-1130,-108,-176,388,231,199,0
1056945,173,173,425,856,-2660,-44,1397,-972,-137,-136,289,219,196,0
1060280,174,174,406,762,-2852,-717,2004,-808,182,-105,379,220,201,0
1063636,174,175,650,312,-1296,-692,2679,-631,308,-14,342,207,209,0
1066948,175,175,575,481,628,-462,2857,-455,140,44,234,211,216,0
1070283,176,176,556,556,1861,-90,2819,-302,-188,-11,41,212,212,0
1073640,176,176,631,800,1187,324,2828,-159,-102,-36,294,208,199,0
1076952,177,177,387,668,905,123,2910,-24,33,62,291,221,206,0
1080287,178,178,256,387,1131,-235,2908,94,173,43,140,228,221,0
1083640,178,179,443,0,3001,38,3221,214,207,-62,190,218,229,0
1086954,179,179,312,31,4479,55,3513,337,52,-68,80,225,240,0
1090289,180,180,200,218,4815,-301,3667,461,-58,90,53,231,230,0
1093640,180,181,500,31,3996,-457,3228,569,46,67,19,215,224,0
1096958,181,181,518,331,4290,-111,3160,672,132,73,67,214,224,0
1100292,182,182,556,406,4959,-104,3239,769,-155,-12,-27,224,232,0
1103640,182,183,687,350,3037,-242,2880,853,-296,12,71,233,235,0
1106961,183,184,200,68,1313,-66,2551,929,-56,-22,86,243,234,0
1110295,184,184,275,162,676,130,2428,1004,122,-21,166,239,245,0
1113641,185,185,106,425,789,426,1601,1063,86,-122,238,248,231,0
1116964,186,186,406,256,593,100,1150,1113,-191,-17,221,232,224,0
1120299,186,187,425,387,-234,-146,802,1176,17,-37,275,231,233,0
1123641,187,187,237,481,-739,-255,153,1233,3,6,291,241,228,0
1126967,188,188,387,631,-1233,-590,-359,1280,-258,34,279,233,220,0
1130302,188,189,518,537,-2627,-1025,-844,1318,128,-15,348,226,225,0
1133641,189,189,350,481,-3214,-1211,-1635,1334,62,164,303,235,228,0
1136970,190,190,181,556,-3415,-1155,-2270,1325,-6,168,199,244,224,0
1140305,190,191,312,31,-4110,-769,-2818,1290,101,87,346,237,236,0
1143663,191,191,237,368,-4010,-499,-3303,1229,105,73,406,241,234,0
1146974,192,192,0,331,-3646,-386,-3666,1143,12,10,233,257,236,0
1150308,193,193,0,331,-3553,71,-3802,1044,69,63,361,251,226,0
1153666,194,193,0,650,-2724,890,-3769,946,71,88,307,251,225,0
1160311,195,195,0,443,-2271,2335,-3091,718,56,142,290,252,220,0
1163666,196,196,106,650,-2220,3089,-2649,592,177,-94,373,238,209,0
1166980,197,196,275,575,-1049,3112,-1993,467,333,-237,530,229,213,0
1170316,197,197,312,650,834,2662,-1566,334,240,-54,294,227,209,0
1173666,198,198,406,237,2924,1865,-1044,212,35,-222,147,222,231,0
1176983,198,198,837,87,3622,1241,-650,104,33,-41,269,199,239,0
1180318,199,199,612,368,4233,341,-288,6,-39,-120,222,211,224,0
1183667,200,200,481,425,4472,-1114,45,-82,180,-91,119,218,221,0
1186987,200,200,612,125,5125,-1484,19,-172,72,45,60,211,237,0
1190322,201,201,518,87,5817,-1231,223,-266,18,46,40,216,239,0
1193667,202,202,443,256,5994,-1142,365,-364,-51,-25,74,220,230,0
1196990,202,203,631,0,5621,-1159,467,-464,-87,9,137,210,233,0
1200325,203,203,1362,1025,5079,-1209,437,-552,1,139,60,229,247,0
1203668,204,204,743,668,3932,-1155,132,-646,-132,-71,57,262,266,0
1206993,205,205,256,106,2882,-1023,13,-747,101,-95,110,272,280,0
1210327,206,206,312,143,2893,-1734,-200,-843,-394,79,97,269,278,0
1213667,207,207,0,331,-126,-1150,-794,-948,-143,132,189,286,268,0
1216996,208,208,275,256,-1004,93,-1422,-1068,79,263,79,271,272,0
1220331,208,209,443,0,-327,1204,-1741,-1173,-242,72,192,262,276,0
1223689,209,210,556,87,-1198,2118,-2019,-1272,-407,-307,192,256,265,0
1226999,210,211,500,106,-2565,787,-2037,-1360,-464,-313,315,259,264,0
1230334,211,211,275,537,-4316,-517,-1729,-1419,-361,-152,91,271,257,0
1233692,212,212,0,200,-6491,-1303,-1150,-1444,-225,-167,168,282,259,0
1237003,213,213,0,500,-7513,-1798,-749,-1441,150,-196,338,282,243,0
1240337,214,214,0,462,-6064,-2648,-50,-1391,71,119,266,273,245,0
1243693,214,215,800,556,-4543,-2363,-114,-1324,204,200,501,243,240,0
1247006,215,215,275,575,-2594,-1168,180,-1230,148,80,443,255,239,0
1250340,216,216,275,743,-684,-519,1334,-1085,-186,-26,405,243,218,0
1253693,217,217,162,1081,-1027,-64,1691,-918,-244,-147,428,249,200,0
1257010,217,217,612,837,-1700,-269,2175,-731,-98,-80,352,225,213,0
1260343,218,218,500,987,-1952,-533,2695,-529,-46,80,365,231,205,0
1263693,219,219,500,762,-1347,-246,2785,-335,383,64,221,231,217,0
1267012,219,219,762,237,243,-55,2556,-158,252,58,119,217,245,0
1270346,220,220,631,87,2524,493,3051,19,96,-111,77,224,253,0
1273693,221,221,275,275,3564,1097,3141,179,54,88,125,243,243,0
1277015,222,222,143,87,3931,758,3366,334,-5,-108,58,234,237,0
1280350,222,222,706,237,4098,191,3159,465,-47,-62,136,220,245,0
1283693,223,223,537,368,4516,184,3269,587,121,-81,120,229,238,0
1287018,224,224,12,31,5345,53,3639,710,101,53,54,241,240,0
1290353,224,225,575,237,5262,-257,3269,811,19,-20,-2,227,229,0
1293694,225,225,368,256,4646,-441,3124,908,-143,-34,-92,238,244,0
1297022,226,226,125,68,4128,-405,2843,990,-299,-15,37,235,238,0
1300356,227,227,0,462,2750,-333,2771,1065,-291,-24,200,258,229,0
1303694,227,228,481,256,414,-203,2333,1123,10,-42,-59,244,240,0
1307025,228,228,68,425,-696,-128,1679,1162,-181,-100,45,250,231,0
1310383,229,229,237,275,-1596,185,1145,1194,-151,-2,213,241,239,0
1313715,230,230,0,518,-2468,-313,810,1219,209,-61,242,258,226,0
1317029,230,231,650,368,-1879,-670,380,1237,29,-96,365,235,234,0
1320386,231,231,687,912,-2115,-1024,-137,1257,-213,32,367,233,221,0
1323719,232,232,218,350,-3972,-1236,-718,1279,307,26,355,242,235,0
1327032,233,233,462,462,-3846,-1136,-1189,1296,124,115,425,229,229,0
1330389,233,233,593,668,-3496,-791,-1898,1300,99,128,315,238,234,0
1333719,234,234,0,181,-3817,-749,-2451,1287,220,99,447,258,244,0
1337034,235,235,0,350,-3237,-275,-2857,1252,230,180,479,254,235,0
1340393,236,236,162,593,-2326,859,-2830,1200,80,109,320,245,222,0
1343719,236,236,462,687,-2022,1505,-2861,1134,-136,57,343,245,233,0
1347038,237,237,12,368,-2573,1885,-2795,1048,-1,26,334,253,234,0
1350396,238,238,0,368,-2717,2101,-2518,973,154,-5,224,250,224,0
1353720,239,239,50,593,-2177,2409,-2315,895,222,2,374,241,212,0
1357041,240,239,0,368,-897,2317,-1772,798,339,-25,293,234,224,0
1360399,240,240,518,237,749,1953,-1522,697,290,-89,270,216,231,0
1363720,241,241,443,181,3682,1625,-1012,598,6,-82,238,220,234,0
1367044,242,241,593,275,4352,981,-798,488,-5,20,232,212,229,0
1370402,242,242,612,0,4453,-207,-468,387,21,-41,254,211,246,0
1373720,243,243,425,237,5016,-820,-414,294,69,-29,215,221,231,0
1377047,244,244,537,0,5570,-1242,-285,190,113,129,28,215,229,0
1380402,244,244,612,0,5651,-1223,-342,81,-2,57,100,211,244,0
1383721,245,245,500,181,5441,-1062,-176,-29,194,88,152,217,234,0
1387051,246,246,556,143,5766,-1117,32,-127,-29,102,-13,214,220,0
1390407,246,247,443,68,4972,-800,-111,-232,-224,99,71,220,224,0
1393741,247,247,200,181,3349,-443,-134,-350,-153,-35,96,233,234,0
1397054,248,248,518,462,2706,-617,-108,-456,-436,17,82,226,229,0
1400411,248,249,368,200,-92,-931,-492,-569,-463,-2,192,234,227,0
1403745,249,249,425,425,-2041,-364,-1051,-690,343,207,218,231,231,0
1407057,250,250,462,218,-692,439,-1421,-821,175,276,113,229,242,0
1410412,250,251,1306,293,948,1264,-1529,-942,-154,-74,395,200,238,0
1413746,251,252,612,0,1017,512,-1701,-1048,-495,-32,196,221,240,0
1417060,252,252,0,350,-500,-230,-1593,-1133,-696,-96,-3,258,235,0
1420411,253,253,275,537,-4279,-615,-1769,-1214,-171,-193,344,239,225,0
1423745,253,254,293,87,-4943,-1839,-1501,-1273,-58,-141,314,238,233,0
1427063,254,255,106,181,-5061,-2591,-1129,-1304,-133,211,169,248,244,0
1430412,255,255,237,462,-5144,-1543,-918,-1310,209,82,225,241,229,0
1433746,256,256,256,368,-4162,-866,-501,-1288,100,64,431,240,234,0
1437067,256,257,387,256,-3328,-269,-386,-1241,-7,-8,339,233,224,0
1440411,257,257,387,631,-2537,201,341,-1154,103,-14,392,233,220,0
1443746,258,258,237,818,-1660,204,1048,-1032,-215,-152,290,241,210,0
1447070,258,259,500,687,-2554,-153,1679,-891,-173,-173,347,231,205,0
1450412,259,259,331,687,-2936,-954,2403,-726,191,-76,394,224,205,0
1453746,260,260,406,743,-1610,-1480,2935,-547,179,40,330,220,202,0
1457073,260,261,537,425,-125,-1140,3036,-374,108,97,175,213,219,0
1460412,261,261,537,200,1302,455,2999,-208,103,28,208,213,231,0
1463746,262,262,425,518,1936,829,2968,-60,-90,60,237,219,214,0
1467076,262,263,481,481,1334,599,2910,78,-214,-25,204,216,216,0
1470433,263,263,350,368,814,161,3016,204,232,-61,199,223,222,0
1473768,264,264,256,275,2269,51,3239,330,81,-84,194,228,227,0
1477079,264,265,425,68,3638,-8,3352,449,134,-53,147,219,238,0
1480437,265,265,181,350,4449,-260,3573,574,35,-4,64,232,223,0
1483771,266,266,200,181,4645,-534,3317,687,-5,-1,-39,231,232,0
1487082,266,267,537,0,4661,-496,3208,798,51,59,61,213,233,0
1490437,267,267,406,312,4208,-338,3067,899,-14,3,70,220,225,0
1493771,268,268,256,68,3392,-292,2677,982,-261,83,57,228,238,0
1497086,268,269,893,500,2086,58,2285,1056,-166,15,182,222,227,0
1500437,269,270,293,143,955,213,1762,1116,99,-4,229,238,230,0
1503772,270,270,518,593,805,-73,1057,1152,-43,-105,183,226,222,0
1507090,270,271,931,462,346,-170,540,1184,-23,-11,322,220,229,0
1510437,271,272,687,537,49,-396,341,1228,-77,-49,195,233,225,0
1513772,272,272,125,481,-409,-705,-210,1266,-3,16,236,247,228,0
1517092,273,273,350,631,-1201,-907,-799,1288,-147,-33,283,235,220,0
1520438,273,274,612,631,-2811,-1362,-1317,1300,-21,-2,199,237,220,0
1523772,274,274,218,425,-3472,-1251,-1861,1292,103,4,283,242,231,0
1527095,275,275,218,575,-3413,-901,-2322,1275,12,43,375,242,223,0
1530438,276,276,0,387,-3638,-913,-2849,1233,6,105,256,260,233,0
1533772,276,277,537,387,-3866,-707,-3250,1166,12,107,319,241,233,0
1537098,277,277,0,443,-3977,-284,-3585,1083,3,96,247,260,230,0
1540438,278,278,0,312,-4007,71,-3804,980,95,17,365,257,237,0
1543773,279,279,125,387,-3340,817,-3724,876,185,119,396,247,233,0
1547102,280,280,0,406,-2279,1521,-3368,760,35,80,218,250,238,0
1550460,280,280,50,350,-2241,2536,-2988,633,85,41,247,241,225,0
1553794,281,281,0,612,-2529,3259,-2594,500,187,11,357,247,211,0
1557105,282,282,162,518,-1661,3538,-2162,357,378,-224,390,235,216,0
1560463,283,282,0,237,1257,3365,-1680,213,401,-159,430,230,231,0
1563796,283,283,593,256,3367,2751,-1330,77,95,-31,282,212,230,0
1567108,284,284,612,293,3995,1868,-924,-45,149,-206,290,211,228,0
1570463,284,284,706,293,4941,460,-692,-159,93,-80,345,206,228,0
1573796,285,285,462,12,5470,-691,-519,-267,-35,-14,163,219,243,0
1577112,286,286,443,181,5353,-1522,-539,-378,2,70,87,220,234,0
1580464,286,287,668,31,5118,-1499,-363,-490,-41,103,145,208,226,0
1583797,287,287,537,106,5111,-1361,-205,-601,156,141,78,215,238,0
1587116,288,288,518,218,5646,-1240,112,-709,-30,96,-2,216,232,0
1590464,288,289,781,181,4702,-1109,143,-809,-147,3,133,202,218,0
1593797,289,289,387,368,3040,-1099,121,-905,-69,16,35,223,224,0
1597118,290,290,237,575,2383,-1159,42,-1000,70,-118,-7,241,223,0
1600464,290,291,650,593,1849,-1557,-159,-1088,-325,-20,166,235,222,0
1603797,291,292,406,12,-229,-1469,-540,-1177,-104,159,203,232,237,0
1607121,292,292,575,181,-985,-681,-1203,-1269,56,224,157,223,244,0
1610464,293,293,462,275,177,973,-1590,-1352,111,134,200,229,239,0
1613798,293,294,593,0,931,1530,-1793,-1425,-348,-65,268,222,243,0
1617124,294,295,387,143,356,1088,-2088,-1501,-319,-179,181,233,230,0
1620465,295,295,350,218,-2319,365,-2004,-1557,-363,-221,167,235,242,0
1623799,296,296,218,368,-3929,-687,-1782,-1588,-351,-142,255,242,234,0
1627127,296,297,256,387,-5157,-1751,-1445,-1592,15,-173,286,240,217,0
1630486,297,297,368,293,-4895,-2777,-894,-1561,-191,174,176,234,238,0
1633798,298,298,87,218,-4041,-2519,-447,-1503,17,312,172,249,242,0
1637131,298,299,312,275,-4028,-1276,-314,-1424,249,33,423,237,223,0
1640489,299,300,425,387,-2789,-238,-20,-1323,-45,30,353,231,217,0
1643822,300,300,125,631,-2593,221,517,-1194,-166,-80,361,247,220,0
1647134,301,301,68,725,-2554,791,1219,-1037,-147,-184,404,238,203,0
1650490,301,302,443,443,-2950,-236,1927,-861,-94,-74,287,218,202,0
1653826,302,302,500,650,-2890,-850,2384,-681,124,-45,359,215,207,0
1657137,303,303,406,781,-1779,-807,2820,-500,380,-21,388,220,200,0
1660490,303,303,537,593,709,-611,3008,-325,123,0,69,213,210,0
1663826,304,304,518,312,1423,-184,2837,-168,77,-61,121,214,225,0
1667140,305,305,556,443,1708,268,2886,-26,-34,-7,234,212,218,0
1670489,305,305,462,575,2036,319,3098,112,11,-41,158,217,211,0
1673832,306,306,275,312,2129,30,3231,242,51,-107,148,227,225,0
1677144,307,307,462,256,2964,-50,3278,366,152,-25,175,217,228,0
1680490,307,308,406,0,4346,-254,3569,493,134,52,50,220,229,0
1683832,308,308,275,293,4965,-311,3645,624,-68,19,67,227,226,0
1687146,309,309,481,406,4759,-289,3526,746,24,29,72,216,220,0
1690491,309,310,462,0,4583,-328,3317,856,-20,-41,39,217,234,0
1693832,310,310,256,50,3883,-277,3013,946,-129,58,61,228,239,0
1697150,311,311,387,556,2413,78,2635,1024,-287,-8,128,233,224,0
1700491,312,312,350,481,772,105,2295,1092,-49,17,179,235,228,0
1703832,312,313,425,50,655,103,1872,1149,64,-36,237,231,235,0
1707154,313,313,293,312,620,138,1157,1191,-75,5,256,238,237,0
1710491,314,314,312,575,409,-309,744,1231,-73,43,272,237,223,0
1713833,314,315,631,462,-9,-505,361,1280,165,14,287,220,213,0
1717156,315,315,425,631,-151,-660,-266,1321,-106,-40,259,231,220,0
1720512,316,316,293,312,-1700,-1209,-796,1352,-220,34,225,238,237,0
1723833,316,317,818,631,-3601,-1268,-1435,1373,113,17,310,226,220,0
1727159,317,317,368,556,-3851,-1083,-2029,1372,74,64,310,234,224,0
1730516,318,318,12,312,-3437,-930,-2797,1340,23,119,267,253,237,0
1733833,319,319,143,443,-3543,-753,-3211,1285,-72,52,403,246,230,0
1737163,319,320,87,443,-3971,-720,-3485,1204,19,88,232,249,230,0
1740516,320,320,162,218,-4194,-191,-3963,1094,-135,-95,201,245,242,0
1743833,321,321,0,443,-4486,212,-4056,977,277,28,366,263,230,0
1747166,322,322,0,331,-3320,686,-3923,855,127,35,263,256,226,0
1750516,323,323,0,293,-1967,1853,-3424,732,-35,126,264,247,228,0
1753859,323,323,87,350,-2169,2711,-3136,596,-39,136,236,239,225,0
1757169,324,324,0,631,-2592,3370,-2826,447,326,9,426,253,210,0
1760517,325,325,312,462,-631,3608,-2368,299,548,-141,463,227,219,0
1763859,325,325,593,125,2271,3321,-2054,146,153,-137,209,212,237,0
1767173,326,326,593,218,4211,2639,-1448,7,-39,-186,199,212,232,0
1770517,327,327,500,406,4258,1393,-1134,-116,11,-277,462,217,222,0
1773860,327,327,650,237,4261,-34,-667,-227,102,-114,349,209,231,0
1777175,328,328,650,387,4161,-1489,-514,-340,194,7,235,209,223,0
1780518,329,329,387,293,5218,-1789,-492,-456,249,199,123,223,228,0
1783860,329,329,612,50,6933,-1343,-267,-567,27,124,23,211,241,0
1787179,330,330,406,218,7351,-1136,254,-671,-166,2,97,222,232,0
1790518,331,331,331,218,5464,-996,336,-774,-202,101,100,226,232,0
1793860,331,332,481,106,3606,-775,182,-878,-200,25,52,218,222,0
1797182,332,332,462,350,2365,-477,233,-975,41,42,-26,229,235,0
1800539,333,333,406,387,2418,-1021,-115,-1073,-184,-67,161,232,233,0
1803860,333,334,518,68,1728,-1647,2,-1155,-359,30,155,226,234,0
1807185,334,335,368,256,-199,-1142,-1043,-1259,15,105,122,234,240,0
1810542,335,335,556,350,-493,194,-1360,-1360,116,244,144,224,235,0
1813861,335,336,931,162,699,1310,-1594,-1446,-177,148,232,220,245,0
1817188,336,337,537,125,648,1457,-1793,-1525,-448,-150,194,225,231,0
1820542,337,338,0,0,-1709,-11,-1897,-1596,-286,-129,152,255,240,0
1823861,338,338,0,368,-3416,-631,-1646,-1639,-455,-79,122,256,234,0
1827191,338,339,350,575,-5665,-615,-1231,-1653,-103,-257,322,251,223,0
1830543,339,340,275,0,-5757,-2098,-1010,-1639,98,8,339,239,239,0
1833861,340,341,181,0,-4304,-2758,-616,-1595,54,163,398,244,242,0
1837195,341,341,518,481,-2794,-1455,-296,-1517,13,19,355,226,228,0
1840543,341,342,800,556,-1703,-1017,21,-1416,-128,67,303,227,224,0
1843885,342,343,181,387,-1743,-571,363,-1296,-414,41,263,244,217,0
1847198,343,343,0,593,-2542,186,983,-1141,-227,-109,332,244,210,0
1850543,344,344,462,893,-3637,-113,1540,-966,-111,-117,332,217,194,0
1853889,344,344,481,650,-3754,-400,1917,-784,109,-76,398,216,207,0
1857201,345,345,443,837,-2786,-520,2480,-599,245,85,397,218,197,0
1860543,346,346,406,668,-444,-586,2721,-416,190,135,227,220,206,0
1863889,346,346,687,500,901,84,2731,-243,45,0,193,205,215,0
1867205,347,347,406,425,1636,916,2726,-84,-114,-19,169,220,219,0
1870544,348,348,462,687,1214,499,2887,70,-70,-25,251,217,205,0
1873889,348,348,462,725,569,-113,2952,207,164,-61,247,217,203,0
1877207,349,349,462,425,1393,-227,3240,344,286,-55,171,217,219,0
1880565,350,350,218,87,4353,-303,3562,476,176,29,34,230,237,0
1883889,350,350,256,31,5189,-373,3742,609,-156,18,132,228,240,0
1887211,351,351,87,312,4441,-481,3338,729,123,-38,15,237,225,0
1890567,352,352,350,218,4441,-514,3151,836,91,81,5,223,230,0
1893890,352,353,575,0,5086,-139,3331,932,-162,-16,52,211,230,0
1897214,353,353,350,350,4086,-52,3117,1019,-272,-79,97,235,235,0
1900567,354,354,106,481,1701,-225,2618,1095,-63,-14,162,248,228,0
1903890,354,355,462,12,649,-79,2352,1161,125,62,244,229,237,0
1907217,355,355,368,218,1040,-4,1943,1225,18,-114,213,234,242,0
1910568,356,356,256,612,1195,-172,1183,1262,-209,-53,197,240,221,0
1913891,357,357,481,556,20,-146,909,1323,25,-19,293,228,224,0
1917220,357,358,462,275,-356,-560,386,1378,-38,-38,247,229,223,0
1920568,358,358,350,462,-783,-878,-427,1414,-303,34,113,235,229,0
1923890,359,359,106,650,-2375,-761,-619,1451,-69,-20,298,248,219,0
1927223,359,360,725,631,-3725,-734,-1355,1468,49,91,273,231,220,0
1930568,360,360,368,406,-4072,-771,-1942,1459,65,127,303,234,232,0
1933892,361,361,0,481,-4165,-551,-2425,1421,241,87,404,257,228,0
1937226,362,362,106,462,-3354,-511,-2877,1363,-65,109,305,248,229,0
1940568,363,363,87,387,-3719,-120,-3224,1282,32,60,285,249,233,0
1943895,363,363,181,293,-3955,314,-3440,1183,104,89,265,244,238,0
1947230,364,364,0,350,-3412,859,-3533,1072,132,-7,349,261,225,0
1950569,365,365,0,387,-2428,1721,-3174,962,80,126,324,244,223,0
1953899,366,365,0,200,-1798,2503,-2804,843,-9,64,206,241,233,0
1957234,366,366,162,481,-1941,3390,-2316,723,135,-69,393,235,218,0
1960568,367,367,275,725,-1123,3455,-1792,607,273,-158,467,229,205,0
1963902,368,367,0,556,320,2888,-1292,489,356,-175,371,228,214,0
1967236,368,368,631,387,2713,1913,-829,378,108,-58,264,210,223,0
1970593,369,369,668,237,3640,1195,-515,277,77,-175,266,208,231,0
1973905,370,369,256,87,4247,258,-224,185,100,-86,184,214,239,0
1977239,370,370,575,275,5247,-1166,-64,92,126,-84,188,213,229,0
1980596,371,371,443,181,5709,-1796,108,4,-27,98,131,220,234,0
1983908,372,372,87,0,5644,-1848,186,-91,-86,117,59,223,233,0
1987243,372,372,575,293,5084,-1457,244,-195,17,42,121,213,228,0
1990601,373,373,518,87,4900,-1381,428,-298,25,-13,109,216,239,0
1993923,374,374,687,500,4796,-1475,481,-387,-20,102,14,217,227,0
1997246,374,375,687,50,3538,-1209,212,-479,-102,-7,115,217,235,0
2000602,375,375,368,406,2504,-1150,151,-579,72,-60,16,234,232,0
2003916,376,376,275,275,2340,-1578,-97,-679,-328,120,105,239,239,0
2007249,376,377,575,143,-194,-790,-428,-774,-6,91,191,223,230,0
2010602,377,377,425,350,-884,102,-1129,-883,151,135,99,231,235,0
2013918,378,378,593,0,-159,626,-1508,-991,-74,152,264,222,254,0
2017252,379,379,1156,218,435,1670,-2055,-1092,-14,45,324,208,242,0
2020603,379,380,668,0,1062,1397,-2416,-1196,-389,-165,291,218,243,0
2023921,380,381,0,275,220,199,-2189,-1277,-737,-37,88,254,223,0
2027255,381,381,50,368,-3711,-744,-2266,-1334,-307,-199,179,251,234,0
2030603,382,382,12,406,-5689,-1392,-1761,-1370,-110,-94,283,253,232,0
2033925,382,383,443,200,-5975,-1972,-1375,-1370,-35,-89,228,230,227,0
2037259,383,383,143,575,-5244,-2459,-803,-1335,45,128,252,246,223,0
2040603,384,384,368,218,-3661,-1870,34,-1258,139,228,342,234,242,0
2043928,384,385,575,237,-3364,-636,-140,-1172,84,-9,393,227,229,0
2047262,385,385,0,350,-2745,162,357,-1060,-94,-33,346,245,223,0
2050603,386,386,162,762,-2191,334,1004,-922,-163,-149,405,233,201,0
2053931,387,387,200,668,-2487,260,1584,-762,-161,-134,362,215,190,0
2057265,387,387,518,725,-2503,-670,2236,-593,91,-118,384,214,203,0
2060604,388,388,425,856,-1537,-1109,2693,-421,209,-16,333,219,196,0
2063934,388,389,706,218,-224,-958,2845,-260,242,30,251,204,214,0
2067268,389,389,593,443,1675,-71,2693,-119,-2,113,69,210,218,0
2070604,390,390,331,612,2383,533,2624,2,-104,59,112,224,209,0
2073937,390,391,462,218,2283,729,2769,114,-196,-69,221,217,214,0
2077271,391,391,312,650,798,-14,2686,215,71,19,204,225,207,0
2080629,392,392,406,256,1705,-227,2892,312,227,-58,130,220,228,0
2083940,392,393,443,0,3533,56,3171,413,125,-121,143,218,235,0
2087274,393,393,181,312,4285,-117,3487,519,-12,-20,41,232,225,0
2090630,394,394,162,200,4282,-474,3108,610,103,43,-57,233,231,0
2093943,395,395,1062,406,4502,-463,2930,694,38,68,44,213,232,0
2097278,395,395,462,387,4763,-347,3263,782,-195,-26,-42,229,233,0
2100630,396,396,237,87,3469,-486,2940,859,-316,30,-22,241,249,0
2103947,397,397,387,350,1625,-218,2439,929,-97,62,162,233,235,0
2107281,397,398,237,50,771,73,2282,995,115,118,129,241,235,0
2110630,398,398,331,162,934,199,1740,1053,-66,-31,222,236,245,0
2113950,399,399,481,425,312,132,994,1097,-63,-50,270,228,231,0
2117284,400,400,575,556,-192,-227,496,1148,129,-68,288,223,224,0
2120630,400,401,575,218,-288,-508,31,1196,-95,-35,251,223,226,0
2123953,401,401,256,556,-1181,-514,-558,1243,-152,43,238,240,224,0
2127287,402,402,350,725,-2999,-669,-1430,1274,44,-10,342,235,215,0
2130631,402,403,612,650,-3817,-825,-1983,1280,-64,49,371,237,219,0
2133956,403,403,106,368,-4204,-810,-2507,1273,176,181,342,248,234,0
2137290,404,404,275,481,-3791,-548,-3016,1233,-11,151,258,239,228,0
2140631,405,405,0,575,-4097,-305,-3433,1169,129,158,373,261,223,0
2143959,406,405,218,312,-4165,-30,-3741,1077,67,86,261,248,243,0
2147294,406,406,0,200,-3842,654,-4056,950,137,36,389,255,233,0
2150632,407,407,0,443,-3149,1549,-3786,836,78,86,329,251,220,0
2153962,408,408,0,725,-2390,2281,-3480,716,-40,113,230,254,221,0
2157297,409,408,125,200,-2286,3077,-3044,589,141,-105,379,237,233,0
2160655,409,409,125,612,-1566,3357,-2595,459,146,-109,457,237,211,0
2163966,410,410,162,668,-69,2972,-1822,332,284,-222,338,235,208,0
2167300,411,410,218,331,2279,2134,-1531,200,296,-135,252,216,226,0
2170655,411,411,725,162,4003,1548,-967,81,80,37,134,205,235,0
2173969,412,412,537,256,4493,866,-739,-26,6,-132,183,215,230,0
2177304,413,412,612,425,4376,-673,-312,-117,114,-109,286,211,221,0
2180659,413,413,518,68,4831,-1493,-282,-213,117,40,153,216,240,0
2183973,414,414,387,181,5457,-1695,-84,-299,-54,73,-50,223,234,0
2187307,415,415,593,0,5082,-1396,110,-386,50,55,162,212,228,0
2190664,415,415,575,68,5006,-1355,420,-472,70,30,125,213,240,0
2193975,416,416,1437,1306,5172,-1474,626,-562,-112,127,108,225,232,0
2197310,417,417,668,481,4099,-1456,558,-641,-168,36,106,250,260,0
2200668,418,418,462,350,2856,-1637,400,-720,15,97,58,261,267,0
2203979,418,419,781,181,2432,-1817,211,-816,18,33,161,260,276,0
2207313,419,420,556,0,2063,-2125,-45,-909,-394,191,76,272,289,0
2210668,420,421,50,12,332,-1415,-603,-1004,-316,159,119,283,269,0
2213982,421,421,125,237,-872,200,-1312,-1116,131,199,179,279,273,0
2217316,422,422,387,106,189,1479,-1857,-1229,-265,131,186,265,280,0
2220668,423,423,687,218,-618,2620,-2236,-1330,-524,-173,275,249,274,0
2223985,423,424,537,162,-1821,1728,-2311,-1417,-459,-360,194,257,261,0
2227319,424,425,162,518,-4598,-374,-2143,-1485,-421,-171,142,277,242,0
2230669,425,426,181,575,-6540,-927,-1330,-1510,-188,-108,149,276,239,0
2233988,426,426,0,275,-7086,-1906,-689,-1486,-26,-192,230,273,255,0
2237323,427,427,31,575,-6082,-2822,265,-1416,267,85,438,268,239,0
2240669,428,428,331,500,-4189,-2904,598,-1319,189,147,271,252,243,0
2243991,429,429,162,650,-2952,-1941,638,-1205,36,-32,514,249,223,0
2247326,429,429,462,425,-1202,-550,1482,-1051,-154,-20,415,233,235,0
2250669,430,430,425,837,-962,-61,1914,-875,-119,-71,441,235,213,0
2253995,431,431,293,1175,-1446,0,2239,-678,-76,-185,443,242,195,0
2257329,432,431,612,893,-1923,-356,2645,-477,66,97,348,225,210,0
2260669,432,432,781,725,-1344,15,2722,-283,329,114,287,216,219,0
2263998,433,433,537,518,543,551,2668,-105,193,-60,218,229,230,0
2267332,434,433,668,218,2977,971,2965,68,32,-117,46,222,246,0
2270670,434,434,575,312,3859,1014,3085,222,-26,-42,130,227,241,0
2274002,435,435,518,387,3868,738,3441,377,77,-126,153,230,237,0
2277336,436,436,181,50,4491,-55,3118,505,-55,-106,95,232,239,0
2280691,436,437,518,31,4947,-98,3197,628,-61,-69,179,230,240,0
2284004,437,437,350,312,5061,-127,3568,749,13,22,111,239,241,0
2287338,438,438,293,181,3878,-913,2930,849,117,-14,74,226,232,0
2290695,438,439,481,0,3988,-1046,2578,932,-66,-49,7,232,242,0
2294008,439,440,593,556,4247,-779,2809,1017,-129,57,-34,238,240,0
2297342,440,440,200,143,2960,-385,2719,1089,-228,-41,20,243,246,0
2300695,441,441,0,218,1033,-197,2392,1144,-57,-76,126,256,242,0
2304010,442,442,125,368,-111,-213,1603,1176,-264,-65,-24,247,234,0
2307345,442,443,443,518,-1952,5,982,1195,-96,20,262,246,242,0
2310695,443,443,68,425,-2417,-103,819,1214,183,63,218,250,231,0
2314014,444,444,237,593,-1799,-388,147,1220,-81,-94,293,241,222,0
2317348,445,445,725,312,-2347,-733,-282,1230,-223,-19,432,231,237,0
2320695,445,445,593,537,-3795,-1036,-808,1245,277,31,344,238,241,0
2324018,446,446,162,518,-3532,-1292,-1260,1264,46,131,349,245,226,0
2327351,447,447,106,593,-3631,-876,-1863,1276,19,229,343,248,222,0
2330696,448,448,12,350,-4256,-664,-2334,1275,256,248,376,253,235,0
2334021,448,448,31,350,-3878,-286,-2884,1252,238,134,504,252,235,0
2337355,449,449,106,518,-2748,889,-2881,1203,49,102,348,248,226,0
2340696,450,450,0,275,-2255,1511,-2890,1135,-22,-14,260,258,239,0
2344023,451,451,0,350,-2365,2194,-2554,1046,-58,36,313,245,225,0
2347358,451,451,0,162,-2362,2704,-2309,956,-6,55,172,247,235,0
2350696,452,452,256,368,-2115,2963,-1979,874,190,-111,390,230,224,0
2354026,453,453,106,443,-869,2880,-1280,788,267,-124,366,238,220,0
2357361,454,453,425,218,2127,2216,-885,700,228,-214,126,221,232,0
2360718,454,454,668,275,3953,1441,-691,609,59,-171,162,208,229,0
2364030,455,455,537,312,4336,254,-316,516,-31,-103,292,215,227,0
2367364,456,456,575,0,4850,-571,-176,425,121,-64,127,213,244,0
2370721,456,456,556,181,5469,-1155,-90,339,-62,-14,146,214,234,0
2374033,457,457,387,237,5361,-1379,-25,246,56,121,84,223,231,0
2377367,458,458,556,0,5389,-1195,-19,149,77,59,75,214,238,0
2380721,458,459,612,87,5559,-988,63,43,-4,27,94,211,223,0
2384036,459,459,462,237,5344,-1068,190,-47,25,57,71,219,231,0
2387371,460,460,518,31,4858,-966,32,-146,-72,117,0,216,226,0
2390722,460,461,425,0,3785,-647,-63,-260,-164,-60,35,221,228,0
2394040,461,461,256,256,2776,-1142,-182,-357,-435,0,78,240,240,0
2397374,462,462,181,443,253,-1130,-543,-454,-277,99,209,244,230,0
2400721,462,463,537,0,-1683,-137,-1298,-583,149,142,169,225,238,0
2404043,463,464,556,106,-837,1056,-1580,-717,66,58,245,224,248,0
2407377,464,464,893,143,862,1268,-1850,-850,-294,-102,368,206,246,0
2410722,464,465,1100,237,106,544,-2006,-962,-243,-233,277,211,241,0
2414046,465,466,68,237,-952,-1081,-2001,-1056,-510,-230,152,250,225,0
2417380,466,467,106,68,-3626,-1455,-1840,-1139,-489,-15,155,248,234,0
2420722,467,467,106,256,-6307,-1616,-1739,-1198,45,-109,322,248,240,0
2424049,467,468,612,425,-5817,-2239,-1189,-1226,0,148,339,237,231,0
2427383,468,469,275,0,-4272,-1589,-682,-1222,115,234,308,239,239,0
2430722,469,469,143,256,-4138,-277,-776,-1207,208,58,461,246,240,0
2434052,470,470,368,518,-3225,225,-197,-1155,-141,-38,357,234,226,0
2437411,470,471,668,762,-2659,365,385,-1070,21,-181,371,234,213,0
2440743,471,471,293,893,-2499,-120,956,-950,-197,-175,293,238,206,0
2444055,472,472,293,537,-2981,-1152,1770,-805,-228,-199,272,226,213,0
2447414,473,473,387,687,-3208,-1380,2374,-640,307,-86,420,221,205,0
2450747,473,473,462,518,-1463,-1364,2740,-475,324,27,327,217,214,0
2454059,474,474,350,500,830,-754,2757,-316,-58,185,138,223,215,0
2457417,475,475,537,443,1371,407,2756,-168,-88,13,172,213,218,0
2460747,475,475,537,443,1654,830,2750,-42,-142,-9,162,213,218,0
2464062,476,476,331,781,967,386,2870,74,12,-44,184,224,200,0
2467420,477,477,237,668,670,-76,2868,185,310,-71,264,229,206,0
2470747,477,477,443,181,2337,-96,3025,290,191,-18,112,218,232,0
2474065,478,478,331,87,4869,4,3537,406,101,-29,43,224,237,0
2477423,479,479,218,293,4834,-177,3786,527,-157,-39,159,230,226,0
2480748,479,479,387,181,3921,-711,3181,627,34,43,17,221,232,0
2484068,480,480,368,162,4413,-625,2891,718,170,155,25,222,233,0
2487426,481,481,500,87,5003,-90,3177,815,-173,2,89,215,237,0
2490748,481,482,368,0,3893,-143,2971,902,-341,27,105,222,226,0
2494071,482,482,312,706,1003,-219,2185,969,-77,79,131,237,216,0
2497430,483,483,143,237,6,190,1937,1032,351,83,245,246,241,0
2500749,483,484,481,50,1134,227,1637,1089,-16,-86,163,228,235,0
2504075,484,485,518,237,765,-7,707,1128,-180,-30,273,226,225,0
2507431,485,485,256,518,-314,-110,605,1187,27,-68,302,240,226,0
2510749,486,486,368,593,-651,-490,179,1242,18,-80,218,234,222,0
2514078,486,487,406,406,-1580,-768,-659,1279,-274,-10,281,232,216,0
2517435,487,487,312,556,-2874,-848,-1116,1307,22,75,323,237,224,0
2520770,488,488,200,631,-3531,-1131,-1716,1316,13,49,213,243,220,0
2524081,488,489,687,500,-3928,-784,-2383,1299,133,91,367,233,227,0
2527439,489,489,162,275,-3683,-463,-2802,1266,26,121,287,245,239,0
2530773,490,490,0,387,-3709,-557,-3130,1205,58,106,296,262,233,0
2534084,491,491,0,406,-3888,71,-3504,1117,-22,16,290,258,232,0
2537439,492,492,31,462,-3749,462,-3708,1025,53,27,287,252,229,0
2540774,492,492,87,537,-3107,1111,-3580,920,165,32,352,249,225,0
2544087,493,493,0,237,-2022,2127,-3156,809,116,22,222,255,231,0
2547439,494,494,0,443,-1965,2857,-2703,695,16,53,262,254,220,0
2550774,495,494,0,443,-1945,3414,-2466,562,180,-105,501,241,220,0
2554090,495,495,406,687,-357,2998,-1549,440,201,-124,420,222,207,0
2557439,496,496,556,518,1316,2319,-1187,317,288,-162,295,214,216,0
2560774,497,496,350,237,2787,1591,-705,209,23,-69,283,209,231,0
2564094,497,497,668,256,3933,646,-334,112,116,-134,220,208,230,0
2567440,498,498,312,331,4683,-402,-74,24,106,-182,245,227,226,0
2570775,499,499,256,0,5411,-1232,-14,-65,61,43,201,214,232,0
2574097,499,499,443,0,5644,-1629,94,-152,17,102,17,220,244,0
2577440,500,500,350,143,5491,-1435,135,-242,-104,109,94,225,236,0
2580775,501,501,275,0,4957,-1107,232,-345,17,54,151,213,229,0
2584100,501,501,481,106,4672,-1113,385,-452,46,99,59,218,238,0
2587441,502,502,462,275,4692,-1147,236,-544,-85,24,54,219,229,0
2590806,502,503,1193,575,3764,-1018,97,-631,-99,-16,62,206,223,0
2594104,503,503,481,331,2753,-1302,-84,-733,39,-129,118,228,236,0
2597462,504,504,218,312,1865,-1801,-334,-836,-403,175,139,242,237,0
2600796,505,505,481,350,-571,-1018,-807,-930,231,175,192,228,235,0
2604107,505,506,556,68,-536,194,-1485,-1037,215,211,83,224,234,0
2607465,506,507,593,0,511,1042,-1768,-1143,-58,153,277,222,246,0
2610799,507,507,875,162,754,1630,-2097,-1231,-78,-114,341,207,245,0
2614110,507,508,687,293,284,773,-2212,-1319,-538,-106,194,233,238,0
2617465,508,509,218,143,-1668,-57,-2298,-1396,-618,-231,108,242,230,0
2620800,509,509,12,406,-4122,-961,-2155,-1443,-85,-192,354,253,232,0
2624113,509,510,593,425,-5328,-2524,-1559,-1457,-70,-49,315,238,231,0
2627466,510,511,481,350,-5352,-2609,-1141,-1439,-140,175,156,244,235,0
2630800,511,512,181,143,-4866,-2004,-688,-1386,165,186,298,244,230,0
2634116,512,512,125,481,-3676,-690,-495,-1314,38,71,423,247,228,0
2637466,512,513,650,462,-3560,137,-517,-1232,90,4,297,235,229,0
2640829,513,514,443,462,-2705,447,181,-1117,-74,-121,354,234,217,0
2644120,514,514,0,631,-2212,241,1044,-968,-181,-172,330,244,208,0
2647466,515,515,293,818,-2901,-208,1590,-807,-54,-188,317,226,198,0
2650800,515,516,537,312,-2648,-910,2231,-638,245,-30,354,213,209,0
2654123,516,516,443,518,-430,-942,2793,-467,227,9,282,218,214,0
2657466,517,517,462,725,411,-633,2697,-305,98,10,156,217,203,0
2660801,517,517,518,556,915,-273,2721,-172,120,129,132,214,212,0
2664126,518,518,406,275,2031,355,2642,-52,-129,72,148,220,227,0
2667467,519,519,218,500,2055,830,2884,59,-91,-71,200,230,215,0
2670801,519,519,275,650,1766,358,2944,161,40,-41,191,227,207,0
2674129,520,520,143,293,2251,-378,2960,256,164,-16,138,234,226,0
2677467,521,521,293,125,3375,-135,3182,356,256,-56,169,226,235,0
2680801,521,522,350,0,5031,-40,3619,466,6,-36,93,223,231,0
2684132,522,522,181,406,5099,-474,3361,567,-173,4,26,232,220,0
2687490,523,523,256,50,4120,-420,2980,653,82,27,90,228,239,0
2690852,523,524,1025,406,4104,-177,2826,729,-129,75,92,215,232,0
2694135,524,525,425,0,2655,145,2217,791,-328,29,168,231,238,0
2697491,525,525,181,481,783,240,1648,840,139,-14,209,244,228,0
2700824,525,526,818,350,59,79,1262,882,251,-107,188,226,235,0
2704139,526,527,387,143,1151,-10,465,907,-74,-44,268,233,230,0
2707492,527,527,162,443,997,-218,230,939,-199,-29,219,245,230,0
2710825,528,528,368,575,46,-592,-3,985,31,-16,206,234,223,0
2714142,528,529,706,612,-1109,-686,-726,1018,-240,-72,279,232,221,0
2717492,529,529,50,537,-2407,-915,-1144,1048,-57,40,250,251,225,0
2720826,530,530,368,387,-3268,-1177,-1612,1066,13,50,314,234,233,0
2724145,531,531,706,556,-3144,-898,-2212,1069,-24,99,372,232,224,0
2727492,531,532,462,518,-3402,-731,-2786,1049,39,80,228,245,226,0
2730826,532,532,12,406,-3622,-715,-3190,998,-84,55,323,253,232,0
2734148,533,533,125,350,-4321,-260,-3615,921,69,30,219,247,235,0
2737492,534,534,0,537,-4288,5,-3856,822,76,59,250,265,225,0
2740854,534,535,125,293,-3972,415,-3984,713,165,57,412,253,228,0
2744151,535,535,0,50,-2424,1513,-3573,618,157,54,330,255,241,0
2747493,536,536,0,387,-1815,2252,-3217,511,-83,152,161,246,223,0
2750826,537,537,0,537,-2544,3108,-2876,389,-76,40,204,246,215,0
2754154,538,537,162,462,-2643,3678,-2298,267,223,-26,386,235,219,0
2757492,538,538,443,575,-908,3405,-1808,141,501,-143,432,220,213,0
2760826,539,539,425,350,1741,2945,-1632,3,198,-209,295,221,225,0
2764158,540,539,762,87,4317,1929,-1027,-113,120,-108,153,203,239,0
2767515,540,540,687,275,4771,945,-886,-225,108,-229,284,207,229,0
2770851,541,541,331,368,5099,-214,-580,-326,32,-131,260,226,224,0
2774161,541,541,631,162,4897,-1629,-458,-430,10,35,164,210,235,0
2777518,542,542,575,50,4817,-1768,-403,-535,110,157,73,213,241,0
2780855,543,543,387,256,5102,-1370,-213,-634,132,126,112,223,230,0
2784164,543,544,575,0,5805,-1169,152,-729,48,65,79,213,234,0
2787518,544,544,556,162,5466,-1188,295,-833,-196,10,47,214,235,0
2790854,545,545,556,575,3934,-933,253,-930,-74,12,87,224,223,0
2794167,545,546,406,106,2602,-911,191,-1017,45,-46,21,232,232,0
2797518,546,547,425,0,2668,-1353,4,-1105,-258,-114,44,231,239,0
2800860,547,547,293,181,1521,-1872,-292,-1184,-249,51,239,238,244,0
2804171,548,548,631,387,-581,-865,-928,-1264,-1,149,115,220,233,0
2807518,548,549,537,0,-326,242,-1483,-1350,66,184,220,225,241,0
2810860,549,549,631,31,443,1249,-1847,-1422,-123,-8,301,220,252,0
2814174,550,550,1250,87,1285,1472,-2137,-1496,-322,-111,299,203,249,0
2817519,550,551,575,237,79,973,-2476,-1573,-529,-245,112,239,241,0
2820860,551,552,0,218,-1972,-93,-2424,-1626,-486,-236,193,256,226,0
2824177,552,552,0,350,-4793,-1188,-2136,-1657,-189,-133,280,256,235,0
2827519,553,553,237,350,-5840,-1647,-1661,-1659,-33,-182,274,241,235,0
2830861,553,554,125,200,-5429,-2380,-1122,-1625,10,18,183,247,227,0
2834180,554,555,68,143,-5120,-2108,-823,-1564,166,153,357,250,230,0
2837519,555,555,125,275,-4082,-1143,-818,-1489,188,-2,493,247,239,0
2840861,556,556,0,293,-2533,-648,-279,-1385,-77,11,380,242,226,0
2844184,556,557,368,368,-1595,99,318,-1255,-19,-116,356,222,206,0
2847541,557,557,331,837,-1834,371,1076,-1097,-210,-276,338,224,197,0
2850861,558,558,537,743,-2365,-236,2039,-921,88,-102,359,213,202,0
2854187,558,559,481,537,-1713,-753,2516,-742,228,-81,334,216,213,0
2857544,559,559,406,631,-450,-613,2789,-565,268,37,294,220,208,0
2860862,559,560,950,631,987,-224,2982,-400,197,52,191,207,208,0
2864190,560,560,687,481,2226,615,2890,-253,-78,29,151,205,216,0
2867544,561,561,331,612,2414,1012,3088,-106,-88,24,217,224,209,0
2870862,562,562,312,593,2032,816,3204,25,18,-62,174,225,210,0
2874193,562,562,331,481,2154,-40,3212,154,99,-49,156,224,216,0
2877544,563,563,293,0,3028,-209,3473,280,166,-26,115,226,244,0
2880886,564,564,331,125,4706,-463,3663,409,39,-2,31,224,235,0
2884197,564,565,312,50,5300,-435,3427,529,-103,-14,-2,225,223,0
2887546,565,565,275,125,4678,-453,3216,636,126,-2,13,227,235,0
2890888,566,566,725,368,4649,-499,3053,726,-183,-7,-50,215,234,0
2894199,566,567,293,125,3179,-94,2766,804,-270,-6,25,238,231,0
2897545,567,567,275,443,1242,281,2311,868,-69,-18,105,239,230,0
2900887,568,568,0,143,121,198,2005,925,62,0,145,259,246,0
2904202,568,569,593,425,-55,289,1297,965,257,-56,259,238,231,0
2907545,569,570,387,368,471,-140,906,1003,-177,-12,232,233,218,0
2910888,570,570,331,631,162,-959,679,1053,63,-13,319,236,220,0
2914206,571,571,668,612,-49,-1197,291,1108,-101,-52,310,218,221,0
2917545,571,572,856,575,-756,-1461,-293,1157,-275,3,299,224,223,0
2920888,572,572,368,518,-2667,-1896,-1090,1189,195,32,327,234,226,0
2924210,573,573,518,687,-3522,-1782,-1738,1213,95,146,362,226,217,0
2927567,573,574,781,537,-3441,-1469,-2435,1212,70,97,252,228,225,0
2930888,574,575,106,0,-3661,-1136,-3161,1180,30,-9,344,248,238,0
2934212,575,575,200,556,-3882,-972,-3646,1118,95,74,371,243,224,0
2937570,576,576,0,293,-3891,-907,-3974,1029,16,29,233,268,238,0
2940888,576,577,125,181,-3863,-424,-4302,920,28,42,272,253,234,0
2944216,577,577,0,293,-3202,36,-4228,814,194,37,237,259,228,0
2947571,578,578,0,31,-1997,621,-3964,699,-84,124,166,253,242,0
2950889,579,579,0,387,-1995,1780,-3464,580,-2,131,203,245,223,0
2954218,580,579,0,331,-2562,2551,-3088,450,-24,107,160,243,226,0
2957571,580,580,200,387,-2603,3193,-2691,302,289,15,269,233,223,0
2960889,581,581,293,481,-1604,3570,-2441,148,468,-90,253,228,218,0
2964222,582,582,0,162,1425,3433,-2147,-6,359,-55,212,229,235,0
2967571,582,582,743,256,3670,3016,-2192,-167,125,-133,322,204,230,0
2970914,583,583,668,162,5079,1782,-1736,-312,-42,-113,201,208,235,0
2974225,584,584,387,0,5175,482,-1400,-452,-120,-108,262,207,231,0
2977571,584,584,725,425,4751,-607,-1280,-592,27,-57,259,205,221,0
2980918,585,585,556,331,4964,-1272,-1131,-728,246,155,189,214,226,0
2984228,586,586,762,0,6155,-1276,-907,-865,123,114,106,203,233,0
2987571,586,587,668,0,6751,-1089,-534,-996,-42,97,87,208,230,0
2990918,587,587,425,368,6171,-866,-80,-1106,-198,107,142,231,234,0
2994232,588,588,406,556,4500,-1007,-4,-1206,-227,98,69,232,224,0
2997572,588,589,293,0,2375,-922,-241,-1309,49,-159,86,238,240,0
3000918,589,589,406,31,1427,-1381,-314,-1406,-328,71,65,232,252,0
