Time, Rlegs, Llegs, DCL, DCR, GyroX, GyroY, GyroZ, GyroZAvg, AccelX, AccelY, AccelZ, LBEMF, RBEMF, SteerOut
1907,1092,1124,0,0,207,-129,-156,-156,-17,-2,232,90,92,0
5230,1092,1124,0,0,207,-132,-158,-156,-18,0,228,92,92,0
8555,1092,1124,0,0,206,-129,-155,-156,-17,0,226,91,92,0
11910,1092,1124,0,0,208,-131,-157,-156,-18,1,228,91,92,0
15230,1092,1124,0,0,206,-132,-156,-156,-19,-2,226,91,92,0
18558,1092,1124,0,0,207,-133,-156,-156,-20,-2,225,91,92,0
21912,1092,1124,0,0,207,-132,-157,-156,-19,1,227,91,92,0
25230,1092,1124,0,0,207,-131,-157,-156,-18,0,230,92,92,0
28561,1092,1124,0,0,207,-131,-157,-156,-13,-3,230,91,92,0
31912,1092,1124,0,0,207,-128,-154,-156,-19,-1,232,90,92,0
35230,1092,1124,0,0,206,-129,-157,-156,-18,-1,223,91,92,0
38564,1092,1124,0,0,208,-130,-158,-156,-15,-1,230,91,92,0
41917,1092,1124,0,0,208,-128,-156,-156,-15,0,230,92,92,0
45252,1092,1124,0,0,208,-127,-155,-156,-14,0,230,92,92,0
48568,1092,1124,0,0,208,-130,-157,-156,-15,0,228,91,92,0
51921,1092,1124,0,0,207,-129,-155,-156,-17,0,225,92,92,0
55255,1092,1124,0,0,209,-130,-157,-156,-16,-1,226,92,92,0
58571,1092,1124,0,0,207,-131,-157,-156,-16,-2,226,92,92,0
61920,1092,1124,0,0,209,-132,-155,-156,-15,0,228,91,92,0
65255,1092,1124,0,0,206,-130,-157,-156,-21,-1,226,91,92,0
68574,1092,1124,0,0,208,-129,-154,-156,-17,0,226,92,92,0
71921,1092,1124,0,0,209,-135,-157,-156,-18,2,222,91,92,0
75256,1092,1124,0,0,207,-131,-156,-156,-17,-1,232,92,92,0
78577,1092,1124,0,0,208,-128,-157,-156,-18,0,221,91,92,0
81921,1092,1124,0,0,206,-131,-155,-156,-17,0,225,92,92,0
85256,1092,1124,0,0,208,-129,-155,-156,-18,2,227,92,92,0
88581,1092,1124,0,0,207,-129,-156,-156,-15,-2,224,92,92,0
91922,1092,1124,0,0,207,-131,-158,-156,-16,-1,224,91,92,0
95256,1092,1124,0,0,207,-129,-157,-156,-17,-2,230,91,92,0
98583,1092,1124,0,0,206,-131,-158,-156,-16,-1,226,92,92,0
101922,1092,1124,0,0,207,-133,-157,-156,-18,-1,229,91,92,0
105256,0,0,743,725,207,-132,-156,-156,-16,0,229,91,92,0
108586,0,0,743,725,206,-130,-158,-156,-17,-2,229,91,92,0
111922,0,0,743,725,208,-130,-156,-156,-17,0,228,91,92,0
115257,0,0,743,725,207,-133,-157,-156,-22,-2,227,91,92,0
118590,0,0,743,725,207,-131,-158,-156,-17,-1,225,91,92,0
121943,0,0,743,725,206,-133,-156,-156,-18,0,229,91,92,0
125278,0,0,725,725,207,-132,-157,-156,-18,0,226,92,92,0
128593,0,0,743,725,206,-130,-156,-156,-16,1,223,91,92,0
131947,0,0,725,725,207,-126,-157,-156,-16,-1,227,92,92,0
135281,0,0,743,725,205,-131,-160,-156,-18,-3,224,91,92,0
138596,0,0,743,725,204,-129,-155,-156,-17,0,231,91,92,0
141947,0,0,725,725,208,-127,-158,-156,-16,-3,224,92,92,0
145282,0,0,743,725,209,-130,-158,-156,-17,-1,225,91,92,0
148599,0,0,743,725,208,-131,-157,-156,-17,-1,227,91,92,0
151947,0,0,725,725,208,-129,-155,-156,-19,1,229,92,92,0
155282,0,0,743,725,206,-132,-155,-156,-17,0,222,91,92,0
158603,0,0,725,725,208,-128,-157,-156,-16,-2,225,92,92,0
161947,0,0,743,725,207,-131,-155,-156,-19,0,227,91,92,0
165282,0,0,743,725,207,-129,-156,-156,-18,-1,230,91,92,0
168606,0,0,743,725,206,-131,-156,-156,-13,-6,229,91,92,0
171948,0,0,743,725,205,-131,-155,-156,-17,1,227,91,92,0
175283,0,0,743,725,206,-134,-156,-156,-15,-2,230,91,92,0
178610,0,0,743,725,208,-131,-157,-156,-12,1,228,91,92,0
181948,0,0,743,725,206,-129,-153,-156,-17,0,226,91,92,0
185282,0,0,725,725,209,-133,-156,-156,-16,0,227,92,92,0
188612,0,0,743,725,207,-130,-157,-156,-19,-2,229,91,92,0
191948,0,0,725,725,206,-130,-156,-156,-18,-1,229,92,92,0
195283,0,0,743,725,204,-129,-159,-156,-16,-2,232,91,92,0
198615,0,0,743,725,206,-133,-154,-156,-15,0,223,91,92,0
201970,0,0,743,725,207,-131,-158,-156,-18,0,227,91,92,0
205308,0,0,2993,2975,204,-133,-156,-156,-40,17,250,92,93,0
208618,1,1,556,1043,128,-288,-94,-154,-136,-19,234,222,196,0
211975,1,1,1137,1156,-564,-184,-41,-150,8,-19,379,223,222,0
215309,2,2,706,725,-865,-411,-29,-146,1,-62,371,246,245,0
218622,3,3,593,800,-807,-1276,137,-137,-154,12,348,252,241,0
221976,3,3,1193,1456,-1258,-1886,244,-125,-113,45,416,252,238,0
225309,4,4,1006,1512,-1577,-2593,270,-111,-24,95,436,262,235,0
228625,5,4,856,1531,-1136,-3360,193,-100,-2,278,431,270,250,0
231976,5,5,1231,1250,-716,-3118,192,-90,5,495,402,260,259,0
235310,6,6,1156,1231,-11,-2029,-206,-91,-68,490,382,264,260,0
238629,7,7,1306,1062,-235,-597,-711,-108,-337,351,278,256,269,0
241977,8,7,650,1437,-1202,126,-824,-129,-65,229,224,291,265,0
245310,9,8,443,1287,-1896,738,-231,-132,-131,208,-17,302,273,0
248631,9,9,893,931,-2548,1426,185,-121,153,-96,-26,310,308,0
251977,10,10,575,406,-2408,1012,352,-105,157,-161,70,327,336,0
255310,11,11,500,275,-1802,-1,501,-84,168,-129,-5,331,343,0
258634,12,12,350,218,813,-632,-162,-85,53,62,21,339,346,0
261977,13,13,1025,706,759,-890,-387,-92,14,-249,101,341,358,0
265310,14,14,650,575,858,-1207,-547,-104,123,172,-144,361,365,0
268638,16,15,256,668,1586,-1080,2,-99,27,68,25,366,360,0
271977,17,17,406,425,1624,-594,-310,-104,95,141,-126,374,373,0
275311,18,18,312,256,2058,-183,-462,-113,-14,85,83,379,382,0
278641,19,19,312,275,1984,254,-737,-132,-61,-10,-117,379,381,0
281999,20,20,406,275,1221,619,-1238,-165,217,80,-18,374,381,0
285311,21,21,350,875,1542,642,-1584,-210,-80,-557,42,393,365,0
288644,23,22,218,856,1182,180,-1270,-245,306,123,215,379,361,0
292002,24,24,631,781,2232,-310,-1204,-278,-58,68,545,357,349,0
295335,25,25,1268,1343,2280,-362,-828,-299,-691,312,39,339,335,0
298647,26,26,1212,1418,-1715,751,-761,-318,-54,277,511,342,331,0
302002,27,26,1868,1925,-2837,759,-921,-341,296,8,933,307,320,0
305339,28,27,2131,1887,-1698,-1201,-448,-351,510,73,1133,293,322,0
308650,28,28,3068,1962,1334,-3322,4,-345,146,440,837,275,334,0
312003,29,29,3012,2131,1869,-4001,619,-321,-4,441,912,278,325,0
315343,30,30,2487,1681,1621,-3957,857,-292,197,416,779,311,354,0
318654,31,31,1700,1550,2130,-3143,1335,-249,-96,655,398,353,361,0
322003,32,33,1662,912,1343,-1017,1137,-212,712,422,464,371,395,0
325344,33,34,1606,481,3786,437,821,-191,274,456,136,374,418,0
328658,34,35,1550,368,6813,1342,963,-168,-297,291,10,377,424,0
332003,36,37,631,593,4855,957,654,-156,-156,-402,106,426,412,0
335345,37,38,425,368,3025,-713,1095,-128,300,-271,-210,437,424,0
338660,38,39,556,612,3444,-219,590,-116,142,236,-53,430,411,0
342004,40,41,256,0,4259,777,1113,-74,370,-437,-37,424,427,0
345345,41,42,162,0,4097,329,2371,21,-342,-113,-147,429,438,0
348663,43,43,0,387,2160,-802,2462,124,46,-42,-56,440,401,0
352004,44,45,218,0,2843,-733,1868,189,265,84,111,410,427,0
355345,45,46,462,0,3618,-189,1871,242,-309,118,38,397,406,0
358666,46,47,912,800,1690,626,2494,309,-482,259,215,389,379,0
362004,48,48,725,1006,1203,1302,2118,359,-37,72,121,383,368,0
365346,49,50,387,818,1661,2864,2414,440,-442,416,-7,401,362,0
368669,50,51,575,818,380,4673,1907,512,106,280,183,391,362,0
372025,51,52,987,1343,477,4840,1410,573,16,-19,118,407,372,0
375346,53,53,481,1062,574,5355,1267,612,101,-121,-305,418,387,0
378673,54,54,575,575,1456,5002,1751,677,479,-51,-82,413,413,0
382029,55,56,462,650,2915,4220,2098,757,-177,-38,11,435,409,0
385346,57,57,331,481,3360,4544,1700,833,-16,124,-30,426,418,0
388676,58,58,218,462,3651,4503,802,897,345,-219,64,432,419,0
392029,59,60,12,0,4882,3711,775,970,-215,-130,-11,443,439,0
395347,61,61,500,575,3861,3426,775,1034,-919,-32,-15,417,413,0
398679,62,62,162,687,-684,3427,-54,1070,-284,-242,188,430,402,0
402029,64,64,0,1156,-2739,3176,-459,1082,-575,-496,254,429,361,0
405372,65,65,312,1512,-5542,2803,-224,1098,-780,-5,52,422,358,0
408682,66,66,575,1493,-9444,2444,-906,1099,-196,62,257,408,359,0
412029,67,67,856,1306,-9996,1948,-1514,1066,-223,-232,19,393,369,0
415372,69,68,1362,950,-10513,784,-2012,1003,225,-389,480,350,388,0
418685,70,70,2412,931,-7180,-2574,-1982,921,359,-297,693,326,405,0
422030,71,71,1625,181,-5102,-6069,-1746,840,109,-155,239,352,429,0
425372,72,72,1306,425,-4526,-8636,-1534,750,147,206,147,374,421,0
428689,73,74,1175,368,-3964,-9318,-495,699,319,248,194,381,424,0
432030,74,75,1193,50,-842,-7626,105,677,565,203,657,396,441,0
435372,76,76,331,481,3586,-6478,1340,689,370,227,220,426,418,0
438693,77,78,387,293,5790,-4881,2315,741,-265,588,-4,423,412,0
442030,78,79,706,650,4792,-3027,1835,764,-17,250,350,422,409,0
445374,80,80,181,556,4443,-2635,1939,806,-103,110,336,434,414,0
448695,81,82,481,500,2006,-1855,1615,822,-318,191,285,418,401,0
452051,82,83,425,462,448,258,858,774,613,218,282,415,397,0
455373,84,84,0,275,2847,1954,723,720,-509,397,54,438,407,0
458698,85,86,31,0,-397,5052,236,669,-922,152,-192,420,412,0
462054,86,87,293,0,-4026,5968,-27,610,24,-234,311,406,408,0
465373,87,88,800,275,-3546,6315,1,532,-484,-256,233,379,391,0
468701,89,89,912,1025,-4754,4312,211,472,-7,-331,613,389,367,0
472055,90,90,950,1850,-4220,1688,583,415,-101,-342,977,371,323,0
475374,91,91,1118,1700,-2809,-1209,1406,399,-287,58,656,362,331,0
478705,92,92,1250,1475,-3079,-4196,1437,400,527,73,549,355,343,0
482056,93,94,1887,1400,-1017,-4495,1228,399,-276,48,98,359,369,0
485374,94,95,1456,1100,-521,-3585,1608,394,155,123,360,382,385,0
488708,95,96,893,743,1632,-2262,1239,368,-112,43,107,412,404,0
492056,97,97,556,818,1664,-1380,817,340,-285,136,-295,430,416,0
495398,98,99,293,350,1682,-107,166,320,-10,-87,-33,444,425,0
498712,100,100,0,481,1452,-538,433,309,446,-261,143,451,418,0
502056,101,101,556,537,2956,-1607,929,314,101,-132,157,414,415,0
505403,103,103,31,556,4582,-2495,296,325,339,86,-61,442,414,0
508714,104,104,181,0,5934,-2985,-158,335,252,-97,74,429,444,0
512056,105,106,237,0,6643,-3945,210,348,-352,-26,-147,426,425,0
515402,107,107,0,650,5200,-4130,287,385,-858,303,-131,441,404,0
518717,108,108,237,893,811,-3059,-778,408,-1,77,76,426,391,0
522056,109,110,368,593,-814,-1827,-1299,431,-479,357,35,419,391,0
525402,110,111,725,1062,-2514,37,-1779,437,203,79,228,400,366,0
528721,112,112,1231,1475,-2754,518,-2124,425,144,216,689,373,360,0
532079,113,113,1175,1175,-1676,1295,-1774,418,-458,524,260,376,376,0
535403,114,114,1268,1156,-2714,3023,-1704,380,-364,419,364,376,382,0
538725,115,115,1400,931,-5752,3981,-1815,320,-48,346,492,369,394,0
542080,116,117,1831,762,-5680,4490,-1469,232,603,366,525,362,403,0
545404,117,118,2187,406,-3306,4745,-2288,88,876,-66,458,343,422,0
548728,118,119,1925,350,2427,3512,-2615,-50,490,174,456,357,425,0
552081,120,121,1531,406,4250,1512,-2689,-194,-387,-178,257,378,422,0
555403,121,122,518,500,2653,-114,-2344,-318,23,186,-431,432,417,0
558730,122,123,593,893,947,908,-2536,-424,96,41,-502,428,396,0
562080,124,125,87,237,1041,2851,-2421,-522,292,-28,213,433,409,0
565403,125,126,312,0,1443,3272,-1463,-576,-297,-60,-232,421,435,0
568734,126,127,500,12,-26,2167,-369,-586,-409,13,-255,411,421,0
572081,128,129,331,0,-315,877,-396,-599,252,-168,-105,404,417,0
575405,129,130,481,0,561,-266,-1419,-650,153,-166,-71,396,426,0
578737,130,131,668,331,1816,301,-826,-694,-531,154,383,402,404,0
582081,132,132,387,1212,180,-158,-109,-741,-655,-90,284,401,357,0
585406,133,134,668,1325,-2253,-2040,-908,-814,-612,-104,503,386,335,0
588741,134,134,687,1400,-6563,-2711,-639,-873,-10,-100,749,385,347,0
592081,135,136,1456,1250,-6376,-3267,-672,-944,548,-34,794,382,377,0
595409,136,137,1175,1137,-4190,-2839,-130,-987,460,58,586,397,383,0
598743,138,138,425,612,85,-1871,102,-1009,93,24,252,421,411,0
602081,139,139,350,875,-344,-1779,345,-1003,151,144,233,441,413,0
605412,141,141,0,443,1025,-781,659,-996,408,84,216,454,420,0
608746,142,142,331,125,3195,292,1259,-986,163,135,-45,426,437,0
612106,143,144,0,312,3345,-145,760,-971,102,90,472,459,411,0
615415,145,145,68,818,4379,-838,753,-943,388,-151,214,440,400,0
618750,146,146,425,575,7456,-998,676,-928,-135,-96,116,416,408,0
622109,147,148,162,106,6848,-1428,-89,-940,-816,-72,25,430,417,0
625418,149,149,387,556,2176,-274,-726,-939,-387,44,-105,418,409,0
628753,150,150,331,1006,-469,109,-994,-929,131,-48,238,421,385,0
632109,151,152,350,650,-861,-322,-1318,-915,-599,51,291,420,388,0
635422,153,153,443,743,-4417,-70,-2226,-918,380,241,69,399,383,0
638756,154,154,912,1025,-3462,707,-2302,-934,150,143,509,390,384,0
642114,155,155,1268,1006,-3637,2306,-2274,-952,-147,129,343,371,385,0
645425,156,156,1793,593,-4098,2725,-2535,-975,700,-245,812,348,412,0
648760,157,158,2112,0,-1357,923,-2078,-994,662,-9,1047,331,432,0
652115,158,159,2093,237,2630,22,-1940,-983,-155,135,734,348,431,0
655428,159,161,1887,12,4643,-867,-1381,-944,-87,273,181,359,427,0
658763,160,162,1362,237,4048,-1759,-1408,-904,64,221,255,387,415,0
662116,162,163,818,556,5421,-2057,-879,-858,-22,147,-68,416,414,0
665431,163,165,462,368,4944,-1515,-604,-798,166,224,-201,435,408,0
668766,165,166,350,406,4592,-377,-841,-749,-60,84,-356,441,406,0
672116,166,167,237,200,3734,19,-1168,-739,317,-151,218,425,411,0
675435,167,169,687,0,5088,-851,-188,-734,-173,-231,42,401,413,0
678769,169,170,312,50,3664,-1693,558,-704,-804,227,-70,421,403,0
682116,170,171,68,143,-357,-1463,4,-659,266,272,164,418,398,0
685438,171,173,87,68,-386,425,-1211,-672,166,234,-85,417,386,0
688773,173,174,275,237,501,2092,-652,-688,-637,226,137,423,393,0
692116,174,175,425,518,-1658,2993,-525,-677,-535,-316,287,399,378,0
695441,175,176,406,856,-4696,2264,117,-653,-771,-89,75,400,360,0
698776,176,177,425,1156,-7985,1310,777,-608,-573,-164,226,399,344,0
702116,178,178,1062,1550,-10531,487,1025,-572,73,-281,173,387,361,0
705444,179,179,612,1043,-10493,-1133,1266,-535,639,44,185,411,388,0
708779,180,181,668,425,-6140,-1272,1373,-503,1090,-125,266,408,405,0
712117,182,182,687,668,-1628,-1533,1314,-483,-193,-9,120,407,408,0
715447,183,183,443,518,-1424,-581,1371,-479,-417,108,15,420,416,0
718782,184,185,125,218,-3016,-87,1191,-466,452,-141,-16,437,416,0
722117,186,186,0,537,-1769,-32,1340,-447,353,-165,24,433,399,0
725450,187,187,143,837,175,-170,1263,-429,177,103,23,436,399,0
728786,189,189,0,143,1920,343,1201,-389,214,182,54,440,415,0
732142,190,190,0,50,3358,319,1468,-320,-50,-270,319,425,420,0
735455,191,191,593,406,2792,567,1167,-252,-284,-14,506,407,417,0
738788,193,193,575,218,1532,1515,706,-189,297,32,520,408,411,0
742143,194,194,931,743,2225,1610,391,-107,309,-396,761,373,383,0
745457,195,195,1437,725,3725,1096,413,-23,482,-110,783,346,384,0
748792,196,196,2131,1568,5169,564,727,70,-7,-379,989,325,355,0
752143,197,197,1962,1568,4784,-589,354,160,-289,-158,858,334,355,0
755461,198,198,1381,1362,1935,-2046,-310,216,-296,-253,1000,418,419,0
758795,199,200,1662,1062,85,-3713,-706,254,163,36,621,403,419,0
762144,200,201,1662,631,215,-4361,-591,279,341,161,567,419,458,0
765463,202,203,1006,50,3003,-3332,-500,307,464,204,242,438,473,0
768797,203,204,912,218,3895,-2259,-508,319,-54,71,48,443,464,0
772143,205,206,481,387,2716,-1366,-227,331,-531,70,-79,466,455,0
775466,206,208,762,256,820,-1561,-598,338,-440,80,74,451,446,0
778801,208,209,0,593,-314,-1633,-836,349,426,-409,193,491,428,0
782144,209,210,0,312,-527,-1699,-321,345,284,-230,-232,476,437,0
785469,211,212,312,0,859,-2845,608,346,-382,-92,-376,437,445,0
788804,212,213,200,0,-514,-3661,1127,381,-276,407,-8,443,455,0
792143,214,215,237,0,-978,-3335,722,442,251,34,-51,425,436,0
795473,215,216,106,0,-698,-2232,386,474,-232,12,-189,432,427,0
798808,217,218,425,200,-1810,-1269,133,495,-416,213,143,431,427,0
802144,218,219,556,837,-2522,-355,465,505,117,154,123,408,377,0
805476,219,220,837,650,-2652,706,448,495,5,262,32,393,387,0
808810,220,221,518,875,-3046,2417,537,480,-105,195,216,410,375,0
812169,222,222,687,1231,-3377,3062,77,443,401,-130,176,423,394,0
815479,223,224,556,800,-2399,2845,-17,399,-182,55,-192,430,401,0
818813,224,225,800,275,-2314,2454,210,365,266,185,-109,417,429,0
822172,226,226,350,518,-839,2076,371,334,172,-69,211,441,432,0
825482,227,228,425,425,-155,1792,15,297,-104,29,-65,437,421,0
828817,229,229,256,481,84,1911,-207,249,-136,34,-85,446,418,0
832173,230,231,200,0,884,1821,-541,192,480,-110,78,433,429,0
835486,231,232,462,293,2268,1493,-743,131,121,-91,0,435,428,0
838820,233,234,162,387,2104,1586,-971,55,-391,131,-137,430,418,0
842177,234,235,50,0,763,1942,-1515,-28,-75,27,36,436,429,0
845489,236,236,0,631,-136,2151,-2020,-113,-414,-51,-84,442,405,0
848823,237,237,537,931,-1112,2009,-1641,-176,-95,256,299,410,389,0
852181,238,239,781,968,-1823,2218,-1956,-250,641,101,806,397,371,0
855493,239,240,1868,1137,1586,1635,-1102,-308,104,-192,1050,339,362,0
858826,240,241,2768,1418,4255,-46,10,-318,135,-266,1307,307,363,0
862181,241,242,2525,1400,5191,-2292,515,-293,-305,139,1422,320,364,0
865495,242,243,1962,1418,3299,-3782,1036,-238,90,256,1132,355,368,0
868830,243,244,1493,1081,2070,-3946,1059,-187,26,282,685,380,386,0
872181,245,246,1193,687,2302,-3259,883,-143,103,396,535,396,407,0
875499,246,247,875,143,4567,-1071,1327,-86,-207,502,218,413,436,0
878833,247,248,743,0,3933,289,1364,-36,-263,22,-339,420,445,0
882182,249,250,537,125,1661,708,1486,28,-351,-222,-270,431,437,0
885502,250,251,500,537,229,-591,1438,99,-150,-95,388,433,415,0
888836,251,253,462,706,-283,-1255,1144,145,585,-327,164,435,406,0
892182,253,254,0,0,385,-1564,1469,172,-331,106,-256,440,433,0
895505,254,255,312,12,-759,-1492,1924,197,-19,246,-127,421,421,0
898839,256,257,68,50,-410,-961,2138,241,169,86,-222,434,419,0
902183,257,258,256,0,-542,-578,2360,303,-353,13,-90,408,427,0
905508,258,259,425,0,-1627,-52,1789,354,-397,150,197,399,406,0
908842,260,261,762,425,-2046,422,1683,392,168,52,40,397,399,0
912183,261,262,612,537,-2228,981,2101,444,-171,114,-34,389,377,0
915512,262,263,462,762,-1578,1950,2024,490,68,-29,114,397,365,0
918846,263,264,575,143,-947,2572,1596,538,101,-37,45,391,398,0
922204,265,265,856,1062,-1391,2819,1510,586,70,16,103,398,387,0
925514,266,267,331,462,-790,2328,1349,621,328,-175,-22,426,403,0
928849,267,268,387,87,344,2040,1589,659,-154,118,-128,423,423,0
932207,269,269,387,556,660,2405,1444,704,-43,213,-25,423,414,0
935517,270,271,387,200,1539,2548,1189,748,261,13,135,423,417,0
938852,271,272,387,0,2791,2241,1131,800,122,56,-57,423,430,0
942208,273,274,0,0,3463,2265,899,851,-288,129,-76,429,415,0
945522,274,275,312,293,2994,2195,263,890,-131,-80,144,427,412,0
948855,275,276,312,143,638,2126,-410,924,-396,-289,247,422,415,0
952208,277,277,12,912,-2122,2428,-992,956,-306,-21,53,422,374,0
955524,278,278,387,1718,-4532,2362,-1318,966,-751,-187,498,418,347,0
958858,279,280,687,1512,-7407,845,-1501,981,234,-490,812,402,358,0
962208,280,281,2262,781,-6704,-764,-1785,959,935,-347,1278,318,381,0
965527,281,282,2375,162,361,-2545,-2472,882,697,-210,1473,312,414,0
968861,282,283,2525,500,5726,-2712,-1516,818,-229,-149,1377,320,412,0
972209,283,285,1925,0,6221,-3249,-323,776,-357,-82,888,352,430,0
975530,284,286,1193,0,3547,-2809,195,749,-75,207,863,396,442,0
978865,286,287,87,87,3849,-1618,164,726,304,51,449,439,423,0
982209,287,289,912,0,5874,-927,614,704,177,141,-204,411,437,0
985533,288,290,1025,0,7074,-784,1300,702,-282,151,-339,405,435,0
988868,290,292,368,0,5264,-572,1557,704,-230,182,173,424,432,0
992209,291,293,425,200,3696,-608,354,670,31,9,-253,437,417,0
995537,292,294,387,518,3358,-220,164,640,114,-81,-46,439,400,0
998871,294,296,31,500,3926,85,721,616,-147,-236,319,442,401,0
1002209,295,297,275,0,4287,-823,1759,611,-43,-240,-33,423,418,0
1005540,297,298,0,143,2976,-2545,1400,588,-212,231,-353,438,398,0
1008874,298,299,0,162,1664,-1805,1104,549,128,258,63,424,397,0
1012230,299,301,218,0,2605,-46,1439,538,-139,-64,181,410,400,0
1015543,301,302,275,0,2358,904,1163,522,-439,177,113,407,394,0
1018879,302,303,425,650,258,1227,1085,490,-462,-42,216,399,371,0
1022234,303,304,406,1137,-1874,1078,1444,472,-595,-78,4,400,345,0
1025547,304,305,725,1493,-5643,530,1856,480,-371,266,350,383,326,0
1028881,305,306,612,1231,-7771,64,1904,492,136,-141,27,389,340,0
1032234,307,308,912,818,-7432,-873,1716,504,12,413,129,395,384,0
1035549,308,309,518,762,-5006,-218,1498,501,450,-136,-130,416,387,0
1038884,309,310,593,256,-3615,-404,1667,508,-66,-256,5,412,414,0
1042234,311,312,481,200,-3899,-512,1942,531,-366,56,-81,418,417,0
1045554,312,313,368,218,-4780,-148,1710,550,109,16,60,424,416,0
1048887,313,314,0,350,-4123,-122,1254,561,315,-225,-20,445,409,0
1052235,315,316,0,106,-3571,-599,1143,588,-23,85,-52,430,406,0
1055556,316,317,387,425,-2384,-993,1099,635,184,-5,59,423,405,0
1058891,317,318,518,237,-1455,-1532,978,697,-130,-30,-52,411,410,0
1062235,319,320,0,12,-1971,-1557,540,755,-262,229,-97,423,406,0
1065559,320,321,312,575,-3417,-1021,194,808,-71,99,25,422,392,0
1068893,321,322,312,593,-3642,-939,235,871,629,124,262,422,391,0
1072235,323,323,518,612,-2096,-4,280,957,-21,282,434,395,390,0
1075563,324,324,1081,856,1292,1506,411,1017,721,148,857,365,377,0
1078897,325,326,2487,931,3940,1579,848,1054,218,-55,1147,306,373,0
1082235,326,327,2543,1081,5108,-129,1675,1100,434,-84,1441,303,365,0
1085565,327,328,2018,1212,7062,-1967,1536,1143,-373,41,1100,336,363,0
1088924,328,329,1850,1287,4872,-3153,1755,1179,-133,35,947,361,375,0
1092256,329,330,1418,1062,3864,-3758,1073,1172,116,488,419,384,387,0
1095569,330,331,1437,950,4208,-2202,897,1151,-132,513,257,383,393,0
1098927,331,333,1437,256,4434,-30,471,1155,127,182,-138,399,430,0
1102260,333,334,350,331,4537,1892,559,1167,-336,57,-190,441,426,0
1105572,334,336,425,125,3549,2061,754,1168,-308,-29,150,437,421,0
1108930,336,337,275,743,1761,1408,487,1128,220,-227,108,445,404,0
1112260,337,338,50,425,-226,676,912,1113,-266,-178,-278,435,399,0
1115575,339,339,256,387,-407,-77,1028,1111,-98,-81,-90,424,401,0
1118934,340,341,181,0,-759,-316,1590,1115,21,-91,95,412,432,0
1122261,341,342,181,0,-435,-35,1709,1132,-247,179,-240,412,414,0
1125578,342,343,275,0,-1503,710,1691,1151,-214,382,-47,407,411,0
1128936,344,345,500,293,-1155,1282,1264,1146,113,-83,69,395,390,0
1132261,345,346,443,425,-1164,1636,1831,1145,-108,116,-43,398,383,0
1135581,346,347,818,668,-1483,1895,1807,1142,240,85,199,378,370,0
1138969,347,348,1381,1418,-113,2613,1729,1142,-37,-94,-128,386,368,0
1142261,349,350,668,500,-323,3547,1602,1145,-82,-142,35,408,401,0
1145585,350,351,500,518,-665,3192,1910,1153,442,-302,1,417,400,0
1148943,351,352,462,612,593,2604,2078,1157,47,-112,-57,419,395,0
1152261,353,353,218,875,-157,1811,2010,1167,-278,-126,67,432,397,0
1155588,354,355,518,350,-1174,1077,1900,1187,489,-161,141,416,409,0
1158943,355,356,387,500,365,321,2287,1223,250,27,-152,423,401,0
1162262,357,357,0,256,2605,594,2184,1257,-367,240,23,443,414,0
1165591,358,359,312,125,2487,1013,1529,1274,36,-125,200,427,421,0
1168948,359,360,293,0,1237,887,993,1288,-302,-240,-45,423,423,0
1172283,361,362,162,12,-1651,999,455,1296,-554,-9,17,414,406,0
1175594,362,363,406,987,-2867,1538,96,1292,-254,-295,193,417,370,0
1178952,363,364,106,1137,-4013,1297,-455,1269,-442,-227,248,433,362,0
1182287,365,365,462,1081,-7333,821,-926,1227,-617,-265,255,398,365,0
1185598,366,366,1400,743,-7385,-296,-1553,1152,1174,-450,1204,348,383,0
1188952,367,368,2468,481,-2304,-1898,-1432,1055,837,169,1743,307,397,0
1192286,368,369,2281,87,6079,-2404,-789,982,-521,-235,1467,317,418,0
1195601,369,370,1925,200,6300,-3228,-6,927,-682,256,894,341,417,0
1198952,370,372,1231,200,3773,-3236,344,904,-136,104,1052,394,417,0
1202287,371,373,1212,0,4421,-2302,269,885,198,88,228,395,434,0
1205604,372,374,1118,0,6449,-1588,437,884,-94,219,-119,400,433,0
1208952,374,376,1043,0,6235,-1094,910,895,-306,16,-240,404,435,0
1212287,375,377,668,68,2946,-391,622,891,157,-97,-296,424,424,0
1215607,376,378,181,275,3838,-690,141,880,90,-160,-262,450,413,0
1218953,378,380,481,762,4596,-758,48,853,40,-197,282,434,387,0
1222287,379,381,143,0,3582,-580,524,837,-189,-459,-81,430,413,0
1225610,381,382,0,106,2895,-1784,1229,826,-244,27,-101,432,400,0
1228953,382,384,368,87,1954,-2473,1192,810,-47,122,-119,402,385,0
1232287,383,385,387,50,1363,-1339,811,782,-46,83,19,401,387,0
1235613,384,386,312,0,924,141,711,765,-265,211,260,405,416,0
1238954,386,387,200,275,682,970,357,719,-290,29,357,411,391,0
1242288,387,389,312,312,-1169,1838,467,677,-138,109,-57,405,373,0
1245617,388,390,575,593,-1521,2522,346,634,-447,187,137,391,358,0
1249002,389,391,1437,1662,-2516,3107,923,612,-410,-193,37,383,339,0
1252309,391,392,687,1493,-5283,1886,1503,600,-335,-120,97,407,348,0
1255621,392,393,668,1306,-6207,345,1735,589,181,273,56,408,358,0
1258978,393,394,650,725,-4973,-502,1234,565,368,-56,-147,409,389,0
1262313,395,395,706,668,-3117,-270,1980,567,-184,300,19,406,408,0
1265623,396,397,593,181,-2551,571,2039,559,93,-28,178,412,418,0
1268978,397,398,387,387,-2793,418,1890,550,128,-126,136,423,407,0
1272313,399,399,0,331,-3135,506,1130,538,155,31,-133,433,410,0
1275627,400,401,331,443,-1907,485,981,537,188,74,45,426,404,0
1278978,402,402,68,275,-600,-168,985,554,-210,-107,-71,419,408,0
1282313,403,404,12,0,-800,-684,702,573,-339,61,-76,422,413,0
1285630,404,405,368,293,-1605,-412,385,599,-125,131,-116,419,407,0
1288980,406,406,125,518,-1634,-482,249,636,-187,-93,-4,416,395,0
1292314,407,407,462,743,-3305,-322,248,692,-164,75,315,398,383,0
1295633,408,409,650,893,-3885,58,-232,730,665,219,831,388,375,0
1298978,409,410,2150,1062,459,-135,428,768,487,-225,1277,324,366,0
1302314,410,411,2581,875,5014,-1434,1774,823,324,-206,1289,301,376,0
1305636,411,412,0,1081,5420,-3390,1900,872,-285,-60,1085,510,418,0
1308979,412,413,2768,1268,3596,-4583,2051,928,-133,210,1034,360,424,0
1312314,413,415,2281,800,2005,-4549,1703,967,430,115,708,386,433,0
1315640,415,416,1662,556,3316,-3723,1679,991,-20,490,285,419,446,0
1318980,416,418,1362,406,4129,-2120,1424,1016,-138,358,573,435,454,0
1322314,417,419,1118,106,3837,223,1215,1050,-46,287,27,448,470,0
1325642,419,420,837,368,2798,1016,1206,1086,-288,45,-100,447,456,0
1329001,420,422,668,875,931,444,897,1098,50,140,64,472,429,0
1332335,422,423,0,368,682,-318,1003,1091,552,-118,151,475,434,0
1335646,423,425,443,200,1882,54,786,1078,-314,-35,-349,446,427,0
1339004,425,426,87,0,-632,119,1194,1090,301,-95,-35,449,440,0
1342337,426,428,125,0,-896,309,1860,1126,-47,374,40,447,431,0
1345649,428,429,0,0,-853,751,2109,1181,102,-90,106,448,443,0
1349005,429,430,762,368,-1388,1089,1750,1221,-234,195,-192,413,418,0
1352338,430,432,800,556,-2589,1083,1478,1256,-75,183,109,411,392,0
1355652,432,433,743,1006,-2423,1386,1863,1285,111,-26,21,398,368,0
1359033,433,434,1287,1306,-1425,2102,2357,1312,-140,-32,-164,407,390,0
1362338,434,436,931,743,-1477,2710,2223,1327,-50,-4,-35,426,404,0
1365655,436,437,87,406,-1126,2351,2220,1358,548,-319,122,455,422,0
1369005,437,438,275,368,794,1824,2385,1371,149,77,-41,445,424,0
1372338,439,440,143,406,1754,2387,2095,1373,-264,97,-36,452,422,0
1375659,440,441,481,331,1523,2473,1534,1361,207,-65,237,434,426,0
1379005,441,442,12,237,2795,2184,1662,1378,181,-128,-147,459,431,0
1382338,443,444,293,0,4243,2257,1685,1400,-325,165,-101,428,428,0
1385662,444,445,293,256,4334,2489,1191,1407,-202,-45,217,444,430,0
1389005,446,447,106,143,2277,2134,483,1400,-98,-110,205,433,415,0
1392339,447,448,68,593,-546,1905,-60,1386,-83,-190,3,435,391,0
1395666,448,449,293,1418,-2460,1983,-265,1370,-674,-140,95,439,363,0
1399006,450,450,256,1550,-5274,1223,-532,1345,-510,-275,450,425,356,0
1402339,451,451,856,1531,-7883,63,-1082,1319,216,-428,471,393,357,0
1405668,452,452,1775,1100,-6306,-2342,-1459,1260,1189,-209,1027,344,380,0
1409006,453,454,2318,312,-2446,-5319,-1375,1161,1095,-78,1382,331,422,0
1412339,454,455,2131,31,5177,-5603,-869,1075,-293,113,1085,341,437,0
1415671,455,456,1550,575,5878,-5364,283,1020,-106,32,678,377,413,0
1419027,456,458,1568,87,4234,-4511,608,985,-141,245,754,392,439,0
1422363,458,459,706,143,4618,-2686,829,959,51,353,387,422,436,0
1425674,459,461,931,68,5626,-1201,569,932,-181,213,-368,410,440,0
1429030,461,462,950,12,3820,-629,1042,927,-89,159,-382,409,443,0
1432367,462,464,481,87,3336,-799,666,910,-17,35,235,434,423,0
1435677,463,465,368,556,3578,-1228,431,895,95,-270,-22,440,398,0
1439031,465,466,537,912,3213,-257,-10,864,-317,118,83,431,395,0
1442367,466,468,0,0,1661,505,652,859,-168,-333,59,438,407,0
1445681,467,469,162,0,416,87,1404,866,-208,-25,-139,429,409,0
1449031,469,470,50,0,-338,78,1356,850,-265,106,-241,419,409,0
1452373,470,472,200,0,-2126,1198,878,812,-220,175,218,411,407,0
1455684,471,473,312,0,-2112,2302,472,772,-34,-33,54,405,394,0
1459031,473,474,575,387,-2682,3084,644,746,-376,123,-63,391,385,0
1462373,474,475,443,725,-4136,3543,1115,722,-243,-291,229,398,367,0
1465688,475,476,687,1137,-5459,2424,1342,691,-314,-43,143,385,345,0
1469060,476,477,875,1850,-7503,922,1616,672,-40,-95,4,413,345,0
1472374,478,478,875,1456,-8017,-902,1388,646,469,53,28,397,366,0
1475691,479,480,762,425,-6566,-1224,2033,635,420,106,-49,403,405,0
1479031,480,481,481,368,-4079,-258,2313,642,386,140,389,418,408,0
1482374,482,482,650,593,-2287,873,1823,651,102,-275,106,409,412,0
1485693,483,484,293,218,-3315,5,1495,645,36,124,116,428,416,0
1489032,484,485,0,218,-1949,74,1495,639,276,150,68,451,416,0
1492374,486,486,0,218,970,-12,1188,639,8,-270,-85,438,416,0
1495697,487,488,293,256,437,-690,1110,659,27,-89,93,428,414,0
1499054,489,489,0,237,412,-871,1332,702,30,46,189,429,410,0
1502374,490,490,0,293,3272,181,1353,753,258,205,439,426,407,0
1505701,491,492,687,593,3127,1087,1176,806,251,-227,456,402,391,0
1509057,492,493,1268,537,3036,1125,1606,890,525,-186,911,371,394,0
1512374,493,494,1812,987,5437,103,1834,993,315,-182,896,342,370,0
1515703,494,495,2093,1456,5384,-814,2100,1102,-74,-317,1126,327,345,0
1519057,495,496,2093,1868,4912,-2354,1971,1191,-12,-184,1032,343,339,0
1522374,497,497,1437,1325,2581,-3754,1890,1241,-455,-86,761,362,368,0
1525706,498,498,1006,1081,884,-4947,1343,1264,127,84,669,390,386,0
1529058,499,500,1137,481,1206,-5241,1497,1285,-43,392,240,399,418,0
1532399,500,501,950,218,2533,-3585,1180,1304,126,281,100,409,432,0
1535709,502,502,256,181,2892,-2151,722,1294,216,64,99,430,434,0
1539058,503,504,668,87,2388,-1616,540,1290,-246,226,-37,424,439,0
1542400,504,505,537,762,1290,-2046,494,1292,-501,124,78,431,403,0
1545713,506,507,0,837,154,-2142,536,1309,48,-101,31,450,399,0
1549058,507,508,650,443,-318,-1765,627,1308,-288,-136,-195,425,420,0
1552401,508,509,0,125,-796,-2519,1196,1302,-118,-181,-265,441,415,0
1555716,510,511,0,143,-307,-3795,1832,1316,205,124,-32,422,414,0
1559058,511,512,406,0,-546,-3190,2243,1359,-67,-118,-167,400,423,0
1562401,512,513,293,0,-2250,-2443,1632,1395,-62,197,211,406,421,0
1565720,514,515,0,0,-2292,-2028,988,1406,29,46,209,425,417,0
1569059,515,516,443,481,-2548,-468,933,1400,-281,210,43,398,380,0
1572401,516,517,743,687,-3263,617,1050,1391,-49,207,245,382,369,0
1575722,517,518,612,818,-2820,1358,579,1359,46,270,147,389,362,0
1579108,519,519,1025,1456,-3407,3291,260,1324,-309,239,9,389,366,0
1582402,520,521,762,893,-3631,3983,-79,1258,120,3,222,403,380,0
1585725,521,522,837,743,-2571,3743,-537,1169,-158,-30,-89,399,388,0
1589083,523,523,500,387,-2797,3273,-277,1103,50,2,-148,401,407,0
1592402,524,524,518,668,-1907,2930,461,1071,227,-71,133,416,408,0
1595730,525,526,500,312,-1190,2850,295,1033,-120,-40,82,417,411,0
1599083,527,527,0,350,-947,3328,-435,982,276,65,46,430,409,0
1602402,528,528,0,312,111,2977,-843,921,650,-112,109,430,411,0
1605732,529,530,406,256,2231,2222,-505,864,-172,-26,-20,422,414,0
1609084,531,531,0,181,2240,2345,-934,792,-307,179,-117,425,413,0
1612402,532,532,12,143,659,2881,-1539,708,62,-90,41,422,415,0
1615736,533,534,481,387,52,2922,-1842,600,-156,-77,-158,413,402,0
1619084,535,535,106,650,-352,3330,-1952,482,95,500,18,417,388,0
1622426,536,536,706,425,308,3016,-2581,335,703,-123,589,385,400,0
1625738,537,537,1531,612,4193,1932,-1468,228,393,-95,1080,341,390,0
1629084,538,539,2468,1118,8241,23,-705,147,305,-334,941,307,363,0
1632430,539,540,2393,1343,8036,-2549,-123,101,-341,117,1121,311,351,0
1635741,540,541,2187,1493,4466,-4146,694,76,-417,63,1266,327,348,0
1639084,541,542,1831,1681,1718,-5366,1327,80,-96,268,789,362,354,0
1642430,542,543,1212,1175,782,-5269,1233,96,502,162,608,395,381,0
1645746,543,544,1325,425,2862,-4839,1611,130,-260,418,391,389,421,0
1649085,545,546,1100,275,3048,-2425,1889,173,-48,608,2,401,429,0
1652431,546,547,893,331,1788,-768,1533,205,205,211,58,412,426,0
1655748,547,548,837,537,1170,-794,1343,227,-217,-208,-133,415,415,0
1659106,549,550,481,950,-553,-1789,1453,235,-340,38,-130,434,393,0
1662431,550,551,0,256,-1885,-1389,925,207,616,-139,238,444,408,0
1665751,551,552,275,293,-341,-964,1643,188,27,-196,-294,423,406,0
1669108,553,554,31,0,-378,-1494,2205,206,-458,-167,-191,420,422,0
1672432,554,555,256,0,-2562,-1402,2476,252,100,20,-19,408,441,0
1675754,555,556,368,0,-1728,-1389,2417,299,131,-14,13,402,418,0
1679108,557,558,462,0,-1939,-1218,2136,333,-368,135,41,397,407,0
1682432,558,559,387,125,-2923,-344,1853,372,170,87,158,401,399,0
1685757,559,560,743,668,-2585,269,2189,433,-2,44,-73,382,370,0
1689137,560,561,1250,1400,-2207,996,2223,505,-296,323,79,393,369,0
1692431,562,562,800,1156,-2343,1865,1766,577,27,52,101,401,382,0
1695761,563,564,443,668,-2295,2273,1341,627,-131,-6,-19,420,392,0
1699109,564,565,537,631,-2398,2150,1538,661,348,-151,-49,415,394,0
1702432,566,566,706,593,-1270,1848,1905,711,384,-132,85,406,412,0
1705765,567,568,368,200,14,1842,1921,785,-248,215,-3,424,417,0
1709110,568,569,0,162,208,2034,1469,857,99,148,93,444,419,0
1712433,570,571,0,0,1032,2047,1166,909,474,-62,110,432,423,0
1715767,571,572,256,256,2733,1749,1114,973,-189,-37,-116,430,414,0
1719109,572,573,0,181,3366,1714,674,1042,-402,177,-40,442,413,0
1722436,574,575,0,0,2519,1962,219,1107,255,-128,47,424,411,0
1725771,575,576,443,500,1822,1841,-61,1166,-357,-85,-132,415,396,0
1729109,576,577,556,818,-808,1400,-42,1245,80,137,384,409,379,0
1732439,578,578,425,725,-732,1924,-15,1291,525,-87,880,400,384,0
1735774,579,580,687,1287,2797,1920,701,1335,67,-61,758,386,354,0
1739110,580,580,2375,1868,4576,-61,1938,1399,122,-511,1385,312,339,0
1742442,581,581,2412,1737,5362,-2036,2138,1444,-757,-165,1412,310,346,0
1745777,582,582,1812,1343,3901,-3421,2546,1482,-632,-163,1332,347,372,0
1749134,583,584,1812,1006,1186,-5060,3065,1539,-109,108,691,363,390,0
1752445,584,585,1025,668,361,-5191,2851,1578,303,212,639,405,408,0
1755780,585,586,856,800,2334,-4443,2427,1595,421,180,45,414,401,0
1759138,587,588,950,0,4633,-2118,2193,1616,-513,350,-104,409,447,0
1762449,588,589,1118,0,3003,-906,1708,1627,-180,55,323,400,452,0
1765783,589,591,743,200,1832,-1148,1439,1627,110,-149,175,420,433,0
1769138,591,592,350,931,892,-1910,1848,1655,-190,8,-192,441,394,0
1772452,592,593,237,593,91,-1544,1989,1666,-388,-10,-352,425,390,0
1775786,594,594,0,218,-1131,-2030,2258,1668,319,-400,-190,439,410,0
1779144,595,596,275,0,117,-3809,3178,1690,-391,229,-143,407,411,0
1782455,596,597,462,0,-636,-3110,3454,1722,20,31,96,397,430,0
1785790,598,598,368,0,-1443,-2539,2910,1746,184,-73,129,402,409,0
1789144,599,600,218,12,-1682,-2060,2247,1759,-170,166,125,410,405,0
1792458,600,601,368,181,-2152,-711,2126,1757,68,140,299,402,396,0
1795793,601,602,762,706,-2162,83,2522,1766,147,-57,202,381,368,0
1799172,602,603,1381,1381,-2107,1103,2116,1777,-171,202,27,386,370,0
1802461,604,604,912,1175,-2332,2536,1692,1788,80,62,144,395,381,0
1805796,605,606,500,500,-2019,3413,1326,1781,-151,95,67,417,401,0
1809144,606,607,275,462,-2294,3520,911,1750,43,-203,-127,429,403,0
1812465,608,608,556,706,-1959,2938,873,1718,333,-204,-87,414,406,0
1815800,609,610,668,368,-776,2607,1818,1729,-156,-35,-58,408,408,0
1819144,610,611,218,406,-502,2655,1430,1737,-231,182,-1,432,406,0
1822468,612,612,31,368,-44,2662,878,1729,405,-208,61,426,408,0
1825802,613,614,181,275,923,2309,635,1728,213,-110,-13,434,413,0
1829144,614,615,0,125,2982,1955,687,1743,6,100,18,442,416,0
1832472,616,616,0,125,3182,1888,397,1757,13,-79,34,425,416,0
1835806,617,618,425,181,2304,1991,78,1761,-292,124,-68,416,413,0
1839145,618,619,368,425,582,2617,-458,1747,-61,280,-19,419,400,0
1842474,620,620,256,575,750,2886,-706,1703,-15,9,-24,409,392,0
1845809,621,622,368,668,806,2930,-791,1618,-343,-107,-12,403,387,0
1849145,622,623,950,950,-892,2191,-1001,1520,183,-137,500,388,372,0
1852478,624,624,1531,1268,-883,741,-1017,1408,462,-193,1144,341,355,0
1855812,625,625,2506,1850,2454,-777,-421,1299,-156,-138,1047,358,377,0
1859170,625,626,2768,1887,4393,-3975,398,1223,-75,-82,1343,360,391,0
1862482,627,628,2375,1606,4124,-5565,664,1168,-535,314,1048,365,406,0
1865816,628,629,2300,950,3016,-5649,1473,1145,-89,378,1008,369,425,0
1869171,629,630,1737,818,2871,-4254,1713,1145,-41,373,545,415,448,0
1872484,630,632,1250,312,3034,-3047,2087,1166,-356,745,152,441,459,0
1875819,632,633,593,31,2046,-1116,1998,1170,128,344,251,460,474,0
1879171,633,635,1137,725,916,1115,1432,1153,-86,-346,64,447,437,0
1882488,635,636,275,31,-557,619,1607,1133,-241,210,-45,455,452,0
1885821,636,637,200,593,-940,509,938,1063,-620,-330,-84,459,422,0
1889172,638,639,87,0,-1622,539,1262,994,194,-201,-238,449,454,0
1892490,639,640,218,275,-2521,777,1830,960,213,-8,-184,442,423,0
1895825,641,642,425,0,-2394,855,2449,967,-274,184,-102,431,431,0
1899171,642,643,537,556,-2956,1241,2341,973,54,8,205,425,408,0
1902493,643,645,425,612,-3294,968,2120,961,405,-164,118,431,405,0
1905828,645,646,181,650,-3784,744,2401,970,-150,168,34,428,387,0
1909200,646,647,1625,1325,-2831,1150,2952,1009,-82,12,87,389,389,0
1912497,647,649,1437,406,-2137,1611,2966,1060,63,-257,-104,399,422,0
1915831,649,650,650,143,-2158,1441,3233,1133,118,218,-132,441,436,0
1919172,650,651,425,312,-145,1409,3155,1204,228,-63,143,437,427,0
1922500,652,653,0,443,675,1602,3062,1243,301,-54,201,467,420,0
1925835,653,654,443,12,1099,1835,2484,1276,301,-199,-14,436,443,0
1929173,654,656,12,0,2126,1482,2549,1328,-8,193,-39,459,431,0
1932503,656,657,106,0,2892,1684,2348,1382,5,95,202,438,431,0
1935837,657,658,256,350,3753,1619,1915,1420,-108,-142,-49,446,425,0
1939173,659,660,12,0,3054,1355,1481,1454,-563,-41,-82,438,423,0
1942506,660,661,50,0,923,1405,1094,1486,-107,-45,289,436,425,0
1945841,662,662,406,743,-750,1300,474,1515,-216,-159,122,433,399,0
1949200,663,664,481,1268,-2656,505,919,1566,-626,-97,623,413,355,0
1952509,664,665,1156,1231,-1080,99,960,1620,475,-321,1391,377,357,0
1955845,665,666,1981,968,2494,-954,1321,1693,9,-342,1400,333,371,0
1959201,666,667,2412,875,4224,-2547,1266,1764,-111,-267,1313,326,392,0
1962513,667,668,1981,556,4581,-3831,1695,1830,-559,-35,1026,349,409,0
1965848,668,670,1662,481,2544,-4255,2463,1895,-146,187,874,371,418,0
1969206,669,671,968,0,2885,-4225,2170,1942,493,9,370,424,446,0
1972516,671,672,725,312,6350,-3513,1838,1953,-116,403,-108,421,427,0
1975851,672,674,762,0,6919,-2186,1850,1958,-748,357,-22,419,449,0
1979209,674,675,631,125,2815,-1027,1140,1928,27,-323,238,426,437,0
1982519,675,677,443,0,2357,-937,853,1892,226,-31,-195,436,435,0
1985853,676,678,612,462,3109,-1311,1127,1883,-172,-246,-535,427,403,0
1989210,678,679,331,781,1209,-1362,1599,1882,-134,-169,-158,442,402,0
1992522,679,681,162,200,-243,-1945,1809,1910,483,-2,76,429,411,0
1995857,680,682,256,0,-185,-2285,2097,1936,-293,275,-42,424,410,0
1999210,682,683,106,12,-1053,-1475,2047,1943,-158,168,-55,416,405,0
2002525,683,685,200,0,-2306,-509,1731,1920,-48,328,-46,411,401,0
2005860,684,686,200,0,-2394,827,903,1875,-230,268,218,411,390,0
2009210,686,687,518,368,-2948,1884,1278,1849,-132,0,199,394,386,0
2012529,687,688,481,650,-3250,2452,1076,1807,-145,138,-130,396,371,0
2015863,688,689,631,706,-3239,3609,1008,1747,-79,282,0,388,368,0
2019238,689,691,856,987,-2594,4441,682,1675,65,-214,-108,414,375,0
2022532,691,692,837,443,-2411,4102,747,1598,-43,1,-165,399,404,0
2025866,692,693,575,181,-2538,3320,853,1526,292,-171,-19,413,418,0
2029211,693,694,425,556,-1548,3341,918,1459,241,-80,-42,421,398,0
2032535,695,696,650,575,-863,3822,1029,1413,-72,120,16,409,397,0
2035869,696,697,331,125,-584,3675,819,1359,301,-108,136,426,421,0
2039211,697,698,0,181,811,3266,540,1303,553,-156,192,451,418,0
2042538,699,700,0,0,2609,3087,482,1258,-202,179,-33,436,421,0
2045873,700,701,331,0,3148,3130,-64,1210,-503,64,-9,426,434,0
2049211,702,703,200,0,2084,2959,-326,1165,-97,-187,-25,412,413,0
2052541,703,704,0,312,-134,2731,-643,1130,-855,-105,-21,423,390,0
2055877,704,705,481,1231,-2356,2843,-734,1079,-436,-288,466,413,357,0
2059232,705,706,818,1550,-3048,1299,-754,1025,-49,-548,713,395,340,0
2062546,707,707,1062,1512,-3272,-1663,-744,961,-347,-607,625,366,342,0
2065880,708,708,1606,1081,-3847,-5794,-1617,871,19,-486,905,337,365,0
2069235,709,709,2393,912,-1809,-8363,-995,786,574,67,1292,311,390,0
2072548,710,710,1868,743,2555,-8152,-400,697,88,-157,931,339,399,0
2075882,711,712,1587,237,5254,-7122,1785,685,56,321,713,359,415,0
2079236,712,713,1287,631,5501,-5296,2316,700,106,254,692,391,410,0
2082551,713,714,1081,518,5494,-3498,2462,719,-11,98,179,402,416,0
2085885,715,716,1100,0,4219,-1698,2463,760,-104,335,181,401,432,0
2089236,716,717,800,481,4153,-641,2297,805,43,314,274,417,418,0
2092554,717,719,818,0,3944,-493,2286,842,60,-212,58,416,428,0
2095889,719,720,631,500,2840,-1236,2207,861,-37,302,31,426,401,0
2099237,720,721,350,1025,3223,-474,1018,836,-184,-103,86,441,389,0
2102557,721,723,0,593,2466,135,1401,814,-202,26,-161,442,390,0
2105892,723,724,0,68,1248,397,2441,827,-235,127,-288,443,402,0
2109237,724,725,256,0,271,388,2917,864,-92,-24,-25,408,411,0
2112561,725,727,218,0,-940,652,2459,912,213,113,55,410,411,0
2115895,727,728,106,0,-1243,1830,1706,926,-179,-16,15,416,405,0
2119237,728,729,481,275,-2042,2637,1536,940,-134,-13,301,396,391,0
2122564,729,730,687,331,-2497,3558,1716,962,110,33,-88,385,388,0
2125898,730,732,650,687,-2680,4639,1407,985,-134,118,222,387,369,0
2129265,732,733,1025,1306,-2531,5185,1318,1003,-149,-241,187,389,358,0
2132567,733,734,781,1231,-3570,3944,1451,1021,-548,-254,12,402,362,0
2135901,734,735,500,1137,-6770,633,1989,1055,72,-97,131,417,367,0
2139258,735,736,556,818,-6568,-746,2135,1089,384,121,22,414,384,0
2142570,737,737,856,837,-5100,-63,2628,1146,49,200,28,398,399,0
2145905,738,739,687,387,-3522,1056,2539,1208,172,-85,38,407,407,0
2149262,739,740,125,312,-2732,893,2174,1261,-181,-209,-17,437,411,0
2152573,741,741,0,237,-3245,626,1947,1324,-185,117,-96,439,415,0
2155908,742,743,181,143,-2389,1337,1674,1387,209,-82,98,434,420,0
2159262,744,744,68,125,-1666,915,1282,1447,239,-230,144,419,416,0
2162577,745,746,0,218,-1675,349,1241,1508,-169,-156,-45,429,411,0
2165911,746,747,462,293,-66,-432,1955,1593,1006,-228,677,414,407,0
2169263,747,748,1137,650,5689,-409,2347,1690,562,-232,1035,378,388,0
2172580,749,749,1250,593,9105,-527,2798,1828,-36,-280,729,356,391,0
2175914,750,750,1906,1418,9028,-2370,3589,1971,-656,-364,1136,337,363,0
2179263,751,751,1775,2018,6281,-3346,3471,2092,-601,-273,940,344,331,0
2182583,752,752,1550,1868,2698,-4352,3619,2149,-157,-76,923,356,339,0
2185917,753,753,1418,1625,81,-5859,3274,2179,-147,135,745,384,373,0
2189262,754,755,1343,950,114,-6009,3225,2203,-23,334,615,388,393,0
2192586,755,756,1156,725,1787,-5278,2728,2211,-140,337,289,398,405,0
2195921,757,757,1287,762,2919,-3163,2013,2202,-235,221,-46,391,419,0
2199263,758,759,818,68,2567,-2185,1224,2169,-34,224,523,416,440,0
2202589,759,760,800,143,2459,-2396,936,2129,-779,511,63,417,436,0
2205924,761,761,256,856,-347,-2638,1634,2149,-192,-8,-11,430,398,0
2209264,762,763,612,687,-807,-2385,1414,2149,441,-199,130,427,407,0
2212593,763,764,275,0,-265,-1802,1189,2110,25,-80,82,423,424,0
2215951,765,765,31,87,1247,-2249,1486,2065,2,-197,-163,420,417,0
2219285,766,767,331,0,241,-2638,2224,2058,4,137,67,404,414,0
2222597,767,768,350,0,-642,-2235,2289,2076,185,-8,-83,403,411,0
2225955,769,769,312,387,-1893,-1625,1526,2076,-53,223,21,405,401,0
2229288,770,771,181,293,-1528,-817,1182,2059,-172,151,228,412,390,0
2232599,771,772,387,143,-2083,276,1331,2057,-275,159,-26,401,398,0
2235958,772,773,668,893,-2788,1118,1408,2060,-113,163,87,386,358,0
2239316,774,774,931,1381,-2709,1883,1056,2047,-265,216,67,394,370,0
2242602,775,776,856,818,-3303,3200,894,2013,-224,141,14,398,384,0
2245961,776,777,462,575,-3874,3662,953,1976,302,-80,118,419,397,0
2249288,777,778,331,875,-2839,3120,589,1912,124,-50,55,426,381,0
2252606,779,779,518,837,-2456,3051,1028,1865,-177,-29,20,416,399,0
2255964,780,781,575,106,-1984,2811,1246,1836,340,-88,81,413,422,0
2259289,781,782,143,312,-749,2677,961,1805,322,-142,114,436,411,0
2262609,783,783,31,218,-62,2882,590,1771,27,125,64,426,416,0
2265967,784,785,275,0,1423,2764,280,1740,218,24,5,429,438,0
2269289,786,786,0,68,2623,2470,280,1710,-201,0,-171,446,419,0
2272612,787,788,0,125,2292,2746,-93,1646,-363,118,-150,428,416,0
2275971,788,789,331,12,365,3121,-740,1550,-107,89,-8,421,422,0
2279290,790,790,0,443,328,2877,-984,1431,-211,-192,-55,436,399,0
2282615,791,791,31,650,-209,2938,-864,1292,50,-47,69,421,388,0
2285971,792,793,1081,706,1366,2694,-1226,1146,815,-208,974,381,385,0
2289290,793,794,1962,950,5885,1478,-609,1013,351,-263,947,334,372,0
2292619,794,795,2206,1137,8462,-196,363,922,-271,-467,1150,321,362,0
2295977,795,796,2637,1850,6571,-3811,1127,857,-469,-95,1335,319,345,0
2299311,796,797,2187,2131,3489,-5432,1667,824,-555,-72,1327,343,330,0
2302621,797,798,2093,1587,1529,-6414,2274,832,-296,371,810,348,359,0
2305980,798,799,1775,1568,1866,-6450,2362,867,56,456,649,381,376,0
2309314,799,800,1325,1006,3253,-4911,2778,925,-317,400,127,405,406,0
2312625,801,802,1156,293,1719,-2143,2142,941,-369,628,116,414,428,0
2315980,802,803,1081,293,1284,-555,1185,934,204,-144,243,402,428,0
2319314,803,804,1081,1043,1172,-1329,1264,936,-319,-40,-36,418,404,0
2322628,805,806,0,443,-538,-1886,1614,940,-188,227,64,457,398,0
2325980,806,807,200,481,-908,-934,1529,918,325,-175,234,427,396,0
2329315,807,808,0,275,358,-692,1605,897,-37,-248,-125,447,407,0
2332631,809,810,0,0,-1328,-1559,2028,913,-288,172,-227,426,418,0
2335980,810,811,500,87,-2359,-1715,2874,966,114,112,24,411,417,0
2339316,811,812,500,143,-1737,-1898,2734,1009,-99,-9,13,411,414,0
2342634,813,814,500,0,-2255,-1751,2466,1042,-369,264,-19,395,411,0
2345981,814,815,406,462,-2862,-710,2607,1091,203,-182,169,400,381,0
2349343,815,816,1306,1381,-2507,-800,2979,1156,102,102,60,390,370,0
2352637,816,817,1043,1137,-2113,-151,2908,1217,-108,263,122,404,383,0
2355981,818,818,406,931,-2678,1409,2579,1279,102,49,107,422,394,0
2359316,819,820,387,368,-2538,1777,2145,1314,-10,-38,156,423,408,0
2362641,820,821,762,387,-2651,2135,2164,1343,86,-83,-103,419,423,0
2365982,822,822,556,537,-1902,1855,2358,1387,325,-230,6,414,415,0
2369316,823,824,387,181,-780,1609,2481,1446,-202,76,-9,423,418,0
2372644,824,825,350,0,-931,1667,2267,1508,57,165,-8,425,431,0
2376003,826,826,256,650,470,1728,1757,1554,347,-110,68,430,409,0
2379316,827,828,275,0,2027,1381,1569,1606,-111,-2,-98,424,440,0
2382647,828,829,181,0,2353,1339,1332,1671,-388,98,-105,429,427,0
2386003,830,831,293,162,1970,1322,984,1732,185,-172,115,423,414,0
2389338,831,832,368,31,1284,1105,684,1780,-125,-99,-152,419,421,0
2392650,832,833,518,443,37,1156,657,1839,167,277,-18,411,399,0
2396006,834,834,593,1062,1954,2080,419,1871,470,362,311,407,382,0
2399341,835,836,687,593,4220,3107,785,1885,-47,182,296,402,391,0
2402654,836,837,1512,837,3608,3889,488,1865,54,-163,731,358,378,0
2406006,837,838,2787,1868,4027,2161,625,1832,-168,-451,1174,359,392,0
2409341,838,839,3031,3218,4129,-854,1500,1808,-986,-954,1465,346,320,0
2412657,839,840,2600,781,2255,-5282,2202,1803,-454,-673,1241,369,450,0
2416007,840,840,2018,0,994,-7500,418,1729,-148,-339,773,416,858,0
2419341,841,840,1756,0,2026,-5506,-3831,1543,-350,-627,860,430,853,0
2422660,843,840,2487,3800,3469,-2252,-7738,1264,-1099,-509,493,375,48,0
2426020,844,841,1512,3800,1042,736,-8485,959,-941,-614,528,427,57,0
2429354,845,841,2150,3800,-913,1053,-8121,655,-594,-354,142,409,100,0
2432664,847,842,856,0,-869,1359,-6901,391,-28,-202,-217,456,857,0
2436007,848,842,631,0,2297,1826,-6060,152,132,-23,-46,452,856,0
2439342,849,842,293,0,5250,3111,-6363,-109,-73,-539,-310,470,864,0
2442667,851,843,331,3800,3800,3909,-5125,-359,217,15,-155,452,253,0
2446020,852,844,893,3800,5748,5591,-4013,-570,31,234,120,438,321,0
2449356,853,845,1118,3800,6332,6546,-2988,-741,-195,-340,-278,426,403,0
2452670,855,846,200,0,5033,6230,-3380,-928,-43,128,-70,459,745,0
2456008,856,848,500,1325,5851,6578,-3794,-1139,-96,-197,303,443,527,0
2459370,857,850,1418,2337,6003,7166,-2841,-1319,-288,87,219,432,495,0
2462673,859,852,1381,1906,5161,7596,-2199,-1468,-333,-94,157,418,518,0
2466029,860,853,800,1175,4024,6073,-1069,-1569,-401,-341,651,449,541,0
2469365,862,855,762,1456,3034,2413,-873,-1664,-470,-265,445,435,510,0
2472676,863,857,612,2356,1046,-1770,-343,-1748,-465,-795,116,459,478,0
2476033,865,858,387,2750,-6168,-7352,580,-1808,-970,-422,233,455,441,0
2479366,866,859,593,2806,-10421,-10605,1091,-1844,-318,17,95,444,438,0
2482680,867,861,687,2300,-13426,-13145,931,-1870,294,37,-163,439,465,0
2486033,869,862,518,1625,-13564,-14083,-268,-1928,-200,622,-398,448,501,0
2489366,870,864,725,462,-11205,-12306,210,-1963,-654,153,-91,432,542,0
2492682,872,866,0,537,-10518,-10525,-331,-2004,-310,-242,93,471,538,0
2496033,873,868,275,237,-13472,-12058,-1141,-2061,-239,-644,-174,456,538,0
2499367,875,869,256,650,-11698,-14087,-1829,-2138,-713,61,-510,441,516,0
2502686,876,871,668,1062,-14760,-14807,-403,-2164,1401,523,595,419,478,0
2506034,877,872,1643,912,-7747,-11556,-412,-2201,1509,727,360,383,502,0
2509367,878,874,1718,687,-3061,-6790,447,-2203,898,704,269,379,498,0
2512689,880,876,2393,50,-67,-2353,-945,-2252,673,445,1031,343,516,0
2516034,881,878,2450,0,6303,-501,-74,-2301,156,708,806,345,543,0
2519367,882,880,2356,237,8208,2193,-544,-2387,77,600,683,350,495,0
2522693,883,881,2393,256,8465,3957,-339,-2410,654,110,92,348,494,0
2526034,884,883,2806,725,10757,4820,-427,-2304,590,2,342,342,469,0
2529367,885,884,2581,612,12518,5527,-1085,-2096,-459,313,-22,354,475,0
2532695,886,886,2337,68,10948,5085,-484,-1846,81,43,2,367,488,0
2536034,887,887,2093,50,10920,4207,-449,-1606,376,426,328,380,489,0
2539368,888,889,1943,12,12141,5096,-474,-1406,-100,99,-211,404,491,0
2542699,890,890,518,162,11937,5486,-634,-1236,150,-789,478,442,461,0
2546055,891,892,237,537,12970,6941,-1168,-1074,-287,805,-439,457,425,0
2549392,893,893,50,668,9050,8818,-2235,-983,-304,-171,-159,451,418,0
2552702,894,895,106,200,7309,9996,1024,-826,726,-923,65,448,427,0
2556059,896,896,50,387,8932,6515,1453,-687,172,-305,66,451,433,0
2559392,897,898,350,125,10313,3658,-54,-583,-215,301,-93,435,431,0
2562705,898,899,500,12,10264,4022,-428,-478,643,-241,291,427,437,0
2566059,900,900,1100,181,11735,5026,537,-372,-362,52,-185,379,428,0
2569423,901,902,1325,1362,10794,5697,795,-279,-1467,76,-128,405,387,0
2572708,902,903,781,2712,3060,4538,2338,-172,-1563,-95,500,434,331,0
2576060,904,903,312,3162,-3914,1347,2925,-54,-1164,-233,469,443,307,0
2579400,905,904,331,968,-11025,-1539,4953,111,-993,247,89,442,424,0
2582711,906,905,1381,3800,-15263,-2956,6023,281,218,70,-179,402,242,0
2586060,907,906,818,3593,-14427,-4406,6107,438,494,286,433,432,300,0
2589401,909,907,425,1362,-9661,-2404,5736,588,-439,68,-187,437,419,0
2592714,910,908,443,1550,-11924,-3199,4644,741,-226,-194,20,436,409,0
2596060,912,909,387,1025,-13923,-4320,4708,882,-212,-18,-73,439,453,0
2599402,913,911,443,593,-12370,-4122,5204,1055,-147,-369,-537,431,455,0
2602717,915,912,125,312,-14219,-6107,4672,1236,-53,-92,-358,448,470,0
2606060,916,914,368,462,-15107,-7049,4795,1443,307,-122,-16,435,462,0
2609402,917,915,406,687,-13526,-6967,5408,1625,445,199,-143,433,450,0
2612721,919,917,0,237,-10783,-5279,4483,1778,146,318,-266,451,458,0
2616061,920,918,781,481,-11008,-4507,3681,1879,899,0,279,413,461,0
2619401,921,920,1568,256,-9497,-4887,3480,2017,491,401,711,371,457,0
2622724,922,921,2000,218,-3792,-2360,3390,2126,292,644,390,348,459,0
2626082,923,923,2543,125,-1225,380,2672,2226,1413,126,862,340,469,0
2629402,924,924,2825,650,4156,1972,3048,2332,669,338,816,325,441,0
2632727,925,926,2712,87,9489,4333,3357,2450,290,279,436,331,455,0
2636085,926,927,2956,612,11110,6009,3766,2602,533,343,289,334,443,0
2639402,927,929,2750,50,12781,6787,3911,2739,85,146,106,345,457,0
2642731,929,930,2206,293,12858,6624,2885,2843,-311,107,-124,374,444,0
2646085,930,932,1850,50,12421,5867,2780,2945,279,461,330,377,441,0
2649403,931,933,1868,518,13846,6374,2130,3031,174,129,-87,392,432,0
2652733,932,934,762,275,14447,7885,1102,3102,627,433,378,429,423,0
2656085,934,936,331,537,16059,8562,847,3199,-432,62,-660,436,393,0
2659404,935,937,443,350,15666,11062,-59,3165,-621,-44,-651,430,403,0
2662737,936,938,237,293,9414,11478,3088,3216,-404,-529,-338,441,406,0
2666086,938,940,406,537,8572,7577,4257,3351,-1327,-742,100,432,393,0
2669428,939,941,350,1100,1592,2411,3702,3480,-2048,-583,224,435,363,0
2672741,941,942,0,1943,-11500,-1579,3803,3582,-271,-554,1077,459,318,0
2676086,942,943,500,1925,-12569,-2747,3582,3669,368,-277,212,411,319,0
2679456,943,944,1868,2525,-11731,-3340,4409,3734,-793,-255,-226,376,325,0
2682743,944,945,1212,2056,-16124,-2643,1875,3701,448,6,137,411,366,0
2686087,946,946,593,1343,-17060,-3745,1838,3603,5,-80,-87,428,388,0
2689429,947,947,1081,706,-15205,-4929,765,3439,429,79,-41,402,422,0
2692746,948,948,1625,668,-11265,-4612,1294,3289,714,358,426,389,440,0
2696087,949,950,1793,68,-7301,-4522,1350,3152,936,7,899,380,456,0
2699429,951,951,1812,256,-2079,-5727,832,3032,384,99,665,363,446,0
2702749,952,953,1587,50,3832,-6004,1211,2923,308,132,461,375,441,0
2706108,953,954,1306,875,6801,-6542,473,2775,85,-98,-23,406,413,0
2709430,955,956,0,443,7880,-5765,97,2632,-215,465,-382,458,415,0
2712753,956,957,181,143,6750,-3904,-232,2475,620,41,30,445,431,0
2716112,957,958,68,312,8634,-3342,-1429,2262,471,44,180,467,438,0
2719430,959,960,406,31,10986,-2702,-1513,2074,-471,289,28,433,437,0
2722756,960,961,331,0,9309,-1475,-1438,1914,-1277,-517,111,437,448,0
2726112,962,962,443,893,6022,-2206,-2225,1736,-189,-232,601,431,407,0
2729430,963,964,912,1006,5255,-2957,-2542,1551,-135,235,295,406,385,0
2732759,964,965,1250,1568,5879,-868,-2979,1374,-935,442,104,388,355,0
2736112,965,966,950,2018,2123,788,-3453,1171,-841,387,-16,425,352,0
2739430,967,967,950,2056,-2672,2163,-3285,963,-179,360,225,409,350,0
2742762,968,968,1493,2037,-4799,3444,-2667,762,269,203,554,380,351,0
2746112,969,969,1981,2318,-4179,3529,-1976,578,-311,350,292,370,352,0
2749454,970,970,1943,1981,-5312,3514,-1495,441,-134,198,257,372,370,0
2752766,971,971,1793,1400,-6384,4126,-2209,286,337,127,189,380,401,0
2756112,973,973,1118,256,-4067,4692,-2950,127,-159,-138,-129,400,446,0
2759458,974,974,987,537,-2723,3919,-2634,10,-550,56,191,423,447,0
2762769,975,976,0,0,-7311,2949,-2289,-87,-266,-296,-102,454,449,0
2766113,977,977,0,275,-11845,2449,-1955,-146,543,10,-47,444,423,0
2769458,978,979,0,181,-9058,3005,-755,-266,373,301,-259,443,412,0
2772773,980,980,0,68,-6874,3456,-244,-407,-569,-213,-263,436,418,0
2776113,981,981,593,293,-8205,2883,-443,-537,272,101,284,406,422,0
2779459,982,983,1062,0,-6094,2779,204,-649,645,18,366,381,426,0
2782776,983,984,1156,106,-2512,3088,668,-740,714,-400,712,376,416,0
2786135,984,985,1493,181,1278,2288,907,-849,418,-150,514,358,412,0
2789488,985,987,2450,781,5487,794,227,-901,908,56,404,345,402,0
2792778,987,988,1831,668,10023,450,659,-938,252,164,-77,362,408,0
2796136,988,989,1250,668,11635,799,1204,-924,-4,-162,140,393,408,0
2799460,989,990,1006,1325,11943,313,1663,-913,-537,-321,174,406,373,0
2802782,990,992,1062,1812,6844,-3400,2222,-885,-813,-302,317,419,363,0
2806137,992,993,575,1512,2655,-6475,1697,-858,242,-96,189,429,363,0
2809460,993,994,537,1043,1289,-8284,863,-869,911,537,72,431,388,0
2812785,994,995,481,350,3964,-5777,444,-870,517,678,37,434,425,0
2816137,996,997,650,106,7768,-3356,744,-850,-351,-96,374,425,438,0
2819459,997,998,556,368,6553,-2266,299,-833,-1031,213,50,425,419,0
2822788,999,999,462,293,573,-1031,-946,-818,-708,605,-150,430,423,0
2826137,1000,1001,331,106,-1587,1177,-1398,-815,71,-313,-27,437,433,0
2829460,1001,1002,312,537,-2452,787,-1438,-815,201,-501,-10,438,410,0
2832792,1003,1004,31,725,-3212,-906,-1282,-785,224,364,322,437,400,0
2836138,1004,1005,743,800,-2137,538,-1162,-742,-202,-9,238,415,396,0
2839460,1005,1006,687,575,-3498,1658,-1381,-692,224,90,-31,418,408,0
2842795,1007,1007,556,987,-6815,3556,-2558,-664,-88,217,358,409,386,0
2846138,1008,1008,2206,1043,-6460,3433,-3308,-665,993,-93,953,342,404,0
2849463,1009,1010,2637,912,-2045,1262,-2912,-672,429,76,1077,319,395,0
2852798,1010,1011,2600,1212,4415,-1274,-1918,-671,187,-56,1073,321,379,0
2856137,1011,1012,2450,1437,6651,-2981,-1350,-666,-463,337,844,345,383,0
2859467,1012,1013,2431,1456,5497,-3634,-581,-615,-824,21,677,346,382,0
2862801,1013,1014,1568,2187,1767,-3102,-778,-547,-309,8,11,392,343,0
2866138,1014,1015,1006,2750,-293,-873,-2086,-530,330,-564,290,422,313,0
2869470,1015,1016,1381,3125,952,694,-4539,-601,-395,-1401,255,418,309,0
2872804,1017,1016,387,1306,3697,748,-6171,-732,-1381,-1566,-80,433,400,0
2876162,1018,1016,162,0,2515,-313,-6693,-918,-536,-1449,251,445,860,0
2879474,1019,1017,950,3800,2475,-1167,-6691,-1119,-724,-1256,-181,403,134,0
2882807,1020,1017,68,0,1332,-921,-7340,-1335,-49,-74,-117,450,860,0
2886166,1022,1017,387,0,1587,615,-7706,-1582,157,128,-72,433,864,0
2889476,1023,1018,875,3800,1918,2502,-7491,-1837,-262,14,-316,407,326,0
2892810,1024,1019,218,0,2186,3771,-7550,-2101,-158,188,215,442,789,0
2896166,1026,1021,425,1700,2060,4396,-7457,-2341,0,-153,125,415,427,0
2899490,1027,1022,1568,1962,1502,5045,-6273,-2558,-160,-179,-155,392,451,0
2902814,1028,1024,987,1062,274,4540,-5599,-2771,262,-486,570,423,483,0
2906172,1030,1025,650,1137,2306,2132,-5339,-2989,-175,-166,252,425,479,0
2909483,1031,1027,556,0,3496,291,-5967,-3245,293,141,-297,430,525,0
2912817,1032,1029,781,818,3553,124,-6239,-3493,160,-223,20,434,496,0
2916172,1034,1030,425,2281,2531,-1215,-4521,-3662,-1324,-467,456,437,402,0
2919486,1035,1031,462,2618,-3967,-4192,-3524,-3786,-1326,-318,291,435,384,0
2922820,1036,1032,237,2637,-11678,-8872,-2689,-3893,256,110,10,447,383,0
2926172,1038,1034,462,2131,-11748,-11949,-2243,-3972,601,80,-131,435,410,0
2929489,1039,1035,762,1268,-8703,-12216,-2112,-4009,251,179,-197,414,451,0
2932823,1040,1037,612,443,-5319,-9729,-2504,-4043,-1013,7,-71,422,495,0
2936173,1042,1038,312,425,-9155,-9103,-3355,-4103,-400,-144,-169,438,496,0
2939492,1043,1040,481,31,-11624,-9035,-3524,-4173,-51,-124,-303,429,501,0
2942826,1045,1042,875,631,-12760,-9717,-2362,-4211,550,878,246,408,469,0
2946173,1046,1043,1006,762,-8213,-7166,-2003,-4230,1007,478,1059,401,462,0
2949495,1047,1045,1343,68,-2215,-4672,-1091,-4184,795,488,244,383,483,0
2952830,1048,1046,1381,0,60,-418,-51,-4083,943,495,325,381,491,0
2956173,1049,1048,2600,1062,3254,2755,-1032,-4024,912,482,910,385,483,0
2959498,1051,1050,2375,950,7705,4100,-271,-3972,-459,359,395,381,473,0
2962833,1052,1051,2412,293,8905,4980,-1068,-3964,-145,-60,-315,379,508,0
2966173,1053,1053,2525,537,6382,4595,-933,-3975,546,-370,-479,389,495,0
2969502,1054,1054,2562,518,6221,3614,-576,-3968,447,161,5,387,496,0
2972836,1055,1056,2468,293,7388,3356,-980,-3934,84,126,281,392,492,0
2976175,1057,1058,2112,87,7813,3577,-1277,-3832,366,319,0,395,487,0
2979505,1058,1059,2243,406,9414,4570,-1967,-3700,425,529,369,404,486,0
2982839,1059,1061,1325,0,10915,5369,-2361,-3565,-724,-34,24,431,479,0
2986198,1061,1063,312,50,8736,5272,-2535,-3435,3,220,92,469,451,0
2989508,1062,1064,181,612,8767,6828,-2121,-3272,-1006,243,-530,476,421,0
2992842,1064,1065,218,556,2334,7691,-1875,-3090,441,-464,602,458,424,0
2996199,1065,1067,331,0,5022,7631,16,-2855,-99,-399,15,468,459,0
2999512,1067,1068,200,218,4169,4406,601,-2601,-640,-52,-92,459,442,0
