Time, Rlegs, Llegs, DCL, DCR, GyroX, GyroY, GyroZ, GyroZAvg, AccelX, AccelY, AccelZ, LBEMF, RBEMF, SteerOut
1532,129,131,0,0,192,-143,-146,-144,-20,-3,228,18,19,0
4857,129,131,0,0,189,-144,-147,-144,-23,0,219,18,19,0
8191,129,131,0,0,191,-144,-145,-144,-21,-2,224,18,19,0
11533,129,131,0,0,192,-145,-147,-144,-23,0,221,18,19,0
14859,129,131,0,0,192,-144,-144,-144,-23,-2,225,18,19,0
18195,129,131,0,0,188,-143,-146,-144,-22,0,224,18,19,0
21533,129,131,0,0,190,-145,-145,-144,-22,1,222,18,19,0
24864,129,131,0,0,189,-142,-145,-144,-21,-3,220,18,19,0
28197,129,131,0,0,190,-144,-148,-144,-22,-4,225,18,19,0
31534,129,131,0,0,191,-146,-142,-144,-26,0,218,18,19,0
34866,129,131,0,0,192,-145,-145,-144,-22,0,223,18,19,0
38201,129,131,0,0,191,-143,-144,-144,-23,1,222,18,19,0
41535,129,131,0,0,191,-143,-145,-144,-19,-3,227,18,19,0
44869,129,131,0,0,189,-144,-144,-144,-27,0,227,18,19,0
48203,129,131,0,0,193,-143,-144,-144,-21,0,221,18,19,0
51559,129,131,0,0,191,-143,-144,-144,-22,-3,220,18,19,0
54873,129,131,0,0,189,-146,-144,-144,-26,0,219,18,19,0
58207,129,131,0,0,193,-145,-142,-144,-22,-1,216,19,19,0
61559,129,131,0,0,192,-146,-146,-144,-24,0,223,18,19,0
64876,129,131,0,0,191,-145,-144,-144,-25,0,221,18,19,0
68210,129,131,0,0,194,-144,-146,-144,-19,1,223,18,19,0
71559,129,131,0,0,189,-143,-146,-144,-22,-4,224,18,19,0
74879,129,131,0,0,190,-143,-143,-144,-18,-2,223,18,19,0
78213,129,131,0,0,190,-145,-146,-144,-20,0,223,18,19,0
81560,129,131,0,0,191,-144,-145,-144,-22,1,224,18,19,0
84882,129,131,0,0,191,-143,-144,-144,-23,-1,221,18,19,0
88216,129,131,0,0,190,-145,-147,-144,-25,1,219,18,19,0
91560,129,131,0,0,190,-142,-148,-144,-21,0,221,18,19,0
94885,129,131,0,0,190,-142,-146,-144,-21,0,223,18,19,0
98219,129,131,0,0,192,-142,-143,-144,-19,-3,221,18,19,0
101560,129,131,0,0,189,-144,-143,-144,-20,-2,225,18,19,0
104902,0,0,0,0,190,-142,-143,-144,-23,0,224,18,19,0
108223,0,0,0,0,189,-146,-143,-144,-20,-2,222,18,19,0
111560,0,0,0,0,190,-144,-144,-144,-26,0,222,18,19,0
114891,0,0,0,0,193,-144,-145,-144,-21,0,221,18,19,0
118226,0,0,0,0,193,-144,-142,-144,-22,-2,222,18,19,0
121561,0,0,0,0,192,-144,-144,-144,-28,1,225,18,19,0
124895,0,0,0,0,192,-147,-143,-144,-26,1,225,18,19,0
128229,0,0,0,0,191,-143,-145,-144,-22,1,223,18,19,0
131563,0,0,0,0,191,-144,-145,-144,-23,1,224,18,19,0
134898,0,0,0,0,190,-145,-144,-144,-20,-1,221,18,19,0
138232,0,0,0,0,191,-143,-144,-144,-23,1,222,18,19,0
141585,0,0,0,0,191,-141,-145,-144,-20,0,223,18,19,0
144901,0,0,0,0,189,-143,-145,-144,-23,-3,224,18,19,0
148236,0,0,0,0,191,-141,-146,-144,-24,0,222,18,19,0
151589,0,0,0,0,191,-143,-145,-144,-23,0,227,18,19,0
154904,0,0,0,0,190,-143,-146,-144,-25,2,222,18,19,0
158239,0,0,0,0,193,-142,-145,-144,-25,2,224,18,19,0
161594,0,0,0,0,190,-139,-145,-144,-26,-2,221,18,19,0
164908,0,0,0,0,190,-143,-145,-144,-24,0,223,18,19,0
168242,0,0,0,0,191,-145,-144,-144,-21,1,221,18,19,0
171597,0,0,0,0,192,-144,-143,-144,-20,-1,222,17,19,0
174911,0,0,0,0,192,-146,-145,-144,-28,-1,222,18,19,0
178246,0,0,0,0,194,-145,-143,-144,-23,1,225,18,19,0
181598,0,0,0,0,195,-146,-141,-144,-22,0,223,18,19,0
184915,0,0,0,0,193,-145,-143,-144,-22,-4,225,18,19,0
188248,0,0,0,0,191,-143,-145,-144,-21,1,222,18,19,0
191598,0,0,0,0,192,-146,-145,-144,-24,0,225,18,19,0
194918,0,0,0,0,190,-145,-142,-144,-22,0,223,18,19,0
198251,0,0,0,0,191,-144,-144,-144,-24,0,216,18,19,0
201598,0,0,0,0,190,-146,-143,-144,-24,2,223,18,19,0
204920,0,0,725,706,190,-144,-146,-144,-30,-10,221,18,19,0
208255,0,1,0,0,154,-205,-145,-144,-32,-41,217,62,52,0
211601,0,1,0,0,47,-241,-182,-145,1,11,239,61,47,0
214924,0,1,443,256,113,-243,-194,-146,-6,1,231,49,43,0
218258,0,1,293,181,249,-369,-123,-146,-49,10,211,57,47,0
221601,0,1,143,68,139,-473,-88,-144,-50,18,207,65,53,0
224927,1,1,0,125,80,-450,-50,-141,-3,22,208,64,50,0
228262,1,1,406,425,185,-352,69,-135,-56,-11,194,51,50,0
231602,1,2,275,0,203,-389,67,-128,-89,-12,178,58,58,0
234930,1,2,200,106,-71,-508,-19,-124,-7,12,200,62,51,0
238264,1,2,575,481,-15,-454,43,-118,2,1,240,58,47,0
241602,2,2,0,200,287,-409,64,-112,-92,2,234,74,62,0
244933,2,2,50,162,141,-427,58,-105,-42,10,235,70,64,0
248267,2,2,368,181,53,-367,-7,-101,-3,20,240,53,63,0
251623,2,3,518,200,199,-300,31,-96,-27,13,245,61,62,0
254936,2,3,275,68,251,-241,44,-90,-26,33,242,74,69,0
258271,3,3,0,162,240,-77,-15,-86,-17,15,241,75,64,0
261627,3,3,500,462,345,47,-29,-82,2,22,269,62,64,0
264940,3,3,518,312,505,176,-29,-78,-44,23,260,61,72,0
268274,3,4,256,0,469,311,-38,-75,-22,15,261,75,77,0
271627,3,4,256,143,413,375,-101,-74,-29,-13,248,75,65,0
274943,4,4,125,406,319,354,-137,-73,-80,-26,223,82,67,0
278277,4,4,181,143,113,509,19,-68,25,11,261,79,81,0
281628,4,4,293,162,284,617,77,-61,44,-39,239,73,80,0
284946,4,5,556,200,582,544,112,-53,-27,-13,219,75,78,0
288280,5,5,31,218,495,322,24,-48,-82,-56,189,87,77,0
291628,5,5,275,87,235,267,89,-41,-83,-40,205,74,84,0
294949,5,6,406,0,131,306,158,-31,-28,-27,232,67,78,0
298284,5,6,612,275,247,113,268,-19,-77,0,214,72,74,0
301628,6,6,12,162,91,-51,270,-6,-71,4,208,88,80,0
304952,6,6,368,87,-114,-166,324,8,-30,-30,223,69,84,0
308286,6,6,837,481,-265,-475,297,22,-22,-38,227,60,79,0
311628,6,7,443,12,-229,-791,329,37,-42,-24,220,81,88,0
314955,7,7,31,87,-208,-1025,386,53,-2,19,214,87,84,0
318290,7,7,200,143,1,-1158,435,72,15,28,224,78,81,0
321628,7,8,725,106,235,-1173,428,92,-94,46,240,66,83,0
324958,7,8,387,87,325,-1061,465,110,-63,45,210,84,84,0
328293,8,8,556,312,210,-825,412,126,-69,46,252,86,83,0
331650,8,8,181,218,326,-739,453,142,-36,89,228,90,88,0
334962,8,9,387,0,465,-590,450,154,-133,92,211,79,89,0
338296,8,9,350,50,124,-304,485,167,-37,107,209,81,81,0
341653,9,9,275,443,-94,-109,410,180,-73,70,219,85,76,0
344965,9,9,256,312,-261,-5,416,192,-73,75,234,86,83,0
348299,9,10,350,0,-630,78,283,198,-15,44,226,81,84,0
351653,9,10,312,200,-365,145,382,209,19,65,216,83,73,0
354969,10,10,237,481,-45,229,367,220,-60,49,223,87,74,0
358302,10,10,387,275,-303,120,304,229,-33,28,204,79,85,0
361653,10,11,406,12,-594,-68,289,236,5,19,217,78,83,0
364972,10,11,387,256,-675,-227,221,244,33,52,227,79,70,0
368306,11,11,462,537,-675,-319,147,249,21,22,248,75,71,0
371654,11,11,481,312,-627,-393,94,253,27,56,252,74,83,0
374975,11,12,406,106,-530,-535,-31,253,52,64,242,78,78,0
378310,11,12,331,275,-391,-580,-183,251,7,71,251,82,69,0
381654,12,12,218,462,-295,-461,-200,249,3,64,211,88,75,0
384978,12,12,425,275,-356,-367,-277,240,-17,78,198,77,85,0
388312,12,13,387,87,-497,-351,-291,228,14,59,200,79,79,0
391655,13,13,331,518,-500,-299,-263,216,21,90,198,82,72,0
394981,13,13,200,406,-595,-258,-253,208,42,80,208,89,78,0
398316,13,13,312,275,-454,-252,-191,199,34,42,205,83,85,0
401654,13,14,312,50,-165,-205,-143,190,0,52,184,83,81,0
404985,14,14,106,537,73,-56,-12,181,-34,45,188,94,71,0
408342,14,14,293,218,-112,32,103,176,-68,56,183,84,88,0
411675,14,14,237,312,-450,1,167,171,-54,2,175,87,83,0
414987,14,15,218,31,-683,-98,218,168,-53,49,194,88,82,0
418345,15,15,237,537,-877,-69,277,167,6,69,215,87,71,0
421679,15,15,256,218,-809,-37,285,163,38,32,195,86,88,0
424990,15,15,237,293,-498,-50,341,161,-33,43,195,87,84,0
428349,16,16,0,162,-377,-12,370,159,-57,20,177,92,75,0
431679,16,16,275,500,-672,-44,401,157,-36,38,176,85,73,0
434994,16,16,275,143,-772,-73,437,158,-3,18,171,85,92,0
438352,16,16,125,218,-592,-91,451,157,-8,38,176,93,88,0
441679,17,17,0,0,-427,-65,448,157,39,17,219,97,86,0
444997,17,17,218,331,-97,-29,504,158,17,14,228,88,82,0
448355,17,17,68,125,149,-59,467,160,6,4,207,96,93,0
451680,18,18,0,0,192,-30,460,161,-30,0,193,104,90,0
455001,18,18,106,275,26,16,453,166,-51,21,172,99,90,0
458359,18,18,50,12,-358,-22,445,168,31,7,190,102,104,0
461680,19,19,0,0,-224,-3,449,171,34,-19,192,111,100,0
465004,19,19,0,106,-43,64,442,175,33,-49,211,108,99,0
468361,19,19,0,68,105,78,467,181,17,-54,221,110,101,0
471681,20,20,0,0,62,-54,527,190,-37,51,214,120,97,0
475006,20,20,0,0,-30,5,529,202,37,-12,198,117,95,0
478363,21,20,0,143,-14,93,562,217,19,6,194,127,97,0
481681,21,21,0,0,6,181,539,235,14,-30,180,124,101,0
485011,21,21,0,0,41,195,550,258,28,-57,191,124,101,0
488368,22,21,0,12,90,246,569,282,-45,-43,191,129,104,0
491702,22,22,0,0,-31,245,610,309,52,-33,241,128,97,0
495013,23,22,0,0,57,514,515,335,-7,-2,249,135,93,0
498371,23,22,0,0,185,961,683,364,40,-40,268,127,91,0
501705,24,22,0,312,-53,1105,647,392,67,-76,254,136,88,0
505016,24,23,0,0,112,986,705,420,144,-136,341,125,95,0
508372,25,23,0,0,1115,626,678,446,52,-158,423,123,90,0
511706,25,23,0,387,1401,206,647,467,32,-165,398,117,84,0
515019,25,24,0,87,1343,-201,600,482,121,-122,296,107,84,0
518371,26,24,0,50,1294,-386,482,492,-10,-143,302,103,86,0
521706,26,24,0,87,1020,-421,165,490,134,-165,304,94,84,0
525023,26,24,0,387,1148,-511,38,483,-3,-144,281,86,84,0
528372,27,25,0,0,1195,-551,-216,467,37,-66,237,79,96,0
531706,27,25,0,0,1004,-325,-368,445,-43,-116,213,72,92,0
535026,27,25,181,331,573,-212,-621,414,64,-116,258,63,87,0
538372,27,26,143,12,634,-264,-677,380,13,-85,209,65,88,0
541706,27,26,143,106,800,-255,-786,342,-45,-89,198,65,83,0
545029,27,26,125,68,726,-253,-809,303,-38,-90,224,66,85,0
548372,28,26,181,425,617,-354,-785,264,-43,-82,230,63,82,0
551707,28,27,181,0,592,-440,-703,227,-53,-75,209,63,92,0
555032,28,27,200,106,598,-523,-635,192,-25,-33,209,62,83,0
558373,28,27,481,481,749,-625,-486,163,-57,-64,213,63,79,0
561707,28,28,293,31,800,-794,-365,137,-50,-26,228,73,87,0
565036,29,28,0,200,783,-899,-244,115,-99,-42,204,78,78,0
568373,29,28,350,181,573,-948,-128,97,-117,-27,229,54,79,0
571728,29,28,537,387,185,-973,-192,78,-39,31,196,60,84,0
575039,29,29,312,0,-100,-971,-255,55,10,-3,224,72,89,0
578397,29,29,575,462,197,-1061,-59,37,-3,16,243,69,75,0
581729,30,29,143,218,417,-1208,58,22,18,50,221,76,88,0
585042,30,29,462,237,457,-1208,111,8,42,91,220,59,87,0
588398,30,30,425,106,370,-804,-8,-8,-79,104,199,61,78,0
591732,30,30,743,575,119,-590,-75,-28,43,28,260,60,69,0
595045,31,30,218,331,125,-752,-25,-46,41,66,241,72,82,0
598398,31,30,368,462,402,-878,-70,-68,-29,112,215,64,75,0
601732,31,31,612,143,416,-627,-214,-90,-38,77,214,51,76,0
605048,31,31,781,537,274,-515,-282,-121,3,75,254,58,71,0
608398,31,31,518,350,333,-574,-222,-148,2,119,256,72,81,0
611733,32,31,162,350,246,-462,-353,-181,-42,146,217,75,81,0
615051,32,32,406,200,87,-77,-432,-215,31,115,244,62,73,0
618399,32,32,931,650,369,-19,-364,-247,23,98,273,50,65,0
621733,32,32,537,481,695,-151,-322,-276,-16,122,249,71,74,0
625055,32,32,556,406,638,-66,-466,-305,-47,139,215,70,78,0
628399,33,32,293,518,524,66,-528,-327,-1,51,257,68,72,0
631733,33,33,725,481,694,-92,-495,-344,-17,104,232,61,74,0
635058,33,33,575,481,794,-241,-530,-354,-46,177,182,69,74,0
638399,33,33,462,425,455,14,-679,-363,-20,166,189,75,77,0
641733,33,33,781,837,374,216,-806,-369,-23,123,194,74,71,0
645061,34,34,368,350,515,182,-785,-372,-32,106,181,80,81,0
648399,34,34,462,387,590,169,-863,-375,-47,157,174,75,79,0
651734,34,34,425,368,467,270,-936,-379,-71,79,164,77,80,0
655064,34,34,668,650,319,251,-999,-386,-36,89,148,80,81,0
658420,35,35,218,237,249,179,-1054,-396,-49,83,143,88,87,0
661757,35,35,350,312,115,171,-1171,-413,-36,89,149,81,83,0
665067,35,35,312,275,163,288,-1284,-438,-4,92,179,83,85,0
668424,36,36,256,293,549,346,-1280,-467,-38,69,188,86,84,0
671757,36,36,125,200,681,339,-1272,-499,-81,56,175,93,89,0
675071,36,36,275,200,596,363,-1317,-536,-35,75,191,85,89,0
678424,36,36,181,218,423,448,-1339,-572,-75,83,164,90,88,0
681757,37,37,87,218,231,458,-1331,-606,-3,57,168,95,88,0
685074,37,37,218,125,243,423,-1320,-645,5,34,205,88,93,0
688425,37,37,143,68,418,550,-1305,-688,-32,51,176,92,96,0
691758,38,38,0,0,348,618,-1361,-734,-19,31,171,100,90,0
695077,38,38,0,181,231,566,-1340,-775,-26,33,177,100,90,0
698425,38,38,87,0,160,525,-1329,-814,3,27,176,95,101,0
701790,39,38,143,518,97,535,-1387,-857,50,4,194,97,93,0
705080,39,39,0,12,164,445,-1388,-898,24,-53,162,107,104,0
708425,39,39,68,0,167,297,-1337,-933,13,-3,171,101,115,0
711758,40,40,0,0,42,213,-1271,-964,-20,-20,191,109,112,0
715084,40,40,0,0,-41,96,-1126,-992,82,-77,173,113,116,0
718425,40,40,0,0,296,106,-1036,-1014,56,-88,169,111,120,0
721758,41,41,0,0,552,58,-976,-1031,31,-102,191,120,124,0
725087,41,41,0,0,669,-60,-843,-1046,22,-105,179,115,134,0
728426,41,42,0,0,578,-62,-592,-1054,-23,-123,182,113,132,0
731759,42,42,0,0,417,-47,-330,-1050,188,-147,256,117,142,0
735090,42,43,0,0,1001,-134,21,-1033,140,-148,277,109,135,0
738447,43,43,0,0,1549,-110,234,-1010,-89,-173,323,109,141,0
741759,43,44,0,0,1153,-11,455,-979,-29,-159,313,96,130,0
745093,43,44,0,0,191,442,310,-948,-14,-242,463,92,129,0
748450,43,45,462,0,135,605,178,-917,53,-244,423,80,113,0
751786,44,45,68,0,437,587,83,-890,-126,-269,400,85,109,0
755096,44,45,237,0,-32,414,206,-857,-15,-280,423,76,102,0
758450,44,46,237,0,271,344,155,-823,43,-254,356,76,83,0
761786,44,46,537,0,877,261,314,-782,-49,-219,303,76,74,0
765099,45,46,31,125,1188,93,279,-740,-30,-192,251,87,66,0
768451,45,46,312,125,1411,75,362,-692,-127,-145,217,72,66,0
771792,45,46,556,481,1322,142,235,-645,-72,-106,224,75,63,0
775103,45,47,350,0,1146,185,163,-600,-111,-88,185,86,73,0
778451,46,47,0,106,768,107,2,-560,-175,-81,137,94,67,0
781792,46,47,181,87,378,-52,-150,-523,-6,-40,172,79,68,0
785106,46,47,556,387,397,-239,-250,-489,-166,18,93,75,68,0
788451,47,48,0,0,-341,-283,-359,-459,-49,-11,91,101,80,0
791793,47,48,0,0,-815,-401,-428,-431,12,1,146,89,80,0
795109,47,48,143,0,-747,-673,-486,-406,-51,14,124,81,76,0
798451,47,48,387,125,-824,-804,-490,-378,21,11,152,84,82,0
801793,48,48,0,143,-584,-886,-468,-351,-9,21,185,90,81,0
805112,48,49,368,0,-375,-1071,-520,-326,-52,56,198,69,84,0
808451,48,49,687,125,-433,-1229,-576,-300,25,51,217,68,82,0
811794,48,49,462,106,-271,-1349,-548,-274,-97,60,220,80,83,0
815116,49,50,106,0,-481,-1433,-522,-249,-30,59,253,83,78,0
818473,49,50,875,350,-343,-1583,-572,-227,6,75,276,58,70,0
821793,49,50,612,256,-5,-1702,-538,-208,-51,122,268,72,75,0
825119,49,50,387,106,85,-1697,-452,-190,-39,93,280,84,83,0
828477,50,50,275,350,146,-1631,-451,-174,-23,137,281,85,81,0
831794,50,51,406,0,196,-1442,-440,-161,-71,146,281,78,84,0
835122,50,51,481,125,361,-900,-269,-151,-29,157,240,74,77,0
838477,50,51,350,181,530,-354,-184,-147,-113,133,251,81,74,0
841794,51,51,275,481,351,92,-141,-152,-129,142,266,85,74,0
845125,51,52,312,68,-244,533,-88,-162,-43,133,246,83,80,0
848477,51,52,350,200,-263,866,95,-173,-67,91,227,81,73,0
851818,51,52,312,218,-331,1070,199,-176,-55,70,246,83,72,0
855129,52,52,200,481,-527,1018,293,-173,-44,42,217,89,74,0
858477,52,53,368,50,-568,874,385,-163,-35,50,196,80,81,0
861820,52,53,350,256,-687,666,493,-154,-10,28,178,81,70,0
865131,53,53,50,256,-767,326,553,-142,-6,45,181,81,70,0
868477,53,53,350,368,-816,107,543,-135,6,17,199,81,80,0
871820,53,54,368,31,-675,-84,618,-124,65,49,184,80,82,0
875135,53,54,368,256,-329,-276,551,-118,65,41,188,80,70,0
878478,54,54,331,518,-135,-405,506,-110,60,-2,167,82,72,0
881820,54,54,312,350,96,-527,367,-103,-22,14,202,83,81,0
885138,54,55,368,331,137,-717,491,-88,-3,58,168,80,82,0
888478,54,55,275,162,102,-745,393,-71,-12,58,172,85,75,0
891820,55,55,181,575,-49,-789,318,-53,4,40,200,90,69,0
895142,55,55,218,275,-365,-690,206,-36,-17,74,229,88,85,0
898499,55,56,312,12,-667,-488,90,-20,8,31,231,83,83,0
901821,55,56,218,256,-781,-442,-14,-5,43,67,246,88,70,0
905145,56,56,106,537,-602,-277,-167,4,-12,57,250,94,71,0
908503,56,56,293,200,-688,-150,-210,12,-10,15,215,84,89,0
911821,56,57,256,0,-728,-87,-239,21,-39,8,228,86,86,0
915147,57,57,0,181,-772,-10,-146,35,-15,36,252,90,74,0
918503,57,57,143,406,-839,90,-122,48,-28,27,226,92,78,0
921821,57,57,200,256,-816,154,-45,63,15,33,225,89,86,0
925151,57,58,143,0,-522,295,55,82,-22,17,204,92,85,0
928503,58,58,0,237,-405,399,121,103,-11,6,218,95,71,0
931821,58,58,200,387,-361,438,229,124,-34,-20,158,89,79,0
935155,58,58,125,200,-402,317,374,150,-2,-44,171,93,89,0
938504,59,59,0,0,-401,123,489,179,-31,-69,168,101,85,0
941846,59,59,0,106,-493,-80,578,205,7,-49,183,94,78,0
945157,59,59,125,293,-393,-359,680,232,49,-29,195,93,84,0
948503,60,59,0,143,-63,-494,748,260,37,-13,178,103,92,0
951878,60,60,12,256,190,-555,708,285,-10,-15,171,104,91,0
955160,60,60,68,162,119,-526,636,302,-67,13,178,101,96,0
958504,61,60,0,125,-263,-468,515,312,-26,21,166,111,98,0
961849,61,61,0,0,-608,-384,410,316,30,-38,180,107,94,0
965163,61,61,0,256,-639,-65,339,314,42,17,210,105,91,0
968504,62,61,0,106,-315,135,277,307,84,-19,219,117,99,0
971850,62,62,0,0,227,159,208,297,-35,1,215,113,99,0
975167,62,62,0,0,152,102,227,287,-80,-51,184,116,97,0
978505,63,62,0,106,-271,81,219,274,-86,-11,183,126,99,0
981850,63,63,0,0,-674,-34,242,265,86,0,236,123,99,0
985170,64,63,0,0,-233,25,302,258,21,-16,232,135,98,0
988527,64,63,0,125,23,-43,349,258,15,4,187,130,98,0
991851,65,64,0,0,17,24,292,251,21,-5,192,136,98,0
995173,65,64,0,0,-126,200,487,254,85,-37,233,136,97,0
998528,66,64,0,162,183,472,523,261,92,-21,249,140,96,0
1001850,66,65,0,0,357,731,681,276,32,-32,259,137,93,0
1005176,67,65,0,0,340,759,805,298,77,-105,315,133,96,0
1008528,67,65,0,0,564,427,888,326,189,-137,363,130,92,0
1011852,67,66,0,125,1182,167,843,358,76,-151,357,123,82,0
1015179,68,66,0,50,1634,4,899,392,-6,-148,332,124,86,0
1018528,68,66,0,50,1259,-156,723,422,127,-134,289,111,86,0
1021851,69,66,0,368,1207,-328,680,448,111,-106,301,107,85,0
1025183,69,67,0,0,1588,-441,345,463,-14,-99,259,103,90,0
1028529,69,67,0,0,1444,-430,200,471,22,-123,265,86,92,0
1031851,69,67,0,50,1112,-390,-67,467,62,-119,243,78,86,0
1035186,70,67,0,387,1152,-362,-281,454,-23,-128,227,75,84,0
1038528,70,68,0,0,969,-430,-444,433,-34,-105,177,64,89,0
1041854,70,68,31,50,770,-449,-647,401,-13,-77,194,55,86,0
1045189,70,68,162,106,785,-417,-813,361,4,-76,198,48,83,0
1048529,70,69,293,68,943,-436,-932,313,-49,-74,171,57,85,0
1051858,71,69,0,0,895,-507,-884,264,-76,-70,190,68,91,0
1055193,71,69,0,12,641,-639,-769,217,-50,-66,212,65,88,0
1058529,71,69,350,443,606,-703,-582,177,-63,-76,226,54,81,0
1061861,71,70,200,0,536,-847,-477,142,-13,-54,219,62,89,0
1065195,71,70,181,106,628,-957,-282,117,-48,-28,236,63,83,0
1068553,71,70,537,462,661,-982,-135,100,-69,-23,217,60,80,0
1071865,72,70,50,368,445,-920,-106,86,-9,38,209,70,85,0
1075198,72,71,68,50,241,-757,-143,73,-69,20,250,69,86,0
1078556,72,71,650,368,185,-624,-89,64,-35,16,268,49,80,0
1081867,72,71,406,256,144,-705,-42,55,-32,50,274,62,86,0
1085202,72,72,331,68,141,-790,63,50,-8,51,220,66,80,0
1088561,73,72,143,200,186,-706,46,44,-35,54,230,60,73,0
1091871,73,72,518,481,368,-701,114,38,10,20,220,56,74,0
1095205,73,72,425,237,630,-922,168,33,-40,53,244,61,87,0
1098563,73,73,425,106,727,-973,130,28,-71,88,183,61,78,0
1101874,73,73,312,237,372,-841,-3,12,-45,110,182,67,71,0
1105208,73,73,575,631,-289,-400,-180,-9,22,76,200,69,66,0
1108563,74,73,162,387,-236,-250,-249,-38,41,58,248,75,79,0
1111877,74,74,556,162,40,-322,-327,-73,0,85,231,54,75,0
1115212,74,74,650,275,318,-380,-395,-113,-31,112,241,49,69,0
1118563,74,74,631,500,290,-376,-411,-152,-41,88,246,66,73,0
1121880,74,74,556,368,136,-453,-505,-196,-6,117,241,70,80,0
1125215,75,74,275,443,278,-386,-513,-235,24,120,242,69,76,0
1128563,75,75,931,556,626,-295,-483,-271,3,134,238,50,70,0
1131884,75,75,687,556,915,-217,-440,-296,-29,140,222,63,70,0
1135218,75,75,462,556,839,-32,-533,-319,-37,131,195,75,70,0
1138563,75,75,575,481,540,116,-570,-334,-43,142,206,69,74,0
1141887,76,76,518,462,403,152,-624,-345,-23,111,217,72,75,0
1145221,76,76,518,425,440,83,-651,-352,-20,143,198,72,77,0
1148564,76,76,556,481,438,139,-731,-354,-50,155,178,70,74,0
1151891,76,76,537,462,383,229,-817,-354,-7,119,188,71,75,0
1155224,77,76,537,687,390,181,-855,-352,-39,110,198,71,79,0
1158564,77,77,387,237,427,136,-910,-353,-21,106,182,79,87,0
1161893,77,77,500,350,431,208,-1038,-361,-55,142,180,73,81,0
1165227,77,77,481,312,403,377,-1119,-378,-30,95,186,74,83,0
1168564,78,78,256,256,334,394,-1155,-399,-56,50,202,86,86,0
1171897,78,78,87,312,232,329,-1136,-426,-32,97,170,95,83,0
1175231,78,78,331,293,243,284,-1171,-458,18,104,186,82,84,0
1178589,78,78,312,237,473,414,-1200,-492,-9,94,155,83,87,0
1181899,79,79,125,237,562,500,-1251,-527,-46,66,154,93,87,0
1185234,79,79,218,87,414,341,-1248,-563,3,52,191,88,95,0
1188591,79,79,256,125,510,350,-1277,-602,-1,65,189,86,93,0
1191903,80,80,0,0,670,495,-1262,-643,-61,70,183,92,86,0
1195237,80,80,106,218,591,540,-1270,-684,-4,40,187,94,88,0
1198591,80,80,162,0,399,557,-1291,-728,-18,0,188,91,100,0
1201906,80,80,500,387,316,535,-1304,-774,5,32,173,94,100,0
1205241,81,81,0,0,402,539,-1379,-821,12,13,199,114,106,0
1208591,81,81,12,0,350,589,-1467,-867,-7,-15,179,104,109,0
1211909,81,82,31,0,217,565,-1506,-909,-42,-14,234,103,101,0
1215243,82,82,0,0,-34,381,-1419,-945,-46,-3,173,107,106,0
1218591,82,82,12,0,-218,137,-1289,-975,-12,-18,164,104,114,0
1221912,83,83,0,0,-293,-3,-1181,-1000,-19,-30,103,105,112,0
1225247,83,83,0,0,35,171,-1160,-1023,28,-71,151,111,114,0
1228591,83,84,0,0,123,265,-1120,-1042,43,-42,225,112,121,0
1231915,84,84,0,0,509,143,-969,-1057,19,-121,211,117,127,0
1235250,84,84,0,0,744,7,-694,-1063,-24,-126,159,115,136,0
1238592,84,85,0,0,806,-80,-366,-1061,-20,-118,206,110,131,0
1241919,85,85,0,0,813,-20,-119,-1048,161,-161,256,115,139,0
1245253,85,86,0,0,1510,19,224,-1023,27,-175,301,107,132,0
1248592,85,86,125,0,1536,-112,394,-991,-173,-200,315,98,137,0
1251922,86,87,0,0,582,114,377,-959,-102,-223,417,101,125,0
1255256,86,87,0,0,-195,533,141,-932,25,-210,410,89,119,0
1258592,86,88,181,0,-18,814,-95,-909,98,-267,391,79,105,0
1261925,87,88,87,0,519,849,-198,-889,-113,-309,359,84,95,0
1265260,87,88,106,0,324,665,-145,-865,2,-285,351,83,90,0
1268616,87,88,275,31,359,473,-69,-835,-30,-282,352,74,71,0
1271929,87,89,556,106,656,116,52,-798,-10,-232,325,75,67,0
1275263,88,89,0,125,1351,-102,173,-757,-44,-188,266,92,66,0
1278621,88,89,143,125,1517,-153,195,-715,-103,-110,243,81,66,0
1281931,88,89,256,125,1182,-121,143,-674,-155,-92,182,75,66,0
1285266,88,89,500,350,746,-170,106,-633,-114,-69,150,78,70,0
1288621,89,90,0,0,388,-285,75,-592,-59,-52,170,98,76,0
1291935,89,90,106,87,-85,-335,-59,-554,-29,-25,116,83,68,0
1295270,89,90,500,406,-204,-428,-173,-520,-87,15,101,78,67,0
1298625,90,90,0,87,-446,-441,-344,-491,-66,-5,81,94,84,0
1301938,90,90,0,125,-823,-478,-406,-464,60,-2,144,99,82,0
1305272,90,91,87,0,-459,-621,-387,-436,13,48,175,84,83,0
1308628,90,91,481,50,-356,-693,-443,-409,-37,33,167,79,86,0
1311941,91,91,0,50,-442,-930,-495,-382,3,46,178,92,86,0
1315275,91,92,218,0,-406,-1039,-507,-352,-42,74,210,77,79,0
1318629,91,92,818,256,-496,-1186,-519,-321,13,35,254,61,75,0
1321944,91,92,462,143,-259,-1521,-506,-292,-44,70,252,80,81,0
1325279,92,92,68,106,-176,-1681,-471,-267,-63,75,272,85,83,0
1328630,92,93,481,50,-179,-1818,-461,-244,-26,89,291,74,81,0
1331947,92,93,518,87,19,-1975,-502,-224,-88,147,287,72,79,0
1335282,92,93,462,162,69,-1857,-474,-203,-63,184,280,75,75,0
1338629,93,93,350,462,123,-1532,-461,-187,-64,165,283,81,75,0
1341951,93,94,481,50,105,-1008,-452,-180,-55,179,265,74,81,0
1345286,93,94,425,68,156,-551,-359,-180,-92,156,249,77,80,0
1348630,93,94,350,200,97,-69,-336,-186,-92,150,238,81,73,0
1351954,94,94,312,481,-114,467,-270,-202,-133,111,206,83,74,0
1355288,94,94,275,406,-623,840,-173,-220,-149,108,192,85,78,0
1358630,94,95,350,12,-1103,1084,-144,-236,54,93,253,81,83,0
1361958,94,95,331,237,-656,1135,26,-239,-3,58,216,82,71,0
1365292,95,95,256,537,-448,1023,141,-232,-21,56,219,86,71,0
1368630,95,95,350,368,-341,836,278,-217,-43,14,200,81,80,0
1371960,95,96,387,68,-546,450,469,-198,-54,11,178,79,80,0
1375295,95,96,350,312,-763,132,525,-179,17,36,173,81,67,0
1378652,96,96,256,575,-796,-134,581,-163,41,46,179,86,69,0
1381963,96,96,312,350,-613,-405,515,-152,103,39,195,83,81,0
1385298,96,97,425,12,-242,-542,396,-146,64,26,223,77,83,0
1388655,96,97,350,218,199,-605,445,-137,58,61,164,81,72,0
1391967,97,97,237,500,432,-500,465,-125,-3,61,165,87,73,0
1395301,97,97,218,331,235,-486,461,-113,-34,64,191,88,82,0
1398655,97,98,312,143,-62,-508,302,-102,-10,44,201,83,76,0
1401970,97,98,256,275,-286,-493,263,-88,2,55,228,86,69,0
1405304,98,98,162,518,-334,-386,255,-70,20,40,232,91,72,0
1408656,98,98,256,200,-322,-371,232,-50,9,26,229,86,89,0
1411973,98,99,256,0,-222,-425,162,-33,-42,36,225,86,84,0
1415308,99,99,0,162,-500,-346,130,-15,-71,45,229,91,75,0
1418656,99,99,237,312,-940,-196,44,1,-35,25,233,87,83,0
1421976,99,99,200,162,-1155,-63,3,17,13,30,234,89,91,0
1425311,99,100,162,0,-870,115,6,34,24,33,255,91,84,0
1428656,100,100,12,462,-585,295,14,50,-15,25,233,99,75,0
1431980,100,100,218,275,-564,435,53,66,-27,27,228,88,85,0
1435314,100,100,181,143,-563,528,113,84,-56,7,193,90,92,0
1438656,101,101,0,12,-731,553,125,104,-29,-8,190,97,83,0
1441982,101,101,181,481,-839,495,185,124,33,-40,189,90,74,0
1445317,101,101,125,237,-666,281,303,148,19,-49,181,93,87,0
1448657,102,102,0,0,-411,-15,362,174,26,-63,185,99,88,0
1451986,102,102,68,350,-37,-391,460,199,-4,-55,184,101,86,0
1455320,102,102,106,162,66,-606,516,226,-16,-26,173,99,96,0
1458678,103,102,0,143,-17,-780,548,251,-7,-7,152,109,97,0
1461989,103,103,0,0,-193,-804,478,272,25,6,174,113,95,0
1465324,103,103,0,218,-14,-640,404,289,0,46,163,108,93,0
1468682,104,103,0,200,228,-471,384,300,-34,-10,189,112,94,0
1471992,104,104,0,0,70,-262,343,306,-89,-3,182,113,92,0
1475326,104,104,0,293,-374,-169,309,307,28,4,182,114,89,0
1478682,105,104,0,143,-323,-53,286,302,36,-11,194,122,97,0
1481996,105,105,0,0,6,41,311,295,-21,-53,192,121,101,0
1485330,106,105,0,0,-96,23,315,287,-42,-64,212,127,96,0
1488682,106,105,0,181,-480,-117,292,280,8,15,227,128,95,0
1491999,107,106,0,0,-502,-158,277,276,13,11,204,129,98,0
1495333,107,106,0,0,-399,-10,318,272,36,-31,173,138,93,0
1498682,107,106,0,143,-344,200,299,267,62,-53,210,135,97,0
1502002,108,107,0,0,-28,342,429,266,100,15,231,143,97,0
1505337,108,107,0,0,369,617,540,273,28,-27,203,136,96,0
1508682,109,107,0,0,342,841,641,285,72,-108,298,133,90,0
1512005,109,108,0,68,499,595,714,299,90,-131,360,134,85,0
1515339,110,108,0,106,940,258,795,317,91,-92,408,135,83,0
1518682,110,108,0,87,1158,42,869,339,71,-120,342,126,84,0
1522008,111,108,0,350,1299,-88,914,364,140,-145,326,124,86,0
1525342,111,109,0,0,1578,-173,736,385,130,-145,309,109,96,0
1528683,111,109,0,0,1645,-249,562,403,20,-130,321,101,92,0
1532011,112,109,0,0,1385,-246,180,408,60,-124,248,96,90,0
1535370,112,110,0,0,1226,-224,-159,403,50,-100,277,84,90,0
1538704,112,110,0,12,1089,-243,-427,388,-66,-124,229,75,88,0
1542014,113,110,0,50,686,-444,-755,361,78,-131,230,67,86,0
1545372,113,110,0,406,944,-487,-842,330,-13,-92,169,61,83,0
1548707,113,111,31,0,967,-430,-1007,293,-59,-86,169,55,92,0
1552018,113,111,237,0,637,-306,-1073,250,14,-72,201,44,89,0
1555376,113,111,387,387,675,-289,-1122,204,-20,-77,216,52,84,0
1558708,113,112,237,12,844,-325,-1085,155,-36,-81,204,60,88,0
1562021,113,112,106,0,973,-475,-907,111,-61,-94,198,67,90,0
1565379,114,112,0,68,908,-771,-674,73,-61,-85,201,67,85,0
1568708,114,112,293,387,789,-1076,-514,42,-92,-36,224,57,84,0
1572024,114,113,312,0,512,-1111,-458,15,-37,-13,201,56,91,0
1575411,114,113,387,331,503,-1088,-280,-5,-36,-8,220,63,82,0
1578709,114,113,331,293,608,-1072,-138,-20,-74,39,228,66,84,0
1582027,115,113,0,293,377,-904,-100,-33,-59,52,245,71,84,0
1585386,115,114,293,106,237,-584,-98,-45,-17,37,261,52,78,0
1588709,115,114,706,518,204,-457,-66,-57,-18,37,264,46,72,0
1592031,115,114,481,350,85,-563,-55,-68,-28,70,266,58,81,0
1595389,115,114,350,275,151,-564,-29,-78,5,28,270,65,85,0
1598709,115,115,481,68,376,-635,66,-85,-16,19,245,58,80,0
1602034,116,115,781,462,527,-818,134,-90,-32,40,244,58,75,0
1605391,116,115,275,331,422,-867,58,-98,-11,56,212,69,82,0
1608709,116,115,481,368,285,-839,-26,-112,-42,92,205,58,80,0
1612037,116,116,462,181,197,-810,-37,-130,-5,92,233,59,74,0
1615392,116,116,725,687,265,-754,-95,-153,-26,84,223,61,63,0
1618730,117,116,237,331,251,-619,-135,-180,-18,114,199,71,82,0
1622040,117,116,256,293,70,-344,-349,-216,-25,89,218,70,84,0
1625396,117,117,593,162,107,-195,-416,-256,7,85,214,52,75,0
1628731,117,117,837,593,168,-222,-475,-299,-8,109,225,55,68,0
1632043,117,117,518,518,371,-206,-524,-338,8,102,229,72,72,0
1635400,117,117,518,406,441,-172,-551,-373,-1,138,230,72,78,0
1638734,118,118,275,218,416,-86,-709,-401,-18,120,239,69,72,0
1642047,118,118,800,537,625,6,-700,-418,11,120,237,57,71,0
1645400,118,118,518,425,792,-47,-650,-425,-16,116,209,72,77,0
1648734,118,118,556,425,721,-4,-723,-424,-60,134,200,70,77,0
1652050,119,118,275,462,674,163,-774,-422,-37,132,224,69,75,0
1655400,119,119,556,368,807,99,-746,-414,-62,105,216,70,80,0
1658734,119,119,537,425,948,-28,-739,-403,-98,138,201,71,77,0
1662053,119,119,481,462,562,55,-764,-392,-106,149,173,74,75,0
1665401,119,119,725,762,-55,137,-865,-385,-32,147,215,77,75,0
1668735,120,120,256,312,-169,107,-948,-386,-22,77,199,86,83,0
1672056,120,120,425,312,86,79,-974,-396,-37,102,164,77,83,0
1675401,120,120,425,293,251,151,-1008,-411,-61,110,164,77,84,0
1678735,121,120,275,650,71,201,-1119,-432,-30,134,158,85,81,0
1682060,121,121,218,125,32,274,-1177,-460,-4,94,175,88,93,0
1685401,121,121,387,143,251,391,-1207,-493,-11,107,159,79,92,0
1688736,121,121,293,218,381,499,-1252,-529,-40,57,163,84,88,0
1692063,122,122,162,275,483,572,-1232,-565,15,82,217,91,85,0
1695401,122,122,181,162,716,590,-1245,-602,-19,27,183,90,91,0
1698736,122,122,218,50,784,611,-1275,-640,-28,50,173,88,97,0
1702066,122,122,481,500,719,674,-1369,-682,-24,23,158,95,94,0
1705422,123,123,0,12,584,675,-1431,-728,-20,23,172,112,104,0
1708757,123,123,106,12,312,646,-1508,-780,3,-12,206,99,104,0
1712069,123,124,462,143,218,526,-1478,-828,-3,17,200,96,97,0
1715426,124,124,0,12,127,466,-1451,-872,-19,12,173,111,104,0
1718761,124,124,0,0,-89,387,-1444,-916,34,-13,170,105,110,0
1722072,125,125,0,0,-86,291,-1390,-957,50,-9,185,101,105,0
1725426,125,125,0,0,81,229,-1273,-992,-72,15,162,109,106,0
1728761,125,125,0,0,-42,122,-1158,-1017,47,-79,172,106,113,0
1732075,126,126,0,0,63,130,-1034,-1037,59,-125,229,106,112,0
1735427,126,126,0,0,442,183,-961,-1052,62,-98,219,109,124,0
1738761,126,126,0,0,870,-35,-791,-1060,-27,-88,170,107,122,0
1742079,127,127,0,0,1064,-188,-647,-1063,-79,-127,125,112,127,0
1745427,127,127,0,0,674,-82,-395,-1054,1,-160,182,105,127,0
1748761,127,128,50,0,514,-14,-81,-1034,69,-161,260,102,129,0
1752082,128,128,0,0,1337,-29,179,-1008,-39,-139,285,107,137,0
1755427,128,129,0,0,1393,7,381,-974,-274,-219,362,99,126,0
1758761,128,129,218,0,185,403,208,-943,-15,-155,467,93,126,0
1762085,129,130,0,0,-246,652,-52,-921,57,-240,423,93,115,0
1765427,129,130,218,0,136,659,-172,-904,-29,-270,375,77,111,0
1768762,129,130,275,0,261,517,-67,-882,-77,-280,420,74,95,0
1772088,129,131,481,0,227,377,-74,-857,69,-296,379,79,86,0
1775428,130,131,0,0,886,186,121,-824,-92,-241,324,93,74,0
1778761,130,131,256,106,1214,-28,220,-786,-78,-188,305,75,67,0
1782092,130,131,612,462,1309,4,193,-749,-43,-153,251,72,64,0
1785448,130,132,237,0,1493,49,139,-710,-135,-117,217,92,74,0
1788785,131,132,0,68,1171,105,4,-673,-106,-116,157,100,69,0
1792095,131,132,106,143,621,120,-100,-638,-128,-62,169,83,65,0
1795452,131,132,481,312,456,95,-172,-604,-83,-58,176,79,72,0
1798785,132,132,0,143,403,-123,-281,-575,-113,-38,102,99,81,0
1802098,132,133,0,0,45,-340,-287,-545,-151,-16,60,97,82,0
1805453,132,133,443,218,-485,-484,-388,-517,6,-27,136,81,77,0
1808786,132,133,237,68,-562,-703,-404,-487,-44,17,130,92,85,0
1812101,133,133,0,143,-598,-848,-384,-454,-22,27,153,98,81,0
1815453,133,134,256,0,-695,-872,-383,-419,48,39,156,75,79,0
1818785,133,134,575,162,-538,-1017,-440,-387,-51,64,179,74,80,0
1822105,134,134,331,12,-579,-1130,-496,-357,-29,66,202,87,88,0
1825453,134,134,462,387,-600,-1190,-457,-326,21,48,222,75,79,0
1828787,134,135,593,0,-382,-1385,-454,-297,-38,49,269,68,86,0
1832108,134,135,462,106,-273,-1618,-481,-272,-31,74,255,75,78,0
1835453,134,135,425,162,-236,-1701,-467,-250,-37,94,265,77,75,0
1838787,135,135,425,556,-153,-1755,-474,-233,-37,110,274,77,70,0
1842111,135,136,500,0,-73,-1718,-524,-219,-24,150,308,73,84,0
1845454,135,136,462,106,73,-1501,-564,-212,7,159,245,75,78,0
1848787,135,136,443,106,556,-819,-353,-203,-33,168,258,76,78,0
1852114,136,136,331,462,898,-256,-291,-200,-155,151,262,82,75,0
1855454,136,137,406,31,414,70,-278,-206,-45,111,231,78,82,0
1858786,136,137,387,181,17,382,-144,-216,-133,91,241,79,74,0
1862117,136,137,368,200,-237,633,-55,-229,-52,126,258,80,73,0
1865475,137,137,331,481,-256,877,3,-236,-55,81,227,82,74,0
1868787,137,138,350,31,-381,878,132,-230,-94,86,184,81,82,0
1872120,137,138,312,200,-812,836,195,-219,-56,66,171,83,73,0
1875478,137,138,275,218,-1245,758,240,-209,44,50,216,85,72,0
1878811,138,138,256,462,-1216,524,309,-197,-20,35,196,86,75,0
1882123,138,139,368,312,-1273,264,388,-189,57,28,206,80,83,0
1885479,138,139,387,125,-1053,41,404,-183,120,35,199,79,77,0
1888815,139,139,350,575,-412,-183,330,-179,65,18,180,81,69,0
1892127,139,139,312,425,-205,-423,212,-176,33,44,187,83,77,0
1895479,139,140,443,0,-192,-559,143,-172,42,17,192,76,84,0
1898819,139,140,331,237,-183,-672,76,-167,72,21,200,82,71,0
1902130,140,140,237,575,124,-765,18,-161,67,53,201,87,69,0
1905479,140,140,237,256,326,-819,-10,-152,42,47,204,87,86,0
1908821,140,140,331,331,397,-781,-59,-145,-47,88,200,82,82,0
1912134,140,141,256,87,42,-634,-114,-136,-88,45,197,86,79,0
1915479,141,141,143,537,-566,-502,-170,-129,-9,60,220,92,71,0
1918820,141,141,256,350,-908,-377,-256,-125,16,52,210,86,81,0
1922136,141,142,143,0,-767,-267,-209,-120,60,26,276,92,85,0
1925479,142,142,0,218,-407,-84,-148,-111,-42,33,231,95,72,0
1928821,142,142,143,556,-594,77,-61,-97,-29,14,234,92,70,0
1932139,142,142,218,237,-739,75,18,-82,-61,24,197,88,87,0
1935480,142,142,143,312,-925,41,83,-65,-28,52,210,92,83,0
1938821,143,143,0,50,-1045,196,177,-45,14,12,230,95,81,0
1942143,143,143,256,462,-837,360,224,-23,56,9,236,86,75,0
1945501,143,143,125,200,-426,418,295,0,-4,-10,205,93,89,0
1948822,144,144,0,0,-137,425,355,27,-38,-50,189,100,84,0
1952146,144,144,106,443,-329,191,449,59,-52,-13,169,99,81,0
1955502,144,144,181,181,-577,-96,560,88,-12,-1,152,95,95,0
1958821,145,144,0,200,-608,-472,669,118,76,-13,162,101,94,0
1962150,145,145,0,237,-256,-610,695,148,38,-4,147,106,92,0
1965505,145,145,106,106,216,-626,736,175,7,17,182,99,99,0
1968822,146,145,0,87,462,-551,646,197,-58,15,165,107,100,0
1972152,146,146,0,0,251,-465,540,214,-71,42,174,110,93,0
1975505,146,146,0,293,-120,-334,451,224,-33,32,171,106,89,0
1978822,147,146,0,50,-345,-13,410,231,-31,6,164,113,102,0
1982155,147,147,0,0,-445,97,392,236,14,12,205,112,96,0
1985506,147,147,0,218,-310,157,355,237,61,3,211,111,93,0
1988848,148,147,0,106,47,117,330,235,-6,2,207,121,99,0
1992158,148,148,0,0,131,46,329,233,-37,18,173,120,95,0
1995505,149,148,0,0,-151,-9,333,233,-10,14,180,128,91,0
1998848,149,148,0,162,-517,74,365,238,7,-27,206,127,96,0
2002162,149,149,0,87,-592,123,320,243,93,-25,228,128,100,0
2005506,150,149,0,0,-80,224,315,251,-18,-20,200,137,101,0
2008848,150,149,0,50,167,364,442,264,-4,0,188,133,102,0
2012165,151,150,0,0,33,477,456,279,52,-68,245,141,96,0
2015506,151,150,0,0,-47,797,556,298,84,-87,347,133,92,0
2018849,152,150,0,0,448,776,688,323,137,-142,379,138,91,0
2022168,152,150,0,237,948,458,854,355,93,-147,373,130,92,0
2025506,153,151,0,0,1159,182,947,392,60,-137,384,131,96,0
2028849,153,151,0,0,1262,-2,798,424,106,-177,362,119,93,0
2032171,153,151,0,293,1425,-186,711,451,79,-201,342,111,89,0
2035527,154,152,0,0,1325,-439,512,469,61,-123,276,107,90,0
2038850,154,152,0,87,994,-365,195,474,32,-124,283,93,84,0
2042174,154,152,0,50,875,-227,-119,468,96,-168,295,86,86,0
2045531,155,152,0,406,952,-279,-316,452,54,-125,259,81,83,0
2048850,155,153,0,0,1052,-410,-555,428,3,-98,199,69,93,0
2052178,155,153,0,0,972,-481,-735,396,4,-120,206,64,89,0
2055531,155,153,312,406,810,-584,-824,359,19,-67,207,56,83,0
2058850,155,154,143,0,774,-674,-884,317,-24,-70,162,65,89,0
2062181,156,154,0,87,795,-606,-921,271,-15,-42,176,70,84,0
2065531,156,154,0,68,828,-563,-978,220,-37,-63,168,59,85,0
2068873,156,154,387,350,903,-595,-783,173,-44,-51,185,52,86,0
2072184,156,155,200,0,857,-703,-618,131,-64,-80,210,62,94,0
2075532,156,155,350,256,640,-930,-407,98,-85,-38,252,65,86,0
2078877,157,155,0,237,360,-1066,-252,73,-47,7,194,69,87,0
2082187,157,156,50,0,276,-1127,-202,53,-39,-6,191,65,85,0
2085532,157,156,331,200,461,-1061,-34,39,-66,28,246,50,73,0
2088877,157,156,593,500,475,-946,118,31,-97,32,251,52,73,0
2092190,157,156,293,218,52,-887,134,24,-22,60,241,68,88,0
2095532,157,157,331,50,-254,-740,11,14,37,38,242,66,81,0
2098878,158,157,106,256,36,-515,84,6,20,29,279,62,70,0
2102194,158,157,706,593,440,-614,122,0,-16,7,291,46,68,0
2105532,158,157,481,218,636,-853,176,-5,-26,58,250,58,88,0
2108879,158,158,350,0,607,-995,207,-9,-90,80,205,65,85,0
2112198,158,158,406,256,222,-929,99,-16,23,104,201,62,70,0
2115555,158,158,650,593,26,-699,-114,-33,61,83,214,65,68,0
2118879,159,158,106,312,270,-513,-212,-54,40,79,173,78,83,0
2122201,159,158,387,387,439,-472,-288,-80,-36,73,201,63,79,0
2125555,159,159,500,162,317,-327,-418,-115,-28,107,212,57,75,0
2128878,159,159,743,556,160,-164,-547,-159,-5,76,243,60,70,0
2132203,159,159,537,368,151,-238,-618,-208,-6,96,246,71,80,0
2135556,160,159,275,518,245,-355,-585,-251,23,92,241,69,72,0
2138879,160,160,875,575,549,-363,-583,-291,-9,130,239,53,69,0
2142208,160,160,725,612,660,-259,-547,-324,-27,115,217,61,67,0
2145556,160,160,462,462,561,-181,-613,-350,-16,134,224,75,75,0
2148879,160,160,575,462,485,-13,-676,-367,-26,113,227,69,75,0
2152210,161,160,575,837,447,24,-700,-379,-15,107,263,69,71,0
2155556,161,161,612,462,552,-12,-663,-382,-9,131,239,67,75,0
2158880,161,161,518,425,518,47,-725,-382,-34,134,216,72,77,0
2162214,161,161,537,462,406,149,-753,-380,-44,127,219,71,75,0
2165556,162,161,500,856,323,158,-807,-377,-39,109,209,73,70,0
2168882,162,162,387,350,403,91,-776,-373,-27,117,206,79,81,0
2172217,162,162,537,425,480,126,-830,-368,-46,142,197,71,77,0
2175557,162,162,481,368,418,239,-915,-372,-25,128,179,74,80,0
2178885,163,162,406,631,373,286,-994,-384,-32,118,158,78,82,0
2182219,163,163,256,181,352,314,-1056,-404,-49,80,135,86,90,0
2185558,163,163,406,312,298,332,-1129,-432,-57,81,153,78,83,0
2188888,163,163,331,312,293,407,-1222,-464,-25,72,185,82,83,0
2192223,164,164,256,312,448,394,-1193,-500,-38,85,170,86,83,0
2195558,164,164,181,218,439,379,-1226,-542,-32,68,175,90,88,0
2198914,164,164,687,575,556,465,-1206,-584,-20,57,164,84,90,0
2202226,164,164,443,350,663,490,-1241,-623,-33,64,140,97,102,0
2205581,165,165,0,12,599,440,-1329,-667,-31,75,209,109,104,0
2208895,165,165,256,143,545,457,-1386,-714,8,45,207,91,97,0
2212230,165,165,518,425,483,429,-1352,-762,-15,41,188,93,98,0
2215586,166,166,0,31,181,408,-1358,-811,-53,41,211,118,103,0
2218898,166,166,12,0,-4,483,-1341,-856,3,-10,178,104,105,0
2222233,167,166,87,87,81,454,-1342,-894,30,-13,171,100,100,0
2225591,167,167,0,0,170,425,-1334,-929,42,-18,154,106,107,0
2228901,167,167,31,0,251,488,-1329,-962,-34,-65,190,103,115,0
2232235,167,168,0,0,51,428,-1272,-989,-81,10,181,105,107,0
2235591,168,168,0,0,-316,308,-1213,-1009,74,-36,147,110,114,0
2238904,168,168,0,0,-83,220,-1028,-1022,128,-14,171,108,118,0
2242239,169,169,0,0,486,273,-988,-1035,72,-87,155,108,117,0
2245592,169,169,0,0,1060,254,-925,-1045,-38,-114,191,112,130,0
2248908,169,170,0,0,969,193,-744,-1052,-19,-129,186,111,126,0
2252242,170,170,0,0,608,177,-482,-1047,22,-135,197,114,128,0
2255592,170,171,0,0,718,92,-203,-1033,97,-171,231,110,128,0
2258911,170,171,0,0,1444,63,175,-1005,106,-97,277,105,125,0
2262246,171,172,0,0,1521,161,377,-973,-121,-163,316,105,128,0
2265592,171,172,0,0,838,240,361,-939,-133,-235,435,91,120,0
2268914,171,172,462,0,-134,459,188,-910,18,-233,477,80,120,0
2272248,172,173,0,0,89,526,148,-880,-67,-275,422,90,109,0
2275592,172,173,106,0,263,554,66,-853,-22,-268,413,83,102,0
2278917,172,173,256,0,504,523,47,-826,-89,-318,355,75,95,0
2282251,172,174,556,0,442,396,183,-792,-50,-273,352,75,80,0
2285592,173,174,0,106,509,202,311,-751,-38,-198,302,93,67,0
2288920,173,174,237,162,1125,48,366,-706,-34,-170,301,76,64,0
2292255,173,174,312,106,1466,87,280,-662,-54,-118,242,72,67,0
2295592,173,174,331,312,1627,127,211,-618,-123,-148,153,87,72,0
2298924,174,175,0,0,1106,38,150,-576,-111,-89,169,97,81,0
2302258,174,175,162,0,605,-65,16,-537,-123,-64,150,80,73,0
2305592,174,175,462,293,214,-167,-107,-502,-38,-76,138,80,73,0
2308927,175,175,0,162,99,-404,-171,-469,-173,21,81,97,80,0
2312262,175,176,0,0,-361,-463,-281,-436,-95,4,76,100,81,0
2315618,175,176,443,256,-744,-532,-449,-407,27,-15,134,81,75,0
2318930,175,176,368,106,-533,-707,-458,-379,-73,46,131,85,83,0
2322264,176,176,0,31,-834,-740,-406,-349,-38,-5,165,96,87,0
2325619,176,177,406,31,-954,-902,-504,-323,82,33,197,78,82,0
2328933,176,177,406,50,-386,-1263,-515,-297,-34,47,195,78,81,0
2332267,176,177,406,50,-399,-1368,-519,-272,9,33,230,78,81,0
2335619,177,177,256,125,-373,-1505,-458,-245,-11,55,225,70,77,0
2338936,177,178,706,87,-323,-1778,-540,-222,-57,101,250,62,79,0
2342271,177,178,462,106,-238,-1874,-462,-198,3,131,244,75,78,0
2345619,177,178,406,106,98,-1771,-436,-180,-71,108,272,78,78,0
2348939,178,178,68,143,142,-1686,-431,-162,-26,114,271,80,76,0
2352274,178,179,575,406,123,-1523,-462,-148,-69,163,274,69,78,0
2355619,178,179,462,50,164,-1045,-406,-137,-31,160,278,75,81,0
2358943,178,179,368,162,193,-661,-482,-137,-82,159,275,80,75,0
2362277,179,179,50,162,266,-239,-341,-142,-72,188,251,81,75,0
2365620,179,180,518,87,263,406,-276,-156,-118,134,241,72,79,0
2368946,179,180,368,68,-122,652,-186,-173,-99,111,240,80,80,0
2372280,179,180,331,237,-330,804,-129,-189,-58,112,228,82,71,0
2375620,180,180,312,518,-454,961,39,-193,-27,90,223,83,72,0
2378949,180,180,406,462,-406,919,183,-192,-48,61,215,78,75,0
2382284,180,181,387,12,-456,731,278,-186,-51,57,191,79,83,0
2385620,180,181,350,293,-616,403,395,-175,-25,74,163,81,68,0
2388952,181,181,312,575,-665,219,472,-166,-23,46,163,83,69,0
2392287,181,181,331,368,-676,42,508,-160,-30,40,163,82,80,0
2395644,181,182,406,87,-694,-158,559,-154,42,46,168,78,79,0
2398956,181,182,331,293,-253,-216,564,-145,31,66,179,82,68,0
2402290,182,182,293,556,-29,-289,536,-134,-11,54,172,84,70,0
2405648,182,182,312,275,-100,-373,515,-123,22,47,167,83,85,0
2408959,182,183,387,12,-138,-463,500,-108,10,47,181,79,83,0
2412293,182,183,275,218,-261,-591,489,-89,8,29,198,85,72,0
2415648,183,183,256,462,-422,-731,368,-72,39,41,212,86,75,0
2418962,183,183,331,312,-461,-735,363,-52,18,54,219,82,83,0
2422297,183,184,331,0,-398,-661,376,-27,5,61,230,82,86,0
2425653,183,184,218,218,-545,-430,235,-5,53,37,243,88,72,0
2428965,184,184,143,443,-407,-283,158,12,-12,44,237,92,76,0
2432299,184,184,293,143,-477,-234,155,32,-32,56,202,84,92,0
2435657,184,185,275,0,-558,-116,191,54,-32,38,248,85,85,0
2438968,185,185,0,162,-763,19,192,77,-11,38,244,93,75,0
2442302,185,185,143,350,-836,135,155,96,0,22,231,92,81,0
2445657,185,185,200,181,-717,289,192,119,-13,36,238,89,90,0
2448971,185,186,537,368,-675,496,172,138,-7,26,218,92,85,0
2452306,186,186,0,293,-657,595,197,158,-38,10,217,106,89,0
2455657,186,186,218,143,-618,512,338,182,-9,1,202,93,97,0
2458975,186,187,87,0,-596,321,442,211,-66,-59,181,100,94,0
2462310,187,187,0,275,-638,56,513,239,-3,-24,159,106,90,0
2465658,187,187,143,125,-514,-289,593,273,15,-64,159,97,98,0
2468978,187,188,68,0,-328,-512,657,304,94,-40,216,101,95,0
2472312,188,188,0,0,141,-591,721,335,19,1,171,110,94,0
2475657,188,188,68,87,411,-603,697,363,28,0,164,101,100,0
2478981,189,188,0,106,468,-563,640,387,-67,-15,154,107,99,0
2482316,189,189,0,0,149,-484,542,403,-1,-72,175,115,95,0
2485658,189,189,0,87,1,-240,445,411,-21,-19,170,112,100,0
2488984,190,190,0,125,40,-77,495,417,-5,10,213,118,98,0
2492319,190,190,0,0,-21,-56,494,421,2,-15,236,116,98,0
2495659,190,190,0,106,-119,-168,423,419,6,-6,185,117,99,0
2498987,191,190,0,106,-103,-164,446,417,-37,-6,175,128,99,0
2502322,191,191,0,0,-430,-107,369,411,30,13,208,126,99,0
2505680,192,191,0,0,-532,-18,349,404,25,-1,215,136,101,0
2508990,192,191,0,162,-405,7,283,397,52,12,184,131,96,0
2512325,193,192,0,0,-197,189,244,388,22,-5,182,130,96,0
2515683,193,192,0,0,165,514,335,383,123,-38,226,135,98,0
2518994,194,192,0,200,489,857,327,378,-4,-83,234,132,94,0
2522328,194,193,0,0,324,1051,441,380,-39,-99,239,139,95,0
2525683,194,193,0,0,-279,954,514,385,4,-100,358,133,94,0
2528997,195,193,0,0,-224,691,508,389,203,-139,417,136,92,0
2532331,195,194,0,106,706,381,583,400,98,-169,402,125,83,0
2535684,196,194,0,106,1524,46,663,416,18,-139,383,126,83,0
2539000,196,194,0,50,1287,-186,669,432,55,-148,309,113,86,0
2542335,197,194,0,106,1163,-395,653,446,75,-195,316,107,83,0
2545684,197,195,0,12,1314,-534,410,453,27,-117,241,102,88,0
2549003,197,195,0,50,1279,-444,108,451,-25,-129,229,89,86,0
2552338,197,195,0,68,905,-436,-141,441,88,-160,311,82,85,0
2555684,198,196,0,68,1088,-435,-224,429,12,-107,250,77,85,0
2559006,198,196,0,0,1008,-411,-413,410,-4,-84,170,68,90,0
2562341,198,196,0,68,802,-379,-533,382,27,-95,204,58,85,0
2565686,198,196,443,406,791,-383,-703,347,45,-100,190,49,83,0
2569010,198,197,293,68,949,-402,-735,308,-71,-91,167,57,85,0
2572344,199,197,68,0,797,-428,-808,264,-64,-80,189,69,91,0
2575685,199,197,87,200,490,-495,-707,221,-28,-70,196,63,89,0
2579013,199,198,200,181,484,-617,-570,181,-28,-47,214,57,90,0
2582348,199,198,218,0,573,-741,-397,147,-48,-22,218,56,89,0
2585706,199,198,200,68,680,-902,-194,121,-53,-25,202,57,80,0
2589016,199,198,500,387,588,-983,-172,98,-59,9,196,57,79,0
2592351,200,199,256,275,571,-955,-25,84,-11,-20,246,70,85,0
2595706,200,199,125,181,758,-1054,85,71,-53,-1,230,61,74,0
2599019,200,199,368,275,707,-1068,288,64,-93,44,229,48,69,0
2602354,200,199,575,462,171,-1011,243,59,-53,118,217,53,75,0
2605710,200,200,275,50,-390,-673,-36,44,-18,77,237,69,81,0
2609024,200,200,406,143,-329,-494,15,33,61,44,281,62,76,0
2612357,201,200,162,237,136,-681,-1,22,65,64,265,59,71,0
2615709,201,200,631,331,523,-779,-2,13,-27,85,262,50,82,0
2619026,201,200,462,293,447,-671,-138,1,4,52,270,59,84,0
2622361,201,201,518,87,285,-732,-202,-15,40,44,240,56,79,0
2625710,201,201,781,631,518,-882,-251,-33,2,105,231,58,66,0
2629030,201,201,593,462,683,-836,-269,-55,-46,120,217,68,75,0
2632363,202,201,87,443,679,-739,-366,-83,-33,144,190,79,76,0
2635710,202,202,500,218,421,-406,-445,-112,-32,115,196,57,72,0
2639032,202,202,818,612,70,-156,-525,-147,-49,113,203,56,67,0
2642367,202,202,481,387,-222,-7,-634,-188,4,96,229,74,79,0
2645711,202,202,500,425,-156,61,-746,-232,48,112,239,73,77,0
2649035,203,202,387,537,160,45,-803,-277,4,85,251,63,71,0
2652370,203,203,837,537,496,-70,-759,-314,-36,103,248,55,71,0
2655711,203,203,537,481,520,-126,-818,-343,-41,114,237,71,74,0
2659040,203,203,500,537,464,-53,-842,-365,-45,140,241,73,71,0
2662373,203,203,593,481,503,-28,-712,-380,-1,118,251,68,74,0
2665711,204,204,537,500,801,-20,-652,-387,-14,157,239,71,73,0
2669043,204,204,481,500,807,93,-714,-393,-37,132,194,74,73,0
2672401,204,204,537,462,762,235,-807,-396,-42,136,185,71,75,0
2675732,204,204,556,443,619,276,-839,-400,-39,103,204,70,76,0
2679045,205,204,443,706,614,198,-870,-402,-58,101,189,76,78,0
2682403,205,205,406,331,524,186,-943,-409,-91,121,160,78,82,0
2685736,205,205,406,350,44,319,-1131,-426,-74,41,143,78,81,0
2689048,205,205,387,331,-182,276,-1115,-449,-29,90,168,79,82,0
2692407,206,206,143,275,-130,157,-1113,-478,-5,92,156,92,85,0
2695736,206,206,275,275,50,227,-1232,-511,-11,90,165,85,85,0
2699051,206,206,1662,1475,343,383,-1308,-551,6,50,158,80,90,0
2702410,207,207,0,256,595,348,-1362,-596,-47,70,117,156,139,0
2705736,207,207,443,237,509,170,-1596,-655,18,59,265,129,140,0
2709055,208,208,218,87,670,11,-1596,-712,-39,91,243,125,132,0
2712413,208,208,556,275,860,-254,-1543,-759,-50,141,190,123,138,0
2715736,209,209,181,0,483,-557,-1434,-805,-8,115,177,127,137,0
2719058,209,209,68,106,245,-360,-1415,-849,11,133,191,133,131,0
2722416,209,209,593,556,114,33,-1437,-894,11,90,181,121,123,0
2725737,210,210,0,0,-22,228,-1349,-932,-39,51,120,143,139,0
2729062,210,210,87,0,-352,244,-1319,-967,5,58,131,132,142,0
2732419,211,211,31,12,-469,308,-1208,-996,15,25,72,135,136,0
2735738,211,211,218,0,-398,431,-1198,-1025,61,-24,94,125,140,0
2739064,212,212,0,0,-115,403,-1222,-1052,65,13,100,138,135,0
2742420,212,212,0,0,391,424,-1025,-1070,14,-42,79,133,138,0
2745738,213,213,0,0,631,626,-779,-1078,46,-45,117,133,134,0
2749067,213,213,0,0,758,730,-849,-1085,82,-65,193,131,137,0
2752425,213,214,0,0,1153,799,-664,-1082,-15,-113,192,125,129,0
2755759,214,214,0,0,1462,1076,-361,-1069,-13,-147,239,126,131,0
2759071,214,215,143,0,1384,1121,-155,-1050,51,-203,295,113,123,0
2762428,215,215,0,0,1168,1087,99,-1021,-74,-250,505,113,119,0
2765762,215,216,87,0,293,1092,43,-993,-36,-287,579,100,110,0
2769074,215,216,556,50,95,1086,92,-968,74,-357,594,91,102,0
2772429,216,216,0,68,530,1017,253,-940,22,-379,533,113,101,0
2775763,216,216,106,200,1044,873,322,-908,-133,-317,537,99,94,0
2779077,216,217,312,0,888,662,366,-871,-96,-356,430,88,92,0
2782428,217,217,31,181,615,381,330,-834,-6,-293,327,103,95,0
2785763,217,217,162,200,975,93,442,-793,-133,-220,295,96,94,0
2789080,217,218,293,0,938,44,410,-751,-121,-154,207,89,92,0
2792428,218,218,143,312,878,61,430,-702,-6,-122,155,97,88,0
2795763,218,218,0,106,1100,-15,301,-658,-145,-62,85,106,99,0
2799083,218,219,256,0,619,-50,166,-618,-58,-61,82,91,98,0
2802429,218,219,537,106,135,38,-1,-580,-14,-74,83,92,99,0
2805764,219,219,31,50,-230,-71,-228,-546,-160,-48,33,103,102,0
2809087,219,220,293,0,-990,-236,-413,-516,-54,-61,88,89,99,0
2812429,219,220,256,0,-1246,-496,-597,-485,8,-38,153,91,99,0
2815764,220,220,87,68,-797,-964,-549,-452,-73,-20,130,100,101,0
2819090,220,221,293,0,-875,-1309,-613,-423,1,-52,115,89,98,0
2822459,220,221,537,87,-757,-1706,-635,-398,-44,-9,124,87,95,0
2825764,221,221,87,50,-895,-2004,-766,-378,-36,28,152,95,97,0
2829093,221,222,162,0,-927,-2103,-790,-358,-38,71,211,91,90,0
2832450,221,222,368,12,-650,-2108,-873,-343,-53,72,201,80,83,0
2835785,221,222,631,406,-387,-2043,-900,-330,-19,106,257,82,78,0
2839096,222,222,68,275,-103,-1938,-935,-321,-35,117,266,96,85,0
2842454,222,223,368,0,115,-1755,-917,-313,-62,140,272,80,86,0
2845788,222,223,443,162,149,-1336,-895,-302,-40,126,266,76,75,0
2849099,222,223,612,556,137,-1027,-835,-296,-41,129,281,83,70,0
2852454,223,223,162,443,114,-719,-732,-295,-57,142,304,91,76,0
2855789,223,224,387,50,-135,-307,-671,-289,-9,149,302,79,81,0
2859103,223,224,425,312,-189,-33,-539,-285,23,122,290,77,67,0
2862454,224,224,331,706,-171,158,-362,-286,-43,118,299,82,62,0
2865789,224,224,200,425,-392,306,-244,-288,-12,112,281,89,77,0
2869106,224,224,425,425,-670,289,-132,-296,20,87,266,77,77,0
2872455,224,225,462,275,-680,235,51,-295,23,85,240,75,69,0
2875789,225,225,350,668,-645,127,141,-294,48,102,211,81,64,0
2879109,225,225,181,575,-574,99,203,-295,62,103,189,90,69,0
2882455,225,225,368,350,-373,77,245,-298,45,106,170,80,81,0
2885790,225,226,368,106,101,213,349,-298,-2,102,145,80,78,0
2889112,226,226,218,462,225,400,474,-294,-6,72,142,88,75,0
2892455,226,226,331,331,157,486,584,-289,-34,75,140,82,82,0
2895790,226,226,350,275,97,328,556,-285,-17,-13,137,81,85,0
2899116,226,226,256,387,236,-65,519,-282,-50,24,128,86,79,0
2902456,227,227,143,331,41,-337,542,-274,-56,59,148,92,82,0
2905790,227,227,256,275,-468,-378,518,-263,-43,32,161,86,85,0
2909119,227,227,218,293,-684,-511,454,-249,-31,37,162,88,84,0
2912477,228,228,87,368,-800,-661,268,-234,-57,25,180,95,80,0
2915811,228,228,143,331,-941,-552,163,-216,-12,64,183,92,82,0
2919122,228,228,237,162,-933,-341,49,-196,-36,55,170,87,91,0
2922480,228,228,143,312,-1010,-202,-107,-182,-80,38,179,92,83,0
2925814,229,229,12,331,-1283,16,-183,-168,-1,60,238,99,82,0
2929126,229,229,218,293,-1283,202,-239,-156,9,39,234,88,84,0
2932480,229,229,125,200,-1025,291,-170,-137,18,2,256,93,89,0
2935814,230,230,0,31,-604,266,-116,-116,31,26,258,105,82,0
2939128,230,230,50,425,-400,233,-36,-90,-2,-2,248,97,77,0
2942481,230,230,50,256,-296,198,116,-58,-37,-13,202,97,86,0
2945814,231,230,0,106,-391,144,211,-22,25,-20,209,105,94,0
2949131,231,231,0,256,-333,42,259,13,-16,-19,214,110,91,0
2952481,231,231,0,106,-302,-50,334,52,27,-15,213,112,99,0
2955814,232,231,0,87,-119,-90,456,92,-5,-14,233,120,100,0
2959134,232,232,0,0,-153,-53,575,133,4,-30,228,120,92,0
2962481,233,232,0,106,-242,-96,632,174,18,-52,186,127,99,0
2965815,233,232,0,0,-81,-67,704,212,0,-67,146,138,107,0
2969138,233,233,0,0,43,27,775,248,-26,-66,148,135,99,0
2972482,234,233,0,87,-120,-69,790,280,-47,-52,166,143,100,0
2975815,234,233,0,0,-540,-74,744,308,39,-23,141,143,105,0
2979142,235,234,0,0,-455,23,731,329,37,-41,131,152,99,0
2982481,235,234,0,106,-278,137,681,346,46,-103,189,146,99,0
2985816,236,234,0,0,-36,94,749,363,148,-15,172,146,106,0
2989144,237,235,0,0,852,447,1000,386,45,22,251,150,100,0
2992503,237,235,0,0,966,1110,1063,409,-86,-138,246,150,99,0
2995815,238,235,0,181,173,876,1062,427,170,-139,407,142,95,0
2999147,238,236,0,0,568,307,1108,444,150,-103,440,139,92,0
