Time, Rlegs, Llegs, DCL, DCR, GyroX, GyroY, GyroZ, GyroZAvg, AccelX, AccelY, AccelZ, LBEMF, RBEMF, SteerOut
3126,255,262,537,0,191,-144,-145,-144,-19,1,223,28,29,0
6461,255,262,537,0,192,-145,-142,-144,-16,1,224,28,29,0
9809,255,262,537,0,191,-144,-148,-144,-14,2,222,28,29,0
13130,255,262,537,0,189,-142,-144,-144,-17,-2,225,28,29,0
16465,255,262,537,0,190,-149,-146,-144,-20,2,227,28,29,0
19809,255,262,556,0,190,-142,-145,-144,-18,1,221,27,29,0
23133,255,262,537,0,188,-144,-144,-144,-15,1,224,28,29,0
26468,255,262,537,0,188,-142,-143,-144,-16,0,222,28,29,0
29810,255,262,556,0,191,-146,-141,-144,-19,1,223,27,29,0
33136,255,262,537,0,191,-144,-143,-144,-17,-3,221,28,29,0
36470,255,262,537,0,191,-143,-143,-143,-18,1,224,28,29,0
39810,255,262,537,0,193,-146,-146,-143,-19,1,224,28,29,0
43140,255,262,537,0,189,-142,-144,-144,-17,0,225,28,29,0
46474,255,262,556,0,191,-144,-143,-143,-18,0,221,27,29,0
49810,255,262,556,0,189,-144,-147,-144,-17,2,223,27,29,0
53142,255,262,537,0,189,-143,-142,-143,-18,0,217,28,29,0
56497,255,262,537,0,191,-141,-144,-144,-18,1,225,28,29,0
59831,255,262,518,0,189,-143,-145,-144,-20,0,222,29,29,0
63146,255,262,537,0,193,-146,-146,-144,-17,1,224,28,29,0
66501,255,262,537,0,190,-146,-145,-144,-16,0,223,28,29,0
69835,255,262,537,0,194,-145,-146,-144,-15,2,221,28,29,0
73150,255,262,537,0,190,-146,-144,-144,-19,2,225,28,29,0
76504,255,262,556,0,190,-145,-143,-144,-15,2,222,27,29,0
79835,255,262,537,0,190,-145,-144,-144,-17,2,221,28,29,0
83153,255,262,537,0,191,-144,-144,-144,-19,-1,226,28,29,0
86507,255,262,537,0,192,-140,-145,-144,-18,1,219,28,29,0
89835,255,262,537,0,191,-145,-142,-144,-18,1,220,28,29,0
93155,255,262,537,0,191,-144,-144,-144,-18,0,220,28,29,0
96511,255,262,556,0,190,-144,-143,-144,-19,2,222,27,29,0
99836,255,262,537,0,188,-142,-145,-144,-18,0,225,28,29,0
103158,0,0,537,0,191,-142,-143,-144,-18,0,221,28,29,0
106514,0,0,0,0,193,-143,-143,-144,-19,2,227,28,29,0
109837,0,0,0,0,191,-144,-145,-144,-17,0,219,27,29,0
113162,0,0,0,0,190,-149,-146,-144,-21,2,226,28,29,0
116517,0,0,0,0,191,-144,-144,-144,-21,2,229,28,29,0
119836,0,0,0,0,191,-146,-145,-144,-19,0,227,27,29,0
123165,0,0,0,0,193,-145,-143,-144,-17,0,222,28,29,0
126519,0,0,0,0,193,-144,-148,-144,-15,0,221,28,29,0
129837,0,0,0,0,193,-143,-142,-144,-19,2,223,28,29,0
133168,0,0,0,0,192,-144,-145,-144,-19,2,222,28,29,0
136523,0,0,0,0,191,-144,-144,-144,-17,2,226,28,29,0
139858,0,0,0,0,193,-145,-144,-144,-17,1,225,28,29,0
143171,0,0,0,0,193,-142,-144,-144,-18,0,223,28,29,0
146527,0,0,0,0,193,-142,-143,-144,-16,3,225,28,29,0
149861,0,0,0,0,191,-142,-143,-144,-18,-1,221,28,29,0
153174,0,0,0,0,189,-141,-143,-144,-20,0,224,28,29,0
156527,0,0,0,0,191,-144,-145,-144,-15,0,219,28,29,0
159861,0,0,0,0,191,-144,-145,-144,-16,0,221,27,29,0
163178,0,0,0,0,191,-146,-144,-144,-20,2,219,28,29,0
166527,0,0,0,0,191,-144,-145,-144,-18,2,220,28,29,0
169862,0,0,0,0,191,-146,-145,-144,-17,-1,219,28,29,0
173181,0,0,0,0,193,-147,-143,-144,-20,1,226,28,29,0
176528,0,0,0,0,192,-145,-141,-143,-21,0,219,28,29,0
179862,0,0,0,0,191,-145,-144,-143,-17,5,224,28,29,0
183185,0,0,0,0,189,-144,-143,-143,-19,1,221,28,29,0
186528,0,0,0,0,187,-142,-144,-143,-16,0,228,28,29,0
189862,0,0,0,0,192,-145,-145,-144,-16,0,225,28,29,0
193187,0,0,0,0,192,-143,-143,-143,-20,0,219,27,29,0
196527,0,0,0,0,192,-142,-144,-144,-17,3,223,28,28,0
199863,0,0,0,0,189,-144,-144,-144,-16,0,217,28,29,0
203215,0,0,0,0,192,-144,-143,-144,-19,1,217,28,29,0
206531,0,0,12,0,190,-151,-142,-143,-68,-11,210,56,58,0
209865,0,0,0,0,99,-210,-124,-143,-43,23,213,64,57,0
213194,0,1,0,0,-51,-250,-164,-143,-21,14,229,62,50,0
216552,0,1,293,256,-48,-280,-173,-144,-26,5,235,57,43,0
219865,0,1,106,106,-37,-305,-169,-145,-31,22,219,67,51,0
223197,1,1,0,125,-58,-329,-199,-147,12,21,220,69,50,0
226553,1,1,312,425,126,-276,-168,-148,-41,-1,210,56,50,0
229887,1,1,331,293,154,-302,-172,-148,-89,-3,188,55,57,0
233200,1,1,162,106,-62,-410,-244,-151,-33,25,208,64,67,0
236556,1,1,181,181,-279,-431,-156,-152,-54,33,210,63,63,0
239890,1,1,425,425,-387,-515,-39,-149,-42,32,226,66,66,0
243203,2,2,0,0,-499,-683,77,-142,-9,51,264,81,75,0
246556,2,2,68,218,-522,-739,141,-133,-10,68,261,69,61,0
249891,2,2,593,612,-406,-537,224,-121,-59,76,228,57,56,0
253206,2,2,331,443,-401,-245,331,-106,-49,48,235,71,65,0
256557,2,2,181,331,-589,-139,357,-91,-6,22,250,79,71,0
259891,2,2,218,443,-557,-176,346,-76,-44,21,236,77,65,0
263211,3,3,256,425,-569,-262,323,-61,-33,29,231,75,66,0
266557,3,3,293,368,-731,-401,304,-47,-45,14,226,73,69,0
269891,3,3,256,425,-869,-456,309,-33,-8,7,218,75,66,0
273213,3,3,556,706,-854,-461,345,-17,-13,24,215,75,67,0
276556,3,3,331,443,-829,-374,397,0,28,42,215,87,81,0
279891,4,3,0,368,-740,-241,423,16,72,83,181,93,85,0
283216,4,4,275,87,-134,168,530,37,-20,54,193,74,84,0
286557,4,4,537,612,314,667,627,61,-66,-49,249,76,72,0
289892,4,4,237,481,22,422,637,86,-74,-40,256,92,79,0
293219,5,4,0,556,-403,-15,676,111,-14,45,281,97,75,0
296557,5,5,518,575,-520,-245,886,144,-7,36,282,77,74,0
299892,5,5,500,481,-366,-314,901,176,21,28,266,78,79,0
303223,5,5,237,481,-98,-347,933,210,-2,59,203,92,79,0
306578,6,5,0,425,114,-38,935,244,-64,51,195,96,82,0
309914,6,5,331,743,-169,45,942,277,-169,34,171,87,81,0
313226,6,6,293,293,-778,-58,931,311,55,58,251,89,89,0
316583,6,6,275,368,-659,-224,1003,346,53,63,208,90,85,0
319915,7,6,200,612,-51,-142,1083,385,108,25,189,94,88,0
323229,7,6,350,312,567,63,1102,425,29,-17,145,86,104,0
326583,7,7,331,237,746,-172,1265,470,-42,-38,141,87,92,0
329916,7,7,425,500,186,-530,1309,517,-36,7,205,93,89,0
333232,8,7,0,275,-279,-627,1324,564,193,13,239,104,101,0
336583,8,8,275,0,914,-534,1300,610,162,39,226,85,104,0
339916,8,8,293,50,2127,-235,1499,664,-41,88,187,84,97,0
343236,8,8,443,481,2121,-12,1655,721,-163,-5,201,92,90,0
346583,9,8,0,331,767,-304,1579,771,-41,67,235,105,98,0
349916,9,9,200,31,252,-179,1605,819,46,88,240,89,98,0
353238,9,9,275,256,497,184,1734,869,60,39,258,85,86,0
356583,10,9,0,350,808,89,1539,910,38,63,255,104,97,0
359916,10,9,0,218,1132,6,1398,943,-8,40,216,100,104,0
363241,10,10,237,0,1221,78,1337,974,-79,-19,214,87,100,0
366583,10,10,500,406,620,-90,1023,995,-5,6,200,89,94,0
369917,11,10,0,237,696,-127,886,1013,101,35,180,105,103,0
373245,11,11,50,0,1190,-57,987,1034,26,-7,180,97,107,0
376584,11,11,218,0,1398,-158,839,1050,50,15,197,88,104,0
379917,11,11,481,293,1563,-261,711,1062,26,38,168,90,100,0
383248,12,12,0,0,1693,-244,686,1071,-24,28,178,101,102,0
386605,12,12,218,0,1402,-273,579,1076,-25,-9,207,88,101,0
389917,12,12,218,50,927,-303,389,1071,-13,9,211,88,97,0
393251,13,12,387,406,543,-292,188,1058,-39,-8,230,95,94,0
396609,13,13,0,12,337,-290,-89,1035,66,34,230,108,99,0
399942,13,13,87,68,496,-239,-293,1005,68,2,217,95,96,0
403254,13,13,162,68,723,-134,-407,964,16,-38,191,91,96,0
406609,14,14,0,106,687,-6,-638,916,-39,-32,193,100,94,0
409945,14,14,68,31,445,-27,-751,864,-22,-63,217,96,98,0
413257,14,14,162,87,259,-63,-853,808,52,-78,238,91,95,0
416609,14,14,87,200,270,-87,-919,750,56,-26,252,95,89,0
419951,15,15,0,200,527,-81,-954,691,18,-22,271,103,89,0
423261,15,15,87,87,726,-87,-895,631,-23,-38,270,95,95,0
426610,15,15,50,68,673,-150,-950,568,-35,-30,216,97,96,0
429950,16,15,0,218,484,-161,-932,504,-39,-28,229,103,88,0
433264,16,16,0,87,350,-73,-905,436,7,-56,219,103,95,0
436609,16,16,50,106,497,-8,-838,369,-18,-55,232,97,94,0
439951,16,16,68,143,579,-11,-872,301,-26,-36,219,96,92,0
443267,17,17,0,0,558,-73,-871,233,-39,-50,238,101,85,0
446610,17,17,125,256,465,-179,-880,159,-57,-64,211,93,86,0
449952,17,17,143,181,277,-243,-891,79,-47,-22,176,92,90,0
453270,18,17,181,556,148,-287,-899,2,-43,-1,218,95,91,0
456610,18,17,12,368,75,-364,-992,-79,-73,-22,223,104,101,0
459952,18,18,125,68,-23,-456,-1057,-166,-59,-56,222,98,101,0
463274,18,18,162,181,-283,-523,-1218,-252,-111,-8,226,96,95,0
466632,19,18,12,537,-771,-557,-1430,-340,-60,-4,233,104,92,0
469952,19,19,200,87,-990,-593,-1599,-432,-17,3,242,94,100,0
473277,19,19,162,200,-965,-578,-1753,-519,-24,34,191,96,94,0
476635,20,19,0,500,-993,-542,-1997,-609,-40,39,208,105,94,0
479952,20,19,12,406,-1112,-467,-2180,-708,-13,28,213,104,99,0
483280,20,20,143,68,-1191,-428,-2369,-808,-69,39,242,97,101,0
486635,20,20,31,181,-1326,-360,-2533,-910,-22,18,257,103,95,0
489952,21,20,0,500,-1353,-335,-2673,-1015,24,22,264,107,94,0
493283,21,21,68,87,-1141,-272,-2731,-1118,-75,44,247,101,100,0
496635,21,21,12,312,-1071,-134,-2901,-1221,-36,30,203,104,88,0
499953,22,21,0,612,-1284,-221,-2861,-1316,-78,2,204,109,88,0
503287,22,21,0,518,-1637,-361,-2867,-1403,-38,9,204,111,93,0
506636,22,22,0,181,-1754,-389,-2800,-1481,39,36,222,109,95,0
509978,23,22,0,387,-1467,-200,-2660,-1552,45,38,276,115,84,0
513290,23,22,0,687,-1070,35,-2436,-1608,-8,18,266,113,84,0
516636,23,23,0,181,-1007,250,-2171,-1652,-45,60,250,110,95,0
519978,24,23,0,331,-1116,510,-1968,-1687,-14,72,229,111,87,0
523293,24,23,0,818,-1196,830,-1689,-1711,31,33,242,111,77,0
526637,24,23,0,575,-1054,1129,-1275,-1721,18,14,233,107,90,0
529979,25,23,0,612,-863,1275,-942,-1723,-35,46,226,108,88,0
533296,25,24,0,387,-895,1449,-602,-1712,-62,39,197,107,84,0
536637,25,24,12,725,-1108,1560,-258,-1691,84,4,278,104,82,0
539980,26,24,0,518,-993,1376,-5,-1663,123,-20,297,106,93,0
543299,26,24,0,668,-539,1035,171,-1631,66,-39,273,106,85,0
546636,26,25,68,781,-176,542,399,-1591,-5,-15,251,101,79,0
549979,26,25,68,706,-192,129,580,-1546,-2,-19,233,101,83,0
553303,27,25,0,537,-320,-306,760,-1495,69,20,249,104,92,0
556658,27,25,0,575,-156,-740,991,-1436,21,-9,244,94,90,0
559980,27,26,237,462,-111,-1025,1186,-1371,58,3,196,92,96,0
563306,28,26,0,425,-84,-1328,1296,-1299,101,-3,181,99,98,0
566661,28,26,0,275,598,-1301,1267,-1227,242,35,168,100,106,0
569980,28,27,331,162,1732,-1070,1271,-1149,49,-20,106,87,112,0
573309,28,27,275,50,1940,-1103,1275,-1064,-34,-35,163,90,118,0
576661,29,27,0,106,1455,-1272,1165,-978,33,24,165,104,115,0
579980,29,28,143,181,1300,-1290,1290,-883,28,34,140,92,106,0
583312,29,28,218,162,1170,-1254,1255,-781,23,59,130,88,107,0
586662,29,28,162,200,1210,-990,1219,-675,69,34,206,91,105,0
590004,30,29,0,50,1362,-778,1327,-560,9,85,218,88,97,0
593315,30,29,425,387,1475,-558,1430,-436,-6,85,237,77,95,0
596662,30,29,275,162,1132,-281,1449,-307,-23,75,286,85,107,0
600008,30,30,331,0,842,-115,1440,-177,40,29,344,82,101,0
603319,31,30,50,50,738,-77,1356,-43,-16,47,313,81,97,0
606662,31,30,481,162,677,-143,1329,86,47,57,290,74,107,0
610008,31,30,368,162,841,-255,1220,214,94,83,280,80,107,0
613321,31,31,331,0,1304,-344,1039,334,95,56,321,82,106,0
616663,31,31,650,237,1786,-473,757,441,19,54,262,81,103,0
620009,32,31,143,125,1810,-561,532,534,-27,64,224,92,109,0
623325,32,32,293,0,1619,-570,129,606,-32,53,190,84,110,0
626684,32,32,275,0,1315,-481,-144,663,3,82,194,85,113,0
630008,32,32,518,106,1399,-329,-430,702,52,85,186,88,110,0
633328,33,33,50,0,1876,34,-388,730,11,95,169,97,107,0
636686,33,33,256,0,2276,495,-430,746,-41,82,149,86,109,0
640010,33,33,237,0,2205,630,-536,748,-21,26,160,87,104,0
643331,34,34,481,31,2087,636,-766,732,-26,22,147,90,98,0
646686,34,34,0,68,2109,673,-947,702,-61,22,173,102,96,0
650010,34,34,275,87,1973,640,-1015,665,-6,32,200,85,95,0
653335,34,35,293,0,1918,557,-1187,616,-8,31,207,84,90,0
656686,35,35,106,218,2153,606,-1270,558,-68,39,218,94,88,0
660009,35,35,0,68,2027,670,-1370,491,-81,-2,203,100,96,0
663338,35,35,275,68,1696,619,-1506,413,-60,10,236,85,96,0
666687,35,36,237,0,1436,442,-1595,326,-27,-4,243,87,93,0
670010,36,36,68,125,1443,352,-1681,233,-8,-22,204,96,93,0
673341,36,36,68,31,1512,215,-1816,137,-115,-30,206,96,98,0
676687,36,36,237,143,943,242,-1912,38,-11,-3,261,87,92,0
680010,36,37,143,0,940,398,-2072,-66,13,-70,280,92,92,0
683344,37,37,0,143,1143,321,-2087,-168,-145,-124,273,100,92,0
686687,37,37,87,0,778,44,-2092,-273,-136,-113,276,95,100,0
690013,37,37,143,143,434,-143,-1962,-374,-97,-127,279,92,92,0
693347,37,38,87,0,243,-307,-1727,-466,-115,-125,267,95,95,0
696687,38,38,12,31,128,-498,-1559,-556,-151,-87,226,99,98,0
700017,38,38,143,31,-91,-483,-1329,-642,-124,-55,230,92,98,0
703350,38,39,481,200,-368,-368,-1222,-726,-108,-83,214,95,94,0
706688,39,39,0,12,-467,-357,-1066,-804,-86,-78,229,113,104,0
710019,39,39,31,0,-384,-484,-853,-873,-55,-57,266,103,106,0
713354,39,39,218,68,-157,-514,-656,-935,-101,-49,169,93,101,0
716712,40,40,0,12,-345,-681,-451,-987,-125,-68,150,107,104,0
720023,40,40,0,0,-955,-716,-471,-1035,-50,15,169,117,106,0
723357,40,41,125,12,-1422,-453,-496,-1074,-22,-92,222,98,104,0
726715,40,41,518,0,-1355,-658,-573,-1108,29,-49,187,93,105,0
730026,41,41,0,0,-1066,-934,-493,-1128,10,61,183,105,109,0
733360,41,41,256,0,-671,-781,-403,-1136,-114,-12,137,91,109,0
736716,41,42,481,0,-929,-675,-344,-1133,-99,-8,114,95,106,0
740029,42,42,0,0,-1559,-503,-421,-1134,-37,16,179,112,108,0
743363,42,42,143,0,-1769,-264,-414,-1134,52,-24,269,97,106,0
746721,42,43,237,0,-1338,-401,-321,-1127,142,-8,282,92,98,0
750032,42,43,556,125,-554,-525,-150,-1108,-29,19,216,91,98,0
753367,43,43,12,31,-396,-534,-5,-1078,-14,-36,261,104,103,0
756721,43,44,275,0,-445,-707,88,-1044,6,-30,285,90,96,0
760035,43,44,237,12,-437,-790,180,-1001,-70,38,217,92,88,0
763370,44,44,106,312,-713,-504,237,-954,-60,33,227,99,88,0
766722,44,44,256,162,-1153,-270,225,-904,42,-8,301,91,96,0
770038,44,45,293,0,-1096,-155,305,-848,-7,-6,290,89,90,0
773373,44,45,593,350,-1058,-98,399,-785,-4,-20,261,89,86,0
776722,45,45,0,162,-1083,-151,441,-719,10,-37,280,107,96,0
780042,45,45,275,162,-981,-298,505,-646,-12,-47,263,90,96,0
783376,45,46,368,0,-897,-415,599,-568,3,-41,241,85,92,0
786722,46,46,143,275,-940,-422,624,-484,-31,-38,211,97,90,0
790045,46,46,0,181,-1161,-376,604,-400,-4,-13,223,106,95,0
793379,46,46,331,275,-1246,-135,658,-314,54,-8,229,87,90,0
796723,46,47,631,368,-917,2,761,-229,29,-24,213,87,85,0
800048,47,47,0,293,-573,75,853,-148,45,-42,232,105,89,0
803382,47,47,31,218,-213,-72,927,-70,-13,-56,231,103,93,0
806722,47,47,650,687,-173,-263,1005,2,-18,-12,226,86,84,0
810051,47,48,443,218,-221,-362,1067,73,29,-6,224,97,93,0
813385,48,48,0,293,-146,-392,1047,139,-32,10,234,112,89,0
816723,48,48,256,312,3,-292,1071,199,40,76,229,91,88,0
820055,48,48,631,631,367,-42,1064,253,-29,29,203,87,87,0
823389,49,49,12,350,592,78,1139,303,-130,27,176,104,86,0
826776,49,49,406,668,191,-26,1190,355,-52,49,217,94,80,0
830057,49,49,481,443,-60,-64,1202,408,39,71,201,90,92,0
833392,49,49,312,368,179,-88,1289,466,-105,-15,146,99,96,0
836749,50,50,31,237,-29,-221,1219,520,142,26,271,98,87,0
840061,50,50,650,612,283,-462,1180,569,16,67,198,81,83,0
843396,50,50,462,312,772,-331,1169,616,107,49,201,91,99,0
846749,51,51,0,12,1447,-139,1404,673,-79,21,180,106,99,0
850064,51,51,0,218,1322,-188,1367,729,-128,-10,180,100,88,0
853399,51,51,575,575,324,-383,1317,780,50,69,223,85,85,0
856749,51,51,368,181,528,-177,1362,827,96,64,192,96,106,0
860067,52,52,0,0,1207,-20,1479,874,-5,33,200,107,102,0
863401,52,52,106,218,1320,-123,1421,915,-76,59,234,94,88,0
866749,52,52,518,462,862,-195,1271,950,32,44,225,88,91,0
870070,53,52,293,200,829,-137,1239,981,5,37,207,100,105,0
873405,53,53,0,0,1202,-54,1221,1012,-16,49,209,109,102,0
876750,53,53,162,87,969,-47,1071,1036,2,62,208,91,95,0
880074,53,53,537,368,810,-84,912,1052,35,56,212,87,96,0
883408,54,54,0,237,1078,9,830,1064,95,13,214,105,103,0
886750,54,54,162,0,1398,41,737,1071,31,3,203,91,107,0
890077,54,54,256,0,1218,-97,589,1071,-38,42,206,86,103,0
893411,54,55,443,312,671,-269,387,1064,144,41,186,92,99,0
896750,55,55,0,0,990,-260,265,1053,164,31,204,107,102,0
900080,55,55,106,0,1560,-126,182,1038,-70,16,168,94,101,0
903414,55,55,162,50,1122,-117,69,1017,-70,-32,175,91,97,0
906750,56,56,0,0,516,-320,-84,987,61,-14,175,108,102,0
910084,56,56,0,0,478,-328,-225,951,105,-38,191,103,101,0
913417,56,56,143,12,733,-53,-314,910,3,-16,237,92,99,0
916775,56,57,368,200,732,14,-426,863,51,-48,236,96,89,0
920086,57,57,0,87,830,-44,-564,813,11,-40,240,107,95,0
923421,57,57,0,31,701,28,-720,757,-70,-31,234,102,98,0
926779,57,57,143,87,300,138,-765,700,-46,-30,249,92,95,0
930089,58,58,0,162,90,198,-863,637,38,-60,232,102,91,0
933424,58,58,0,87,275,215,-971,570,-4,-50,246,102,95,0
936779,58,58,87,50,388,224,-1089,498,-17,-58,242,95,97,0
940093,58,58,50,218,423,236,-1160,422,-35,-65,235,97,88,0
943427,59,59,0,293,440,168,-1169,347,-72,-97,236,102,84,0
946784,59,59,68,200,390,42,-1136,275,-93,-69,252,96,89,0
950096,59,59,87,125,254,-46,-1147,202,-41,-68,238,95,93,0
953430,60,59,106,518,342,-161,-1095,124,-85,-81,214,99,93,0
956788,60,60,0,31,307,-236,-1068,48,-89,-65,222,107,103,0
960099,60,60,50,162,130,-241,-1185,-29,-76,-31,252,102,96,0
963434,60,60,68,200,-159,-288,-1313,-113,-72,-107,248,101,94,0
966788,61,61,0,143,-284,-388,-1384,-202,-59,-42,249,109,97,0
970103,61,61,68,200,-418,-454,-1532,-294,-73,-14,223,101,94,0
973437,61,61,87,200,-664,-392,-1704,-387,-49,-25,204,100,94,0
976788,62,61,0,481,-872,-382,-1861,-484,-13,-17,216,105,95,0
980106,62,62,143,87,-1033,-410,-2027,-586,-4,-17,226,97,100,0
983440,62,62,181,162,-1042,-423,-2212,-688,-34,17,224,95,96,0
986788,63,62,0,537,-1054,-395,-2337,-790,18,24,232,106,92,0
990109,63,63,12,218,-1047,-363,-2526,-895,-21,34,224,104,93,0
993443,63,63,125,87,-1125,-346,-2641,-1000,-23,33,213,98,100,0
996788,63,63,31,218,-1114,-305,-2712,-1103,-3,18,223,103,93,0
1000112,64,63,0,537,-1069,-251,-2757,-1202,-2,-1,235,110,92,0
1003447,64,64,31,143,-1082,-76,-2903,-1301,-44,-25,233,103,97,0
1006788,64,64,31,331,-1264,-100,-2912,-1397,-29,18,206,103,87,0
1010115,65,64,0,387,-1444,-212,-2964,-1492,-46,13,195,111,84,0
1013450,65,64,0,631,-1709,-349,-2902,-1580,-31,16,194,107,87,0
1016788,65,65,31,256,-1739,-291,-2862,-1663,-17,61,203,103,91,0
1020119,66,65,0,406,-1672,-174,-2704,-1737,31,34,224,113,83,0
1023453,66,65,0,706,-1219,38,-2461,-1801,63,24,277,113,83,0
1026810,66,65,0,443,-812,243,-2215,-1853,-35,30,237,107,97,0
1030122,67,66,0,312,-833,463,-1923,-1890,-39,29,241,113,88,0
1033456,67,66,0,556,-1078,848,-1562,-1915,-9,67,268,111,75,0
1036813,67,66,0,800,-1069,1070,-1314,-1929,32,29,245,107,78,0
1040125,68,66,0,556,-862,1159,-966,-1929,63,-7,303,112,91,0
1043460,68,67,0,350,-266,1036,-528,-1911,50,-44,313,110,86,0
1046814,68,67,0,837,11,852,-198,-1881,-35,-55,274,108,76,0
1050128,69,67,0,781,-53,579,194,-1839,-51,-43,257,110,79,0
1053462,69,67,0,593,-363,111,535,-1787,21,-9,236,107,89,0
1056814,69,67,87,987,-364,-147,806,-1726,41,-7,220,100,84,0
1060131,70,68,0,518,-291,-394,1003,-1660,183,-15,189,101,93,0
1063466,70,68,0,462,335,-629,1233,-1588,33,-8,179,104,96,0
1066816,70,68,0,275,700,-743,1246,-1512,120,-61,122,96,106,0
1070135,70,69,312,312,979,-827,1403,-1427,-53,-37,138,88,104,0
1073469,71,69,0,256,641,-1094,1464,-1338,8,-41,145,98,107,0
1076843,71,69,68,387,464,-1336,1403,-1247,77,3,168,96,111,0
1080138,71,70,200,162,593,-1547,1355,-1151,49,-22,151,89,107,0
1083472,71,70,181,162,720,-1731,1260,-1053,69,25,179,90,107,0
1086815,72,70,0,181,873,-1733,1161,-954,44,38,211,97,106,0
1090141,72,71,275,331,870,-1617,1152,-849,53,60,188,85,98,0
1093475,72,71,368,312,776,-1268,1111,-741,53,-1,253,80,99,0
1096815,72,71,237,200,871,-904,1245,-623,92,45,331,87,105,0
1100144,73,71,0,331,1173,-634,1319,-499,15,64,303,89,98,0
1103478,73,72,500,350,1142,-367,1357,-372,-8,72,273,73,97,0
1106836,73,72,387,218,935,-237,1315,-245,52,56,321,79,104,0
1110147,73,72,312,293,979,-249,1251,-115,58,69,294,83,100,0
1113482,73,73,331,68,1282,-346,1121,10,21,85,246,82,96,0
1116840,74,73,312,462,1348,-409,947,132,-4,92,238,83,91,0
1120150,74,73,406,162,1321,-458,766,247,20,69,228,78,107,0
1123485,74,74,368,0,1404,-504,505,352,3,61,239,80,106,0
1126840,74,74,312,0,1396,-465,262,445,-40,76,211,83,102,0
1130154,75,74,162,237,1326,-402,10,522,8,131,187,91,103,0
1133488,75,75,68,0,1537,-89,-77,589,35,112,188,96,107,0
1136840,75,75,312,0,1855,206,-57,647,-36,113,156,83,105,0
1140157,75,75,256,0,1964,410,-163,691,-50,79,160,86,106,0
1143491,76,75,125,200,1853,491,-347,721,-81,54,162,93,105,0
1146840,76,76,162,0,1681,483,-552,734,-8,26,186,91,109,0
1150160,76,76,293,0,1737,462,-657,730,-20,75,193,84,106,0
1153494,76,76,518,406,1905,423,-795,711,8,51,191,88,94,0
1156841,77,77,12,125,2032,407,-869,678,-75,51,200,99,93,0
1160164,77,77,87,68,1887,455,-987,630,-32,62,188,95,96,0
1163497,77,77,275,87,1682,573,-1138,570,-34,50,198,85,95,0
1166841,77,77,537,481,1609,625,-1283,498,10,8,235,87,90,0
1170166,78,78,50,68,1602,633,-1420,415,8,3,218,97,96,0
1173501,78,78,237,50,1757,613,-1557,328,-13,-19,225,87,97,0
1176842,78,78,237,87,1792,563,-1684,231,0,-64,205,87,95,0
1180170,78,79,425,143,1769,340,-1802,129,-61,-42,234,93,92,0
1183504,79,79,0,87,1498,218,-1931,25,-61,0,251,107,95,0
1186842,79,79,31,31,1210,441,-2083,-81,1,-4,248,98,98,0
1190174,79,79,181,68,1255,715,-2195,-189,-45,-3,245,90,96,0
1193531,80,80,68,143,1101,728,-2225,-295,-162,-146,316,96,92,0
1196863,80,80,31,68,603,402,-2203,-400,-70,-167,258,98,96,0
1200177,80,80,181,0,365,-24,-1979,-497,-24,-165,259,90,100,0
1203534,80,81,256,12,466,-489,-1671,-588,-163,-135,264,107,104,0
1206866,81,81,0,50,159,-681,-1422,-673,-129,-103,239,124,102,0
1210179,81,81,0,31,-55,-779,-1171,-752,-45,-55,228,113,103,0
1213538,81,81,350,350,-47,-811,-968,-824,-125,-95,215,102,102,0
1216866,82,82,0,0,-261,-721,-823,-889,-142,37,189,109,109,0
1220182,82,82,143,0,-569,-448,-779,-948,-135,-46,198,97,110,0
1223540,82,82,143,0,-884,-352,-694,-999,-127,-107,174,97,105,0
1226867,83,83,0,12,-1067,-359,-583,-1041,-104,44,158,107,104,0
1230186,83,83,50,0,-1174,-163,-653,-1078,-90,-52,165,102,106,0
1233544,83,83,237,0,-1135,-344,-553,-1103,11,-77,196,92,107,0
1236867,83,84,481,31,-868,-708,-424,-1117,-40,-35,162,95,103,0
1240189,84,84,0,0,-761,-914,-369,-1126,-115,-22,121,109,106,0
1243548,84,84,125,0,-1315,-908,-406,-1137,-27,37,185,98,107,0
1246868,84,85,162,0,-1174,-616,-254,-1139,-72,-46,216,96,102,0
1250192,85,85,125,50,-1245,-691,-268,-1137,44,34,205,98,102,0
1253550,85,85,181,0,-950,-718,-134,-1124,-2,41,251,95,105,0
1256867,85,86,181,0,-672,-422,16,-1103,-45,91,220,95,99,0
1260195,86,86,425,181,-1040,-192,66,-1076,-106,-58,191,98,95,0
1263550,86,86,50,68,-1402,-189,32,-1048,61,-20,318,102,101,0
1266867,86,86,293,218,-1092,-285,127,-1013,20,3,329,89,93,0
1270198,86,87,293,0,-685,-309,159,-972,14,-32,277,89,92,0
1273554,87,87,31,275,-455,-490,218,-926,45,-20,302,103,90,0
1276893,87,87,0,143,-348,-622,310,-871,-81,-22,252,105,97,0
1280202,87,87,331,218,-683,-578,434,-809,-76,-27,226,87,93,0
1283558,87,88,593,331,-1256,-447,431,-743,-10,11,246,89,87,0
1286893,88,88,0,256,-1482,-295,466,-672,-6,-8,251,107,91,0
1290205,88,88,312,162,-1485,-116,502,-596,48,-44,275,88,96,0
1293558,88,89,350,0,-1090,-110,517,-515,28,-44,266,86,91,0
1296893,88,89,518,368,-853,-218,494,-431,-15,-13,232,93,85,0
1300208,89,89,0,275,-830,-288,532,-345,-5,-52,227,107,90,0
1303558,89,89,331,218,-830,-360,640,-256,-1,-23,204,87,93,0
1306893,89,89,650,593,-776,-403,735,-171,26,13,206,86,89,0
1310211,90,90,12,106,-535,-230,852,-92,34,18,205,104,99,0
1313558,90,90,218,237,-41,-68,999,-17,15,-14,212,93,92,0
1316893,90,90,293,368,136,1,1127,54,-46,-53,248,89,85,0
1320215,90,91,518,350,34,-262,1148,120,-28,2,229,93,86,0
1323559,91,91,0,331,-208,-406,1152,182,20,29,225,109,87,0
1326893,91,91,425,537,-67,-310,1162,243,33,79,209,93,87,0
1330217,91,91,406,368,281,-84,1176,301,-24,79,182,94,96,0
1333559,92,92,0,143,506,14,1278,359,-42,91,173,101,92,0
1336893,92,92,200,312,564,190,1449,425,-21,38,189,89,83,0
1340221,92,92,687,725,662,227,1618,493,-64,8,205,79,77,0
1343559,92,92,312,443,384,-67,1593,556,-51,-9,223,99,92,0
1346894,93,93,0,143,6,-433,1639,619,9,72,215,106,92,0
1350224,93,93,200,200,-299,-481,1489,678,164,91,241,89,89,0
1353580,93,93,518,275,775,-180,1494,732,136,52,203,88,101,0
1356915,93,93,256,218,1652,-109,1597,791,-90,2,143,102,104,0
1360227,94,94,0,50,1255,-404,1574,844,-139,29,187,104,97,0
1363584,94,94,256,218,226,-510,1486,890,-13,65,242,86,88,0
1366918,94,94,537,387,305,-402,1479,934,101,39,241,87,95,0
1370231,95,95,0,0,993,-323,1448,978,65,36,247,105,100,0
1373585,95,95,12,125,1375,-278,1276,1014,63,100,254,99,93,0
1376919,95,95,256,125,1686,46,1270,1049,38,66,210,86,93,0
1380234,95,95,575,387,1647,250,1370,1085,-159,-19,184,85,95,0
1383585,96,96,0,0,687,-61,1233,1114,-29,26,216,107,102,0
1386919,96,96,200,0,217,-164,1068,1134,167,104,264,89,100,0
1390237,96,96,612,331,1182,93,1014,1152,189,44,252,83,98,0
1393585,96,97,256,0,2106,125,914,1166,35,21,188,102,105,0
1396919,97,97,0,0,2258,-9,831,1176,-113,71,171,108,103,0
1400240,97,97,143,0,1383,-134,701,1182,-79,39,162,92,100,0
1403585,97,97,575,350,611,-181,507,1182,96,15,161,85,97,0
1406919,98,98,0,0,429,-252,309,1175,134,36,161,104,106,0
1410244,98,98,0,0,791,-186,-35,1154,51,51,178,102,104,0
1413586,98,98,162,0,988,-153,-170,1126,4,2,203,91,102,0
1416920,98,99,443,68,988,-207,-280,1091,60,-12,185,92,96,0
1420246,99,99,0,12,871,-308,-416,1046,22,-25,166,107,99,0
1423586,99,99,31,12,533,-259,-513,995,-25,-24,203,98,99,0
1426920,99,99,143,68,243,-207,-615,940,0,-7,202,92,96,0
1430249,100,100,87,106,325,-105,-818,879,88,-32,247,95,94,0
1433607,100,100,0,0,621,28,-980,812,-48,-33,255,103,100,0
1436943,100,100,68,50,554,233,-1129,740,-10,-35,274,96,97,0
1440253,100,101,106,0,400,389,-1181,663,-25,-88,276,94,92,0
1443611,101,101,0,181,330,339,-1228,579,-36,-67,306,103,90,0
1446944,101,101,0,68,318,260,-1272,489,-3,-91,261,102,96,0
1450257,101,101,87,68,373,206,-1249,400,-70,-81,272,95,96,0
1453610,102,102,0,143,314,138,-1199,311,-24,-115,225,111,97,0
1456944,102,102,0,0,402,20,-1142,229,-46,-85,230,118,105,0
1460260,102,102,0,106,413,-7,-1110,148,-91,-49,212,108,99,0
1463611,103,102,0,556,58,-63,-1289,57,-76,-61,238,105,91,0
1466945,103,103,0,125,-181,-162,-1465,-37,-68,-55,232,109,98,0
1470263,103,103,68,143,-179,-249,-1627,-134,-104,-80,244,101,97,0
1473611,103,103,68,181,-285,-251,-1698,-233,-105,-34,211,101,95,0
1476944,104,104,0,181,-654,-225,-1883,-337,-50,-52,191,106,95,0
1480266,104,104,125,125,-1099,-183,-2145,-444,-8,-34,210,98,98,0
1483611,104,104,87,181,-1048,-171,-2245,-554,-28,-22,226,100,95,0
1486945,105,104,31,500,-975,-161,-2362,-671,-25,-33,225,103,94,0
1490269,105,105,31,68,-1005,-141,-2473,-786,8,-10,188,103,101,0
1493612,105,105,162,162,-964,-162,-2584,-901,-1,13,182,96,96,0
1496945,106,105,0,181,-1028,-192,-2658,-1015,-4,33,179,102,95,0
1500272,106,105,0,481,-1001,-186,-2767,-1130,29,8,206,109,95,0
1503612,106,106,87,125,-896,-182,-2794,-1244,10,-1,241,100,98,0
1506946,106,106,125,293,-689,-192,-2772,-1352,3,49,235,98,89,0
1510275,107,106,0,668,-628,-86,-2821,-1456,-63,19,212,112,85,0
1513633,107,107,0,237,-1064,-169,-2821,-1554,-34,20,208,109,92,0
1516945,107,107,0,350,-1428,-287,-2844,-1642,-67,40,195,107,86,0
1520278,108,107,0,425,-1748,-277,-2747,-1722,-1,40,214,112,82,0
1523637,108,107,0,575,-1727,-169,-2657,-1797,7,15,211,108,90,0
1526970,108,108,0,125,-1673,-127,-2522,-1862,-89,-6,226,110,98,0
1530282,109,108,0,350,-1794,-255,-2293,-1918,28,26,284,120,86,0
1533637,109,108,0,743,-1344,-96,-2098,-1964,42,34,304,116,81,0
1536973,109,108,0,575,-861,226,-1720,-1992,-35,48,213,115,90,0
1540285,110,109,0,237,-1058,678,-1355,-2004,33,32,258,122,92,0
1543638,110,109,0,575,-883,902,-903,-1997,143,-51,366,117,74,0
1546978,111,109,0,781,-73,852,-421,-1973,60,-77,346,114,79,0
1550288,111,109,0,500,578,627,189,-1929,-65,-10,243,119,94,0
1553638,111,110,0,387,337,491,582,-1871,-65,-56,202,110,84,0
1556979,112,110,0,875,-222,264,846,-1806,10,-56,229,109,74,0
1560291,112,110,0,668,-465,-203,1351,-1726,30,-47,212,113,85,0
1563638,112,110,0,575,-403,-451,1574,-1641,-15,-17,194,104,90,0
1566980,112,111,0,312,-400,-674,1767,-1551,110,-29,221,100,88,0
1570294,113,111,0,575,-236,-959,2007,-1448,40,-2,190,100,90,0
1573638,113,111,12,218,-50,-1137,1963,-1341,191,-15,169,88,109,0
1576979,113,111,350,331,560,-1204,1947,-1229,66,-20,149,81,114,0
1580298,113,112,181,31,856,-1328,1909,-1117,48,-11,147,90,114,0
1583638,114,112,0,50,748,-1434,1754,-1003,35,9,137,93,113,0
1586980,114,112,0,293,734,-1490,1721,-882,104,20,160,84,100,0
1590301,114,113,425,293,1046,-1573,1530,-764,83,25,135,77,100,0
1593638,114,113,181,162,1401,-1535,1488,-644,75,75,157,90,107,0
1596980,115,113,0,162,1535,-1465,1216,-529,3,17,193,97,107,0
1600304,115,114,0,0,1391,-1185,1201,-410,-29,30,223,86,102,0
1603660,115,114,556,387,1043,-928,1295,-287,-40,78,211,70,95,0
1606981,115,114,312,256,663,-701,1497,-154,19,78,300,83,102,0
1610308,116,115,0,12,541,-344,1480,-20,39,95,307,86,99,0
1613663,116,115,312,162,662,-137,1509,113,42,69,292,67,91,0
1616980,116,115,706,350,935,-149,1455,246,56,53,315,62,97,0
1620310,116,115,368,162,1184,-353,1362,377,52,45,308,80,107,0
1623663,116,116,387,0,1394,-498,1185,503,-58,78,292,79,102,0
1626981,117,116,50,50,1255,-553,967,619,-25,93,278,81,97,0
1630313,117,116,368,331,958,-471,774,726,-25,122,227,80,98,0
1633664,117,117,331,0,1190,-260,743,828,7,143,208,82,111,0
1637006,117,117,293,0,1494,-33,561,918,-8,124,157,84,107,0
1640317,117,117,593,87,1791,216,359,994,-13,102,173,84,111,0
1643664,118,118,162,0,1913,261,130,1052,-74,60,159,91,107,0
1647007,118,118,368,0,1757,229,-49,1093,-55,70,137,80,110,0
1650321,118,118,350,0,1428,207,-385,1109,-27,79,163,81,114,0
1653664,118,119,556,0,1479,240,-650,1102,42,73,167,86,105,0
1657006,119,119,0,0,1717,303,-867,1069,47,87,166,102,101,0
1660323,119,119,331,12,2033,425,-1119,1016,-29,49,159,82,99,0
1663665,119,119,275,143,1923,461,-1274,950,-54,60,195,85,92,0
1667007,119,120,537,162,1605,500,-1445,862,3,59,232,87,91,0
1670326,120,120,31,106,1447,580,-1597,763,-7,8,233,98,94,0
1673665,120,120,331,50,1453,580,-1714,654,16,31,237,82,97,0
1677007,120,121,331,0,1568,516,-1766,536,10,0,228,82,92,0
1680329,120,121,537,200,1805,494,-1877,416,-15,-10,252,87,89,0
1683685,121,121,0,68,1713,439,-1920,296,-41,16,266,105,96,0
1687007,121,121,143,50,1411,534,-2001,173,-9,17,258,92,97,0
1690334,121,122,200,162,1492,794,-2177,51,44,-22,239,89,91,0
1693689,122,122,87,106,1872,825,-2154,-70,11,-40,233,95,94,0
1697009,122,122,0,12,1919,898,-2144,-184,-51,-32,262,105,99,0
1700336,122,122,537,425,1601,787,-2236,-301,-89,-142,230,92,98,0
1703690,122,123,256,31,962,268,-2067,-403,-174,-174,234,107,103,0
1707008,123,123,0,0,216,-249,-1924,-501,-82,-72,240,119,106,0
1710339,123,123,0,0,-3,-611,-1727,-595,-47,-113,238,107,106,0
1713690,123,124,387,87,137,-775,-1576,-692,-129,-86,230,100,100,0
1717009,124,124,0,12,143,-866,-1333,-779,-88,-109,178,113,104,0
1720342,124,124,31,0,-35,-718,-1167,-863,-145,-59,214,103,107,0
1723691,124,125,462,68,-244,-498,-942,-938,-124,-56,245,96,101,0
1727033,125,125,0,31,-476,-350,-809,-1006,-195,-39,203,107,103,0
1730346,125,125,0,0,-973,-336,-628,-1062,-53,-64,209,107,105,0
1733690,125,125,200,12,-873,-291,-451,-1107,-98,-42,193,94,104,0
1737036,126,126,0,12,-1108,-245,-379,-1143,-112,-45,157,105,104,0
1740350,126,126,0,0,-1657,-297,-520,-1182,-145,-101,125,116,107,0
1743691,126,126,143,12,-1958,-668,-671,-1221,88,-27,242,97,104,0
1747038,126,127,500,68,-1450,-986,-504,-1248,-70,0,268,94,101,0
1750352,127,127,0,0,-870,-1003,-474,-1267,-44,3,192,108,107,0
1753691,127,127,237,0,-834,-957,-415,-1278,31,-8,231,92,109,0
1757037,127,128,237,0,-496,-771,-234,-1273,-105,8,210,92,103,0
1760355,128,128,181,12,-572,-555,-158,-1258,-72,63,173,95,104,0
1763713,128,128,68,50,-903,-287,-108,-1234,-31,19,228,101,102,0
1767037,128,129,275,0,-1051,35,26,-1198,-43,-21,229,90,96,0
1770358,128,129,537,293,-1272,-13,131,-1155,-13,-95,240,92,89,0
1773715,129,129,0,106,-1196,-436,88,-1107,18,-14,252,109,99,0
1777037,129,129,181,87,-1064,-624,222,-1050,-5,-28,254,95,100,0
1780362,129,130,293,0,-969,-580,263,-988,-4,-36,264,89,95,0
1783714,130,130,143,256,-944,-624,316,-923,5,-5,255,97,91,0
1787038,130,130,0,162,-937,-457,368,-853,-47,-7,258,106,96,0
1790366,130,130,312,237,-1108,-141,454,-779,-9,-16,276,88,92,0
1793715,130,131,593,350,-1165,-133,497,-701,22,-36,254,89,86,0
1797037,131,131,31,312,-1073,-175,537,-616,36,-15,281,103,88,0
1800368,131,131,50,181,-778,-269,528,-532,19,-56,238,102,95,0
1803716,131,131,368,293,-710,-410,503,-449,8,-37,222,85,89,0
1807038,131,132,537,256,-731,-473,490,-364,-12,9,205,92,91,0
1810371,132,132,0,237,-891,-362,557,-282,26,-38,207,107,92,0
1813716,132,132,312,256,-894,-245,630,-202,24,-25,211,88,91,0
1817040,132,133,612,368,-661,-199,822,-123,30,-3,233,88,85,0
1820375,133,133,387,331,-339,-133,907,-45,28,-19,241,100,87,0
1823715,133,133,0,312,-39,-169,987,27,13,1,232,106,88,0
1827043,133,133,443,462,341,-149,1180,100,-24,-9,234,92,91,0
1830377,133,133,350,443,208,-228,1229,168,-22,19,218,97,92,0
1833715,134,134,0,256,-50,-327,1150,229,-1,46,171,103,86,0
1837047,134,134,275,331,347,-42,1344,291,12,69,230,85,82,0
1840381,134,134,593,612,996,320,1492,351,-150,16,240,84,83,0
1843716,134,134,293,575,544,47,1523,411,-119,21,215,100,85,0
1847049,135,135,0,312,-25,-238,1622,478,-11,65,220,103,83,0
1850384,135,135,293,425,33,-290,1613,549,-4,52,237,84,77,0
1853743,135,135,462,331,234,-288,1475,611,19,32,164,91,98,0
1857053,136,135,0,312,547,-372,1539,674,-54,68,128,106,99,0
1860387,136,136,68,87,588,-235,1502,734,-37,39,210,96,95,0
1863744,136,136,631,518,487,-161,1453,786,-5,12,227,82,88,0
1867056,136,136,462,368,604,-190,1361,834,52,46,202,91,96,0
1870390,137,137,0,12,1000,-244,1502,884,31,23,216,109,99,0
1873748,137,137,125,218,981,-314,1407,927,53,67,247,93,88,0
1877059,137,137,593,481,1059,-316,1289,964,48,53,200,84,90,0
1880393,137,137,406,256,1454,-208,1326,1002,-63,66,181,94,102,0
1883749,138,138,0,0,1282,-160,1295,1036,-27,49,225,103,100,0
1887063,138,138,256,143,846,-139,1111,1062,43,57,238,86,92,0
1890397,138,138,537,368,881,-53,1040,1085,85,34,216,87,96,0
1893750,139,139,0,0,1269,-9,1018,1105,54,35,242,109,106,0
1897066,139,139,0,0,1389,-65,898,1119,-10,37,218,105,102,0
1900400,139,139,200,68,930,-145,744,1127,17,55,220,89,96,0
1903750,139,139,481,275,729,-132,528,1127,130,31,168,90,101,0
1907069,140,140,0,0,1274,-95,512,1126,77,17,147,105,109,0
1910404,140,140,200,0,1934,-82,501,1126,-66,-2,140,89,108,0
1913751,140,140,256,0,1473,-196,430,1124,-46,-7,175,86,105,0
1917072,140,141,350,12,670,-329,183,1112,42,7,185,97,99,0
1920407,141,141,0,50,487,-339,52,1094,103,51,191,112,97,0
1923751,141,141,50,0,848,-226,-28,1068,52,5,219,97,100,0
1927075,141,141,162,143,1069,-110,-231,1032,12,-13,203,91,92,0
1930409,142,142,0,31,881,-112,-426,988,-21,-32,193,100,98,0
1933751,142,142,87,31,521,-113,-625,932,-38,-42,211,95,98,0
1937079,142,142,162,50,116,-46,-774,869,17,-52,247,91,97,0
1940413,142,143,106,0,30,-28,-894,805,58,-14,259,94,92,0
1943751,143,143,0,125,284,16,-1016,731,-10,-27,270,104,93,0
1947081,143,143,31,0,445,180,-1121,650,-9,-44,260,98,100,0
1950416,143,143,500,443,588,246,-1181,565,-43,-50,247,94,97,0
1953752,144,144,0,0,537,229,-1211,477,-54,-46,250,116,106,0
1957085,144,144,0,50,448,230,-1158,390,-40,-50,259,108,102,0
1960419,144,144,0,125,413,195,-1087,310,-12,-64,255,105,98,0
1963776,145,145,0,162,524,53,-1107,227,-69,-91,264,107,96,0
1967088,145,145,0,106,592,-170,-1089,146,-31,-29,243,114,99,0
1970422,145,145,68,125,626,-251,-1096,67,-80,-77,206,101,98,0
1973777,146,145,125,500,333,-322,-1134,-10,-120,-41,203,98,94,0
1977092,146,146,0,162,-280,-425,-1261,-97,-85,-66,211,107,96,0
1980426,146,146,87,181,-482,-449,-1428,-185,-71,-73,203,100,95,0
1983778,146,146,106,237,-664,-478,-1622,-276,-62,-18,226,99,92,0
1987094,147,146,0,537,-912,-415,-1773,-373,-64,-27,214,109,92,0
1990430,147,147,50,68,-1144,-391,-1967,-475,-51,-41,214,102,101,0
1993778,147,147,125,143,-1206,-362,-2105,-575,-13,-41,206,98,97,0
1997098,148,147,12,462,-1231,-338,-2293,-680,7,20,190,104,96,0
2000432,148,148,0,68,-1206,-282,-2467,-788,22,-9,196,106,101,0
2003778,148,148,87,162,-1119,-245,-2610,-898,-19,28,222,100,96,0
2007101,148,148,31,162,-1088,-198,-2729,-1007,2,1,227,103,96,0
2010435,149,148,0,537,-1079,-172,-2834,-1112,41,20,255,107,92,0
2013779,149,149,50,125,-896,-132,-2881,-1218,-31,73,263,102,98,0
2017104,149,149,50,331,-790,23,-3012,-1327,-31,33,229,102,87,0
2020438,150,149,0,631,-986,-29,-3025,-1435,-40,41,214,110,87,0
2023778,150,149,0,500,-1312,-127,-3025,-1536,-30,17,195,106,94,0
2027108,150,150,0,181,-1529,-162,-2957,-1630,-24,38,208,107,95,0
2030442,151,150,0,462,-1637,-62,-2870,-1719,-13,43,214,113,80,0
2033779,151,150,0,668,-1712,-42,-2736,-1797,10,-8,246,115,85,0
2037111,151,151,0,200,-1416,-1,-2450,-1860,37,44,302,112,94,0
2040445,152,151,0,331,-985,369,-2159,-1908,-19,58,244,115,87,0
2043803,152,151,0,818,-1025,774,-1850,-1942,6,45,219,107,77,0
2047114,152,151,0,593,-1369,1132,-1445,-1959,76,-3,293,111,89,0
2050448,153,151,0,612,-1072,1275,-1093,-1961,92,5,325,114,88,0
2053807,153,152,0,406,-399,1212,-656,-1947,66,-38,343,109,83,0
2057117,153,152,0,762,216,864,-249,-1918,-46,-35,277,107,80,0
2060451,154,152,0,556,125,560,176,-1874,-56,-63,243,111,91,0
2063808,154,152,0,725,-252,263,471,-1823,17,-35,249,109,82,0
2067120,154,153,12,800,-474,-108,848,-1763,46,-24,255,104,78,0
2070455,155,153,0,762,-346,-425,1125,-1693,20,-10,224,103,80,0
2073812,155,153,0,518,-196,-733,1330,-1618,32,-27,220,103,93,0
2077123,155,153,68,668,62,-1036,1657,-1532,-44,-26,197,96,96,0
2080458,155,154,87,293,-160,-1260,1800,-1440,48,-25,184,95,100,0
2083815,156,154,0,425,-414,-1582,1959,-1339,55,-3,207,98,93,0
2087126,156,154,0,387,-368,-1910,2101,-1229,177,0,202,85,95,0
2090461,156,155,312,275,245,-1955,2167,-1111,225,30,111,83,101,0
2093816,156,155,106,50,1232,-1645,1963,-994,235,31,103,94,113,0
2097130,157,155,0,0,2336,-1301,1779,-877,-61,25,141,97,119,0
2100464,157,156,0,0,2129,-1179,1735,-757,-51,43,178,87,111,0
2103816,157,156,368,87,1798,-1141,1908,-625,-64,4,192,80,111,0
2107133,157,156,181,200,1324,-1046,1946,-488,95,59,168,90,105,0
2110467,158,157,0,50,1514,-667,1916,-346,35,87,218,92,97,0
2113816,158,157,462,425,1521,-368,1765,-206,-58,72,224,75,93,0
2117136,158,157,500,218,1290,-313,1791,-61,-5,75,247,73,104,0
2120471,158,157,312,106,983,-295,1655,80,-44,54,303,83,110,0
2123816,158,158,406,0,695,-269,1530,222,-10,42,331,78,100,0
2127140,159,158,425,368,421,-334,1361,359,-29,43,332,77,96,0
2130473,159,158,575,200,270,-464,1124,488,3,51,358,69,105,0
2133817,159,159,425,0,348,-607,1014,612,65,74,349,77,110,0
2137142,159,159,462,0,1017,-641,680,723,58,52,270,75,107,0
2140478,159,159,762,106,1543,-642,453,823,38,61,234,75,110,0
2143817,160,160,50,0,1786,-648,139,904,-15,79,231,97,111,0
2147146,160,160,312,0,1735,-569,-242,964,19,62,212,83,112,0
2150480,160,160,312,0,1701,-493,-505,1006,-79,100,190,83,116,0
2153838,160,161,481,0,1761,-153,-607,1032,-30,107,168,90,110,0
2157149,161,161,0,0,2183,421,-517,1050,31,70,148,105,110,0
2160484,161,161,218,0,2382,613,-614,1051,-77,62,144,88,110,0
2163842,161,162,275,0,2144,810,-888,1031,-102,79,134,85,99,0
2167152,162,162,200,68,1562,989,-1096,992,-19,72,166,89,96,0
2170486,162,162,12,106,1585,1001,-1253,938,22,76,183,99,94,0
2173842,162,162,368,162,1768,917,-1298,871,-11,39,172,80,91,0
2177155,162,163,331,0,1826,844,-1453,790,-34,40,206,82,88,0
2180490,163,163,518,256,1782,877,-1562,700,10,15,227,88,86,0
2183842,163,163,50,68,1864,770,-1619,597,-38,22,243,97,96,0
2187159,163,163,350,143,1754,529,-1694,488,-25,15,216,81,92,0
2190493,163,164,275,0,1629,416,-1770,372,6,-12,207,85,94,0
2193842,164,164,50,87,1475,287,-1864,248,-36,-8,221,97,95,0
2197161,164,164,0,31,1022,239,-1965,119,-13,-26,247,103,98,0
2200496,164,165,631,200,935,387,-2021,-5,50,0,223,87,94,0
2203843,164,165,256,31,1310,504,-2136,-127,14,-31,215,107,103,0
2207166,165,165,0,12,1316,445,-2127,-248,-96,-103,288,114,104,0
2210499,165,165,162,50,979,277,-2103,-373,-52,-112,285,96,102,0
2213843,165,166,406,31,915,28,-2031,-498,-148,-85,215,99,103,0
2217168,166,166,0,0,399,-313,-1806,-614,-150,-133,215,115,106,0
2220502,166,166,0,31,-143,-461,-1617,-720,-74,-144,282,105,103,0
2223845,166,167,481,125,-227,-591,-1351,-818,-112,-37,254,95,98,0
2227171,167,167,0,12,-225,-572,-1133,-905,-86,-75,230,105,104,0
2230506,167,167,0,0,-321,-585,-1067,-986,-139,-20,211,112,106,0
2233844,167,167,406,406,-482,-536,-887,-1056,-55,-47,175,99,99,0
2237174,168,168,312,0,-728,-364,-775,-1116,-174,-6,152,104,109,0
2240509,168,168,0,0,-1158,-403,-806,-1172,-82,-78,172,115,111,0
2243865,168,169,143,0,-1239,-419,-695,-1215,-75,-60,209,97,105,0
2247178,168,169,537,0,-1049,-535,-459,-1244,-10,-14,189,92,110,0
2250512,169,169,0,0,-873,-712,-443,-1262,-38,12,184,108,112,0
2253868,169,170,218,0,-680,-752,-270,-1263,-63,5,147,93,107,0
2257181,169,170,237,0,-735,-731,-219,-1254,-121,-27,138,92,110,0
2260515,170,170,106,0,-1025,-730,-137,-1239,-127,31,140,99,110,0
2263869,170,171,0,0,-1517,-459,-56,-1225,-86,40,156,109,102,0
2267184,170,171,106,0,-2159,-28,-95,-1209,58,-49,213,99,102,0
2270519,170,171,443,12,-1889,-172,-153,-1186,112,-46,256,97,104,0
2273869,171,171,0,162,-1289,-507,-163,-1157,77,7,279,108,96,0
2277187,171,172,256,0,-336,-587,-36,-1119,-36,-13,254,91,97,0
2280522,171,172,593,237,-275,-623,37,-1077,-12,-22,271,89,92,0
2283869,172,172,0,200,-324,-623,95,-1029,-88,-7,238,105,94,0
2287190,172,173,50,0,-951,-429,162,-975,-62,0,257,102,94,0
2290525,172,173,312,106,-1351,-213,208,-918,27,-31,280,88,83,0
2293869,172,173,575,406,-1400,-66,284,-856,41,-20,275,90,83,0
2297194,173,173,31,200,-1237,-12,348,-790,26,-53,286,103,94,0
2300528,173,173,312,200,-1138,-120,408,-719,32,-76,288,88,94,0
2303869,173,174,650,256,-1015,-320,447,-643,-51,-57,245,86,91,0
2307197,173,174,406,256,-1101,-500,556,-563,-50,-32,202,99,91,0
2310532,174,174,0,162,-1268,-498,641,-476,3,-49,224,105,96,0
2313869,174,175,350,0,-1256,-384,741,-386,60,-25,225,86,90,0
2317200,174,175,631,368,-908,-176,815,-295,104,-48,246,87,85,0
2320558,175,175,0,162,-277,-106,908,-203,46,-9,215,111,96,0
2323919,175,175,293,406,210,-113,1081,-113,5,-29,201,100,94,0
2327203,175,176,443,143,429,-231,1180,-26,-93,-49,188,92,92,0
2330563,175,176,275,312,132,-373,1297,56,-86,1,203,101,83,0
2333894,176,176,0,387,-298,-471,1288,132,12,15,239,107,79,0
2337207,176,176,443,668,-424,-460,1254,204,40,47,228,92,80,0
2340565,176,177,387,143,-126,-332,1144,268,136,38,233,95,92,0
2343895,177,177,0,87,716,-8,1070,326,-3,71,168,109,95,0
2347210,177,177,87,368,1486,661,1430,395,-201,-15,165,95,80,0
2350568,177,177,650,762,792,537,1438,462,-183,-45,247,81,75,0
2353895,177,177,387,631,-190,-220,1568,525,-110,49,243,95,82,0
2357213,178,178,0,218,-660,-695,1781,595,129,67,281,103,88,0
2360571,178,178,312,293,37,-767,1661,655,116,74,213,83,84,0
2363895,178,178,650,387,885,-732,1389,705,-1,68,142,81,95,0
2367217,178,178,331,275,1588,-217,1481,756,-135,82,135,98,101,0
2370574,179,179,0,237,1150,76,1630,809,-190,-5,188,107,87,0
2373895,179,179,181,331,107,-108,1439,857,-23,49,262,90,82,0
2377219,179,179,593,443,-263,-211,1346,904,193,74,273,84,92,0
2380577,180,179,0,312,939,16,1503,956,151,60,253,106,99,0
2383895,180,180,31,68,1878,65,1544,1005,-74,43,238,98,96,0
2387223,180,180,293,218,1063,-307,1298,1044,-30,43,218,84,88,0
2390578,180,180,481,293,324,-414,1152,1077,106,67,187,90,100,0
2393896,181,181,0,0,662,-150,1233,1111,47,58,222,103,106,0
2397226,181,181,50,12,1312,-8,1242,1143,33,52,231,97,99,0
2400582,181,181,556,387,1297,-154,1051,1167,30,45,206,86,95,0
2403917,181,181,368,293,1213,-196,949,1186,70,24,211,96,100,0
2407229,182,182,0,0,1552,-104,974,1204,41,32,187,107,107,0
2410586,182,182,237,0,1532,-70,832,1216,-39,46,197,87,102,0
2413921,182,182,500,293,1172,-16,683,1220,83,30,178,89,100,0
2417233,182,183,312,0,1354,30,671,1221,84,20,192,99,100,0
2420586,183,183,0,31,1391,-56,499,1213,25,32,201,104,98,0
2423921,183,183,181,50,1027,-72,251,1195,36,24,168,90,97,0
2427235,183,183,481,387,779,-51,199,1173,19,-58,194,90,95,0
2430587,184,184,0,0,709,-195,70,1142,45,-13,211,104,102,0
2433922,184,184,68,0,683,-258,-184,1099,42,-22,185,96,103,0
2437238,184,184,200,0,582,-134,-296,1049,29,-30,191,89,100,0
2440587,184,185,387,106,513,-72,-487,994,55,-29,236,95,94,0
2443922,185,185,0,87,596,-50,-737,932,-10,-37,235,111,95,0
2447241,185,185,0,0,575,81,-881,868,-28,-49,249,100,101,0
2450587,185,185,518,406,325,110,-982,804,-15,-56,240,93,99,0
2453922,186,186,0,0,164,58,-1135,724,13,-45,257,116,109,0
2457245,186,186,0,0,308,88,-1237,640,-1,-39,263,110,107,0
2460587,186,186,312,500,431,137,-1314,550,2,-37,261,104,94,0
2463922,187,187,0,87,587,83,-1403,451,-45,-21,259,116,100,0
2467248,187,187,0,87,581,-4,-1466,353,-74,-65,242,109,100,0
2470587,187,187,87,143,564,-85,-1413,266,-61,-68,220,100,97,0
2473922,188,188,12,218,477,-148,-1367,177,-109,-63,232,104,93,0
2477251,188,188,0,125,240,-222,-1401,82,-53,-64,217,105,98,0
2480609,188,188,87,143,55,-279,-1545,-10,-46,-41,221,100,97,0
2483943,188,188,368,537,-110,-312,-1665,-105,-97,-96,221,101,92,0
2487254,189,189,0,143,-437,-331,-1802,-208,-103,-44,210,113,97,0
2490613,189,189,12,143,-727,-367,-1924,-316,-100,-19,222,104,97,0
2493947,189,189,125,181,-903,-346,-2073,-422,-94,-30,206,98,95,0
2497258,190,189,0,500,-1110,-357,-2158,-525,-57,-14,191,108,94,0
2500613,190,190,106,143,-1241,-338,-2282,-635,-58,-20,216,99,97,0
2503947,190,190,68,162,-1298,-235,-2404,-749,-61,-16,214,101,96,0
2507262,191,190,0,181,-1293,-205,-2504,-860,16,12,246,106,95,0
2510613,191,191,31,200,-1072,-149,-2565,-970,3,27,223,103,94,0
2513947,191,191,106,125,-913,-119,-2683,-1084,-2,42,218,99,98,0
2517264,192,191,0,200,-814,-117,-2705,-1195,-33,15,220,105,94,0
2520614,192,191,0,612,-859,-140,-2710,-1301,-9,38,224,111,88,0
2523948,192,192,0,162,-909,-89,-2772,-1408,-51,3,234,107,96,0
2527267,192,192,0,312,-1032,-70,-2733,-1509,-48,25,227,107,88,0
2530613,193,192,0,706,-1133,-130,-2690,-1601,-65,7,225,112,83,0
2533948,193,192,0,612,-1436,-267,-2574,-1688,-18,26,218,112,88,0
2537270,193,193,0,218,-1644,-226,-2476,-1767,-33,41,193,111,93,0
2540614,194,193,0,425,-1809,-97,-2379,-1836,-8,37,228,115,82,0
2543949,194,193,0,706,-1851,0,-2117,-1893,124,40,313,116,83,0
2547274,194,193,0,500,-1009,281,-1836,-1935,0,36,246,114,94,0
2550614,195,194,0,256,-786,531,-1467,-1958,-109,38,203,119,91,0
2553948,195,194,0,781,-1241,952,-1181,-1967,-24,42,218,114,79,0
2557278,196,194,0,818,-1179,1160,-799,-1961,104,-27,338,113,77,0
2560636,196,194,0,537,-553,1013,-394,-1938,117,-35,348,114,92,0
2563949,196,195,0,368,174,662,-31,-1901,-23,-3,289,109,85,0
2567280,197,195,0,856,130,445,279,-1851,-56,-44,260,107,75,0
2570635,197,195,0,593,-122,153,566,-1789,63,-14,243,110,89,0
2574001,197,195,0,743,-136,-233,966,-1713,5,-27,220,104,92,0
2577283,197,196,12,443,-141,-415,1182,-1632,24,39,198,99,92,0
2580639,198,196,0,518,-18,-588,1384,-1546,-39,-13,195,99,88,0
2583972,198,196,0,443,-330,-874,1727,-1448,14,-29,193,91,92,0
2587286,198,196,256,706,-374,-1122,1768,-1345,131,-28,190,86,94,0
2590639,198,197,181,218,74,-1250,1868,-1234,104,-36,175,90,104,0
2593972,199,197,0,162,836,-1319,1846,-1120,74,0,163,97,107,0
2597290,199,197,0,125,1042,-1473,1792,-1004,38,6,152,86,109,0
2600640,199,198,406,200,897,-1664,1748,-885,50,4,140,78,105,0
2603973,199,198,200,181,766,-1773,1551,-769,42,73,108,89,106,0
2607293,200,198,0,200,875,-1583,1409,-654,113,38,227,97,105,0
2610639,200,199,87,31,1261,-1313,1602,-529,64,9,206,79,98,0
2613973,200,199,518,425,1534,-1095,1694,-397,-48,91,179,72,93,0
2617296,200,199,368,275,1280,-827,1731,-263,-30,70,211,80,101,0
2620640,201,199,0,350,1109,-488,1911,-120,36,48,276,89,97,0
2623973,201,200,200,106,932,-316,1790,20,31,49,284,73,94,0
2627299,201,200,687,481,831,-306,1829,162,35,38,277,63,90,0
2630640,201,200,406,162,874,-346,1736,303,15,55,291,78,107,0
2633973,201,201,387,0,1048,-414,1558,437,53,20,291,79,102,0
2637302,202,201,125,125,1258,-513,1383,564,-10,61,264,77,93,0
2640661,202,201,387,200,1232,-556,1129,680,-7,37,304,79,105,0
2643975,202,201,462,87,1211,-511,1000,788,57,40,303,75,111,0
2647306,202,202,368,0,1340,-468,622,882,-46,53,241,80,111,0
2650662,202,202,612,106,1189,-371,336,959,-63,47,203,83,110,0
2653998,203,203,87,0,1274,-124,68,1018,22,109,234,95,110,0
2657309,203,203,312,0,1524,30,-102,1061,16,85,236,83,107,0
2660665,203,203,350,0,1654,134,-302,1088,-62,124,163,81,108,0
2664001,203,203,575,218,1341,280,-511,1097,-21,75,148,85,104,0
2667313,204,204,68,0,1437,390,-650,1089,20,65,160,96,107,0
2670665,204,204,275,0,1730,485,-849,1064,-43,78,157,85,104,0
2674001,204,204,331,12,1677,659,-1113,1020,-26,58,177,82,99,0
2677315,204,205,537,200,1672,706,-1259,963,31,49,204,87,89,0
2680666,205,205,0,162,1914,664,-1310,892,-47,41,229,101,91,0
2684007,205,205,218,68,1904,597,-1469,809,-64,37,201,88,96,0
2687319,205,205,331,68,1788,591,-1570,717,0,41,204,82,96,0
2690665,205,206,537,143,1892,598,-1721,609,-21,27,249,87,92,0
2694008,206,206,0,162,1824,561,-1805,498,-41,23,203,100,91,0
2697322,206,206,181,68,1574,546,-1886,380,15,7,230,90,96,0
2700665,206,207,856,331,1517,490,-1962,261,-43,-33,243,123,135,0
2704008,207,207,0,50,995,348,-2111,139,53,-1,285,167,150,0
2707325,207,207,293,50,1049,319,-2256,14,147,23,274,137,150,0
2710666,208,208,425,218,2069,215,-2390,-108,-14,-30,220,130,141,0
2714008,208,208,425,143,2416,-25,-2350,-225,-151,-33,229,130,145,0
2717328,208,209,481,0,1570,-123,-2410,-351,-165,-79,259,127,145,0
2720666,209,209,143,0,569,-279,-2330,-476,-150,-5,255,129,144,0
2724008,209,210,725,0,-126,-377,-2084,-596,-112,-68,243,114,137,0
2727331,210,210,12,0,-356,-655,-2001,-718,-153,34,200,136,139,0
2730688,210,211,256,0,-1017,-569,-1683,-826,-78,24,193,123,129,0
2734008,210,211,537,106,-1456,-116,-1632,-935,-169,-101,164,124,131,0
2737334,211,212,0,87,-1932,-258,-1503,-1036,-25,-158,149,143,132,0
2740692,211,212,218,0,-1881,-692,-1361,-1127,-114,-64,149,125,131,0
2744009,212,212,0,0,-2144,-793,-957,-1200,-125,62,141,131,134,0
2747338,212,213,293,0,-2320,-592,-871,-1263,0,-28,95,121,130,0
2750693,213,213,0,0,-2070,-852,-682,-1315,-22,-108,126,127,134,0
2754009,213,214,0,0,-1451,-850,-95,-1338,62,87,195,128,127,0
2757341,213,214,443,0,-1122,-478,-69,-1350,-17,-50,208,113,125,0
2760692,214,214,0,68,-969,-357,172,-1347,-44,10,206,125,117,0
2764033,214,215,162,0,-974,-234,396,-1332,-99,-32,234,112,113,0
2767344,214,215,275,0,-1211,-38,602,-1303,-87,-84,252,106,108,0
2770693,215,215,0,275,-1533,-112,749,-1264,-2,-53,277,122,106,0
2774035,215,216,218,0,-1628,-271,888,-1216,-22,-64,307,109,107,0
2777348,215,216,256,50,-1396,-243,998,-1158,6,-108,301,107,102,0
2780693,216,216,162,425,-1209,-276,1032,-1091,11,-95,307,112,98,0
2784035,216,217,293,0,-1077,-218,984,-1021,-35,-122,334,105,105,0
2787350,216,217,312,50,-1186,-225,1017,-948,-10,-124,299,104,102,0
2790693,217,217,0,125,-1298,-310,1012,-871,17,-109,287,111,98,0
2794035,217,217,425,406,-1249,-354,982,-791,31,-77,261,98,99,0
2797354,217,218,387,0,-1157,-408,938,-708,76,-80,256,100,106,0
2800693,218,218,0,87,-925,-446,841,-625,59,-53,204,108,100,0
2804036,218,218,406,481,-501,-335,787,-542,80,-33,219,99,95,0
2807357,218,219,462,87,-29,-274,695,-459,32,-42,194,96,100,0
2810714,218,219,256,181,583,-261,752,-369,-40,17,144,107,95,0
2814035,219,219,0,293,765,-170,986,-268,-36,-42,196,111,89,0
2817360,219,219,462,650,366,-373,948,-164,-62,-4,154,96,86,0
2820718,219,220,275,181,-63,-555,871,-63,128,128,218,106,95,0
2824036,220,220,125,425,879,4,1104,46,-39,72,192,109,93,0
2827363,220,220,350,331,1572,366,1217,157,-125,-28,170,97,98,0
2830718,220,221,312,256,1143,17,1176,259,-186,-10,178,99,86,0
2834036,221,221,0,443,-168,-623,1287,361,-66,60,215,107,76,0
2837366,221,221,256,631,-432,-620,1430,459,153,56,219,102,82,0
2840718,221,221,331,181,536,-436,1427,554,129,23,150,98,106,0
2844036,222,222,0,0,1671,-354,1536,649,-102,55,134,102,103,0
2847369,222,222,31,181,1130,-512,1548,740,-163,28,183,98,90,0
2850718,222,222,575,443,85,-691,1470,816,103,71,230,85,92,0
2854061,222,222,331,237,191,-530,1387,887,161,84,264,98,103,0
2857373,223,223,0,0,1215,-291,1452,953,9,69,258,105,101,0
2860718,223,223,143,181,1654,-173,1429,1001,-8,116,250,92,90,0
2864064,223,223,612,425,1292,-179,1278,1043,-6,90,241,83,93,0
2867376,223,223,387,237,891,-168,1168,1074,24,70,213,95,103,0
2870718,224,224,0,12,859,-93,1054,1095,44,96,272,101,99,0
2874064,224,224,350,106,1037,144,933,1105,82,98,237,81,94,0
2877379,224,224,612,387,1248,195,812,1107,63,60,222,83,95,0
2880719,224,225,237,0,1376,47,693,1101,49,67,215,103,101,0
2884064,225,225,0,50,1425,-43,522,1086,37,58,206,103,97,0
2887383,225,225,593,331,1428,25,442,1068,45,9,165,84,98,0
2890741,225,226,368,0,1564,26,408,1050,62,24,140,96,107,0
2894065,226,226,0,0,1571,-51,305,1027,2,13,152,108,107,0
2897385,226,226,0,0,1187,-41,103,999,-17,32,173,103,106,0
2900742,226,226,481,387,797,-59,-58,966,11,1,207,90,95,0
2904065,226,227,237,0,709,-116,-161,932,102,-18,191,103,104,0
2907390,227,227,0,0,890,-149,-292,897,82,-71,204,110,103,0
2910742,227,227,68,31,1000,-152,-368,861,-26,-12,200,96,98,0
2914066,227,228,425,106,650,-131,-599,820,-22,-21,201,93,94,0
2917392,228,228,0,50,354,-149,-773,772,-17,-49,202,111,97,0
2920743,228,228,12,12,129,-74,-946,712,29,-46,223,99,99,0
2924066,228,228,125,125,97,156,-1097,648,18,-39,251,93,93,0
2927396,228,229,368,143,271,303,-1234,582,-41,-75,278,96,92,0
2930743,229,229,0,68,371,336,-1360,505,-47,-49,284,111,96,0
2934066,229,229,0,50,450,406,-1417,423,-82,-70,269,101,97,0
2937399,229,229,50,181,343,428,-1409,342,-73,-108,239,97,90,0
2940744,230,230,0,181,236,306,-1410,258,-56,-95,273,100,90,0
2944067,230,230,106,125,300,115,-1367,171,-79,-101,258,94,93,0
2947402,230,230,87,143,271,62,-1387,83,-156,-99,263,95,92,0
2950743,231,231,0,162,9,-3,-1409,-8,-101,-112,257,111,96,0
2954071,231,231,0,162,-231,-104,-1433,-102,-136,-76,261,118,96,0
2957405,231,231,0,143,-483,-130,-1557,-196,-65,-81,240,107,97,0
2960745,232,231,0,518,-662,-130,-1758,-294,-38,-74,207,106,93,0
2964074,232,232,0,68,-704,-206,-1949,-401,-120,-14,222,111,101,0
2967408,232,232,68,125,-906,-178,-2160,-513,-75,-46,232,101,98,0
2970744,232,232,68,200,-1137,-110,-2295,-624,-16,-5,165,101,94,0
2974077,233,233,0,218,-1233,-77,-2388,-736,-21,-24,211,105,93,0
2977411,233,233,106,87,-1268,-62,-2466,-846,-23,21,176,99,100,0
2980769,233,233,87,162,-1254,-70,-2643,-957,44,9,168,100,96,0
2984080,234,233,0,500,-1201,-56,-2731,-1068,33,11,186,106,94,0
2987414,234,234,0,68,-1170,-44,-2832,-1178,41,11,219,105,101,0
2990772,234,234,143,181,-998,-51,-2840,-1283,2,-11,232,97,95,0
2994084,234,234,31,293,-836,-38,-2864,-1387,-13,48,202,103,89,0
2997418,235,234,0,650,-1009,-39,-2898,-1490,-51,45,212,111,86,0
3000772,235,235,0,237,-1329,-111,-2962,-1592,-19,43,201,105,92,0
