Time, Rlegs, Llegs, DCL, DCR, GyroX, GyroY, GyroZ, GyroZAvg, AccelX, AccelY, AccelZ, LBEMF, RBEMF, SteerOut
2582,1309,1367,0,0,210,-127,-159,-159,-21,1,230,104,105,0
5916,1309,1367,0,0,211,-130,-159,-158,-24,2,227,104,104,0
9232,1309,1367,0,0,209,-125,-157,-158,-23,0,231,104,105,0
12582,1309,1367,0,0,209,-127,-159,-158,-22,1,223,104,105,0
15916,1309,1367,0,0,210,-124,-156,-158,-20,1,231,104,105,0
19236,1309,1367,0,0,207,-127,-159,-158,-20,-3,229,104,105,0
22581,1309,1367,0,0,211,-124,-159,-158,-21,2,229,103,104,0
25917,1309,1367,0,0,209,-127,-157,-158,-19,0,234,104,105,0
29239,1309,1367,0,0,211,-126,-159,-158,-20,0,228,104,105,0
32583,1309,1367,0,0,209,-128,-159,-158,-21,0,225,104,105,0
35917,1309,1367,0,0,209,-127,-159,-158,-20,-3,226,104,104,0
39243,1309,1367,0,0,208,-129,-161,-158,-22,2,232,104,104,0
42583,1309,1367,0,0,209,-129,-160,-158,-22,-1,231,104,105,0
45917,1309,1367,0,0,212,-131,-158,-158,-23,0,226,104,105,0
49245,1309,1367,0,0,212,-130,-159,-158,-21,0,224,104,104,0
52583,1309,1367,0,0,211,-128,-158,-158,-25,0,226,104,105,0
55917,1309,1367,0,0,211,-131,-157,-158,-25,0,230,104,105,0
59248,1309,1367,0,0,208,-128,-161,-158,-21,1,229,104,105,0
62583,1309,1367,0,0,209,-129,-158,-158,-22,0,232,104,105,0
65917,1309,1367,0,0,211,-129,-161,-158,-22,1,231,104,104,0
69252,1309,1367,0,0,211,-130,-157,-158,-20,1,226,103,104,0
72604,1309,1367,0,0,209,-126,-158,-158,-20,1,228,104,105,0
75941,1309,1367,0,0,207,-128,-158,-158,-19,-2,229,103,104,0
79255,1309,1367,0,0,207,-129,-159,-158,-21,0,224,104,105,0
82608,1309,1367,0,0,209,-129,-160,-158,-20,-2,228,104,104,0
85941,1309,1367,0,0,207,-129,-159,-158,-24,-1,230,104,105,0
89258,1309,1367,0,0,211,-128,-160,-158,-19,0,222,104,104,0
92608,1309,1367,0,0,210,-128,-157,-158,-20,1,221,104,104,0
95941,1309,1367,0,0,206,-129,-158,-158,-22,1,228,104,105,0
99261,1309,1367,0,0,208,-130,-157,-158,-23,0,226,104,104,0
102706,1309,1367,0,0,210,-127,-158,-158,-21,-1,230,104,104,0
105942,0,0,0,0,212,-130,-159,-158,-19,-1,229,104,105,0
109264,0,0,0,0,211,-130,-161,-158,-22,-1,231,104,105,0
112609,0,0,0,0,210,-128,-161,-158,-20,-1,229,104,105,0
115942,0,0,0,0,209,-125,-157,-158,-19,0,233,104,104,0
119268,0,0,0,0,211,-126,-160,-158,-23,-1,223,104,104,0
122608,0,0,0,0,212,-125,-160,-158,-19,-2,230,103,104,0
125942,0,0,0,0,210,-124,-159,-158,-23,-3,231,104,105,0
129271,0,0,0,0,214,-128,-160,-158,-21,-2,225,104,104,0
132609,0,0,0,0,210,-127,-159,-158,-26,0,226,104,105,0
135942,0,0,0,0,212,-127,-157,-158,-23,1,229,104,104,0
139274,0,0,0,0,212,-127,-158,-158,-19,0,229,104,105,0
142610,0,0,0,0,210,-129,-158,-158,-23,0,229,104,105,0
145943,0,0,0,0,209,-130,-160,-158,-22,0,225,104,104,0
149277,0,0,0,0,208,-130,-160,-158,-23,2,230,104,104,0
152631,0,0,0,0,206,-132,-159,-158,-25,0,233,104,104,0
155967,0,0,0,0,208,-129,-158,-158,-22,1,228,104,105,0
159281,0,0,0,0,209,-129,-159,-158,-20,-3,230,104,105,0
162634,0,0,0,0,208,-128,-158,-158,-18,0,230,104,104,0
165970,0,0,0,0,207,-130,-160,-158,-23,2,228,104,105,0
169284,0,0,0,0,210,-128,-158,-158,-22,-2,227,104,104,0
172634,0,0,0,0,210,-126,-157,-158,-21,-2,230,104,105,0
175972,0,0,0,0,212,-127,-160,-158,-18,-2,226,104,105,0
179287,0,0,0,0,207,-125,-159,-158,-22,0,228,104,104,0
182635,0,0,0,0,208,-126,-159,-158,-24,-2,224,104,105,0
185976,0,0,0,0,209,-129,-159,-158,-22,0,227,103,104,0
189290,0,0,0,0,209,-128,-161,-158,-18,-2,233,104,105,0
192634,0,0,0,0,209,-130,-159,-158,-24,1,227,103,104,0
195977,0,0,0,0,212,-127,-158,-158,-20,0,228,104,105,0
199293,0,0,0,0,209,-129,-160,-158,-20,0,229,104,105,0
202855,0,0,0,0,209,-129,-158,-158,-21,0,226,103,105,0
205980,0,1,0,0,207,-132,-159,-159,-139,-4,200,477,508,0
209296,1,1,1156,1493,-116,-450,-252,-161,-84,9,206,236,218,0
212638,1,2,1231,668,-356,-512,-397,-169,46,11,247,264,278,0
215979,2,2,631,687,254,-722,-306,-173,-73,39,173,296,293,0
219300,3,3,743,593,594,-860,-305,-178,-256,28,159,306,314,0
222639,4,4,518,518,-268,-215,-412,-186,-57,50,223,318,318,0
225980,5,5,875,818,-179,203,-303,-190,-185,-80,173,315,318,0
229303,6,6,237,406,-992,592,-178,-191,-147,60,488,324,315,0
232660,6,7,1081,725,-1340,430,92,-183,-190,-64,266,295,298,0
235980,7,8,1268,1268,-1375,-500,238,-171,-129,-115,571,301,285,0
239306,8,8,1062,1568,-1638,-1568,647,-145,-3,34,522,312,285,0
242663,9,9,931,1643,-1867,-2686,1002,-109,-193,-1,426,319,281,0
245980,10,10,1268,1850,-2112,-3380,1275,-64,-17,215,487,317,286,0
249309,11,11,1381,1587,-1141,-3266,1368,-17,177,399,225,311,300,0
252691,11,12,2262,1831,67,-2096,1374,30,-25,422,457,321,328,0
255981,13,12,1531,1756,1097,-691,1514,83,-187,371,263,344,348,0
259313,14,13,1550,1981,-76,-174,1512,135,-201,249,258,359,336,0
262664,15,14,1043,1981,-760,467,2061,204,-158,175,39,386,352,0
266006,16,16,650,987,-1077,1321,3086,305,-152,57,111,407,389,0
269316,17,17,781,781,-2560,1217,3358,415,207,-274,-102,416,416,0
272664,18,18,237,631,-1231,42,3388,526,475,-54,5,445,424,0
276007,20,20,481,331,2756,-706,2810,619,-65,74,212,432,440,0
279319,21,21,387,0,2941,-1600,1906,683,60,-176,46,422,443,0
282664,22,22,706,481,3353,-1973,1553,737,278,87,-172,421,433,0
286007,24,24,237,331,4990,-2113,2225,811,-133,44,-25,430,425,0
289322,25,25,237,0,4680,-1348,2060,881,-222,245,-35,430,448,0
292665,27,26,237,500,3486,-58,1356,928,-10,207,-34,430,432,0
296007,28,28,200,218,2866,469,874,961,56,-60,148,432,431,0
299325,29,29,350,87,2506,647,702,987,-180,67,-237,424,438,0
302665,30,30,912,1250,2208,669,775,1017,-178,-207,-24,425,407,0
306007,32,32,987,1212,729,-375,644,1042,194,192,594,405,393,0
309328,33,33,1193,1775,753,-1109,1149,1083,-82,254,261,410,379,0
312686,34,34,1568,1512,-37,-797,1838,1145,-511,751,171,390,393,0
316007,35,35,2075,1625,-3728,64,1836,1210,-247,179,320,379,403,0
319332,37,36,2337,1662,-5712,898,1952,1284,505,483,596,365,401,0
322689,38,38,2318,1118,-3814,1479,2228,1363,470,517,587,366,430,0
326008,39,39,2206,593,-914,2817,1805,1429,362,244,485,372,458,0
329335,40,40,2075,218,3898,2148,937,1471,619,173,673,354,453,0
332690,41,42,1718,331,5890,566,824,1506,-1215,-80,-353,389,447,0
336008,42,43,1100,800,1315,-148,420,1525,-23,263,507,422,422,0
339338,44,45,0,781,1884,1494,74,1524,574,-36,-53,483,423,0
342690,45,46,500,275,3722,3447,555,1534,-215,-498,-118,454,450,0
346009,47,47,162,556,2858,3029,1943,1575,-409,-58,-4,456,435,0
349342,48,49,500,50,-1535,284,2298,1615,-223,155,66,438,446,0
352690,49,50,1250,1118,-2920,946,1736,1630,-499,331,31,439,430,0
356033,51,51,1043,1343,-3249,1772,1470,1633,-2,-488,788,434,418,0
359344,52,53,931,1643,-1973,-81,1649,1641,-617,195,582,456,402,0
362691,53,54,1175,2225,-2499,-1540,2320,1667,-297,259,751,443,371,0
366036,55,55,1475,2393,-4673,-1956,2138,1686,-247,117,695,427,378,0
369348,56,56,1718,2150,-5544,-3316,1335,1663,-195,325,736,414,391,0
372690,57,57,2262,2018,-5168,-3442,609,1586,463,180,487,401,414,0
376037,59,58,1325,1437,-2265,-1747,88,1484,299,307,64,435,445,0
379351,60,60,837,743,553,-407,-84,1375,-228,-38,346,446,451,0
382691,61,61,687,631,698,-600,-236,1280,4,-122,177,470,473,0
386036,63,63,706,650,970,-188,-61,1219,15,-379,-149,453,456,0
389354,64,64,425,612,1644,-1156,250,1178,626,87,4,468,458,0
392714,66,66,556,368,4016,-1991,-154,1104,563,-31,555,461,471,0
396037,67,67,743,406,7817,-2406,-691,1018,-171,-147,95,451,469,0
399357,69,69,650,293,9483,-3099,-925,946,-241,-188,-319,472,475,0
402715,70,70,912,762,6612,-3219,-824,893,146,221,-285,457,465,0
406037,72,72,50,781,3682,-2451,-1485,825,-496,222,161,503,464,0
409361,73,73,350,1006,2213,-1944,-1752,746,-347,264,13,487,452,0
412714,75,75,912,1381,1180,-1725,-1860,668,-32,176,-63,457,432,0
416037,76,76,1137,1643,816,-1858,-1835,574,32,64,482,445,418,0
419364,77,78,1212,1718,1373,-1653,-1157,481,-357,252,474,441,414,0
422715,79,79,1362,1268,-433,-365,-1197,386,-152,310,51,433,438,0
426066,80,80,1343,893,-2503,-15,-982,294,-217,64,279,425,449,0
429367,82,82,1268,556,-4636,263,-828,199,-170,159,303,429,451,0
432715,83,83,1043,500,-4467,1210,-887,115,239,414,7,425,454,0
436038,84,85,1137,50,-2918,2326,-648,65,70,56,91,420,462,0
439371,86,86,1006,462,-2383,2864,-451,25,-291,-94,53,443,456,0
442716,87,87,406,575,-3679,2311,63,14,-42,181,-103,459,450,0
446039,88,89,443,0,-2589,2292,-237,5,72,-390,-320,457,467,0
449374,90,90,556,462,-2438,2699,-402,-24,241,-295,-85,451,456,0
452716,91,92,893,256,-3536,2910,474,-70,-192,-57,-26,458,476,0
456043,93,94,968,481,-3272,3276,975,-112,-249,144,48,454,464,0
459376,94,95,968,518,-916,2753,545,-149,-13,258,215,454,462,0
462716,96,96,1043,1193,-69,2657,322,-185,515,-117,575,450,442,0
466046,97,98,1343,1493,2300,3043,1237,-198,-544,-239,623,434,410,0
469380,98,99,1418,1868,244,468,1563,-221,-561,-250,917,430,390,0
472716,100,100,1287,2187,-3106,-2277,1517,-241,177,154,1016,437,389,0
476067,101,101,1193,1906,-3862,-3563,1218,-244,458,337,568,443,405,0
479383,102,103,912,1493,194,-2580,1142,-228,883,532,267,458,427,0
482740,104,104,237,425,4052,-672,1310,-190,249,328,361,478,468,0
486052,105,106,68,406,5612,827,975,-156,-598,-74,32,503,469,0
489386,107,107,237,275,3033,145,203,-143,148,-47,-51,478,476,0
492744,109,109,0,575,4420,-98,-88,-144,337,-55,-230,494,460,0
496056,110,110,293,518,6212,-110,98,-148,-196,-76,-22,475,463,0
499390,112,112,462,781,4657,-473,-592,-162,-300,-376,222,466,449,0
502744,113,113,931,950,3052,-1071,-829,-166,-344,-275,-159,456,455,0
506059,114,114,743,1118,1661,-2241,-933,-167,-121,60,192,466,446,0
509393,116,116,818,1212,-973,-2449,-1189,-178,-266,298,312,446,425,0
512750,117,117,856,987,-3220,-989,-1767,-187,19,384,360,460,453,0
516061,119,119,950,1006,-4405,1281,-2428,-208,154,413,209,455,452,0
519396,120,120,1456,237,-4208,2869,-2996,-243,809,-25,787,428,493,0
522750,121,122,2562,125,-1258,2012,-2822,-274,473,-29,962,385,499,0
526065,122,124,1850,0,1928,1048,-2488,-316,-262,4,651,398,482,0
529399,124,125,1343,0,3116,-659,-1975,-340,-232,-158,116,425,477,0
532750,125,127,1100,0,929,-1090,-1461,-355,-10,-219,119,438,465,0
536068,126,128,781,312,-316,-1026,-1185,-366,420,80,-310,455,448,0
539402,128,129,687,593,2060,-1156,-1120,-374,410,-124,-124,444,433,0
542750,129,131,725,462,2936,-292,-1338,-395,122,-108,-179,458,440,0
546071,131,132,556,368,1521,479,-1024,-413,-257,-90,-218,451,445,0
549405,132,134,575,200,1138,-254,-314,-425,-554,123,96,450,454,0
552750,134,135,1081,631,-753,-131,-376,-429,-35,21,-60,448,456,0
556074,135,136,631,612,-2911,339,-873,-444,201,85,-192,472,457,0
559408,137,138,518,350,-805,2088,-616,-478,-102,395,558,478,455,0
559408,137,138,518,350,-805,2088,-616,-478,-102,395,558,478,455,0
562751,138,139,781,1062,-986,2760,-487,-524,-737,-226,580,464,433,0
566078,140,141,331,1512,-3986,1571,78,-538,53,-157,843,488,409,0
569412,141,142,593,1568,-5417,-550,434,-535,-384,14,480,474,406,0
572751,143,143,818,1550,-5852,-1412,754,-550,361,391,485,462,423,0
576080,144,145,237,743,-3161,-1602,1318,-557,727,-16,298,478,435,0
579415,146,146,0,12,752,-1088,1241,-566,382,-29,-52,496,474,0
582751,147,148,275,462,2310,-230,549,-587,-243,127,-278,476,450,0
586084,149,149,0,350,1570,89,324,-613,-426,234,127,501,456,0
589418,150,151,0,593,601,294,19,-653,222,-24,-27,478,443,0
592776,152,152,312,631,2365,-38,-160,-688,583,-69,235,458,441,0
596087,153,153,443,293,3833,-634,-275,-703,-185,-159,256,451,459,0
599422,155,155,1100,725,3616,-1133,-388,-713,-240,-233,100,447,451,0
602778,156,156,612,687,1793,-1844,-723,-738,-21,31,284,457,453,0
606090,157,158,893,968,366,-1606,-1000,-751,-605,19,190,458,438,0
609425,159,159,725,612,-1081,-10,-1228,-764,362,353,169,451,457,0
612777,160,161,1212,1025,-1571,2079,-1663,-786,137,-61,607,441,435,0
616093,162,162,1437,631,-443,2508,-1717,-803,309,-113,1041,413,456,0
619428,163,163,1831,931,1858,1331,-1568,-797,57,94,945,392,440,0
622778,164,165,2131,106,3865,428,-1730,-775,-36,-117,821,392,484,0
626097,165,166,1437,0,3504,-1184,-1438,-726,212,-83,356,404,467,0
629432,167,168,1250,0,1436,-1717,-1338,-680,72,46,453,414,462,0
632778,168,169,481,143,2510,-1669,-533,-619,212,59,141,455,457,0
636100,169,171,668,125,3265,-1296,-374,-569,122,211,-598,445,442,0
639434,171,172,350,350,1979,352,193,-517,-130,-34,-374,462,430,0
642778,172,174,668,68,1895,811,-242,-487,-7,-152,162,445,445,0
646103,173,175,856,50,2055,-998,-12,-453,-127,-60,23,435,446,0
649437,175,177,1437,1156,774,-1270,268,-403,-270,185,-356,429,428,0
652778,176,178,706,237,-1274,-505,460,-356,-119,283,95,468,461,0
656106,178,179,706,837,-1713,491,-311,-356,-283,130,260,468,445,0
659440,179,181,556,312,-1661,2049,-420,-358,-250,-4,-57,476,457,0
662779,181,182,893,1306,-3195,2903,117,-327,-395,-317,47,458,420,0
666109,182,184,1062,1175,-5543,1855,370,-296,-520,347,408,449,411,0
669445,184,185,912,1175,-6976,764,336,-270,288,-209,617,457,411,0
672779,185,186,950,1250,-6191,-969,415,-260,541,1,228,455,423,0
676112,187,188,87,425,-2586,-2151,602,-254,562,-23,151,470,436,0
679447,188,189,706,481,838,-1869,1054,-245,109,49,82,453,449,0
682804,189,190,106,406,2162,-501,750,-263,-500,-153,-239,485,453,0
686116,191,192,0,162,-1040,-613,34,-300,-58,31,-207,479,450,0
689450,192,193,518,331,-389,-586,-131,-322,418,-100,96,463,457,0
692808,194,195,0,87,892,-940,-286,-341,428,-87,131,477,454,0
696119,195,196,387,406,976,-1474,-689,-363,308,-93,103,470,453,0
699453,197,198,1325,1512,1032,-1628,-798,-383,-327,133,259,467,457,0
702811,199,199,800,1250,911,-1118,-680,-395,-146,273,393,495,471,0
706122,200,201,1100,856,853,136,-766,-407,408,-134,425,479,476,0
709456,201,202,1325,781,290,1500,-911,-413,-23,-25,610,467,480,0
712812,203,204,1906,1381,511,2979,-675,-403,106,55,1152,436,448,0
716125,204,205,2581,668,3424,2556,42,-363,502,-225,1354,400,486,0
719460,205,207,2712,1156,5156,748,-189,-317,60,-331,1169,409,476,0
722844,207,208,1550,650,5490,-1128,214,-257,-473,182,550,446,478,0
726129,208,210,1756,31,3366,-2800,84,-205,14,354,386,435,495,0
729463,210,211,1662,0,3664,-2628,54,-150,14,403,193,440,515,0
732816,211,213,612,0,4254,-2033,807,-79,-472,357,-246,480,490,0
736133,213,215,387,237,2908,-1308,697,-16,-82,53,-417,492,468,0
739466,214,216,687,406,1301,-659,834,26,439,-120,198,476,459,0
742816,216,218,0,256,2612,-540,802,63,-684,-467,385,499,451,0
746135,217,219,687,668,984,-2570,1351,99,-422,99,-103,476,445,0
749470,219,220,1231,950,-2298,-1959,1346,149,375,314,-449,472,455,0
752817,220,222,1062,556,-1932,-832,1168,185,-148,211,-17,481,476,0
756138,222,223,106,781,-1869,597,655,198,-262,152,450,516,464,0
759472,223,225,668,481,-3085,1835,525,200,168,4,15,486,464,0
762817,225,226,893,1118,-3350,2198,861,236,-215,281,-198,474,446,0
766142,226,228,912,950,-3476,3400,1230,288,-201,165,271,473,439,0
769476,228,229,650,443,-2973,4189,806,309,477,-329,259,487,482,0
772845,230,231,12,143,-1863,3499,1142,333,451,-420,233,506,483,0
776144,231,232,331,500,696,2285,1312,364,5,331,-237,489,464,0
779479,233,234,256,237,924,2646,813,376,-166,224,-206,493,462,0
782817,234,235,612,556,830,3148,-104,354,568,-67,428,474,461,0
786149,236,237,0,162,4121,3094,65,323,306,-229,165,506,466,0
789482,237,238,237,0,5416,2543,93,303,-564,43,-355,478,478,0
792839,239,240,275,68,3089,2610,-521,285,-396,219,-93,476,471,0
796151,240,241,556,368,1101,3003,-1382,246,-729,344,18,461,455,0
799485,242,243,0,968,-959,2670,-1509,208,-152,-116,301,490,438,0
802841,243,244,800,1625,-2543,2373,-1718,176,-183,-321,286,463,403,0
806154,245,245,950,1718,-3236,1297,-2053,137,-437,-437,650,439,398,0
809488,246,246,1850,2037,-2538,-1648,-1705,105,499,-199,843,407,397,0
812842,247,248,1906,1081,-1063,-4624,-2675,45,-366,-459,489,420,448,0
816157,249,249,1456,875,-1589,-8455,-2095,8,-239,178,808,428,459,0
819492,250,251,1587,87,-497,-8358,-1484,-16,830,21,596,421,485,0
822843,251,252,687,0,3137,-7032,-576,-36,208,236,318,460,490,0
826160,253,254,256,0,4654,-4353,1057,2,-104,421,65,467,499,0
829495,254,256,218,0,4363,-1744,1264,35,-175,125,461,469,472,0
832843,256,257,293,0,3399,-496,2049,97,-544,-44,172,465,474,0
836164,257,259,406,200,596,-868,1768,150,-160,-272,-300,459,454,0
839498,259,260,293,218,-1423,94,1194,162,-295,479,-28,465,437,0
842843,260,261,612,443,-1655,1513,465,155,118,155,182,448,441,0
846167,261,263,725,218,-2481,2607,1484,175,385,96,190,442,437,0
849502,263,264,893,612,-2506,3571,1600,200,-169,-292,125,442,441,0
852843,264,266,912,687,-2577,3825,1546,206,-473,-153,460,457,437,0
856170,266,267,837,1137,-5029,2309,1897,224,92,-437,753,445,413,0
859504,267,268,837,1887,-5156,566,2285,259,-38,-387,627,461,389,0
862844,269,269,1137,1662,-4774,-839,2596,319,-110,148,601,445,417,0
866173,270,271,950,1118,-3008,-2445,2818,391,551,-47,487,455,430,0
869508,271,272,1400,725,-169,-2518,2641,446,322,-22,77,431,451,0
872865,273,274,443,162,1516,-1272,2538,487,-237,184,24,467,466,0
876176,274,275,162,181,3130,313,2363,536,103,113,-265,482,465,0
879511,276,276,143,331,3329,372,2267,571,285,131,-69,467,457,0
882868,277,278,0,312,3842,102,1895,589,2,-79,233,492,458,0
886181,279,279,200,593,5374,-98,1946,625,44,-39,70,464,443,0
889514,280,281,668,218,7297,-300,1655,680,424,-4,33,455,463,0
892869,282,282,406,462,7494,-1381,1312,719,-398,-253,126,453,450,0
896183,283,284,1006,762,3342,-2467,763,740,-673,135,-29,452,449,0
899517,285,285,612,837,889,-2181,428,769,-97,4,-63,473,445,0
902869,286,286,893,1231,528,-1760,199,819,-447,200,-121,458,440,0
906186,288,288,256,1043,-3436,-1073,-244,858,-1,283,172,476,434,0
909520,289,289,706,762,-3971,758,-1006,881,-178,300,416,452,449,0
912868,290,291,1606,518,-4524,2481,-1744,890,378,-1,585,420,462,0
916189,291,292,2431,181,-2949,2075,-1949,883,416,-19,663,376,480,0
919524,293,294,2337,0,-629,656,-1699,913,107,-12,958,381,499,0
922870,294,295,1550,0,2301,-930,-1897,919,-488,14,541,398,483,0
926192,295,297,1287,0,2633,-2388,-1013,934,-242,141,358,412,462,0
929527,296,298,875,462,467,-2330,-879,924,204,259,91,450,440,0
932870,298,300,368,500,858,-1371,-1285,851,563,316,46,461,422,0
936196,299,301,425,68,4182,394,-1295,771,-149,75,-406,458,445,0
939530,301,302,631,312,3723,1172,-1492,661,-347,-235,-302,447,448,0
942870,302,304,650,0,18,246,-1109,571,-188,-101,282,446,454,0
946199,303,305,1287,875,-1115,655,-512,517,-323,-8,96,453,443,0
949558,305,307,687,612,-2916,1675,-883,475,-164,-197,-89,469,441,0
952891,307,308,368,912,-3398,2156,-604,410,83,-62,579,486,441,0
956202,308,309,425,950,-2418,2451,-657,340,-731,-167,619,483,439,0
959561,309,311,1100,1381,-5256,1148,-172,286,-144,-501,470,463,416,0
962895,311,312,612,1868,-6493,-461,770,251,6,-137,588,473,390,0
966205,312,313,781,1325,-5289,-1556,1217,217,390,-1,626,464,419,0
969564,314,315,650,1081,-3200,-2084,1656,188,534,-31,362,471,432,0
972894,316,316,0,387,-630,-1588,1778,155,-262,111,-25,498,454,0
976209,317,318,162,237,786,-263,1112,108,-87,179,283,482,462,0
979566,319,319,87,462,2071,546,777,53,-414,93,-64,470,450,0
982895,320,320,0,500,2129,547,743,2,154,-233,13,482,448,0
986212,321,322,125,443,1552,-133,540,-51,657,-133,447,484,451,0
989570,323,323,406,256,4183,-369,327,-100,53,116,95,453,461,0
992895,324,325,781,125,5750,-825,197,-155,-222,-291,70,449,468,0
996215,326,326,800,706,3979,-1915,-109,-210,-509,-182,131,447,452,0
999573,327,328,781,650,1038,-2377,-175,-256,-171,-24,65,464,455,0
1002896,329,329,537,1006,-297,-1417,-416,-293,-251,227,113,461,436,0
1006218,330,330,575,1025,-1576,792,-613,-326,399,235,244,459,435,0
1009577,331,332,1306,781,-1734,2371,-1177,-369,149,-49,822,436,448,0
1012896,333,333,1606,575,-1301,2782,-1321,-402,552,-52,974,404,459,0
1016221,334,335,2150,650,1771,1139,-1627,-422,411,-122,954,391,455,0
1019606,335,336,1925,181,3275,-861,-1893,-426,-428,3,492,394,471,0
1022896,336,338,1831,0,2486,-2157,-1791,-421,-311,443,339,399,465,0
1026224,338,339,1475,12,1836,-2661,-1647,-420,-234,284,465,402,464,0
1029583,339,341,762,0,2662,-2399,-770,-385,388,113,-303,440,451,0
1032917,341,342,0,518,2666,-1841,-638,-373,181,281,-360,484,437,0
1036228,342,344,425,518,2924,634,-363,-357,-42,-107,302,458,437,0
1039586,343,345,256,31,3192,721,-644,-337,-123,-310,243,467,447,0
1042921,345,346,800,650,1656,-1308,-479,-311,-267,110,-248,438,430,0
1046231,346,348,875,518,-577,-820,-189,-271,-198,329,118,459,446,0
1049586,348,349,612,1062,-1592,403,-181,-242,61,-85,-81,473,433,0
1052921,349,350,687,575,-1818,1406,-793,-250,-138,62,-120,469,459,0
1056234,351,352,106,368,-2877,2691,-836,-249,-195,124,8,484,454,0
1059587,352,353,893,1043,-3919,3595,-489,-245,-246,-162,340,458,434,0
1062921,354,355,481,1193,-5209,2728,-90,-228,-103,-396,596,464,410,0
1066238,355,356,968,1681,-6993,1214,-105,-225,5,-60,420,454,400,0
1069615,356,357,631,1231,-6140,-799,-147,-254,675,-51,338,473,425,0
1072922,358,359,537,556,-2388,-1463,524,-276,905,5,165,462,445,0
1076240,359,360,631,162,2476,-446,616,-308,-355,-91,-208,457,466,0
1079588,361,362,406,387,1131,666,36,-363,-525,-28,-135,469,454,0
1082921,362,363,218,256,-1152,362,-594,-416,326,-2,214,479,461,0
1086244,364,365,331,462,733,38,-727,-463,447,-7,8,457,450,0
1089587,365,366,106,368,2260,-367,-1064,-519,-492,14,-86,485,455,0
1092922,367,367,331,368,1031,-605,-1429,-581,-298,-228,119,457,455,0
1096248,368,369,537,387,143,-747,-1458,-637,322,26,446,461,453,0
1099588,370,370,706,856,-277,-632,-1614,-693,467,-99,539,452,444,0
1102923,371,372,931,650,-4,562,-1827,-747,-35,23,521,440,439,0
1106250,372,373,2075,687,1189,1603,-964,-772,689,-26,1088,395,453,0
1109588,373,374,2843,1418,4413,1465,182,-753,531,-325,1346,370,430,0
1112923,375,376,1643,1006,6524,627,601,-715,-249,-185,1081,418,436,0
1116254,376,377,1850,668,5008,-495,927,-649,-437,-248,1018,407,454,0
1119613,377,379,968,0,2327,-1829,398,-596,222,-245,449,445,471,0
1122944,379,380,593,0,2775,-3368,481,-530,276,147,189,449,478,0
1126256,380,382,762,0,4961,-3073,987,-440,-67,233,204,440,476,0
1129614,381,383,706,0,5383,-2536,1478,-338,-456,130,-176,459,466,0
1132947,383,385,481,387,970,-1640,1274,-246,21,170,-68,455,428,0
1136260,384,386,425,368,18,-1057,592,-204,348,-185,277,458,429,0
1139613,386,387,387,575,1494,-1352,1374,-141,-260,-61,501,460,434,0
1142948,387,389,518,125,1576,-2719,1908,-70,-446,-179,-410,453,442,0
1146263,389,390,518,406,-1757,-2869,1886,8,-56,129,-399,462,452,0
1149613,390,392,875,237,-2359,-2054,1383,66,272,281,370,459,461,0
1152947,392,393,12,406,-933,49,1104,107,-99,-50,222,489,452,0
1156266,393,395,781,631,-1987,1168,1011,144,-124,-100,66,464,456,0
1159613,394,396,1118,987,-3150,1523,1058,202,-282,234,82,462,437,0
1162948,396,397,706,837,-3740,2631,1005,259,-83,22,274,468,445,0
1166270,397,399,968,593,-3393,4003,1069,308,-21,-86,-66,454,442,0
1169614,399,400,406,518,-2714,4126,644,331,109,-164,-172,469,447,0
1172948,400,402,237,406,-2043,2774,710,357,307,-102,114,478,437,0
1176272,402,403,350,0,-608,2121,999,392,97,38,259,456,468,0
1179614,403,405,87,312,33,2501,688,397,31,29,-191,486,442,0
1182949,405,406,312,0,760,2878,27,379,190,184,-100,458,463,0
1186276,406,407,500,650,2570,3030,1,378,-165,100,-119,464,440,0
1189615,408,409,125,0,4155,2765,-17,396,-38,-73,126,468,464,0
1192980,409,410,1943,1793,2595,2899,-716,396,-124,-105,4,450,442,0
1196279,411,412,912,1062,366,3267,-1337,388,-539,116,74,489,465,0
1199636,412,413,837,1493,-1972,2993,-1736,378,-416,32,231,509,458,0
1202972,414,415,1156,1700,-2558,1398,-1853,366,113,-662,494,476,431,0
1206282,415,416,1700,1887,-2476,-1669,-1792,360,-68,-646,726,447,421,0
1209639,416,417,2656,1775,-3403,-5130,-2111,351,-66,-127,921,412,443,0
1212972,418,419,2450,743,1241,-7351,-2131,315,290,229,924,407,482,0
1216285,419,420,2712,800,3636,-7845,-1061,276,-150,67,553,409,495,0
1219639,420,422,1362,0,3332,-7111,286,266,-154,400,1020,456,513,0
1222973,422,423,650,106,4311,-4660,1232,276,295,385,719,478,491,0
1226288,423,425,1381,125,5272,-2320,1321,305,150,408,-77,455,490,0
1229640,425,427,818,0,4576,-867,2103,355,96,-127,-443,469,486,0
1232972,426,428,687,106,2940,-903,1814,381,13,-2,-253,476,475,0
1236293,428,430,743,312,2220,-1161,1882,394,-351,-363,178,473,464,0
1239640,429,431,275,781,2000,72,865,381,-136,96,141,498,439,0
1243001,431,433,1175,875,713,1365,1595,412,-211,107,-363,475,459,0
1246296,432,434,818,537,-496,1887,2169,437,-443,88,-215,494,477,0
1249640,434,436,1081,725,-1674,2396,2286,449,-252,2,110,480,467,0
1252973,436,437,425,350,-3501,2669,1542,438,217,-122,382,499,487,0
1256298,437,439,762,331,-3337,3643,1424,440,-307,-18,-104,481,472,0
1259640,439,440,1081,1493,-4855,3960,2150,472,-265,-266,-79,464,426,0
1262974,440,441,987,1643,-6681,1653,2348,514,-343,-141,151,469,418,0
1266301,442,443,387,1156,-7162,-122,1806,537,518,-250,231,501,444,0
1269641,443,444,0,368,-5476,-786,2264,577,1047,-250,270,508,471,0
1272974,445,446,443,181,-777,382,2717,628,-11,441,-83,483,481,0
1276304,446,448,593,725,-223,1646,2668,691,-810,261,52,475,452,0
1279662,448,449,125,0,-1836,1908,1507,716,666,-280,24,484,489,0
1282974,450,450,0,368,420,1630,1263,725,590,-122,-64,496,471,0
1286308,451,452,143,162,2318,1666,1125,738,-178,-299,-202,483,466,0
1289665,453,453,387,612,-125,1672,516,754,-264,107,160,470,458,0
1292999,454,455,725,668,-1156,909,119,757,-85,-98,151,467,454,0
1296311,456,456,743,781,-830,-614,363,769,453,-153,408,466,448,0
1299665,457,458,1231,1118,1705,-1069,419,805,584,65,999,440,430,0
1303001,458,459,2093,1137,7259,-992,1221,885,207,-341,1029,394,429,0
1306314,459,460,2506,1250,7694,-1989,1821,996,-98,-272,833,388,439,0
1309665,461,462,1550,668,5866,-2774,2512,1132,-379,35,879,423,454,0
1313006,462,463,893,1456,3569,-3442,2533,1267,-246,-91,967,474,428,0
1316317,464,465,987,200,3251,-4284,2369,1407,423,207,395,469,479,0
1319666,465,466,950,0,4907,-4192,2733,1559,25,282,-124,446,486,0
1323008,466,468,968,0,6189,-2432,2652,1675,-793,226,-104,445,500,0
1326320,468,470,593,0,3661,-2058,2683,1750,-556,101,388,449,472,0
1329666,469,471,331,256,885,-1742,1623,1762,216,-103,223,479,451,0
1333008,471,472,218,612,86,-848,953,1751,-308,-40,-162,469,432,0
1336324,472,474,537,106,-1454,-348,1338,1727,-287,42,-36,452,443,0
1339667,474,475,462,781,-2641,-377,1755,1725,-18,-26,134,456,423,0
1343009,475,476,1100,725,-2820,34,2015,1729,-304,112,-251,447,451,0
1346328,477,478,781,350,-4617,942,1709,1756,-253,252,103,464,455,0
1349667,478,480,893,237,-5155,1714,1073,1739,53,-80,408,458,461,0
1353008,479,481,1006,181,-5411,2751,814,1697,-3,97,90,452,464,0
1356330,481,482,1343,687,-5657,3805,755,1649,282,102,28,434,453,0
1359688,482,484,837,293,-2833,4102,446,1615,338,205,390,461,458,0
1363008,484,485,1175,612,44,3629,-176,1565,120,-132,257,443,457,0
1366333,485,487,706,406,656,2657,618,1517,-193,-171,-55,468,452,0
1369691,487,488,387,612,-200,2075,1022,1476,-418,150,-231,470,442,0
1373009,488,490,387,387,-2199,2311,583,1437,268,3,378,470,438,0
1376337,490,491,425,575,-501,2313,112,1370,961,-203,32,468,428,0
1379692,491,492,500,425,2938,2196,449,1299,-123,78,-182,464,452,0
1383009,493,494,0,312,3796,2232,-388,1204,-654,226,123,482,442,0
1386340,494,495,200,0,1843,2651,-1110,1122,-391,-138,290,464,469,0
1389692,495,497,275,425,327,2541,-1654,1031,436,-438,191,476,436,0
1393009,497,498,443,743,-767,1567,-1522,948,-545,-567,280,466,434,0
1396343,498,499,1118,1831,-1285,302,-1763,877,-151,-656,672,446,392,0
1399693,500,500,1587,1681,-1426,-1929,-1639,822,693,-323,966,405,400,0
1403035,501,502,2412,1512,977,-3445,-1958,749,141,-115,1086,377,409,0
1406346,502,503,2168,687,3279,-3762,-1491,690,45,75,1166,390,453,0
1409692,503,505,1793,350,4546,-4592,44,653,-470,48,714,426,471,0
1413035,505,506,1006,143,4101,-4354,1268,636,-44,227,520,452,482,0
1416349,506,508,500,312,4518,-3754,1872,616,54,112,514,470,464,0
1419693,507,509,1137,31,5898,-3075,2160,604,476,170,88,436,463,0
1423036,509,511,537,0,6992,-2065,2635,612,-425,130,-419,452,464,0
1426353,510,512,650,0,3974,-2237,2837,616,-360,107,-188,446,454,0
1429693,512,514,406,31,2826,-2477,1989,595,225,93,112,459,447,0
1433035,513,515,462,350,3170,-1465,1783,567,220,-99,40,456,430,0
1436356,515,516,312,406,2694,95,2190,584,-429,-256,-113,464,427,0
1439694,516,518,593,162,917,-164,2497,633,-252,49,-249,449,440,0
1443036,517,519,725,350,-694,-655,1774,646,-139,191,-286,467,455,0
1446359,519,520,743,837,-1686,900,1401,635,-13,131,-161,466,445,0
1449718,520,522,687,12,-2037,2657,1441,617,-479,18,303,469,473,0
1453036,522,523,1006,1006,-3138,3386,1007,595,-524,-133,255,452,436,0
1456362,523,525,762,762,-5327,3394,1109,597,-444,-278,-137,465,433,0
1459718,525,526,687,1812,-7691,2167,1495,618,-605,-85,-96,469,393,0
1463036,526,527,837,1306,-9643,-512,1246,633,-11,318,-25,461,420,0
1466365,528,529,31,1062,-8557,-1383,1414,663,1046,-81,66,489,434,0
1469718,529,530,368,293,-5775,-1366,2069,734,388,94,168,471,459,0
1473037,531,532,0,68,-2028,334,2300,786,-534,370,298,483,455,0
1476369,532,533,425,387,-3267,1294,1350,796,-27,-6,51,468,454,0
1479719,534,534,68,293,-4217,562,753,802,527,-141,167,471,459,0
1483061,535,536,443,162,-658,663,746,822,-370,53,-132,467,466,0
1486372,537,537,331,368,-1474,532,417,821,-54,-8,67,473,455,0
1489750,538,539,875,406,-2771,-100,443,846,895,-4,542,459,468,0
1493064,540,540,181,1043,-1,-384,178,887,929,74,517,480,434,0
1496375,541,542,818,481,3839,1010,610,957,194,42,529,446,448,0
1499719,542,543,1906,1193,6964,1940,1538,1053,277,-256,885,404,426,0
1503065,543,545,2393,800,9563,245,1555,1157,88,-293,814,378,431,0
1506378,545,546,2431,1381,8785,-1443,1825,1265,-401,-120,1036,392,416,0
1509719,546,547,1700,1606,6623,-2950,2390,1401,-298,-207,834,415,404,0
1513065,547,548,1831,1550,3097,-5163,1757,1502,133,108,390,424,423,0
1516381,549,550,893,668,3681,-5511,1846,1559,152,422,206,449,429,0
1519720,550,551,781,556,5841,-4404,2468,1596,-224,416,83,439,435,0
1523065,551,553,1193,181,4563,-2836,2168,1605,-250,-8,-54,433,455,0
1526385,553,554,1006,181,1943,-1822,1491,1585,-495,288,282,443,455,0
1529743,554,555,312,593,810,-1902,1334,1544,-316,-46,384,464,433,0
1533066,555,557,350,781,-518,-1943,1196,1493,-141,-216,-37,478,423,0
1536388,557,558,218,425,-1619,-1810,984,1461,-804,71,-312,469,442,0
1539770,558,560,1043,912,-4292,-1409,1161,1442,173,33,142,466,441,0
1543066,560,561,837,650,-3885,-789,1337,1415,23,-70,59,461,455,0
1546391,561,562,687,612,-4662,-17,1566,1386,-253,-316,-42,469,457,0
1549744,563,564,687,387,-6554,551,1307,1371,-455,293,34,469,469,0
1553068,564,565,893,1100,-6937,656,914,1356,-147,327,232,458,431,0
1556394,566,567,1287,856,-6839,1218,854,1338,407,164,215,453,444,0
1559743,567,568,1043,837,-4753,2475,987,1337,441,93,106,450,445,0
1563066,568,570,1325,612,-674,2239,755,1326,497,33,415,451,457,0
1566397,570,571,893,143,1344,1433,605,1298,284,45,547,443,467,0
1569743,571,573,1137,218,3256,1489,654,1280,-61,-56,-186,446,463,0
1573066,573,574,1006,237,3333,2155,693,1257,-235,210,-161,437,462,0
1576400,574,575,443,556,2386,2477,120,1196,140,102,50,467,445,0
1579744,576,577,443,350,3291,1925,-335,1114,723,-204,184,467,456,0
1583070,577,578,331,331,6518,1619,-609,1053,171,-133,-147,473,457,0
1586404,579,580,0,68,6826,1761,-997,998,-483,184,57,484,455,0
1589744,580,581,893,818,4905,1663,-1476,929,-486,44,413,458,446,0
1593072,582,583,181,556,3174,1073,-1885,857,-228,-156,239,480,444,0
1596407,583,584,668,1175,1524,391,-1667,791,-809,57,89,470,427,0
1599744,585,585,743,1868,-2461,163,-1633,734,-527,-103,10,450,390,0
1603076,586,586,931,2318,-4818,-125,-1517,668,-325,115,591,456,382,0
1606410,587,588,1681,1831,-5346,-615,-1921,560,263,-128,1203,416,408,0
1609768,588,589,2768,1231,-1234,-2161,-1217,473,318,0,1216,374,440,0
1613079,589,590,2525,950,2188,-4282,-393,404,192,-48,1103,387,455,0
1616413,591,592,1981,575,4082,-4950,-81,327,-544,549,859,391,450,0
1619771,592,593,1400,687,2582,-2988,139,276,-192,216,600,422,444,0
1623082,593,594,1100,406,1799,-1734,54,220,488,16,261,438,459,0
1626416,595,596,668,31,3236,-1136,920,172,-266,479,144,461,463,0
1629772,596,597,800,518,3595,-670,1403,148,-283,176,409,454,453,0
1633085,598,599,143,368,3758,-316,1161,137,76,5,-178,473,445,0
1636421,599,600,612,425,3462,489,694,117,-139,-151,-180,448,442,0
1639778,600,602,818,950,1815,1095,757,104,-165,-2,299,478,439,0
1643089,602,603,481,687,1160,841,1579,122,89,-169,220,480,453,0
1646423,603,605,1043,481,155,768,1935,146,53,-119,109,466,464,0
1649778,605,606,500,537,-1714,1341,1528,152,-438,219,-154,479,461,0
1653092,607,608,368,425,-2507,2345,1319,145,-288,202,102,486,467,0
1656426,608,609,875,293,-2622,3219,1276,144,316,87,296,459,474,0
1659778,609,611,743,1212,-2047,4010,1345,157,-15,-310,112,482,425,0
1663095,611,612,668,743,-2591,3934,1727,185,-659,173,-80,470,450,0
1666430,612,613,462,650,-3764,3257,1791,210,-264,-115,290,466,440,0
1669779,614,615,312,668,-3955,1076,1831,243,336,140,218,474,439,0
1673098,615,616,331,556,-2359,531,2233,294,189,154,-38,473,445,0
1676433,617,618,312,106,-463,1601,1894,333,-223,118,-44,458,453,0
1679779,618,619,87,387,466,2327,1160,347,209,8,220,486,454,0
1683102,620,621,237,87,882,2243,955,374,350,-149,21,462,454,0
1686436,621,622,462,368,1806,2131,1088,418,-562,14,-214,466,455,0
1689779,623,624,1137,706,539,2452,22,438,-725,-46,-82,477,484,0
1693104,624,625,950,968,-1690,2454,-713,447,197,-122,57,503,486,0
1696439,626,627,950,1325,-2414,1266,-667,472,278,-254,377,487,467,0
1699779,627,628,1737,1700,-1828,-1128,-925,502,847,-611,1028,461,447,0
1703108,629,629,1925,1850,-50,-2990,-477,539,347,-143,865,435,439,0
1706442,630,631,2637,1212,3054,-3796,-975,560,-89,-191,1077,397,457,0
1709780,631,632,2318,950,4549,-5363,-292,598,-445,180,917,430,487,0
1713111,633,634,1831,0,3631,-5797,573,676,-407,303,749,431,520,0
1716445,634,636,1175,293,2844,-5310,932,743,90,255,824,466,481,0
1719804,636,637,1043,68,4916,-3503,1411,799,289,232,432,457,493,0
1723114,637,639,856,0,6914,-1781,2300,874,-508,163,109,467,531,0
1726448,639,641,593,162,5002,-1067,2249,940,-129,-96,-306,481,488,0
1729806,640,642,650,87,1949,-1626,1661,990,155,225,-23,478,476,0
1733117,642,644,443,50,1888,-1085,431,975,-178,-230,176,473,462,0
1736452,643,645,537,237,1369,420,632,951,-323,-1,-85,484,468,0
1739805,645,647,706,650,-487,1678,1724,968,94,26,-289,484,455,0
1743120,646,648,781,687,-1249,1311,1756,1001,-298,486,-345,496,469,0
1746455,648,650,800,256,-3110,1884,1180,1015,-137,217,165,479,476,0
1749806,650,651,425,818,-3622,3287,1056,998,-155,-283,295,499,462,0
1753124,651,653,912,743,-4205,3378,1278,978,-208,-362,137,473,450,0
1756458,653,654,893,800,-5432,2395,2085,995,-198,-212,86,474,447,0
1759806,654,656,1006,893,-6607,317,2249,1024,226,137,270,468,442,0
1763128,656,657,50,631,-5945,-307,2114,1050,694,-196,24,504,457,0
1766461,657,658,312,556,-3682,-98,2330,1081,279,-65,-94,490,461,0
1769806,659,660,125,68,-2250,1287,2717,1112,-156,299,131,484,471,0
1773130,660,661,631,556,-2234,1984,1886,1115,-16,27,273,473,461,0
1776464,662,663,0,143,-1399,1569,1420,1102,319,95,182,503,467,0
1779807,663,664,181,593,1016,1385,1140,1068,56,-222,-214,497,459,0
1783134,665,666,331,312,645,1223,987,1040,-225,-40,-186,473,458,0
1786469,666,667,406,443,-896,1185,405,1016,-49,-35,211,469,451,0
1789807,668,669,500,593,-1932,743,-97,983,506,-238,232,479,458,0
1793137,669,670,912,875,-1198,-543,172,955,650,-227,584,457,443,0
1796471,671,672,1212,575,3060,-711,826,980,481,140,1111,425,443,0
1799807,672,673,2412,1231,8835,-898,1356,1044,-865,-157,981,377,424,0
1803140,673,674,2337,1381,7737,-2397,2094,1131,-321,-106,866,397,432,0
1806474,674,676,1812,1025,5608,-3157,2710,1244,-677,172,894,425,435,0
1809831,676,677,1400,1100,2998,-3974,2852,1348,-16,-231,693,447,447,0
1813143,677,679,687,0,3242,-4781,2702,1463,484,310,63,460,471,0
1816477,679,680,781,0,5657,-4098,2906,1563,-267,445,178,455,491,0
1819836,680,682,762,68,6211,-2253,3034,1640,-885,127,92,456,461,0
1823146,681,683,612,125,2739,-1736,2215,1680,-213,-3,323,464,458,0
1826480,683,685,518,481,326,-1379,1496,1683,110,-164,13,453,439,0
1829836,684,686,368,275,149,-543,884,1639,-488,-43,-268,477,450,0
1833149,686,687,275,556,-1822,133,1263,1608,-86,-167,211,466,435,0
1836484,687,689,518,537,-2965,231,1647,1607,100,-115,4,453,436,0
1839840,689,690,987,687,-3632,635,1704,1647,-450,182,-12,453,453,0
1843153,690,692,687,443,-5125,1602,1520,1675,-265,158,447,469,450,0
1846488,692,693,406,350,-5119,2025,891,1649,67,-193,142,484,455,0
1849844,693,694,1006,687,-5567,2894,614,1613,140,286,-38,452,453,0
1853156,695,696,893,856,-4828,3581,786,1601,238,-61,210,458,444,0
1856490,696,697,968,725,-1342,3878,495,1583,281,-112,415,454,451,0
1859844,697,699,1025,350,495,2999,301,1553,-20,-331,138,467,471,0
1863160,699,700,518,462,-271,1811,1325,1529,-433,48,28,463,450,0
1866494,700,702,462,443,-1808,1287,1315,1500,-152,341,114,466,435,0
1869844,702,703,200,687,-1642,1767,786,1458,709,-290,89,480,438,0
1873162,703,704,537,500,1024,1664,753,1409,591,-149,-188,462,448,0
1876496,705,706,0,481,3249,1796,779,1348,-153,30,-118,488,433,0
1879844,706,707,406,275,3017,2047,-59,1288,-489,244,319,469,460,0
1883166,708,709,50,106,1359,2219,-887,1216,14,-187,262,472,453,0
1886500,709,710,800,762,-144,1734,-1217,1142,118,-101,5,463,449,0
1889844,711,712,781,968,-1277,829,-1118,1076,-324,-425,361,448,422,0
1893168,712,713,1362,1775,-1399,-283,-1348,1021,474,-310,589,433,395,0
1896503,713,714,2075,1418,-519,-2282,-815,999,624,-386,1139,395,414,0
1899845,715,715,2318,1568,3988,-2865,-1305,953,-463,-158,934,382,422,0
1903172,716,717,2206,706,5115,-3801,-743,904,-259,-106,1000,388,452,0
1906506,717,718,1831,350,4119,-4506,409,874,-378,-86,608,408,471,0
1909846,718,720,1137,387,2660,-4190,1177,846,95,388,697,461,469,0
1913175,720,721,275,0,3816,-3445,1613,811,273,109,520,466,470,0
1916509,721,723,837,0,6353,-2371,1646,774,-46,224,-278,436,470,0
1919867,723,724,856,0,5926,-1353,2349,763,-530,188,-198,435,467,0
1923178,724,726,425,0,2928,-1688,2209,741,-96,109,31,458,458,0
1926512,725,727,650,0,2959,-2132,1372,689,85,18,109,446,454,0
1929870,727,729,275,275,2280,-544,1373,662,-136,106,-227,466,434,0
1933181,728,730,387,0,1558,231,1929,676,-361,10,68,460,450,0
1936516,730,731,650,1043,323,-509,2202,717,-351,16,-120,471,434,0
1939870,731,733,725,293,-1272,-206,1710,731,-65,257,-164,467,458,0
1943184,733,734,556,593,-1875,1293,1637,731,-257,-5,-71,476,458,0
1946519,734,736,800,500,-2434,2353,1502,725,-234,-223,507,463,447,0
1949870,736,737,1118,893,-3459,3255,1141,713,-182,-104,270,446,442,0
1953188,737,738,818,1250,-5026,3355,1495,732,-388,-345,36,462,423,0
1956523,739,740,668,1400,-7037,1982,1839,770,-434,35,128,470,399,0
1959871,740,741,706,1212,-9029,-469,1627,796,547,-185,96,468,425,0
1963191,741,742,162,556,-7416,-1456,2187,849,629,76,-204,482,445,0
1966526,743,744,425,368,-4840,-854,2483,917,51,163,-68,468,455,0
1969871,744,745,0,293,-2709,830,2443,952,-362,158,320,491,459,0
1973194,746,747,50,143,-4538,1048,1517,958,673,-173,178,472,451,0
1976528,747,748,537,12,-3550,256,1322,975,308,-23,-266,462,474,0
1979872,749,750,200,12,-110,448,1078,985,-809,206,-218,464,458,0
1983197,750,751,481,293,-2185,518,700,983,-208,-60,-27,465,459,0
1986532,752,753,106,856,-2779,-276,837,1011,1036,-132,297,484,444,0
1989871,753,754,800,762,795,-105,634,1058,641,-54,547,463,449,0
1993201,755,755,1043,856,4338,1343,1043,1129,386,17,766,434,444,0
1996535,756,757,1700,518,8759,1083,1957,1225,267,-342,991,399,446,0
1999893,757,758,2243,1137,10283,-585,1635,1318,-318,-202,722,386,429,0
2003204,758,759,2093,1325,8711,-1995,2112,1410,-499,38,972,394,419,0
2006539,760,761,2056,1381,5833,-4098,2208,1520,91,-55,671,412,416,0
2009924,761,762,1100,1100,2919,-5284,1904,1602,33,240,331,438,422,0
2013207,762,763,912,950,4093,-4977,1922,1650,-246,515,293,448,430,0
2016542,764,765,537,275,5666,-3253,1991,1675,-271,79,40,452,450,0
2019897,765,766,781,331,3037,-2070,1584,1674,-188,194,-190,439,447,0
2023210,766,768,856,256,1349,-1417,1043,1655,-396,-68,441,451,451,0
2026544,768,769,743,1025,-75,-1721,1140,1618,-4,-137,263,441,410,0
2029897,769,770,125,743,-1956,-1759,1109,1583,98,-249,-44,474,425,0
2033213,771,772,387,256,-3125,-2067,1295,1581,-556,4,-470,460,451,0
2036548,772,773,1006,462,-4776,-1934,1683,1590,-203,188,-1,452,465,0
2039897,774,775,837,650,-4014,-1245,1694,1583,99,-70,-111,461,455,0
2043216,775,776,650,518,-5232,-514,1999,1577,-196,-27,-45,471,462,0
2046552,777,778,743,537,-6467,-220,1694,1576,-284,47,218,466,461,0
2049898,778,779,968,950,-6787,285,1468,1571,92,122,348,454,439,0
2053220,779,781,1193,1006,-5985,1182,1524,1572,457,57,344,442,436,0
2056554,781,782,968,931,-2959,2159,1311,1577,241,178,227,454,440,0
2059925,782,783,950,500,392,1851,1267,1570,-85,342,358,456,464,0
2063223,784,785,950,200,2774,1475,1067,1546,234,-56,154,440,464,0
2066558,785,786,743,368,3895,1938,1069,1528,-189,-190,-338,451,455,0
2069898,787,788,481,650,3119,2226,1084,1494,-321,-39,-326,465,440,0
2073226,788,789,406,743,2104,2035,628,1436,458,117,110,469,435,0
2076561,790,791,537,406,5245,1508,65,1362,431,-61,2,462,453,0
2079920,791,792,537,256,6903,1417,-155,1309,-207,-65,-122,462,461,0
2083229,792,794,425,0,7131,1575,-695,1246,-510,35,31,468,459,0
2086588,794,795,725,687,6133,1325,-922,1184,-85,-100,268,467,453,0
2089920,795,796,387,800,4614,832,-1369,1119,-391,-206,152,485,447,0
2093232,797,798,537,856,1144,379,-1193,1056,-322,302,119,461,428,0
2096591,798,799,537,1981,-2001,417,-1089,1002,-919,180,161,477,384,0
2099923,800,800,1268,2356,-5138,79,-1273,929,-22,10,426,438,380,0
2103236,801,801,1662,1850,-5683,-102,-1417,824,22,167,1017,417,407,0
2106594,802,803,2768,1193,-2634,-1117,-1060,740,174,187,1104,374,442,0
2109923,803,804,2243,443,1058,-3439,-261,666,128,49,1192,377,457,0
2113239,805,806,2375,687,3360,-4283,-32,596,-754,433,543,370,444,0
2116597,806,807,1512,443,2389,-2785,215,543,-337,177,457,416,457,0
2119924,807,808,1081,556,1142,-1559,166,488,73,34,5,439,451,0
2123242,808,810,818,162,1994,-1014,772,450,-168,478,392,453,456,0
2126601,810,811,856,706,2012,-774,797,425,477,41,52,451,443,0
2129923,811,813,687,293,3430,-8,906,421,99,-53,132,460,449,0
2133246,813,814,725,181,4671,1042,248,393,-795,-210,-389,442,455,0
2136604,814,815,987,1006,348,694,583,377,-290,85,3,469,452,0
2139924,816,817,631,425,17,291,1123,371,234,-225,5,472,467,0
2143249,817,818,556,593,-385,745,1768,374,-134,-174,-307,476,458,0
2146607,819,820,612,181,-1811,1596,1297,362,-514,213,-17,473,480,0
2149924,820,821,837,818,-2755,2235,942,329,-105,284,256,477,462,0
2153253,822,823,762,743,-3074,2898,990,307,318,-37,150,465,450,0
2156607,823,824,893,1137,-2031,3700,1426,305,-336,-34,-73,474,445,0
2159925,825,826,443,743,-2777,3529,1693,310,-355,63,52,467,435,0
2163255,826,827,443,350,-3837,2806,1593,319,177,-265,178,467,456,0
2166611,828,828,331,912,-3528,994,1727,334,546,-310,162,473,442,0
2169946,829,830,462,425,-2140,363,2110,366,38,352,-18,466,452,0
2173258,831,831,0,425,-577,1188,1745,387,-131,243,-37,486,452,0
2176614,832,833,425,106,880,2023,1122,389,425,-116,109,468,469,0
2179949,834,834,0,425,1452,2098,903,397,111,-319,-38,485,452,0
2183261,835,836,1681,1456,1176,2082,908,424,-413,-138,-70,464,460,0
2186615,837,837,1062,1193,-766,2637,-192,422,-273,38,125,481,474,0
2189949,838,839,968,1156,-2693,2563,-846,418,-60,-290,224,502,476,0
2193265,840,840,725,1137,-2208,431,-668,426,640,-543,781,499,477,0
2196615,841,842,2487,1568,645,-1504,-669,447,577,-508,1325,421,454,0
2199949,842,843,2581,1625,5421,-1916,-348,474,69,-469,1323,416,451,0
2203268,844,845,2487,650,6240,-3080,-149,503,2,-315,1147,405,487,0
2206615,845,846,1831,1043,3954,-4429,395,555,-807,213,804,456,482,0
2209950,846,848,1043,0,1994,-4757,1149,636,-151,130,688,473,522,0
2213271,848,850,462,0,2337,-4525,1085,703,505,617,419,488,502,0
2216616,850,851,987,275,6832,-2894,1923,771,195,112,-1,460,482,0
2219950,851,853,818,0,6825,-1783,2463,849,-380,50,29,469,516,0
2223275,853,855,537,0,3687,-1257,2192,911,102,46,-325,484,486,0
2226616,854,856,743,200,2342,-2080,1067,939,220,-29,201,473,470,0
2229951,856,858,0,181,1644,-1521,1111,949,-435,90,30,511,455,0
2233278,857,859,1025,912,675,-237,1574,974,1,-104,-153,483,457,0
2236616,859,860,575,762,-487,74,1905,1005,-173,37,-537,491,465,0
2239951,860,862,931,331,-1536,425,1407,1041,-201,321,273,488,488,0
2243280,862,864,800,425,-2414,1834,1051,1056,-172,90,473,479,467,0
2246638,863,865,950,725,-2900,2907,925,1049,-132,-4,34,487,467,0
2249972,865,867,912,500,-3496,3547,911,1023,-80,25,-267,473,463,0
2253284,866,868,1231,500,-3478,4057,1269,1022,-135,-125,71,456,463,0
2256641,868,870,556,781,-3400,2809,1268,1032,-17,-208,401,492,448,0
2259975,869,871,12,331,-3881,1236,1475,1047,441,67,214,506,457,0
2263287,871,872,443,800,-2355,1004,1987,1065,229,212,-326,483,448,0
2266641,873,874,312,68,-682,2327,1368,1055,178,75,-61,474,471,0
2269976,874,875,406,275,253,2834,832,1031,341,-55,397,469,460,0
2273290,876,877,256,218,2371,2680,728,1000,230,-156,247,493,463,0
2276641,877,878,387,218,3818,3008,567,951,-444,189,-348,470,463,0
2279976,879,880,106,387,2173,3584,-287,888,-302,-72,-268,485,454,0
2283293,880,881,612,725,509,3439,-951,823,-45,-201,236,473,451,0
2286642,882,883,837,1362,-1523,2309,-1043,762,-374,-575,155,461,417,0
2289977,883,884,1025,1606,-3028,971,-1092,700,404,-728,311,451,404,0
2293296,884,885,1343,1831,-2961,-683,-1262,666,240,-4,766,434,392,0
2296641,886,886,1887,1456,-1944,-4211,-1553,644,-118,-598,804,405,428,0
2299977,887,888,1925,687,-872,-7093,-1793,609,176,96,760,403,453,0
2303300,888,889,2506,668,366,-8173,-674,609,-17,234,1092,388,470,0
2306670,889,891,1437,0,3283,-7372,269,628,96,47,534,436,491,0
2309977,891,892,593,200,4646,-6214,1460,678,402,412,217,465,470,0
2313303,892,894,743,0,6559,-3995,1847,724,-223,525,41,457,476,0
2316643,894,895,218,0,6600,-1672,2770,774,-358,131,65,469,468,0
2319976,895,897,706,256,2928,-1398,2609,822,-75,-120,490,459,451,0
2323307,897,898,256,425,390,-832,2123,828,-30,483,121,467,442,0
2326664,898,900,368,125,1403,876,677,773,-269,324,37,461,442,0
2329999,900,901,218,106,388,2402,1033,736,-37,-6,-230,469,459,0
2333309,901,902,818,1062,-1483,3233,1733,757,-300,-143,-339,462,433,0
2336667,903,904,500,368,-3489,2857,1667,775,-367,75,-32,479,470,0
2340001,904,905,762,743,-4963,3559,1606,776,-72,-77,339,465,450,0
2343312,905,907,912,350,-5492,3634,1624,767,279,-470,405,457,455,0
2346667,907,908,931,1418,-5041,1522,1572,772,-228,-106,412,456,414,0
2350001,908,909,987,1456,-4659,-208,1988,801,22,-66,626,453,412,0
2353316,910,911,875,1812,-3781,-1848,2163,840,-6,0,60,459,409,0
2356695,911,912,3256,1081,-1371,-3560,3374,917,1177,-1221,632,333,433,0
2360001,911,913,1831,387,2717,-3467,5509,1049,785,-1509,482,425,470,0
2363319,911,915,0,0,5824,-1457,6946,1227,709,-2048,35,843,501,0
2366667,911,916,0,0,4330,915,8087,1433,459,-1119,-109,841,493,0
2370014,911,917,3800,1268,2887,1693,8929,1650,129,-428,-418,69,423,0
2373322,911,919,3800,818,2403,1875,9364,1900,244,16,-443,161,431,0
2376681,912,920,3800,912,1736,3206,8997,2155,-289,43,-18,230,442,0
2380002,912,921,0,275,91,4488,7790,2376,-244,-200,20,854,476,0
2383326,913,923,0,125,-566,5080,7984,2608,-24,37,-116,860,483,0
2386668,915,924,0,706,-1801,5144,8738,2890,-116,10,310,864,468,0
2390002,916,925,2881,1606,-1639,4891,8774,3194,-424,449,480,496,420,0
2393328,918,927,1625,1606,-3102,4545,8311,3486,-245,75,662,563,420,0
2396669,920,928,1531,2525,-2924,5378,7224,3746,-414,-170,662,568,387,0
2400002,921,929,1531,2768,-3495,4738,6548,3990,-619,-440,-9,568,374,0
2403332,923,930,1100,2712,-4361,3660,1335,4080,-1427,-355,31,575,393,0
2406690,925,930,1850,2168,-5858,3602,-2725,4051,-34,-865,291,510,413,0
2410002,926,932,2956,2581,3,-1177,-4924,3918,177,84,1334,451,375,0
2413335,928,933,2900,2168,4720,-4760,-7839,3665,-279,-220,875,454,397,0
2416694,929,934,3218,2075,9188,-6802,-8308,3360,142,-524,63,437,418,0
2420027,930,935,2318,1550,12089,-6806,-7472,3068,282,-298,24,485,446,0
2423338,931,936,1887,1437,15060,-6715,-7063,2761,-464,-271,96,508,452,0
2426693,933,938,1587,1625,13133,-7061,-6256,2484,-692,-82,-199,524,442,0
2430030,935,939,706,1343,7639,-7167,-6424,2217,-902,565,-94,555,457,0
2433341,937,941,612,781,3280,-5024,-7042,1976,1549,338,439,569,496,0
2436694,939,942,987,706,4352,-4027,-6840,1730,175,-700,94,549,516,0
2440034,940,944,1475,237,2348,-6444,-5605,1501,-1076,673,242,523,525,0
2443344,942,946,1081,650,-3826,-5345,-5028,1291,-856,729,-106,544,503,0
2446694,944,947,743,1475,-9960,-1721,-5322,1075,514,64,328,562,475,0
2450036,946,949,237,1887,-12808,-974,-4229,892,-259,-113,365,573,437,0
2453348,948,950,0,1793,-11311,-1659,-2520,764,-333,-151,212,577,442,0
2456695,950,951,0,1625,-13501,-1435,-2501,624,58,251,120,556,452,0
2460036,951,953,1137,950,-12324,197,-2808,468,1095,-250,359,494,472,0
2463351,953,954,1175,725,-7395,-1191,-2565,283,990,-89,290,476,484,0
2466695,954,956,2581,200,-781,-3429,-2928,19,567,-6,516,417,512,0
2470036,955,958,2431,12,4917,-4394,-3948,-320,-990,271,167,425,506,0
2473354,957,959,2000,612,2183,-4344,-4389,-710,-753,230,-314,448,490,0
2476695,958,961,687,443,-2538,-2892,-4536,-1131,398,152,-681,518,483,0
2480067,960,962,818,1175,-1684,-2303,-5046,-1581,910,165,-36,526,475,0
2483357,962,964,275,368,2747,-3075,-5797,-2044,113,3,656,539,502,0
2486696,963,966,1043,593,5395,-2802,-5502,-2459,-363,-104,434,514,490,0
2490037,965,967,1231,725,4730,-2136,-6437,-2910,-469,-208,219,488,483,0
2493361,967,969,968,668,3912,-2527,-6423,-3383,-288,-124,-270,502,470,0
2496717,968,970,1437,1381,3028,-4351,-6194,-3851,-502,78,84,477,448,0
2500038,970,971,1006,2187,1829,-4817,-5142,-4272,-506,313,459,484,405,0
2503364,971,973,1681,2825,-674,-1258,-6166,-4690,-56,32,268,464,387,0
2506720,972,974,2018,2431,-1642,173,-5592,-5069,-300,-99,710,421,367,0
2510037,974,975,2243,2675,-2125,520,-3987,-5236,577,117,804,393,354,0
2513367,975,975,2675,2731,924,3065,-3022,-5245,131,453,229,386,383,0
2516720,976,977,2900,1943,2137,4946,-2895,-5182,142,-132,504,374,409,0
2520038,977,978,2525,1587,2998,5083,-2541,-5016,-576,90,266,394,428,0
2523370,978,979,2506,1587,1659,4206,-1758,-4811,-149,-179,274,411,444,0
2526721,979,980,2075,1512,1692,4020,-1895,-4637,-71,-97,45,434,448,0
2530090,981,982,2000,2018,1637,4631,-2315,-4489,-761,-209,-163,463,446,0
2533373,982,983,1231,1456,1230,4585,-1990,-4355,-735,-126,-119,504,476,0
2536721,984,985,1025,743,-971,4368,-1786,-4210,-241,-861,-225,515,514,0
2540064,986,987,875,706,-3425,2289,143,-3986,89,-626,-117,507,500,0
2543376,988,988,687,650,-6319,-609,1642,-3721,662,85,-208,517,503,0
2546721,989,990,781,312,-5328,-279,804,-3521,-408,363,-331,512,521,0
2550064,991,992,462,518,-4417,1239,987,-3333,-731,172,8,513,494,0
2553380,993,993,1118,256,-6123,1957,1951,-3105,782,-102,148,494,524,0
2556722,994,995,1081,0,-4348,1206,2079,-2908,883,-124,363,465,514,0
2560064,995,996,1531,837,-153,150,1668,-2777,-13,235,269,457,478,0
2563383,997,998,1343,668,2355,87,1545,-2651,180,342,152,451,471,0
2566722,998,999,837,650,4565,525,1970,-2502,-452,162,35,478,472,0
2570064,1000,1001,837,387,4736,910,1965,-2360,362,-50,161,478,486,0
2573386,1001,1002,800,668,4958,1051,1319,-2227,747,-202,-21,480,471,0
2576743,1003,1004,481,425,6881,939,979,-2073,-631,75,-200,497,484,0
2580065,1005,1006,237,593,5144,266,429,-1923,-1292,56,256,509,474,0
2583389,1006,1007,387,1062,-2412,-1174,-152,-1786,658,-127,549,501,449,0
2586746,1008,1008,537,1925,-1980,-2390,-134,-1632,-1312,-79,401,493,419,0
2590064,1009,1010,856,1793,-6691,-3274,100,-1448,-987,15,22,476,410,0
2593393,1011,1011,818,2131,-10463,-4366,560,-1259,-203,545,575,478,408,0
2596746,1012,1012,1700,2112,-9726,-4551,1080,-1024,1343,756,960,431,409,0
2600065,1013,1013,3143,2337,-4682,-3061,-104,-826,958,162,1589,370,413,0
2603396,1014,1015,2318,2206,2415,-4249,359,-621,227,-64,1105,414,420,0
2606747,1015,1016,3218,2337,4521,-5853,646,-440,-25,235,711,357,388,0
2610088,1016,1017,3312,2318,2261,-5448,925,-219,-330,157,445,352,389,0
2613399,1017,1018,968,2206,-252,-4498,1830,12,180,181,443,477,395,0
2616747,1018,1019,2656,2075,989,-5119,2356,210,559,503,550,403,418,0
2620089,1019,1020,3106,2018,3591,-5681,2526,384,704,-68,-83,379,421,0
2623402,1020,1022,2431,837,8201,-3644,754,498,-427,117,182,415,484,0
2626747,1022,1023,2037,856,8441,-3325,1090,611,-890,101,608,436,483,0
2630093,1023,1025,2337,931,6998,-4190,1418,710,414,121,46,445,488,0
2633406,1025,1026,1943,818,7117,-3915,1174,806,291,355,-138,466,494,0
2636748,1026,1028,1081,425,7187,-2984,860,906,403,184,381,512,515,0
2640093,1028,1030,668,687,9774,-1614,437,981,-1035,-134,-214,518,485,0
2643409,1030,1031,1100,856,6199,-1946,993,1068,-2,102,302,511,492,0
2646747,1031,1033,818,875,3200,-1450,3159,1162,-226,43,-558,510,475,0
2650094,1033,1034,706,1043,2136,-1121,3907,1233,-66,56,-422,516,482,0
2653412,1035,1036,687,1137,1065,-466,2992,1302,-274,458,263,517,461,0
2656770,1036,1037,162,2018,-247,241,3224,1372,-79,221,136,530,415,0
2660094,1038,1038,481,2337,-1450,-220,4049,1437,136,466,246,497,398,0
2663415,1039,1040,1081,1925,-909,833,4449,1511,-317,245,462,465,420,0
2666771,1041,1041,518,2075,-1647,1317,4604,1603,-49,62,-52,495,412,0
2670094,1043,1042,0,2075,-1646,677,4700,1702,68,189,142,513,412,0
2673418,1044,1043,200,1587,10,45,4748,1788,256,363,450,496,438,0
2676771,1046,1045,406,1062,1125,395,4684,1873,412,-93,-82,485,466,0
2680094,1047,1046,1812,1662,1982,749,4831,1983,316,-101,-436,473,497,0
2683421,1049,1048,706,987,2476,3563,4902,2106,-19,636,-168,532,533,0
2686772,1051,1050,0,537,3555,5011,2734,2178,-512,-255,-490,554,541,0
2690094,1052,1052,818,800,2740,2753,2199,2251,293,-484,335,526,527,0
2693425,1054,1053,500,443,313,477,2655,2338,34,302,364,527,546,0
2696772,1056,1055,575,950,97,902,1661,2387,75,-109,565,523,519,0
2700095,1057,1057,687,668,579,239,1339,2411,545,-361,-278,517,518,0
2703428,1059,1059,68,575,1254,62,1947,2439,-174,26,-504,525,514,0
2706772,1061,1060,31,406,-1015,1628,1292,2482,-399,189,-336,511,507,0
2710096,1062,1062,406,0,-2591,2052,1498,2518,-299,77,176,491,526,0
2713431,1064,1064,312,218,-3204,1885,1864,2556,-132,-105,398,480,501,0
2716772,1065,1065,293,425,-4630,1649,2405,2602,-372,-206,395,497,490,0
2720100,1067,1067,312,218,-6457,1624,2730,2630,213,-46,11,480,485,0
2723434,1069,1068,293,368,-5879,2045,3254,2658,262,-135,-470,481,477,0
2726773,1070,1070,406,0,-5550,1725,3448,2687,171,-111,-161,475,497,0
2730103,1072,1072,50,312,-6069,813,3440,2771,-70,-170,52,503,489,0
2733437,1073,1073,706,368,-5324,3,3643,2851,-194,201,293,484,502,0
2736773,1075,1075,462,0,-4220,265,4088,2934,193,75,-166,481,512,0
2740106,1076,1076,950,612,-4023,352,4314,3032,144,-33,-94,471,489,0
2743440,1078,1078,575,368,-4235,1411,4865,3157,288,-179,-16,491,486,0
2746799,1079,1080,1062,481,-4343,1493,5491,3315,-244,-175,-95,465,480,0
2750109,1081,1081,312,406,-3895,1345,5602,3459,-88,227,-40,489,484,0
2753444,1082,1083,462,612,-2365,980,5222,3524,450,-86,-136,482,474,0
2756800,1084,1084,462,181,-2168,417,4386,3539,1251,-218,705,466,481,0
2760112,1085,1086,1118,106,1850,220,4080,3573,787,236,791,431,469,0
2763447,1086,1087,2037,0,9216,-77,3370,3577,603,540,821,398,499,0
2766806,1087,1089,2356,0,14076,-493,2858,3540,1184,388,401,381,489,0
2770116,1089,1090,1812,275,18210,-330,1926,3461,-81,814,-241,410,476,0
2773450,1090,1092,1287,218,17022,715,734,3340,-1034,637,487,438,463,0
2776837,1091,1093,1081,837,11604,3338,-230,3186,-2048,747,383,480,461,0
2780119,1093,1095,1231,1362,3569,4920,-2051,2974,-488,-35,686,456,417,0
2783453,1094,1096,1493,2168,-1407,4393,-1852,2770,-162,212,1156,442,374,0
2786806,1096,1097,1662,2468,-1879,4155,-1335,2577,-806,-148,944,433,374,0
2790122,1097,1098,1362,2262,-3310,3287,-117,2420,-995,714,296,449,385,0
2793456,1098,1099,1850,2600,-10432,5703,-159,2330,-114,224,147,439,383,0
2796807,1099,1100,3331,2168,-11487,4686,-1347,2219,1084,-465,1798,360,406,0
2800126,1100,1101,3800,2806,-5378,-461,1053,2169,1069,-232,1236,304,388,0
2803460,1101,1102,0,912,3584,-5086,394,2129,-115,325,368,855,464,0
2806807,1102,1103,0,1268,4812,-6191,1390,2131,-68,251,93,855,445,0
2810128,1102,1105,0,462,3746,-5195,149,2075,318,229,350,857,488,0
2813463,1103,1106,3781,575,5518,-3865,745,2058,-225,199,328,359,482,0
2816808,1104,1108,3256,425,5550,-3775,1082,2045,246,-242,243,387,474,0
2820132,1106,1109,2168,856,5779,-3449,998,2018,315,316,-58,445,467,0
2823467,1107,1111,1737,1175,7477,-1714,309,1952,334,84,-233,468,450,0
2826835,1109,1112,1437,1325,8867,-280,-107,1863,-499,-709,-933,509,467,0
2830135,1110,1114,1250,612,4981,-2038,772,1786,102,-220,43,519,489,0
2833470,1112,1115,818,350,5939,-5111,2053,1742,241,-94,333,526,503,0
2836808,1114,1117,912,125,7608,-5484,2868,1724,-689,6,-233,521,515,0
2840138,1116,1118,31,856,4020,-4382,2346,1684,388,44,-70,552,476,0
2843472,1117,1120,762,800,2817,-2011,1221,1594,-574,399,-117,529,479,0
2846808,1119,1122,575,1100,1913,-1382,1375,1502,-528,214,528,523,447,0
2850141,1121,1123,1043,1625,541,-133,2027,1414,-417,595,68,498,435,0
2853476,1122,1124,1043,1006,-1284,3104,2229,1312,-76,407,187,483,453,0
2856834,1124,1126,893,1587,-1708,4426,2651,1220,0,366,499,491,422,0
2860145,1125,1127,706,1400,-1478,4812,2283,1128,185,9,238,501,432,0
2863479,1127,1128,406,950,356,4229,2126,1057,514,-26,-221,501,456,0
2866834,1129,1130,518,687,1750,3529,2314,1002,20,3,118,495,470,0
2870148,1130,1131,312,725,3244,3381,1742,951,-350,276,121,506,468,0
2873482,1132,1133,106,275,3352,3391,1127,897,430,-105,137,501,476,0
2876834,1134,1134,0,650,4211,2666,530,853,225,-435,-80,529,487,0
2880151,1135,1136,706,87,4274,1408,1057,863,-187,122,-169,484,501,0
2883485,1137,1138,0,856,3174,1602,868,898,-605,490,-147,522,476,0
2886834,1138,1139,237,668,1379,3380,-585,943,-190,106,157,509,470,0
2890155,1140,1141,631,837,1376,3881,-938,972,501,14,139,488,461,0
2893489,1142,1142,781,837,2844,4184,-1282,974,171,24,36,480,461,0
2896835,1143,1144,931,612,3012,4073,-1771,922,-497,-105,-138,472,473,0
2900157,1145,1145,312,0,1904,3385,-1312,886,-333,-34,-114,489,507,0
2903492,1146,1147,0,0,-406,2776,-1230,890,-76,-86,41,486,485,0
2906835,1148,1148,218,200,-1716,2345,-981,826,-185,-309,-77,469,470,0
2910161,1149,1150,162,0,-3171,2548,-759,790,-238,125,-44,472,466,0
2913495,1151,1151,237,0,-3778,3315,-580,728,-126,361,147,468,468,0
2916835,1152,1153,481,481,-4194,3633,-402,711,350,-31,88,455,439,0
2920164,1153,1154,425,293,-3997,3533,-60,686,-161,12,-235,458,449,0
2923498,1155,1156,275,275,-3901,3734,120,656,-486,-7,-284,450,450,0
2926835,1156,1157,1006,575,-5016,3184,378,637,-133,-220,56,452,459,0
2930167,1158,1158,593,725,-4526,1727,982,658,-239,-394,140,458,451,0
2933502,1159,1160,537,912,-7988,-889,1849,719,-797,-716,208,477,441,0
2936860,1161,1161,368,1737,-11785,-4462,1999,757,-327,-358,820,470,397,0
2940171,1162,1162,1231,2150,-12115,-7495,1580,742,315,-434,1424,440,391,0
2943505,1163,1163,2450,2018,-8826,-8244,1320,694,1047,-224,1946,375,398,0
2946863,1164,1165,2318,1850,-2244,-8397,1607,671,594,134,1741,398,407,0
2950173,1165,1166,2262,1568,2294,-8485,150,637,-691,1052,1054,401,422,0
2953508,1167,1167,1962,1175,-583,-6043,-1787,539,597,1020,1030,386,428,0
2956864,1168,1168,1062,1831,2413,-64,-1372,432,10,566,722,450,409,0
2960176,1169,1170,725,1531,1945,2450,-1393,319,-179,750,741,468,409,0
2963511,1171,1171,275,1418,1174,4856,-2658,153,23,199,12,476,415,0
2966869,1172,1172,312,818,1387,4670,-1456,36,127,104,-36,490,463,0
2970180,1174,1174,275,462,2600,4211,-1327,-70,546,-250,161,476,466,0
2973514,1176,1175,743,425,5971,3251,-1938,-203,267,-8,557,467,484,0
2976872,1177,1177,631,537,7311,3081,-3143,-356,66,-218,-321,472,477,0
2980183,1179,1178,312,856,7621,1791,-3408,-498,-128,-383,-402,489,476,0
2983517,1180,1180,575,893,6700,290,-3167,-613,-69,-332,125,475,458,0
2986872,1182,1181,0,2187,5952,877,-5012,-803,-794,-796,-46,506,405,0
2990186,1183,1182,406,2168,3263,3060,-8874,-1107,-1031,-1411,-27,484,406,0
2993520,1185,1183,593,3800,1985,2558,-8688,-1361,-1650,-1293,210,474,256,0
2996885,1186,1183,1100,3800,581,1959,-8143,-1586,-661,-862,293,447,164,0
