Time, Rlegs, Llegs, DCL, DCR, GyroX, GyroY, GyroZ, GyroZAvg, AccelX, AccelY, AccelZ, LBEMF, RBEMF, SteerOut
3140,1209,1197,0,0,206,-132,-155,-154,-17,1,225,93,95,0
6456,1209,1197,0,0,204,-129,-155,-154,-17,1,229,94,95,0
9807,1209,1197,0,0,207,-127,-154,-154,-17,0,227,94,95,0
13141,1209,1197,0,0,206,-133,-153,-154,-17,0,227,94,95,0
16460,1209,1197,0,0,205,-132,-153,-154,-18,0,231,94,95,0
19808,1209,1197,0,0,207,-132,-154,-154,-16,0,230,94,95,0
23141,1209,1197,0,0,207,-136,-157,-154,-17,0,229,94,95,0
26463,1209,1197,0,0,209,-135,-154,-154,-16,0,227,94,95,0
29808,1209,1197,0,0,206,-135,-156,-154,-18,0,223,94,95,0
33141,1209,1197,0,0,204,-133,-155,-154,-18,-1,227,94,95,0
36467,1209,1197,0,0,205,-130,-156,-154,-15,1,226,94,95,0
39808,1209,1197,0,0,205,-129,-156,-154,-18,0,222,94,95,0
43142,1209,1197,0,0,203,-133,-155,-154,-16,-1,220,94,95,0
46469,1209,1197,0,0,204,-130,-155,-154,-18,-1,226,94,95,0
49809,1209,1197,0,0,204,-130,-156,-154,-14,-3,232,94,95,0
53142,1209,1197,0,0,207,-130,-153,-154,-15,-3,228,94,95,0
56472,1209,1197,0,0,208,-134,-154,-154,-14,-1,229,94,95,0
59809,1209,1197,0,0,204,-130,-154,-154,-18,-3,228,94,95,0
63142,1209,1197,0,0,203,-131,-154,-154,-14,-1,225,94,95,0
66475,1209,1197,0,0,204,-133,-156,-154,-19,0,226,94,95,0
69830,1209,1197,0,0,205,-134,-155,-154,-15,0,222,94,95,0
73144,1209,1197,0,0,206,-132,-155,-154,-17,-1,229,94,95,0
76478,1209,1197,0,0,205,-135,-155,-154,-16,0,230,94,95,0
79834,1209,1197,0,0,206,-138,-156,-154,-16,-1,228,94,95,0
83167,1209,1197,0,0,205,-134,-156,-154,-16,-1,226,94,95,0
86482,1209,1197,0,0,206,-136,-154,-154,-16,1,228,94,95,0
89834,1209,1197,0,0,205,-130,-155,-154,-18,0,227,94,95,0
93169,1209,1197,0,0,204,-131,-156,-154,-16,1,230,94,95,0
96485,1209,1197,0,0,205,-130,-155,-154,-13,0,225,94,95,0
99834,1209,1197,0,0,206,-130,-153,-154,-15,-2,226,94,95,0
103175,0,0,0,0,205,-128,-155,-154,-18,0,230,93,95,0
106488,0,0,0,0,205,-132,-152,-154,-15,-2,225,94,95,0
109834,0,0,0,0,206,-130,-154,-154,-17,0,231,94,95,0
113176,0,0,0,0,206,-133,-156,-154,-18,0,230,94,95,0
116491,0,0,0,0,205,-132,-156,-154,-15,0,219,94,95,0
119835,0,0,0,0,205,-132,-157,-154,-14,-2,225,94,95,0
123176,0,0,0,0,204,-133,-156,-155,-17,1,229,94,95,0
126495,0,0,0,0,205,-133,-154,-155,-14,-3,229,94,95,0
129834,0,0,0,0,204,-135,-154,-154,-14,0,228,95,95,0
133176,0,0,0,0,204,-134,-156,-155,-17,0,235,94,95,0
136499,0,0,0,0,204,-135,-155,-154,-16,0,228,94,95,0
139835,0,0,0,0,205,-133,-157,-155,-16,0,221,94,95,0
143177,0,0,0,0,204,-134,-155,-155,-15,1,226,94,95,0
146501,0,0,0,0,205,-131,-156,-155,-12,-1,229,94,95,0
149856,0,0,0,0,205,-132,-156,-155,-18,0,227,93,95,0
153177,0,0,0,0,204,-129,-156,-155,-17,0,230,94,95,0
156505,0,0,0,0,208,-129,-155,-155,-15,-2,230,94,95,0
159860,0,0,0,0,204,-131,-154,-155,-17,-2,229,94,95,0
163177,0,0,0,0,205,-133,-153,-155,-14,-4,229,94,95,0
166507,0,0,0,0,207,-131,-153,-155,-14,-4,225,94,95,0
169860,0,0,0,0,206,-132,-152,-154,-17,1,224,94,95,0
173177,0,0,0,0,206,-131,-156,-154,-16,1,222,94,95,0
176510,0,0,0,0,205,-133,-153,-154,-16,-2,223,94,95,0
179860,0,0,0,0,206,-131,-155,-154,-14,0,227,94,95,0
183180,0,0,0,0,205,-136,-154,-154,-21,2,224,94,95,0
186514,0,0,0,0,205,-135,-157,-154,-18,1,225,95,95,0
189860,0,0,0,0,204,-135,-154,-154,-18,0,228,94,95,0
193203,0,0,0,0,207,-132,-153,-154,-17,0,224,94,95,0
196517,0,0,0,0,206,-133,-155,-154,-13,-2,225,94,95,0
199861,0,0,0,0,205,-131,-156,-154,-15,-4,232,94,95,0
203422,0,0,0,0,205,-130,-153,-154,-18,0,230,94,95,0
206520,0,0,0,0,203,-140,-155,-154,-109,-38,194,298,337,0
209864,0,0,1306,1268,-30,-282,-1,-149,-147,-154,293,214,216,0
213206,1,1,631,800,-720,-401,-86,-147,-47,67,335,250,241,0
216524,2,2,968,1418,-597,-803,25,-142,-48,65,343,248,240,0
219864,2,2,1175,1287,-582,-1485,149,-132,-204,19,480,253,247,0
223207,3,3,875,1306,-1162,-2677,45,-126,84,172,511,269,246,0
226526,4,3,931,1475,-832,-3651,-69,-123,53,306,457,266,253,0
229864,4,4,1681,1531,-491,-3518,-171,-124,-6,375,424,258,266,0
233208,5,5,912,968,-184,-2215,-363,-130,-22,464,364,277,274,0
236530,6,6,781,1025,-244,-1004,-605,-144,-260,372,158,284,271,0
239886,7,6,687,1550,-1685,-342,-609,-159,-316,204,194,305,275,0
243208,8,7,500,1568,-3637,482,61,-152,-132,242,-6,315,274,0
246533,8,8,762,1156,-4095,938,270,-138,132,-28,179,317,296,0
249889,9,9,518,518,-3445,677,442,-120,63,-65,45,330,330,0
253208,10,10,425,125,-3141,-285,676,-94,247,-124,-5,335,351,0
256536,11,11,275,143,-809,-713,290,-80,118,93,73,343,350,0
259890,12,12,1025,931,70,-938,-22,-76,-117,-197,89,341,346,0
263207,13,13,687,518,-999,-1565,-225,-78,-11,13,-66,359,368,0
266539,15,14,462,556,-277,-1325,75,-71,-2,7,-55,371,366,0
269890,16,15,293,631,130,-596,-47,-67,-41,93,-83,380,378,0
273232,17,17,200,500,-118,31,-630,-82,30,106,165,385,369,0
276543,18,18,256,200,44,221,-733,-100,147,-113,-18,382,385,0
279890,19,19,668,575,-559,86,-864,-123,607,55,261,376,381,0
283235,20,20,931,537,3205,1127,-794,-143,104,90,371,362,383,0
286546,21,21,1137,762,4961,1848,-668,-159,16,77,122,351,371,0
289890,23,23,1156,668,4707,2239,-705,-176,35,128,533,345,371,0
293237,23,24,1981,856,4697,2248,-976,-201,78,28,603,317,361,0
296550,24,25,2562,1250,4597,580,-1148,-232,126,-140,899,286,340,0
299891,25,26,2525,1775,4289,-1748,-923,-257,98,287,740,288,312,0
303236,26,27,2656,2018,3932,-4066,-1132,-287,-141,445,662,297,315,0
306552,27,27,2393,2037,2627,-4326,-704,-304,-16,468,684,311,330,0
309891,28,28,1643,2037,1691,-4407,-89,-302,-312,599,472,351,330,0
313267,29,29,1812,2131,-292,-1997,434,-284,121,297,601,363,346,0
316555,30,30,1831,1812,170,-834,572,-266,-24,489,425,362,363,0
319913,31,32,1737,725,173,-254,860,-236,185,341,145,367,405,0
323237,32,33,1306,368,275,332,-101,-240,-264,226,-246,390,424,0
326558,34,34,743,781,64,185,-74,-247,-468,-208,65,420,418,0
329914,35,36,350,725,-490,-904,-74,-251,11,-408,121,441,405,0
333237,36,37,462,406,-3584,-1690,316,-239,-49,-170,2,435,422,0
336562,38,38,481,406,-3009,-620,999,-202,184,55,-509,418,422,0
339914,39,40,443,162,-1143,-4,1540,-143,-42,-280,-150,436,435,0
343237,41,41,0,50,-3001,-1505,1700,-71,358,-15,19,449,419,0
346565,42,43,0,0,-3411,-1712,1487,-5,-25,175,30,430,429,0
349914,43,44,743,0,-2847,-1109,2035,55,127,-127,54,398,435,0
353238,44,45,987,162,-2401,-1242,2377,121,477,-193,105,385,413,0
356568,46,47,462,275,-1168,-1533,2403,182,-123,179,-14,397,407,0
359915,47,48,237,218,-235,-1194,2558,241,280,-209,148,409,394,0
363238,48,49,406,237,379,-970,2372,306,-61,216,38,400,393,0
366571,49,50,537,312,322,-87,2518,386,-437,171,-21,393,389,0
369915,51,51,893,1081,-641,399,2226,462,96,17,48,396,386,0
373240,52,53,875,893,-749,946,2267,531,-40,-15,-23,397,380,0
376574,53,54,387,556,-790,1161,2247,603,272,-26,103,423,398,0
379915,55,55,31,462,226,979,2069,687,420,-262,-72,442,419,0
383244,56,57,331,387,1832,120,1895,769,219,-122,-34,426,407,0
386578,57,58,350,0,3160,87,1850,854,214,1,242,425,435,0
389916,59,60,425,0,4441,-84,1808,935,448,-32,141,421,433,0
393247,60,61,706,237,4886,247,1723,1010,-320,303,40,406,415,0
396581,61,62,837,275,4324,1838,1739,1086,-744,339,208,399,413,0
399939,62,63,1006,1175,1808,3570,683,1138,-193,15,461,401,376,0
403250,64,64,537,1568,938,5287,429,1187,-586,82,702,410,355,0
406584,65,65,1400,1887,-58,6139,508,1232,-6,-65,1062,364,338,0
409940,66,66,2618,1868,562,4971,450,1281,496,-392,1203,299,339,0
413253,67,67,1887,1981,4027,727,1899,1363,205,-491,1463,354,349,0
416587,67,68,3462,2131,4738,-3002,2281,1437,-557,-152,1150,286,341,0
419943,68,69,2731,2056,3067,-5375,1736,1478,-132,158,701,325,345,0
423270,69,70,2075,1906,1431,-6618,1805,1516,-194,291,499,381,374,0
426590,71,72,1381,1625,1317,-6129,1794,1545,-123,246,93,402,389,0
429949,72,73,987,912,1138,-4880,1545,1597,-109,273,50,423,411,0
433260,73,74,800,312,2229,-3422,701,1621,90,343,290,433,443,0
436595,75,76,1081,237,3862,-3427,294,1632,-54,-63,64,418,447,0
439950,76,77,387,687,2719,-4019,389,1635,-784,-137,-236,455,423,0
443262,78,79,87,593,-1031,-5144,653,1624,-73,-34,4,455,412,0
446597,79,80,125,631,-1367,-5480,519,1592,740,-58,208,453,410,0
449950,81,81,256,387,1648,-5179,565,1557,188,142,-325,446,439,0
453266,82,83,31,0,2043,-3290,748,1533,-656,254,-346,436,423,0
456600,84,84,87,0,148,-2350,819,1495,-321,156,-87,433,458,0
459950,85,86,518,218,-826,-2348,951,1451,137,-221,178,410,410,0
463269,86,87,875,68,-1467,-2291,1208,1414,-502,12,-232,391,418,0
466603,87,88,500,443,-3173,-1885,1187,1371,-189,284,19,411,398,0
469950,89,89,143,687,-2943,-1008,1227,1335,135,122,156,414,385,0
473273,90,91,275,537,-2954,166,1461,1302,-197,216,119,407,377,0
476606,91,92,556,687,-3777,1020,1158,1269,98,181,240,392,369,0
479950,92,93,631,1456,-3571,1218,935,1227,2,211,223,426,366,0
483275,94,94,425,1118,-3721,2103,675,1178,-139,176,-58,421,384,0
486611,95,95,368,1025,-3493,2281,393,1125,217,-124,-11,424,389,0
489951,96,97,293,537,-3076,1787,826,1092,69,-70,2,444,415,0
493278,98,98,256,312,-1492,1759,971,1065,-120,226,-53,430,427,0
496613,99,99,368,631,-995,2223,457,1022,136,-9,-53,424,410,0
499951,100,101,856,162,-512,2161,-136,964,-37,-122,-39,414,435,0
503281,102,102,31,275,84,2026,-309,900,-313,96,-144,442,429,0
506616,103,104,200,293,-384,2499,-693,857,27,78,-65,433,428,0
509974,105,105,368,462,-1110,2475,-1171,807,77,-211,72,419,414,0
513285,106,106,462,837,-1747,2074,-1291,751,-177,-99,-109,414,394,0
516619,107,108,556,743,-1766,1793,-1282,697,552,178,64,409,399,0
519976,109,109,556,312,-169,1594,-1117,603,365,97,264,393,406,0
523288,110,110,1156,593,2731,3500,-999,500,-102,501,-141,377,407,0
526622,111,111,1212,537,2359,5790,-1564,397,539,72,223,374,410,0
529977,112,113,1550,0,3558,6602,-1626,290,173,147,195,356,428,0
533291,113,114,2187,518,4989,7354,-1355,191,-44,328,386,343,416,0
536626,114,115,1868,556,5727,7904,-1335,101,430,127,17,360,414,0
539977,115,117,2093,0,5361,7824,-1652,28,354,-54,694,348,429,0
543294,116,118,1550,237,7626,3790,-2366,-54,420,-445,623,377,415,0
546629,118,119,743,593,9892,689,-3550,-177,-468,-29,-214,420,412,0
549978,119,121,237,631,7729,-285,-3246,-299,-627,-97,-255,447,394,0
553298,121,122,0,200,3710,3207,-2170,-383,827,-306,25,458,417,0
556632,122,123,237,218,4080,3953,-1360,-443,-845,-687,278,431,416,0
559978,123,125,275,368,173,1606,-2162,-534,-808,-190,560,445,408,0
563301,125,126,0,312,-4143,-1245,-1579,-609,-354,-318,1042,444,389,0
566635,126,127,0,968,-7693,-612,-1373,-682,-347,-505,859,427,354,0
569978,127,128,575,1550,-7302,-921,-1125,-755,168,-743,1450,407,339,0
573304,129,129,987,1287,-2799,-3579,-580,-810,-50,-379,981,385,353,0
576638,130,130,650,1100,-753,-4189,973,-818,-367,-56,677,387,363,0
579978,131,131,856,837,-66,-3526,1376,-821,-284,-276,304,376,377,0
583308,132,133,368,293,-3903,-4448,1256,-818,-496,163,211,402,390,0
586642,133,134,275,481,-5770,-3429,1451,-801,294,4,79,407,380,0
589978,135,135,725,1212,-3803,-2348,1779,-767,317,-9,275,405,379,0
593310,136,136,575,1212,-1304,-1869,1740,-725,-182,21,9,413,379,0
596645,137,138,556,593,-1280,-1759,2170,-683,344,14,-33,414,412,0
600003,139,139,443,200,-992,-2232,2539,-634,288,-148,34,420,433,0
603314,140,140,387,668,1248,-2498,2010,-585,284,-88,37,423,408,0
606648,141,142,443,331,2443,-2361,1657,-529,84,-64,60,420,410,0
610006,143,143,350,462,3101,-2675,1155,-484,402,-183,-32,425,419,0
613317,144,144,406,387,4039,-2545,1252,-423,-31,280,-229,422,423,0
616651,145,146,481,87,4973,-1947,1130,-351,-112,154,-61,418,423,0
620007,147,147,256,331,4575,-1875,564,-293,-91,-106,21,425,421,0
623320,148,148,256,443,2591,-1750,411,-240,-313,-81,-111,425,415,0
626654,149,150,350,275,1755,-1937,252,-197,386,-28,171,420,408,0
630012,151,151,200,631,2376,-2464,100,-163,207,26,128,412,389,0
633323,152,152,1081,875,3086,-2338,254,-106,371,206,78,381,392,0
636658,153,154,1006,818,4449,-1333,157,-50,351,238,92,385,395,0
640015,154,155,1418,275,5332,-282,345,2,-195,253,61,363,408,0
643326,155,156,2018,668,3797,808,567,61,-215,281,431,352,408,0
646662,156,157,1850,800,2573,846,803,138,26,29,346,361,401,0
650015,158,159,1268,968,1470,840,1396,256,-269,422,264,376,376,0
653330,159,160,837,500,-379,1011,1476,413,123,246,348,399,401,0
656664,160,161,725,556,-384,674,1458,560,-384,286,-123,421,414,0
660016,161,162,218,725,-799,1340,1192,665,-76,105,-134,448,405,0
663333,163,164,125,387,-305,1644,1271,747,485,-16,-64,437,407,0
666667,164,165,256,125,387,2079,1632,865,-508,-28,-252,430,421,0
670016,166,167,218,312,-1609,2859,1980,977,-390,80,-94,432,411,0
673337,167,168,0,0,-3325,2746,1910,1079,137,-170,115,436,413,0
676671,168,169,0,0,-4008,2718,2150,1182,49,29,174,424,425,0
680016,170,170,125,350,-5147,3913,1792,1256,-89,335,65,415,403,0
683339,171,172,575,237,-4695,4779,1159,1262,593,-59,607,391,393,0
686674,172,173,743,162,-1476,5140,841,1245,87,170,644,382,397,0
690016,173,174,1343,1193,-185,4946,654,1226,-484,-499,924,350,342,0
693342,174,175,1737,1775,-1474,1761,294,1190,-384,-541,1202,329,311,0
696677,175,176,2243,1775,-3631,-1488,-310,1125,-80,-235,1264,302,311,0
700016,176,177,2412,2037,-3750,-4437,-141,1066,291,129,702,331,335,0
703345,177,178,1531,1587,-342,-4894,27,999,593,400,693,378,359,0
706680,178,179,800,1400,2895,-4382,-30,919,-32,207,208,417,369,0
710038,180,180,425,1250,2536,-2702,-781,831,-104,445,-128,437,393,0
713349,181,182,218,725,1118,-818,-1175,743,-5,45,28,448,421,0
716683,182,183,368,218,-365,-250,-1190,670,-172,21,15,440,432,0
720042,184,184,425,518,-52,-835,-720,608,-141,10,102,437,432,0
723352,185,186,462,425,1003,-1202,-855,546,233,-62,91,435,421,0
726687,187,187,575,275,2770,-2094,-1101,494,311,-138,125,429,429,0
730042,188,189,687,256,5323,-2947,-1682,428,-380,-29,-178,418,425,0
733355,189,190,518,331,5346,-3221,-1336,379,-48,-210,-54,427,421,0
736689,191,191,68,106,4002,-3337,-1523,328,-124,-184,-61,451,433,0
740042,192,193,181,143,1937,-2085,-2336,247,-3,302,-156,429,415,0
743358,193,194,593,556,1598,-1313,-2633,160,72,69,-23,423,409,0
746693,195,195,706,256,2482,-1488,-2920,58,197,151,65,417,425,0
750042,196,197,931,425,2334,-1833,-2794,-46,-295,173,139,389,400,0
753362,197,198,2262,1868,1877,-1378,-2618,-153,-102,383,306,387,392,0
756696,198,199,2112,1287,1298,-833,-2360,-270,-376,120,111,395,423,0
760043,200,200,1512,1137,-1624,-374,-2356,-390,-376,269,193,411,431,0
763365,201,202,950,931,-3305,89,-2219,-505,423,242,363,441,426,0
766699,203,203,1231,556,-2638,859,-2226,-612,432,180,192,442,462,0
770043,204,205,725,331,-1294,1937,-1810,-708,-298,289,-87,453,458,0
773368,205,206,556,387,-1645,2400,-1644,-811,-334,37,54,462,455,0
776702,207,208,218,687,-1797,2390,-1510,-920,-209,-312,-146,464,439,0
780043,209,209,0,612,-4052,2170,-1479,-1026,236,-107,-141,485,443,0
783371,210,211,0,0,-3257,2423,-921,-1121,-290,52,-238,464,459,0
786706,212,212,125,0,-3975,3053,-501,-1193,-350,66,-77,447,471,0
790064,213,214,256,0,-5153,3182,-523,-1246,503,-59,168,440,449,0
793374,214,215,837,0,-3896,2959,-873,-1299,412,83,308,409,448,0
796710,216,217,1025,200,-1441,3944,-385,-1332,-158,278,572,399,427,0
800064,217,218,968,856,980,4393,61,-1339,454,-157,648,386,376,0
803378,218,219,968,1737,1886,2597,571,-1311,-570,-180,834,386,329,0
806713,219,220,1062,1662,-1872,-169,260,-1299,-209,-133,1177,381,333,0
810068,220,221,1943,2037,-4858,-3047,437,-1286,347,26,1064,372,351,0
813381,221,222,1475,1325,-2511,-2735,970,-1255,829,434,602,397,389,0
816716,223,223,800,1156,1700,-1970,1651,-1179,395,360,475,417,398,0
820068,224,225,0,912,4305,-419,1010,-1111,-246,-64,-62,488,411,0
823384,226,226,0,12,2811,-571,466,-1059,49,98,-313,468,459,0
826719,227,228,0,500,2658,-460,132,-1032,255,81,-160,464,433,0
830068,229,229,50,256,4846,-770,550,-988,-175,41,383,457,446,0
833387,230,230,481,593,4647,-610,230,-947,196,-153,161,434,428,0
836722,232,232,368,312,5027,-478,102,-891,-164,-232,-8,435,438,0
840069,233,233,575,443,4662,-2054,-251,-857,-539,-124,68,424,431,0
843390,234,235,650,537,1855,-2746,-361,-821,-82,-1,204,420,426,0
846725,236,236,425,237,13,-2047,-1201,-785,94,173,-44,416,426,0
850069,237,237,575,556,-726,-887,-1612,-753,14,287,272,408,409,0
853394,238,238,1156,893,-1381,517,-1821,-719,167,237,248,393,407,0
856728,240,240,743,237,-1273,2175,-2151,-699,-110,179,258,399,426,0
860068,241,241,1100,331,-2817,3261,-2382,-692,-142,195,343,380,421,0
863397,242,243,1362,687,-3534,3873,-2686,-702,-172,-114,441,387,423,0
866731,243,244,1850,0,-3208,3407,-2790,-715,495,-195,540,361,450,0
870070,244,245,1643,425,558,504,-2740,-732,394,13,211,372,421,0
873400,245,247,1025,31,2246,-686,-1882,-721,-839,4,-215,405,426,0
876758,247,248,387,537,297,-1227,-1824,-721,-171,-86,11,439,415,0
880091,248,249,425,856,-1047,-1472,-2342,-743,488,-23,-116,437,398,0
883404,250,251,443,406,-375,-250,-1988,-758,239,371,174,436,406,0
886762,251,252,537,293,590,1258,-1523,-759,147,-189,-34,431,428,0
890094,252,253,537,556,-806,886,-432,-744,-407,-199,-416,431,414,0
893406,254,255,0,0,-1432,-459,-386,-741,-189,-9,-54,446,427,0
896765,255,256,425,0,-889,-1729,-991,-755,360,168,564,415,422,0
900094,256,257,537,50,78,-521,-805,-753,177,21,222,409,419,0
903410,257,259,687,12,1507,1113,-306,-751,-305,38,446,401,405,0
906768,259,260,125,1081,734,1770,22,-752,-171,-158,652,415,348,0
910095,260,261,350,1287,-2362,242,-602,-788,-646,-119,725,403,337,0
913414,261,262,593,1212,-6220,-148,-79,-799,430,-47,1046,390,341,0
916772,262,263,762,1306,-5369,-413,615,-793,544,-218,883,397,352,0
920095,264,264,481,1418,-1761,-668,1582,-774,-65,-70,188,418,368,0
923416,265,265,0,837,-125,-776,1466,-780,193,-175,204,456,399,0
926775,267,267,0,612,1004,-1333,1577,-762,169,-159,186,462,411,0
930096,268,268,0,181,1775,-1232,1485,-731,113,-34,-284,452,434,0
933419,270,269,0,500,2377,-861,1491,-688,48,-96,-372,459,417,0
936777,271,271,162,668,2641,-778,1550,-657,-112,-29,306,435,408,0
940095,272,272,537,293,2850,-890,1132,-629,371,-91,140,415,428,0
943423,274,273,425,462,4404,-830,1159,-596,258,234,34,405,419,0
946806,275,275,462,331,5333,-665,752,-564,-555,-284,84,414,421,0
950096,276,276,500,68,2316,-1112,505,-537,-173,-109,327,412,435,0
953427,278,277,0,556,-29,-1160,89,-497,363,71,145,425,409,0
956782,279,279,612,687,1158,-882,-277,-455,-206,241,377,390,386,0
960117,280,280,743,462,589,527,-809,-424,84,276,25,383,398,0
963429,281,281,1437,687,-49,1944,-1336,-398,-66,93,542,362,402,0
966786,282,282,1775,725,530,1943,-1526,-371,-1,-94,621,344,400,0
970122,283,284,1775,181,595,435,-1424,-332,55,52,711,344,413,0
973432,284,285,2000,593,913,-553,-1454,-290,-258,78,475,353,412,0
976786,286,286,1475,443,6,-876,-1507,-252,-134,233,403,365,420,0
980121,287,288,1306,0,-133,-1048,-1646,-244,401,112,373,374,431,0
983435,288,289,987,0,1694,-1138,-1329,-229,-413,217,-103,391,429,0
986787,289,290,650,462,1259,-1009,-751,-179,-73,319,-166,425,419,0
990121,291,292,425,425,671,-209,-839,-143,130,-61,-53,421,405,0
993438,292,293,125,556,452,277,-1153,-132,-157,-25,-122,437,398,0
996787,293,294,368,781,-522,218,-1129,-153,91,-246,-6,440,402,0
1000121,295,295,368,462,-717,-752,69,-139,134,-270,-38,424,419,0
1003442,296,297,0,0,-1383,-1596,356,-97,-582,197,-280,425,428,0
1006787,297,298,106,0,-3287,-1674,-131,-76,78,326,110,432,427,0
1010122,299,300,125,0,-1757,-222,-743,-90,359,86,359,415,420,0
1013445,300,301,312,68,-1080,1095,-261,-99,-282,232,154,405,402,0
1016787,301,302,406,275,-1178,2080,-41,-81,-54,22,442,400,391,0
1020122,302,303,612,856,-272,2541,-189,-84,-79,50,535,389,360,0
1023449,304,304,0,1175,-1395,2337,-53,-105,-603,30,579,410,343,0
1026788,305,305,443,1568,-4254,1036,-313,-165,-196,-253,642,398,338,0
1030122,306,306,856,1625,-5661,-1197,-12,-211,356,-103,521,398,357,0
1033451,307,308,706,1212,-3405,-1062,658,-239,333,81,146,406,379,0
1036809,309,309,31,518,118,-765,1026,-254,99,-17,199,442,416,0
1040143,310,310,12,481,1079,-493,981,-270,-140,112,-53,443,418,0
1043454,312,312,0,481,1029,-7,567,-300,415,73,-201,455,418,0
1046812,313,313,106,781,1896,21,106,-332,-161,-63,106,438,402,0
1050147,314,314,331,650,2358,120,208,-362,146,-218,114,426,409,0
1053458,316,316,31,218,2992,403,98,-383,345,-134,-41,426,416,0
1056840,317,317,631,406,4242,239,112,-395,-318,-235,172,405,417,0
1060147,318,318,650,500,2185,-746,-361,-409,-591,86,249,404,412,0
1063461,319,320,743,912,51,-497,-597,-419,78,156,23,399,390,0
1066813,321,321,443,331,740,501,-976,-424,-245,-86,626,399,405,0
1070147,322,322,1118,781,448,1442,-949,-412,309,-237,765,363,381,0
1073464,323,323,1850,1062,1070,723,-1195,-402,343,22,1007,340,382,0
1076814,324,324,1456,612,2558,228,-1699,-410,-596,-97,829,361,406,0
1080148,325,326,1568,181,2066,-521,-1265,-404,124,-167,702,355,413,0
1083467,326,327,1625,162,1541,-1757,-1466,-403,151,28,601,373,435,0
1086813,327,329,1381,0,1874,-1855,-1057,-385,114,200,617,386,434,0
1090148,329,330,687,0,3292,-1399,-720,-366,-16,-24,106,407,441,0
1093470,330,331,293,0,2526,-1113,-369,-354,-157,105,-15,428,440,0
1096813,331,333,237,162,925,-570,-115,-331,-250,82,-92,447,419,0
1100148,333,334,256,481,-566,-398,-633,-315,107,-100,232,430,402,0
1103474,334,335,406,425,-876,-691,-573,-298,195,-23,-55,422,405,0
1106814,335,337,462,331,-433,-539,9,-299,-306,7,-148,435,410,0
1110148,337,338,462,0,-690,-1064,573,-293,106,-289,-116,419,429,0
1113477,338,339,0,0,-1319,-1948,548,-271,78,-57,-345,425,417,0
1116835,339,341,12,0,-2110,-2223,131,-244,198,92,86,437,415,0
1120170,341,342,106,0,-269,-1353,492,-221,197,-164,209,416,419,0
1123481,342,343,293,200,-117,-899,913,-191,-14,7,16,406,395,0
1126838,343,344,575,406,-702,-621,1028,-153,-142,-11,224,391,384,0
1130172,344,346,556,387,-1270,-247,905,-123,85,374,118,392,369,0
1133483,346,347,87,387,-1626,1313,1089,-79,-363,366,110,401,369,0
1136839,347,348,462,650,-2796,2584,747,-55,-2,175,227,397,371,0
1140172,348,349,781,1212,-2980,3261,85,-73,-206,190,56,402,363,0
1143487,349,350,856,1043,-2525,3476,34,-104,66,-50,243,398,372,0
1146839,351,351,743,1006,-950,2636,333,-124,251,-488,313,404,390,0
1150172,352,353,331,462,-852,420,916,-114,31,-48,238,426,403,0
1153490,353,354,368,443,398,-256,1082,-83,-108,134,28,424,404,0
1156839,355,355,275,706,2199,-360,759,-66,-197,-71,-107,429,406,0
1160173,356,357,218,312,953,-444,585,-51,-236,-33,-27,432,411,0
1163493,357,358,518,481,-294,-149,-230,-61,51,85,171,416,402,0
1166867,359,359,125,968,-737,1047,-719,-72,253,12,263,432,387,0
1170173,360,360,406,837,-281,1695,-840,-80,465,-330,424,417,394,0
1173496,361,361,931,1100,1798,2166,-961,-80,-209,-395,1080,389,380,0
1176840,362,363,1643,800,1999,1522,-685,-71,215,-531,1358,351,380,0
1180173,363,364,2112,1118,2901,1026,-379,-46,-68,-511,1214,326,363,0
1183499,364,365,2262,1568,2905,86,-471,-7,151,-520,1328,334,355,0
1186840,365,366,1850,1306,2435,-1088,-921,2,-40,-502,1088,356,369,0
1190173,367,367,1193,837,1929,-1718,-1328,7,224,-180,571,375,394,0
1193502,368,369,1193,893,2082,-2743,-1287,0,-237,211,391,396,412,0
1196840,369,370,818,68,2410,-3149,-1197,-14,218,-129,178,416,440,0
1200174,370,371,743,0,3957,-2958,-713,-25,-259,123,-255,420,445,0
1203506,372,373,687,0,2339,-2164,-848,-48,-341,263,-380,407,437,0
1206861,373,374,631,200,220,-1535,-1719,-82,-410,131,84,426,433,0
1210198,374,376,68,237,-757,-1809,-1830,-121,-241,-201,46,456,415,0
1213509,376,377,12,500,-2744,-2057,-1299,-162,171,-166,-15,443,401,0
1216865,377,378,762,818,-2968,-2108,-293,-189,242,-277,107,419,400,0
1220201,379,379,706,668,-1673,-2659,36,-205,266,-98,-123,406,408,0
1223512,380,381,0,0,-2055,-3158,-113,-213,-541,105,-319,425,424,0
1226865,381,382,0,0,-3395,-3354,-253,-236,76,126,165,438,423,0
1230205,383,384,68,0,-1940,-3355,-215,-271,343,-102,227,418,422,0
1233515,384,385,293,0,-1337,-3046,208,-297,-285,55,-133,406,412,0
1236865,385,386,368,31,-1906,-2262,344,-315,-33,22,-8,402,404,0
1240207,386,387,706,368,-1310,-1919,340,-338,230,-71,-57,384,386,0
1243518,388,389,312,106,-676,-1731,749,-338,-167,12,-213,405,384,0
1246866,389,390,500,331,-240,-1556,723,-318,194,-109,-29,395,388,0
1250207,390,391,968,893,196,-1834,473,-304,-112,-61,-111,392,380,0
1253522,391,392,912,500,-509,-1723,295,-305,-13,44,100,395,401,0
1256866,393,394,706,500,-345,-1159,682,-313,185,-52,146,406,401,0
1260208,394,395,425,556,-185,-1246,797,-322,-114,112,-4,421,398,0
1263526,395,396,443,706,-940,-1150,368,-334,62,51,160,420,390,0
1266866,397,397,312,668,-15,-962,150,-348,450,36,186,427,408,0
1270208,398,399,218,237,1337,-730,144,-336,-157,231,87,432,415,0
1273528,399,400,406,0,1507,-252,-332,-324,-288,159,82,422,432,0
1276894,401,401,293,462,761,408,-743,-321,-332,97,68,423,414,0
1280208,402,403,312,218,-509,1045,-1083,-325,-59,342,39,422,411,0
1283531,403,404,612,706,-1094,2647,-1982,-365,540,237,374,406,385,0
1286889,404,405,856,950,1870,5127,-2204,-422,181,127,227,393,372,0
1290208,406,406,275,912,2647,6722,-2586,-488,-102,121,4,408,374,0
1293535,407,407,1081,1118,2664,7625,-2968,-552,-49,70,445,381,379,0
1296891,408,409,1568,1043,590,7547,-2813,-599,-48,192,615,355,367,0
1300208,409,410,2300,1381,-463,7095,-2335,-631,137,-411,1311,316,349,0
1303538,410,411,3481,2843,1237,3397,-1678,-646,831,-285,1552,322,340,0
1306904,411,412,3800,2956,3620,-1721,-1622,-675,278,140,1634,293,334,0
1310209,411,413,0,668,5507,-4001,-757,-672,-527,359,752,856,456,0
1313541,412,414,0,293,3427,-4572,29,-617,-194,437,460,858,476,0
1316891,413,415,1812,2037,592,-4408,694,-538,-74,396,484,443,399,0
1320233,415,416,2150,1437,154,-3691,1099,-463,29,328,333,409,431,0
1323544,416,418,1175,612,-75,-2648,1493,-408,165,-4,-350,461,459,0
1326892,418,419,650,912,-351,-1660,1191,-372,-221,-149,-227,489,459,0
1330235,419,421,800,762,-772,-2364,1128,-333,-367,-358,193,481,451,0
1333547,421,422,106,518,-2327,-3958,1351,-283,145,-231,188,480,442,0
1336892,422,424,31,0,-2383,-4948,1614,-225,194,-21,-299,500,476,0
1340235,424,425,218,237,-1734,-3994,1917,-172,187,212,-367,474,457,0
1343551,426,427,481,12,-1523,-3236,2243,-113,-132,118,83,460,453,0
1346893,427,428,368,0,-2425,-3099,2277,-52,-94,44,353,450,455,0
1350235,428,430,106,162,-3092,-2846,2449,0,238,8,291,464,429,0
1353554,430,431,143,312,-3005,-2942,2806,65,-314,251,-70,446,421,0
1356892,431,432,800,1062,-3232,-2451,3031,145,-342,257,138,427,397,0
1360235,433,434,631,1062,-3775,-1077,2880,226,127,16,111,442,403,0
1363558,434,435,725,668,-3812,-482,2907,295,-53,102,77,437,424,0
1366914,435,436,350,818,-3404,-31,2625,352,-26,246,156,473,432,0
1370235,437,438,275,518,-3402,378,2081,406,458,-82,317,461,432,0
1373560,438,439,612,631,-2139,462,1708,455,526,-265,124,443,426,0
1376917,440,441,387,425,-934,-2,1999,513,-208,74,-200,455,437,0
1380235,441,442,275,425,-615,13,2186,591,-184,193,26,461,437,0
1383563,443,444,218,275,206,-1,1606,665,417,-115,228,448,445,0
1386945,444,445,762,331,1679,969,1124,734,136,24,-85,430,437,0
1390237,446,446,481,425,1963,2221,1309,837,114,210,104,429,432,0
1393566,447,448,818,293,2518,3027,1007,937,666,86,328,411,423,0
1396918,448,449,950,406,5128,3532,705,1040,146,164,133,404,417,0
1400260,449,450,856,443,6793,4436,557,1150,18,339,112,409,415,0
1403570,451,452,1418,462,8393,5547,97,1241,432,105,274,395,414,0
1406918,452,453,931,518,10377,7022,-8,1314,-379,304,30,405,411,0
1410261,453,454,1081,668,8743,7256,24,1367,-688,-76,559,397,403,0
1413573,454,456,1962,1512,4888,5940,-497,1402,-372,-314,804,371,379,0
1416919,455,457,2262,987,2716,1120,-645,1405,208,9,1046,355,391,0
1420265,456,458,2206,800,3646,-2290,-1163,1368,110,156,580,358,401,0
1423576,458,459,1812,875,5913,-3041,-1045,1314,-623,550,217,379,397,0
1426919,459,461,725,706,4501,-1955,-506,1264,-864,136,318,437,406,0
1430264,460,462,837,181,-222,-1057,-471,1202,-419,197,-11,431,434,0
1433579,462,463,0,275,-3476,568,-1566,1116,127,-331,-7,477,429,0
1436919,463,465,275,500,-4073,310,-372,1069,-514,-269,60,461,417,0
1440265,465,466,106,237,-6523,-122,-72,1025,-98,-24,78,454,431,0
1443582,466,467,0,0,-8926,-13,-581,956,156,-37,-311,442,422,0
1446942,467,469,462,218,-6367,128,78,899,208,140,145,429,410,0
1450265,469,470,575,143,-3393,961,450,843,226,-139,156,407,414,0
1453585,470,471,837,462,-2480,1550,643,792,241,0,261,393,397,0
1456942,471,473,631,387,120,2056,1149,751,157,-19,400,404,385,0
1460265,472,474,1100,593,2341,2559,1531,711,399,-346,375,379,374,0
1463589,474,475,312,1043,2740,2964,2004,679,-389,-225,432,405,350,0
1466943,475,476,443,1550,880,1414,2387,664,-313,-531,649,414,339,0
1470266,476,477,687,1868,-106,-531,2657,656,-40,-96,290,423,344,0
1473592,478,478,462,1212,-545,-1024,2510,652,511,-83,216,435,379,0
1476943,479,479,537,893,1828,-1874,2674,671,494,-38,482,431,412,0
1480266,480,481,387,368,3513,-2481,2487,695,-97,72,-274,439,424,0
1483595,482,482,0,50,3795,-2403,2244,703,-81,262,-153,458,441,0
1486943,483,484,781,575,3656,-1514,2072,699,54,18,81,418,413,0
1490266,484,485,162,106,4288,-1506,2003,712,29,-45,29,451,438,0
1493598,486,486,0,481,4130,-1195,1823,733,-251,4,-209,445,418,0
1496970,487,488,462,537,3335,-1291,1542,741,-22,-160,15,430,410,0
1500268,489,489,387,462,1845,-2290,1065,743,26,-92,294,418,414,0
1503601,490,490,406,893,50,-2448,947,750,-187,235,112,417,391,0
1506944,491,491,293,762,-404,-856,-91,730,-186,244,290,423,398,0
1510270,493,493,293,893,-1448,921,-1153,691,-323,54,403,407,375,0
1513605,494,494,668,837,-3055,2740,-1662,639,-279,146,238,403,394,0
1516943,495,495,1268,725,-3820,4022,-2778,552,320,-117,833,371,400,0
1520273,496,497,1943,50,-1681,2804,-2248,497,107,-53,992,335,420,0
1523608,497,498,2225,312,1079,1149,-1855,459,140,-16,887,341,427,0
1526944,498,499,1737,256,4095,-1193,-1978,434,-226,-195,335,367,430,0
1530277,499,501,1587,0,3633,-1954,-1859,408,-244,466,237,375,430,0
1533611,501,502,500,31,2595,-1551,-2223,354,-63,-136,165,417,426,0
1536968,502,503,537,406,1173,-1435,-1559,320,333,-112,-210,431,422,0
1540280,503,505,443,406,1151,-1154,-1463,324,52,98,-356,436,406,0
1543614,505,506,50,406,1194,-157,-1439,290,244,-95,28,441,406,0
1546972,506,507,912,668,951,770,-1409,249,183,-311,-2,411,408,0
1550283,507,509,725,237,982,-493,-562,249,-470,-185,-25,421,415,0
1553618,509,510,0,0,-29,-2348,-466,232,-155,178,47,442,413,0
1556977,510,511,350,218,-3924,-2471,-1196,181,188,301,-162,419,410,0
1560286,511,513,331,0,-1727,-654,-1271,121,-212,265,106,420,407,0
1563621,513,514,143,312,-463,803,-852,58,-64,86,221,430,389,0
1566977,514,515,443,443,-2267,2063,-883,-16,-56,30,1,398,382,0
1570290,515,516,425,612,-3009,2425,-848,-105,-115,356,487,399,373,0
1573624,516,517,443,968,-2543,3111,-650,-200,-129,-186,454,398,354,0
1576978,518,518,518,1381,-4374,2012,-581,-301,-268,-220,419,394,348,0
1580293,519,519,987,1606,-5246,57,-785,-404,294,-234,527,391,358,0
1583627,520,521,537,1100,-4293,-1522,105,-485,179,-90,277,415,385,0
1586978,521,522,368,687,-1699,-1297,830,-536,383,-53,106,440,407,0
1590296,523,523,162,893,33,-1831,1041,-574,244,80,-44,435,396,0
1593631,524,524,0,537,768,-1445,826,-613,-253,252,34,450,415,0
1596978,526,526,31,50,400,-637,167,-670,259,15,-41,442,441,0
1600299,527,527,50,368,1156,-679,-84,-730,163,-25,2,441,424,0
1603634,529,529,87,406,2395,-615,356,-767,-6,54,392,439,422,0
1607007,530,530,237,181,2815,-53,-31,-801,74,-39,107,426,429,0
1610303,531,531,556,575,2636,-43,-258,-839,66,-95,504,409,408,0
1613638,532,532,781,762,2499,-1,-328,-846,309,4,328,397,398,0
1616979,534,534,800,631,2523,1358,-189,-816,-209,46,446,380,389,0
1620306,535,535,1250,912,1565,2388,-547,-781,-2,-445,1051,356,374,0
1623641,536,536,1643,1437,1944,1969,-619,-714,60,-351,1002,351,362,0
1626979,537,537,1925,1175,2348,578,-825,-669,-223,-226,1080,336,376,0
1630310,538,538,1456,668,1425,-410,-1085,-645,-150,-87,759,361,403,0
1633643,539,540,1643,387,501,-1624,-1170,-620,576,-142,677,372,423,0
1636979,540,541,1400,125,2386,-3089,-1105,-596,257,-4,221,385,437,0
1640312,541,543,1287,0,3461,-2832,-1004,-558,-340,202,233,391,439,0
1643647,543,544,687,0,3413,-2204,-711,-532,-307,37,34,423,439,0
1647005,544,545,500,162,1019,-1668,-906,-514,-31,82,-325,433,435,0
1650315,545,547,462,631,-75,-1512,-954,-499,-440,-86,-263,435,394,0
1653650,547,548,406,537,-1008,-1473,-995,-486,119,-84,324,422,399,0
1657005,548,549,481,593,-1098,-1499,-520,-485,182,-158,-257,434,412,0
1660319,550,551,68,143,-744,-2138,216,-464,-385,34,-409,440,420,0
1663653,551,552,0,0,-1391,-3465,289,-417,200,-222,-28,424,448,0
1667005,552,553,331,0,-2010,-3853,-200,-384,375,54,-10,420,431,0
1670322,554,555,0,0,-1218,-3317,-2,-357,-125,153,17,423,417,0
1673656,555,556,312,50,-750,-2377,497,-314,-171,166,370,405,403,0
1677006,556,557,500,312,-1165,-1919,609,-269,-60,235,32,395,389,0
1680325,557,559,556,481,-1402,-1391,615,-229,-298,216,76,392,364,0
1683659,558,560,425,537,-2068,169,751,-188,-199,250,176,399,361,0
1687006,560,561,518,875,-2863,1574,619,-144,-317,376,38,394,359,0
1690328,561,562,612,1306,-4094,2368,220,-140,-151,49,93,411,358,0
1693663,562,563,687,1118,-4242,2577,-90,-169,46,107,156,407,368,0
1697006,564,564,706,950,-3888,2836,369,-190,-62,-3,45,406,393,0
1700331,565,566,706,612,-3548,2408,330,-205,505,-340,33,406,395,0
1703666,566,567,368,143,-2520,1258,620,-191,44,-117,45,424,420,0
1707007,568,568,87,631,-1627,1004,185,-183,19,175,13,439,410,0
1710334,569,570,125,218,-1372,1192,-132,-198,511,-130,157,437,416,0
1713670,570,571,331,0,-231,1013,-250,-205,324,-210,12,426,433,0
1717034,572,573,368,125,712,1169,-37,-198,-94,293,28,419,416,0
1720338,573,574,350,218,1057,2703,-237,-195,849,117,344,420,411,0
1723672,574,575,668,200,3196,4791,-468,-204,559,-227,303,403,412,0
1727007,576,576,968,650,5846,4426,316,-177,38,-125,724,371,388,0
1730341,577,578,1606,331,7943,2898,-163,-163,544,-376,906,337,389,0
1733675,578,579,2581,1568,8931,965,-197,-143,-191,-182,1057,317,355,0
1737031,578,580,2318,1962,7115,-947,35,-108,-656,-668,1129,331,318,0
1740345,580,580,1550,2281,3858,-3216,-351,-82,-600,-357,916,356,317,0
1743678,581,581,1587,2468,-1719,-5763,-548,-65,174,131,936,375,328,0
1747035,582,582,968,1437,-1787,-5841,-790,-58,262,163,444,408,383,0
1750347,583,584,1062,800,39,-5129,-339,-47,169,521,247,403,401,0
1753682,585,585,856,218,2544,-2764,251,-10,-126,341,-29,414,432,0
1757040,586,587,443,106,2096,-640,-548,1,-281,-60,-78,436,438,0
1760350,587,588,106,293,1330,-605,-872,5,-167,-220,266,454,428,0
1763685,589,589,0,462,-906,-2008,-606,2,-419,-181,123,457,419,0
1767043,590,591,256,687,-3934,-2686,-110,-7,475,-271,112,446,407,0
1770354,592,592,0,331,-2884,-2578,375,-4,192,86,-358,446,426,0
1773688,593,593,181,0,-1095,-2373,437,15,242,-51,-185,412,425,0
1777043,594,595,350,0,-1479,-2714,722,37,-401,90,-174,419,428,0
1780357,596,596,387,0,-2461,-2508,1162,58,-117,36,31,401,438,0
1783692,597,597,218,237,-2361,-2307,944,69,242,-166,94,410,409,0
1787044,598,599,443,0,-1814,-2668,981,80,-200,-35,-68,398,419,0
1790360,599,600,631,125,-2239,-2559,1187,94,158,88,120,388,399,0
1793694,601,601,687,275,-1483,-2498,1560,123,229,257,132,385,391,0
1797044,602,603,518,668,-951,-1561,1525,164,-341,270,30,394,370,0
1800363,603,604,800,1025,-1514,-490,1210,205,-28,280,185,401,373,0
1803698,604,605,575,931,-1873,770,682,214,-124,159,138,413,378,0
1807044,606,606,518,968,-3095,1422,321,214,-132,189,-38,416,392,0
1810366,607,607,687,912,-2820,1928,206,201,319,-31,78,407,395,0
1813701,608,609,631,556,-1903,1897,464,210,-61,-16,19,410,398,0
1817045,610,610,593,350,-1575,1716,344,225,129,2,-78,412,425,0
1820370,611,611,68,668,-439,985,110,236,307,-110,112,440,408,0
1823704,612,613,218,125,942,526,-73,235,-116,-145,-27,432,421,0
1827072,614,614,125,275,934,343,-331,232,-172,50,-182,432,424,0
1830374,615,615,293,331,1462,603,-319,237,369,12,203,423,421,0
1833707,616,617,518,162,1923,2416,-513,211,-16,-53,139,411,414,0
1837066,618,618,293,387,1752,3954,-460,201,258,102,134,407,402,0
1840376,619,619,706,518,3873,4549,-540,191,596,19,370,385,395,0
1843710,620,621,893,856,7080,5301,-625,170,200,387,236,391,393,0
1847066,621,622,1287,668,7663,6425,-405,168,-330,165,447,370,387,0
1850379,622,623,1943,1043,6107,6181,-1308,145,-260,-449,922,335,367,0
1853713,623,624,3425,2618,3875,2724,-1023,137,-344,-248,1233,325,352,0
1857070,624,625,3068,2412,2485,-1525,-1235,109,-259,132,1260,344,363,0
1860382,625,626,2618,1887,2852,-3861,-1014,70,-276,306,953,368,391,0
1863717,626,627,2506,1887,2679,-4464,-602,68,-226,222,634,374,391,0
1867070,628,629,1662,1025,2258,-4120,-34,94,-671,385,692,419,437,0
1870385,629,630,1062,368,243,-2924,132,117,-276,467,390,451,472,0
1873721,631,632,556,537,-2367,-1663,53,122,159,-61,-152,478,463,0
1877070,632,633,631,856,-1748,-1304,345,121,128,-199,-297,474,446,0
1880389,634,635,0,481,-1330,-1768,462,122,-736,-66,-356,502,450,0
1883723,635,636,0,87,-4376,-1945,572,118,-60,-87,208,471,449,0
1887071,637,638,125,331,-5594,-2754,448,95,579,231,99,463,436,0
1890393,638,639,706,0,-5064,-3029,617,85,-146,163,-394,432,466,0
1893726,640,641,12,237,-3513,-1854,1271,94,-567,229,-7,453,441,0
1897071,641,642,575,12,-4377,-1046,1497,104,42,-88,86,423,437,0
1900396,642,643,631,387,-5304,-947,1578,104,204,-144,100,420,417,0
1903729,644,645,293,800,-4631,-1401,1818,114,-160,144,190,438,395,0
1907071,645,646,593,443,-3726,-770,1808,132,493,127,389,422,414,0
1910398,646,647,950,912,-1397,-141,1500,158,402,-81,207,425,411,0
1913733,648,649,143,706,56,50,1471,194,-183,205,133,452,422,0
1917072,649,650,987,406,890,533,1532,235,-84,165,27,423,438,0
1920402,651,651,368,668,2045,839,1295,261,-6,-122,-17,456,424,0
1923736,652,653,200,368,2205,1018,1169,287,-92,-110,-116,449,424,0
1927092,653,654,368,612,2518,1084,1157,320,401,138,-30,456,427,0
1930405,655,656,143,406,3877,989,920,351,319,-79,131,452,438,0
1933739,656,657,368,387,4587,1022,116,365,-314,57,-62,440,423,0
1937124,658,658,143,312,4035,1027,-245,367,-81,-162,-60,447,438,0
1940409,659,660,443,181,4821,1195,-358,372,175,88,118,431,429,0
1943743,660,661,800,518,6380,2094,-396,374,-106,48,69,412,411,0
1947097,662,662,406,725,6533,2682,-1,391,-584,133,67,417,400,0
1950411,663,664,518,500,4833,2986,-274,402,-295,124,444,411,396,0
1953746,664,665,1081,1700,846,4105,-752,391,-114,230,602,397,348,0
1957096,665,666,1400,1756,-420,4668,-805,406,-365,-231,912,380,345,0
1960414,666,667,1943,1418,-456,2672,-383,426,228,-179,1329,351,363,0
1963749,667,668,2468,1643,1532,-682,-293,456,-208,-63,1038,344,372,0
1967097,669,669,1756,1231,3077,-2350,392,500,-368,-9,830,366,394,0
1970417,670,671,1700,800,2728,-2821,322,529,-368,186,332,369,417,0
1973752,671,672,1212,293,1343,-2200,132,534,91,121,217,411,444,0
1977097,672,673,256,331,1379,-1863,-128,526,23,14,-105,462,442,0
1980421,674,675,106,312,759,-1090,243,532,-559,-107,62,454,427,0
1983755,675,676,275,537,-1410,-444,407,534,19,159,206,461,431,0
1987097,677,678,275,368,-944,-276,742,542,109,-440,-142,445,424,0
1990424,678,679,556,350,-906,-1274,506,540,-784,-224,-339,430,425,0
1993758,680,680,87,350,-4781,-2708,804,551,36,-67,-183,433,419,0
1997098,681,682,237,87,-3966,-2757,364,544,455,-101,-239,425,417,0
2000427,682,683,481,0,-2519,-2493,891,532,-173,52,-117,412,434,0
2003786,683,684,537,181,-2697,-555,1195,522,-309,97,221,409,412,0
2007118,685,686,406,275,-3554,46,1093,507,290,-172,222,400,391,0
2010431,686,687,293,293,-3701,-312,1350,492,-177,265,-14,406,390,0
2013789,687,688,950,743,-3459,737,1193,473,146,337,325,387,382,0
2017122,688,689,406,537,-1757,2095,1092,460,121,129,279,416,393,0
2020433,690,691,612,650,-668,2603,925,443,-156,145,117,411,393,0
2023792,691,692,481,443,496,2593,584,414,-20,119,127,418,404,0
2027122,692,693,462,556,1881,2773,532,390,67,-83,-81,435,414,0
2030437,694,695,331,275,2005,2635,626,373,-150,23,-202,426,413,0
2033795,695,696,162,0,2521,2179,681,358,365,-36,140,435,428,0
2037123,697,697,0,518,3384,2040,338,340,294,-20,51,453,416,0
2040440,698,699,237,481,3627,2318,67,338,-99,73,-32,431,418,0
2043798,699,700,331,0,4214,2254,-363,335,-186,-24,77,426,433,0
2047151,701,701,50,518,3037,1875,-661,325,-205,-113,227,436,411,0
2050443,702,702,350,650,444,2177,-1229,299,-172,14,157,420,404,0
2053802,703,704,725,968,-1362,2376,-1509,252,54,-498,747,400,371,0
2057123,704,705,1381,1193,-159,1296,-1411,217,-215,-606,1142,365,359,0
2060446,705,706,1981,1156,828,359,-796,215,219,-417,1215,333,361,0
2063805,706,707,2262,1062,2913,-439,-1560,192,-226,-483,1588,334,382,0
2067123,707,708,2000,875,3620,-1191,-1266,164,-340,-64,984,348,392,0
2070450,708,709,1381,387,2584,-1894,-763,149,-430,-247,819,381,418,0
2073806,710,711,631,256,1872,-2736,-912,109,27,134,460,426,430,0
2077124,711,712,687,0,3637,-2401,-871,71,-107,383,307,423,445,0
2080453,712,714,725,0,5296,-1585,-531,51,-241,-146,-195,421,445,0
2083811,714,715,725,0,3630,-1163,5,55,-221,2,-473,421,444,0
2087145,715,717,631,0,1267,-1347,-42,46,-329,-28,232,426,431,0
2090456,716,718,425,293,60,-1554,-658,13,7,-84,270,437,412,0
2093814,718,719,518,1025,-953,-873,-559,-27,203,91,56,432,389,0
2097148,719,721,818,650,-302,-194,166,-38,-204,-41,251,416,393,0
2100460,720,722,425,331,367,-976,757,-39,-115,-308,-68,437,410,0
2103815,722,723,125,12,-706,-2492,546,-34,-3,83,-378,431,421,0
2107149,723,725,162,0,-1249,-2525,350,-50,4,139,-71,429,427,0
2110462,725,726,200,0,456,-2126,834,-62,18,-204,148,427,440,0
2113815,726,727,518,0,404,-1564,1014,-64,57,51,-86,394,414,0
2117149,727,729,518,68,-429,-1076,1224,-68,149,36,265,394,386,0
2120466,728,730,481,312,18,-1115,1407,-61,51,294,31,396,373,0
2123815,730,731,462,687,623,-524,1370,-53,-220,282,-15,397,369,0
2127150,731,732,556,706,-779,407,1375,-39,-25,132,284,392,368,0
2130470,732,733,743,1268,-865,1196,1006,-26,42,-59,-113,404,360,0
2133815,733,734,706,1006,-1087,1526,983,-11,-130,258,72,406,374,0
2137149,735,736,781,500,-778,1673,1135,3,284,-206,184,402,401,0
2140472,736,737,518,331,-44,1427,1151,18,-76,24,-80,416,410,0
2143816,737,738,0,350,445,784,1300,48,70,55,68,445,409,0
2147150,739,739,106,650,1804,403,845,73,302,-78,69,438,409,0
2150476,740,741,218,256,2921,367,562,101,-135,-53,-44,432,414,0
2153816,741,742,0,237,2816,214,300,131,-12,-117,31,444,415,0
2157178,743,743,425,556,1860,-74,215,177,-16,85,96,416,409,0
2160478,744,745,537,593,-653,314,-525,207,-356,234,78,410,391,0
2163836,745,746,368,650,-3409,1359,-833,225,222,-92,28,419,388,0
2167150,747,747,143,1137,-3700,1271,-1065,217,-588,-284,457,415,362,0
2170482,748,748,706,1325,-6259,920,-1775,210,10,-86,423,385,352,0
2173840,749,749,2562,1531,-4583,1349,-1447,205,708,-146,1408,302,357,0
2177172,750,751,2768,668,-181,517,-712,206,-74,-277,1589,291,387,0
2180485,751,752,2112,350,1503,-2033,361,246,431,129,1621,326,404,0
2183840,752,753,2318,1137,3455,-3264,331,284,-183,263,1270,336,383,0
2187174,753,754,1850,650,3561,-2972,727,323,-42,242,755,361,409,0
2190488,754,755,1512,368,3206,-1471,151,327,159,-22,60,379,424,0
2193841,755,757,1381,0,4053,-534,158,334,96,203,249,402,454,0
2197176,756,758,1006,106,4214,181,487,369,-300,192,191,422,438,0
2200491,758,760,556,0,3601,260,878,414,-112,-48,-245,430,441,0
2203841,759,761,593,687,2704,-145,282,418,-226,-129,52,444,407,0
2207176,761,762,256,856,1239,-175,6,395,199,-440,231,446,398,0
2210495,762,764,331,1025,787,-794,839,404,138,-224,-245,442,389,0
2213841,763,765,387,218,1248,-1805,1907,452,-355,183,-448,433,410,0
2217176,765,766,425,0,428,-2088,1907,486,77,25,-11,415,424,0
2220498,766,768,387,0,365,-1634,1359,497,123,-18,-84,417,431,0
2223842,767,769,256,0,708,-1168,1359,501,-240,69,147,424,421,0
2227176,769,770,125,0,669,-695,1809,513,-46,37,373,415,409,0
2230501,770,772,387,443,366,-318,2111,537,41,147,-61,401,382,0
2233843,771,773,800,687,428,375,2018,557,108,541,122,395,369,0
2237176,772,774,443,706,379,1926,2134,592,-118,33,-47,414,368,0
2240504,774,775,912,1137,164,2704,1833,619,-108,261,118,395,367,0
2243842,775,776,537,893,1,2916,1337,625,-49,21,-8,415,380,0
2247176,776,777,875,912,306,2672,1162,625,82,-85,-101,413,395,0
2250507,778,779,200,462,975,2544,1723,638,-19,-100,-121,433,403,0
2253863,779,780,312,406,1185,1947,2131,679,343,-73,175,427,406,0
2257200,780,781,575,687,2498,1727,1483,707,342,-27,-6,429,407,0
2260510,782,783,0,293,2910,1579,997,729,86,-29,105,449,412,0
2263867,783,784,462,237,3781,1473,740,746,70,-40,67,419,415,0
2267228,784,785,275,425,4927,1002,941,791,-493,-63,-130,440,416,0
2270513,786,787,275,181,1487,1431,136,822,-707,265,-63,424,413,0
2273867,787,788,237,556,-1137,2349,-611,836,-51,216,54,426,393,0
2277201,788,789,31,818,-1514,2407,-683,870,-148,-365,164,437,379,0
2280517,790,790,106,1306,-4118,1472,-1073,882,-1140,48,184,417,353,0
2283867,791,791,762,1625,-8717,1513,-1774,848,-627,-199,229,398,352,0
2287200,792,792,1250,1418,-11361,879,-2365,763,-346,-323,179,372,363,0
2290520,793,794,1981,668,-11765,-2078,-2765,667,704,-487,685,333,403,0
2293868,794,795,2375,143,-6156,-4955,-2571,563,1233,401,1628,333,436,0
2297200,795,796,2337,312,2395,-4610,-2475,481,-605,247,1055,335,427,0
2300523,796,797,2187,256,4801,-4149,-957,447,126,256,651,343,430,0
2303868,797,799,1681,181,3982,-2816,-315,421,-66,87,678,386,434,0
2307201,799,800,1100,443,4925,-1394,218,401,124,-132,459,401,420,0
2310526,800,802,443,293,4695,-1139,1462,438,21,276,-330,436,428,0
2313868,801,803,368,425,3784,-502,1788,493,-298,-34,-266,456,421,0
2317201,803,804,575,556,2479,-551,1084,501,-105,-29,-16,429,414,0
2320529,804,806,443,593,1837,-436,358,453,435,-6,209,436,412,0
2323868,806,807,0,331,3462,749,325,403,-472,286,-274,440,404,0
2327202,807,808,181,462,1621,1345,1568,410,-206,96,-102,428,397,0
2330533,808,810,406,462,-182,804,1762,422,-181,51,-271,416,397,0
2333889,809,811,443,50,-1355,662,1527,414,-167,171,-72,414,403,0
2337226,811,812,481,12,-1306,1988,1939,408,1,-136,292,396,405,0
2340536,812,813,200,162,-1946,2696,1925,405,-190,-35,-72,411,397,0
2343893,813,815,631,743,-3135,2784,2003,401,-447,-48,183,404,366,0
2347229,815,816,518,1025,-5489,2232,1891,403,-339,-100,283,394,351,0
2350539,816,817,725,1212,-8913,1050,1826,418,-353,76,192,405,363,0
2353893,817,818,837,1006,-9057,-190,1167,418,885,-155,430,399,374,0
2357229,818,819,968,931,-5636,-1546,1166,401,729,-4,211,408,394,0
2360542,820,820,218,950,-912,-1802,2568,415,-2,314,208,432,393,0
2363894,821,822,575,106,323,-340,2318,441,-235,178,-69,413,422,0
2367235,822,823,256,443,-1077,-178,1618,460,-391,38,-74,446,420,0
2370545,824,825,0,443,-1597,230,1579,486,-44,-80,-245,448,420,0
2373894,825,826,0,0,-190,67,1591,507,329,-168,-70,446,430,0
2377263,827,827,31,425,765,-530,1414,547,406,-135,239,437,416,0
2380549,828,829,106,406,2392,-406,1274,606,346,-9,253,433,417,0
2383894,829,830,237,68,3589,310,1509,674,104,-209,317,426,419,0
2387236,831,831,406,481,3302,704,1602,758,117,-153,565,401,397,0
2390552,832,832,818,650,3169,892,1568,862,237,-35,756,379,388,0
2393894,833,834,1793,968,4657,406,2110,1002,361,-457,1080,343,371,0
2397236,834,835,2037,1606,6271,-600,2270,1159,-126,-218,679,330,337,0
2400556,835,836,1606,1193,4066,-1540,1940,1300,-494,-337,1022,353,359,0
2403895,836,837,2731,2000,1660,-3099,1463,1423,-423,-129,694,362,385,0
2407236,837,838,1700,1081,-405,-4426,1226,1492,193,175,688,417,434,0
2410558,839,839,950,631,1025,-5135,917,1530,409,-1,417,441,458,0
2413916,840,841,1437,350,2995,-4526,784,1548,-217,416,-213,431,473,0
2417236,841,843,1231,68,2865,-2939,508,1518,-547,436,-74,442,472,0
2420561,843,844,762,0,1180,-1623,-34,1461,167,-159,365,451,484,0
2423919,844,846,256,631,897,-2032,-174,1422,-59,-126,202,494,442,0
2427236,846,847,368,912,-45,-2342,178,1416,-328,-142,-188,472,427,0
2430565,848,849,312,818,-1828,-2138,823,1432,-384,48,-156,475,432,0
2433919,849,850,350,181,-2170,-2922,1115,1417,696,-357,-19,451,444,0
2437237,850,851,368,31,-1088,-4168,1667,1414,-156,127,-141,450,452,0
2440568,852,853,200,0,-2655,-3426,1678,1419,-87,14,-260,443,447,0
2443921,853,854,387,0,-3103,-2741,1151,1395,-149,231,188,433,440,0
2447261,855,856,12,0,-3043,-1929,663,1355,-22,199,304,437,429,0
2450572,856,857,406,293,-3873,-433,1068,1326,-283,311,143,416,406,0
2453920,857,858,875,1212,-4089,499,1154,1303,-171,281,197,407,373,0
2457263,858,859,687,1081,-3888,1512,646,1266,-127,232,-68,417,380,0
2460575,860,861,931,950,-4008,2998,280,1238,-284,154,-4,410,393,0
2463920,861,862,237,950,-4239,3343,-57,1200,322,-262,45,447,393,0
2467263,863,863,87,931,-3623,2464,184,1126,268,-214,22,455,410,0
2470578,864,865,687,218,-1990,2025,573,1071,-186,-51,-26,423,432,0
2473920,865,866,87,200,-2009,2048,350,1031,235,50,192,455,433,0
2477263,867,867,406,668,-1405,1890,-64,980,452,-231,101,438,424,0
2480581,868,869,181,256,-355,1547,-125,926,-44,-570,-17,450,430,0
2483921,870,870,12,218,2095,106,1666,934,496,-546,394,443,432,0
2487291,871,872,725,218,5424,-2340,1272,934,882,-652,433,416,427,0
2490584,872,873,1118,0,9267,-4524,188,893,672,-878,838,395,440,0
2493942,873,874,1006,462,12710,-6574,1764,898,12,-466,280,401,414,0
2497264,875,875,950,1681,14414,-6928,683,870,-464,-877,298,388,349,0
2500587,876,876,425,2975,13996,-6421,2072,869,-1000,-486,276,416,280,0
2503945,877,877,725,2881,10529,-4348,1181,835,-2048,-208,768,416,301,0
2507264,878,877,1137,3181,2849,-622,-872,747,-919,-349,922,394,301,0
2510590,879,877,2356,3800,-2088,1505,-2269,631,-395,-344,841,329,90,0
2513958,880,877,3143,3800,-3064,2085,-2353,519,-124,381,118,308,100,0
2517264,881,877,968,0,-4690,4548,-3681,375,-72,99,82,424,859,0
2520595,882,877,1887,0,-6063,6256,-4118,222,237,-166,265,375,860,0
2523945,883,877,1568,0,-4247,5937,-4050,79,317,171,196,408,867,0
2527277,884,878,2318,3800,-1073,5594,-4243,-51,-162,-138,-287,368,270,0
2530597,885,879,1231,3800,-983,5544,-4478,-186,-53,49,177,426,333,0
2533959,887,880,368,3800,417,5886,-4033,-317,-300,-237,-267,472,378,0
2537289,888,882,406,0,-2196,5617,-3552,-454,421,-550,112,470,878,0
2540600,890,883,406,893,-1009,6508,-2618,-571,-166,-130,-54,454,540,0
2543946,891,884,743,2337,-1976,6218,-1951,-684,-341,-4,66,430,457,0
2547292,893,886,106,1193,-2924,5702,-2989,-829,216,306,130,448,502,0
2550603,894,888,406,1512,-3614,7314,-4518,-1007,53,198,-192,432,485,0
2553947,895,889,650,1212,-4261,8727,-3961,-1151,-294,85,-166,419,485,0
2557292,896,891,462,875,-4655,9359,-3075,-1281,-171,-206,139,429,487,0
2560607,898,893,406,631,-4461,8403,-2096,-1382,-132,-249,-89,416,500,0
2563947,899,894,481,425,-1605,6198,-1675,-1455,1139,-787,833,428,511,0
2567293,900,896,1212,725,240,2819,-3409,-1570,-605,-333,358,389,479,0
2570610,902,897,1831,2187,-5984,-2255,-3932,-1691,-551,-673,475,378,423,0
2573969,903,899,1343,2431,-9503,-7204,-2846,-1786,163,-148,785,388,394,0
2577293,904,900,1418,2562,-9469,-10616,-3250,-1905,1067,23,561,400,403,0
2580614,905,901,1606,1943,-3376,-13268,-2685,-2000,872,416,666,390,436,0
2583971,906,903,1137,893,2213,-12759,-2203,-2067,-415,9,88,415,476,0
2587293,908,904,968,218,1794,-12041,-3111,-2160,-982,-319,-584,424,528,0
2590616,909,906,518,200,-5036,-11066,-3210,-2313,1130,-92,-86,448,513,0
2593971,911,908,312,331,-971,-12251,-3542,-2463,1348,-329,82,443,490,0
2597321,912,909,556,687,3797,-12336,-3338,-2573,-465,480,-142,441,482,0
2600619,913,911,1006,631,3063,-10501,-2494,-2706,85,706,568,417,469,0
2603971,915,912,725,500,2236,-7516,-2167,-2795,705,636,949,416,476,0
2607294,916,914,1006,0,6416,-4357,-2139,-2927,285,436,432,401,503,0
2610622,917,916,1025,162,10468,-1700,-1925,-3024,304,724,117,400,478,0
2613971,919,917,1193,312,9520,1012,-1770,-3052,154,477,449,391,470,0
2617295,920,919,1587,0,8809,4350,-2703,-3066,-45,415,341,370,471,0
2620626,921,920,1700,12,10390,5751,-2609,-3074,273,248,193,364,470,0
2623971,922,922,1718,706,11845,5976,-2870,-3048,290,-20,-318,384,438,0
2627294,923,923,1493,818,11586,6043,-3319,-3023,-234,12,-129,396,432,0
2630629,925,925,1025,275,8776,5111,-3504,-3006,-344,113,59,421,445,0
2633972,926,926,350,912,7361,4814,-3370,-2979,-834,84,-316,457,427,0
2637298,928,927,0,1193,4322,4093,-2640,-2922,-167,124,-377,477,412,0
2640632,929,929,87,237,175,3713,-2470,-2873,374,-101,100,455,447,0
2643972,930,930,256,575,2225,4242,-1694,-2815,-159,-134,-19,462,445,0
2647301,932,932,425,143,3407,3908,-1165,-2769,-296,13,-295,437,452,0
2650635,933,933,312,368,384,3582,-935,-2737,48,235,-162,443,440,0
2653973,935,935,68,125,-772,4153,-1161,-2680,228,-31,72,434,431,0
2657305,936,936,181,237,546,4973,-432,-2553,-59,-216,65,428,425,0
2660638,937,937,68,200,1246,4164,-207,-2435,-108,8,-134,434,427,0
2663996,939,939,0,387,1535,2981,-135,-2343,-721,-149,194,422,401,0
2667307,940,940,293,1025,158,597,1345,-2236,-1154,-360,-1,406,367,0
2670642,941,941,687,1981,-4626,-1890,2509,-2105,-1273,-193,467,385,316,0
2674000,942,942,1062,2356,-9619,-4522,3521,-1889,-271,-125,71,381,312,0
2677310,944,942,800,2712,-12913,-6785,3798,-1647,-80,323,2,379,309,0
2680645,945,943,1175,2393,-13371,-6909,3558,-1447,233,234,220,381,348,0
2684000,946,944,912,1662,-12675,-6305,2842,-1257,-96,439,-9,395,387,0
2687314,947,946,1212,1118,-12906,-4327,2630,-1090,-273,89,-15,395,416,0
2690648,948,947,1100,1268,-15760,-4426,1400,-978,991,117,855,401,408,0
2694006,950,948,762,1437,-13544,-5681,891,-853,1299,841,1106,403,399,0
2697317,951,949,1812,1193,-6441,-4821,260,-744,1198,84,827,363,428,0
2700651,952,951,2000,481,1637,-6531,1346,-592,-373,642,644,353,450,0
2704006,953,952,987,743,2666,-5051,740,-464,-400,860,-181,407,436,0
2707324,954,954,800,575,-843,-1559,-37,-387,451,448,-113,428,440,0
2710655,956,955,218,368,925,129,-1349,-362,536,-180,-159,443,451,0
2714006,957,957,837,106,3784,-454,-1249,-334,357,153,296,410,449,0
2717324,958,958,950,275,5416,323,-575,-292,159,-18,33,404,440,0
2720658,960,959,1118,425,6504,1523,-1394,-280,674,-154,215,395,432,0
2724007,961,961,818,668,9182,877,-1768,-251,422,-68,177,411,419,0
2727326,962,962,1006,950,10685,1623,-2352,-243,346,204,24,401,404,0
2730661,963,964,1418,425,10445,3507,-4048,-280,71,7,101,379,432,0
2734007,964,965,1850,162,11342,2536,-3114,-273,-555,69,178,377,451,0
2737330,966,966,1193,931,8969,1898,-2735,-249,-492,306,116,396,410,0
2740664,967,967,1381,1531,5694,1958,-2558,-224,-873,176,297,386,378,0
2744007,968,969,1025,1812,742,1118,-2388,-216,-75,341,516,421,363,0
2747333,970,970,181,1437,-1829,615,-1728,-193,-576,-4,-139,450,383,0
2750668,971,971,462,1118,-3350,565,-1052,-173,17,451,41,435,400,0
2754007,972,972,162,875,-4075,1815,-1165,-173,607,136,-67,467,429,0
2757336,974,974,237,387,412,3762,-779,-168,-599,5,85,447,439,0
2760670,975,975,650,875,-2169,2860,-455,-146,-807,-204,-69,425,413,0
2764008,977,976,256,912,-6909,1296,-226,-139,274,-158,569,424,405,0
2767339,978,978,31,312,-7631,778,-290,-142,545,-265,-256,436,421,0
2770674,979,979,237,181,-3916,427,394,-125,-416,375,-190,425,428,0
2774032,981,980,0,237,-5273,911,633,-148,68,65,321,425,425,0
2777343,982,982,162,50,-5018,1609,188,-220,946,160,218,413,419,0
2780677,983,983,800,218,-1787,1247,579,-312,347,381,488,379,410,0
2784033,984,984,2000,668,367,1492,-20,-431,316,69,496,331,402,0
2787346,985,986,2131,987,2387,1936,8,-542,188,474,606,324,385,0
2790680,986,987,2412,2075,4247,1325,-253,-639,-221,260,523,331,349,0
2794033,987,987,2150,2337,3330,231,-87,-724,-456,201,944,345,335,0
2797349,988,988,2431,2675,-392,-3360,-604,-787,-498,294,830,346,333,0
2800683,989,989,2393,2506,-2453,-4621,-94,-817,661,796,671,348,342,0
2804034,990,990,1662,1887,-422,-4274,-124,-829,3,483,438,387,375,0
2807352,992,991,931,1906,1301,-1775,434,-858,-333,437,40,426,390,0
2810686,993,993,650,1325,-515,-842,168,-876,-318,328,260,441,405,0
2814034,994,994,312,1006,-2853,-517,-200,-881,333,-30,71,459,422,0
2817355,996,995,275,931,-1284,-212,-109,-842,717,-257,-189,456,437,0
2820690,997,997,537,556,976,-1160,357,-792,-126,46,257,442,441,0
2824034,999,998,87,537,1849,-1085,-643,-794,-316,-227,161,450,442,0
2827358,1000,1000,368,425,703,-1498,-1587,-800,-9,-484,-100,435,432,0
2830694,1002,1001,143,0,1188,-2777,-803,-770,-95,174,-291,447,461,0
2834035,1003,1003,331,331,680,-2671,-681,-718,-179,384,88,437,437,0
2837362,1004,1004,762,50,-812,-1180,-2171,-659,338,-140,83,414,452,0
2840697,1006,1005,1062,668,421,-911,-1795,-618,427,376,178,398,419,0
2844035,1007,1007,1137,331,3109,-40,-1374,-575,83,383,231,399,442,0
2847365,1008,1008,1343,443,4654,2044,-2071,-560,46,151,50,388,436,0
2850699,1009,1010,1475,500,5035,3098,-1914,-545,231,227,191,381,433,0
2854058,1010,1011,1550,406,5398,3676,-2053,-555,-125,-93,-16,393,438,0
2857369,1012,1013,912,12,4275,3558,-2043,-586,-550,52,44,411,443,0
2860702,1013,1014,368,368,3157,3354,-1970,-612,-120,20,65,440,424,0
2864060,1014,1015,350,293,2439,2722,-2086,-652,6,-990,191,457,444,0
2867372,1016,1017,237,593,-1993,855,-3125,-736,-1401,-973,111,447,412,0
2870707,1017,1018,368,1025,-6053,-1693,-1358,-771,-419,-1185,141,440,389,0
2874063,1019,1019,181,931,-7808,-4232,179,-757,-647,-1141,206,428,388,0
2877374,1020,1020,350,537,-10848,-8508,-1542,-817,-1394,-574,-460,419,409,0
2880709,1021,1022,200,106,-15727,-9376,-2654,-920,553,-134,342,427,416,0
2884063,1023,1023,143,0,-12527,-8203,-4136,-1055,1062,96,589,414,432,0
2887378,1024,1025,706,0,-4377,-4699,-3329,-1177,429,76,892,384,432,0
2890712,1025,1026,1343,0,-1008,-1005,-2042,-1240,607,-148,1035,350,412,0
2894071,1026,1027,3200,518,1287,1353,91,-1238,297,-371,1092,267,394,0
2897381,1026,1028,3106,1625,-298,2260,773,-1206,-124,-558,1281,288,335,0
2900715,1027,1029,2337,2225,-3417,1173,795,-1178,753,108,845,351,325,0
2904072,1027,1030,0,1268,-3937,1547,609,-1140,1471,716,186,850,376,0
2907384,1027,1031,3800,2075,2689,6158,1590,-1087,350,167,286,121,349,0
2910718,1028,1032,0,425,3067,6934,755,-1060,43,-213,-177,845,437,0
2914072,1028,1033,0,31,474,6639,308,-1064,501,-70,-615,848,458,0
2917387,1028,1035,3800,893,1777,7142,-947,-1099,-346,11,-372,252,412,0
2920722,1029,1036,0,50,-920,7487,-1577,-1142,-59,-320,-46,856,457,0
2924072,1030,1037,0,425,-2596,6350,-1723,-1192,614,-198,-114,855,437,0
2927391,1031,1039,3800,1118,704,6914,-437,-1217,-246,-266,80,364,395,0
2930725,1032,1040,0,218,291,8377,9,-1197,167,-278,159,629,443,0
2934073,1034,1041,500,218,-465,9152,278,-1138,585,39,58,540,443,0
2937394,1035,1043,2806,256,2167,9056,1043,-1081,153,-354,181,417,425,0
2940728,1036,1044,2112,200,2490,9004,1119,-1024,188,-376,344,454,428,0
2944073,1038,1045,1550,762,3003,9354,1285,-916,30,-40,-51,484,414,0
2947397,1040,1047,1156,725,4698,9150,2036,-797,-85,-43,-187,505,400,0
2950732,1041,1048,856,593,5768,8200,2330,-681,698,-172,255,505,407,0
2954073,1043,1049,2656,1175,7776,6382,1399,-573,598,-523,292,462,445,0
2957401,1044,1051,2356,612,9687,1695,1347,-471,769,-237,359,478,459,0
2960735,1046,1052,2412,218,11962,-1302,90,-404,-215,-584,606,459,480,0
2964073,1047,1054,3125,1137,14150,-4282,-674,-361,482,-531,381,437,431,0
2967404,1048,1055,2600,518,16402,-8440,-1096,-334,-59,-458,59,465,464,0
2970738,1050,1056,2412,706,16744,-11277,-733,-291,-895,207,-390,459,454,0
2974094,1051,1058,1550,912,15369,-12633,492,-178,-1223,-232,-1022,521,443,0
2977406,1053,1059,500,987,6838,-9874,-563,-153,982,-230,7,561,439,0
2980741,1055,1061,31,593,10156,-9719,-831,-185,286,-372,479,570,444,0
2984098,1057,1062,856,406,13246,-11737,-539,-154,-1032,-319,12,504,448,0
2987410,1058,1064,1118,500,7505,-13772,570,-53,-990,-143,-469,490,443,0
2990744,1060,1065,893,275,2818,-14356,592,94,-1752,593,221,486,439,0
2994098,1062,1066,125,612,-3259,-12744,642,218,-1051,635,63,511,421,0
2997413,1064,1068,162,687,-7688,-8117,-150,277,-58,655,196,509,401,0
3000747,1065,1069,0,1531,-8054,-5693,164,279,-682,473,201,520,356,0
