Time, Rlegs, Llegs, DCL, DCR, GyroX, GyroY, GyroZ, GyroZAvg, AccelX, AccelY, AccelZ, LBEMF, RBEMF, SteerOut
2904,802,828,0,0,202,-135,-153,-152,-20,-2,224,72,73,0
6238,802,828,0,0,200,-137,-153,-152,-21,0,226,72,73,0
9588,802,828,0,0,203,-133,-153,-152,-20,-3,224,72,73,0
12907,802,828,0,0,199,-134,-152,-152,-22,0,229,72,73,0
16241,802,828,0,0,201,-134,-154,-152,-17,-5,224,72,73,0
19589,802,828,0,0,199,-136,-153,-152,-19,-1,224,72,73,0
22911,802,828,0,0,202,-138,-154,-152,-22,0,226,72,73,0
26245,802,828,0,0,202,-136,-152,-152,-20,0,225,72,73,0
29589,802,828,0,0,201,-137,-153,-152,-18,2,229,72,73,0
32913,802,828,0,0,204,-138,-155,-152,-19,0,222,72,73,0
36248,802,828,0,0,201,-136,-155,-152,-18,-1,222,72,73,0
39589,802,828,0,0,203,-137,-152,-152,-19,-1,229,72,73,0
42917,802,828,0,0,203,-133,-154,-152,-21,0,224,72,73,0
46252,802,828,0,0,202,-133,-152,-152,-17,-2,225,72,73,0
49589,802,828,0,0,202,-134,-151,-152,-23,0,225,72,73,0
52920,802,828,0,0,206,-130,-153,-152,-22,0,226,72,73,0
56254,802,828,0,0,205,-132,-152,-152,-21,0,221,72,73,0
59590,802,828,0,0,204,-133,-149,-152,-17,-4,223,72,73,0
62923,802,828,0,0,205,-134,-151,-152,-21,-2,223,72,73,0
66257,802,828,0,0,203,-133,-149,-152,-19,-1,222,72,73,0
69611,802,828,0,0,204,-131,-149,-152,-23,-2,228,72,73,0
72927,802,828,0,0,202,-136,-151,-152,-20,-3,223,72,73,0
76261,802,828,0,0,204,-136,-151,-152,-22,-1,226,72,73,0
79614,802,828,0,0,204,-135,-154,-152,-25,0,224,72,73,0
82930,802,828,0,0,199,-138,-150,-152,-19,1,222,72,73,0
86264,802,828,0,0,203,-134,-155,-152,-18,-3,225,72,73,0
89615,802,828,0,0,202,-133,-154,-152,-20,0,226,72,73,0
92933,802,828,0,0,199,-136,-153,-152,-19,-2,229,72,73,0
96268,802,828,0,0,200,-136,-153,-152,-19,-1,228,72,73,0
99615,802,828,0,0,199,-136,-154,-152,-18,-2,225,72,73,0
102936,802,828,0,0,198,-138,-155,-152,-23,0,221,72,73,0
106270,0,0,800,781,197,-135,-153,-152,-20,0,224,72,73,0
109616,0,0,800,781,200,-138,-155,-152,-20,-1,223,72,73,0
112939,0,0,800,781,198,-139,-153,-152,-17,-3,226,72,73,0
116273,0,0,800,781,201,-137,-154,-152,-20,-3,226,72,73,0
119615,0,0,800,781,200,-135,-152,-152,-18,1,224,72,73,0
122943,0,0,800,781,200,-135,-153,-152,-18,1,226,72,73,0
126277,0,0,800,781,204,-134,-153,-152,-18,0,226,72,73,0
129616,0,0,800,781,202,-134,-152,-152,-18,-1,225,72,73,0
132946,0,0,800,781,204,-133,-151,-152,-22,1,229,72,73,0
136280,0,0,800,781,202,-135,-151,-152,-22,-3,226,72,73,0
139615,0,0,800,781,202,-134,-151,-152,-19,-7,223,72,73,0
142949,0,0,800,781,204,-132,-153,-152,-22,0,225,72,73,0
146304,0,0,800,781,206,-134,-152,-152,-20,-2,226,72,73,0
149637,0,0,800,781,206,-133,-153,-152,-21,0,222,72,73,0
152953,0,0,800,781,204,-134,-153,-152,-20,1,225,72,73,0
156307,0,0,781,781,201,-132,-152,-152,-21,0,225,73,73,0
159641,0,0,800,781,203,-132,-152,-152,-21,0,223,72,73,0
162955,0,0,800,781,202,-133,-151,-152,-20,-2,224,72,73,0
166310,0,0,800,781,202,-132,-154,-152,-18,0,223,72,73,0
169640,0,0,800,781,205,-134,-152,-152,-20,-3,225,72,73,0
172958,0,0,800,781,199,-135,-152,-152,-21,1,223,72,73,0
176313,0,0,800,781,201,-136,-154,-152,-18,-2,226,72,73,0
179641,0,0,800,781,203,-136,-151,-152,-17,0,224,72,73,0
182961,0,0,800,781,201,-138,-152,-152,-19,0,222,72,73,0
186318,0,0,800,781,201,-137,-152,-152,-18,0,222,72,73,0
189641,0,0,800,781,202,-135,-153,-152,-17,-1,225,72,73,0
192965,0,0,800,781,203,-137,-152,-152,-22,-1,229,72,73,0
196320,0,0,800,781,202,-134,-151,-152,-23,-1,222,72,73,0
199642,0,0,800,781,202,-133,-152,-152,-22,1,224,72,73,0
203104,0,0,800,781,199,-135,-152,-152,-19,-3,221,72,73,0
206326,0,0,293,293,195,-146,-152,-152,-82,-17,199,170,170,0
209645,1,0,0,275,53,-299,-151,-152,-108,-12,218,182,171,0
212972,1,1,256,125,-267,-327,-306,-157,85,-34,263,172,179,0
216327,2,1,125,200,335,-424,-235,-159,-11,6,264,179,191,0
219646,2,2,462,237,821,-453,-249,-162,-128,41,213,177,189,0
222974,2,2,725,350,580,-224,-303,-167,-105,61,160,179,199,0
226332,3,3,481,406,383,20,-316,-172,-151,-32,205,192,196,0
229666,3,3,800,443,83,124,-327,-177,-134,-15,380,191,210,0
232977,4,4,162,256,-399,-35,-429,-186,-128,51,373,209,204,0
236335,5,4,275,668,-524,-193,-429,-195,-21,-17,242,203,198,0
239669,5,5,387,518,-641,-362,-318,-200,-75,50,262,213,206,0
242981,6,6,575,612,-1288,-423,-31,-196,-100,-31,322,203,201,0
246336,6,6,462,593,-1822,-772,272,-183,-15,7,347,207,200,0
249670,7,7,443,818,-1779,-1341,461,-164,-95,115,303,208,188,0
252984,7,7,706,875,-1808,-1663,789,-134,-11,85,292,194,185,0
256336,8,8,406,762,-1426,-1788,960,-99,44,101,293,210,191,0
259670,8,8,856,912,-708,-1759,1104,-60,72,270,204,202,199,0
262987,9,9,537,687,497,-850,1448,-10,-81,214,184,219,211,0
266336,10,9,687,1062,649,-121,1738,48,-68,76,216,211,207,0
269671,10,10,425,893,261,8,1938,113,-84,224,267,225,200,0
272991,11,10,443,1006,-298,-208,2020,181,3,152,259,224,210,0
276336,11,11,1062,856,-95,-109,2185,254,153,171,334,207,218,0
279671,12,12,612,875,654,-19,2373,333,53,120,256,231,217,0
282994,13,12,575,800,1179,-238,2330,411,-22,176,137,217,221,0
286365,13,13,1550,1287,1051,-325,2334,488,-80,150,43,215,229,0
289671,14,14,350,650,493,154,2892,583,-235,139,-5,263,247,0
292998,15,14,87,406,-1004,818,3038,683,34,12,-100,277,276,0
296337,16,15,68,368,-1146,665,3081,784,279,-108,76,278,278,0
299671,16,16,443,143,79,256,3296,892,91,-42,-39,274,290,0
303000,17,17,406,125,1069,11,2982,990,-46,-79,18,276,291,0
306358,18,18,387,218,1071,34,2562,1075,94,-51,93,277,286,0
309693,19,19,256,181,1400,-111,2430,1155,149,-39,-73,284,288,0
313003,20,20,50,0,2408,173,2460,1237,14,61,50,279,288,0
316361,21,21,0,0,2681,463,2519,1320,-51,83,-40,283,285,0
319696,21,22,218,0,2524,525,2297,1402,-97,-44,42,286,295,0
323006,22,22,293,275,1249,455,2201,1478,-269,73,49,282,283,0
326363,23,23,293,350,-396,308,1983,1548,-37,21,67,282,279,0
329697,24,24,50,556,-1587,564,1637,1608,154,-13,63,290,263,0
333009,25,25,125,875,-1863,577,1299,1659,-77,-125,238,286,246,0
336362,26,26,218,631,-3441,126,1204,1707,300,32,917,281,259,0
339697,27,26,31,800,-2641,70,953,1750,182,258,706,275,250,0
343013,27,27,687,762,-950,860,850,1790,230,-15,1150,256,252,0
346362,28,28,1100,968,96,632,765,1824,466,-108,1129,234,241,0
349697,29,29,1287,875,1732,-108,1016,1856,54,-222,891,224,246,0
353016,29,29,1681,950,1975,-716,1247,1887,-166,-47,739,219,258,0
356363,30,30,1268,1062,1160,-710,1439,1917,-87,-25,487,241,252,0
359697,31,31,762,500,281,-1195,1351,1935,212,-55,383,252,266,0
363019,31,32,1212,368,1067,-1840,1169,1941,253,106,388,244,273,0
366363,32,32,912,537,2349,-2055,958,1937,50,222,73,260,280,0
369698,33,33,912,387,2875,-1661,432,1905,-118,177,49,265,293,0
373023,34,34,875,237,2007,-872,113,1854,116,236,96,267,301,0
376363,35,35,500,331,2013,-618,-290,1785,148,242,34,287,296,0
379698,36,36,350,275,2567,-166,-609,1703,-80,-9,112,295,299,0
383025,37,37,0,12,2596,-447,-493,1619,-243,-84,-120,305,297,0
386364,37,38,406,0,706,-1040,-444,1531,65,-86,23,292,303,0
389698,38,39,256,12,-57,-1832,-188,1452,158,38,-94,300,297,0
393029,39,40,312,106,629,-1574,-147,1375,125,17,18,297,292,0
396385,40,41,275,237,1239,-1104,-71,1282,29,154,-122,299,285,0
399721,41,42,293,387,1907,-332,-447,1173,-17,79,-65,298,277,0
403032,42,43,331,462,1484,-247,-367,1065,-159,-29,-64,296,289,0
406388,43,43,256,556,1084,-651,37,964,-219,-98,-49,300,284,0
409750,44,44,0,12,307,-691,442,884,202,-119,-9,304,295,0
413035,45,45,0,0,1143,-1436,504,820,-65,-29,-122,293,301,0
416389,46,46,0,0,745,-1674,392,756,103,-31,26,288,293,0
419722,47,47,0,0,1049,-1919,607,698,-13,116,-78,282,291,0
423038,47,48,406,0,977,-1212,391,632,-91,212,115,274,287,0
426389,48,49,162,0,400,39,96,563,-455,195,2,271,274,0
429722,49,50,200,200,-981,1791,-121,490,-301,43,76,269,253,0
433042,50,50,312,743,-3472,2591,-414,415,-179,229,142,263,240,0
436389,51,51,0,950,-4168,3230,-638,344,-311,277,71,280,229,0
439722,51,52,687,875,-5341,4964,-895,276,27,89,266,259,233,0
443046,52,52,368,1006,-4751,4846,-836,212,423,19,746,260,226,0
446389,53,53,743,1550,-2694,3284,-680,161,-294,-280,667,240,197,0
449722,53,53,1493,1662,-3599,-321,-527,118,113,-337,879,216,207,0
453048,54,54,1662,1887,-2855,-2935,-53,92,-9,123,643,225,213,0
456389,55,55,1137,1343,-2654,-4371,196,67,325,260,764,253,242,0
459723,56,55,1475,1268,-430,-3548,-80,25,164,298,588,235,262,0
463051,56,56,1118,875,1116,-2295,-101,-22,167,557,460,254,267,0
466390,57,57,331,631,2717,-260,-310,-74,24,254,339,296,280,0
469723,58,58,50,631,2887,1470,-927,-139,-120,349,110,311,280,0
473055,59,59,200,556,2729,2361,-732,-192,-195,-93,-40,303,284,0
476411,60,60,218,406,2530,2577,25,-205,165,-165,-67,302,292,0
479747,61,61,162,181,3243,1289,412,-195,280,-28,86,305,304,0
483057,62,62,106,31,4386,898,462,-172,176,-124,218,308,312,0
486415,63,63,425,143,5706,594,-111,-156,138,-74,23,291,306,0
489750,64,64,87,0,6515,164,-544,-158,41,-121,75,293,305,0
493062,65,65,0,0,6884,-530,-287,-153,-310,-39,-172,302,311,0
496415,66,66,0,0,5592,-743,-265,-155,-412,122,13,294,294,0
499751,66,66,200,293,2752,105,-1108,-185,-164,307,-89,298,293,0
503064,67,67,237,575,1543,705,-1528,-231,-202,60,-124,296,278,0
506415,68,68,350,593,409,1231,-1620,-268,-277,81,84,290,277,0
509756,69,69,293,912,-3060,1458,-2299,-328,-472,-7,74,293,260,0
513067,70,70,87,537,-4876,1644,-2610,-411,-117,-171,203,288,264,0
516415,71,71,87,443,-5463,832,-2794,-512,-418,-116,153,288,269,0
519757,72,71,87,668,-8229,-137,-2953,-620,-216,16,41,288,273,0
523071,73,72,200,612,-9675,-75,-3155,-731,138,124,29,282,276,0
526415,73,73,1231,125,-10010,-180,-3228,-851,730,9,346,243,302,0
529756,74,74,1418,200,-3967,64,-2451,-939,770,-98,924,233,298,0
533073,75,75,1775,293,1673,-667,-1438,-987,685,-104,758,219,298,0
536416,75,76,1812,368,5321,-1372,-1147,-1019,-8,13,924,233,294,0
539757,76,77,1025,200,5633,-1375,111,-1003,-197,17,591,259,287,0
543077,77,78,856,125,4075,-1401,562,-965,-29,-8,513,268,291,0
546416,78,79,425,68,3032,-1948,748,-914,532,99,373,291,294,0
549757,79,80,462,0,5855,-2106,1280,-848,247,367,-9,289,310,0
553080,80,81,650,87,7471,-878,1352,-785,188,123,204,279,309,0
556437,80,82,875,0,8295,-460,1657,-716,-260,115,-186,283,315,0
559758,81,83,556,0,6398,-213,1514,-667,-190,-318,116,300,308,0
563084,82,84,12,87,4959,-686,821,-648,-333,-75,59,313,293,0
566440,83,84,200,50,2974,-502,719,-623,78,-38,49,303,295,0
569758,84,85,68,331,3078,462,939,-590,-296,-51,-76,310,280,0
573086,85,86,50,200,2292,639,1122,-546,-404,-82,-158,311,287,0
576441,86,87,0,0,343,923,949,-487,-300,106,62,298,289,0
579758,87,88,68,0,-1300,2030,140,-460,-123,206,75,292,284,0
583090,88,89,0,0,-1874,3084,132,-456,-298,-7,239,290,278,0
586441,89,90,0,0,-2388,2922,16,-469,-387,-122,81,291,264,0
589782,89,90,462,125,-5056,2567,-166,-488,-231,-252,100,271,273,0
593093,90,91,443,275,-6490,1828,18,-484,-420,-112,82,272,265,0
596442,91,92,537,537,-8463,1024,257,-459,-159,-206,16,267,251,0
599784,92,93,0,293,-9875,-243,450,-436,-286,-112,163,287,248,0
603096,93,94,31,350,-9476,-1308,475,-413,264,-140,440,278,261,0
606442,94,94,725,406,-6897,-1854,943,-349,626,-189,599,241,258,0
609784,94,95,1118,312,-2051,-2815,2125,-235,442,-155,599,236,263,0
613099,95,96,706,256,615,-3254,2661,-101,101,-14,462,242,250,0
616469,96,97,1006,893,1782,-3532,3003,64,-90,-35,406,260,250,0
619785,96,97,1043,725,1428,-3704,2909,236,-303,287,391,258,259,0
623102,97,98,650,462,269,-2811,2631,406,-53,63,417,279,273,0
626442,98,99,743,387,460,-1537,2200,567,186,227,465,274,277,0
629785,99,100,593,462,2618,94,2164,733,32,151,227,282,273,0
633105,100,101,162,312,3936,1074,1990,896,137,10,153,305,281,0
636464,101,102,218,275,5024,997,1768,1028,-104,41,125,302,283,0
639785,102,102,237,556,4589,1403,1720,1126,-176,-17,-94,301,284,0
643109,103,103,200,0,3786,963,1589,1212,61,-150,6,287,300,0
646467,104,104,106,200,3594,804,1561,1257,234,-66,41,292,287,0
649785,104,105,293,181,5020,691,1834,1297,-47,90,-20,298,288,0
653112,105,106,406,218,4978,725,1451,1319,-44,11,69,292,286,0
656467,106,107,368,350,4730,774,1081,1313,-220,46,55,294,279,0
659785,107,108,143,612,3082,919,655,1291,-107,15,-3,301,260,0
663115,108,109,12,668,1243,1244,262,1247,-144,-38,79,308,273,0
666467,109,109,331,781,-300,1209,-358,1189,-339,-69,72,291,267,0
669786,110,110,0,668,-3793,1337,-1090,1129,-69,-128,162,295,257,0
673119,111,111,0,575,-4915,960,-1234,1068,-267,-104,53,294,262,0
676467,112,112,0,575,-6429,734,-1604,989,-169,-97,96,296,262,0
679809,113,113,275,312,-8315,420,-2119,887,-153,-31,6,278,276,0
683121,113,113,481,537,-9554,352,-2396,783,84,-253,-42,283,280,0
686468,114,114,931,443,-9963,230,-2640,696,847,-62,595,259,285,0
689813,115,115,912,31,-3861,-199,-1719,638,1177,-144,1136,244,291,0
693125,116,116,1868,125,2766,-358,-742,614,656,-98,939,209,286,0
696468,116,117,1737,275,6728,-1287,-331,609,-227,-17,790,216,278,0
699813,117,118,1325,612,5713,-2206,470,623,-423,53,773,243,265,0
703128,118,119,1100,293,3761,-2444,994,646,5,-85,550,255,282,0
706468,119,120,856,350,3247,-3130,1376,675,268,95,404,268,279,0
709815,119,120,912,556,4622,-3271,1609,711,463,200,102,281,284,0
713131,120,121,500,106,6756,-2475,1665,733,33,387,-24,287,292,0
716468,121,122,575,0,6351,-1007,1416,711,-36,168,-74,283,310,0
719814,122,123,518,0,4796,-606,1013,660,-278,81,192,286,306,0
723134,123,124,312,0,4015,-1115,1243,605,-202,69,102,297,303,0
726492,124,125,31,162,2817,-1315,1185,551,-182,-82,81,312,289,0
729815,125,126,0,481,2194,-1665,1156,505,-462,76,-137,318,272,0
733137,126,127,200,406,-14,-980,1013,468,220,-49,-52,303,276,0
736492,127,128,0,218,43,-892,1396,444,130,-19,-125,314,286,0
739843,128,128,0,143,1113,-770,2006,444,-38,3,7,299,288,0
743141,129,129,0,0,879,-904,1907,449,-265,162,-49,297,296,0
746493,129,130,87,0,-462,-509,1522,442,66,-6,118,291,288,0
749816,130,131,331,0,-659,218,1266,432,-343,64,33,278,282,0
753144,131,132,143,106,-1474,921,750,407,-164,79,27,288,274,0
756492,132,133,0,0,-2311,1937,367,361,-228,280,20,281,274,0
759816,133,134,0,0,-3365,3216,-126,312,-487,157,-81,283,273,0
763147,134,134,256,181,-5343,4532,-519,262,42,-2,67,266,270,0
766493,134,135,687,387,-5434,5105,-799,216,-90,-12,-18,259,259,0
769816,135,136,481,556,-6301,5268,-1265,169,5,-411,252,270,250,0
773150,136,137,162,725,-5763,3303,-902,152,95,-500,609,271,225,0
776493,137,137,593,1193,-4468,262,-430,172,-121,-347,561,248,216,0
779819,137,138,1287,1231,-3904,-3103,609,230,370,-277,659,227,214,0
783154,138,139,1512,1456,-1379,-4742,1654,332,294,8,727,233,236,0
786493,139,139,987,1025,1268,-5622,2121,464,221,-5,680,261,259,0
789822,140,140,762,987,3161,-5158,2207,608,-62,466,537,273,261,0
793157,141,141,593,631,2832,-3790,1927,751,-260,270,312,282,264,0
796493,141,142,443,593,1391,-2023,1387,848,-226,448,411,290,266,0
799825,142,143,425,293,1185,779,849,898,-46,237,227,291,282,0
803160,143,143,331,518,1646,2120,1080,942,-89,-25,194,296,286,0
806518,144,144,275,425,1333,2735,1227,965,259,-133,149,299,291,0
809829,145,145,237,518,2414,1849,1368,977,99,-170,-113,301,286,0
813163,146,146,425,275,2433,1349,1238,973,390,-195,7,291,299,0
816521,147,147,293,181,3854,382,1369,965,27,-38,41,298,304,0
819832,148,148,0,106,4653,312,984,944,68,16,98,303,292,0
823166,149,149,143,218,5152,122,983,930,55,1,-99,290,286,0
826521,150,150,0,0,5683,171,1048,931,11,-18,-88,298,294,0
829835,151,151,0,106,4441,409,904,921,-475,145,-104,305,287,0
833169,151,152,312,237,1865,1048,161,889,106,69,91,292,280,0
836527,152,153,312,425,287,1968,-494,837,195,54,-45,292,270,0
839838,153,153,387,800,896,2193,-549,788,-395,-106,143,288,266,0
843173,154,154,50,650,-1605,2254,-730,722,-185,-54,180,290,258,0
846527,155,155,12,893,-3311,1906,-1189,622,-458,-242,100,292,245,0
849841,156,156,87,612,-6524,649,-1548,514,-258,-272,233,288,260,0
853176,157,156,256,987,-8811,-176,-1526,419,-322,-209,-103,279,256,0
856528,157,157,762,725,-10257,-409,-1458,334,247,-39,276,268,270,0
859845,158,158,1006,443,-8876,169,-1625,260,1033,135,917,255,285,0
863179,159,159,1700,331,-2626,181,-708,226,701,-158,954,223,296,0
866527,159,160,2187,237,3058,-916,410,243,460,-114,963,213,301,0
869848,160,161,1343,162,6314,-2368,779,283,-408,10,739,242,289,0
873183,161,162,1325,162,5190,-2594,1364,351,-356,206,599,243,289,0
876527,162,163,650,162,2664,-2422,1486,437,511,-84,502,279,289,0
879851,163,164,687,0,3798,-2856,1473,511,415,195,391,277,304,0
883185,163,164,1006,275,5904,-2110,1603,575,250,151,-151,276,299,0
886528,164,166,968,0,7281,-938,1486,602,1,231,-110,278,317,0
889854,165,166,725,31,6907,119,1261,590,-88,75,10,291,312,0
893189,166,167,237,0,6478,-213,1344,565,-487,-34,86,301,301,0
896528,167,168,0,218,5311,-570,640,517,-315,-262,-40,314,286,0
899857,168,169,0,237,2655,-918,852,483,-163,206,-16,321,285,0
903192,169,170,12,406,1793,-417,1117,474,132,0,-72,313,276,0
906528,170,171,0,0,2206,130,1612,498,-172,-48,-98,313,282,0
909861,171,172,0,68,1994,-30,1735,519,-449,264,-189,296,276,0
913196,172,173,0,0,-245,877,1035,513,115,81,124,286,275,0
916554,173,174,0,0,-330,1588,504,486,-157,138,53,283,273,0
919864,173,174,237,106,-1187,2465,214,454,-59,-33,75,283,274,0
923198,174,175,237,125,-1401,3200,-31,410,-290,-12,-35,283,273,0
926554,175,176,443,237,-2380,3977,-303,370,-331,-211,23,272,267,0
929867,176,177,0,237,-5221,3458,-38,338,-409,-339,58,284,251,0
933201,177,178,0,406,-7562,1751,251,313,-418,-167,11,282,258,0
936555,178,178,106,725,-9710,213,794,310,92,-12,191,274,241,0
939870,178,179,537,856,-9824,-944,880,332,109,-207,209,267,234,0
943205,179,180,293,443,-8132,-2278,1409,392,629,67,507,264,240,0
946583,180,180,1175,1062,-5277,-3045,2032,472,409,-49,397,251,257,0
949873,181,181,1250,706,-1028,-3012,2871,585,383,-21,657,231,260,0
953209,181,182,1081,631,1189,-3144,3135,720,-116,-87,504,256,264,0
956556,182,183,893,743,1882,-3482,3127,866,-325,279,407,266,258,0
959877,183,184,556,537,595,-2969,2900,1004,-112,153,589,284,269,0
963211,184,184,875,968,98,-2183,2409,1125,254,290,661,267,262,0
966555,185,185,668,687,1717,-230,2021,1239,54,263,351,278,277,0
969880,186,186,818,575,4317,1225,1848,1319,22,189,230,286,283,0
973214,186,187,237,31,5558,1840,1494,1353,118,112,32,301,296,0
976556,187,188,125,162,6076,2129,1151,1364,6,-108,-95,307,289,0
979883,188,189,331,50,5432,1743,1052,1355,42,-129,-73,296,295,0
983217,189,190,331,0,5621,1180,1091,1342,-24,-77,127,296,299,0
986555,190,191,237,106,6076,1209,1277,1336,-124,16,26,301,292,0
989887,191,192,68,0,5321,929,733,1309,-175,-61,91,305,296,0
993221,192,192,275,575,4119,846,337,1273,58,1,79,294,278,0
996556,193,193,293,575,3298,709,16,1234,-306,14,-20,293,278,0
999890,194,194,0,500,1596,1172,-561,1175,-337,40,133,307,266,0
1003225,195,195,68,650,-684,1368,-1167,1118,-339,-41,36,289,258,0
1006581,196,196,125,612,-3519,1570,-1767,1036,49,-57,154,286,260,0
1009893,196,196,368,875,-4325,1455,-1987,939,-349,-100,-52,289,262,0
1013227,197,197,293,762,-6098,1167,-2472,812,-197,-86,115,293,268,0
1016584,198,198,368,650,-8273,1081,-2992,664,-320,-74,30,289,274,0
1019896,199,199,0,331,-9020,834,-3136,534,-117,-148,64,299,275,0
1023231,200,200,162,143,-9717,948,-3308,415,119,313,58,284,285,0
1026585,201,201,875,12,-8534,233,-2764,321,846,-8,611,246,292,0
1029900,201,202,2412,762,-3233,-428,-2096,257,1117,35,1152,233,305,0
1033233,202,203,1831,631,2937,-1069,-1246,227,485,-101,839,264,328,0
1036589,203,204,1812,631,6979,-2681,-680,207,-248,141,763,265,312,0
1039902,204,205,1606,481,6296,-2996,188,205,-122,-90,805,276,320,0
1043237,205,206,987,218,5337,-3651,863,208,-13,121,411,293,318,0
1046592,206,207,500,200,4546,-4257,1633,231,489,78,330,319,319,0
1049905,207,208,650,50,5833,-3867,1921,247,122,582,-218,311,327,0
1053240,208,209,575,0,6297,-1717,1621,234,178,123,-132,315,337,0
1056593,209,210,687,0,6774,-788,1407,189,-35,257,-63,309,337,0
1059909,210,211,462,0,6212,-1001,1484,137,-97,-263,113,321,333,0
1063243,211,212,162,293,5075,-1292,1238,78,-404,0,-3,337,314,0
1066593,212,213,162,481,2513,-1198,888,15,-63,-60,142,337,304,0
1069912,213,214,0,125,1537,-814,751,-36,-197,203,-196,333,305,0
1073246,214,215,0,0,267,-8,1030,-67,-113,39,-118,328,308,0
1076594,215,216,0,0,-61,647,1307,-84,-336,295,-162,320,304,0
1079915,216,217,31,0,-1986,1538,676,-109,117,109,186,310,302,0
1083249,217,218,12,0,-2290,2154,194,-139,-117,59,157,311,297,0
1086594,218,219,0,0,-2700,3014,-72,-174,-144,43,107,299,289,0
1089918,219,220,0,0,-3168,3633,-182,-214,-385,138,-130,296,286,0
1093253,220,220,350,237,-4929,4723,-526,-270,-307,-186,-16,293,283,0
1096595,220,221,518,762,-6764,3650,-181,-299,-351,-232,28,284,255,0
1099921,221,222,593,912,-8733,1995,-109,-313,-378,-207,179,280,247,0
1103256,222,223,350,706,-9767,462,270,-305,566,-307,498,277,242,0
1106594,223,223,706,856,-7083,-2119,1547,-239,470,-234,521,258,250,0
1109925,224,224,668,781,-4002,-3324,2279,-131,591,-145,725,260,254,0
1113259,224,225,1868,1043,-964,-3466,2798,10,471,26,579,230,258,0
1116616,225,226,1193,668,2652,-3754,3261,174,90,-40,399,266,278,0
1119928,226,227,856,631,4070,-4000,3456,360,-158,146,370,284,280,0
1123262,227,228,275,631,3152,-3213,3283,556,-512,112,278,299,280,0
1126619,228,228,406,462,1065,-1762,2491,731,162,316,360,292,289,0
1129931,229,229,218,500,2720,-468,2268,906,-43,235,387,302,287,0
1133265,230,230,387,218,4291,1016,2646,1075,252,79,207,293,302,0
1136619,231,231,0,256,6284,1129,1939,1201,101,193,-63,314,300,0
1139935,232,232,125,87,6214,1437,1426,1284,-20,-130,5,307,309,0
1143269,233,233,0,106,5896,1138,1138,1341,-93,-29,34,317,308,0
1146619,234,234,256,218,5829,1104,839,1362,-30,-21,47,300,302,0
1149937,235,235,256,312,5522,852,869,1362,-157,15,-30,300,281,0
1153272,235,236,406,462,3496,1118,484,1326,-119,3,29,292,273,0
1156620,236,237,125,387,1527,1544,-108,1262,-443,-46,41,302,272,0
1159941,237,238,87,518,-569,1324,-715,1189,-520,-47,95,304,265,0
1163275,238,238,143,706,-3570,1409,-1191,1108,-264,23,40,301,271,0
1166620,239,239,237,593,-5296,1637,-1647,1010,-248,-150,71,296,277,0
1169945,240,240,181,912,-6444,2004,-2247,901,-170,-74,136,299,260,0
1173279,241,241,0,256,-7563,1994,-2668,790,-184,-54,-147,300,279,0
1176621,242,242,125,87,-9135,1796,-3123,669,-67,-227,-2,286,288,0
1179948,243,243,462,0,-9908,1169,-3311,534,224,-94,253,268,295,0
1183281,243,244,1287,331,-7359,457,-2676,409,887,-18,1084,240,291,0
1186621,244,244,1643,218,1603,215,-1538,340,565,-228,832,221,297,0
1189950,245,245,1737,406,5984,-981,-1231,295,27,-119,703,216,287,0
1193285,245,246,1812,650,6228,-1796,-720,275,-135,-113,707,233,279,0
1196642,246,247,1193,575,5273,-2374,278,290,-159,-100,483,266,283,0
1199953,247,248,743,275,4145,-3229,725,329,225,-18,304,274,283,0
1203288,248,249,443,181,3999,-3575,925,363,504,89,183,290,288,0
1206645,249,250,368,12,6694,-2660,1267,406,-21,329,-89,294,297,0
1209958,250,251,781,0,6480,-1365,1286,438,-33,128,-130,288,306,0
1213291,250,252,856,0,5570,-1116,1086,424,-220,103,49,284,306,0
1216646,251,253,650,0,3972,-1321,1205,390,-10,-285,129,295,301,0
1219960,252,254,275,256,3375,-1717,789,327,-90,-46,83,315,300,0
1223294,253,254,31,200,2506,-1568,596,244,-120,-40,-8,312,287,0
1226646,254,255,50,425,1048,-807,806,161,14,63,-60,311,275,0
1229963,255,256,125,125,535,-779,1093,93,-62,-197,-171,307,291,0
1233297,256,257,12,143,631,-875,1434,60,-275,43,-30,313,290,0
1236646,257,258,0,0,-1242,-57,982,19,-50,174,165,301,289,0
1239966,258,259,0,0,-1767,993,549,-45,-167,70,109,296,286,0
1243301,259,260,0,50,-1571,1236,375,-94,-309,-1,-68,296,277,0
1246646,260,260,0,106,-3404,2422,-280,-147,-97,73,51,291,274,0
1249969,261,261,200,68,-3846,3256,-583,-201,-212,239,-38,269,276,0
1253304,261,262,612,125,-5128,4326,-888,-255,-197,-107,48,263,273,0
1256646,262,263,425,331,-7119,4523,-985,-313,-339,-297,172,273,262,0
1259973,263,264,50,668,-7984,2766,-946,-358,313,-347,654,277,228,0
1263307,264,264,556,1006,-6063,770,-146,-359,36,-168,641,250,226,0
1266647,264,265,912,800,-3105,-1595,616,-317,358,-477,646,247,237,0
1269976,265,266,1100,856,-1359,-3524,1813,-223,288,-54,765,237,234,0
1273335,266,266,968,1156,643,-4865,2055,-108,134,-27,490,244,234,0
1276696,267,267,1212,1175,1878,-4851,2451,38,-286,313,485,249,251,0
1279979,267,268,762,706,990,-3677,2264,192,-242,282,402,273,260,0
1283338,268,269,368,443,252,-2290,1956,351,22,368,308,294,274,0
1286671,269,270,181,293,181,-627,1199,492,-1,355,296,304,282,0
1289983,270,270,143,537,873,1231,1182,612,14,95,162,306,285,0
1293340,271,271,275,331,1905,2189,1588,710,-35,-65,119,299,296,0
1296672,272,272,181,462,2317,2324,1642,800,188,-75,210,304,289,0
1299985,273,273,312,350,3126,1690,1572,872,52,-69,-94,297,295,0
1303344,274,274,200,275,3413,1184,1586,912,184,-93,-12,303,299,0
1306672,275,275,0,143,4607,835,1595,940,-54,-20,66,299,290,0
1309989,276,276,181,218,4942,990,1259,950,93,-50,46,288,286,0
1313347,277,277,87,87,5283,889,1267,950,-28,-32,-77,293,293,0
1316673,277,278,275,68,5533,795,1293,950,-305,-2,-5,299,294,0
1319992,278,279,218,106,3633,926,895,944,-417,110,5,297,287,0
1323351,279,280,218,387,1492,1108,340,917,-26,85,-28,297,272,0
1326673,280,280,256,818,455,1984,-130,889,-274,-84,4,295,265,0
1329995,281,281,0,593,-669,2102,-647,850,-465,-120,223,300,261,0
1333353,282,282,50,593,-3855,2074,-858,798,-89,-226,256,290,261,0
1336673,283,283,256,800,-5186,1301,-1337,722,-398,-174,-68,279,250,0
1339998,284,284,162,500,-7159,650,-1796,621,-584,-227,130,284,266,0
1343356,285,284,237,743,-9393,161,-2095,525,-262,43,0,280,269,0
1346673,285,285,1025,556,-10106,-26,-2618,426,557,-248,547,254,279,0
1350002,286,286,1081,125,-6320,-1160,-1976,352,1106,70,1127,235,286,0
1353360,287,287,1681,0,1122,-1592,-883,333,812,27,842,203,298,0
1356673,287,288,1775,106,6106,-2412,-278,343,-240,-44,710,214,287,0
1360005,288,289,1475,143,5100,-2511,825,396,48,27,737,235,290,0
1363360,289,290,893,312,4613,-2478,1254,466,-84,-4,561,266,281,0
1366695,290,290,912,387,3769,-2613,1564,545,594,-53,299,265,293,0
1370008,290,291,1100,443,5139,-2841,1721,603,259,348,118,271,290,0
1373364,291,292,1100,162,6605,-2103,1860,642,194,139,-36,271,305,0
1376698,292,293,500,0,6788,-1288,2010,648,39,232,82,287,310,0
1380011,293,294,368,0,5922,-989,1719,638,-307,21,-46,294,323,0
1383364,294,295,237,0,4202,-1176,1511,608,-149,-37,134,301,311,0
1386699,295,296,0,50,2670,-1531,959,568,-38,-68,-57,320,295,0
1390014,296,297,0,518,1733,-1239,1047,539,-75,34,26,324,270,0
1393364,297,298,68,518,1541,-782,1460,547,-24,78,-135,310,270,0
1396699,298,299,0,350,1313,-465,1877,569,-68,-104,-28,317,279,0
1400017,299,300,0,0,1496,-845,2215,589,-441,221,-39,301,287,0
1403364,300,300,0,0,-668,-188,1643,589,125,-1,175,301,282,0
1406699,301,301,0,31,-938,566,1370,582,-96,105,75,289,278,0
1410021,301,302,350,31,-1419,1191,1000,564,-41,55,40,277,278,0
1413364,302,303,406,50,-1945,2071,419,527,-236,234,-13,274,277,0
1416700,303,304,50,0,-3045,3311,-56,486,-234,141,11,277,275,0
1420024,304,305,125,0,-4234,4403,-294,437,-196,-156,-86,273,271,0
1423365,305,306,181,31,-4849,4788,-732,374,-616,-102,69,270,262,0
1426699,306,306,237,668,-7911,4055,-448,332,-76,-452,229,267,244,0
1430027,306,307,650,1137,-8275,1625,-377,310,84,-254,659,261,219,0
1433365,307,308,481,668,-6694,-814,526,330,75,-251,541,254,228,0
1436700,308,308,762,875,-4142,-3003,1405,394,248,-341,640,239,233,0
1440031,308,309,1400,893,-1643,-4498,2196,490,573,-46,732,221,232,0
1443386,309,310,1306,987,1045,-4869,2877,622,70,82,535,244,245,0
1446721,310,310,762,1025,2727,-4646,2937,769,-96,262,485,273,259,0
1450034,311,311,593,912,2512,-3783,2925,926,-495,412,325,282,265,0
1453390,312,312,256,856,805,-1574,2002,1071,-41,373,469,300,268,0
1456724,313,313,331,331,252,-240,1317,1174,86,318,244,280,280,0
1460037,313,314,612,200,1586,1428,1217,1239,-89,291,251,281,287,0
1463391,314,315,406,125,2206,2506,1484,1294,150,24,147,292,291,0
1466725,315,316,218,50,3364,1993,1343,1310,7,68,199,302,295,0
1470040,316,316,31,368,3586,1811,1172,1308,170,-166,-56,312,294,0
1473391,317,317,368,368,4199,789,1363,1302,81,-6,105,294,294,0
1476725,318,318,181,218,5045,703,1285,1288,133,34,66,304,302,0
1480043,319,319,0,31,5839,578,990,1261,-21,59,-96,305,296,0
1483419,320,320,275,293,5739,815,968,1228,111,-78,-11,294,293,0
1486725,321,321,0,106,4999,697,812,1200,-480,-14,-87,299,287,0
1490046,322,322,106,331,2878,977,348,1164,-336,135,101,303,275,0
1493391,323,323,0,650,743,1744,-295,1124,10,8,-115,293,258,0
1496725,323,323,387,818,397,2214,-754,1068,-529,-193,94,288,265,0
1500049,324,324,368,893,-2160,2287,-1061,989,-300,-103,126,289,261,0
1503391,325,325,406,912,-4846,1605,-1477,885,-216,-263,93,287,260,0
1506726,326,326,0,687,-6341,973,-1874,757,-374,-181,87,293,256,0
1510053,327,327,0,706,-8612,260,-2083,640,-82,-92,-86,297,271,0
1513392,328,327,162,575,-10498,476,-2556,518,163,-156,28,284,278,0
1516726,328,328,1175,462,-10157,213,-2703,402,883,-55,535,246,284,0
1520056,329,329,1437,200,-5605,-503,-1938,328,1140,-10,1238,232,298,0
1523413,330,330,1850,50,2958,-1268,-621,311,587,0,785,215,311,0
1526748,330,331,2075,312,6268,-2356,-244,312,-124,-1,651,219,297,0
1530059,331,332,1343,312,5807,-2766,524,351,-192,2,650,242,281,0
1533417,332,333,950,312,4023,-2778,1101,400,126,21,507,263,281,0
1536749,333,334,593,125,4064,-3235,1453,457,235,88,370,282,291,0
1540063,334,335,818,0,5063,-3041,1594,490,287,253,41,270,307,0
1543416,335,336,668,0,7206,-1677,1920,506,65,426,-152,278,308,0
1546749,335,337,968,0,6604,-403,1607,488,-5,-4,-121,278,314,0
1550065,336,338,668,0,6191,-570,1381,441,-245,148,162,294,304,0
1553416,337,338,481,350,4512,-769,1257,389,-216,-190,139,304,295,0
1556750,338,339,31,87,3136,-1021,816,323,-231,-83,155,312,293,0
1560069,339,340,0,200,1783,-817,842,287,35,14,-94,315,287,0
1563417,340,341,50,68,1017,43,1159,282,-50,35,-97,311,294,0
1566750,341,342,0,0,1106,121,1576,293,-228,-41,-109,314,286,0
1570072,342,343,0,12,-84,498,1704,300,-111,178,163,297,279,0
1573418,343,344,106,106,-1413,1181,817,283,-71,130,83,290,274,0
1576750,344,345,0,0,-1966,1902,632,266,-47,-46,184,288,272,0
1580075,345,345,0,200,-1725,2223,380,236,-279,134,10,285,269,0
1583418,345,346,350,162,-3363,3498,-188,190,-74,82,8,277,271,0
1586751,346,347,387,125,-3606,4084,-282,150,-278,-112,44,275,273,0
1590078,347,348,50,106,-5409,3719,-307,110,-675,-241,134,277,258,0
1593418,348,349,106,500,-9190,1903,189,91,21,-281,290,274,237,0
1596751,349,349,218,800,-8406,70,505,96,188,-223,537,268,237,0
1600082,349,350,706,931,-5946,-1132,1222,143,373,-297,635,258,230,0
1603439,350,351,1100,762,-2611,-3193,2141,233,251,-313,498,237,239,0
1606803,351,351,1437,1381,-310,-4277,2741,352,274,9,673,237,240,0
1610085,351,352,1268,1006,1613,-4241,2964,491,-38,-33,540,246,244,0
1613442,352,353,668,668,1507,-4011,2995,643,-393,226,436,278,262,0
1616775,353,354,443,593,145,-3122,2459,785,-311,239,426,290,266,0
1620088,354,354,462,856,-1037,-1725,1812,922,303,190,463,289,268,0
1623443,355,355,537,650,1216,17,1255,1045,-116,181,353,285,279,0
1626779,356,356,218,575,2589,1523,1614,1156,21,78,294,302,283,0
1630091,357,357,387,481,3412,1946,1330,1217,23,117,-40,293,288,0
1633443,358,358,200,406,4163,1944,1168,1261,46,-157,-19,303,292,0
1636784,359,359,0,237,4260,1697,1124,1280,23,4,34,302,285,0
1640095,359,360,368,0,4584,1148,1306,1287,102,-79,1,294,298,0
1643443,360,361,237,106,5542,944,1361,1284,54,-4,-20,301,292,0
1646785,361,362,368,87,5947,1032,982,1265,11,-45,20,294,293,0
1650097,362,363,162,331,6160,1080,909,1233,-110,-67,35,300,291,0
1653443,363,364,125,0,5031,739,471,1197,-472,117,73,302,293,0
1656785,364,364,0,575,2402,1224,334,1165,-210,53,42,309,278,0
1660101,365,365,0,631,797,1644,-370,1114,-130,-38,50,293,259,0
1663444,366,366,68,650,-1045,2198,-1109,1054,-414,-194,257,289,258,0
1666786,367,367,181,575,-3933,1654,-1527,980,-71,-110,77,283,262,0
1670104,368,367,368,1025,-5713,1257,-1746,889,-66,-167,95,289,254,0
1673444,368,368,387,875,-6718,748,-2336,767,-513,-44,-136,288,262,0
1676785,369,369,537,650,-9363,215,-2611,632,86,24,91,280,274,0
1680107,370,370,0,275,-10423,632,-3030,512,-107,117,-7,294,278,0
1683465,371,371,612,162,-9878,-106,-2889,402,759,-103,592,260,284,0
1686786,372,372,1268,0,-5640,-1143,-2197,321,1215,144,1195,225,294,0
1690111,372,373,1831,162,1589,-1349,-1411,283,423,-151,792,216,305,0
1693470,373,374,1587,256,6512,-2381,-593,273,-144,-95,709,229,284,0
1696787,374,374,1568,612,5994,-2626,505,299,123,-65,825,230,281,0
1700113,374,375,1287,593,5519,-2763,1149,329,-86,-102,664,261,282,0
1703469,375,376,875,518,4139,-3291,1876,371,236,171,234,283,286,0
1706787,376,377,387,106,4544,-3074,2222,403,319,399,71,293,292,0
1710117,377,378,406,0,6139,-2140,2251,406,93,273,-31,292,300,0
1713470,378,379,781,0,6822,-913,2187,389,131,136,-25,272,310,0
1716786,379,380,556,0,6635,-1006,2039,360,-361,244,45,284,316,0
1720120,380,381,612,0,4560,-968,1888,325,-188,-31,320,297,305,0
1723469,380,382,443,200,2932,-1102,1534,296,-196,-36,27,306,287,0
1726812,381,383,275,406,2014,-722,1140,275,44,-81,-12,315,276,0
1730123,383,384,50,275,1475,-208,1542,284,-233,41,-194,309,281,0
1733470,383,384,0,0,679,206,2059,298,-59,-198,-113,311,292,0
1736812,384,385,0,0,419,-92,2517,335,-300,165,132,299,281,0
1740126,385,386,0,87,-1080,470,1909,358,20,154,104,297,275,0
1743470,386,387,162,125,-1447,1481,1390,367,-273,70,155,287,273,0
1746813,387,388,0,0,-1532,1830,1102,360,-346,68,-29,291,270,0
1750129,388,389,0,0,-2690,2857,581,336,-115,70,25,288,273,0
1753470,389,389,31,162,-3417,3954,52,307,-185,281,-18,278,271,0
1756813,389,390,518,50,-4571,5105,-198,272,-174,-91,13,268,277,0
1760133,390,391,425,275,-5561,5080,-237,250,-480,-208,13,273,265,0
1763491,391,392,143,631,-8235,2525,-147,235,130,-372,475,272,230,0
1766813,392,392,368,950,-7105,408,658,267,418,-218,684,260,229,0
1770137,393,393,1006,1006,-4402,-1728,1357,344,280,-382,615,242,226,0
1773492,393,394,1512,1006,-1845,-4280,2661,475,410,-49,779,233,244,0
1776814,394,394,950,1025,1066,-5324,3023,624,301,-156,578,263,259,0
1780139,395,395,837,1025,2807,-5433,3190,797,-409,177,303,269,259,0
1783495,396,396,631,875,1222,-4131,2981,972,-295,331,440,280,267,0
1786814,397,397,106,518,138,-2706,2227,1136,-129,515,351,292,270,0
1790142,397,398,687,387,-326,-1120,1277,1266,-47,363,389,277,277,0
1793495,398,399,668,350,1089,1064,1055,1368,-110,282,209,278,279,0
1796814,399,399,387,481,1882,2031,1227,1450,29,46,265,293,288,0
1800146,400,400,200,275,2347,2361,1121,1504,178,-4,41,303,299,0
1803496,401,401,143,312,3279,1833,844,1514,-18,-202,-110,306,297,0
1806838,402,402,387,293,3151,1126,964,1509,215,-74,50,293,298,0
1810149,403,403,0,125,4602,610,1230,1488,-60,-18,29,298,291,0
1813524,404,404,31,275,5123,869,593,1438,38,56,93,307,294,0
1816841,405,405,68,0,5368,851,469,1382,-44,-157,-65,289,294,0
1820152,405,406,331,87,5381,707,523,1330,-149,97,108,291,288,0
1823496,406,407,106,181,3204,829,214,1273,-404,157,17,303,283,0
1826842,407,408,331,500,1165,1296,-458,1200,155,-14,164,291,266,0
1830156,408,408,331,762,617,2252,-814,1126,-95,-67,4,291,268,0
1833496,409,409,368,706,-446,2344,-1245,1052,-373,-62,171,289,271,0
1836842,410,410,50,575,-3366,2366,-1567,954,-163,-93,237,290,262,0
1840159,411,411,0,706,-4573,1774,-1801,834,-341,-230,-56,295,255,0
1843497,412,412,0,612,-7084,693,-2229,686,-388,-175,23,298,260,0
1846842,413,412,218,762,-9036,382,-2294,554,72,-1,-145,281,268,0
1850161,413,413,837,781,-10016,465,-2655,428,599,-199,449,264,267,0
1853519,414,414,2375,1381,-7940,-488,-2705,309,1404,-53,971,235,288,0
1856843,415,415,2093,593,-1043,-1227,-1837,233,772,-102,871,250,330,0
1860165,416,416,1700,68,4565,-1954,-864,205,224,-175,889,255,342,0
1863520,416,417,2037,312,7097,-2816,447,225,-64,125,809,253,329,0
1866844,417,418,1493,687,6173,-2798,891,260,-240,-79,768,282,309,0
1870168,418,419,1100,668,4541,-3150,1594,314,87,-5,518,303,310,0
1873520,419,420,1137,293,4382,-3962,1804,350,277,219,167,301,330,0
1876843,420,421,1043,275,5889,-3181,2068,372,218,309,21,306,331,0
1880172,421,422,875,125,7276,-1983,2097,355,33,119,-193,315,339,0
1883521,422,423,687,68,6745,-1285,1828,317,-467,180,112,325,342,0
1886843,423,425,275,0,5039,-1456,1496,265,-153,-97,56,331,334,0
1890175,424,426,162,237,3601,-1643,1010,203,-403,29,120,337,317,0
1893521,425,427,143,143,1717,-1129,752,157,113,-127,-2,338,306,0
1896844,426,427,0,143,1520,-611,1242,156,-201,26,-122,336,304,0
1900177,427,428,0,106,833,-312,1690,176,-224,10,-131,328,306,0
1903521,429,429,50,50,-761,256,1377,180,-426,257,-33,309,309,0
1906846,429,430,87,0,-2669,1287,745,169,167,-25,119,307,303,0
1910181,430,431,275,0,-2636,2107,336,153,-179,48,43,297,302,0
1913522,431,432,293,106,-2954,2789,89,125,-153,78,10,296,290,0
1916849,432,433,181,87,-3672,3779,-228,80,-124,235,-49,302,291,0
1920184,433,434,0,0,-4655,4636,-625,42,-151,-164,-97,304,286,0
1923521,434,435,218,331,-5862,4540,-440,13,-485,-378,169,284,262,0
1926853,435,436,181,837,-7570,2261,-132,-6,-660,-148,52,286,235,0
1930187,436,436,312,987,-9823,551,546,3,537,-408,512,279,243,0
1933546,437,437,537,875,-7036,-1978,1804,74,532,-229,504,267,249,0
1936874,437,438,1512,1137,-4345,-3352,2533,178,640,259,483,249,253,0
1940191,438,439,1043,743,-1527,-3031,2635,300,388,154,417,258,274,0
1943546,439,439,987,481,2553,-3132,3191,448,136,-84,189,261,288,0
1946859,440,440,800,575,4014,-3727,3369,610,-46,184,303,271,283,0
1950193,441,441,706,706,4289,-3843,3548,791,-202,278,168,292,276,0
1953549,441,442,593,387,3239,-2933,3092,959,-39,322,310,298,293,0
1956862,442,443,668,312,3813,-1647,2769,1128,-10,195,222,294,297,0
1960197,443,444,481,275,4776,133,2867,1302,108,169,327,304,299,0
1963554,444,445,425,162,6045,784,2576,1440,82,203,69,307,305,0
1966866,445,446,50,0,5932,1224,1525,1515,-257,91,230,311,307,0
1970200,446,447,200,0,4482,1681,672,1522,32,18,130,303,302,0
1973555,447,448,218,275,4434,1746,219,1501,-186,-134,108,302,283,0
1976869,448,449,162,218,3334,1469,-49,1450,-358,-115,217,305,286,0
1980203,449,449,312,575,1953,1392,-800,1368,-441,12,6,292,278,0
1983556,450,450,31,725,-1064,1695,-794,1279,-241,-96,122,307,270,0
1986872,451,451,0,762,-2685,1236,-1197,1176,-349,22,-105,311,268,0
1990206,452,452,0,537,-5024,1643,-1788,1063,-133,18,85,297,264,0
1993556,453,453,12,368,-6942,2518,-2452,940,-22,6,-21,292,273,0
1996875,453,454,312,237,-7430,3026,-2940,816,115,-30,109,292,280,0
2000210,454,454,406,406,-7485,3039,-3342,688,-43,-181,-128,287,287,0
2003556,455,455,1006,350,-8528,2012,-3493,540,343,86,460,255,290,0
2006878,456,456,1100,162,-5929,1346,-2897,397,934,87,1090,250,300,0
2010214,457,457,1568,50,2667,707,-1817,297,508,-212,826,225,290,0
2013557,457,458,1568,293,5688,-280,-1693,221,-74,-148,820,225,277,0
2016881,458,459,1043,425,5620,-1253,-1217,172,-124,-176,810,253,270,0
2020216,459,460,1156,387,4839,-2259,-589,151,-122,-92,553,252,277,0
2023556,460,461,687,275,3915,-2898,-136,154,235,-38,322,277,283,0
2026885,461,461,350,593,4371,-3230,246,181,258,54,93,295,282,0
2030219,461,462,856,537,5984,-2490,838,221,45,38,11,284,285,0
2033557,462,463,800,462,6194,-1986,970,256,-182,244,17,287,289,0
2036888,463,464,312,0,4783,-1526,833,265,-283,59,18,297,309,0
2040222,464,465,275,0,2317,-1959,682,230,-361,12,31,299,306,0
2043581,465,466,162,0,953,-2283,531,167,162,-42,66,305,305,0
2046891,466,467,68,406,1358,-2193,407,97,-55,-97,60,310,276,0
2050225,467,468,143,500,614,-1764,583,16,-197,14,-125,306,271,0
2053583,468,469,125,293,-442,-1572,700,-67,221,-59,-69,307,282,0
2056894,469,470,275,181,617,-2010,1057,-144,-236,100,-138,299,288,0
2060229,470,471,0,50,-102,-1448,1260,-202,5,-33,35,305,293,0
2063583,471,471,0,0,-307,-1614,1165,-252,-264,104,3,296,298,0
2066898,472,472,0,0,-1550,-1029,873,-314,-105,89,187,298,288,0
2070232,473,473,50,0,-1769,-138,274,-386,-161,158,93,293,283,0
2073583,473,474,237,12,-2561,918,-61,-436,-257,102,-9,283,279,0
2076901,474,475,31,0,-3483,2086,-400,-469,-343,129,-43,278,273,0
2080236,475,476,31,0,-5706,3697,-1143,-512,-308,182,80,278,274,0
2083584,476,476,368,143,-6911,4832,-1650,-562,390,-97,277,260,272,0
2086904,477,477,425,237,-5076,4877,-1956,-598,-82,-83,523,257,267,0
2090239,477,478,950,781,-3572,3600,-1572,-622,119,-531,552,245,238,0
2093583,478,479,650,968,-3089,672,-1229,-623,151,-205,876,245,212,0
2096907,479,479,837,1006,-2266,-1825,-669,-588,4,-310,698,235,226,0
2100242,479,480,1493,950,-1085,-3867,492,-496,216,-222,728,216,229,0
2103583,480,481,950,1006,897,-4995,739,-381,167,98,537,263,244,0
2106910,481,481,443,1006,2367,-4693,920,-248,-87,503,366,290,260,0
2110245,482,482,218,762,1747,-2423,979,-108,-34,169,408,302,273,0
2113584,483,483,237,556,1274,-1315,865,8,-85,342,101,301,284,0
2116914,484,484,0,106,1032,645,621,85,22,132,245,307,292,0
2120248,485,485,0,87,1503,2325,968,168,-32,-70,22,309,293,0
2123585,486,486,0,162,920,2375,1368,248,101,-111,103,304,289,0
2126917,487,487,0,162,1361,1787,1485,313,196,-165,-21,306,289,0
2130252,487,488,462,0,2410,841,1400,361,92,-173,76,289,299,0
2133609,488,489,387,106,3382,500,1443,399,192,-4,46,293,292,0
2136920,489,490,368,368,4371,320,1142,408,31,-64,44,294,294,0
2140255,490,490,0,0,4835,137,1050,411,190,-13,-80,304,306,0
2143641,491,491,200,237,5616,-73,1149,421,-273,95,-171,298,296,0
2146923,492,492,0,0,4467,275,1145,435,-228,65,72,305,294,0
2150257,493,493,0,106,1758,581,377,430,-229,69,18,309,287,0
2153613,494,494,0,387,268,1123,-36,416,119,3,74,301,272,0
2156926,495,495,12,556,566,1425,-150,393,-367,46,-126,292,263,0
2160261,496,496,368,425,-1432,1875,-436,358,-425,-138,260,289,270,0
2163618,496,496,462,1137,-3132,1820,-719,302,-307,-264,95,284,248,0
2166929,497,497,256,593,-4701,1126,-1104,229,-577,-280,153,279,261,0
2170264,498,498,181,687,-8472,-25,-1240,153,-77,-211,75,283,256,0
2173621,499,499,331,443,-9925,-373,-1384,83,376,-74,315,275,269,0
2176933,500,500,1137,125,-8506,-77,-1550,26,921,4,1029,232,286,0
2180268,500,500,1812,237,-142,-235,-258,20,663,-159,1011,212,296,0
2183622,501,501,1850,312,4580,-1515,335,43,312,-22,962,215,297,0
2186936,501,502,1925,368,5991,-2034,811,104,-376,-31,750,227,294,0
2190270,502,503,1062,162,4372,-2121,1509,202,-255,115,680,257,289,0
2193622,503,504,912,237,2515,-2023,1427,308,364,-81,446,265,285,0
2196940,504,505,706,31,2945,-2279,1343,399,613,244,322,276,296,0
2200274,505,506,725,0,6118,-1754,1514,485,76,284,-213,275,303,0
2203622,506,507,687,0,6553,-674,1448,551,-86,124,-99,277,311,0
2206942,506,508,818,0,6618,-355,1322,577,-334,260,14,286,308,0
2210277,507,509,537,0,4981,-349,1124,589,-247,-157,113,301,298,0
2213622,508,510,331,387,4201,-926,710,583,-286,-92,74,312,277,0
2216945,509,510,31,481,2487,-1174,692,574,33,-36,-24,312,272,0
2220280,510,511,0,425,1862,-694,1211,584,136,91,-58,316,275,0
2223622,511,512,275,87,2297,-476,1600,615,6,-150,-129,299,293,0
2226949,512,513,0,0,2621,-596,1946,646,-493,49,-43,300,285,0
2230283,513,514,68,12,447,-110,1239,642,-41,103,37,292,279,0
2233623,514,515,12,12,-297,729,977,626,-139,81,145,295,279,0
2236952,515,516,0,0,394,1136,703,604,-291,106,-25,294,276,0
2240286,516,516,143,125,-1327,2569,232,566,-16,57,103,272,273,0
2243644,517,517,162,106,-1774,3238,-158,525,-350,-37,69,271,274,0
2246956,517,518,518,200,-3012,3901,-244,485,-465,-238,35,268,269,0
2250290,518,519,0,68,-6175,3371,-6,449,-597,-301,196,285,260,0
2253647,519,520,0,612,-8765,1855,289,422,-337,-256,158,282,231,0
2256958,520,520,0,781,-10448,631,653,431,-17,-265,241,281,238,0
2260293,521,521,237,837,-9289,-1314,855,459,420,-241,543,267,235,0
2263647,521,522,781,818,-6515,-2816,1574,512,568,206,616,254,236,0
2266961,522,522,1287,1137,-4147,-3289,2100,592,628,-91,582,245,253,0
2270296,523,523,1325,725,53,-2978,3038,709,182,-154,602,227,259,0
2273648,523,524,1193,687,1532,-3320,3278,846,-4,124,629,250,261,0
2276965,524,525,631,837,1926,-3456,3148,983,-238,454,475,280,253,0
2280299,525,526,575,856,899,-2584,2626,1109,-25,339,517,283,268,0
2283648,526,526,781,631,1512,-1118,2254,1227,254,354,536,272,280,0
2286969,527,527,612,350,3755,309,2315,1308,-74,227,273,281,295,0
2290303,528,528,668,537,4714,1671,1886,1356,190,98,217,294,285,0
2293648,529,529,218,368,6090,1805,1643,1382,-41,-57,-35,302,294,0
2296972,530,530,200,50,6511,2139,1359,1378,21,-176,-62,303,295,0
2300306,530,531,350,12,6515,1470,1472,1379,-7,9,7,295,297,0
2303649,531,532,368,87,6783,1140,1405,1381,-109,-39,42,294,293,0
2306974,532,533,181,275,6173,1092,1304,1374,-162,-59,14,304,283,0
2310309,533,534,106,87,4483,765,493,1345,-310,-249,-105,303,288,0
2313649,534,534,350,518,3375,668,723,1326,139,-191,98,290,281,0
2316978,535,535,706,575,3334,151,203,1297,-425,-513,217,271,278,0
2320312,536,536,500,518,1189,-65,-572,1257,122,-452,414,266,265,0
2323669,537,537,537,668,239,-705,-892,1207,-248,-607,202,264,257,0
2326981,537,538,706,612,-820,-1410,-1125,1134,-319,-554,176,271,260,0
2330315,538,538,350,725,-3826,-2354,-994,1053,-34,-526,210,290,270,0
2333673,539,539,331,631,-4663,-2876,-640,973,-63,-437,154,291,275,0
2336985,540,540,256,556,-5046,-3075,170,939,7,-423,229,295,279,0
2340318,541,541,181,331,-4844,-4119,1773,964,-4,-266,63,283,275,0
2343674,542,542,312,237,-3934,-4619,2936,1034,497,21,662,276,280,0
2346987,542,543,856,275,-333,-4299,3829,1146,136,-111,468,263,278,0
2350322,543,544,800,537,3242,-4667,4805,1301,-87,-105,544,271,285,0
2353674,544,544,1137,443,3802,-5487,5484,1480,-21,83,636,253,290,0
2356990,545,545,1100,650,4763,-6319,6147,1673,-936,484,338,255,279,0
2360325,545,546,1193,1118,1033,-4957,5834,1846,-370,529,88,266,254,0
2363675,546,547,1306,837,-1899,-2627,4074,1953,184,234,255,260,269,0
2366993,547,548,1100,368,-939,-1254,3227,2027,613,113,408,255,278,0
2370328,548,549,1437,275,3185,-494,3008,2072,741,233,225,253,299,0
2373675,549,550,1025,0,5801,382,2743,2092,-373,380,117,259,305,0
2376997,549,551,1306,200,5125,940,2148,2064,351,131,280,260,303,0
2380331,550,551,800,443,5873,924,1664,2014,-121,93,43,287,290,0
2383675,551,552,275,481,6056,1579,1698,1968,-407,-194,-196,315,288,0
2387001,552,553,68,706,4842,1620,1481,1932,-411,-128,-148,326,276,0
2390334,553,554,0,406,1831,1213,1302,1903,367,115,208,320,274,0
2393675,554,555,0,31,3552,1949,1518,1878,154,12,97,322,278,0
2397003,555,556,0,87,4365,2099,2347,1892,-285,119,14,306,275,0
2400338,556,557,31,87,2028,2767,2175,1909,-196,149,-55,294,275,0
2403675,557,557,12,275,346,2985,1780,1922,-218,259,55,295,281,0
2407007,558,558,0,68,-1102,3980,1611,1926,-100,117,108,289,276,0
2410364,559,559,0,218,-1311,5017,2008,1945,-384,214,-33,290,268,0
2413697,560,560,87,275,-3198,5705,1869,1963,-192,73,52,275,265,0
2417009,560,561,387,200,-4822,6150,1902,2007,-64,93,30,275,269,0
2420368,561,561,462,781,-4642,6692,2230,2054,18,58,30,271,254,0
2423700,562,562,0,293,-4625,7085,2451,2124,-45,-67,13,287,264,0
2427013,563,563,0,518,-4693,6656,2360,2216,-16,-65,-162,282,252,0
2430371,564,564,125,162,-5590,6387,2843,2333,-153,-291,23,273,271,0
2433701,564,565,800,631,-5780,5475,3194,2468,-220,-310,7,271,264,0
2437016,565,565,556,1343,-7591,3152,3729,2615,-763,-378,346,284,242,0
2440374,566,566,687,1437,-12481,-561,3908,2757,-36,-37,373,277,237,0
2443700,567,567,818,1006,-12402,-2888,3596,2864,1276,-40,667,270,260,0
2447019,568,568,1081,406,-7382,-4768,4033,2935,1023,549,921,240,276,0
2450378,568,569,1850,0,1037,-4715,4348,2979,962,119,566,215,299,0
2453701,569,569,1475,87,6170,-4507,4042,2986,-184,199,382,235,309,0
2457022,570,570,1212,125,7502,-4371,2957,2928,106,-297,69,249,307,0
2460381,571,571,1081,87,9170,-5905,3292,2859,1,573,352,256,309,0
2463701,571,572,1400,237,10403,-4341,2959,2760,-891,714,101,255,301,0
2467025,572,573,650,218,6792,-954,2511,2656,-160,392,283,295,302,0
2470383,573,574,275,237,3280,1011,1335,2570,-224,395,171,315,301,0
2473729,574,575,218,350,3021,3029,979,2500,-269,206,663,313,290,0
2477029,575,576,50,237,2407,4293,-760,2382,9,83,338,306,280,0
2480384,576,577,331,237,3557,3846,-765,2273,52,-367,31,291,280,0
2483701,577,578,256,275,3087,2582,-992,2175,-357,-334,138,295,278,0
2487032,578,578,293,725,1228,648,109,2126,-554,22,100,293,270,0
2490389,579,579,181,1100,-81,-142,1070,2106,188,-395,169,299,250,0
2493723,579,580,556,800,-806,-114,624,2080,-299,-695,269,295,266,0
2497035,580,581,612,406,-1501,-1625,2031,2102,42,-154,251,276,271,0
2500392,581,582,725,162,-2606,-2205,1750,2110,239,-516,260,270,284,0
2503727,582,583,425,162,-2277,-3256,2722,2121,118,-291,301,286,284,0
2507038,583,583,312,668,-2013,-4769,2943,2145,146,-473,223,292,273,0
2510392,584,584,462,1643,-985,-4753,3058,2185,508,68,364,284,221,0
2513726,584,585,1250,2375,2372,-3363,2743,2221,525,56,99,263,187,0
2517042,585,585,987,2937,5528,163,1116,2193,-555,-293,22,277,173,0
2520405,586,585,1062,3800,4653,1301,48,2136,-1557,-288,214,273,126,0
2523727,587,586,0,0,-409,1414,-450,2062,-987,-149,355,317,854,0
2527045,588,586,12,0,-4183,2267,-747,1969,233,36,441,313,854,0
2530392,588,586,406,0,-2965,2464,-245,1885,207,209,195,308,855,0
2533740,589,586,1137,3800,-990,3377,-502,1796,64,245,236,269,136,0
2537048,590,586,1606,3800,441,4205,-442,1693,-282,297,207,244,178,0
2540393,591,587,800,3725,-1226,4167,-710,1571,-351,224,169,287,195,0
2543727,591,587,462,0,-2892,4225,-354,1443,-346,-88,60,321,792,0
2547051,592,588,275,912,-2974,3830,-1007,1290,268,-74,-146,315,345,0
2550393,593,589,331,1681,-2308,4114,-1014,1146,237,-263,-97,312,304,0
2553728,594,590,818,1550,-128,4888,-1381,977,-53,-480,297,286,311,0
2557054,595,591,650,1268,2112,2568,-1902,781,459,-530,549,277,308,0
2560393,596,592,312,1381,4216,1025,-2657,572,-163,-249,130,295,302,0
2563727,597,593,87,1193,4012,1081,-3018,385,-140,-97,71,307,312,0
2567058,598,594,87,706,2666,1935,-4135,153,149,-549,377,291,322,0
2570415,599,595,50,650,4362,301,-4012,-64,-170,-40,63,293,325,0
2573749,599,596,293,425,3793,-245,-3948,-266,-66,-224,-135,296,337,0
2577061,600,597,425,387,1705,-870,-3289,-410,-117,-288,99,289,339,0
2580419,601,598,575,425,1551,-2818,-2662,-524,-236,-368,217,281,337,0
2583753,602,599,106,162,520,-4993,-2257,-571,-857,-190,152,290,335,0
2587065,603,600,0,256,-3484,-7185,-1930,-607,-642,90,232,299,330,0
2590419,604,602,0,331,-6787,-7562,-1814,-633,-189,278,594,299,310,0
2593753,605,602,162,612,-6399,-7123,-1877,-695,222,286,364,287,311,0
2597068,605,603,1418,1343,-3802,-6025,-1542,-776,282,332,608,254,290,0
2600419,606,604,1381,1287,-2493,-4783,-1914,-856,-183,371,466,256,293,0
2603754,607,605,1025,987,-2418,-3553,-2672,-1003,-47,525,581,259,293,0
2607071,608,606,1212,1493,-3513,-2706,-3257,-1159,390,614,741,249,266,0
2610419,608,607,1925,1718,-1472,-2181,-3851,-1365,3,276,691,227,254,0
2613753,609,608,1718,1531,-494,-1406,-3297,-1560,-14,243,673,238,264,0
2617073,610,608,1512,1700,436,-1168,-3462,-1763,101,114,391,249,271,0
2620419,611,609,1268,1756,1234,-1544,-3268,-1951,86,281,447,262,268,0
2623754,611,610,1025,1831,1130,-1651,-2961,-2079,-404,40,55,291,264,0
2627077,612,611,368,1250,-1392,-1502,-2305,-2152,-346,171,-147,310,279,0
2630419,613,612,181,1193,-4032,-897,-1862,-2196,-61,112,12,320,282,0
2633754,614,612,162,1437,-5858,-542,-1536,-2221,78,460,17,321,285,0
2637080,615,613,218,1287,-6506,-503,-1029,-2245,-89,186,-51,318,293,0
2640420,616,614,12,368,-6789,385,-644,-2250,374,56,152,324,337,0
2643755,617,616,275,0,-6612,1066,-592,-2254,469,-296,9,310,350,0
2647083,618,617,218,0,-2534,1225,-688,-2254,-231,35,-162,313,348,0
2650441,619,618,518,218,-2044,558,-1901,-2302,-347,-389,-143,297,329,0
2653776,620,619,0,0,-3766,-706,-2394,-2345,162,4,-42,310,330,0
2657086,621,620,0,0,-3145,-1826,-1871,-2372,-233,76,-156,313,328,0
2660444,622,621,0,50,-3981,-1149,-1884,-2388,3,145,-57,309,322,0
2663778,623,622,0,87,-4307,-742,-2566,-2409,59,18,-15,314,320,0
2667089,624,623,256,200,-4709,-75,-2175,-2394,520,130,331,295,314,0
2670445,625,624,462,350,-3141,455,-2000,-2362,579,331,311,284,306,0
2673778,626,625,350,200,-607,2072,-1754,-2287,156,-21,256,274,298,0
2677093,627,626,781,256,1235,2997,-1672,-2214,4,66,-26,267,295,0
2680445,627,627,1456,668,652,3376,-1375,-2134,408,160,18,284,326,0
2683778,628,628,1025,293,1894,4435,-1398,-2075,136,227,201,307,346,0
2687097,629,629,1400,256,2860,5462,-1536,-2040,262,22,135,287,348,0
2690445,630,630,1418,387,3824,5528,-1391,-2013,602,102,282,286,341,0
2693779,631,631,1793,331,5415,5342,-1399,-1996,235,-124,321,266,344,0
2697099,632,632,2093,12,7183,3656,-1882,-1998,498,-186,523,234,345,0
2700446,632,633,2618,350,10341,1024,-2533,-2019,320,-132,240,238,343,0
2703779,633,634,1812,0,12517,-1074,-2964,-2063,-63,300,-78,265,346,0
2707103,634,636,931,0,10967,-1248,-3323,-2107,-200,405,-272,312,335,0
2710446,635,637,162,218,10041,385,-3866,-2144,388,142,-80,353,318,0
2713779,636,638,0,406,12777,1840,-3509,-2152,-518,49,-223,367,308,0
2717106,637,639,106,818,8932,1848,-3317,-2136,-75,-112,-170,356,302,0
2720446,639,640,0,0,8269,1815,-2526,-2111,105,-62,-162,348,312,0
2723780,640,641,0,0,8927,1204,-1046,-2036,-716,-395,330,337,321,0
2727109,641,642,0,0,7666,-1663,-1055,-1967,-1107,251,146,323,312,0
2730447,642,642,0,237,1078,-2326,-1880,-1933,-1744,204,555,317,299,0
2733779,643,643,0,462,-8132,-1281,-2138,-1928,-859,195,495,327,287,0
2737112,644,644,0,218,-12500,-840,-2314,-1942,200,-87,246,321,284,0
2740467,645,645,0,518,-11026,-867,-2108,-1960,-468,283,-48,324,268,0
2743804,646,646,0,518,-13226,230,-2049,-1992,806,129,534,325,268,0
2747116,647,647,0,368,-7633,73,-2220,-2041,606,-233,362,309,276,0
2750471,648,648,500,612,-5336,-1706,-1312,-2063,-112,-125,575,269,263,0
2753807,648,648,950,687,-4611,-2914,-757,-2066,137,-97,327,245,259,0
2757118,649,649,1006,875,-2633,-4649,-198,-2012,266,-31,453,242,249,0
2760471,650,650,1118,800,-857,-4669,622,-1918,577,285,871,236,253,0
2763807,650,651,1475,1043,2440,-3442,1932,-1799,213,166,484,251,258,0
2767122,651,651,1193,968,4110,-1858,2208,-1671,18,336,483,266,278,0
2770472,652,652,631,1156,4217,-384,2102,-1526,59,284,420,296,268,0
2773813,653,653,612,1493,4174,438,2359,-1384,-328,350,273,297,250,0
2777126,654,654,406,875,2172,1097,1891,-1262,-191,297,350,292,267,0
2780472,655,655,331,462,1537,1856,1959,-1146,94,90,-92,296,289,0
2783813,656,656,237,31,2146,2896,2816,-1006,38,-107,81,301,312,0
2787129,657,657,218,443,2219,2613,3126,-865,368,-163,-91,302,306,0
2790472,658,658,0,0,3586,1651,3084,-725,24,-44,105,323,320,0
2793814,659,659,12,0,4754,1357,2282,-606,145,-169,-232,313,314,0
2797132,660,660,293,0,5223,918,2255,-492,162,-260,133,314,315,0
2800472,660,661,931,181,5163,199,1591,-399,516,-423,15,280,304,0
2803842,661,662,1287,0,6924,-319,1747,-285,53,-517,150,256,313,0
2807135,662,662,612,50,7432,-411,1688,-153,-97,-454,157,276,306,0
2810473,663,663,443,68,5778,-1090,1308,-20,-324,-341,296,285,305,0
2813814,664,664,593,350,3191,-1270,1735,137,245,-354,208,277,290,0
2817137,665,665,931,556,2412,-1030,1834,315,-239,-319,179,275,279,0
2820494,665,666,800,837,1131,-634,1898,484,-198,-348,222,282,264,0
2823814,666,667,575,1118,-106,-666,2297,660,-162,-423,203,294,249,0
2827141,667,668,0,837,-1179,-1831,2968,832,-466,-270,218,309,264,0
2830497,668,668,106,1175,-3096,-2057,2954,957,-261,-299,231,303,246,0
2833814,669,669,87,1081,-4754,-3090,3037,1084,-402,-159,227,304,251,0
2837144,670,670,125,1193,-6597,-4579,3670,1258,3,-83,179,302,245,0
2840498,671,670,481,1287,-6874,-5525,3847,1445,-115,129,-201,283,256,0
2843815,672,671,762,1081,-7572,-6775,4883,1670,207,555,112,273,272,0
2847148,672,672,1081,837,-6253,-5174,4704,1883,373,578,46,272,285,0
2850497,673,673,1418,500,-5016,-2356,3659,2061,625,177,458,254,303,0
2853840,674,674,1175,0,-2003,-1062,3426,2237,589,159,547,251,315,0
2857151,675,675,1400,12,2601,-656,3555,2390,-100,449,299,239,313,0
2860498,675,676,1700,31,3155,400,3358,2518,-67,278,296,239,312,0
2863840,676,677,1606,181,3209,1395,3238,2626,55,132,311,244,304,0
2867153,677,678,1587,537,3815,703,2983,2699,149,283,215,245,285,0
2870498,678,679,1381,481,4340,727,2113,2705,555,-21,130,256,288,0
2873841,678,680,1512,387,6065,1309,1313,2677,760,212,75,265,293,0
2877158,679,681,875,331,8789,2878,270,2620,-350,261,-15,283,296,0
2880498,680,681,162,650,7945,3524,-7,2546,-1360,-347,477,321,279,0
2883841,681,682,0,875,2802,2662,987,2518,-1521,-660,-281,333,267,0
2887160,682,683,0,406,-8359,-320,1774,2512,166,-283,493,334,274,0
2890499,683,684,0,406,-7674,-1450,2215,2493,693,-4,267,324,274,0
2893841,684,685,12,331,-4243,-555,2320,2468,-542,338,-267,311,278,0
2897163,685,686,0,0,-5840,645,1484,2418,-297,-111,-255,304,294,0
2900520,686,686,31,87,-8414,704,449,2361,253,-40,151,294,291,0
2903842,687,687,125,162,-7888,230,546,2307,-127,103,152,289,287,0
2907166,688,688,125,125,-6446,1661,1496,2304,6,103,-34,289,289,0
2910524,689,689,237,87,-6551,1495,1382,2293,502,-34,170,283,291,0
2913842,690,690,31,12,-5302,591,911,2268,726,152,578,278,279,0
2917170,690,691,781,87,-15,707,1291,2268,153,186,165,254,275,0
2920524,691,692,1268,368,504,985,1053,2247,362,96,371,228,260,0
2923841,692,692,1212,556,2285,852,413,2202,264,230,210,231,266,0
2927173,692,693,1925,1250,4753,357,105,2146,131,228,307,227,247,0
2930524,693,694,1625,1231,5807,709,3,2075,-42,402,314,243,248,0
2933842,694,695,1268,762,5406,770,-524,1965,140,382,365,246,257,0
2937176,695,695,1231,1212,6107,1205,-274,1865,-186,314,348,248,249,0
2940524,695,696,1118,1362,5123,2059,-62,1768,-185,398,334,270,241,0
2943866,696,697,856,1231,4483,2913,-43,1652,-169,334,283,284,248,0
2947179,697,698,593,856,3705,3485,249,1539,-389,92,-69,298,268,0
2950525,698,698,387,950,2182,3814,923,1415,-183,-237,79,309,279,0
2953870,699,699,368,462,660,2643,1423,1313,403,-187,80,310,305,0
2957182,700,700,0,0,2480,1558,1535,1247,196,17,2,322,320,0
2960525,701,701,0,87,4203,947,661,1160,-254,-69,-50,328,309,0
2963870,702,702,12,12,3336,1278,449,1063,245,-9,117,313,313,0
2967186,703,703,143,218,3861,1268,595,977,-491,-109,-9,306,302,0
2970525,704,704,12,125,1074,1027,733,898,-407,64,140,308,302,0
2973870,705,705,0,556,-1791,741,378,817,-302,56,48,310,279,0
2977189,706,706,256,856,-3299,995,180,757,-55,-149,155,295,263,0
2980547,707,707,293,687,-3846,1019,133,720,-261,11,55,293,272,0
2983871,707,708,331,275,-5445,913,-166,706,-135,13,182,291,278,0
2987192,708,708,312,481,-6712,981,-539,690,-147,-184,-35,292,283,0
2990548,709,709,406,668,-7224,259,-721,636,-406,-521,15,287,273,0
2993871,710,710,650,575,-8780,-1122,-522,564,797,-51,763,274,278,0
2997195,711,711,743,650,-2817,-1549,-96,492,1034,-1,1031,269,274,0
3000549,712,712,1587,781,3817,-1404,606,439,136,3,836,224,267,0
