Time, Rlegs, Llegs, DCL, DCR, GyroX, GyroY, GyroZ, GyroZAvg, AccelX, AccelY, AccelZ, LBEMF, RBEMF, SteerOut
1003,521,549,0,0,-125,-77,243,244,2,-16,231,56,56,0
4334,521,549,0,0,-123,-77,244,244,0,-14,227,56,57,0
7669,521,549,0,0,-124,-78,245,244,5,-19,225,56,56,0
11004,521,549,0,0,-125,-79,246,244,1,-17,226,56,56,0
14337,521,549,0,0,-125,-78,247,244,2,-17,230,56,56,0
17672,521,549,0,0,-127,-81,247,244,3,-16,225,56,57,0
21025,521,549,0,0,-127,-80,245,244,3,-16,231,56,56,0
24340,521,549,0,0,-124,-80,246,244,1,-16,228,56,56,0
27675,521,549,0,0,-127,-79,244,244,3,-17,228,56,56,0
31029,521,549,0,0,-126,-77,243,244,1,-18,227,56,56,0
34343,521,549,0,0,-126,-76,242,244,0,-18,227,56,56,0
37679,521,549,0,0,-125,-78,243,244,0,-11,225,56,56,0
41029,521,549,0,0,-124,-78,242,244,1,-15,224,57,56,0
44347,521,549,0,0,-127,-76,241,244,2,-13,227,56,56,0
47681,521,549,0,0,-125,-79,241,244,0,-16,228,56,56,0
51029,521,549,0,0,-124,-79,245,244,2,-19,228,56,56,0
54350,521,549,0,0,-128,-79,246,244,-1,-11,226,56,56,0
57684,521,549,0,0,-126,-82,245,244,1,-13,230,56,57,0
61030,521,549,0,0,-129,-80,247,244,1,-13,229,56,56,0
64353,521,549,0,0,-126,-79,247,244,2,-16,229,56,56,0
67687,521,549,0,0,-126,-80,247,244,2,-18,234,56,56,0
71030,521,549,0,0,-125,-77,246,244,1,-20,225,57,56,0
74356,521,549,0,0,-126,-81,247,244,1,-17,224,56,56,0
77691,521,549,0,0,-124,-76,243,244,1,-14,226,56,56,0
81030,521,549,0,0,-123,-78,244,244,2,-15,227,56,56,0
84360,521,549,0,0,-125,-77,243,244,3,-16,228,56,56,0
87694,521,549,0,0,-126,-76,242,243,1,-17,231,56,56,0
91030,521,549,0,0,-126,-77,242,243,0,-16,225,56,57,0
94363,521,549,0,0,-125,-79,244,244,3,-15,232,56,56,0
97698,521,549,0,0,-126,-79,243,244,2,-16,231,56,56,0
101052,521,549,0,0,-127,-79,245,244,1,-14,232,56,56,0
104366,0,0,0,0,-125,-81,246,244,4,-16,225,56,57,0
107700,0,0,0,0,-126,-81,244,244,2,-15,226,56,56,0
111055,0,0,0,0,-130,-83,247,244,1,-18,227,57,56,0
114369,0,0,0,0,-126,-80,245,244,2,-13,224,56,56,0
117704,0,0,0,0,-128,-82,247,244,0,-16,225,56,56,0
121055,0,0,0,0,-124,-82,246,244,1,-15,222,56,56,0
124372,0,0,0,0,-126,-80,245,244,1,-17,225,56,56,0
127707,0,0,0,0,-125,-78,244,244,0,-11,230,56,56,0
131056,0,0,0,0,-125,-76,245,244,3,-16,227,56,56,0
134375,0,0,0,0,-123,-75,244,244,3,-17,224,56,56,0
137710,0,0,0,0,-125,-79,242,244,-1,-15,225,57,57,0
141056,0,0,0,0,-124,-80,241,244,2,-16,221,56,56,0
144379,0,0,0,0,-125,-76,242,244,3,-16,229,56,56,0
147714,0,0,0,0,-125,-78,242,244,1,-15,227,56,56,0
151056,0,0,0,0,-127,-80,246,244,0,-15,229,57,56,0
154382,0,0,0,0,-129,-79,246,244,2,-15,232,56,56,0
157717,0,0,0,0,-127,-81,244,244,0,-12,231,56,56,0
161056,0,0,0,0,-125,-81,248,244,1,-17,231,56,56,0
164385,0,0,0,0,-125,-81,245,244,2,-15,227,56,57,0
167719,0,0,0,0,-125,-81,248,244,1,-16,233,56,56,0
171056,0,0,0,0,-126,-81,246,244,0,-16,224,56,56,0
174388,0,0,0,0,-126,-81,246,244,0,-13,224,56,56,0
177744,0,0,0,0,-123,-79,245,244,1,-15,226,56,56,0
181078,0,0,0,0,-127,-79,243,244,4,-16,231,56,56,0
184391,0,0,0,0,-128,-80,242,244,0,-20,225,56,56,0
187747,0,0,0,0,-126,-78,244,244,-1,-15,224,56,56,0
191080,0,0,0,0,-125,-80,243,244,2,-10,232,56,56,0
194395,0,0,0,0,-127,-78,243,244,0,-13,227,56,56,0
197751,0,0,0,0,-124,-80,244,244,2,-12,226,56,56,0
201081,0,0,0,0,-124,-78,243,244,2,-14,228,56,56,0
204398,0,0,2656,2656,-127,-80,246,244,0,-15,229,0,0,0
207757,0,0,350,425,-135,-141,248,244,-122,9,180,139,135,0
211085,1,0,0,218,-366,-218,236,244,4,-9,266,147,146,0
214401,1,0,387,406,-526,-150,175,242,54,-12,210,137,152,0
217759,1,1,518,312,-166,-176,264,242,0,-6,245,146,157,0
221085,2,1,0,218,-21,-113,309,244,-40,12,245,164,162,0
224404,2,2,331,256,-107,7,366,248,34,59,230,156,160,0
227762,3,2,50,368,125,315,363,252,-31,53,225,171,170,0
231085,3,3,481,331,171,552,373,256,-18,-1,260,164,172,0
234407,4,3,181,106,254,859,352,259,-4,-1,267,164,184,0
237765,4,4,518,200,47,1280,415,264,-128,-3,274,162,179,0
241085,4,4,931,387,-504,1296,389,269,-138,-41,267,156,185,0
244411,5,5,331,125,-902,869,396,274,9,-24,350,172,183,0
247768,5,5,706,312,-776,183,542,283,-76,-51,356,168,189,0
251086,6,6,481,425,-964,-370,660,296,51,-35,288,180,183,0
254414,6,6,725,256,-747,-1049,783,313,-32,36,156,171,196,0
257773,7,7,275,200,-690,-1825,899,333,-96,55,214,179,183,0
261086,7,8,950,350,-1242,-1962,833,352,-24,99,224,159,175,0
264417,8,8,500,631,-1710,-1862,660,365,76,69,237,183,176,0
267773,8,8,612,650,-1410,-1647,611,376,6,145,284,177,175,0
271110,9,9,425,575,-1126,-1376,513,385,23,63,289,187,179,0
274421,9,10,987,650,-1038,-1267,425,390,97,137,290,173,175,0
277776,10,10,350,500,-671,-839,244,390,-30,298,207,191,183,0
281111,10,11,987,462,-361,-106,324,392,-44,151,252,173,185,0
284423,11,11,706,875,-617,386,243,392,-153,117,169,188,179,0
287777,11,12,837,631,-1824,365,69,387,53,115,200,181,176,0
291111,12,12,631,631,-1907,315,295,389,74,169,129,192,192,0
294427,13,13,931,500,-1407,431,448,395,112,-24,32,192,199,0
297777,13,13,462,68,-1338,-209,437,401,341,-130,55,201,222,0
301111,14,14,218,0,83,-947,105,397,246,-74,-86,214,234,0
304430,14,15,950,200,1406,-1673,-152,384,-240,88,-32,203,227,0
307776,15,16,556,200,-713,-1159,-273,368,-13,175,29,224,227,0
311111,16,16,0,368,-753,-412,-112,357,-5,-77,87,240,218,0
314433,16,17,537,537,-938,-853,-141,345,56,200,45,225,209,0
317777,17,18,575,256,-875,-1114,-137,333,49,223,127,223,224,0
321113,18,18,275,0,-478,-178,-32,327,236,108,224,223,241,0
324437,19,19,162,143,464,241,-300,309,257,46,177,229,230,0
327777,19,20,350,218,2270,381,-319,289,8,2,86,235,226,0
331111,20,21,406,50,2731,289,-128,274,-146,71,23,232,235,0
334440,21,21,0,87,1549,265,-259,255,-12,-46,137,254,233,0
337777,22,22,0,125,472,879,-125,239,338,62,476,250,231,0
341112,22,23,181,350,2280,1332,36,229,125,2,532,244,219,0
344443,23,23,181,200,2821,1893,411,229,-275,40,380,228,227,0
347799,24,24,0,406,-183,3306,886,245,-341,20,446,241,216,0
351134,25,25,143,593,-1671,3964,1265,272,675,-541,820,230,206,0
354446,25,25,800,612,-399,3350,1579,304,509,-566,861,201,211,0
357802,26,26,950,856,2275,1340,1498,330,-92,-505,723,193,198,0
361137,26,27,968,481,1968,-223,1013,338,16,-495,637,192,202,0
364449,27,27,875,950,1345,-1640,824,335,-129,-383,479,197,193,0
367803,28,28,706,781,402,-3154,603,328,189,-347,410,206,202,0
371137,28,28,556,593,715,-3262,172,313,-146,-107,220,214,212,0
374453,29,29,537,593,846,-2562,-46,292,-207,-54,202,215,212,0
377803,29,30,1062,256,-521,-1871,-423,263,-134,-66,252,203,230,0
381137,30,30,293,12,-1086,-1468,-270,241,182,62,85,228,243,0
384455,31,31,162,68,-1040,-1114,-585,215,149,167,73,235,240,0
387803,31,32,968,143,-634,-429,-555,188,-91,-166,54,208,236,0
391137,32,33,893,181,-884,-1186,-760,157,43,-100,100,196,218,0
394459,33,33,931,500,-126,-2325,-863,127,1,23,192,194,217,0
397803,33,34,1250,425,744,-3314,-942,89,-68,101,-20,193,221,0
401138,34,35,912,106,855,-3869,-810,49,-88,62,-3,195,222,0
404462,34,35,1400,443,525,-4313,-743,13,81,281,93,195,230,0
407803,35,36,1325,425,832,-4343,-591,-8,240,288,96,199,231,0
411138,36,37,1043,218,1833,-3850,-455,-18,168,220,163,198,226,0
414465,36,38,1100,237,3066,-3279,-350,-20,-38,340,148,211,225,0
417804,37,38,293,200,2623,-2053,-668,-37,236,129,257,254,243,0
421139,38,39,462,256,2947,-1736,-240,-41,167,14,97,245,240,0
424469,39,40,387,200,3777,-2124,303,-27,-470,244,64,233,227,0
427825,39,40,856,725,1577,-1652,161,-21,-84,137,87,224,215,0
431161,40,41,556,612,-155,-685,-611,-31,74,145,240,240,221,0
434472,41,42,575,762,-567,-153,-1466,-66,69,126,27,239,213,0
437829,41,42,406,668,-388,742,-1869,-121,-35,193,42,248,218,0
441162,42,43,387,537,-724,1595,-2093,-178,-351,145,97,249,225,0
444475,43,44,368,706,-2012,2421,-2628,-256,-7,159,119,250,216,0
447829,44,45,31,368,-2387,3261,-2422,-333,188,-118,-16,268,234,0
451163,45,45,0,387,-1434,3213,-2152,-413,-599,-59,-157,266,233,0
454478,46,46,0,31,-4305,3611,-1777,-496,130,-64,49,253,240,0
457829,46,47,200,293,-5362,3618,-1498,-583,249,-36,15,247,226,0
461162,47,48,125,0,-4146,3484,-1268,-672,61,-36,119,235,233,0
464481,48,48,425,0,-3254,3434,-1230,-757,427,-73,438,219,244,0
467830,48,49,1062,256,-126,3414,-880,-816,-29,-98,403,201,228,0
471163,49,50,668,143,1345,3539,-508,-858,-463,-249,367,206,218,0
474484,50,50,593,650,1689,3044,864,-850,-348,-312,569,210,207,0
477830,50,51,912,1118,-749,1626,1507,-808,-384,-207,719,209,182,0
481163,51,51,650,1287,-2107,610,2318,-734,8,-62,789,207,173,0
484487,52,52,1025,1268,-1092,568,3657,-607,-101,-312,753,187,174,0
487830,52,52,1325,1437,-29,-20,4578,-455,-191,-98,541,187,181,0
491163,53,53,368,818,-529,-856,5021,-280,-153,31,433,222,198,0
494491,53,54,743,931,-1552,-1342,5235,-99,-28,104,371,218,192,0
497830,54,54,425,968,-1835,-1489,4798,74,133,83,284,235,206,0
501164,55,55,237,556,-1824,-1872,3834,221,18,134,156,229,212,0
504494,56,56,950,406,-1956,-1632,2515,329,-127,9,95,219,232,0
507851,56,56,593,256,-2021,-1151,3293,457,125,132,-70,238,256,0
511163,57,57,256,0,-496,-70,3631,594,67,-109,-22,240,258,0
514497,58,58,68,162,-434,-257,3696,728,107,-1,118,250,245,0
517855,59,59,0,125,-50,-655,3731,858,-172,111,4,258,247,0
521188,59,60,312,106,-227,-813,3459,977,56,83,58,253,248,0
524500,60,60,0,125,140,-255,3151,1097,212,-87,-38,256,247,0
527856,61,61,106,31,1299,-649,3115,1202,130,1,-15,248,252,0
531191,62,62,0,350,1938,-584,3175,1291,-59,68,41,258,235,0
534504,63,63,650,162,1517,-499,3128,1384,-19,28,-51,235,245,0
537855,63,64,106,0,1548,-469,3135,1501,141,-71,-27,248,250,0
541197,64,64,125,106,2123,-545,3234,1648,-155,18,-69,247,248,0
544507,65,65,143,68,1668,-909,3025,1801,-195,36,-51,246,250,0
547856,66,66,0,162,795,-614,2878,1956,179,-60,45,262,245,0
551198,66,67,87,68,1177,-503,2841,2127,28,-6,-139,249,234,0
554511,67,68,0,0,1513,-660,2824,2291,191,136,46,248,246,0
557856,68,68,200,218,2132,-313,2840,2447,-271,99,170,233,232,0
561197,69,69,0,106,845,-133,2930,2594,-1006,-129,443,246,222,0
564513,69,70,368,631,-5161,-103,2179,2709,-341,-148,624,224,194,0
567856,70,70,668,1100,-6575,725,2058,2813,-176,-16,845,208,185,0
574516,71,71,1493,1100,-1135,737,1811,2990,238,-213,1432,164,185,0
577856,72,72,1512,1043,1566,-126,1807,3063,-92,-170,911,163,188,0
581198,72,72,1137,1081,1628,-740,732,3059,-158,-158,722,183,186,0
584519,73,73,1306,1231,799,-1170,-212,3005,-36,-74,424,174,178,0
587878,73,73,1193,1287,253,-1214,-941,2903,117,81,353,196,191,0
591198,74,74,556,875,383,-981,-1646,2737,384,177,236,214,197,0
594523,74,75,1025,893,2595,-397,-2223,2525,160,132,1,205,212,0
597881,75,75,1006,725,4234,296,-2679,2284,131,9,-94,206,221,0
601229,76,76,818,593,4623,379,-2940,2029,-172,-50,-9,226,238,0
604527,77,77,800,87,2947,-475,-3302,1776,-254,23,-135,227,249,0
607881,77,78,500,12,1563,-1159,-3442,1548,71,-81,100,243,253,0
611199,78,78,575,181,1229,-1493,-2849,1381,11,106,53,239,260,0
614530,79,79,256,0,970,-2102,-2539,1198,-120,-56,-80,240,256,0
617882,79,80,893,12,-226,-2576,-2528,1006,-15,143,-70,222,253,0
621199,80,81,706,106,-707,-2526,-2904,800,1,87,-41,232,248,0
624532,81,82,331,87,-733,-1843,-3209,583,24,109,43,252,249,0
627882,82,82,0,87,-336,-1300,-3083,378,-34,2,-2,266,249,0
631225,83,83,0,50,205,-1099,-2932,188,-215,-37,-123,259,251,0
634536,83,84,162,125,-1499,-1003,-2671,7,76,-194,-55,261,247,0
637882,84,85,181,500,-1370,-1388,-2162,-158,-24,-87,8,260,227,0
641225,85,86,0,87,-1081,-1664,-1835,-313,-82,76,-53,259,233,0
644539,86,86,143,275,-1675,-1862,-2204,-480,125,-83,-25,246,239,0
647882,87,87,12,406,-1325,-2589,-2174,-649,-49,77,-45,253,232,0
651254,87,88,312,106,-1887,-2588,-2389,-819,-122,76,131,241,236,0
654543,88,88,0,50,-3140,-1264,-2195,-977,5,381,21,246,239,0
657883,89,89,143,387,-3437,369,-2635,-1148,36,244,130,234,221,0
661225,90,90,0,68,-3749,2465,-2076,-1301,-63,201,229,230,222,0
664545,90,91,425,106,-4640,4236,-1516,-1437,53,38,251,219,220,0
667883,91,91,1025,406,-4471,5180,-1158,-1565,657,196,695,187,220,0
671226,91,92,1081,162,-1642,6051,-443,-1647,421,148,507,184,217,0
674548,92,93,1043,293,2286,5934,-148,-1716,-243,-239,627,186,210,0
677904,93,93,931,1081,1438,3688,283,-1762,-783,-545,606,192,184,0
681226,93,94,1025,1006,-4033,-221,-331,-1829,-392,-364,622,187,172,0
684552,94,94,1325,1156,-7627,-4326,-627,-1905,675,84,637,171,180,0
687908,94,95,2206,818,-4732,-4616,-919,-1957,540,31,578,140,198,0
691226,95,95,1550,593,-1697,-4001,-632,-1970,230,114,450,159,210,0
694555,95,96,1456,818,640,-3427,-378,-1952,29,116,364,180,198,0
697908,96,97,1081,687,921,-2814,-531,-1917,-539,102,159,200,205,0
701254,96,97,1493,1081,-644,-2107,-1006,-1879,-562,137,20,206,212,0
704558,97,98,462,725,-3285,-1444,-803,-1821,-27,64,342,245,215,0
707908,98,99,200,500,-3538,-793,-241,-1736,31,222,144,259,227,0
711251,99,99,350,650,-3925,-1036,-356,-1644,121,57,229,251,235,0
714561,99,100,556,331,-3015,-626,-242,-1544,525,-172,129,240,236,0
717909,100,101,518,106,-1799,-960,10,-1455,583,-290,-110,242,248,0
721254,101,102,312,50,554,-1911,-179,-1381,-298,-65,-128,253,251,0
724564,102,102,312,293,-1082,-2085,128,-1298,-120,108,-60,253,254,0
727909,103,103,0,50,-1421,-1305,-171,-1213,-128,7,-73,264,251,0
731254,103,104,31,218,-1730,-791,-9,-1113,77,-52,-7,268,242,0
734567,104,105,50,312,-1318,-1134,-100,-1020,-160,82,-111,267,237,0
737909,105,106,181,143,-1388,-1327,-316,-938,21,91,-43,260,246,0
741256,106,106,0,181,-2389,-798,-413,-867,138,-19,27,258,244,0
744571,107,107,31,106,-1658,-826,-609,-819,12,-10,-38,252,248,0
747909,107,108,425,125,-1415,-756,-812,-787,48,-38,29,247,247,0
751283,108,109,331,68,-978,-906,-408,-731,642,274,335,242,240,0
754574,109,110,0,0,2591,49,174,-657,473,170,424,248,252,0
757932,110,110,237,181,3589,1203,675,-562,290,102,160,231,234,0
761255,110,111,725,87,3754,2030,1079,-459,207,189,97,221,239,0
764577,111,112,275,0,4794,3925,1688,-324,625,281,438,229,228,0
767933,112,112,443,293,6682,5258,1944,-198,437,-75,311,220,228,0
774580,113,114,1025,50,8431,3667,1618,1,504,-319,220,189,225,0
777933,113,115,1625,162,9714,2315,1411,59,103,-406,215,173,219,0
781257,114,115,1550,556,9668,434,1295,104,-674,-593,476,177,214,0
784583,114,116,1625,893,5461,-2996,1322,137,-350,-336,595,173,180,0
787933,115,116,950,1362,3592,-4959,1245,186,-295,177,331,209,171,0
791256,116,117,518,1137,2336,-4816,371,217,-132,115,314,232,183,0
794587,116,117,612,818,1411,-4736,-383,234,-481,191,244,227,200,0
797933,117,118,575,556,-180,-4722,-270,245,-97,259,221,229,214,0
801257,118,119,575,837,-1163,-4011,98,260,166,31,202,239,209,0
804590,119,119,181,725,-339,-2468,-63,275,106,87,281,244,215,0
807933,119,120,725,406,-24,-1855,-498,291,-98,27,266,231,232,0
811259,120,121,612,406,-140,-2279,-692,294,-139,75,81,237,232,0
814593,121,122,275,387,-464,-2652,-469,287,-290,278,102,255,249,0
817934,122,122,50,406,-588,-2066,-725,275,110,-45,179,251,232,0
821262,122,123,612,537,75,-2211,-994,252,-149,185,194,237,225,0
824596,123,124,650,781,610,-1834,-2279,180,-20,149,167,235,212,0
827934,124,124,181,1062,1208,-964,-2993,92,-92,184,220,260,213,0
831266,125,125,87,987,1699,122,-3920,-33,-298,175,115,249,201,0
834599,125,126,518,725,551,1171,-4938,-182,-482,194,219,242,215,0
837958,126,126,612,893,-1097,1690,-5622,-358,-230,273,141,237,222,0
841268,127,127,0,668,-1996,2409,-5993,-542,-242,186,41,259,218,0
844603,128,128,87,650,-2549,3580,-6141,-724,-216,29,-15,249,219,0
847959,129,128,50,762,-3928,4506,-6699,-920,-237,-29,-197,251,229,0
851272,129,129,162,518,-6633,4884,-6595,-1107,138,88,149,249,230,0
854606,130,130,0,368,-6860,5515,-6071,-1272,57,223,4,255,222,0
857962,131,130,0,443,-6938,5886,-5851,-1442,179,0,-138,250,234,0
861275,132,131,50,0,-6739,5989,-5724,-1626,273,-96,-4,239,260,0
864610,132,132,387,0,-5022,5352,-5517,-1819,-362,26,-165,221,244,0
867967,133,133,218,0,-4397,4501,-5516,-2026,106,-64,-62,230,245,0
871278,134,134,500,0,-4425,3677,-5703,-2257,-44,1,158,215,243,0
874612,134,134,968,0,-3368,3520,-5592,-2492,559,17,160,190,242,0
877968,135,135,950,50,-427,4303,-4698,-2705,53,-213,494,191,239,0
881281,135,136,1531,612,1201,4054,-3679,-2871,-240,-581,636,176,209,0
884616,136,136,856,987,-539,62,-3359,-3020,-36,-551,371,196,189,0
887968,137,137,893,1137,-272,-4336,-2842,-3149,-456,-313,317,194,181,0
891285,137,137,743,1362,-685,-7208,-1592,-3240,-372,-27,296,218,185,0
894619,138,138,12,968,-3735,-8033,-1020,-3311,-30,143,212,241,190,0
897968,139,139,0,781,-2921,-7553,-605,-3342,139,445,588,242,200,0
901287,139,139,425,1118,-2207,-5944,-513,-3346,-80,574,576,247,210,0
904622,140,140,425,687,-4444,-2293,-1474,-3383,111,199,746,231,217,0
907968,141,140,800,1062,-4462,1119,-831,-3412,186,185,716,211,213,0
911291,141,141,1062,1156,-4117,2901,716,-3388,380,115,594,213,208,0
914626,142,142,668,1287,-2063,3423,858,-3346,378,397,312,234,201,0
917969,143,142,106,950,-932,3236,998,-3293,449,12,121,248,219,0
921295,144,143,650,837,-842,2723,1309,-3237,-68,-82,-76,219,225,0
924628,144,144,800,987,-1757,1655,2327,-3142,-80,119,-147,227,217,0
927969,145,145,781,593,-1965,2129,2138,-3044,352,-167,35,228,238,0
931298,146,145,293,612,-1065,2015,2170,-2905,438,-265,156,238,237,0
934631,146,146,800,575,1130,921,2136,-2745,504,-55,-86,227,239,0
937969,147,147,800,556,3680,728,2070,-2557,445,-106,102,227,240,0
941300,148,148,256,0,5434,888,1633,-2352,134,-244,270,240,254,0
944635,149,149,106,87,5829,508,1152,-2140,220,-279,61,248,265,0
947970,149,149,518,12,5765,-342,419,-1940,433,-301,129,242,269,0
951303,150,150,87,0,6963,-1253,196,-1742,323,-160,66,255,269,0
954638,151,151,0,0,8452,-2523,-51,-1534,-177,-179,-8,248,256,0
957995,152,152,0,0,7814,-3185,392,-1316,85,-135,116,250,256,0
961307,152,153,425,0,7615,-3936,994,-1095,-475,-236,114,237,250,0
964641,153,154,12,0,4430,-5296,662,-892,-217,86,47,243,249,0
967995,154,154,0,518,3267,-5154,-292,-722,-1120,449,87,251,216,0
971310,155,155,12,687,430,-3229,-169,-555,-820,299,292,243,207,0
974644,155,156,106,500,-5285,-1493,-1855,-440,220,-72,409,238,217,0
977995,156,156,312,556,-5085,-1495,-1715,-316,-93,-31,86,227,214,0
981313,157,157,500,650,-5033,-2314,-1663,-193,-114,153,191,217,209,0
984648,157,158,818,481,-5537,-1758,-1522,-94,445,315,375,200,218,0
987996,158,158,837,387,-3623,-285,-1717,-32,626,97,408,199,223,0
991316,158,159,1512,312,-169,-29,-1296,31,628,-27,415,179,227,0
994651,159,160,856,181,4196,-144,-1033,88,10,307,315,198,234,0
997996,160,160,575,650,4925,1448,-1285,97,-206,144,210,213,209,0
1001320,160,161,1550,1006,3492,2455,-1909,70,31,67,380,187,200,0
1004655,161,161,1306,1137,2182,2041,-1487,42,-454,189,662,200,209,0
1007996,161,162,1006,968,2119,1469,-1014,26,-148,395,208,216,202,0
1011323,162,163,912,1081,800,2060,-710,50,-166,207,46,221,196,0
1014657,163,163,650,1456,-1206,1447,-970,46,-56,514,47,235,192,0
1017996,164,164,781,987,-1778,911,-822,-1,102,-68,-24,228,217,0
1021327,164,165,650,631,-243,1215,-1063,-61,-92,-16,116,235,236,0
1024660,165,165,500,237,2190,328,-746,-116,-266,133,155,243,257,0
1027997,166,166,762,237,510,-95,-765,-181,-232,-40,212,229,257,0
1031329,166,167,1081,500,-870,-661,-895,-281,74,116,220,228,243,0
1034663,167,168,481,87,-1267,-292,-1464,-394,5,119,177,244,249,0
1038021,168,169,556,12,-1090,-175,-1239,-500,207,246,14,240,253,0
1041332,169,170,275,106,-185,-259,-950,-597,-205,66,-32,255,264,0
1044667,170,170,481,237,-1600,765,-1126,-697,-24,-324,540,244,241,0
1048025,170,171,256,368,-1709,-132,-836,-774,189,181,319,256,234,0
1051336,171,172,0,275,-1925,281,-1164,-846,-32,-64,334,259,227,0
1054670,172,172,0,368,-2929,275,-551,-877,-317,-75,-26,252,222,0
1058026,173,173,0,50,-4482,158,-725,-905,-228,-67,24,256,239,0
1061339,174,174,68,256,-6257,-16,-388,-916,176,-2,89,238,228,0
1064673,174,175,0,68,-5371,-245,-364,-939,84,-3,403,247,238,0
1068030,175,175,425,143,-4098,-763,39,-969,-103,109,225,219,234,0
1071342,176,176,612,68,-3558,-378,38,-989,56,47,178,209,238,0
1074677,176,177,650,12,-2669,-417,47,-978,65,-129,247,207,225,0
1078034,177,178,556,68,-2227,-462,37,-972,-86,-83,269,212,222,0
1081345,177,178,1193,331,-2086,-860,-71,-916,176,-114,461,194,224,0
1084679,178,179,856,275,-404,-1231,253,-855,182,-19,662,196,211,0
1088034,179,179,518,875,1422,-1282,616,-783,-100,-29,525,214,195,0
1091348,179,180,1062,875,1346,-1489,788,-711,-204,41,489,201,195,0
1094683,180,181,781,1118,700,-1687,1057,-624,-246,150,414,200,182,0
1098034,181,181,856,1062,-578,-1573,1190,-547,-258,148,398,196,185,0
1101351,181,182,1381,1156,-2443,-1021,1361,-472,-42,195,367,196,192,0
1104686,182,182,1418,1212,-2746,-623,1768,-377,58,192,348,194,205,0
1108034,182,183,1175,875,-2576,-629,1904,-257,71,195,312,207,207,0
1111355,183,184,818,668,-1773,-491,2046,-147,56,136,280,226,218,0
1114690,184,184,556,593,-943,-399,2003,-53,144,92,120,240,238,0
1118035,185,185,631,425,-147,-727,1693,21,-44,110,67,236,247,0
1121358,185,186,687,0,-25,-665,1463,97,63,-53,-15,233,254,0
1124693,186,187,218,0,-35,-390,1963,184,-178,-88,-99,258,259,0
1128035,187,188,50,0,-892,-23,2153,285,-15,-30,1,267,254,0
1131361,188,188,0,312,-986,289,1464,354,352,12,27,272,253,0
1134695,189,189,0,68,498,-414,1125,413,-35,-21,-86,263,250,0
1138035,189,190,218,106,806,-884,929,470,94,9,21,258,248,0
1141364,190,191,237,218,1140,-604,858,543,11,95,9,257,242,0
1144699,191,192,12,0,1000,-207,788,606,-29,-35,0,253,260,0
1148057,192,192,12,0,751,128,857,662,179,-94,18,253,255,0
1151368,193,193,0,0,1755,-213,986,728,-126,45,-45,250,246,0
1154702,193,194,368,31,1194,-89,922,783,-123,-6,-4,240,242,0
1158060,194,195,0,0,746,-75,705,842,43,-84,-37,253,231,0
1161371,195,196,0,50,1214,-624,749,882,20,-11,-59,253,241,0
1164706,196,196,0,237,1274,-651,786,930,108,-52,0,245,231,0
1168060,196,197,125,68,1612,-717,778,966,-148,52,-100,237,224,0
1171374,197,198,0,106,-2047,-884,253,985,1019,-257,-59,245,222,0
1174708,198,198,200,387,-5605,-2219,-382,972,-1210,501,1974,233,223,0
1178061,199,199,462,293,-5178,-1781,-760,947,-820,-164,1230,203,212,0
1181377,199,200,1025,331,-1306,-1709,-565,928,993,-27,880,189,210,0
1184711,200,200,1362,443,1966,-1516,-541,910,311,66,729,171,220,0
1188061,200,201,1287,125,4111,-815,-695,891,588,-37,381,175,221,0
1191380,201,202,987,31,6386,-473,-574,865,174,47,470,191,226,0
1194715,201,202,1287,200,6069,-355,-694,824,169,27,250,191,233,0
1198093,202,203,2037,1418,6270,-404,-726,777,62,104,211,209,226,0
1201383,203,204,1606,687,5999,-309,-900,715,142,203,122,216,249,0
1204719,203,205,1362,481,5732,111,-1168,642,130,52,190,245,276,0
1208061,204,206,987,425,5432,608,-1574,550,67,212,176,265,263,0
1211387,205,206,968,406,4838,752,-1377,452,-131,-85,74,250,264,0
1214721,206,207,818,556,3740,54,-1204,355,-138,0,156,258,256,0
1218061,207,208,1118,575,2504,-16,-1157,254,-15,-63,-160,242,255,0
1221390,207,209,1400,406,731,-736,-1003,161,9,20,-37,243,264,0
1224725,208,210,968,0,-104,-1315,-808,82,-77,146,58,250,274,0
1228061,209,211,1118,0,-979,-1181,-795,12,-22,68,18,242,272,0
1231393,210,212,837,0,-1587,-1300,-287,-58,-122,208,96,257,285,0
1234727,211,212,1043,50,-2362,-1266,-258,-133,17,185,-102,246,267,0
1238086,211,213,1025,200,-2738,-1212,-366,-190,0,92,27,247,259,0
1241396,212,214,837,387,-3228,-1151,-365,-237,108,157,26,257,249,0
1244731,213,215,762,462,-2852,-1306,-545,-283,-218,205,57,261,245,0
1248115,214,216,500,256,-4051,-1191,-603,-328,-141,260,296,263,244,0
1251400,215,216,275,256,-5540,-143,-1329,-395,34,201,-10,259,244,0
1254734,215,217,650,256,-5376,847,-1786,-477,-122,315,160,255,244,0
1258086,216,218,237,0,-6112,2101,-2245,-578,-252,278,119,261,245,0
1261403,217,219,181,162,-7058,3517,-2758,-693,298,58,178,264,233,0
1264738,218,220,368,162,-4826,3795,-3100,-812,534,-49,618,254,249,0
1268088,219,220,593,68,-1299,3464,-3056,-931,200,24,720,226,238,0
1271406,219,221,1493,143,2649,3907,-2987,-1049,256,-215,463,194,234,0
1274741,220,222,968,237,5368,3649,-2596,-1154,271,-233,527,222,229,0
1278087,221,222,0,218,8014,3418,-2171,-1230,-327,-27,230,259,230,0
1281410,221,223,575,537,7674,3717,-1957,-1279,-428,-16,-28,243,213,0
1284743,222,224,743,612,4606,3924,-1377,-1298,-291,73,73,234,209,0
1288087,223,224,350,743,3312,4888,-1024,-1313,-317,-29,392,239,202,0
1291412,224,225,462,1193,648,4303,-772,-1320,-597,-181,149,233,178,0
1294747,225,225,143,1643,-2141,2774,-386,-1310,-242,320,501,250,170,0
1298116,225,226,1025,1775,-4139,1361,183,-1287,153,107,373,231,175,0
1301415,226,226,500,1137,-2129,-36,1057,-1232,-115,35,571,243,209,0
1304750,227,227,425,931,767,-1110,1897,-1150,-334,-276,-52,247,220,0
1308087,228,228,218,1062,-1199,-2913,2790,-1035,-364,71,38,258,213,0
1311419,228,228,143,856,-2192,-3111,3391,-892,-561,-46,-349,262,224,0
1314777,229,229,331,668,-3757,-3864,2686,-759,118,258,-132,252,234,0
1318109,230,230,181,275,-4949,-3126,2469,-639,-22,-58,-83,260,255,0
1321422,231,231,162,143,-5359,-2492,3135,-503,-117,-65,-7,261,262,0
1324780,232,232,0,0,-5475,-2840,2798,-380,472,-23,253,263,266,0
1328113,232,233,162,0,-3190,-3330,2318,-276,655,87,271,261,263,0
1331426,233,234,143,125,1312,-3669,1949,-190,-7,-91,224,262,263,0
1334783,234,234,87,87,2125,-3665,2309,-93,-68,-94,68,265,265,0
1338113,235,235,0,0,1730,-3689,2468,-7,-364,4,-46,268,262,0
1341428,236,236,0,31,-670,-2419,2716,85,96,285,414,265,252,0
1344786,237,237,0,125,-1082,-679,1885,156,35,339,396,259,247,0
1348141,237,238,181,87,-654,1814,1183,204,95,89,437,250,239,0
1351431,238,238,106,237,-1172,3886,339,232,359,20,230,238,231,0
1354789,239,239,312,725,-35,4866,544,267,35,25,268,227,205,0
1358114,239,240,1137,612,345,5219,635,329,-190,-67,435,199,211,0
1361435,240,240,706,443,-327,4290,925,414,155,-200,406,206,220,0
1364793,241,241,837,612,-86,2715,1043,516,161,-138,222,199,211,0
1368113,241,242,1400,818,151,1330,917,631,191,-82,380,185,200,0
1371438,242,242,987,781,1039,-203,602,747,465,-232,550,191,202,0
1374795,242,243,1587,537,2644,-1702,802,867,287,-121,312,175,215,0
1378113,243,243,1362,818,3683,-2688,1036,993,-328,39,257,187,216,0
1381441,243,244,1175,968,1189,-2895,385,1086,-81,-97,318,197,192,0
1384796,244,244,950,1400,-57,-3632,640,1174,342,51,292,209,185,0
1388114,245,245,912,1475,403,-3929,310,1245,129,117,156,211,181,0
1391444,245,246,950,950,727,-3397,124,1292,-9,45,196,209,193,0
1394800,246,246,743,950,869,-3609,-53,1322,237,266,227,220,209,0
1398135,247,247,1043,1025,1632,-3613,-22,1346,260,338,62,214,215,0
1401447,247,248,856,312,2344,-2456,-375,1346,98,134,222,224,237,0
1404804,248,248,312,218,2267,-1788,-251,1332,359,208,214,253,258,0
1408139,249,249,518,256,3177,-1630,-33,1298,60,28,25,242,256,0
1411451,250,250,800,406,3435,-1639,-268,1231,-67,94,107,227,248,0
1414805,250,251,650,0,2782,-1454,-507,1128,-203,109,-46,235,257,0
1418139,251,252,575,256,2379,-1124,-1253,983,-166,61,201,239,240,0
1421454,252,252,218,837,2089,-946,-1998,836,339,8,133,258,225,0
1424805,253,253,500,1081,2859,-1105,-2384,684,-199,248,-28,243,212,0
1428139,253,254,537,650,2050,-609,-2571,506,-507,177,69,241,219,0
1431458,254,254,406,575,-989,-108,-2406,344,-148,364,117,248,239,0
1434805,255,255,406,556,-2268,149,-1735,217,-77,236,-51,248,240,0
1438139,256,256,162,368,-2798,1126,-1592,106,-48,120,82,245,234,0
1441461,256,257,575,481,-3005,1743,-1776,-20,-604,44,171,239,228,0
1444805,257,257,537,837,-4577,1682,-2188,-166,-294,330,123,241,225,0
1448140,258,258,162,668,-5742,2350,-3374,-356,351,-11,196,249,222,0
1451463,259,259,0,462,-3809,3201,-3255,-517,166,182,391,243,217,0
1454806,259,259,912,687,-2281,4703,-3425,-661,176,139,365,209,221,0
1458140,260,260,875,406,-2078,5289,-3622,-785,321,-6,349,211,236,0
1461467,261,261,931,275,705,5856,-3076,-898,221,7,539,192,227,0
1464806,261,262,1231,387,2840,5709,-2818,-1006,146,96,432,192,221,0
1468141,262,262,687,631,4503,5310,-2810,-1122,-99,-103,343,221,224,0
1471471,262,263,818,612,5589,3571,-2404,-1230,-589,-324,471,214,209,0
1474827,263,263,762,1362,2141,2072,-2032,-1322,249,-623,470,217,185,0
1478162,264,264,593,1268,669,-1148,-1293,-1382,-346,-180,300,226,190,0
1481473,264,264,762,1456,368,-2971,-1101,-1441,-530,225,330,217,180,0
1484831,265,265,612,1662,-1744,-1927,-1674,-1526,68,-128,345,225,169,0
1488165,266,266,425,1568,-2411,-1180,-2069,-1602,167,-182,347,235,174,0
1491476,267,266,87,1493,-1079,-1582,-2231,-1692,-190,0,282,237,178,0
1494830,267,266,425,1493,-1548,-1712,-2659,-1785,-256,13,124,235,194,0
1498165,268,267,650,1606,-2795,-1085,-2486,-1866,-394,-160,98,235,200,0
1501480,269,268,368,1156,-4327,-1585,-1915,-1925,93,-238,169,234,208,0
1504831,269,268,350,968,-4298,-2409,-867,-1951,430,163,23,251,234,0
1508166,270,269,443,631,-4209,-2519,-808,-1965,-232,51,103,246,252,0
1511483,271,270,125,518,-5578,-2769,-625,-1976,-14,-54,249,263,258,0
1514831,272,271,0,631,-5175,-3137,398,-1963,304,12,156,255,236,0
1518166,273,272,125,781,-3654,-3526,1171,-1918,-198,166,-5,247,228,0
1521486,273,272,331,1062,-4014,-3311,1533,-1854,-97,150,88,252,229,0
1524832,274,273,293,556,-4697,-2741,2056,-1751,-81,46,35,254,256,0
1528166,275,274,181,0,-5398,-1998,2014,-1625,668,-75,-104,244,273,0
1531489,276,275,0,0,-2833,-1679,1773,-1495,261,-38,32,260,276,0
1534832,277,276,0,0,-483,-1770,1212,-1377,-397,-19,-148,256,272,0
1538166,277,277,181,0,-2259,-2342,867,-1275,582,-94,415,244,271,0
1541493,278,278,293,0,25,-2095,742,-1197,782,188,504,238,267,0
1544832,279,279,87,0,4111,-809,1407,-1104,-20,96,193,249,262,0
1548167,280,279,218,0,5628,643,1901,-989,235,101,183,232,261,0
1551495,280,280,275,0,6569,1666,1588,-871,384,165,26,229,254,0
1554853,281,281,331,0,8352,2491,2290,-694,51,-11,-49,226,248,0
1558188,282,282,181,0,8398,3301,2329,-519,-89,16,39,234,244,0
1561499,282,283,331,0,8288,3585,1963,-351,135,48,47,226,244,0
1564857,283,283,312,143,8800,3528,1903,-178,-833,-263,243,227,236,0
1568190,284,284,256,781,4321,3339,1336,-40,-432,159,297,230,202,0
1571502,284,284,387,1043,1013,3559,613,66,-302,28,187,223,188,0
1574857,285,285,593,1231,-887,3703,527,170,-496,-150,253,212,178,0
1578191,286,286,650,1137,-4626,3078,92,248,-428,-167,421,209,183,0
1581505,286,286,1381,1043,-5973,1972,-275,303,212,-45,662,170,188,0
1584858,287,287,1756,668,-4842,343,-996,312,419,-142,844,150,208,0
1588191,287,287,2093,987,-1750,-2194,-1517,299,199,27,919,148,207,0
1591508,288,288,1437,875,230,-3364,-1241,313,239,130,593,167,197,0
1594857,288,288,1381,1175,1312,-3285,-1371,335,-60,188,440,186,197,0
1598190,289,289,968,987,1179,-2894,-1384,361,-577,-88,-53,218,217,0
1601512,290,290,518,950,-1076,-4144,-1438,399,-599,-444,94,242,219,0
1604858,290,290,481,800,-1507,-4588,-1220,439,533,303,122,244,227,0
1608191,291,291,200,275,-431,-3152,-1739,444,386,31,137,259,255,0
1611515,292,292,106,387,1274,-2260,-1555,423,-61,290,28,264,249,0
1614858,293,293,275,218,1119,-1731,-1694,395,-93,115,-8,255,258,0
1618191,294,294,350,0,670,-1516,-1550,366,-54,155,228,235,256,0
1621518,294,295,650,0,501,-1307,-1171,317,82,157,134,235,260,0
1624858,295,296,406,0,387,-1275,-1174,244,-14,46,92,248,258,0
1628192,296,296,462,200,327,-1134,-1072,163,83,79,4,245,259,0
1631521,297,297,162,0,647,-1109,-812,73,-17,128,-81,245,254,0
1634859,297,298,593,218,482,-455,-724,-12,158,-55,24,238,242,0
1638191,298,299,162,293,1233,-284,-303,-77,86,26,-50,261,238,0
1641524,299,299,0,331,1158,-254,-278,-123,-143,-47,-33,263,236,0
1644880,300,300,0,181,230,-23,-77,-153,93,-39,34,256,244,0
1648216,301,301,0,237,481,-429,279,-167,-68,-18,-39,250,229,0
1651527,301,302,50,0,56,-632,351,-200,-46,-11,28,239,236,0
1654883,302,302,68,31,-528,-850,341,-249,-238,98,48,238,240,0
1658219,303,303,256,275,-2576,153,657,-278,-160,209,69,228,227,0
1661531,303,304,406,0,-3652,1576,379,-338,-8,177,64,220,231,0
1664884,304,305,237,0,-3656,2710,267,-402,-83,196,127,229,228,0
1668220,305,305,68,481,-4335,3619,-80,-466,-162,55,213,238,216,0
1671534,306,306,518,200,-4557,4299,-317,-535,293,108,468,214,215,0
1674884,306,307,818,218,-3083,4939,-568,-595,117,197,287,198,214,0
1678225,307,307,931,593,-1167,5630,-1195,-651,845,-184,889,192,210,0
1681537,307,308,1512,556,2252,5556,-1502,-715,22,-380,1013,161,196,0
1684884,308,308,1550,1306,2522,3310,-2161,-785,-666,-498,864,159,172,0
1688227,308,309,1850,1531,-208,-41,-1101,-811,-411,-481,799,159,160,0
1691540,309,309,1268,1287,-2671,-2192,-148,-784,-238,-216,894,174,173,0
1694884,309,310,1100,931,-3144,-3912,382,-725,697,346,525,199,192,0
1698226,310,310,593,1025,948,-2892,440,-673,-18,215,160,238,215,0
1701543,311,311,443,950,1508,-1645,482,-615,-544,269,133,246,219,0
1704885,312,312,0,781,-380,-652,-96,-574,-328,67,171,261,212,0
1708226,312,312,425,968,-3012,-230,-256,-537,-204,215,-65,247,218,0
1711547,313,313,462,912,-3986,750,382,-487,-224,-46,-26,245,221,0
1714885,314,314,425,650,-5024,1316,1227,-395,118,16,104,247,235,0
1718226,315,315,0,68,-5107,805,1784,-290,180,-33,-86,254,250,0
1721550,315,315,162,237,-4637,563,1428,-193,158,-193,75,261,257,0
1724907,316,316,106,237,-3065,282,1085,-110,151,9,0,264,257,0
1728227,317,317,125,237,-1769,-829,1121,-39,-164,-83,-22,263,257,0
1731553,318,318,0,0,-2382,-902,722,19,45,151,48,257,255,0
1734910,319,319,106,50,-2034,-255,700,75,-68,68,-136,248,251,0
1738227,319,320,500,275,-2416,437,801,125,69,-57,11,243,239,0
1741556,320,320,12,0,-2307,276,845,174,74,32,-77,253,255,0
1744909,321,321,68,0,-1693,113,795,209,-63,3,-60,250,259,0
1748227,322,322,0,0,-2068,255,568,235,-5,25,22,253,248,0
1751560,323,323,0,0,-2160,208,444,251,-71,-109,-69,248,247,0
1754910,323,324,218,0,-2504,11,507,258,2047,202,1879,232,243,0
1758253,324,324,0,68,3329,1370,1857,305,402,-20,756,247,240,0
1761563,325,325,162,312,3933,2574,2065,359,343,54,21,235,227,0
1764911,326,326,256,0,4273,3321,1829,396,469,-290,302,214,230,0
1768252,326,326,725,181,6579,1977,2652,467,242,-225,233,205,234,0
1771566,327,327,931,350,6947,1010,2278,530,-883,-347,961,194,225,0
1774910,327,328,1212,293,4151,572,1322,574,879,-228,-3,179,212,0
1778253,328,328,1081,518,4732,-776,1353,626,-155,-313,437,186,216,0
1781569,328,329,1662,856,4540,-2089,1281,684,-130,-29,341,171,198,0
1784911,329,330,1287,1043,3129,-2411,658,742,47,-225,327,175,172,0
1788253,329,330,1418,1418,2976,-3249,821,814,-296,-124,145,184,168,0
1791572,330,330,762,1887,2169,-3621,105,885,114,-140,181,219,159,0
1794942,331,331,1156,2037,1318,-4245,-266,911,128,112,196,208,161,0
1798254,331,331,1212,1625,2761,-3833,-975,885,-430,-121,81,205,183,0
1801576,332,332,968,1737,1640,-4366,-942,844,-593,14,145,218,177,0
1804933,333,332,1100,2000,108,-4790,-1118,795,-92,213,232,211,179,0
1808253,333,333,1156,1231,-383,-3215,-1524,732,82,114,375,208,204,0
1811580,334,334,1475,931,-628,-2852,-1241,697,119,310,442,191,220,0
1814936,334,334,1737,818,-143,-2285,-1149,669,165,416,213,193,242,0
1818254,335,335,1587,931,309,-2115,-697,635,-3,208,343,201,236,0
1821582,336,336,1418,950,334,-1933,401,609,101,380,347,194,219,0
1824936,336,336,1475,1343,233,-1273,-544,536,-121,184,328,207,214,0
1828254,337,337,1325,1062,118,-1365,-1070,458,-80,323,254,215,229,0
1831585,338,338,1475,443,-386,-1371,-1466,379,14,400,127,207,246,0
1834936,338,339,1156,200,-567,-170,-2750,258,-112,256,98,224,259,0
1838255,339,340,893,275,-1929,1121,-3479,126,-196,89,95,238,255,0
1841588,340,340,950,575,-3104,1063,-3610,-7,-151,140,47,235,255,0
1844965,341,341,256,406,-4224,1451,-3929,-155,-193,227,-125,260,252,0
1848279,341,342,462,368,-5694,3126,-3992,-306,319,49,126,249,238,0
1851592,342,343,556,443,-3685,3247,-3691,-446,197,-53,122,244,234,0
1854937,343,343,275,443,-2286,2543,-3333,-568,-125,75,-58,243,234,0
1858282,344,344,350,0,-3137,2509,-3554,-693,437,-171,69,239,258,0
1861595,344,345,893,125,-1114,1591,-3118,-807,-54,95,-27,226,251,0
1864937,345,346,312,0,-592,1131,-3109,-962,185,-16,135,241,247,0
1868283,346,347,425,0,1046,1571,-3048,-1122,186,-154,81,235,252,0
1871598,347,347,1043,275,2973,982,-2779,-1266,177,-64,270,218,243,0
1874938,347,348,593,12,3950,397,-2266,-1419,-329,-99,301,226,241,0
1878283,348,349,181,481,1834,-1809,-1906,-1550,-122,-287,113,248,216,0
1881601,349,350,312,856,1426,-4033,-1991,-1654,-22,-57,398,241,212,0
1884959,349,350,631,650,695,-4405,-2097,-1761,-140,-164,349,224,207,0
1888283,350,351,275,743,-3531,-2566,-1987,-1863,223,82,137,243,202,0
1891604,351,351,218,743,-1515,-2766,-2209,-1953,-86,147,221,246,218,0
1894989,352,352,875,1118,-1825,-2436,-1886,-2038,358,282,123,223,210,0
1898284,352,353,968,837,-373,-1240,-1657,-2093,-191,9,153,218,209,0
1901607,353,353,800,950,-848,-737,-884,-2112,-311,100,152,227,219,0
1904960,354,354,500,1100,-1930,129,89,-2079,72,158,219,243,211,0
1908284,354,355,706,743,-1639,877,1304,-2009,19,198,165,232,214,0
1911611,355,355,706,931,-1012,1385,1649,-1922,-224,78,211,232,220,0
1914961,356,356,875,950,-1251,1291,1982,-1813,8,98,169,223,219,0
1918285,357,357,987,1062,-1429,756,2560,-1694,204,127,135,217,213,0
1921615,357,358,706,875,-839,717,3099,-1561,-12,32,79,232,223,0
1924961,358,358,350,631,-389,911,3780,-1421,-19,30,91,251,236,0
1928284,359,359,312,743,-270,597,3819,-1314,-61,50,-7,253,230,0
1931617,360,360,143,368,-772,740,4067,-1170,38,51,5,262,234,0
1934962,360,360,68,387,-723,1091,4393,-999,-149,243,-42,266,249,0
1938286,361,361,125,387,-1265,1173,3996,-829,17,-18,7,263,249,0
1941620,362,362,106,256,-1656,1274,3634,-629,292,7,33,264,256,0
1944990,363,363,50,31,-950,1466,3832,-401,-40,11,-75,257,258,0
1948290,364,364,0,0,-413,1886,3458,-180,-65,-91,53,253,254,0
1951623,364,364,237,125,-664,1256,3408,48,280,-218,56,247,253,0
1954962,365,365,612,256,895,453,3178,272,364,-52,177,227,246,0
1958292,366,366,181,0,3266,958,3688,503,-133,152,110,234,251,0
1961627,367,367,218,0,2953,1766,3537,718,-121,222,-69,232,245,0
1964962,367,368,631,218,1374,2602,2887,919,267,359,836,226,232,0
1968295,368,368,162,0,2186,4668,3275,1119,112,35,638,235,245,0
1971630,369,369,443,237,2688,5544,2752,1302,-24,12,181,220,231,0
1974986,369,370,1062,612,2060,5327,2324,1470,218,-577,535,203,211,0
1978299,370,370,1062,481,3051,3178,2366,1631,829,-642,822,187,218,0
1981633,370,371,1681,575,6145,653,2044,1765,-88,-514,407,170,213,0
1984990,371,372,1381,1118,6887,-2080,2080,1890,-483,-376,229,186,184,0
1988302,371,372,1268,893,3916,-4239,2001,2015,-269,95,937,192,196,0
1991637,372,373,818,950,1599,-3937,1023,2112,-355,46,205,216,193,0
1994995,373,373,781,987,-1705,-5442,513,2190,218,171,217,228,217,0
1998305,373,374,1006,781,-2346,-4473,-601,2240,351,31,221,216,212,0
2001640,374,375,1118,1025,-1133,-3125,-1597,2249,182,252,182,210,199,0
2004997,375,375,1025,1306,-643,-1957,-1958,2240,226,306,271,215,200,0
2008308,375,376,1456,1081,421,-780,-2708,2183,-98,88,408,208,212,0
2011643,376,377,1118,800,723,-510,-3128,2083,-274,196,241,210,227,0
2014996,377,377,1118,931,115,-508,-3638,1928,-186,68,76,210,220,0
2018311,377,378,1306,912,-1244,-346,-4411,1739,106,18,142,216,221,0
2021646,378,379,650,218,-1056,-165,-5041,1519,154,124,181,235,242,0
2024997,379,379,725,162,-738,136,-5080,1281,-73,183,23,231,261,0
2028315,380,380,518,125,-897,820,-4851,1032,53,-35,-26,242,263,0
2031650,380,381,706,350,-1228,1242,-4950,759,21,109,-30,248,251,0
2034996,381,382,500,0,-2011,1407,-4899,487,21,35,17,243,254,0
2038318,382,383,687,106,-3034,1015,-4481,220,86,-21,31,233,248,0
2041652,383,384,537,0,-2808,548,-4184,-47,-157,26,-160,241,258,0
2044997,383,384,556,331,-3491,731,-3494,-281,377,-79,-20,244,240,0
2048321,384,385,312,68,-2009,448,-3201,-495,-37,-139,86,241,238,0
2051655,385,386,275,350,-1583,-181,-2868,-704,-362,-307,56,243,223,0
2054998,386,386,612,650,-2160,-304,-1812,-869,633,-147,483,225,223,0
2058325,386,387,650,106,411,374,-1321,-1017,191,86,437,223,236,0
2061659,387,388,612,293,1620,1488,-954,-1146,322,-118,328,225,226,0
2064997,388,389,893,275,2616,2322,-174,-1267,288,21,532,210,227,0
2068328,388,389,1025,425,5362,2826,-315,-1387,135,148,551,203,219,0
2071662,389,390,912,425,6826,4250,-471,-1492,-224,-39,363,209,219,0
2074998,389,391,1456,350,5745,4823,-619,-1614,-169,-158,317,196,223,0
2078332,390,391,1081,387,4917,4801,-748,-1723,-507,-240,437,200,221,0
2081665,391,392,1118,1006,2559,4265,-541,-1813,-445,-323,591,198,188,0
2085023,391,392,1212,1400,-1775,1436,291,-1877,-352,-291,535,209,183,0
2088334,392,393,650,1156,-3725,-169,1454,-1896,83,-92,463,223,180,0
2091668,393,394,818,1493,-3830,-777,2298,-1889,200,-22,437,214,178,0
2095023,393,394,1025,1550,-2908,-1819,2219,-1882,-151,-47,251,231,187,0
2098337,394,395,256,893,-2905,-2046,1962,-1853,-153,124,94,256,206,0
2101671,395,395,368,1062,-2906,-1905,2028,-1806,28,311,254,250,213,0
2105023,396,396,443,800,-1609,-968,1784,-1731,84,189,87,246,227,0
2108341,396,397,875,1043,-1881,-586,2507,-1603,-111,249,73,239,214,0
2111675,397,397,387,1006,-2100,8,2811,-1454,-80,7,125,249,216,0
2115024,398,398,218,950,-2592,103,2964,-1276,-5,148,121,258,219,0
2118343,399,399,181,425,-2757,316,2937,-1087,-111,-92,-141,260,247,0
2121678,400,400,312,0,-3369,200,3368,-868,309,-238,80,253,268,0
2125024,400,401,162,0,-1502,-138,3086,-634,206,5,-56,261,271,0
2128347,401,402,143,0,84,-595,2632,-394,-90,-43,-34,262,277,0
2131681,402,402,162,0,24,-649,2217,-166,77,-87,-44,261,274,0
2135025,403,403,0,0,-103,-1385,2369,59,-93,-48,-39,262,261,0
2138350,404,404,0,31,-763,-1396,2636,296,61,113,52,257,252,0
2141684,405,405,237,162,-577,-1163,2713,534,-52,67,-76,257,245,0
2145025,405,406,68,50,-272,-749,2561,754,-49,31,25,256,241,0
2148353,406,406,0,0,-303,-406,2670,968,36,72,3,248,254,0
2151688,407,407,0,0,172,-235,2456,1154,20,5,5,259,244,0
2155025,408,408,0,87,490,390,2295,1326,201,-76,25,251,239,0
2158356,408,409,0,50,1018,38,2101,1481,-62,-99,-14,246,225,0
2161691,409,409,50,181,319,-915,2106,1603,-441,-233,146,241,234,0
2165049,410,410,68,275,-2390,-2677,1638,1696,469,-196,724,240,229,0
2168359,411,411,312,443,-375,-3481,1799,1782,366,142,832,211,204,0
2171694,411,411,950,875,2616,-3023,2150,1854,-458,-50,885,193,197,0
2175049,412,412,856,800,579,-2061,2347,1938,-17,-152,919,198,201,0
2178363,412,413,1193,631,-201,-1631,2846,2041,117,-150,888,180,194,0
2181697,413,413,1212,1025,176,-839,3038,2156,-45,-190,688,179,189,0
2185053,413,414,1737,706,-846,-263,3464,2287,89,-124,563,167,206,0
2188366,414,414,1231,537,-832,-208,3318,2408,239,-80,553,178,215,0
2191700,414,415,1568,781,92,-726,3048,2494,54,-142,421,176,202,0
2195058,415,416,1737,1231,-179,-1652,2354,2522,-34,-23,276,225,236,0
2198369,416,416,1400,1062,-972,-2013,1675,2503,33,10,293,243,261,0
2201704,416,417,1456,612,-876,-2728,1419,2478,-89,206,142,240,269,0
2205062,417,418,1681,275,-805,-3318,1089,2450,-21,257,61,228,287,0
2208372,418,419,1212,143,-372,-3247,757,2411,28,263,-55,253,294,0
2211707,419,420,631,50,9,-2439,107,2358,181,81,-11,268,283,0
2215063,420,421,762,12,1326,-2218,-503,2264,-149,64,149,261,285,0
2218375,421,422,875,87,1436,-3118,-818,2151,-196,157,-65,255,281,0
2221710,421,423,1175,218,442,-3815,-1591,2008,-254,-170,-174,255,274,0
2225062,422,424,950,0,-1127,-4934,-2245,1846,60,119,59,267,287,0
2228379,423,425,406,0,-898,-5152,-2685,1657,181,4,39,280,282,0
2231713,424,426,406,0,-305,-5460,-2525,1482,178,221,-24,280,272,0
2235062,425,427,443,350,-76,-5699,-3022,1305,97,61,-302,278,251,0
2238382,426,427,143,462,-68,-5150,-3057,1140,38,185,142,278,245,0
2241716,427,428,293,368,429,-4458,-2950,974,91,226,101,270,250,0
2245063,428,429,0,87,555,-3909,-2444,815,-415,125,187,279,253,0
2248385,428,430,31,256,-969,-3006,-2005,668,150,516,376,272,228,0
2251720,429,430,87,425,-1887,-954,-2134,521,373,327,431,269,235,0
2255063,430,431,200,406,-652,2199,-883,410,-85,245,95,263,236,0
2258389,431,432,0,87,-1219,4186,-168,328,-154,152,22,258,237,0
2261723,432,433,293,0,-2448,5345,271,265,-127,-34,70,242,242,0
2265063,433,434,350,50,-3523,5525,370,211,-154,72,-32,239,239,0
2268392,433,434,387,0,-4297,5875,631,165,-9,-167,-123,237,244,0
2271726,434,435,462,218,-4759,5486,914,142,31,-116,-52,233,230,0
2275084,435,436,200,387,-4688,4944,1355,128,-63,8,-43,247,221,0
2278395,435,436,425,387,-4859,4819,1779,117,21,-136,-54,235,221,0
2281729,436,437,518,631,-4619,4396,1988,106,-61,30,27,230,208,0
2285088,437,438,256,612,-4774,4488,2185,85,-9,77,32,244,209,0
2288399,438,438,256,518,-4961,4850,2603,71,-45,14,30,228,214,0
2291732,438,439,537,837,-5057,4724,2968,56,-66,130,44,229,197,0
2295089,439,440,593,781,-5275,5146,3140,50,-208,222,158,238,212,0
2298402,440,440,706,518,-4032,5213,2663,38,677,87,393,232,242,0
2301735,440,441,968,106,-638,4558,2915,56,273,17,194,218,248,0
2305088,441,442,1306,0,3628,4247,2910,94,407,191,368,200,266,0
2308404,442,443,1475,0,6934,3865,1965,111,352,-31,440,191,270,0
2311739,442,444,875,0,10254,3392,1619,128,-372,258,21,223,250,0
2315088,443,444,387,293,8573,1655,2071,169,-720,-7,456,249,238,0
2318407,444,445,687,612,5004,-252,1625,216,-721,30,1344,233,221,0
2321742,445,446,1343,331,666,-295,1200,270,826,66,429,214,236,0
2325088,445,447,1212,31,2130,790,1352,337,313,-2,522,221,252,0
2328411,446,447,743,87,3109,594,545,404,-114,-132,576,230,249,0
2331745,447,448,650,87,2627,446,-68,472,35,21,452,235,249,0
2335089,447,449,837,143,3293,837,1126,591,729,-226,757,241,246,0
2338414,448,450,275,0,5843,1271,1313,711,-16,-327,-19,255,240,0
2341748,449,451,275,0,4902,729,1188,843,71,-373,299,255,258,0
2345090,450,451,87,0,3682,406,996,970,-445,-609,287,255,252,0
2348417,451,452,200,162,2047,-991,659,1082,-178,-358,120,249,235,0
2351752,451,453,575,331,972,-2535,713,1181,-103,-412,334,229,210,0
2355090,452,453,556,818,1509,-2633,667,1264,-64,-166,405,230,200,0
2358420,453,454,800,1137,1825,-1500,490,1346,-242,-277,291,217,183,0
2361755,453,454,781,1100,1168,-1111,920,1403,-162,-371,334,218,185,0
2365111,454,455,706,1306,890,-140,60,1410,-229,-461,295,222,174,0
2368423,455,456,1006,1662,76,47,-212,1395,-77,-260,173,206,171,0
2371758,455,456,1025,1268,-223,27,-467,1369,-276,-341,123,205,176,0
2375114,456,456,593,1493,-402,-590,-578,1331,-232,-228,116,228,180,0
2378427,457,457,556,1081,-857,-1588,-626,1283,-21,-136,155,230,202,0
2381761,457,458,762,537,-1229,-2057,-690,1219,-96,61,287,219,215,0
2385115,458,458,1212,631,-1410,-3247,-95,1160,199,43,390,195,226,0
2388430,458,459,1606,1006,380,-4413,542,1115,234,359,332,190,206,0
2391765,459,460,1212,968,2277,-4507,968,1077,11,356,175,195,192,0
2395114,460,460,1381,1025,2687,-3518,1532,1044,88,301,169,196,215,0
2398433,460,461,1568,1100,3111,-3321,1889,1010,-318,490,153,202,211,0
2401767,461,461,1775,1643,3114,-3561,2645,994,-155,199,222,191,198,0
2405115,461,462,1718,1156,1759,-3485,2840,1000,155,213,383,194,208,0
2408436,462,463,1418,931,1203,-3800,3166,1008,-73,339,289,210,220,0
2411771,463,463,1231,1231,1240,-4120,3516,1027,32,399,289,220,220,0
2415115,463,464,1531,1043,2167,-3601,3742,1082,291,-19,239,220,230,0
2418439,464,465,1062,987,4157,-3036,3622,1145,177,230,175,229,217,0
2421774,465,466,1175,612,5697,-2655,3285,1183,120,-81,-47,223,237,0
2425117,465,466,1418,481,5225,-2862,2728,1217,-279,-361,-167,226,260,0
2428443,466,467,387,218,4487,-3552,2391,1254,-671,-29,-99,265,258,0
2431777,467,468,575,500,1535,-2908,634,1232,101,-40,116,255,243,0
2435116,468,469,631,837,1240,-3086,-567,1197,104,94,-18,252,225,0
2438446,469,469,556,1212,1538,-2945,-975,1169,-48,178,-169,256,221,0
2441832,470,470,275,500,637,-2065,-1892,1075,-299,14,-29,259,247,0
2445137,470,471,256,443,-1471,-1892,-2103,968,-255,77,-30,260,234,0
2448449,471,472,350,706,-2971,-1978,-2331,858,-146,92,-32,255,220,0
2451807,472,472,50,125,-4043,-1102,-2446,750,287,-236,151,255,251,0
2455141,473,473,0,12,-918,-1432,-2288,658,-76,-424,-7,267,257,0
2458452,474,474,593,237,-1145,-2726,-1834,579,-500,360,421,242,245,0
2461810,474,475,668,143,-4876,-1630,-1874,499,779,260,427,222,234,0
2465141,475,475,781,218,-281,756,-1596,434,10,103,661,216,246,0
2468455,475,476,1362,593,2986,2681,-588,387,-789,298,686,201,226,0
2471815,476,477,781,743,945,3889,-1342,343,-60,162,388,216,202,0
2475141,477,477,650,818,1664,4622,-933,321,-328,164,366,223,214,0
2478459,478,478,950,1062,2798,4746,-1085,301,-308,118,401,223,201,0
2481817,478,479,762,931,2526,4974,-1489,273,-57,32,198,217,192,0
2485142,479,479,837,987,3526,5036,-1487,246,-245,-15,156,213,205,0
2488463,479,480,1193,1325,2978,5060,-1262,228,-414,-259,-37,210,187,0
2491848,480,480,612,2018,140,4941,62,233,-566,-234,0,253,178,0
2495142,481,481,125,1568,-3944,3192,537,233,-266,-169,267,263,186,0
2498466,482,481,50,1887,-5599,1428,914,231,-212,-121,192,267,185,0
2501824,483,482,68,1418,-6890,-413,2151,250,-82,87,83,266,210,0
2505142,484,483,0,1006,-8165,-1366,3049,287,392,60,265,254,216,0
2508469,484,483,612,968,-8154,-1886,3456,312,-347,182,168,237,234,0
2511824,485,484,368,1193,-6780,-2077,4302,358,203,93,23,250,222,0
2515142,486,485,237,1212,-4658,-1707,4108,387,-202,-16,-49,257,221,0
2518471,487,485,0,800,-5903,-2555,4124,406,-285,129,-52,255,243,0
2521829,487,486,312,818,-7268,-2301,4329,425,242,-46,109,253,242,0
2525163,488,487,256,950,-6080,-2826,4197,442,156,213,115,256,235,0
2528475,489,488,0,575,-5176,-3448,3714,456,618,-11,286,264,239,0
2531833,490,488,0,593,-3170,-3008,3780,489,324,105,107,269,254,0
2535167,491,489,0,500,203,-3406,3502,523,148,175,138,264,259,0
2538478,492,490,256,462,1115,-3211,3358,609,73,9,98,256,261,0
2541860,492,491,125,181,1452,-2829,3117,724,-142,332,303,253,266,0
2545167,493,492,0,0,2204,-1026,3389,860,402,261,478,248,263,0
2548482,494,493,125,31,4418,1623,3340,1024,62,56,371,237,258,0
2551833,495,494,500,12,5186,3275,3458,1197,-332,98,362,217,259,0
2555167,495,494,500,31,2929,3980,3299,1373,83,-184,206,217,258,0
2558484,496,495,387,668,2463,4469,3086,1546,-189,-71,160,223,224,0
2561834,496,496,931,1006,1358,4663,3221,1718,-391,103,226,210,206,0
2565168,497,496,762,856,-1341,4898,2488,1853,-42,42,381,203,214,0
2568487,498,497,837,631,-2330,5071,2276,1983,-7,-50,439,199,226,0
2571833,498,498,1175,912,-2599,4884,2482,2111,152,-56,215,197,211,0
2575168,499,498,1081,856,-3273,4867,2257,2199,167,-380,521,186,214,0
2578491,499,499,1587,350,-2594,3983,2208,2310,252,36,453,175,241,0
2581834,500,500,1156,293,404,2797,2002,2402,-329,-27,264,198,244,0
2585168,500,501,1268,68,-139,1589,2098,2502,222,-54,306,192,240,0
2588494,501,502,1250,0,504,198,1770,2603,240,156,487,193,254,0
2591834,502,502,1175,575,2588,-966,1496,2697,11,1,323,207,239,0
2595168,502,503,1100,275,3183,-1762,1971,2798,-176,-132,-38,211,239,0
2598497,503,504,781,350,1937,-3154,1510,2843,463,46,186,228,235,0
2601856,504,504,481,481,2267,-3267,1356,2869,-89,205,-13,244,244,0
2605190,504,505,1193,425,1750,-2935,804,2865,-33,147,-22,222,247,0
2608500,505,506,912,68,716,-3311,249,2806,29,7,12,221,250,0
2611858,506,507,406,218,359,-4216,69,2713,49,154,99,248,242,0
2615193,507,508,481,218,-202,-3932,-526,2588,-51,121,62,244,242,0
2618504,507,508,350,125,-599,-3170,-771,2430,174,117,230,251,247,0
2621859,508,509,406,87,588,-2695,159,2306,68,225,253,248,249,0
2625194,509,510,162,68,1192,-2104,403,2190,285,161,138,261,250,0
2628507,510,511,443,275,1676,-1574,898,2083,160,212,96,246,239,0
2631859,511,512,200,87,1882,-622,828,1977,105,355,-15,243,233,0
2635194,511,512,537,518,1747,546,587,1880,154,56,28,241,226,0
2638510,512,513,125,406,2785,835,921,1790,-69,-26,161,263,232,0
2641859,513,514,143,218,2440,681,1533,1729,-175,26,109,250,230,0
2645194,514,514,0,200,1610,919,1487,1670,149,-12,-62,246,231,0
2648513,514,515,462,350,1568,960,1285,1613,176,-330,1642,233,223,0
2651859,515,516,293,200,115,1464,1416,1551,-407,222,-217,242,231,0
2655194,516,517,162,0,-884,2590,984,1478,-439,-35,85,233,230,0
2658516,517,517,293,293,-2205,3301,500,1385,-167,-222,779,226,226,0
2661860,517,518,912,500,-1763,4549,-402,1270,582,-380,1724,209,215,0
2665195,518,519,406,68,629,5430,-437,1160,-508,-208,371,220,222,0
2668519,519,519,818,368,-329,5185,-227,1052,-60,-233,216,214,222,0
2671860,519,520,743,481,-2193,2785,-162,969,155,-382,469,218,216,0
2675194,520,521,537,256,-751,1273,367,909,354,-376,468,213,212,0
2678523,520,521,1325,687,1103,-398,1185,869,-291,-201,241,187,205,0
2681881,521,522,1606,912,518,-1493,2077,863,-120,-129,258,172,193,0
2685195,521,522,1587,725,263,-1727,2290,866,-15,-182,283,173,203,0
2688526,522,523,1100,931,-115,-2090,2652,886,-120,88,271,199,192,0
2691882,523,524,931,837,-1336,-1729,2910,911,-166,2,144,220,209,0
2695218,523,524,650,687,-2574,-1408,2738,942,-74,250,5,235,217,0
2698530,524,525,237,687,-2670,-709,2249,965,-258,38,-6,257,217,0
2701885,525,526,143,593,-2567,-766,2367,978,-364,-47,-213,262,222,0
2705219,526,526,256,875,-2706,-1310,1932,991,-138,18,42,256,223,0
2708533,527,527,368,781,-1683,-647,1771,1004,-219,37,123,234,212,0
2711886,527,528,725,818,-2304,-850,1922,1039,36,207,139,231,210,0
2715219,528,528,312,1006,-1433,-321,2147,1098,-112,190,129,253,216,0
2718535,529,529,0,762,-801,-88,1985,1158,-54,244,37,267,213,0
2721886,530,530,0,781,-812,395,1208,1212,-33,163,206,272,212,0
2725219,530,530,87,912,-394,578,1080,1270,0,262,-58,265,221,0
2728539,531,531,218,781,-547,889,875,1292,-115,176,39,258,228,0
2731886,532,532,0,312,-813,1424,696,1301,181,20,-20,255,237,0
2735219,533,532,12,368,-732,1508,495,1289,200,-114,-86,253,250,0
2738542,534,533,106,350,17,1101,803,1288,-273,-16,31,248,251,0
2741887,534,534,275,0,-512,436,689,1291,-103,-76,22,245,260,0
2745219,535,535,0,0,-1532,296,235,1270,238,-121,265,253,250,0
2748546,536,536,0,350,148,1012,240,1229,76,103,228,248,225,0
2751886,537,536,0,537,776,1827,216,1190,116,37,1530,246,231,0
2755220,537,537,275,406,374,3926,709,1172,-14,-231,480,229,222,0
2758549,538,538,387,425,-793,4067,880,1155,188,16,487,223,221,0
2761887,539,538,650,650,142,2893,52,1126,476,-449,487,209,225,0
2765220,539,539,912,575,1966,469,-363,1099,196,-429,467,195,213,0
2768551,540,540,987,556,2340,-1506,-1008,1080,122,-36,366,191,214,0
2771908,540,540,1212,743,2268,-2307,-1796,1037,-177,-200,363,195,220,0
2775244,541,541,781,462,1052,-2871,-1586,995,185,-76,436,202,219,0
2778555,542,542,893,593,902,-3095,-1224,962,198,101,452,196,212,0
2781911,542,542,931,1081,2062,-1746,-665,930,-149,145,278,210,202,0
2785245,543,543,387,725,1142,-612,-203,886,-136,160,105,223,205,0
2788558,544,544,968,762,-488,468,-151,817,-178,114,147,208,219,0
2791911,544,544,1287,1156,-1169,563,247,753,-17,47,189,201,208,0
2795248,545,545,1156,1156,-1090,138,565,687,33,178,186,208,208,0
2798561,545,545,1175,856,-1179,101,272,605,123,-38,-16,207,224,0
2801912,546,546,1081,425,-145,-1049,515,536,-103,187,-61,212,247,0
2805253,547,547,931,556,-898,-2014,464,480,79,39,13,220,240,0
2808565,548,548,987,87,-1015,-2604,351,417,63,128,75,217,249,0
2811913,548,548,668,425,-544,-2683,605,375,56,231,-80,234,247,0
2815254,549,549,481,312,-458,-2175,149,325,-116,110,44,244,253,0
2818567,550,550,631,143,-984,-1752,328,275,161,135,40,236,262,0
2821913,551,551,481,106,-5,-1589,302,217,82,80,-11,244,264,0
2825254,551,552,462,0,884,-1258,420,168,-55,12,51,245,264,0
2828571,552,553,68,0,1018,-1280,630,150,120,30,-2,266,262,0
2831913,553,554,200,50,1577,-1614,424,130,-57,36,-31,259,251,0
2835255,554,554,256,387,1454,-1750,282,111,-225,-129,-14,240,233,0
2838574,554,555,387,312,513,-2219,67,92,-678,166,82,249,237,0
2841913,555,556,218,350,-3612,-990,-490,61,-691,-318,1030,246,223,0
2845255,556,556,0,181,-5872,830,-1554,-12,1128,-76,553,261,232,0
2848578,557,557,0,162,-1181,1322,-208,-40,231,12,194,243,233,0
2851935,557,558,556,312,1021,2442,-51,-49,-701,-174,366,228,225,0
2855255,558,559,275,143,-2177,2863,-587,-75,332,-527,1146,227,218,0
2858581,559,559,687,237,-1390,2721,-144,-86,423,-45,653,205,229,0
2861938,559,560,1250,275,2468,3839,641,-88,-26,-93,377,191,227,0
2865255,560,561,462,68,3543,4305,874,-88,-1,-174,364,217,222,0
2868583,561,561,537,312,3227,3680,1200,-52,-84,-211,248,213,225,0
2871938,561,562,875,500,2651,2636,1939,19,-424,-290,222,211,215,0
2875256,562,563,237,293,846,1775,2302,122,-152,19,28,229,210,0
2878587,563,563,237,556,-348,1506,2365,252,-205,-48,-145,229,212,0
2881938,563,564,443,743,-3014,1610,2531,381,-205,-30,109,234,202,0
2885279,564,564,0,593,-3566,1390,2307,491,-11,-75,176,243,210,0
2888590,565,565,0,706,-3214,1185,2159,579,-57,-1,66,253,204,0
2891938,566,566,481,837,-4083,754,2683,669,-77,-51,157,228,209,0
2895281,566,566,537,893,-4553,109,2594,755,-129,-152,85,241,222,0
2898593,567,567,87,406,-5172,-1394,2928,839,-75,-15,53,249,232,0
2901939,568,568,275,443,-5045,-1736,2496,899,-147,23,-76,239,230,0
2905282,569,569,275,368,-4867,-1996,2058,955,164,87,102,239,234,0
2908596,569,569,350,181,-3974,-2606,1885,998,206,54,347,235,244,0
2911939,570,570,443,462,-1887,-3178,1952,1044,194,107,475,230,229,0
2915281,571,571,706,368,2286,-3273,2177,1102,-53,-57,418,216,234,0
2918599,571,572,781,481,2461,-3383,2351,1156,-64,56,42,228,244,0
2921939,572,572,425,800,2486,-3380,2070,1216,32,-119,439,247,227,0
2925282,573,573,181,462,1744,-3674,1424,1250,71,147,256,244,229,0
2928603,574,574,275,331,1466,-3709,1327,1282,20,211,418,239,236,0
2931960,574,574,668,762,1494,-2474,1031,1301,167,294,240,234,229,0
2935282,575,575,425,31,2025,-2098,651,1302,129,59,192,231,252,0
2938606,576,576,50,368,2402,-2143,612,1308,86,-1,150,251,234,0
2941964,577,577,68,12,3083,-2332,673,1320,270,89,681,240,243,0
2945283,577,578,575,218,3836,-958,1006,1350,-181,234,205,229,232,0
2948609,578,578,68,0,2750,276,1188,1402,-139,183,138,240,250,0
2951966,579,579,162,181,1292,1365,798,1476,-89,144,190,235,234,0
2955283,579,580,537,331,902,2272,680,1503,64,8,238,231,226,0
2958613,580,580,106,143,1081,2722,946,1534,36,-23,193,238,236,0
2961965,581,581,50,462,1789,2584,844,1579,-342,1,194,241,219,0
2965283,582,582,368,706,1000,2893,644,1604,-266,-141,168,224,206,0
2968615,582,582,350,668,33,3116,266,1592,102,-139,228,225,208,0
2971965,583,583,481,781,-86,2306,-46,1563,-39,-206,399,218,202,0
2975307,583,584,1343,687,164,1240,-442,1512,-31,-204,451,188,207,0
2978619,584,584,856,706,215,-194,-916,1423,70,-32,482,198,206,0
2981965,585,585,987,1081,630,-1836,-1046,1318,-30,39,375,191,186,0
2985311,585,585,1268,1212,352,-2295,-1172,1208,-159,19,358,192,195,0
2988622,586,586,781,1025,-377,-2326,-817,1103,81,172,416,202,189,0
2991965,586,587,1268,743,28,-1724,-291,1022,-5,196,312,202,214,0
2995310,587,587,1137,818,21,-1267,22,955,268,117,242,209,226,0
2998625,588,588,743,500,474,-743,247,879,350,180,263,214,227,0
