Time, Rlegs, Llegs, DCL, DCR, GyroX, GyroY, GyroZ, GyroZAvg, AccelX, AccelY, AccelZ, LBEMF, RBEMF, SteerOut
3229,254,259,781,0,-126,-81,246,246,-3,-4,225,31,31,0
6549,254,259,781,0,-127,-80,249,246,-2,-3,226,31,31,0
9895,254,259,781,0,-131,-79,249,246,-1,-7,229,31,31,0
13229,254,259,781,0,-129,-83,247,246,2,-5,229,31,31,0
16552,254,259,781,0,-128,-81,247,246,-3,-1,229,31,31,0
19895,254,259,781,0,-129,-81,244,246,0,-5,223,31,31,0
23230,254,259,781,0,-131,-82,244,246,1,-6,228,31,31,0
26555,254,259,781,0,-131,-82,248,246,0,-6,227,31,31,0
29895,254,259,781,0,-133,-82,244,246,0,-5,231,31,31,0
33230,254,259,781,0,-132,-81,246,246,0,-7,226,31,31,0
36558,254,259,781,0,-133,-82,248,246,0,-3,223,31,31,0
39896,254,259,781,0,-128,-84,247,246,0,-10,231,31,31,0
43230,254,259,781,0,-129,-80,249,246,-1,-6,221,31,31,0
46561,254,259,781,0,-130,-84,247,246,0,-7,222,31,31,0
49896,254,259,781,0,-128,-80,248,246,-2,-8,225,31,31,0
53230,254,259,781,0,-127,-81,245,246,-3,-7,229,31,31,0
56565,254,259,781,0,-127,-83,246,246,0,-8,228,31,31,0
59917,254,259,781,0,-129,-80,246,246,0,-10,226,31,31,0
63253,254,259,781,0,-129,-80,247,246,-4,-4,233,31,31,0
66568,254,259,781,0,-128,-80,245,246,-2,-6,231,31,31,0
69921,254,259,781,0,-130,-80,247,246,0,-5,225,31,31,0
73254,254,259,781,0,-127,-79,250,246,-1,-8,228,31,31,0
76571,254,259,781,0,-127,-82,247,246,-1,-6,230,31,31,0
79921,254,259,781,0,-131,-80,245,246,3,-8,226,31,31,0
83254,254,259,762,0,-129,-80,248,246,-6,-6,225,32,31,0
86574,254,259,781,0,-128,-81,248,246,0,-8,229,31,31,0
89921,254,259,781,0,-129,-83,245,246,-2,-7,227,31,31,0
93254,254,259,781,0,-129,-83,244,246,-1,-5,227,31,31,0
96577,254,259,781,0,-132,-84,245,246,-1,-12,226,31,31,0
99922,254,259,781,0,-133,-84,244,246,1,-8,223,31,31,0
103255,0,0,0,0,-131,-82,245,246,0,-6,228,31,31,0
106580,0,0,0,0,-131,-82,248,246,0,-7,233,31,31,0
109922,0,0,0,0,-131,-85,248,246,0,-9,227,31,31,0
113255,0,0,0,0,-129,-84,246,246,1,-5,225,31,31,0
116584,0,0,0,0,-128,-84,246,246,2,-6,226,31,31,0
119922,0,0,0,0,-128,-83,247,246,-2,-7,230,31,31,0
123255,0,0,0,0,-131,-85,247,246,0,-7,228,31,31,0
126587,0,0,0,0,-129,-83,247,246,-1,-7,231,31,31,0
129922,0,0,0,0,-130,-84,245,246,0,-8,222,31,31,0
133256,0,0,0,0,-128,-83,247,246,-3,-2,225,31,31,0
136590,0,0,0,0,-127,-79,247,246,-2,-4,227,31,31,0
139943,0,0,0,0,-127,-79,249,246,-1,-3,232,31,31,0
143280,0,0,0,0,-126,-78,248,246,-3,-6,231,31,31,0
146593,0,0,0,0,-128,-80,249,246,0,-5,224,31,31,0
149947,0,0,0,0,-125,-79,247,246,0,-9,229,30,31,0
153283,0,0,0,0,-125,-79,246,246,-2,-5,230,31,31,0
156596,0,0,0,0,-125,-81,248,246,3,-8,231,31,31,0
159947,0,0,0,0,-128,-80,245,246,0,-7,227,31,31,0
163284,0,0,0,0,-128,-81,247,246,-2,-8,232,31,31,0
166600,0,0,0,0,-131,-82,245,246,1,-8,230,31,31,0
169947,0,0,0,0,-128,-80,245,246,-3,-4,232,31,31,0
173289,0,0,0,0,-130,-81,246,246,-5,-5,222,31,31,0
176603,0,0,0,0,-132,-83,246,246,1,-7,226,31,31,0
179948,0,0,0,0,-132,-85,248,246,-2,-4,230,31,31,0
183289,0,0,0,0,-128,-85,248,246,0,-8,232,31,31,0
186606,0,0,0,0,-129,-83,247,246,-3,-6,230,31,31,0
189948,0,0,0,0,-128,-86,247,246,-1,-5,227,31,31,0
193289,0,0,0,0,-130,-84,246,246,-3,-4,227,31,31,0
196609,0,0,0,0,-132,-84,248,246,0,-6,226,31,31,0
199948,0,0,0,0,-132,-84,245,246,2,-3,228,31,31,0
203293,0,0,1062,1062,-129,-81,246,246,-4,-6,226,0,0,0
206612,0,0,0,0,-132,-91,244,246,5,-14,236,62,59,0
209952,0,0,0,0,-174,-130,232,246,-22,-14,220,66,60,0
213293,0,0,0,0,-295,-131,218,245,19,-2,228,63,57,0
216616,0,0,256,312,-198,-177,191,243,7,-7,230,59,56,0
219973,0,0,87,87,-40,-215,240,243,-22,5,227,68,68,0
223293,0,1,87,0,-129,-187,247,243,-2,11,219,68,67,0
226619,1,1,106,200,-184,-152,262,243,7,5,220,67,62,0
229976,1,1,162,200,-93,-95,300,245,-13,11,215,64,62,0
233294,1,1,125,106,-124,-71,330,248,11,10,222,66,67,0
236622,1,1,143,106,-100,-26,314,250,13,6,217,65,67,0
239976,1,1,312,275,5,-27,327,252,-14,5,225,72,74,0
243294,1,1,162,181,-50,-46,313,254,-22,26,222,80,79,0
246625,2,2,0,0,-114,2,320,257,24,3,217,82,78,0
249977,2,2,350,368,59,102,334,259,2,3,226,70,69,0
253318,2,2,275,293,149,201,338,262,-33,-2,235,74,73,0
256628,2,2,181,143,72,312,345,265,-43,-10,258,79,81,0
259977,2,2,181,237,13,402,239,265,26,-8,270,79,76,0
263319,3,3,106,125,58,409,230,264,-28,-17,262,83,82,0
266632,3,3,0,143,-8,385,225,264,-20,-12,275,89,81,0
269977,3,3,256,162,-43,289,144,260,10,-24,273,75,80,0
273320,3,3,500,406,52,219,137,257,27,-6,263,78,83,0
276635,3,3,181,256,180,261,139,254,-6,-12,221,95,91,0
279977,4,4,0,0,187,375,165,251,-3,-45,226,96,95,0
283320,4,4,143,50,89,429,151,248,-19,-35,219,81,86,0
286639,4,4,500,331,14,498,192,247,9,-22,224,78,87,0
289978,4,4,200,162,102,633,271,247,13,-25,216,94,96,0
293320,5,5,0,0,246,755,331,250,-41,-16,199,96,96,0
296641,5,5,518,312,248,721,366,254,-41,-56,201,77,88,0
299999,5,5,481,181,-93,446,353,257,52,-27,198,79,95,0
303321,5,5,387,162,-202,349,383,261,-11,-26,189,84,96,0
306645,6,6,425,0,-241,300,568,271,-60,-60,208,82,94,0
310002,6,6,350,256,-760,-104,600,282,-36,-30,242,86,91,0
313321,6,6,406,143,-957,-438,657,295,16,-15,263,83,97,0
316648,6,7,443,0,-809,-579,808,313,18,6,287,81,90,0
320002,6,7,743,425,-546,-598,825,332,-12,13,265,81,82,0
323321,7,7,68,237,-394,-583,864,353,-28,31,262,101,92,0
326651,7,7,275,143,-412,-516,834,372,-20,55,260,90,97,0
330003,7,7,575,350,-285,-283,805,389,-14,71,254,85,97,0
333321,7,8,312,31,-105,-163,751,404,-42,78,271,99,98,0
336654,8,8,12,237,-224,-103,574,413,50,41,260,99,87,0
340003,8,8,762,575,-95,26,477,418,-27,55,252,75,85,0
343345,8,9,556,143,101,92,492,423,-63,5,261,86,92,0
346657,8,9,350,162,-49,-3,494,428,-11,-15,258,97,91,0
350004,9,9,0,350,-205,-327,451,433,-34,18,242,100,81,0
353349,9,9,650,650,-260,-552,501,438,-36,42,252,81,81,0
356661,9,9,575,500,-382,-717,477,443,5,11,249,85,89,0
360004,9,10,331,200,-294,-1007,454,446,-5,52,234,98,89,0
363350,10,10,31,406,-240,-989,411,449,-14,81,217,98,78,0
366664,10,10,631,725,-297,-801,418,454,-30,70,209,82,77,0
370004,10,10,425,537,-427,-674,395,459,-8,68,227,93,87,0
373351,10,11,256,143,-516,-602,364,464,-11,82,214,102,92,0
376667,11,11,0,368,-542,-440,419,472,13,78,202,105,80,0
380026,11,11,556,687,-505,-214,525,484,-24,84,190,86,79,0
383349,11,11,406,387,-452,-132,622,499,38,41,177,94,95,0
386670,11,11,275,387,-333,-48,731,517,-32,47,144,101,95,0
390027,12,12,50,293,-423,52,883,540,-30,42,168,97,84,0
393349,12,12,593,612,-678,28,975,564,-20,46,155,84,83,0
396673,12,12,275,368,-865,-179,1084,590,10,60,169,101,96,0
400027,13,13,0,181,-840,-282,1123,615,20,76,184,105,90,0
403350,13,13,68,256,-751,-229,1160,639,-9,97,184,96,86,0
406676,13,13,556,556,-777,-85,1092,663,1,109,165,86,86,0
410028,13,13,256,256,-908,-2,960,681,24,110,151,102,102,0
413351,14,13,0,425,-912,178,856,690,-27,110,166,104,93,0
416680,14,14,125,125,-1026,514,747,694,5,89,181,93,93,0
420027,14,14,406,387,-1077,599,626,693,57,68,175,94,95,0
423351,14,14,162,275,-943,592,538,685,44,57,144,107,101,0
426683,15,15,0,31,-793,674,525,675,40,67,165,110,98,0
430028,15,15,387,500,-625,707,545,665,31,56,127,95,89,0
433352,15,15,256,181,-470,671,564,657,47,20,125,102,106,0
436686,16,15,0,106,-352,691,604,651,2,9,99,117,110,0
440028,16,16,0,0,-132,805,650,648,43,16,98,110,110,0
443355,16,16,181,87,78,940,734,653,48,23,137,106,111,0
446689,17,16,0,87,282,1100,792,662,74,20,139,110,111,0
450029,17,17,0,0,690,1279,783,671,32,35,132,112,113,0
453359,17,17,275,50,862,1502,825,682,18,5,113,106,118,0
456692,18,17,0,12,993,1656,805,693,-1,-25,130,118,120,0
460029,18,18,0,0,1105,1633,772,701,75,-50,170,118,120,0
463361,18,18,0,0,1413,1530,829,712,94,-97,189,111,126,0
466696,19,19,0,0,1682,1338,665,719,-457,-193,250,111,121,0
470053,19,19,0,0,151,778,518,722,-416,-221,238,108,122,0
473364,19,19,0,0,-2039,-426,294,718,-135,-274,357,105,123,0
476699,20,20,0,0,-3548,-1767,481,721,-37,-110,400,105,122,0
480057,20,20,0,0,-3224,-1772,398,722,346,45,485,108,131,0
483368,20,21,256,0,-1812,-446,444,723,151,-65,446,91,125,0
486702,20,21,293,0,-475,1140,1502,753,114,-113,437,89,126,0
490057,21,21,31,0,50,1666,2243,804,201,-199,338,103,131,0
493371,21,22,237,0,816,1789,2790,868,27,-243,203,92,121,0
496705,21,22,312,0,1260,1483,3062,937,124,-259,379,88,127,0
500063,21,23,593,0,1671,925,2762,992,326,-260,232,89,124,0
503374,22,23,87,0,2756,297,2534,1038,219,-176,178,100,129,0
506708,22,23,350,0,3129,-195,2166,1070,-108,-198,223,86,138,0
510063,22,24,256,0,1608,-596,1890,1093,8,-176,205,91,133,0
513377,22,24,387,0,727,-878,1534,1107,100,-193,161,100,134,0
516712,23,25,0,0,492,-1099,1110,1112,41,-221,134,112,121,0
520063,23,25,218,0,368,-1243,977,1115,-9,-193,131,93,117,0
523381,23,25,612,0,181,-1597,671,1113,-2,-173,163,88,116,0
526715,24,26,12,0,-125,-1944,531,1110,7,-97,158,104,106,0
530063,24,26,181,0,-279,-1770,438,1107,-75,-93,275,95,99,0
533384,24,26,387,0,216,-1330,594,1109,94,-73,306,84,96,0
536718,24,26,631,125,1732,-622,675,1113,-37,-48,253,87,82,0
540063,25,27,0,0,1757,-292,800,1121,-220,-75,274,111,79,0
543387,25,27,237,50,972,-275,704,1124,-224,-92,254,92,70,0
546721,25,27,631,481,-11,-451,704,1125,-55,-37,277,87,63,0
550063,25,27,331,218,69,-445,748,1126,-40,-66,234,103,77,0
553390,26,27,0,181,188,-493,817,1127,-11,-53,221,109,79,0
556724,26,27,256,312,532,-802,915,1131,-21,-67,179,91,72,0
560063,26,28,481,350,850,-1138,881,1132,-25,-56,188,95,70,0
563393,27,28,0,425,1091,-1342,903,1136,-57,-30,209,112,66,0
566728,27,28,87,312,831,-1743,1033,1144,-190,8,269,100,72,0
570064,27,28,650,537,306,-2128,1113,1153,-21,60,176,86,76,0
573396,27,28,331,387,233,-2056,1244,1171,-74,50,155,103,84,0
576731,28,29,0,87,-182,-1905,1222,1193,-42,112,221,110,84,0
580090,28,29,462,481,-467,-1510,1190,1221,34,136,218,91,74,0
583400,28,29,387,368,-211,-976,1242,1244,-37,118,202,95,80,0
586734,28,29,387,406,-327,-537,1172,1269,-7,-7,172,95,78,0
590091,29,29,631,837,-253,-660,1094,1289,42,66,241,82,71,0
593404,29,30,762,406,46,-675,756,1266,-84,76,303,75,78,0
596737,29,30,518,425,36,-602,171,1201,-49,49,283,88,77,0
600090,29,30,631,631,221,-764,-175,1108,-19,48,303,82,66,0
603406,30,30,650,875,467,-859,-465,998,35,69,296,81,69,0
606740,30,30,762,687,763,-691,-640,892,15,59,283,75,79,0
610090,30,31,631,443,970,-665,-906,784,18,63,293,82,76,0
613410,30,31,706,725,1189,-593,-1081,683,-64,83,280,78,61,0
616744,30,31,1025,1100,1163,-236,-1284,584,-130,68,291,77,57,0
620091,31,31,425,837,929,-155,-1388,492,-70,52,295,93,71,0
623412,31,31,762,856,831,-190,-1423,413,-91,90,243,75,70,0
626747,31,31,818,875,636,-255,-1419,338,-91,43,203,72,69,0
630091,31,31,968,1268,529,-263,-1402,273,-46,18,214,80,64,0
633416,32,32,387,743,416,-254,-1178,220,-73,32,219,95,76,0
636750,32,32,556,950,178,-477,-1048,174,-77,34,173,86,65,0
640091,32,32,800,1006,-79,-443,-824,129,-32,29,213,73,62,0
643419,32,32,912,1231,-273,-349,-565,90,10,-3,213,83,66,0
646753,32,32,706,1100,-385,-260,-312,56,-9,39,237,94,73,0
650091,33,32,537,1231,-526,-157,-197,28,-12,-18,223,87,66,0
653422,33,33,837,1043,-572,-224,-42,4,-70,-2,237,71,60,0
656756,33,33,1025,1362,-960,-385,185,-12,-62,-11,204,77,59,0
660092,33,33,743,1175,-1304,-503,338,-27,37,27,199,92,69,0
663426,34,33,575,1118,-1269,-356,481,-41,14,-31,231,85,72,0
666760,34,33,893,1043,-997,-330,889,-41,38,18,273,68,76,0
670116,34,33,968,912,-869,-519,1120,-34,161,104,214,80,99,0
673429,34,34,818,500,-884,-676,1345,-24,193,187,211,88,105,0
676763,35,34,893,556,-378,-608,1364,-16,46,159,166,84,102,0
680120,35,34,931,743,-335,-728,1136,-20,-31,170,199,82,108,0
683432,35,35,912,406,-918,-1048,1365,-15,56,115,135,83,110,0
686766,35,35,725,518,-1071,-1448,1363,-10,34,86,80,93,104,0
690121,36,35,350,481,-1026,-1552,1276,-9,75,135,182,97,106,0
693436,36,36,706,443,-803,-1426,1330,-4,24,162,165,94,108,0
696769,36,36,668,350,-1084,-1164,1253,0,35,115,149,96,113,0
700125,36,36,387,275,-877,-911,1214,15,253,147,116,111,117,0
703438,37,37,368,387,-123,-518,1062,42,-39,148,161,117,116,0
706772,37,37,481,331,308,443,204,54,25,41,152,111,119,0
710129,37,37,368,575,423,827,-325,59,5,-19,172,117,106,0
713441,38,38,350,650,187,1043,-962,49,-150,58,179,118,102,0
716776,38,38,631,481,-551,1489,-1752,22,-57,245,223,103,111,0
720128,38,38,443,350,-660,1903,-2128,-10,-189,110,304,113,118,0
723444,39,39,125,181,-1207,1643,-2213,-39,70,102,268,114,111,0
726779,39,39,781,443,-1051,1595,-2178,-63,-32,157,187,95,113,0
730129,39,39,443,125,-804,1665,-2119,-85,176,6,123,113,130,0
733448,40,40,0,0,-326,1544,-2242,-111,37,131,75,122,129,0
736782,40,40,612,106,-756,1961,-2381,-141,47,-24,318,104,131,0
740130,40,41,350,0,-642,1909,-2252,-175,407,21,132,118,128,0
743451,41,41,0,0,1023,1858,-2314,-215,-197,30,231,130,126,0
746785,41,41,87,0,781,2449,-2298,-261,-150,-18,279,116,121,0
750130,42,42,218,68,410,2952,-2244,-313,-193,-320,295,109,117,0
753454,42,42,0,200,-446,2419,-2145,-370,-228,-303,408,124,110,0
756789,42,42,200,275,-2265,1549,-1296,-405,322,-257,385,110,106,0
760129,42,43,518,331,-788,1413,-695,-425,485,-431,262,109,103,0
763457,43,43,31,443,1996,1068,309,-421,3,-459,312,119,97,0
766792,43,43,293,368,2107,196,1379,-389,-80,-262,352,105,101,0
770130,43,44,368,50,1261,169,1613,-353,135,-251,332,101,102,0
773460,44,44,181,350,1661,99,1902,-322,-176,-271,327,111,102,0
776796,44,44,275,312,1081,-95,2217,-287,-234,-165,344,106,104,0
780152,44,45,293,31,-86,50,2256,-259,117,-141,325,105,103,0
783464,45,45,218,443,-53,352,2282,-230,-75,-75,221,109,97,0
786798,45,45,256,443,322,804,2255,-195,-162,-93,207,107,97,0
790155,45,45,256,162,-183,897,2162,-170,174,-102,115,107,112,0
793467,46,46,0,0,267,510,2364,-139,195,-3,58,114,112,0
796802,46,46,256,162,1536,616,2790,-92,-95,64,-47,107,112,0
800155,46,46,237,143,1592,1191,3015,-39,-148,1,-15,108,113,0
803470,47,47,0,0,641,1701,2781,8,-94,-93,158,113,108,0
806804,47,47,50,218,-84,1679,2625,52,21,-60,207,118,109,0
810155,47,47,200,162,107,1708,2685,102,-110,-20,202,110,112,0
813473,48,48,0,0,-296,1767,2624,178,-164,-139,220,110,110,0
816809,48,48,0,68,-1172,1285,2235,258,-115,-216,225,109,101,0
820156,48,48,556,406,-1217,663,2021,351,-69,-111,277,91,99,0
823477,48,49,331,31,-782,229,1608,456,-105,-134,268,103,103,0
826811,49,49,143,387,-1028,-320,1293,563,-151,-99,236,108,95,0
830156,49,49,350,218,-1154,-619,1101,667,-59,-100,263,97,104,0
833481,49,49,406,218,-1357,-991,959,765,-31,-45,300,94,104,0
836815,50,50,312,0,-1360,-1461,496,847,-45,-9,262,99,102,0
840156,50,50,387,387,-1339,-1540,185,922,-9,17,248,95,95,0
843483,50,50,368,275,-1426,-1413,-131,993,-3,10,235,96,101,0
846817,50,51,237,0,-1505,-1217,-343,1052,74,32,223,103,100,0
850156,51,51,0,162,-1595,-1165,-667,1104,157,69,288,108,91,0
853486,51,51,406,500,-1310,-1013,-884,1148,51,44,249,94,89,0
856820,51,51,368,312,-933,-846,-863,1191,44,54,265,96,99,0
860177,52,52,0,106,-955,-851,-1079,1224,-11,3,234,100,94,0
863489,52,52,87,331,-1044,-996,-1051,1232,48,68,237,95,82,0
866824,52,52,575,687,-771,-963,-960,1224,47,44,227,85,79,0
870181,52,52,406,443,-518,-997,-884,1187,27,32,210,94,92,0
873492,53,53,0,200,-270,-1182,-799,1119,22,89,208,103,89,0
876827,53,53,87,425,-94,-1141,-632,1048,-9,104,205,95,77,0
880181,53,53,556,706,-114,-989,-416,976,-69,25,229,86,78,0
883496,53,53,200,500,-484,-1067,-120,903,-70,90,231,105,89,0
886830,54,53,0,518,-1003,-945,25,833,3,72,232,109,88,0
890182,54,54,387,631,-901,-554,201,768,75,108,235,95,82,0
893499,54,54,481,631,-768,-268,389,710,-45,95,215,90,82,0
896833,54,54,293,537,-1158,-97,457,657,-15,106,228,100,87,0
900182,55,54,0,575,-1354,38,574,601,18,100,231,104,85,0
903503,55,55,612,612,-1400,80,712,536,-2,84,222,83,83,0
906837,55,55,368,593,-1506,50,792,466,12,108,210,96,84,0
910182,55,55,256,500,-1444,68,903,408,50,87,205,102,89,0
913506,56,55,0,443,-1158,124,973,356,265,127,185,101,92,0
916840,56,55,556,743,-524,216,1299,313,47,168,154,86,92,0
920183,56,56,350,256,-608,290,1289,271,-18,91,205,97,102,0
923508,57,56,0,350,-492,539,1549,249,24,117,188,110,97,0
926844,57,56,0,425,-691,813,1493,233,14,80,153,102,93,0
930183,57,57,462,406,-694,1016,1543,231,53,119,144,91,94,0
933512,57,57,275,350,-610,1214,1491,237,13,37,145,101,97,0
936871,58,57,0,181,-552,1213,1471,249,-69,-15,170,112,106,0
940204,58,57,0,256,-923,1166,1350,261,61,-6,124,101,102,0
943515,58,58,387,181,-1059,1238,1317,287,9,-47,131,95,106,0
946873,59,58,0,68,-1358,894,1161,317,-83,-73,189,120,112,0
950207,59,58,0,200,-1801,281,1037,354,-109,-25,168,111,105,0
953518,59,59,200,181,-2223,89,988,395,97,-62,250,110,111,0
956877,60,59,0,12,-1391,19,959,446,29,-13,249,129,120,0
960208,60,59,0,143,-878,-1,834,500,-76,-36,245,128,113,0
963521,60,60,0,237,-1053,-5,606,546,-82,-58,182,132,108,0
966879,61,60,0,0,-1597,-65,404,592,-100,-45,180,141,121,0
970208,61,61,0,0,-1887,46,257,633,21,-107,206,140,112,0
973525,62,61,0,0,-1468,288,342,673,69,-102,179,150,116,0
976883,62,61,0,50,-1063,386,399,714,-11,-218,192,144,118,0
980208,63,62,0,0,-1118,367,575,756,105,-278,232,154,116,0
983528,63,62,0,0,-882,13,864,803,82,-233,227,145,115,0
986886,64,62,0,50,-421,-422,825,842,571,-350,516,150,118,0
990209,64,63,0,0,949,-919,1151,882,164,-257,351,145,114,0
993531,65,63,0,0,1086,-1313,1388,924,255,-252,489,140,114,0
996889,65,63,0,0,1967,-1048,1582,967,116,-166,398,138,114,0
1000209,65,64,0,0,1655,-728,1363,998,28,-106,358,135,110,0
1003534,66,64,0,0,1000,-312,1316,1025,63,-139,316,138,109,0
1006891,66,64,0,0,553,-54,1064,1040,110,-183,319,127,109,0
1010208,67,65,0,87,467,152,596,1036,92,-137,255,126,100,0
1013538,67,65,0,143,424,354,447,1026,2,-155,155,120,97,0
1016895,67,65,0,87,532,308,395,1010,1,-248,120,105,100,0
1020209,68,65,0,237,576,-307,292,988,-20,-231,157,94,92,0
1023541,68,66,0,162,489,-1257,365,959,3,-100,190,91,96,0
1026899,68,66,0,68,398,-1483,374,931,-115,-75,172,78,101,0
1030230,68,66,68,162,174,-1462,274,891,-3,-101,198,69,96,0
1033544,68,67,425,256,243,-1523,323,854,52,-78,226,66,91,0
1036899,68,67,162,200,750,-1700,286,815,-11,-13,229,80,94,0
1040234,69,67,0,200,1109,-1870,151,773,-125,36,253,87,94,0
1043547,69,67,0,181,598,-1737,-167,722,-197,39,223,78,95,0
1046899,69,67,368,518,-216,-1502,-380,668,-206,57,251,69,93,0
1050234,69,68,181,106,-746,-1316,-572,609,-50,107,257,79,99,0
1053550,69,68,143,218,-880,-985,-651,552,-59,133,279,81,93,0
1056900,70,68,181,518,-1059,-559,-572,502,-5,92,297,79,93,0
1060235,70,69,256,125,-1050,-205,-359,460,62,1,249,75,98,0
1063554,70,69,181,143,-919,31,-192,424,-88,3,189,79,97,0
1066900,70,69,256,181,-870,27,131,402,5,29,239,75,95,0
1070235,70,69,556,462,-618,-11,149,388,60,6,230,75,96,0
1073556,71,70,31,87,76,-89,497,391,40,-19,286,87,100,0
1076900,71,70,556,425,637,-308,479,397,-20,-6,231,70,93,0
1080235,71,70,500,293,838,-483,595,405,-7,18,181,73,100,0
1083561,71,71,350,0,572,-460,701,415,93,93,170,81,100,0
1086900,71,71,331,143,618,-193,719,419,32,46,173,82,92,0
1090235,72,71,293,443,898,-10,775,417,86,36,186,84,92,0
1093563,72,71,387,218,1024,35,701,413,65,-7,180,79,104,0
1096900,72,72,556,12,1155,-30,418,390,-48,13,237,70,99,0
1100235,72,72,556,256,960,-230,225,353,-28,17,224,70,86,0
1103566,72,72,818,593,782,-567,-132,300,-12,23,251,72,84,0
1106922,73,72,237,312,663,-732,-369,246,56,37,257,87,99,0
1110256,73,73,425,106,773,-848,-456,190,15,46,265,77,94,0
1113569,73,73,725,275,1055,-652,-454,143,13,87,251,61,85,0
1116926,73,73,893,443,1020,-474,-470,110,-102,42,280,68,92,0
1120260,73,73,631,293,667,-313,-533,79,122,83,266,82,100,0
1123573,74,74,350,106,965,-181,-335,56,-39,77,255,81,94,0
1126925,74,74,706,331,785,-102,-359,36,9,82,280,62,82,0
1130260,74,74,1006,687,553,-25,-278,16,-11,51,273,62,79,0
1133576,74,74,687,443,221,-21,-275,-4,1,62,258,79,92,0
1136926,74,75,706,143,208,-2,-165,-17,54,123,211,78,92,0
1140261,74,75,968,650,197,227,-43,-29,-56,132,215,80,81,0
1143579,75,75,443,556,-270,743,139,-33,51,96,222,92,86,0
1146926,75,75,725,331,-462,991,293,-29,47,103,236,77,98,0
1150261,75,75,781,406,-348,1103,409,-11,12,72,224,74,94,0
1153582,75,76,1062,462,-238,1004,448,14,28,57,238,75,91,0
1156926,76,76,425,387,-98,785,505,48,43,34,246,93,95,0
1160261,76,76,593,275,84,417,504,84,57,2,271,84,101,0
1163586,76,77,706,50,272,-53,460,116,-11,55,209,78,97,0
1166927,76,77,856,518,163,-217,328,137,11,36,177,86,88,0
1170261,77,77,293,218,159,-357,274,152,22,67,164,100,104,0
1173589,77,77,275,143,399,-495,167,153,13,75,149,101,108,0
1176927,77,78,425,0,586,-455,26,149,-114,105,98,93,101,0
1180261,77,78,462,350,392,-324,-152,129,-26,68,143,107,97,0
1183592,78,78,0,181,-92,264,-396,102,-216,-9,91,128,106,0
1186948,78,79,68,0,-1163,280,-448,69,39,-26,133,112,112,0
1190285,78,79,237,0,-1336,184,-483,32,176,-13,242,103,106,0
1193595,79,79,218,106,334,74,-549,-7,56,-33,166,104,110,0
1196952,79,80,293,0,842,-178,-525,-47,-48,-33,169,100,107,0
1200317,79,80,612,237,846,-296,-671,-90,49,15,177,104,108,0
1203598,80,80,0,31,910,-264,-580,-121,1,78,140,127,119,0
1206952,80,81,68,0,864,-226,-574,-146,35,15,138,117,114,0
1210285,80,81,218,0,694,-28,-469,-157,-57,45,210,109,114,0
1213602,81,81,50,0,154,196,-585,-163,182,32,235,118,122,0
1216953,81,82,181,0,741,197,-589,-168,-77,-34,224,111,125,0
1220286,81,82,181,0,492,233,-804,-179,-37,-51,261,111,131,0
1223605,82,83,0,0,-667,199,-994,-195,-76,-84,261,120,136,0
1226953,82,83,162,0,-1403,53,-1064,-212,43,-41,279,112,144,0
1230286,82,83,143,0,-1239,-220,-1013,-233,114,-69,229,113,148,0
1233609,83,84,0,0,-256,-401,-886,-249,-161,-55,162,124,148,0
1236953,83,84,0,0,-671,-376,-964,-271,-78,-47,216,121,153,0
1240287,84,85,0,0,-918,-135,-828,-288,7,-22,129,123,153,0
1243611,84,85,0,0,-584,306,-640,-303,-56,-64,130,129,159,0
1246953,84,86,0,0,-758,582,-672,-322,-29,-130,168,121,151,0
1250287,85,86,0,0,-891,874,-390,-339,-80,-210,169,125,150,0
1253614,85,87,0,0,-793,840,-206,-355,51,-195,198,123,144,0
1256954,85,87,0,0,-586,601,-258,-375,-21,-214,313,116,147,0
1260287,86,88,0,0,-737,220,-374,-401,-99,-256,339,114,141,0
1263618,86,88,106,0,-981,-763,-466,-431,-37,-178,377,99,146,0
1266975,86,89,218,0,-1185,-806,-459,-462,73,-135,382,93,139,0
1270287,86,89,500,0,-1058,-436,-311,-486,-31,-190,395,94,144,0
1273620,87,90,12,0,-890,-143,78,-493,-66,-184,404,104,135,0
1276978,87,90,275,0,-1106,98,375,-490,87,-176,407,90,135,0
1280311,87,91,256,0,-498,266,553,-478,-108,-201,315,91,127,0
1283624,88,91,218,0,-24,45,717,-457,-122,-236,319,93,125,0
1286978,88,91,106,0,-133,-402,826,-426,4,-207,233,99,122,0
1290315,88,92,293,0,80,-854,824,-388,-35,-206,186,89,109,0
1293627,88,92,218,0,332,-1212,848,-347,-157,-136,213,93,103,0
1296978,89,92,0,0,27,-1382,676,-311,-106,-86,212,108,97,0
1300319,89,92,50,0,-91,-1432,589,-276,-51,-13,211,102,85,0
1303631,89,93,275,0,-199,-1219,265,-251,-26,-2,213,90,76,0
1306978,89,93,425,0,-144,-951,55,-228,-24,15,184,98,67,0
1310320,90,93,0,0,-299,-798,-153,-215,75,37,196,113,60,0
1313634,90,93,106,50,-29,-585,-282,-206,7,27,151,99,54,0
1316979,90,93,631,387,-50,-547,-231,-198,111,44,189,87,52,0
1320320,91,93,218,143,45,-666,-238,-188,137,-5,134,93,65,0
1323636,91,93,87,12,905,-1112,-388,-181,108,-49,125,100,72,0
1326979,91,93,556,200,1601,-1601,-637,-176,-17,65,146,86,73,0
1330322,91,94,350,0,1443,-1253,-485,-160,177,160,208,97,82,0
1333640,92,94,0,0,2074,-203,-609,-146,153,-33,258,100,76,0
1336979,92,94,293,68,1735,-367,-633,-134,-244,49,311,84,64,0
1340321,92,94,706,443,163,-375,-571,-124,56,33,325,78,60,0
1343643,92,94,425,237,-156,-151,-258,-102,152,27,387,93,71,0
1347001,93,95,50,0,-29,-248,-93,-79,114,52,343,97,71,0
1350321,93,95,312,218,107,-369,50,-58,154,83,304,83,56,0
1353646,93,95,837,462,841,35,464,-22,-5,39,243,71,59,0
1357004,93,95,500,275,868,5,667,10,-119,5,139,89,69,0
1360321,93,95,575,312,59,-323,712,39,63,58,200,85,67,0
1363649,94,95,237,387,-196,-607,864,74,99,51,239,87,63,0
1367004,94,95,631,556,281,-925,852,112,36,80,239,82,70,0
1370322,94,95,406,481,686,-1184,600,145,-30,120,225,94,74,0
1373653,94,96,350,350,701,-1020,405,172,-159,167,225,97,65,0
1377004,95,96,312,950,60,-419,175,188,-69,128,253,99,49,0
1380322,95,96,406,743,-423,170,-23,184,-111,106,223,94,60,0
1383656,95,96,237,687,-823,690,-164,168,-114,101,181,103,63,0
1387005,96,96,0,762,-1036,1034,-216,144,-68,34,150,112,59,0
1390348,96,96,87,1081,-863,1088,-237,114,-40,-20,210,111,58,0
1393659,96,96,256,856,-559,508,-214,81,-174,-46,193,102,70,0
1397005,96,97,312,743,-1066,-128,-95,52,-107,-72,207,99,60,0
1400348,97,97,0,800,-1380,-777,159,31,-22,7,239,100,57,0
1403662,97,97,631,968,-1182,-1309,406,23,-16,88,228,82,64,0
1407005,97,97,256,631,-909,-1384,556,21,-68,92,213,102,82,0
1410348,97,97,218,537,-719,-1287,697,35,-48,176,250,104,87,0
1413665,98,97,0,593,-676,-698,796,58,-70,176,244,102,84,0
1417005,98,98,556,706,-827,-186,850,89,-108,139,272,86,78,0
1420349,98,98,368,668,-1055,275,837,124,2,106,287,96,80,0
1423668,99,98,0,668,-1122,517,749,155,65,95,284,105,80,0
1427006,99,98,181,687,-840,461,758,186,1,64,244,90,79,0
1430348,99,99,593,650,-638,308,790,223,-84,51,224,84,81,0
1433672,99,99,275,650,-1207,-67,639,263,-115,90,205,101,81,0
1437027,100,99,0,575,-1850,-150,570,296,1,127,183,105,85,0
1440348,100,99,87,500,-1979,125,655,335,0,152,191,95,89,0
1443675,100,99,500,743,-1900,370,645,375,-2,116,185,89,92,0
1447030,100,100,143,443,-1755,577,599,412,3,89,171,108,92,0
1450378,101,100,143,875,-1468,837,621,439,-59,41,169,113,90,0
1453678,101,100,275,650,-1495,886,657,463,-114,53,131,106,102,0
1457031,101,101,218,275,-1943,725,699,483,-37,7,111,109,106,0
1460350,102,101,0,425,-2182,270,712,491,120,49,95,117,98,0
1463682,102,101,200,668,-1752,-41,756,494,173,51,86,110,101,0
1467032,102,102,181,143,-1106,-229,837,497,-106,11,103,111,113,0
1470374,103,102,0,181,-1041,-481,668,491,-180,18,150,118,111,0
1473685,103,102,0,181,-2356,-538,327,475,-20,39,135,109,111,0
1477031,103,103,256,143,-2623,-520,127,460,55,143,119,107,113,0
1480377,104,103,0,143,-2320,-228,-89,445,79,142,153,119,113,0
1483688,104,103,0,31,-2155,88,-404,427,54,73,145,117,119,0
1487032,104,104,275,50,-1894,380,-446,413,-98,19,140,106,118,0
1490378,105,104,0,0,-2158,533,-480,404,43,-3,108,120,122,0
1493691,105,104,0,31,-2240,777,-433,397,105,37,38,125,119,0
1497032,105,105,31,237,-1858,1149,-227,397,135,-65,189,119,108,0
1500378,106,105,0,87,-1253,1130,-162,399,-64,-67,188,125,116,0
1503694,106,105,0,31,-1198,502,5,402,133,-187,295,122,119,0
1507032,106,106,0,0,-683,-254,90,400,764,-266,457,118,115,0
1510379,107,106,0,68,1549,-111,752,410,311,-401,566,124,117,0
1513698,107,106,0,106,180,-374,1212,431,572,-313,439,116,115,0
1517056,107,107,0,0,1492,-717,1550,458,278,-156,399,113,117,0
1520378,108,107,0,31,3046,-258,1520,480,-29,-97,193,109,119,0
1523700,108,107,106,125,2402,-448,1261,493,-121,-90,116,99,114,0
1527056,108,108,181,0,1494,-810,1061,500,4,17,132,95,116,0
1530379,109,108,0,0,781,-336,617,496,56,45,107,99,119,0
1533704,109,109,125,0,974,0,265,481,-9,15,146,98,110,0
1537057,109,109,218,0,1036,228,133,460,4,0,190,93,115,0
1540381,109,109,181,0,1181,511,-41,439,69,-13,161,95,119,0
1543707,110,110,0,0,1772,729,-13,421,-136,6,171,100,110,0
1547056,110,110,218,0,1760,798,69,402,-145,-174,352,93,111,0
1550380,110,110,237,0,1167,395,400,395,-6,-190,466,92,113,0
1553710,110,111,181,0,883,-190,605,395,-147,-134,377,95,104,0
1557057,111,111,87,12,340,-468,811,401,-36,-28,264,100,104,0
1560379,111,111,162,0,103,-474,775,404,58,-73,259,96,106,0
1563713,111,111,237,162,726,-428,724,405,9,-12,198,92,96,0
1567056,111,112,537,143,1171,-260,578,401,-71,-19,179,92,97,0
1570382,112,112,31,162,1243,-31,231,385,-40,-49,228,103,96,0
1573717,112,112,293,143,1208,-51,89,361,-93,-92,252,89,97,0
1577057,112,113,387,125,973,-251,-26,340,-89,-85,236,95,93,0
1580385,112,113,200,162,696,-497,-205,323,-49,-48,251,105,91,0
1583720,113,113,0,312,704,-606,-365,308,-21,-70,242,106,83,0
1587057,113,113,200,312,750,-714,-501,295,-81,-21,241,89,83,0
1590388,113,113,518,537,596,-796,-614,288,-65,-13,236,88,87,0
1593723,114,114,0,87,528,-714,-713,280,-24,-5,256,102,95,0
1597081,114,114,106,331,566,-574,-769,271,-65,-25,238,94,82,0
1600392,114,114,350,368,545,-501,-718,262,-38,-16,228,81,80,0
1603726,114,114,556,612,528,-545,-594,250,-67,-16,228,86,83,0
1607085,115,115,0,237,559,-707,-489,240,-12,-13,230,104,87,0
1610395,115,115,106,481,617,-906,-395,228,-70,-92,97,94,74,0
1613729,115,115,387,425,212,-1317,-440,211,-226,-55,172,79,77,0
1617084,115,115,481,500,-692,-1767,-393,175,61,91,268,90,89,0
1620398,116,115,68,406,-298,-1610,-433,124,7,88,252,96,94,0
1623733,116,116,275,200,-112,-1406,-385,63,-115,111,190,85,89,0
1627091,116,116,856,725,-584,-1286,-406,3,124,102,254,70,77,0
1630402,116,116,687,556,-86,-974,-301,-45,-30,80,269,79,86,0
1633736,116,116,556,481,-224,-791,-209,-84,67,80,260,86,90,0
1637091,117,117,331,350,-156,-716,-111,-107,58,117,266,82,81,0
1640404,117,117,856,743,55,-617,56,-114,75,116,284,70,76,0
1643739,117,117,743,556,188,-622,199,-112,127,104,244,76,86,0
1647091,117,117,631,462,407,-727,375,-99,121,107,231,82,91,0
1650409,117,117,706,556,637,-680,486,-83,95,115,214,78,86,0
1653743,118,118,631,687,546,-622,551,-68,98,133,192,82,79,0
1657091,118,118,612,593,384,-582,565,-63,63,88,192,83,84,0
1660411,118,118,725,537,43,-518,551,-64,58,114,191,77,87,0
1663745,118,118,706,556,-229,-442,533,-73,31,117,191,78,86,0
1667092,118,119,875,537,-474,-450,571,-79,70,146,188,85,87,0
1670414,119,119,312,443,-620,-587,625,-83,111,79,162,99,92,0
1673748,119,119,668,481,-624,-601,592,-82,75,163,182,80,90,0
1677092,119,119,650,556,-611,-331,402,-77,29,174,172,81,86,0
1680417,119,120,781,443,-539,-3,149,-75,36,78,138,90,92,0
1683752,120,120,275,237,-697,-21,149,-69,12,67,172,101,103,0
1687092,120,120,725,143,-859,-124,100,-60,105,63,229,77,108,0
1690420,120,121,650,0,-760,-234,535,-32,23,83,197,81,106,0
1693755,120,121,743,256,-617,-242,733,6,158,45,149,92,102,0
1697092,121,121,275,237,-461,-141,911,53,198,31,192,101,103,0
1700424,121,121,987,612,165,94,899,104,-179,101,229,84,104,0
1703758,121,122,575,68,-211,354,707,150,-231,36,224,106,117,0
1707116,122,122,125,200,-1007,385,272,181,-112,48,290,114,110,0
1710427,122,122,612,162,-1079,651,-279,191,-167,22,272,88,112,0
1713762,122,123,950,87,-976,962,-674,185,101,196,346,86,116,0
1717118,122,123,406,0,195,1386,-810,172,2,-6,310,115,131,0
1720430,123,123,106,0,954,1303,-876,158,-161,-15,216,115,132,0
1723764,123,124,781,0,681,969,-836,145,-127,47,184,95,136,0
1727118,123,124,293,0,273,790,-986,127,1,-7,133,121,138,0
1730433,124,125,0,0,200,907,-1295,99,-217,-42,37,139,137,0
1733768,124,125,0,0,-437,885,-1572,62,-148,-109,12,132,147,0
1737119,125,126,0,0,-1395,361,-1534,24,-52,33,36,136,149,0
1740436,125,126,0,0,-1513,2,-1294,-9,-42,-2,72,128,154,0
1743771,126,127,0,0,-1720,-37,-1235,-44,-86,16,76,121,147,0
1747119,126,127,0,0,-2124,133,-1499,-93,-57,-14,136,122,150,0
1750440,126,128,125,0,-2461,441,-1508,-146,0,38,154,114,141,0
1753774,127,128,162,0,-1948,861,-1305,-199,270,-227,778,112,143,0
1757119,127,129,0,0,1665,2439,14,-213,-86,-290,402,113,131,0
1760443,127,129,350,0,435,1966,565,-213,131,-106,219,102,127,0
1763778,127,129,256,0,1095,1264,419,-218,204,-293,201,107,128,0
1767120,128,130,0,0,2126,566,568,-217,-102,-99,277,115,114,0
1770446,128,130,387,0,2210,344,519,-217,11,-71,222,100,115,0
1773780,128,130,331,0,1827,662,682,-214,6,-53,275,103,115,0
1777120,129,131,0,0,1809,1015,568,-216,-18,-88,279,113,106,0
1780449,129,131,218,0,1869,1259,442,-220,-37,-71,246,93,108,0
1783784,129,131,537,0,1719,1215,243,-225,-160,-97,221,92,111,0
1787120,130,132,0,0,1227,896,101,-227,-169,-90,143,111,109,0
1790452,130,132,0,0,432,729,-99,-235,-53,-34,226,110,111,0
1793787,130,132,518,0,262,825,-270,-246,-32,-26,205,93,116,0
1797144,130,133,312,0,536,871,-352,-274,-97,-15,225,104,111,0
1800456,131,133,0,0,659,954,-508,-313,-142,-14,172,116,112,0
1803791,131,133,50,0,474,851,-461,-356,-139,-97,168,102,116,0
1807148,131,134,406,0,280,399,-558,-401,-132,-113,208,99,110,0
1810459,132,134,0,0,170,-311,-502,-439,-80,-111,161,112,111,0
1813793,132,134,0,0,117,-654,-519,-464,-214,-88,169,106,112,0
1817149,132,135,537,0,-304,-1002,-506,-471,-80,-48,217,92,104,0
1820462,132,135,293,0,-979,-1051,-599,-468,76,-18,246,105,100,0
1823797,133,135,0,0,-834,-920,-583,-461,115,26,257,108,101,0
1827153,133,135,518,0,-388,-827,-581,-452,-52,15,263,88,90,0
1830465,133,136,368,0,-563,-985,-629,-446,1,31,259,96,81,0
1833800,134,136,0,0,-709,-980,-494,-430,182,162,301,100,71,0
1837156,134,136,481,518,-9,-564,-83,-392,55,109,347,90,56,0
1840468,134,136,537,331,336,-135,527,-327,67,79,309,87,66,0
1843803,134,136,443,218,475,-11,880,-251,45,94,310,92,72,0
1847157,135,136,31,350,472,66,1194,-174,12,59,284,98,65,0
1850472,135,137,481,331,140,119,1416,-91,-34,38,256,90,66,0
1853806,135,137,575,387,50,-10,1487,2,21,37,247,85,63,0
1857157,135,137,331,331,-112,-281,1214,87,15,45,234,98,66,0
1860476,136,137,0,350,-488,-644,791,152,18,38,204,100,65,0
1863809,136,137,537,612,-507,-754,585,170,61,40,205,87,67,0
1867158,136,137,443,350,-406,-862,321,162,16,45,177,92,81,0
1870478,136,137,256,387,-415,-1047,65,151,0,42,156,102,79,0
1873813,137,138,0,181,-504,-1090,-99,131,-34,44,163,104,74,0
1877158,137,138,500,762,-618,-1060,-266,106,-36,69,175,89,59,0
1880481,137,138,425,537,-631,-909,-404,72,-9,29,188,93,71,0
1883816,137,138,237,481,-379,-739,-479,39,-7,69,210,103,74,0
1887157,138,138,0,575,-36,-521,-547,8,-96,58,181,104,69,0
1890484,138,139,350,856,-90,-233,-664,-19,-120,44,182,97,70,0
1893819,138,139,293,425,-406,-70,-770,-46,-132,16,179,100,77,0
1897158,139,139,0,687,-832,93,-924,-72,-133,28,212,110,63,0
1900488,139,139,0,687,-1291,161,-989,-94,-49,14,231,106,63,0
1903822,139,139,387,875,-1340,92,-1014,-115,4,4,221,95,69,0
1907180,139,139,331,612,-1337,-51,-911,-128,3,-56,236,98,83,0
1910492,140,140,0,762,-1293,-319,-837,-139,-40,6,233,107,75,0
1913825,140,140,218,518,-1442,-564,-724,-145,-22,37,229,88,72,0
1917183,140,140,350,837,-1510,-734,-440,-143,23,69,237,97,71,0
1920494,140,140,181,631,-1398,-808,-232,-134,22,112,230,106,82,0
1923828,141,140,12,668,-1348,-541,103,-115,34,92,251,99,80,0
1927183,141,141,725,743,-1230,-92,727,-73,56,78,270,77,76,0
1930497,141,141,481,743,-1316,467,1126,-20,56,73,275,90,76,0
1933832,142,141,331,706,-1464,654,1500,44,21,43,237,98,78,0
1937183,142,141,331,537,-1538,514,1860,122,109,-14,262,82,87,0
1940500,142,141,818,800,-1185,-199,2082,202,139,26,273,72,89,0
1943835,142,142,556,312,-721,-506,2296,277,158,33,244,86,99,0
1947183,142,142,350,462,-244,-504,2408,336,71,90,184,97,91,0
1950504,143,142,350,818,1,-279,2115,374,-115,133,222,102,93,0
1953838,143,142,293,575,-714,141,1766,392,78,30,239,105,106,0
1957184,143,143,350,275,-926,47,1313,389,30,4,234,102,106,0
1960507,144,143,0,387,-521,-223,1102,377,-26,-7,230,109,100,0
1963841,144,143,162,706,-549,-259,1015,371,35,-69,204,112,99,0
1967184,144,144,143,218,-212,-511,670,367,-34,-20,212,113,109,0
1970510,145,144,0,350,-225,-788,414,361,-72,39,185,119,102,0
1973844,145,144,0,706,-435,-713,275,360,-94,30,127,123,99,0
1977184,145,145,0,331,-792,-622,53,360,29,51,173,121,103,0
1980513,146,145,0,293,-563,-456,-21,362,24,11,190,127,105,0
1983848,146,145,0,350,-259,-420,21,371,-113,-56,172,128,102,0
1987206,146,145,0,556,-366,-723,167,389,55,2,256,129,107,0
1990516,147,146,0,106,-258,-821,433,417,51,-93,261,134,115,0
1993851,147,146,0,200,252,-661,764,458,-105,22,226,127,110,0
1997209,148,147,0,275,40,-363,772,503,-90,9,184,130,106,0
2000520,148,147,0,87,-553,-37,773,551,55,12,190,130,116,0
2003854,148,147,0,0,-231,382,791,605,-3,-87,166,127,121,0
2007209,149,148,0,0,-15,328,728,659,-55,-127,86,131,115,0
2010523,149,148,0,125,-498,-44,862,717,-51,-26,163,128,114,0
2013858,150,148,0,0,-846,170,958,776,217,-81,226,126,121,0
2017210,150,149,0,0,-124,119,1121,837,102,-44,215,132,113,0
2020526,150,149,0,181,439,-16,1094,894,34,-35,186,124,111,0
2023861,151,149,0,0,218,-186,1146,943,147,-32,249,131,121,0
2027210,151,150,0,0,226,-121,1047,983,72,-37,294,125,115,0
2030529,151,150,0,0,-74,-54,1009,1012,-13,-26,335,121,112,0
2033864,152,150,0,162,-519,1,938,1018,84,-70,327,123,112,0
2037210,152,151,0,0,-552,-63,921,1012,170,-16,262,119,111,0
2040532,152,151,0,0,111,27,844,991,81,-10,219,112,108,0
2043867,153,151,0,331,122,207,659,954,32,-62,158,113,103,0
2047210,153,152,0,0,-307,341,533,905,61,-143,202,106,106,0
2050536,153,152,0,0,-246,190,630,853,147,-171,273,96,105,0
2053870,154,152,50,406,132,-166,782,802,-1,-215,250,86,99,0
2057210,154,152,218,368,-276,-774,1032,769,93,-182,259,77,101,0
2060539,154,153,275,0,-338,-980,1178,750,203,-106,304,74,109,0
2063873,154,153,275,31,478,-760,1306,750,153,-93,299,74,103,0
2067211,154,153,575,406,910,-519,1439,761,-16,-120,222,74,99,0
2070542,155,154,0,0,401,-613,1439,774,32,-47,227,89,105,0
2073929,155,154,293,237,124,-523,1346,795,61,27,268,84,103,0
2077235,155,154,425,181,131,313,1420,826,55,-37,293,77,106,0
2080545,155,155,275,0,242,452,1107,852,115,-35,279,85,103,0
2083903,155,155,312,50,469,149,986,882,2,29,173,83,97,0
2087235,156,155,275,443,313,46,756,906,-16,76,174,85,92,0
2090548,156,155,406,312,-38,337,422,918,-16,-43,223,78,99,0
2093908,156,156,368,0,-251,307,168,918,66,-27,237,80,100,0
2097236,156,156,350,143,-145,165,-64,903,-72,66,177,81,92,0
2100552,156,156,687,481,-536,271,-477,864,7,69,215,79,90,0
2103911,157,156,293,312,-529,134,-719,817,95,-83,283,84,99,0
2107236,157,157,575,0,179,-625,-780,769,-35,-48,241,69,100,0
2110555,157,157,668,200,482,-965,-922,715,-63,-30,186,64,89,0
2113913,157,157,968,537,509,-1166,-1035,660,11,-50,183,64,87,0
2117237,157,157,800,331,731,-1562,-985,603,32,-27,230,73,98,0
2120558,158,158,387,12,949,-1780,-850,546,28,-45,163,79,99,0
2123916,158,158,556,293,946,-1829,-429,498,-107,100,140,70,84,0
2127237,158,158,1006,556,-451,-1100,-1014,432,-190,116,306,62,86,0
2130562,158,158,875,500,-888,-255,-840,370,89,53,346,69,89,0
2133919,158,159,968,387,-656,-136,-821,311,37,75,340,64,79,0
2137237,158,159,1006,575,17,50,-412,267,-69,77,344,62,69,0
2140564,159,159,1081,781,-94,11,-398,225,19,-15,343,58,74,0
2143919,159,159,912,687,181,-474,-28,196,-15,51,320,67,79,0
2147237,159,159,1231,743,471,-998,152,174,-25,56,284,50,76,0
2150568,159,160,1175,762,525,-1246,457,168,-86,43,249,53,75,0
2153924,159,160,1156,631,342,-1430,796,176,-70,81,196,70,82,0
2157259,159,160,1043,537,189,-1690,1211,194,-7,67,239,76,87,0
2160572,160,160,781,556,204,-2003,1543,218,-30,110,252,74,86,0
2163928,160,160,1325,950,253,-2108,1725,239,-41,142,187,61,81,0
2167262,160,161,893,500,273,-2188,1711,256,46,159,222,84,89,0
2170575,160,161,650,500,264,-2356,1690,268,25,144,178,97,89,0
2173928,161,161,368,443,383,-2419,1586,273,127,157,218,96,92,0
2177262,161,161,1100,706,1144,-2353,1516,275,30,216,205,73,94,0
2180577,161,162,1100,387,1589,-2200,1487,279,0,172,187,73,95,0
2183928,161,162,762,518,1349,-1882,1086,269,80,160,216,91,88,0
2187263,162,162,462,631,1560,-1498,470,249,18,180,245,91,82,0
2190580,162,162,950,912,1559,-1047,57,220,-55,182,228,81,83,0
2193928,162,163,912,331,1250,-444,-374,185,55,183,214,83,98,0
2197263,162,163,818,462,1208,114,-884,144,-46,212,201,88,91,0
2200584,163,163,1062,743,919,425,-1198,101,41,158,172,96,97,0
2203928,163,163,556,387,687,595,-1391,60,84,191,174,107,116,0
2207262,163,164,893,143,693,728,-1336,33,9,223,149,89,113,0
2210587,163,164,1118,650,745,849,-1347,13,11,158,137,93,102,0
2213929,164,164,518,518,639,788,-1295,-2,-14,182,126,109,109,0
2217263,164,165,687,275,297,707,-1378,-16,52,168,124,100,106,0
2220590,164,165,743,368,307,688,-1384,-27,7,181,107,97,101,0
2223929,165,165,556,425,99,585,-1386,-39,-51,129,98,107,114,0
2227264,165,166,668,0,-330,368,-1597,-63,181,131,71,101,122,0
2230593,165,166,593,0,104,346,-1711,-103,-7,193,49,105,123,0
2233950,166,166,462,443,-7,489,-1969,-133,60,83,113,112,113,0
2237285,166,167,462,106,-370,577,-2372,-181,-328,88,124,112,115,0
2240596,166,167,556,181,-1751,902,-2902,-246,-87,57,164,107,111,0
2243953,167,167,31,312,-2684,1336,-3551,-344,-99,86,132,119,104,0
2247288,167,168,443,350,-3407,2301,-4525,-473,-15,77,139,113,102,0
2250600,167,168,593,143,-3621,2936,-5248,-636,1,234,83,105,113,0
2253954,168,168,0,181,-3173,3553,-5731,-820,184,63,407,122,111,0
2257289,168,169,275,312,-1304,4266,-5739,-1013,-48,64,463,122,104,0
2260603,168,169,443,275,-809,4759,-5334,-1205,-127,-5,293,113,106,0
2263955,169,169,0,106,-1147,4793,-4867,-1395,125,-177,248,123,115,0
2267289,169,170,256,0,-702,4207,-3831,-1563,456,-256,246,107,111,0
2270606,169,170,687,143,2419,3899,-2589,-1698,362,-290,259,100,113,0
2273955,170,170,0,12,5006,3435,-1415,-1795,-196,-368,250,125,120,0
2277290,170,171,200,0,3683,2938,-371,-1860,-343,-316,428,110,111,0
2280610,170,171,650,293,2081,2748,-89,-1912,-6,-134,571,102,105,0
2283955,171,171,0,143,3091,3355,311,-1950,25,-49,404,123,113,0
2287289,171,172,275,0,3269,4217,570,-1978,-444,-482,344,106,112,0
2290613,171,172,368,12,1106,3232,489,-1997,-290,-380,377,101,104,0
2293955,172,172,143,462,-659,2031,883,-1984,282,-155,306,113,96,0
2297289,172,172,50,312,1430,1872,1101,-1951,204,-154,263,118,104,0
2300616,172,173,256,31,2604,1845,941,-1910,-378,-300,70,107,103,0
2303955,172,173,443,518,1433,1319,960,-1853,-132,-186,57,113,93,0
2307290,173,173,0,200,616,716,674,-1794,-9,-147,142,126,110,0
2310619,173,174,106,0,825,510,680,-1729,-104,-133,8,115,110,0
2313977,174,174,0,0,376,195,519,-1671,67,-123,-6,118,106,0
2317311,174,174,106,275,325,-114,236,-1622,-76,-137,25,115,106,0
2320622,174,175,200,0,73,-455,-53,-1583,-132,-121,46,110,112,0
2323980,175,175,0,87,-488,-739,-345,-1551,-10,-87,61,120,111,0
2327313,175,175,0,31,-615,-900,-611,-1527,-79,-73,99,122,114,0
2330625,175,176,162,0,-943,-1032,-809,-1509,-60,-117,125,107,106,0
2333980,176,176,0,0,-1255,-1366,-981,-1489,62,-137,138,104,104,0
2337314,176,176,237,181,-647,-1977,-1093,-1470,-12,-157,142,103,106,0
2340628,176,177,368,106,-281,-2391,-1054,-1442,21,-165,145,96,110,0
2343981,176,177,275,0,14,-2826,-1087,-1401,118,-202,176,101,110,0
2347314,177,177,0,0,907,-3513,-951,-1340,-22,-170,238,106,109,0
2350632,177,177,425,181,1170,-3916,-882,-1257,-58,-141,288,93,106,0
2353980,177,178,293,0,1244,-4210,-764,-1140,-19,-117,359,100,111,0
2357314,178,178,0,0,1632,-4544,-682,-997,-71,-107,347,105,113,0
2360635,178,178,0,0,1726,-4627,-737,-841,55,-64,288,104,111,0
2363981,178,179,425,0,2194,-4558,-831,-687,169,4,127,93,104,0
2367315,178,179,237,0,2581,-4180,-1099,-555,-102,172,163,103,104,0
2370638,179,179,0,0,1325,-2965,-1104,-437,-252,140,391,114,102,0
2373981,179,180,0,0,40,-2061,-1133,-353,-140,74,413,104,93,0
2377314,179,180,312,162,-237,-1253,-490,-288,-63,200,346,99,91,0
2380641,180,180,0,162,-214,-455,-185,-249,-179,220,311,103,91,0
2383981,180,180,68,331,-856,322,-117,-241,-83,90,315,96,82,0
2387315,180,180,650,781,-1213,703,339,-228,-5,79,298,81,74,0
2390644,180,181,500,406,-894,800,578,-219,-138,38,238,89,78,0
2394003,181,181,50,575,-1258,588,1022,-205,-43,89,167,97,69,0
2397315,181,181,125,500,-1749,570,1311,-180,-173,110,-14,93,73,0
2400648,181,181,575,781,-2443,923,1563,-158,-215,31,-36,85,74,0
2404006,181,181,106,631,-3427,943,1787,-137,-19,88,33,110,82,0
2407339,182,182,0,331,-4010,518,1725,-112,-57,70,80,122,82,0
2410651,182,182,0,387,-4089,309,1851,-85,-102,46,44,110,79,0
2414006,182,182,331,668,-4362,412,1977,-44,167,-99,150,98,80,0
2417342,183,182,0,518,-3837,-352,2381,8,87,-32,268,100,88,0
2420655,183,183,0,556,-2920,-651,2752,78,31,-14,228,102,86,0
2424007,183,183,200,425,-1689,-874,2944,163,-203,84,123,89,77,0
2427343,183,183,481,912,-1828,-1201,2997,258,-70,-76,67,90,67,0
2430657,184,183,0,593,-2637,-1770,2654,352,568,154,539,104,84,0
2434006,184,183,162,537,-1190,-2705,2427,447,586,112,660,91,87,0
2437348,184,183,518,687,2289,-1874,2415,547,-23,181,388,72,79,0
2440660,184,184,650,818,2555,-1552,2481,656,-186,240,277,81,72,0
2444007,184,184,293,781,1440,-1257,1806,746,-95,236,351,100,74,0
2447348,185,184,50,800,260,-901,1577,828,-2,223,378,97,73,0
2450665,185,184,706,1025,-230,-704,1315,903,-132,134,380,83,82,0
2454008,185,185,406,443,-589,-723,1292,974,-13,135,373,99,97,0
2457349,186,185,31,687,-439,-600,1224,1039,5,239,322,103,84,0
2460667,186,185,443,968,-100,-243,903,1091,-249,152,133,97,85,0
2464008,186,185,368,725,-738,-147,718,1135,-194,214,58,101,98,0
2467350,186,186,200,312,-1932,407,390,1170,-100,22,69,110,104,0
2470670,187,186,0,350,-2386,412,227,1204,-45,126,40,119,102,0
2474008,187,186,181,687,-2877,374,589,1256,92,16,67,111,100,0
2477350,187,187,106,218,-2557,313,1023,1323,224,1,203,115,109,0
2480674,188,187,0,350,-1315,132,988,1389,250,8,204,123,102,0
2484032,188,187,31,687,46,-6,1322,1446,102,8,126,119,100,0
2487351,188,187,50,518,1175,-190,1422,1496,94,-15,89,118,109,0
2490676,189,188,0,275,1527,-392,1499,1546,-25,-64,206,127,106,0
2494032,189,188,0,331,1324,-698,1451,1581,-38,-72,273,123,103,0
2497350,190,188,0,556,1063,-1143,1500,1610,124,-29,334,124,107,0
2500680,190,189,0,106,1458,-1285,1629,1629,44,-23,374,130,115,0
2504033,190,189,0,162,1597,-1067,1588,1638,32,54,304,131,112,0
2507351,191,189,0,500,1313,-960,1324,1630,-135,49,267,139,110,0
2510683,191,190,0,125,545,-893,1057,1607,-120,107,301,131,114,0
2514033,192,190,0,50,-164,168,553,1571,-35,57,349,130,118,0
2517375,192,190,0,143,-220,896,410,1526,20,-15,266,134,113,0
2520686,192,191,0,237,-162,1086,458,1478,-11,13,198,123,108,0
2524034,193,191,0,143,-189,1171,330,1414,-52,-2,118,133,113,0
2527376,193,191,0,125,-746,921,198,1334,41,-97,40,124,114,0
2530689,193,192,0,256,-950,392,64,1244,129,-61,71,125,107,0
2534034,194,192,0,143,-470,219,139,1155,19,-29,88,130,113,0
2537376,194,192,0,87,-378,295,211,1079,32,-56,217,126,116,0
2540693,195,193,0,0,-124,330,441,1017,243,-73,344,127,111,0
2544034,195,193,0,200,937,420,652,961,135,-34,256,123,110,0
2547377,195,193,0,68,1766,623,709,906,121,-65,316,114,117,0
2550696,196,194,0,0,2050,781,705,872,60,-84,340,109,116,0
2554034,196,194,0,31,2414,791,611,841,-66,-101,312,91,119,0
2557377,196,194,143,106,1629,778,384,812,-102,-48,378,81,115,0
2560699,196,195,312,0,788,804,95,775,107,-65,407,72,110,0
2564056,196,195,275,0,989,724,-93,734,49,-124,272,74,112,0
2567377,197,195,162,162,1171,406,-176,700,0,-149,226,80,112,0
2570702,197,196,256,0,862,-6,-170,672,77,-119,232,75,112,0
2574059,197,196,443,31,935,-321,-110,657,57,-46,241,76,114,0
2577377,197,196,218,162,1470,-290,-100,646,17,-4,202,88,107,0
2580705,198,197,143,0,1736,-86,-194,622,-139,41,140,92,103,0
2584059,198,197,0,0,1534,380,-376,578,-62,-51,108,89,100,0
2587378,198,197,293,387,1057,592,-637,528,-66,82,94,84,95,0
2590708,198,198,312,312,891,884,-832,460,-63,2,73,83,99,0
2594059,198,198,162,31,884,1261,-1057,383,-45,-73,124,91,98,0
2597401,199,198,0,162,958,1122,-1086,302,-87,-132,151,92,91,0
2600712,199,198,462,500,894,421,-920,228,-221,-115,252,75,89,0
2604060,199,199,350,31,415,-695,-312,171,-212,-9,242,81,98,0
2607402,199,199,293,218,-314,-1254,-242,113,-124,-29,193,84,88,0
2610716,199,199,293,350,-429,-1441,-46,62,-245,33,233,84,81,0
2614060,200,199,481,518,-1437,-1135,-309,11,-41,20,257,74,88,0
2617406,200,199,518,443,-1165,-804,-650,-42,-8,-66,233,72,92,0
2620718,200,200,593,143,-429,-818,-782,-83,5,-137,321,68,92,0
2624060,200,200,593,518,618,-1349,-420,-109,-77,-23,337,68,72,0
2627405,200,200,818,781,1292,-1537,-261,-132,-255,-24,283,72,74,0
2630722,201,200,256,556,992,-1817,-181,-148,-220,22,289,86,86,0
2634060,201,201,481,387,-337,-1685,-316,-164,-157,116,355,74,79,0
2637406,201,201,950,893,-675,-1098,-472,-181,-75,68,247,65,68,0
2640724,201,201,668,781,-402,-907,-406,-198,1,55,190,80,74,0
2644083,201,201,518,706,112,-1077,-222,-211,-21,86,188,88,78,0
2647406,202,201,275,725,400,-1058,-220,-232,-130,50,224,85,77,0
2650728,202,201,912,1081,159,-993,-176,-258,-166,68,223,67,74,0
2654083,202,202,725,706,-777,-806,-194,-286,-84,74,233,77,78,0
2657406,202,202,650,856,-1143,-694,-218,-315,1,43,241,81,70,0
2660731,202,202,800,931,-1084,-744,-29,-335,43,104,260,73,66,0
2664084,203,202,856,1100,-759,-539,11,-346,60,96,280,70,73,0
2667407,203,202,725,856,-467,-378,-8,-350,83,115,270,77,86,0
2670734,203,203,893,650,-79,-277,32,-346,6,188,272,68,81,0
2674084,203,203,856,818,67,46,85,-338,-4,120,221,70,72,0
2677407,203,203,1118,1137,-77,105,204,-326,-68,187,205,72,71,0
2680738,204,203,650,875,-527,489,102,-319,-34,185,232,81,85,0
2684084,204,203,706,893,-739,884,36,-315,-17,149,190,78,84,0
2687408,204,204,800,706,-843,1188,23,-308,-111,220,183,73,78,0
2690740,204,204,1062,1137,-1316,1644,-105,-300,-69,150,177,75,71,0
2694085,204,204,762,818,-1874,1912,-179,-285,25,59,204,91,88,0
2697441,205,204,1775,2112,-1800,1831,-216,-266,72,45,253,90,88,0
2700744,205,205,1343,950,-1278,1285,-255,-241,64,34,277,113,134,0
2704085,205,205,893,987,-755,61,-685,-229,-16,9,263,137,132,0
2707412,206,205,725,931,-408,-828,-1072,-233,-46,134,232,130,135,0
2710747,206,206,1268,743,23,-984,-1648,-275,-60,120,122,117,145,0
2714085,207,207,368,31,23,-210,-2749,-353,-28,71,168,149,167,0
2717416,207,207,650,181,345,329,-3300,-455,-45,49,109,134,159,0
2720750,208,208,856,387,123,148,-3579,-557,14,31,121,123,148,0
2724109,208,208,537,406,347,-335,-3560,-648,-100,-42,49,140,147,0
2727419,208,209,575,68,255,-1118,-2939,-716,-113,70,101,138,149,0
2730754,209,209,125,12,-397,-1438,-2767,-789,-2,68,-24,146,152,0
2734110,209,209,706,293,-599,-1382,-2647,-864,118,115,63,131,153,0
2737422,210,210,31,0,-302,-1067,-2540,-937,41,115,67,151,161,0
2740756,210,211,368,0,82,-770,-2198,-996,136,113,122,133,158,0
2744113,211,211,293,0,557,-504,-1810,-1038,259,68,-50,137,165,0
2747425,211,212,293,0,954,-765,-1400,-1069,-137,210,41,137,156,0
2750760,211,212,350,0,-199,-172,-1283,-1102,-190,154,171,134,147,0
2754118,212,213,0,0,-2646,964,-1501,-1142,261,-53,334,137,128,0
2757429,212,213,668,425,-2458,1318,-1288,-1177,209,20,416,117,114,0
2760763,213,213,218,350,-1317,1899,-1016,-1203,179,59,484,125,118,0
2764119,213,214,237,50,-128,2563,-543,-1213,179,-9,515,124,118,0
2767432,213,214,762,556,173,2599,-282,-1221,-202,-264,503,112,107,0
2770766,214,214,200,518,-708,2144,242,-1213,18,-292,445,126,109,0
2774119,214,215,312,181,-410,1313,724,-1191,192,-296,417,120,111,0
2777436,214,215,293,331,640,1046,1092,-1157,177,-131,448,121,103,0
2780769,215,215,143,631,1609,1245,1036,-1128,-53,-116,296,129,103,0
2784120,215,216,237,143,821,1562,794,-1109,-111,-191,226,124,113,0
2787438,216,216,0,275,-304,1604,1017,-1081,95,-176,272,126,106,0
2790772,216,216,0,387,-332,1615,928,-1053,-55,-211,233,126,100,0
2794119,216,216,312,593,19,1070,580,-1035,-137,-224,251,120,105,0
2797441,217,217,0,162,-46,604,635,-1012,69,-237,311,133,112,0
2800776,217,217,0,275,377,576,755,-983,-212,-232,180,125,106,0
2804121,217,217,368,575,-563,301,874,-949,-153,-192,175,117,106,0
2807445,218,218,0,68,-1342,-112,786,-917,-112,-140,206,131,117,0
2810779,218,218,12,50,-1676,-278,665,-874,-12,-109,199,120,118,0
2814121,218,218,575,500,-1422,-276,539,-824,-59,-37,203,106,110,0
2817448,219,219,143,50,-1089,-303,447,-759,-167,-34,149,113,118,0
2820782,219,219,350,0,-1214,-298,144,-668,-76,-87,107,102,121,0
2824120,219,219,612,275,-1346,-562,37,-564,-76,-77,127,99,117,0
2827451,220,220,125,0,-1332,-839,16,-451,13,-76,157,109,117,0
2830786,220,220,443,0,-1178,-1028,-54,-342,-17,-23,161,92,117,0
2834145,220,221,537,0,-664,-1219,-94,-253,-63,15,214,87,103,0
2837454,220,221,650,237,-393,-1371,-151,-171,-40,22,241,97,103,0
2840789,221,221,31,200,-151,-1501,-237,-96,-35,51,229,114,105,0
2844146,221,221,518,237,174,-1363,-305,-26,-24,84,247,88,103,0
2847458,221,222,500,0,446,-1172,-322,32,-73,90,187,89,101,0
2850792,222,222,406,368,569,-877,-207,82,-130,57,225,94,96,0
2854147,222,222,200,293,29,-661,-267,117,-156,63,255,105,100,0
2857460,222,223,518,125,-722,-641,-475,142,-66,115,244,88,93,0
2860795,222,223,462,237,-1140,-452,-436,176,-6,111,253,91,87,0
2864147,223,223,218,556,-1282,-172,-445,202,51,81,309,104,86,0
2867464,223,223,331,406,-1043,-94,-484,219,68,138,291,98,94,0
2870798,223,223,706,500,-756,73,-516,219,48,130,255,78,89,0
2874147,223,224,987,612,-435,234,-550,211,28,41,257,79,83,0
2877467,224,224,518,650,-454,178,-581,185,35,69,267,88,81,0
2880802,224,224,425,500,-531,76,-538,146,46,120,258,93,89,0
2884147,224,224,612,518,-247,151,-399,99,75,81,244,83,88,0
2887470,224,225,800,612,52,-40,-415,54,31,77,255,89,83,0
2890805,225,225,237,593,299,-306,-394,17,11,75,236,103,84,0
2894148,225,225,406,631,99,-648,-470,-29,-68,144,185,94,82,0
2897473,225,225,593,556,-380,-747,-464,-72,-49,142,162,84,86,0
2900808,225,225,762,837,-851,-722,-524,-107,29,180,169,91,87,0
2904148,226,226,106,406,-1120,-452,-479,-142,37,107,167,110,94,0
2907476,226,226,443,556,-1029,-351,-503,-181,-2,166,164,92,86,0
2910811,226,226,425,556,-1074,-150,-456,-222,-35,139,163,93,86,0
2914148,226,226,481,818,-1173,118,-385,-259,-51,107,184,106,88,0
2917480,227,227,0,425,-1386,-7,-181,-285,-63,57,167,117,93,0
2920815,227,227,331,518,-1456,-166,7,-302,-126,84,181,98,88,0
2924172,227,227,293,425,-1919,-10,356,-305,-15,136,154,100,93,0
2927483,228,227,68,631,-1941,214,365,-298,52,89,112,112,98,0
2930818,228,228,200,181,-1641,363,498,-284,-68,74,114,105,106,0
2934175,228,228,162,350,-1732,609,714,-262,-76,-4,170,107,97,0
2937487,229,228,0,350,-2175,570,821,-234,-9,12,175,113,97,0
2940821,229,229,31,331,-2156,446,992,-200,-29,46,199,114,98,0
2944177,229,229,181,143,-1920,543,1149,-160,4,13,180,106,108,0
2947489,230,229,162,575,-1647,668,1241,-114,-58,-36,179,112,106,0
2950824,230,229,0,425,-1829,434,1254,-65,19,-31,296,121,114,0
2954181,230,230,87,0,-1708,151,1471,-9,67,-43,343,116,123,0
2957492,231,230,0,87,-1191,195,1837,54,64,-132,369,127,116,0
2960827,231,231,0,237,-1229,131,2038,126,159,-76,317,134,108,0
2964185,231,231,0,0,-615,128,2174,209,167,-39,210,130,123,0
2967496,232,231,0,0,41,416,2359,296,108,-107,190,140,125,0
2970831,232,232,0,0,755,527,2495,388,26,-97,182,138,120,0
2974186,233,232,0,0,770,294,2562,483,-33,-125,154,148,121,0
2977499,233,232,0,0,417,101,2481,577,50,-105,172,146,122,0
2980833,234,233,0,0,278,111,2426,670,99,-64,188,143,117,0
2984185,234,233,0,12,700,282,2379,762,276,-211,321,147,120,0
2987502,235,233,0,31,1402,351,2363,853,-84,-73,171,145,119,0
2990836,235,234,0,0,1354,141,2172,933,-104,-37,125,151,119,0
2994186,235,234,0,0,937,208,2101,1012,103,-131,189,146,124,0
2997505,236,235,0,0,1763,373,1984,1086,17,-148,171,150,116,0
3000840,236,235,0,0,1361,275,1979,1163,99,-132,301,142,119,0
