Time, Rlegs, Llegs, DCL, DCR, GyroX, GyroY, GyroZ, GyroZAvg, AccelX, AccelY, AccelZ, LBEMF, RBEMF, SteerOut
2187,1171,1193,0,0,-122,-81,242,242,0,-17,230,88,89,0
5540,1171,1193,0,0,-120,-79,243,242,0,-13,229,88,88,0
8874,1171,1193,0,0,-121,-81,243,242,-1,-14,231,89,88,0
12190,1171,1193,0,0,-123,-80,241,242,1,-16,227,88,88,0
15541,1171,1193,0,0,-124,-73,240,242,1,-16,230,89,88,0
18875,1171,1193,0,0,-125,-73,239,242,-1,-14,226,88,88,0
22193,1171,1193,0,0,-125,-70,239,242,2,-14,228,89,89,0
25541,1171,1193,0,0,-125,-72,240,241,2,-15,226,88,88,0
28875,1171,1193,0,0,-128,-74,238,241,3,-13,224,88,88,0
32196,1171,1193,0,0,-125,-75,239,241,2,-15,231,88,89,0
35542,1171,1193,0,0,-122,-76,239,241,1,-16,231,88,88,0
38876,1171,1193,0,0,-123,-77,240,241,2,-14,223,88,88,0
42199,1171,1193,0,0,-121,-77,240,241,0,-13,230,88,88,0
45542,1171,1193,0,0,-122,-77,241,241,1,-16,231,88,88,0
48876,1171,1193,0,0,-123,-77,243,241,2,-15,228,88,88,0
52202,1171,1193,0,0,-122,-80,244,241,1,-14,228,88,89,0
55542,1171,1193,0,0,-121,-77,244,241,5,-16,227,88,88,0
58876,1171,1193,0,0,-118,-82,245,241,1,-14,230,89,88,0
62206,1171,1193,0,0,-118,-82,246,241,2,-16,224,88,88,0
65542,1171,1193,0,0,-118,-79,248,241,0,-15,229,89,89,0
68876,1171,1193,0,0,-118,-79,247,242,1,-13,226,88,88,0
72210,1171,1193,0,0,-120,-77,245,242,3,-17,228,88,88,0
75563,1171,1193,0,0,-120,-78,241,242,5,-19,223,88,88,0
78898,1171,1193,0,0,-125,-75,243,242,2,-15,232,88,88,0
82212,1171,1193,0,0,-126,-73,245,242,1,-15,229,88,88,0
85566,1171,1193,0,0,-123,-75,241,242,2,-16,226,89,88,0
88901,1171,1193,0,0,-124,-73,241,242,-1,-14,226,88,88,0
92215,1171,1193,0,0,-126,-75,238,242,3,-14,230,88,88,0
95566,1171,1193,0,0,-124,-77,238,242,0,-15,229,89,88,0
98901,1171,1193,0,0,-124,-77,236,241,5,-18,223,88,88,0
102494,1171,1193,0,0,-123,-77,236,241,3,-15,226,88,88,0
105567,0,0,0,0,-123,-78,238,241,3,-18,227,89,89,0
108901,0,0,0,0,-123,-79,242,241,3,-16,225,89,88,0
112222,0,0,0,0,-121,-80,241,241,0,-15,229,89,88,0
115567,0,0,0,0,-122,-77,243,241,2,-19,228,88,88,0
118902,0,0,0,0,-121,-75,244,241,0,-13,225,88,88,0
122225,0,0,0,0,-123,-76,244,241,-3,-12,224,88,88,0
125568,0,0,0,0,-122,-76,248,241,0,-15,226,88,88,0
128902,0,0,0,0,-120,-76,247,242,1,-12,229,88,89,0
132228,0,0,0,0,-123,-76,246,242,1,-15,231,88,88,0
135568,0,0,0,0,-120,-74,245,242,0,-14,229,88,88,0
138902,0,0,0,0,-122,-77,244,242,1,-15,224,88,88,0
142231,0,0,0,0,-120,-78,242,242,1,-13,223,88,88,0
145568,0,0,0,0,-122,-78,243,242,0,-11,222,88,88,0
148903,0,0,0,0,-122,-79,241,242,1,-17,228,88,88,0
152234,0,0,0,0,-121,-78,238,242,2,-14,230,88,89,0
155589,0,0,0,0,-121,-78,237,242,4,-15,229,88,89,0
158925,0,0,0,0,-125,-79,239,242,2,-18,229,88,88,0
162238,0,0,0,0,-122,-77,240,242,2,-17,231,88,88,0
165593,0,0,0,0,-125,-78,240,242,2,-16,228,88,89,0
168926,0,0,0,0,-122,-77,241,241,2,-12,229,89,89,0
172241,0,0,0,0,-123,-76,243,241,2,-14,229,89,88,0
175593,0,0,0,0,-123,-75,242,241,3,-16,226,88,88,0
178926,0,0,0,0,-125,-74,242,241,1,-13,229,88,89,0
182244,0,0,0,0,-123,-74,244,241,0,-17,226,88,88,0
185593,0,0,0,0,-123,-71,244,241,0,-14,229,88,88,0
188927,0,0,0,0,-125,-76,244,241,-1,-13,228,88,88,0
192247,0,0,0,0,-121,-77,241,241,0,-15,230,88,88,0
195594,0,0,0,0,-122,-77,243,241,3,-17,228,89,88,0
198926,0,0,0,0,-120,-80,243,241,1,-15,228,89,88,0
202251,0,0,0,0,-117,-81,244,242,1,-17,230,88,88,0
205597,0,1,0,0,-120,-83,242,242,-14,-63,215,326,368,0
208930,1,1,781,1343,71,-302,316,244,77,-41,267,226,196,0
212255,2,2,1006,743,401,-409,276,245,30,48,230,230,228,0
215597,2,2,800,893,341,-436,269,246,42,-50,273,257,252,0
218930,3,3,556,781,249,-615,237,246,79,-30,371,270,258,0
222257,4,4,818,631,332,-765,341,249,54,-22,361,256,266,0
225597,4,4,1325,912,106,-709,469,256,112,-142,418,245,267,0
228930,5,5,1456,856,570,-1156,702,271,82,-74,479,254,286,0
232260,6,6,1212,593,704,-1491,907,291,41,4,367,245,278,0
235619,6,7,1531,781,859,-1687,813,309,-161,10,290,244,268,0
238931,7,8,1212,800,639,-2006,1164,338,-287,78,284,261,267,0
242263,8,8,893,893,-939,-2202,773,354,-37,50,18,278,278,0
245622,9,9,1606,1418,-2341,-3369,803,371,79,81,364,256,266,0
248955,9,10,1812,1250,-1009,-4197,1051,397,21,358,98,261,275,0
252266,10,11,1550,1062,-729,-3981,1163,426,81,179,124,275,285,0
255623,11,12,1868,743,-886,-3896,1170,455,184,310,344,258,302,0
258986,12,12,2412,1643,72,-3888,1555,496,-17,443,177,267,308,0
262270,12,13,2150,1343,253,-3872,1545,537,-311,140,73,297,324,0
265622,13,14,2056,1175,-698,-5150,1347,571,12,229,83,302,333,0
268959,14,15,1812,1062,-182,-5691,930,593,-233,117,13,315,339,0
272273,15,16,1718,1043,-61,-5110,702,607,415,404,194,336,356,0
275622,16,18,1643,462,1190,-4451,337,610,97,117,343,340,371,0
278964,17,19,1568,518,2459,-3754,-555,585,109,258,127,344,368,0
282276,19,20,1212,725,3280,-3648,-1069,544,-303,386,278,363,357,0
285623,20,21,781,1193,2964,-2441,-1669,485,-431,209,61,386,348,0
288965,21,22,406,1212,1296,-1193,-2768,390,-123,271,319,401,342,0
292280,22,23,537,1193,16,539,-3068,287,-564,-106,-83,394,343,0
295624,23,24,837,1100,-796,1629,-3503,170,21,463,203,394,364,0
298965,25,26,256,800,-2210,3340,-4496,22,-378,100,233,409,364,0
302282,26,27,406,1062,-5313,3900,-4037,-111,-245,41,-173,401,366,0
305624,27,28,556,612,-6355,4789,-3942,-242,-121,234,82,409,390,0
308965,29,29,912,931,-7934,5676,-3223,-350,15,-38,-56,374,373,0
312286,30,30,1268,706,-8953,6268,-3515,-467,257,46,142,355,385,0
315624,31,32,1587,987,-7438,6331,-2399,-552,922,123,884,359,375,0
318966,32,33,1812,1231,-1692,4956,-1791,-617,678,3,464,347,362,0
322289,33,34,1793,1250,1755,4066,-1298,-666,-317,236,469,348,361,0
325645,34,35,2093,2075,3191,3484,-145,-678,-700,102,366,348,333,0
328965,35,36,1568,2450,-823,857,631,-669,-606,654,247,376,313,0
332292,36,37,1775,2075,-4662,-744,1148,-648,144,-129,362,365,333,0
335648,37,38,1550,1906,-5850,-1480,3557,-558,-121,208,164,377,342,0
338966,39,39,800,1868,-5573,-1916,4608,-443,797,251,151,417,360,0
342295,40,40,237,1081,-2696,-2356,4609,-324,269,155,16,425,380,0
345649,42,41,0,687,-158,-2355,4624,-216,-356,274,219,425,401,0
348966,43,43,237,312,-185,-2343,4103,-112,-784,38,8,409,405,0
352299,44,44,387,218,-2003,-3173,4547,4,517,-116,18,401,410,0
355649,45,45,893,575,-809,-3576,5286,137,858,174,461,390,407,0
358992,47,46,575,725,5723,-775,6387,300,217,-70,442,391,399,0
362302,48,48,1062,687,7941,805,5709,442,-221,-177,137,365,385,0
365649,49,49,1250,462,7881,971,4885,546,48,224,447,355,397,0
369020,50,50,1962,1400,8567,1296,3125,595,-113,174,576,355,385,0
372305,51,51,1981,1850,8172,2314,737,576,270,-295,590,354,361,0
375650,52,52,2393,2037,9138,965,-1451,502,-260,-423,401,332,351,0
378992,53,54,2131,1512,7931,-2294,-2435,404,-402,198,500,346,363,0
382308,54,55,2206,1381,6550,-4360,-2335,320,-40,43,321,358,386,0
385649,56,56,1100,1512,4641,-5538,-1674,285,-865,579,354,401,379,0
388992,57,57,425,1343,2068,-3953,-1079,285,-288,232,-129,437,388,0
392311,59,58,293,1250,59,-3044,214,344,-145,-306,-55,444,393,0
395650,60,60,762,1456,-1161,-3302,-74,428,-486,213,-14,419,382,0
398992,61,61,650,743,-3657,-3547,-840,497,-269,-64,191,420,415,0
402314,63,62,312,575,-3319,-4378,-893,579,82,-169,-7,438,424,0
405672,64,64,425,687,-3929,-4212,-304,710,-1141,-108,-317,432,418,0
408992,65,65,368,931,-10033,-4379,188,842,393,-175,52,435,405,0
412318,67,67,350,537,-9954,-4886,-119,961,1287,128,40,420,426,0
415675,68,68,406,143,-5957,-3756,130,1066,54,-146,131,433,447,0
418993,70,69,725,368,-3735,-2638,1577,1225,-335,-21,187,400,435,0
422321,71,71,2187,312,-4238,-2474,2162,1368,480,-39,226,338,422,0
425675,72,72,2337,406,-1825,-922,4612,1568,69,211,67,335,438,0
428993,73,74,2300,387,-1463,1274,5973,1795,74,154,435,337,423,0
432324,74,75,1437,968,-1313,3196,6714,2010,456,218,-4,383,392,0
435675,75,76,893,1493,50,3951,6633,2197,199,244,223,428,380,0
438994,77,77,68,1381,2067,4681,6737,2372,-307,218,-25,456,386,0
442327,78,79,331,1493,1878,5009,6465,2463,-282,162,-6,442,380,0
445676,79,80,143,1043,2155,5758,5378,2487,-92,504,62,452,388,0
449018,81,81,518,1700,2318,6014,5147,2504,160,82,195,432,369,0
452331,82,82,237,1250,4149,6312,5123,2519,97,60,108,425,371,0
455676,84,83,0,1137,4091,6176,4565,2534,-56,275,113,425,377,0
459022,85,85,12,668,5548,5968,4160,2521,356,193,107,421,386,0
462334,86,86,181,856,7768,5268,3771,2474,-302,251,-111,412,376,0
465677,88,87,143,800,8136,5190,2993,2368,-503,-7,-216,414,395,0
469022,89,88,443,781,5714,4771,1835,2247,-960,-415,443,398,396,0
472337,90,90,650,1212,2158,2194,371,2106,-343,-2048,2047,387,373,0
475676,91,91,1100,1400,617,-4238,-1896,1949,-931,-331,424,363,347,0
479049,92,92,1981,2675,-1321,-6397,-4522,1785,67,-45,202,354,317,0
482340,93,93,1718,2393,-2435,-5645,-5947,1644,-108,-282,614,368,348,0
485698,95,94,1400,2093,-1066,-4828,-6604,1514,-134,-165,711,369,348,0
489022,96,95,1643,1475,-1762,-3745,-6085,1397,120,205,249,356,381,0
492343,97,96,2300,1418,-3053,-2746,-5712,1271,-281,249,596,337,400,0
495699,98,97,1868,1175,-2856,-1731,-4316,1169,132,554,279,360,413,0
499022,99,99,1625,500,100,180,-4280,1029,453,135,248,373,433,0
502347,100,100,1475,200,4128,802,-4587,888,-208,-46,-95,381,449,0
505700,101,102,1475,331,2069,190,-3804,795,-760,334,-229,397,442,0
509023,103,103,800,68,-2230,-618,-3526,713,332,-306,107,412,451,0
512350,104,105,162,237,-2573,-1658,-3155,624,-166,-336,15,446,442,0
515699,106,106,368,443,-1850,-1596,-3290,515,-807,444,-267,435,431,0
519023,107,107,162,556,-4515,-364,-3193,419,502,390,129,446,425,0
522353,109,109,12,537,-3422,1360,-2435,339,528,-195,-208,454,410,0
525701,110,110,312,368,-1676,494,-2315,217,-250,-188,-219,438,435,0
529023,111,112,406,275,-1654,-398,-2654,67,-307,304,-76,433,424,0
532356,113,113,350,0,-2157,-517,-2402,-151,340,-350,255,420,452,0
535701,114,115,1137,293,-1322,-637,-1499,-385,216,14,-175,399,428,0
539026,115,116,1231,125,-1258,-671,-1421,-639,-300,359,-168,394,437,0
542359,117,117,350,687,-1895,-277,-1110,-881,-145,123,124,425,407,0
545700,118,119,875,1156,-2272,-713,-1292,-1132,118,219,-158,413,382,0
549029,120,120,106,1043,-1430,-1384,-1147,-1370,-182,319,-61,438,388,0
552362,121,121,537,668,-1917,-1445,-1236,-1576,453,123,6,415,408,0
555701,122,122,837,931,-104,-949,-809,-1763,283,-59,-177,399,394,0
559031,124,124,331,1268,1076,-656,-713,-1945,-122,358,-14,426,376,0
562366,125,125,0,556,1372,239,-1123,-2123,313,59,199,428,392,0
565701,126,126,0,425,2164,1058,-1530,-2301,62,-184,-33,427,399,0
569034,128,128,0,143,2264,948,-1819,-2475,61,155,156,432,398,0
572369,129,129,0,200,3328,1515,-1414,-2613,547,-16,407,410,395,0
575726,130,130,762,443,5961,3285,-240,-2678,-86,141,125,381,398,0
579038,131,132,1062,143,2915,4658,-65,-2691,-375,87,664,365,398,0
582372,132,133,1831,556,905,4835,-270,-2641,47,-694,927,324,376,0
585729,133,134,2337,1325,6664,2327,-1185,-2536,-2048,78,2047,297,335,0
589053,134,135,3162,2375,2563,73,-1716,-2404,839,-392,1024,291,317,0
592375,135,136,1568,1643,6006,-1476,-677,-2219,-398,-241,1297,376,356,0
595733,136,137,1231,1306,5533,-3251,-601,-2048,502,-301,757,394,374,0
599045,137,138,256,1550,5560,-5156,136,-1865,-302,101,584,462,361,0
602379,138,139,2993,2075,3916,-5346,573,-1712,-636,220,250,332,349,0
605735,139,140,1343,1962,255,-4015,66,-1576,-197,239,448,404,355,0
609048,140,141,1625,1850,-168,-3790,639,-1413,-307,104,315,389,361,0
612382,141,142,1381,1981,-726,-2356,182,-1288,-81,370,18,402,354,0
615735,143,143,725,1737,-2226,-151,-1758,-1233,-2,78,175,437,383,0
619051,144,145,687,706,-2475,611,-2434,-1211,65,-137,-157,434,417,0
622385,146,146,631,387,-2853,247,-2717,-1193,-235,94,-71,437,434,0
625736,147,147,350,968,-5080,-529,-1630,-1144,-896,-655,179,452,419,0
629054,148,149,218,743,-8612,-660,-1251,-1107,-122,-84,-75,459,415,0
632389,150,150,50,537,-10852,-611,-954,-1064,412,118,-283,452,426,0
635736,151,152,293,575,-8766,1305,-335,-992,82,-25,-8,455,424,0
639057,153,153,218,200,-8421,2275,94,-914,320,-370,-17,443,444,0
642391,154,154,612,275,-8877,1021,-121,-871,364,-271,-99,422,440,0
645736,156,156,725,125,-7671,-901,-189,-832,-113,105,127,421,453,0
649060,157,157,1062,687,-6775,-1239,636,-778,-209,-6,91,403,423,0
652394,158,159,1231,0,-7490,-1411,662,-717,188,222,-357,394,444,0
655736,160,160,837,575,-6925,-370,1001,-649,120,130,-206,415,429,0
659063,161,162,275,218,-6622,516,1245,-572,133,117,377,445,432,0
662398,162,163,556,575,-6249,986,1352,-504,182,-123,-2,430,413,0
665737,164,164,31,350,-5786,420,877,-455,226,-303,-266,442,425,0
669066,165,166,781,331,-4978,255,725,-397,38,134,25,418,426,0
672402,167,167,0,0,-4344,-310,699,-327,-49,31,271,443,433,0
675737,168,169,237,0,-2199,104,1212,-233,259,-76,-6,409,417,0
679070,169,170,537,0,-1409,210,898,-160,278,240,179,393,432,0
682405,171,171,331,0,-56,302,283,-144,0,-68,10,404,413,0
685762,172,173,125,0,556,292,651,-122,-132,-49,-425,415,410,0
689073,173,174,350,0,-238,-271,514,-97,414,248,353,403,418,0
692407,174,175,518,106,1236,627,204,-54,247,72,467,394,400,0
695763,176,177,537,143,3628,2999,110,2,525,-504,244,377,382,0
699076,177,178,2056,781,6070,2835,372,35,904,37,703,334,386,0
702410,178,179,2468,725,11754,1942,322,64,951,-353,869,312,389,0
705763,179,180,2712,425,18912,-178,438,73,614,-536,560,299,405,0
709080,179,182,2787,368,18904,-2245,791,80,-1135,100,538,311,392,0
712414,180,183,2918,1531,12063,-2997,679,99,-1219,-19,912,320,362,0
715763,181,184,2918,2300,3755,-4204,978,110,-138,-100,665,320,305,0
719082,182,184,2131,2318,-386,-6166,806,130,-646,431,726,362,320,0
722417,183,185,2600,2206,-3158,-5290,452,199,-22,832,764,337,326,0
725763,184,186,2412,1306,-2476,-3381,-414,262,254,639,502,363,390,0
729086,185,188,2281,687,-468,-2691,71,349,-271,733,430,365,402,0
732420,187,189,1812,68,-1421,-1073,-664,379,201,73,510,390,435,0
735764,188,191,1100,162,54,-321,-881,391,-162,-13,-127,428,430,0
739089,189,192,837,537,-575,-552,-374,409,-677,114,-234,442,410,0
742424,191,193,462,293,-3137,-1149,-660,399,186,-415,-47,446,423,0
745764,192,195,762,443,-3622,-2635,-623,376,454,-152,-175,446,415,0
749092,194,196,256,125,-2321,-3247,-605,361,54,40,-277,457,432,0
752426,195,197,443,106,-1268,-2856,-320,357,138,99,361,447,433,0
755764,197,199,1943,800,-142,-1230,-149,332,-38,-66,-16,420,449,0
759095,198,200,1456,968,-2944,-1515,-213,305,-78,345,-252,446,440,0
762430,200,202,1081,575,-3703,-706,646,294,-366,191,-198,466,445,0
765788,201,203,1081,1212,-5155,-979,374,267,301,175,165,466,427,0
769098,203,205,12,762,-3608,-336,123,228,313,-330,131,507,435,0
772434,204,206,818,556,-3793,-372,893,229,-391,-13,-99,464,446,0
775789,206,208,162,856,-4053,-751,1164,243,-308,207,-23,483,414,0
779102,208,209,12,650,-3723,-573,1190,258,-262,220,-15,491,441,0
782436,209,210,106,650,-2561,-697,967,250,598,-111,300,464,419,0
785793,211,212,12,500,328,-1655,1127,257,272,-76,336,453,411,0
789105,212,213,275,256,1791,-2012,935,278,-116,21,-251,439,424,0
792439,214,214,125,425,1837,-1816,926,286,32,208,-443,447,415,0
795797,215,216,350,106,1554,-1161,630,290,-272,-88,38,435,432,0
799109,216,217,275,275,1001,-1076,678,305,471,164,330,439,423,0
802442,218,219,0,387,2366,220,-413,288,347,265,153,439,417,0
805801,219,220,687,106,4189,1448,-591,258,3,-41,330,401,416,0
809112,220,221,1737,1118,5531,816,-257,240,350,302,209,383,400,0
812446,221,223,1962,950,7735,2057,-511,211,322,446,107,371,409,0
815801,223,224,1606,650,8419,4948,-1483,140,369,399,438,374,409,0
819115,224,225,1606,1231,9673,6973,-2168,51,201,273,186,374,378,0
822450,225,226,1962,1887,11028,9125,-4058,-106,-106,247,314,371,359,0
825801,226,227,2525,1887,10103,10225,-5168,-293,-529,258,302,341,359,0
829118,227,228,2075,1925,6503,8665,-6817,-520,562,-61,861,365,357,0
832453,228,230,1512,1775,7171,5153,-5629,-683,-1477,-777,924,395,365,0
835802,230,231,950,1156,1537,1540,-6719,-895,-157,-349,250,425,398,0
839121,231,232,856,1100,-3788,645,-6449,-1076,-452,-159,63,425,396,0
842456,233,233,687,1493,-4589,-74,-4485,-1188,-135,38,-242,434,375,0
845802,234,234,218,1362,-3782,973,-3325,-1280,-383,77,-113,459,398,0
849124,236,236,0,725,-4940,974,-3268,-1362,111,-59,476,472,416,0
852458,237,237,125,256,-4297,167,-2086,-1408,-598,-61,325,448,441,0
855802,238,239,0,743,-5791,-208,-2141,-1456,-787,-7,-50,473,415,0
859128,240,240,218,368,-7481,252,-2081,-1511,-121,-166,-20,443,435,0
862462,241,242,425,706,-7341,-65,-1385,-1549,-685,145,14,432,417,0
865803,243,243,1175,275,-9339,427,-970,-1573,6,-152,-30,397,445,0
869131,244,244,1625,875,-8597,749,-396,-1606,661,-356,488,373,413,0
872465,245,246,1531,1212,-4208,181,1227,-1579,260,-43,680,378,395,0
875823,246,247,1250,1662,-1088,-1551,2461,-1506,-320,-307,182,409,371,0
879134,248,248,725,1475,-1708,-3020,3306,-1430,-171,-160,254,421,381,0
882468,249,249,143,1231,-2681,-5082,4645,-1322,10,208,-22,452,394,0
885824,251,250,293,1118,-2246,-5981,4439,-1220,-40,-40,-272,428,400,0
889137,252,252,237,893,-2431,-5878,4769,-1101,-179,192,92,447,412,0
892471,253,253,87,462,-1691,-4999,4218,-1005,127,110,226,433,413,0
895828,255,254,0,0,346,-4792,4009,-909,455,-319,296,433,441,0
899140,256,256,68,0,1606,-5485,4197,-806,226,80,56,418,437,0
902474,258,257,162,0,2788,-4937,4294,-692,-199,283,-135,413,434,0
905828,259,259,350,0,2295,-3972,3788,-595,-463,-201,-66,403,426,0
909143,260,260,612,200,380,-3371,2886,-492,-248,142,-19,389,411,0
912478,261,261,387,781,-370,-2070,2157,-406,12,316,462,401,380,0
915828,263,262,200,1400,1452,627,734,-375,317,279,312,395,347,0
919147,264,264,1250,1606,2177,3651,-516,-375,-745,177,-30,377,358,0
922482,265,265,1043,743,1177,4549,-1961,-390,627,-330,-134,388,404,0
925828,266,266,1568,368,1616,2319,-1128,-357,-395,246,31,360,424,0
929150,267,268,2281,0,1186,872,-653,-251,688,-46,505,322,442,0
932485,268,269,2731,200,2992,-3026,-411,-102,458,-70,399,314,433,0
935828,269,270,2750,856,5302,-4125,-158,105,3,49,295,313,398,0
939153,270,272,2637,650,4689,-4977,-145,276,-215,196,208,319,393,0
942487,271,273,2243,500,2849,-4509,1195,523,1996,-256,2047,340,401,0
945828,272,274,2281,612,6289,-2334,2885,815,108,323,347,354,411,0
949157,273,276,1512,275,6921,-2171,4253,1088,-843,432,226,390,408,0
952490,275,277,1475,612,3768,-374,3534,1303,203,-62,450,392,390,0
955829,276,278,1212,987,2499,-188,3604,1517,-284,267,267,406,386,0
959159,277,279,1381,950,3300,-80,4098,1711,388,188,54,397,388,0
962494,278,281,1343,725,6045,-366,4271,1911,-493,-169,-381,399,400,0
965853,280,282,743,575,1514,-123,4093,2104,-1405,292,-471,431,408,0
969163,281,283,706,668,-6001,704,2564,2227,-300,32,356,433,403,0
972497,283,285,387,968,-6011,2639,2463,2335,661,-242,719,450,387,0
975853,284,286,743,931,-2360,4060,2779,2434,-559,-521,128,436,394,0
979166,285,287,1156,1043,-3330,3402,2276,2467,561,32,634,414,388,0
982500,287,288,950,1231,-664,4067,1785,2445,120,264,261,409,378,0
985854,288,290,1775,2018,-144,4795,2395,2417,-753,-6,173,381,336,0
989170,289,290,1325,2300,-2900,3638,2470,2349,-391,-188,228,405,337,0
992503,291,292,687,2356,-6281,541,2548,2290,-403,179,363,439,334,0
995854,292,292,518,2281,-7151,-463,2815,2229,197,290,-47,432,338,0
999172,293,294,856,1981,-6051,-1073,2585,2178,137,487,206,430,354,0
1002506,295,295,256,1381,-2076,-372,2256,2123,745,188,180,424,364,0
1005854,296,296,312,818,480,247,1772,2047,-238,-213,-176,421,394,0
1009175,297,297,331,687,-1088,718,954,1943,4,57,-44,420,401,0
1012510,299,299,256,537,-664,743,359,1836,342,-192,-27,424,409,0
1015855,300,300,368,143,-354,265,523,1762,-227,-280,-232,418,430,0
1019178,301,301,518,443,-361,-787,1187,1732,274,135,304,410,414,0
1022513,303,303,556,162,3928,-127,722,1731,644,-71,223,392,413,0
1025855,304,304,331,0,5654,535,525,1764,-475,-51,101,404,429,0
1029182,305,305,1325,1062,3134,1001,1415,1869,-251,337,101,389,403,0
1032516,306,307,1325,837,-701,2121,1004,1936,337,40,312,389,399,0
1035855,308,308,1306,1193,81,2926,319,1966,331,232,270,374,380,0
1039185,309,309,1306,1400,1396,3109,1130,2014,379,-75,413,374,369,0
1042543,310,310,2206,1737,3957,2256,1548,2068,166,180,346,342,367,0
1045876,311,311,2468,1512,4997,1027,1870,2131,266,43,661,328,379,0
1049189,312,312,1718,1493,5611,-920,2800,2181,-503,339,90,368,380,0
1052546,313,314,1062,893,2355,-1399,2757,2177,-384,201,76,419,412,0
1055879,315,315,706,912,-610,-1061,2952,2136,-48,-100,131,422,411,0
1059192,316,317,87,593,-1608,-605,2940,2118,386,112,-57,450,423,0
1062550,317,318,631,443,-103,282,3240,2106,-120,128,160,437,431,0
1065880,319,319,106,237,335,708,3449,2086,-331,-51,81,449,442,0
1069195,320,321,275,350,-1656,-245,3694,2068,-80,-398,-420,440,420,0
1072553,322,322,406,593,-2384,-953,3247,2041,223,-108,-149,433,423,0
1075880,323,324,575,331,-1293,-493,2986,2055,103,50,226,424,421,0
1079198,325,325,125,312,-729,45,3356,2083,406,-201,480,448,422,0
1082587,326,326,725,725,-2468,325,2610,2077,1963,-405,639,421,421,0
1085880,327,328,725,200,-7131,1847,633,2026,417,440,896,421,433,0
1089201,329,329,237,237,-606,5057,715,1993,231,-5,953,431,431,0
1092559,330,331,856,518,259,6422,293,1927,-424,-280,85,398,400,0
1095882,331,332,1212,1175,-670,5396,-1356,1807,-60,50,-61,395,381,0
1099205,332,333,1231,1531,-1066,4160,-849,1701,-421,-51,64,394,362,0
1102562,334,334,1118,1625,-4998,3940,669,1634,-688,-387,-192,384,357,0
1105881,335,335,837,1606,-7670,1877,2280,1625,-94,-337,180,399,358,0
1109207,336,336,1062,1737,-7436,503,3322,1658,276,-30,161,403,367,0
1112563,337,338,312,912,-4301,-1425,3610,1715,726,176,227,421,373,0
1115882,339,339,425,537,-1348,-1447,3714,1802,912,-428,1473,399,393,0
1119210,340,340,256,181,2589,-1074,4401,1928,-233,-484,435,408,412,0
1122568,341,342,143,0,962,-394,4051,2038,-687,-247,253,430,424,0
1125903,343,343,125,0,-1396,-520,3539,2112,977,-165,211,415,436,0
1129214,344,344,237,125,1223,-1227,3218,2190,539,37,412,409,415,0
1132572,345,346,537,0,5868,-1444,2775,2260,-352,23,354,393,407,0
1135906,346,347,912,0,5319,-1892,3125,2313,101,-222,-83,373,415,0
1139217,348,348,1325,1006,5965,-2432,2258,2353,303,73,-5,373,390,0
1142572,349,349,1400,875,5963,-2744,1939,2403,8,117,542,369,397,0
1145906,350,351,1512,800,5650,-2802,899,2396,393,164,156,363,385,0
1149220,351,352,1475,1118,6118,-2813,807,2373,-386,269,402,365,368,0
1152571,352,353,2150,1493,4167,-3258,0,2314,-357,367,357,345,364,0
1155906,353,354,2187,1625,2228,-2865,-309,2217,-686,378,372,343,357,0
1159223,354,355,1812,1606,-1629,-3115,-1093,2097,-739,332,306,363,358,0
1162572,355,356,1887,1831,-4499,-3673,-2036,1941,-211,342,86,375,362,0
1165907,357,358,1512,837,-4939,-3923,-2393,1774,453,364,315,379,399,0
1169227,358,359,1193,293,-2935,-2052,-2817,1585,368,619,-278,391,423,0
1172572,359,360,1100,462,-1958,321,-2640,1395,-449,125,-11,412,430,0
1175907,361,362,987,706,-3820,404,-2337,1206,-503,-121,377,402,401,0
1179230,362,363,125,312,-6523,196,-1941,1044,493,-321,-19,448,422,0
1182572,363,364,762,762,-4566,-1163,-1205,913,526,150,62,430,414,0
1185907,365,366,87,181,-2076,-1023,-2154,741,-465,-348,16,450,429,0
1189234,366,367,537,0,-4040,-1083,-1655,608,38,-9,-151,426,440,0
1192604,368,369,875,331,-3085,-595,-277,579,463,19,110,413,426,0
1195908,369,370,1325,0,-657,287,-128,553,304,-252,779,389,444,0
1199236,370,371,1156,668,-535,917,125,548,-115,3,125,398,408,0
1202595,372,373,425,912,-307,1984,420,603,71,43,149,421,379,0
1205929,373,374,593,1043,-61,1601,297,639,263,241,391,428,388,0
1209239,374,375,800,1418,1373,2473,206,625,-93,218,359,417,368,0
1212598,376,376,875,1268,1456,4033,563,571,-249,432,297,397,376,0
1215932,377,378,575,912,-134,4687,414,480,26,400,464,413,379,0
1219243,378,379,1025,1362,-335,4962,297,376,28,303,-62,405,371,0
1222598,380,380,50,743,964,5474,1322,302,99,51,-162,419,382,0
1225932,381,381,106,818,1541,3980,1707,218,25,-78,242,416,378,0
1229246,382,382,162,856,2239,1755,1613,141,284,-55,141,413,376,0
1232598,384,384,125,387,3927,664,929,60,-413,176,-114,415,401,0
1235933,385,385,350,50,3476,1714,247,-32,430,-215,-205,403,419,0
1239249,386,386,481,443,3760,2115,165,-114,2,313,-101,396,398,0
1242599,387,388,0,181,2832,3266,453,-197,-356,-61,207,422,396,0
1245933,389,389,50,406,1409,2586,-523,-284,261,-821,281,403,384,0
1249253,390,390,1400,1437,688,-620,-1198,-382,788,-716,442,369,367,0
1252599,391,391,1175,1906,1225,-5517,-2552,-490,879,-965,603,381,342,0
1255933,392,392,1062,2150,-1458,-8804,-3504,-625,-323,-843,599,387,329,0
1259255,393,393,931,2056,-4487,-10004,-4451,-764,1018,49,772,394,334,0
1262599,394,394,1868,2056,-1015,-7565,-3120,-852,384,260,999,360,350,0
1265934,396,395,1568,1212,2460,-4678,-1590,-867,473,594,813,360,395,0
1269259,397,397,1456,1156,3421,-2597,565,-786,21,211,649,366,398,0
1272599,398,398,931,1362,1553,-698,1700,-658,-593,225,291,410,387,0
1275933,399,399,687,1156,-1740,-1068,2712,-485,20,-26,30,423,398,0
1279262,401,400,50,818,-2500,-2580,1929,-342,95,-321,-341,436,411,0
1282600,402,402,800,275,-3082,-3400,942,-240,124,285,-42,412,440,0
1285934,403,403,650,481,-1675,-2776,1549,-131,-660,160,130,420,429,0
1289265,405,405,12,0,-1560,-2895,2544,-14,-91,-607,-80,438,439,0
1292621,406,406,706,1081,-4175,-3164,2672,136,95,99,-355,417,397,0
1295957,407,407,650,856,-5080,-2397,2313,260,21,220,-22,420,409,0
1299268,409,409,556,143,-4168,-1549,2567,349,274,-128,146,409,431,0
1302656,410,410,1681,1456,-2789,-1567,3518,463,25,-122,135,418,430,0
1305958,411,412,1437,1006,-1769,-2392,3608,572,-265,131,67,431,438,0
1309271,413,413,1456,406,-1581,-3346,3660,673,250,-1,238,414,470,0
1312624,414,415,1475,12,-284,-3213,4080,791,548,379,-87,413,475,0
1315958,415,416,1700,706,1824,-2472,4340,920,436,231,-44,417,454,0
1319274,417,418,1700,556,3279,-2015,4442,1042,59,333,202,401,446,0
1322624,418,419,1625,593,3737,-1734,4359,1165,-405,443,-5,405,444,0
1325958,419,421,1306,612,3474,-1422,4281,1289,-125,496,39,422,427,0
1329278,421,422,1268,837,2257,-1127,4344,1384,80,334,247,424,431,0
1332625,422,423,743,950,1667,-430,3989,1455,42,198,229,430,403,0
1335958,424,425,687,800,1482,-392,4007,1530,156,406,161,417,395,0
1339281,425,426,350,668,2758,-120,4615,1645,373,342,258,435,402,0
1342625,426,427,743,875,4394,1459,4110,1766,-13,333,498,430,407,0
1345959,428,429,856,218,5768,2355,3380,1866,-321,225,-79,408,426,0
1349284,429,430,687,0,5843,3112,2572,1933,-564,403,106,417,446,0
1352625,430,431,106,575,3925,5692,1567,1998,-104,-117,-100,448,407,0
1355959,432,433,125,556,2648,6074,895,2063,181,-392,-372,431,392,0
1359287,433,434,1231,1531,3728,5015,669,2164,490,-403,1205,410,378,0
1362626,434,435,1962,1531,8880,3281,290,2283,-1110,-31,432,371,378,0
1365959,435,436,1981,1737,6270,1384,-808,2396,-709,114,563,370,367,0
1369291,437,438,2243,1981,2433,-823,-140,2490,-642,311,773,356,354,0
1372647,438,438,2168,2262,-1043,-2281,-372,2528,-87,126,550,360,355,0
1375983,439,440,1981,1831,-2690,-3060,-806,2485,-545,301,608,370,362,0
1379294,440,441,1925,1193,-2787,-4462,691,2453,-40,409,313,373,396,0
1382650,441,442,1812,1662,-2395,-4813,531,2385,226,324,401,395,387,0
1385986,442,443,1193,1606,-1155,-4549,705,2347,-316,98,124,428,390,0
1389297,444,445,443,1043,-1638,-3772,483,2332,189,83,-44,447,415,0
1392650,446,446,181,818,-1916,-3684,300,2293,-421,228,78,461,427,0
1395987,447,447,350,875,-3593,-3876,566,2232,-234,11,336,452,424,0
1399300,448,449,837,743,-5658,-3926,1106,2183,649,-43,99,426,415,0
1402651,450,450,443,687,-5352,-3338,763,2134,413,340,-280,447,434,0
1405992,451,452,443,200,-2383,-2148,1282,2094,-490,99,121,447,444,0
1409304,453,453,143,0,-2070,-613,1453,2030,-655,-290,-39,447,460,0
1412683,454,455,1287,518,-6326,366,767,1941,7,116,-124,407,432,0
1415993,455,456,1193,181,-6813,1231,1162,1863,100,310,101,412,450,0
1419306,457,457,1400,1062,-5325,1779,1239,1774,479,264,485,401,403,0
1422652,458,459,1700,181,-1076,2156,2120,1705,870,-179,574,369,434,0
1425992,459,460,1831,875,4347,2881,3420,1673,165,-78,418,378,413,0
1429310,460,461,1925,893,6102,3362,4604,1680,-563,379,-68,373,412,0
1432652,462,463,912,237,4176,5212,5448,1717,-149,69,-206,411,431,0
1435993,463,464,612,743,3478,5028,5109,1741,512,-38,162,427,404,0
1439313,464,466,462,1175,4029,4879,5026,1773,-196,428,-65,451,397,0
1442652,466,467,0,0,5403,5562,4666,1794,-121,157,-257,451,426,0
1445993,467,468,0,106,5572,5388,4237,1782,658,112,-155,441,416,0
1449316,469,470,237,162,7747,5162,3768,1771,379,103,163,425,413,0
1452673,470,471,481,0,11204,5959,3606,1778,-524,24,-314,412,431,0
1455993,471,472,368,143,10238,6647,2737,1783,1,6,-14,418,414,0
1459320,473,474,106,218,8572,6215,2322,1807,-287,-186,66,432,410,0
1462677,474,475,256,181,5858,5519,2115,1845,-710,2,-139,408,396,0
1465994,475,476,275,800,1630,4637,1805,1881,-140,300,92,407,363,0
1469322,477,477,1043,1981,-1175,4241,1340,1913,329,-163,-226,404,338,0
1472677,478,478,837,1775,-3160,3680,1110,1973,-1044,-346,250,399,349,0
1475994,479,479,1793,1812,-5559,1690,561,1995,-93,-242,796,348,347,0
1479326,480,480,2168,1437,-4874,-1245,39,2008,-172,-347,688,328,367,0
1482677,481,482,1700,1250,-3276,-3631,-564,2016,-474,116,467,369,377,0
1486018,482,483,1493,1100,-3619,-4669,-337,1984,-249,120,32,380,385,0
1489330,484,484,875,668,-4795,-5203,-831,1941,336,225,440,413,408,0
1492678,485,485,912,500,-2047,-4744,-453,1905,-202,-131,263,411,433,0
1496020,486,487,593,143,-1915,-5002,190,1896,-315,62,32,428,436,0
1499332,488,488,0,0,-3234,-4150,1564,1935,-42,-203,-217,459,439,0
1502677,489,490,368,650,-4353,-3831,1146,1953,170,13,295,435,404,0
1506020,491,491,0,687,-3537,-3591,1335,1960,81,-194,-5,459,402,0
1509336,492,492,106,650,-2864,-3446,1524,1984,-16,63,-367,433,404,0
1512678,493,494,950,143,-1745,-2918,1734,1998,-4,330,490,404,431,0
1516020,494,495,1325,462,-487,-292,2557,2033,345,297,555,384,414,0
1519338,496,496,1475,500,2159,3967,2909,2100,117,49,9,360,412,0
1522709,497,498,1887,368,3606,6109,3616,2176,-104,82,488,359,424,0
1526021,498,499,1662,725,4533,8344,3872,2259,-223,204,144,371,405,0
1529342,499,500,1512,856,3846,10307,3720,2309,732,-308,46,379,398,0
1532699,500,502,1362,1418,3371,9304,3310,2305,-1008,-654,712,387,352,0
1536021,502,503,950,1981,-1280,4830,1771,2217,-1003,-428,567,409,338,0
1539345,503,504,1512,1943,-7377,-2244,1603,2097,-70,-244,1014,379,340,0
1542702,504,505,1625,1475,-5965,-5085,1573,1986,1326,77,453,373,365,0
1546021,505,506,968,856,-366,-6094,1972,1891,-552,196,103,408,398,0
1549349,506,507,1100,875,-113,-5399,1674,1797,307,154,184,417,413,0
1552703,508,509,218,12,540,-3747,1844,1722,-540,144,-242,426,421,0
1556022,509,510,237,0,-1409,-3070,1320,1646,-125,295,95,425,423,0
1559352,511,512,218,462,-1700,-2887,1030,1565,161,-450,295,426,397,0
1562704,512,513,518,275,-1047,-3332,967,1510,175,-89,-194,410,407,0
1566021,513,514,462,406,-589,-4106,1103,1472,187,-137,140,413,400,0
1569354,515,516,743,237,2205,-4104,1835,1463,352,-352,405,398,409,0
1572704,516,517,593,0,5063,-3275,2800,1494,-62,75,247,390,419,0
1576046,517,518,800,368,5980,-848,2537,1532,-304,366,302,379,386,0
1579358,518,519,1456,1456,1589,3122,1109,1532,37,80,427,382,366,0
1582704,519,520,1100,1700,-579,5071,824,1540,126,-56,460,401,353,0
1586050,521,521,1231,1531,194,5114,1069,1572,36,143,663,378,362,0
1589361,522,523,2112,1531,1513,3251,1170,1626,-65,-259,708,331,362,0
1592704,523,524,2431,1850,1778,842,1345,1679,168,-104,775,330,345,0
1596050,524,525,2506,1850,3359,-1524,592,1723,-13,-288,398,326,345,0
1599364,525,526,2112,1850,2809,-4780,359,1749,-295,-124,434,347,345,0
1602704,526,527,1812,1625,1394,-6474,617,1762,-25,153,-114,379,373,0
1606050,527,528,1137,1043,496,-6949,1505,1760,-355,280,11,415,404,0
1609367,528,529,743,837,-2182,-6226,1294,1765,83,-23,-5,431,410,0
1612704,530,531,856,650,-2881,-5919,844,1749,275,-194,-130,425,420,0
1616050,531,532,818,612,-1349,-6737,555,1719,-443,170,347,427,422,0
1619370,533,534,275,275,-1764,-7269,914,1694,-274,47,341,456,440,0
1622729,534,535,856,912,-3690,-7683,1129,1649,-437,183,-244,425,406,0
1626051,536,536,0,818,-6244,-7155,961,1588,252,446,4,461,411,0
1629374,537,538,406,237,-5436,-4289,-6,1475,117,42,421,433,426,0
1632759,538,539,1231,931,-4599,-1403,185,1360,-268,76,209,410,410,0
1636051,540,541,1437,256,-6204,1051,329,1254,-353,175,277,383,430,0
1639377,541,542,1250,331,-8063,3729,-36,1149,-514,-65,109,393,426,0
1642728,542,543,500,481,-9856,4623,198,1100,19,407,179,433,418,0
1646051,544,545,331,818,-9240,6544,-431,1036,293,-101,-159,442,400,0
1649380,545,546,875,706,-6535,7537,-222,980,285,181,191,413,406,0
1652728,546,547,1700,818,-4040,7580,-542,902,490,-342,252,369,400,0
1656051,547,549,1718,162,-1933,6993,36,851,251,139,-12,368,419,0
1659384,548,550,1700,0,-494,6678,1466,839,260,-11,175,385,444,0
1662729,550,552,237,0,1921,6811,841,824,-261,318,21,425,412,0
1666052,551,553,181,218,2105,7106,821,817,-199,-85,-196,428,394,0
1669387,552,554,293,0,1179,7538,-205,781,494,-100,19,422,419,0
1672729,554,556,200,31,3422,7488,-281,737,-347,120,-196,427,404,0
1676055,555,557,181,87,4638,7655,-770,656,-82,38,-77,428,401,0
1679390,557,558,218,0,4272,7637,-1130,533,1108,-381,761,426,408,0
1682729,558,559,800,256,6937,6469,-1423,409,364,-485,408,379,392,0
1686058,559,561,1231,0,9041,3631,-1798,319,322,-496,396,356,398,0
1689393,560,562,2375,950,10310,-441,-2188,224,298,-76,329,333,377,0
1692729,561,563,2018,931,12598,-1649,-2269,120,341,-310,209,352,378,0
1696062,562,564,1962,1025,14679,-3351,-2172,16,-79,-378,5,355,373,0
1699396,563,565,1700,1343,12938,-5669,-1570,-74,-860,-49,178,369,356,0
1702754,565,566,1475,1156,8790,-7000,-1103,-127,-171,0,223,381,382,0
1706066,566,568,1568,1250,5293,-7578,-1142,-174,-598,-311,-33,376,361,0
1709399,567,569,1250,1418,-607,-9388,-160,-199,-479,647,453,393,352,0
1712757,568,570,1850,1156,-3904,-6222,-2023,-309,175,144,581,377,382,0
1716068,570,571,1437,537,-3977,-4433,-1569,-398,-351,756,627,399,415,0
1719403,571,573,1156,350,-2582,-1088,-348,-436,-180,542,301,393,420,0
1722761,572,574,1306,331,-3737,558,-413,-466,-134,-52,-43,401,421,0
1726072,573,575,1118,443,-3796,1080,-216,-501,-302,69,-107,411,415,0
1729406,575,577,481,837,-3556,1594,60,-535,477,-56,327,429,394,0
1732763,576,578,1156,518,-2675,1763,739,-541,330,-266,68,409,411,0
1736075,577,579,1006,575,-1661,195,642,-521,-166,-3,223,417,408,0
1739409,579,581,781,462,-3094,-463,888,-499,851,56,20,429,414,0
1742795,580,582,1343,275,-906,1105,1021,-478,-188,279,166,404,429,0
1746078,581,583,1568,706,544,3620,732,-454,-352,-201,175,392,406,0
1749412,582,585,1418,275,148,3915,-138,-464,16,-17,281,400,413,0
1752764,584,586,800,1043,96,3958,264,-442,-888,36,302,417,372,0
1756082,585,587,1250,2412,-1223,4004,929,-406,-1335,-768,634,409,315,0
1759416,586,588,1156,2506,-4922,668,-605,-408,-376,-381,1117,414,310,0
1762764,588,589,968,2093,-4961,-1670,-877,-437,-35,-59,678,408,332,0
1766084,589,590,1118,1662,-3550,-3599,-793,-508,413,390,600,400,355,0
1769418,590,591,1100,1437,-76,-3467,-926,-563,351,295,127,417,383,0
1772764,592,592,218,650,743,-1294,-987,-619,-3,419,-119,426,403,0
1776087,593,594,0,518,72,106,-1430,-658,-621,59,-103,440,394,0
1779422,595,595,0,631,-2679,-1217,-2255,-719,499,13,349,438,388,0
1782765,596,596,143,687,-357,-1265,-2018,-758,-234,-22,-104,430,401,0
1786090,597,598,68,575,-1520,-804,-2712,-808,-277,-12,74,434,391,0
1789425,599,599,0,762,-3077,-657,-3586,-875,77,-363,81,436,381,0
1792764,600,600,331,443,-3280,-1536,-3690,-934,320,-114,-51,404,398,0
1796094,601,601,593,462,-2426,-2157,-3235,-967,330,-48,130,390,397,0
1799428,602,603,1175,856,566,-2246,-2803,-984,310,236,135,397,398,0
1802765,604,604,931,612,1761,-816,-2667,-999,-98,461,66,394,411,0
1806097,605,605,818,481,459,1417,-3239,-1051,373,209,467,400,418,0
1809432,606,607,875,293,3059,3514,-3210,-1117,-790,245,715,397,412,0
1812790,608,608,1025,931,5935,4304,-2960,-1174,-88,242,86,389,394,0
1816100,609,609,1137,818,6020,5339,-3002,-1263,-184,199,325,383,400,0
1819435,610,611,893,500,5527,5725,-2599,-1281,134,-32,-250,396,417,0
1822790,611,612,1437,387,5265,3447,-2013,-1295,-114,-230,353,383,423,0
1826103,612,613,1081,537,6351,498,-2825,-1372,-678,8,183,402,415,0
1829438,614,615,425,331,3091,-1065,-2742,-1445,-319,164,-245,416,405,0
1832791,615,616,181,575,138,239,-2244,-1508,-35,256,24,445,408,0
1836107,617,617,0,706,271,1478,-1582,-1560,-228,-462,139,448,401,0
1839441,618,619,256,1137,-2074,1849,-1955,-1644,-1015,-262,135,425,378,0
1842791,619,620,275,1343,-7412,688,-2188,-1732,-324,-71,183,440,367,0
1846110,621,621,181,1175,-9698,1236,-1643,-1811,581,-144,820,429,376,0
1849445,622,622,500,1381,-7275,1998,-1939,-1904,-464,-377,535,412,365,0
1852823,623,623,2431,2281,-7441,1467,-1375,-1970,634,-767,935,378,386,0
1856113,624,625,2187,1268,-4154,324,-456,-1980,801,-582,1193,391,424,0
1859447,626,626,1775,1381,-585,-831,197,-1982,-813,-401,510,397,418,0
1862792,627,627,1643,1362,-2721,-1309,454,-1997,283,6,728,404,419,0
1866117,628,629,1962,1137,-2084,-2014,709,-1955,109,65,90,403,431,0
1869451,630,630,1062,987,-1278,-1300,937,-1899,-453,186,-168,435,439,0
1872792,631,632,650,1287,-1674,-1377,1857,-1816,-239,432,135,457,407,0
1876119,633,633,0,1043,-2829,-1801,743,-1764,261,120,345,488,420,0
1879454,634,634,612,1512,-4469,-2501,312,-1723,-52,183,-90,459,411,0
1882792,636,636,87,443,-4893,-2077,873,-1651,-146,97,-37,449,430,0
1886122,637,637,518,237,-4701,-1372,1425,-1536,720,-211,406,426,441,0
1889457,638,639,762,481,-1212,-1459,271,-1465,260,-285,59,413,428,0
1892793,640,640,200,368,450,-2420,93,-1377,-762,52,-547,443,434,0
1896126,641,641,387,800,-543,-1941,-203,-1271,16,-10,-143,433,411,0
1899460,643,643,237,106,-1353,-1772,-854,-1183,262,-238,-212,441,432,0
1902817,644,644,0,162,-1142,-2573,-1311,-1123,-345,57,-248,438,429,0
1906129,645,646,68,50,-2908,-3349,-972,-1065,-262,236,75,434,419,0
1909463,647,647,425,875,-3181,-3185,-1226,-1020,68,-232,28,437,413,0
1912821,648,648,1006,762,-2785,-2981,-1363,-962,495,7,13,406,419,0
1916132,649,650,1493,462,-1631,-2026,-1298,-902,197,254,316,380,419,0
1919467,651,651,1550,575,1994,-1852,-1145,-845,790,-127,646,377,413,0
1922825,652,652,1850,443,4836,-2172,-1045,-784,203,328,-50,361,436,0
1926136,653,654,1737,125,5676,-1514,-703,-725,120,588,385,367,437,0
1929470,654,655,1606,368,5765,-755,-973,-692,-78,153,286,374,424,0
1932826,655,657,1831,200,5245,-617,-932,-633,228,109,170,378,433,0
1936139,656,658,1381,368,5062,-228,-672,-569,175,299,182,402,424,0
1939473,658,660,1137,31,4258,549,-124,-502,-310,426,46,394,437,0
1942829,659,661,1418,443,2997,959,314,-443,50,31,241,395,415,0
1946142,660,662,1512,556,2824,126,1504,-335,293,176,130,390,409,0
1949477,662,664,1231,425,1436,1227,1523,-219,-283,521,-78,405,400,0
1952829,663,665,818,687,522,2849,2195,-99,-252,-152,-134,427,402,0
1956145,664,666,406,462,-1914,2726,3715,77,-16,-51,4,449,414,0
1959480,666,668,481,143,-4062,2241,4446,259,-328,4,289,429,415,0
1962860,667,669,1606,631,-4099,2060,4315,408,319,-155,383,390,410,0
1966148,668,670,1512,687,1,1206,2788,489,717,42,615,395,407,0
1969483,670,672,1662,687,4354,2171,3601,587,-569,309,401,387,391,0
1972830,671,673,1231,1662,4064,2660,3853,685,-695,354,681,394,339,0
1976151,672,674,1718,2131,-1641,328,1540,704,-545,-173,724,384,330,0
1979486,673,675,1793,2131,-6123,-1012,922,675,-184,511,691,380,330,0
1982830,674,676,1550,1456,-7121,-1045,219,659,374,269,623,393,366,0
1986154,676,677,800,1437,-4681,-1214,-211,642,150,211,431,417,367,0
1989489,677,678,1100,1456,-2980,-1283,-1097,581,364,178,242,417,382,0
1992831,679,679,50,518,-1386,-810,-1403,492,-8,-77,-234,435,410,0
1996158,680,681,106,106,-2142,36,-1660,432,-178,-336,-336,432,416,0
1999492,681,682,293,125,-2211,-311,-1770,374,237,-71,60,422,415,0
2002831,683,683,237,462,-1900,-1373,-1639,329,106,-118,253,425,413,0
2006161,684,685,368,181,-914,-2172,-2650,273,77,-412,-182,418,412,0
2009496,686,686,368,200,196,-2206,-2622,232,138,130,112,418,411,0
2012852,687,687,162,275,824,-1890,-1904,203,-146,13,244,413,407,0
2016164,688,689,331,31,465,-988,-1712,187,231,322,-15,404,404,0
2019499,689,690,1043,893,889,974,-1628,179,190,281,263,404,396,0
2022856,691,691,856,987,1434,3049,-1174,183,366,142,328,398,391,0
2026168,692,692,893,1231,2123,4720,-769,195,-77,67,298,396,378,0
2029502,693,694,950,893,2115,4925,-413,214,-297,15,304,393,380,0
2032856,694,695,1493,1250,1724,4310,-274,228,-133,-311,365,380,377,0
2036170,696,696,1306,1231,724,1618,560,276,144,-45,276,374,378,0
2039505,697,697,1212,1137,227,-752,669,326,-105,-208,325,379,383,0
2042857,698,699,1231,650,-442,-1642,1261,386,477,-344,-66,394,409,0
2046174,699,700,837,331,-1935,-1880,1133,426,137,27,199,415,426,0
2049508,701,701,143,312,-2450,-2017,858,443,140,56,289,431,422,0
2052856,702,703,725,256,-1877,-1653,1419,440,-306,-39,9,416,425,0
2056177,703,704,856,706,-2017,-593,2545,472,74,119,218,409,401,0
2059511,705,706,687,1025,-1898,98,3137,501,694,-457,682,402,384,0
2062856,706,707,1100,575,973,-82,3979,509,981,-657,309,396,408,0
2066180,707,708,1025,218,6861,-2842,5300,536,-94,-312,80,400,427,0
2069515,709,710,1343,687,8017,-4153,5979,588,-83,8,301,383,402,0
2072888,710,711,1362,237,7137,-3351,4928,655,-94,478,257,387,431,0
2076184,711,712,1418,425,7711,2013,4267,676,242,580,564,384,421,0
2079518,712,714,1006,556,9100,4984,3688,671,-1038,-23,655,406,414,0
2082857,714,715,0,1606,5253,5346,2621,704,-1392,30,391,445,342,0
2086186,715,716,593,1775,-3358,4195,860,703,-1277,-178,493,428,349,0
2089521,717,717,1006,1850,-8673,3436,1263,735,244,-313,322,406,345,0
2092878,718,718,968,1306,-9139,2429,933,771,-168,-61,147,392,374,0
2096190,719,719,612,725,-4884,657,558,823,877,34,122,411,405,0
2099524,721,720,537,781,-1842,-625,1277,906,326,-2,205,431,418,0
2102882,722,722,0,406,-502,-643,1417,1003,-605,554,-1,438,400,0
2106193,723,723,0,237,-1797,1232,1246,1097,-569,47,-102,422,409,0
2109527,725,724,68,687,-4699,1413,1269,1188,764,-437,-81,418,385,0
2112882,726,726,350,425,-4054,774,1509,1318,-74,61,-231,403,399,0
2116196,727,727,200,218,-2491,1217,742,1423,326,168,-187,411,410,0
2119530,729,728,68,0,-1783,1440,-77,1480,-37,-177,29,418,427,0
2122882,730,730,256,0,-3447,1185,-521,1517,125,-187,16,392,412,0
2126199,731,731,87,0,-4452,48,-349,1557,99,-44,122,401,406,0
2129534,732,732,837,443,-3957,-838,-329,1583,-253,119,91,399,420,0
2132883,734,734,743,500,-3856,-472,-354,1596,59,375,-142,388,401,0
2136202,735,735,368,762,-3271,718,-807,1584,107,12,-107,408,387,0
2139537,736,736,1156,781,-3573,1042,-1191,1555,-233,-234,135,382,402,0
2142883,737,737,1137,687,-3577,169,-1351,1496,83,17,135,383,407,0
2146207,739,739,1475,256,-1504,-2325,-1271,1435,730,-148,294,365,414,0
2149540,740,740,1118,500,477,-3187,-1567,1347,286,-100,229,384,417,0
2152883,741,741,1231,593,2310,-3471,-984,1281,48,87,424,378,412,0
2156209,742,743,837,237,2807,-3138,-380,1242,303,-499,588,399,415,0
2159543,744,744,743,762,6154,-2327,1439,1243,-692,104,-124,399,398,0
2162883,745,745,1006,706,5941,-1489,2185,1231,188,-196,289,385,401,0
2166212,746,747,875,350,4512,-1473,3214,1234,1033,-436,1668,392,404,0
2169571,747,748,1062,218,11040,1490,4429,1248,-336,-312,-389,382,411,0
2172905,748,749,1137,518,8888,528,3937,1205,251,-191,360,394,411,0
2176215,750,751,875,218,10829,430,3372,1124,77,-111,149,392,411,0
2179574,751,752,668,425,8987,2792,3645,1084,-80,365,295,403,400,0
2182939,752,753,950,987,7407,5001,3281,1053,-802,-422,20,409,391,0
2186218,754,754,481,1906,3681,4474,2607,1019,-1407,-422,274,434,342,0
2189576,755,755,387,2318,-2844,1313,2013,1000,-1299,-770,677,423,320,0
2192908,756,756,818,1943,-8261,-2153,3263,1075,-173,-478,400,400,340,0
2196222,757,757,1512,1737,-7996,-3879,2895,1126,49,423,705,379,367,0
2199580,759,759,931,1175,-4285,-4525,3198,1197,-367,-60,225,394,381,0
2202909,760,760,650,1343,-4210,-4444,2447,1256,-55,420,165,409,372,0
2206225,761,761,443,1456,-3273,-2900,2254,1286,-119,72,-26,420,366,0
2209584,763,762,200,1418,-3776,-3138,1252,1281,-321,40,-223,433,384,0
2212909,764,763,0,1306,-6905,-4115,1279,1282,-153,46,-265,428,368,0
2216229,765,764,0,1381,-6953,-4080,1809,1299,186,105,-69,423,364,0
2219587,767,766,162,1156,-5326,-4649,1371,1295,491,88,482,413,376,0
2222909,768,767,537,856,-3361,-4547,1358,1314,138,277,209,393,392,0
2226231,769,768,818,950,-69,-2928,1822,1373,680,-27,338,378,387,0
2229590,770,770,706,106,3050,-1750,1901,1449,448,97,141,384,416,0
2232909,772,771,462,0,6286,-691,1623,1511,-192,207,-81,381,440,0
2236234,773,772,312,0,6827,548,1736,1575,45,233,128,389,422,0
2239591,774,774,1062,1006,7202,2056,628,1606,-277,159,267,387,390,0
2242909,775,775,1081,1306,7063,3338,-166,1626,-267,-273,329,386,374,0
2246238,776,776,1043,1381,4748,4230,-2056,1599,-227,-129,160,388,370,0
2249596,778,777,1568,2000,3021,5080,-3532,1531,-775,-77,241,360,353,0
2252931,779,778,2262,2093,561,5029,-5310,1405,-10,-107,687,323,348,0
2256241,780,779,2150,2337,1203,2577,-6415,1253,-486,-219,581,329,335,0
2259596,780,780,2731,2431,-107,257,-6955,1067,-108,-95,453,330,346,0
2262931,782,781,1981,2525,-1271,-1759,-6224,884,54,168,307,354,341,0
2266245,783,782,1887,2206,340,-3095,-5465,668,-207,-139,128,359,358,0
2269600,784,783,1400,2412,-519,-4112,-4508,459,-785,-252,-124,396,358,0
2272935,785,784,912,2018,-1735,-4619,-3504,249,-455,226,-138,422,379,0
2276248,787,785,0,1681,-6325,-5928,-2440,34,-283,-404,133,459,397,0
2279601,788,787,387,1081,-8603,-5981,-1967,-149,-39,193,22,434,413,0
2282935,790,788,0,987,-9728,-4082,-2960,-347,18,443,197,465,434,0
2286250,791,789,593,1100,-8115,-176,-1881,-520,1171,-449,1315,423,428,0
2289600,792,791,1418,500,-5004,1225,-282,-631,496,143,603,379,444,0
2292965,793,792,2243,1362,-3170,3363,1034,-680,466,-325,333,356,419,0
2296254,794,794,2487,425,284,4481,2097,-678,789,-471,353,343,453,0
2299601,796,795,2093,537,4811,3749,2469,-702,124,-172,280,348,447,0
2302935,797,797,1850,387,6771,3331,2505,-715,349,-368,-46,361,439,0
2306257,798,798,2375,781,8860,2980,3293,-712,-804,177,-307,349,434,0
2309601,799,799,1343,1868,5737,1799,3916,-666,-1006,-520,142,404,376,0
2312935,800,800,893,2150,-572,-848,5757,-556,-265,-481,160,428,361,0
2316260,802,802,631,2037,-4445,-4455,6672,-387,-68,168,-129,426,367,0
2319601,803,803,443,1568,-4877,-6204,7199,-202,557,-183,345,452,392,0
2322936,805,804,0,1025,-2266,-6336,6529,-54,558,261,384,439,399,0
2326263,806,806,0,406,983,-5276,6605,108,17,44,221,443,432,0
2329602,807,807,800,537,1819,-4927,6908,282,-120,104,157,411,425,0
2332936,809,808,312,968,1208,-4851,6277,421,-167,250,-119,421,402,0
2336267,810,810,293,668,-30,-2689,5964,548,-422,290,-112,422,402,0
2339623,812,811,0,387,-822,-1446,5905,682,495,-223,-51,425,417,0
2342960,813,812,0,293,230,-3410,6327,825,521,141,160,424,422,0
2346270,814,814,275,50,2678,-2548,6131,997,-280,450,54,407,419,0
2349626,815,815,1381,1118,2477,137,5097,1162,327,-171,117,386,400,0
2352961,817,816,837,537,4037,-389,4559,1368,673,-110,145,399,431,0
2356273,818,818,1137,275,5632,-1786,4782,1628,-341,617,52,383,429,0
2359627,819,819,1512,893,4862,121,3137,1892,-140,221,310,379,412,0
2362961,820,821,1643,837,5040,1850,1452,2138,384,42,180,372,399,0
2366277,821,822,1868,1062,5894,2719,800,2380,-75,80,210,360,387,0
2369626,822,823,2731,1006,6602,2867,-169,2569,158,-176,261,330,406,0
2372961,823,824,2431,800,6700,1678,-1056,2707,76,59,100,346,417,0
2376280,825,826,1718,331,6159,1583,-1009,2817,-422,73,100,368,426,0
2379627,826,827,1756,425,4637,1693,-1635,2875,-190,114,-55,377,432,0
2382962,827,828,1887,518,3408,840,-1879,2893,100,97,92,370,427,0
2386282,828,830,1643,50,2635,142,-1983,2892,51,171,-101,383,436,0
2389627,829,831,1512,218,1522,331,-2216,2915,-125,-286,-315,390,427,0
2392962,831,833,1118,762,1183,-1269,-2663,2891,-48,248,197,411,398,0
2396286,832,834,893,1025,-420,-24,-2943,2808,-452,339,292,423,384,0
2399627,834,835,293,1100,-1937,1836,-3158,2677,-577,288,22,439,380,0
2402994,835,836,1643,2037,-4512,3140,-3716,2495,52,410,302,436,399,0
2406289,836,838,1400,1362,-6416,4929,-3478,2309,26,121,527,449,419,0
2409627,838,839,818,1343,-6957,6340,-3374,2125,-296,137,403,464,420,0
2412962,839,840,1081,1531,-6645,9052,-4350,1887,76,-279,260,450,410,0
2416292,841,842,1962,2131,-5210,8336,-4234,1632,-540,-741,673,403,378,0
2419649,842,843,2487,2412,-5519,5894,-3405,1346,-306,-281,1040,375,363,0
2422986,843,844,2018,2881,-5532,3731,-2034,1074,1510,-483,2047,400,338,0
2426296,844,845,1681,2000,-999,993,-724,826,-543,-540,352,418,385,0
2429652,846,846,1887,0,-2683,-1427,-204,616,30,-302,339,407,551,0
2432986,847,847,1737,3068,-3147,-2744,1945,470,296,-146,376,393,322,0
2436298,848,848,1568,1268,-1905,-2869,3721,370,591,-151,273,402,418,0
2439652,850,849,1362,1475,-553,-2436,5283,339,18,597,100,413,423,0
2442986,851,851,668,518,-80,-1920,4849,304,339,-282,308,450,458,0
2446302,852,852,612,181,915,-2889,4732,268,113,-195,118,453,476,0
2449653,854,854,162,143,-37,-2998,4393,207,-351,181,-267,461,462,0
2452986,855,855,0,218,-265,-3250,4645,161,178,-156,-198,476,458,0
2456305,857,857,143,0,1057,-3904,4646,147,803,-114,186,446,455,0
2459654,858,858,387,1081,3512,-3993,4408,142,-69,29,61,471,434,0
2462987,860,860,593,800,3322,-1681,3324,97,-192,341,157,444,433,0
2466308,861,861,931,1493,2256,573,1881,57,-83,47,350,426,396,0
2469653,862,862,2318,1381,2609,1949,307,22,670,43,564,368,418,0
2472987,864,864,2187,1250,3444,3412,-371,-14,-17,105,493,359,409,0
2476311,865,865,2825,1118,3621,3716,-768,-33,302,-435,476,341,416,0
2479654,866,866,2618,1475,5662,1537,-859,-27,1,200,240,352,413,0
2482987,867,868,2037,1081,5421,-2188,-434,-9,-168,302,283,383,418,0
2486315,868,869,1643,1137,4999,-3213,-17,41,292,-13,-200,404,415,0
2489654,869,870,1456,950,5405,-3720,-1133,64,339,-12,-167,425,436,0
2492987,871,872,1362,593,5333,-3816,-1553,78,-417,-84,-1,414,439,0
2496318,872,873,1043,593,3134,-3042,-1959,86,-548,174,-195,431,439,0
2499675,874,875,425,1118,901,-2031,-3157,70,-778,168,-124,448,395,0
2502988,875,876,350,1475,-1639,212,-3811,43,-1180,486,229,468,392,0
2506321,877,877,106,1231,-6135,2271,-5755,-37,-36,375,379,481,405,0
2509679,878,878,350,1062,-8485,3967,-5722,-100,-228,249,-278,452,414,0
2513043,880,880,125,1062,-10595,5466,-5286,-156,-769,-62,42,469,419,0
2516324,881,881,462,668,-13397,4675,-5210,-214,857,125,730,451,440,0
2519679,882,882,1212,1006,-10884,5140,-5062,-236,496,-144,363,411,422,0
2523015,884,884,1268,1156,-8297,4619,-3480,-212,133,-159,487,392,398,0
2526327,885,885,1418,1718,-6758,3238,-3536,-216,-259,-81,615,400,384,0
2529680,886,886,2468,1625,-6909,1037,-3861,-274,1011,-59,681,344,389,0
2533020,887,888,1981,856,-2910,387,-2794,-338,433,106,319,370,414,0
2536330,889,889,1831,481,926,1468,-1615,-382,98,-885,322,378,434,0
2539679,890,890,2393,368,688,1185,-2267,-514,680,-780,285,348,456,0
2543021,891,892,1906,0,3987,-720,-1092,-664,462,-605,391,352,445,0
2546334,892,893,2037,12,6979,-1667,-1112,-864,121,-146,-47,345,437,0
2549679,893,895,1212,462,7029,-1542,-1603,-1066,87,-205,72,405,413,0
2553021,894,896,631,181,7454,-1762,-733,-1237,704,-53,-4,436,428,0
2556337,896,897,293,425,9706,-2027,33,-1373,135,-129,7,438,415,0
2559680,897,899,500,0,11824,-3091,17,-1517,-240,95,-249,427,424,0
2563021,899,900,406,68,9994,-3289,-1477,-1709,-294,-109,39,416,418,0
2566340,900,902,0,68,8424,-2907,-1077,-1880,-282,113,45,439,418,0
2569681,901,903,556,1268,7319,-1873,-453,-1998,-94,151,89,446,376,0
2573022,903,904,443,1568,4972,-1798,-1125,-2092,-558,-207,244,436,360,0
2576343,904,905,537,2168,2566,-2712,-1494,-2148,-690,-62,2,431,328,0
2579702,906,906,518,2318,-161,-3519,-889,-2165,-611,443,43,432,336,0
2583022,907,907,556,2375,-3328,-3603,-681,-2162,-391,115,152,430,333,0
2586346,908,908,706,1831,-4881,-3954,-1285,-2175,-269,127,-176,422,362,0
2589705,910,909,931,2093,-6964,-3921,-1240,-2200,-87,546,99,410,364,0
2593022,911,910,1212,1362,-6682,-3326,-241,-2207,36,471,148,395,403,0
2596350,912,912,968,1268,-7713,-2474,101,-2169,-180,337,113,408,392,0
2599705,914,913,462,1287,-8233,-1719,367,-2109,434,282,245,430,402,0
2603023,915,914,762,1137,-6740,-970,418,-2035,485,111,389,414,410,0
2606353,916,916,837,275,-4159,-6,468,-1921,319,239,455,410,440,0
2609706,917,917,631,687,-2371,1549,1241,-1763,-17,94,473,421,418,0
2613023,919,919,950,537,-1418,1923,1875,-1525,1151,-83,621,404,426,0
2616356,920,920,1062,593,1067,1477,2547,-1267,696,113,239,398,423,0
2619706,921,921,856,612,4617,2037,3008,-1007,-35,60,299,409,422,0
2623079,923,923,1100,481,6945,4177,3753,-727,181,-172,143,401,434,0
2626360,924,924,725,312,8221,4837,3341,-465,387,-53,0,421,443,0
2629706,925,926,350,462,9702,5676,4677,-210,-90,86,245,441,419,0
2633049,927,927,293,462,8468,6173,5225,63,-242,-4,269,428,419,0
2636363,928,928,706,1493,6048,6854,5388,352,-325,-303,293,422,380,0
2639706,929,929,406,2056,2303,5927,6044,628,-648,-495,426,438,350,0
2643049,931,930,500,1868,-3063,1748,5297,844,-432,-73,481,417,360,0
2646366,932,932,762,1775,-6248,205,5537,1088,709,347,106,403,365,0
2649706,933,933,912,1700,-4051,576,6360,1321,761,-16,256,411,369,0
2653048,935,934,143,1212,792,-886,5426,1525,17,-116,572,414,373,0
2656369,936,935,200,912,1343,-1907,5535,1748,-1242,-64,-299,411,389,0
2659727,937,936,425,1118,-2532,-2417,4982,1927,-13,99,-231,415,394,0
2663050,939,938,0,875,-541,-1315,4433,2064,42,127,-81,435,391,0
2666372,940,939,31,631,-843,-941,3638,2178,120,-141,-198,420,404,0
2669728,941,940,87,593,-1447,-2002,2249,2294,315,-87,205,417,406,0
2673050,942,942,0,237,-1114,-2516,637,2348,-612,-291,402,428,409,0
2676375,944,943,87,500,-4435,-2437,-539,2345,293,-91,237,401,395,0
2679732,945,944,1268,1737,-3595,-2325,-799,2355,391,107,611,376,367,0
2683050,946,945,1381,1512,-82,-819,-1281,2362,-469,337,31,370,379,0
2686379,947,946,1250,1437,-3358,1127,-2586,2309,175,326,23,377,383,0
2689732,948,948,2037,968,-6255,2448,-4007,2205,854,-50,843,351,408,0
2693050,949,949,2712,743,-1084,888,-2200,2176,-315,302,1090,315,420,0
2696382,950,950,2525,1268,1409,-390,-2822,2127,329,-23,810,325,392,0
2699732,951,951,2581,1756,2586,-1568,-2495,2056,-612,343,727,338,382,0
2703075,952,953,2243,1381,669,-2365,-1760,1998,-140,-243,414,356,386,0
2706385,954,954,1362,1268,-387,-3389,-1185,1950,-300,28,257,387,392,0
2709732,955,955,893,1175,-1149,-3956,-630,1917,461,144,131,423,408,0
2713077,956,956,593,893,109,-2671,-1032,1870,296,119,-305,439,423,0
2716388,958,958,162,668,1224,-1707,-624,1812,-406,213,-143,446,419,0
2719732,959,959,668,162,325,-1946,-567,1735,-588,-94,310,419,446,0
2723078,960,961,350,481,-2018,-3133,-257,1648,-122,-420,-119,452,429,0
2726392,962,962,406,331,-2676,-3636,83,1556,314,-53,-245,433,437,0
2729733,963,964,331,200,-2128,-3008,226,1446,-219,181,33,437,428,0
2733109,965,965,631,218,-3247,-2920,687,1363,82,-264,87,426,448,0
2736394,966,966,612,650,-2714,-3171,573,1235,-154,-166,-168,427,425,0
2739733,967,968,1662,50,-1900,-2576,1241,1111,-20,393,230,371,441,0
2743079,968,969,2037,631,-1948,59,1752,997,-210,216,482,351,410,0
2746398,970,971,1812,1062,-3747,1610,2130,875,-395,163,-79,379,403,0
2749756,971,972,537,1362,-4311,2960,2221,778,576,718,797,431,371,0
2753079,972,973,125,968,-918,4115,1311,646,97,157,325,453,392,0
2756401,974,974,181,1362,849,4440,367,459,166,747,422,434,371,0
2759756,975,975,1118,1362,2639,5046,-206,283,-90,155,341,400,387,0
2763079,976,977,481,725,2082,6121,418,123,-108,89,-32,412,383,0
2766404,978,978,312,875,1591,6686,498,-16,-257,95,-108,405,375,0
2769756,979,979,0,781,1363,5985,-8,-155,263,-95,87,440,396,0
2773080,981,980,0,518,3107,4217,119,-265,374,114,-40,451,410,0
2776408,982,982,0,237,4187,4302,-256,-343,-714,268,-275,430,409,0
2779757,983,983,143,387,3520,5853,-1050,-396,-355,-128,75,414,401,0
2783081,985,985,0,0,1526,5894,-2197,-448,-393,-458,59,430,406,0
2786411,986,986,0,293,-971,4666,-1884,-481,348,79,243,414,390,0
2789757,987,987,1062,1137,-531,3735,-2000,-504,178,-607,354,387,383,0
2793080,988,988,1175,1700,524,2422,-3340,-527,-234,-241,323,381,353,0
2796414,989,989,1025,2356,-1085,1348,-4088,-530,-168,-655,440,389,318,0
2799757,991,990,1456,2375,-2404,-296,-3533,-572,278,-910,767,366,333,0
2803082,992,991,1512,1981,-1412,-3347,-3108,-581,-1398,-545,828,363,354,0
2806417,993,992,968,2018,-2300,-6065,-4467,-642,-165,-423,873,392,352,0
2809757,994,993,1025,1606,-1405,-7225,-4393,-724,-473,-284,679,405,390,0
2813086,995,995,1306,1025,-791,-7883,-2672,-771,549,52,338,390,405,0
2816420,997,996,500,518,1497,-6830,-1820,-808,76,139,351,417,432,0
2819758,998,998,800,406,1223,-5606,-948,-806,-1105,273,-539,412,433,0
2823089,1000,999,0,237,-5507,-4829,-288,-795,344,283,27,444,442,0
2826423,1001,1000,218,312,-4919,-3609,-123,-781,624,162,276,427,438,0
2829781,1002,1002,500,0,-1991,-2563,1108,-738,-446,-217,106,412,454,0
2833092,1003,1003,650,950,-3073,-3148,2500,-663,-566,95,131,420,404,0
2836427,1005,1005,518,800,-5166,-3367,2898,-579,754,-267,213,411,412,0
2839782,1006,1006,987,218,-4058,-2547,3682,-486,901,235,164,386,427,0
2843112,1007,1007,1606,612,736,-598,4659,-358,439,-523,562,374,427,0
2846430,1008,1009,2000,406,3569,92,6035,-208,831,-121,540,353,422,0
2849786,1009,1010,2018,275,5780,1217,7473,-30,-61,239,598,352,429,0
2853098,1011,1012,1775,143,5107,3825,7594,140,204,184,555,349,420,0
2856433,1012,1013,1718,875,5644,5232,7493,305,-242,302,239,368,397,0
2859791,1013,1014,931,1568,7273,6347,7894,511,-924,102,110,410,360,0
2863102,1014,1015,650,2037,1414,4912,8107,753,-918,-451,239,425,335,0
2866437,1016,1016,0,2187,-6010,2275,8087,1012,-47,-571,-83,451,327,0
2869792,1017,1017,706,2168,-7648,-958,7587,1236,563,-9,240,422,344,0
2873105,1018,1018,575,1231,-4454,-3051,6362,1419,996,410,371,407,372,0
2876439,1020,1020,12,631,-753,-2240,6573,1625,47,231,182,421,404,0
2879792,1021,1021,837,106,1801,-546,6882,1836,1,-183,436,393,432,0
2883108,1022,1022,800,387,313,-555,6252,2039,-487,164,-404,395,417,0
2886442,1024,1023,256,631,-2615,-357,6461,2274,-206,-382,-115,424,404,0
2889792,1025,1025,162,875,-3526,-1139,6627,2550,209,-243,184,413,375,0
2893111,1026,1026,0,743,-3771,-2716,5491,2780,-3,86,334,422,382,0
2896446,1028,1027,406,443,-4229,-1268,5169,3004,-70,169,-32,400,398,0
2899792,1029,1028,968,1475,-4509,-12,4674,3255,323,-189,59,392,381,0
2903114,1030,1030,1062,856,-3909,-133,4314,3517,-308,211,172,387,398,0
2906449,1031,1031,1325,162,-3593,841,3849,3748,615,242,400,373,435,0
2909792,1032,1033,2262,181,-1181,2418,2335,3918,924,-401,996,339,434,0
2913118,1033,1034,2637,293,3094,724,1589,4107,414,-213,926,319,428,0
2916452,1034,1035,2450,462,6032,-1895,1246,4284,-411,198,649,329,419,0
2919793,1035,1037,2525,293,7000,-3184,572,4385,-153,192,237,341,428,0
2923121,1036,1038,2412,12,6801,-3362,355,4453,-157,101,146,347,443,0
2926455,1037,1039,1887,293,6049,-2987,-555,4465,-160,125,80,375,428,0
2929793,1039,1041,1456,0,5790,-2567,-1502,4427,156,-202,159,393,439,0
2933124,1040,1042,1043,0,6716,-2863,-1887,4372,-51,158,-43,415,440,0
2936458,1041,1044,518,12,5902,-2569,-2233,4268,-6,254,199,443,438,0
2939817,1043,1045,462,106,5512,-2500,-2800,4102,17,-94,236,430,417,0
2943127,1044,1046,1212,387,6068,-3174,-2900,3921,14,-42,-204,406,418,0
2946462,1046,1048,312,106,5463,-3128,-3064,3710,-381,193,-228,438,417,0
2949819,1047,1049,293,87,4712,-2209,-3277,3462,-124,-480,125,439,418,0
2953131,1049,1050,1493,1400,3956,-2233,-3295,3171,33,4,58,444,417,0
2956465,1050,1052,1325,800,2523,-2222,-2694,2853,-622,307,-82,437,433,0
2959819,1051,1053,668,912,1181,-1164,-2269,2545,-389,380,121,472,427,0
2963134,1053,1055,331,518,-506,-480,-2691,2226,-6,80,101,474,432,0
2966468,1054,1056,912,1531,-1322,-115,-2949,1888,-586,173,73,459,394,0
2969819,1056,1057,593,1793,-4484,1344,-2648,1551,-377,199,153,460,380,0
2973137,1058,1058,462,1568,-6387,2621,-2217,1229,-199,381,149,467,392,0
2976472,1059,1060,575,1437,-6741,3202,-2207,923,-446,42,522,445,383,0
2979820,1060,1061,125,1962,-9721,2422,-1720,671,-639,-76,265,485,371,0
2983140,1062,1062,0,1681,-11659,1300,-1727,411,495,314,119,461,364,0
2986474,1063,1063,218,1643,-9664,2009,-929,167,464,177,262,442,366,0
2989820,1065,1064,443,1418,-6702,3211,-613,-46,-239,149,89,430,394,0
2993143,1066,1066,593,1587,-7928,3465,-744,-271,-273,-191,-176,422,385,0
2996478,1067,1067,481,1081,-9768,3241,-819,-504,411,115,-286,428,396,0
2999820,1069,1068,237,1193,-6956,3246,154,-671,1392,-215,582,425,390,0
