Time, Rlegs, Llegs, DCL, DCR, GyroX, GyroY, GyroZ, GyroZAvg, AccelX, AccelY, AccelZ, LBEMF, RBEMF, SteerOut
1382,927,932,0,0,-121,-76,243,243,-33,-18,224,78,78,0
4721,927,932,0,0,-124,-77,243,243,-38,-19,227,79,79,0
8054,927,932,0,0,-123,-78,244,243,-33,-22,222,79,79,0
11385,927,932,0,0,-124,-78,241,243,-35,-19,229,78,78,0
14721,927,932,0,0,-124,-80,244,243,-36,-21,227,79,78,0
18054,927,932,0,0,-125,-76,244,243,-36,-19,224,78,78,0
21389,927,932,0,0,-124,-77,243,243,-34,-20,223,79,78,0
24744,927,932,0,0,-124,-78,241,243,-32,-20,226,79,78,0
28078,927,932,0,0,-125,-78,243,243,-39,-19,224,79,78,0
31393,927,932,0,0,-124,-79,243,243,-36,-19,227,78,78,0
34746,927,932,0,0,-123,-78,243,243,-34,-23,228,79,78,0
38082,927,932,0,0,-124,-75,242,243,-36,-20,228,78,78,0
41396,927,932,0,0,-126,-78,243,243,-36,-24,224,78,78,0
44746,927,932,0,0,-122,-79,245,243,-36,-20,224,78,78,0
48082,927,932,0,0,-125,-78,245,243,-33,-22,225,78,78,0
51399,927,932,0,0,-122,-79,244,243,-34,-22,226,78,78,0
54746,927,932,0,0,-123,-79,241,243,-33,-20,225,78,78,0
58088,927,932,0,0,-121,-76,244,243,-34,-19,224,79,78,0
61402,927,932,0,0,-125,-80,244,243,-36,-20,224,78,78,0
68088,927,932,0,0,-125,-78,243,243,-35,-18,227,78,78,0
71405,927,932,0,0,-124,-79,242,243,-33,-21,226,79,78,0
74747,927,932,0,0,-125,-79,244,243,-36,-24,224,78,78,0
78088,927,932,0,0,-124,-77,243,243,-34,-21,221,78,78,0
81408,927,932,0,0,-124,-77,241,243,-37,-17,219,79,78,0
84747,927,932,0,0,-124,-77,243,243,-33,-18,226,79,78,0
88088,927,932,0,0,-122,-77,244,243,-36,-20,227,78,78,0
91411,927,932,0,0,-125,-79,244,243,-34,-24,226,78,79,0
94747,927,932,0,0,-124,-75,244,243,-36,-25,228,78,78,0
98089,927,932,0,0,-125,-77,243,243,-37,-19,227,78,78,0
101675,927,932,0,0,-123,-79,244,243,-37,-20,230,78,78,0
104769,0,0,0,0,-123,-79,243,243,-38,-19,221,79,78,0
111418,0,0,0,0,-126,-77,245,243,-33,-22,226,78,79,0
114772,0,0,0,0,-122,-75,244,243,-32,-21,222,78,78,0
118090,0,0,0,0,-123,-77,241,243,-34,-18,224,78,79,0
121421,0,0,0,0,-127,-79,243,243,-38,-19,223,78,79,0
124773,0,0,0,0,-123,-77,242,243,-34,-21,230,79,78,0
128090,0,0,0,0,-124,-80,243,243,-37,-19,224,78,78,0
131424,0,0,0,0,-123,-77,243,243,-34,-22,229,79,79,0
134773,0,0,0,0,-126,-78,242,243,-34,-23,228,79,78,0
138093,0,0,0,0,-125,-78,242,243,-34,-21,226,78,78,0
141428,0,0,0,0,-125,-77,244,243,-37,-20,222,79,78,0
144773,0,0,0,0,-125,-80,241,243,-35,-18,222,79,78,0
151430,0,0,0,0,-122,-79,241,243,-36,-22,221,79,78,0
154773,0,0,0,0,-124,-78,245,243,-35,-20,225,79,78,0
158116,0,0,0,0,-125,-77,244,243,-34,-22,226,78,78,0
161433,0,0,0,0,-122,-80,245,243,-34,-22,224,78,79,0
164774,0,0,0,0,-126,-77,244,243,-36,-20,223,79,79,0
168116,0,0,0,0,-125,-81,243,243,-33,-22,227,78,78,0
171437,0,0,0,0,-124,-80,245,243,-35,-22,224,78,78,0
174774,0,0,0,0,-123,-76,243,243,-36,-23,225,78,79,0
178117,0,0,0,0,-124,-78,242,243,-37,-20,225,78,78,0
181440,0,0,0,0,-125,-80,243,243,-34,-20,229,78,78,0
184795,0,0,0,0,-126,-81,244,243,-35,-20,224,79,78,0
188117,0,0,0,0,-126,-77,245,243,-33,-24,221,78,78,0
191443,0,0,0,0,-125,-78,245,243,-33,-22,226,78,78,0
194798,0,0,0,0,-124,-75,242,243,-37,-20,230,78,78,0
198117,0,0,0,0,-125,-77,245,243,-35,-19,225,79,78,0
201446,0,0,0,0,-124,-77,245,243,-35,-20,228,79,78,0
204802,0,0,293,0,-124,-81,243,243,-44,-130,248,181,204,0
208120,1,0,0,500,-197,-210,257,243,-97,-41,232,198,186,0
211449,1,1,406,425,-385,-49,282,244,1,-48,220,191,190,0
214802,2,1,293,368,-373,-53,264,245,9,11,216,197,209,0
218120,2,2,518,200,-176,-253,186,243,66,-50,233,201,218,0
221454,3,3,537,106,484,-567,121,239,75,-56,262,200,223,0
224802,3,3,1025,575,1037,-853,101,235,43,-59,288,206,230,0
228144,4,4,556,237,1436,-1139,86,230,-131,53,304,215,232,0
231456,4,5,875,481,1102,-1803,-115,219,-214,65,327,214,235,0
234803,5,5,1062,537,181,-1942,-427,198,-83,41,309,220,248,0
238176,5,6,1212,312,-175,-1849,-579,172,-34,34,346,211,243,0
241459,6,7,481,293,381,-2196,-927,136,-225,93,305,234,228,0
244802,7,7,668,762,-40,-2693,-1442,83,-222,52,278,224,219,0
248148,7,8,987,931,-651,-2776,-2254,5,-119,24,235,223,210,0
251462,8,8,650,1118,-864,-2889,-2731,-87,-202,104,257,241,216,0
254804,9,9,837,1193,-1391,-3005,-2974,-187,-247,61,194,231,212,0
258150,9,9,893,1493,-2377,-3009,-3077,-291,-114,139,72,244,212,0
261465,10,10,631,1456,-3468,-2526,-2801,-386,-276,149,54,258,214,0
264803,11,11,31,1418,-4714,-1733,-2548,-473,-283,32,-12,290,216,0
268149,11,11,725,1643,-5833,-1333,-2417,-557,21,33,250,269,220,0
271469,12,12,406,1643,-5707,-1521,-2011,-627,36,276,142,286,220,0
274826,13,12,875,2018,-5141,-1999,-1205,-672,273,2,333,278,233,0
278150,14,13,556,1756,-3577,-2236,-70,-682,207,117,330,295,247,0
281472,15,14,612,1850,-2404,-2272,1533,-642,-178,338,62,292,242,0
284827,16,14,556,1906,-2938,-1939,2574,-569,-539,276,95,295,255,0
288149,17,15,237,1868,-4275,-1913,3327,-473,-233,405,30,312,257,0
291475,18,16,425,1962,-5951,-916,3804,-361,-334,140,104,318,252,0
294827,19,17,87,1662,-6498,-880,3984,-244,559,420,57,320,268,0
298150,20,18,181,1568,-5120,-744,4523,-111,495,537,506,315,273,0
301479,21,18,875,1793,-615,606,5607,56,-367,433,581,294,277,0
304827,21,19,781,1437,-358,1160,6886,263,147,194,46,299,296,0
308150,22,20,743,1268,-1064,2067,5883,440,361,220,263,301,305,0
311482,23,21,706,1100,1831,3124,6553,637,257,-4,343,301,312,0
314827,24,22,1081,1006,3671,2796,5216,792,-305,-146,226,281,317,0
318151,25,23,1643,1212,2576,905,5000,939,209,-174,169,251,306,0
321485,25,24,1887,1268,2847,-1469,3377,1036,468,-315,438,254,303,0
324827,26,25,2206,950,5562,-1985,2785,1118,40,-325,408,237,320,0
328154,27,26,1681,650,4300,-3039,1147,1150,-95,-84,414,265,336,0
331488,28,27,1662,818,1212,-3374,-392,1134,178,156,458,266,327,0
334828,29,28,1512,987,1490,-2119,-1651,1080,-356,303,190,274,318,0
338157,29,29,1793,781,1373,-1502,-3475,975,365,-117,537,275,329,0
341491,30,30,1643,481,2995,-1459,-3926,866,678,304,158,283,345,0
344828,31,31,1587,368,5391,-819,-4770,735,-4,173,234,288,353,0
348160,32,32,1362,312,3278,-155,-5713,585,241,197,198,300,356,0
351495,33,34,1100,256,906,-357,-5739,451,-396,308,145,314,343,0
354852,34,35,537,593,-933,-49,-6253,326,452,9,150,344,325,0
358163,35,36,443,706,-1310,-299,-5871,228,360,-179,69,349,319,0
361498,36,37,425,1062,-802,-62,-5057,163,-34,396,219,350,316,0
364856,37,38,537,237,-594,231,-5498,87,451,-161,28,344,344,0
368166,38,39,556,125,-37,-564,-4963,20,-267,160,-193,343,350,0
371501,39,40,500,162,-1819,-978,-5113,-60,-80,-77,-125,346,348,0
374856,41,41,50,125,-2469,-685,-5072,-143,179,-121,-147,354,350,0
378169,42,42,143,218,-1350,-306,-4871,-232,-5,-84,13,349,345,0
381504,43,43,0,162,-1426,455,-4443,-333,-102,49,-34,357,331,0
384862,44,44,87,500,-1486,824,-4258,-464,312,21,164,335,313,0
388173,45,45,181,237,-444,458,-4248,-645,-460,-26,-50,330,327,0
391507,46,46,481,443,-1295,-104,-3982,-850,-150,171,206,314,316,0
394862,47,47,443,612,-2970,620,-3874,-1075,-27,245,199,316,307,0
398176,48,48,481,462,-3456,2240,-4133,-1323,143,127,83,314,315,0
401510,49,49,368,462,-2251,3556,-4488,-1587,143,358,305,320,315,0
404862,50,50,443,575,-2165,4432,-4586,-1872,-139,338,468,316,309,0
408179,51,51,406,893,-3693,4871,-5312,-2213,14,-49,837,318,292,0
411513,52,52,631,1006,-4354,3861,-4262,-2562,234,-84,652,290,270,0
414891,53,53,1231,1868,-2501,2117,-3313,-2849,224,-95,874,291,257,0
418182,53,54,1156,968,-2943,671,-2721,-3139,188,-91,597,295,289,0
421517,54,54,612,1137,-2414,-379,-1230,-3340,628,90,437,324,296,0
424863,55,55,650,1306,-1501,-690,-1045,-3529,-672,-131,167,338,303,0
428185,57,56,12,950,-2978,-1201,-138,-3639,-198,-7,94,340,306,0
431521,58,57,293,781,-4305,-1277,474,-3711,288,98,182,341,315,0
434863,59,58,50,800,-3126,-1371,830,-3721,116,83,76,354,330,0
438189,60,59,162,593,-2733,-1881,433,-3695,228,50,-17,348,341,0
441524,61,61,0,181,-744,-2099,159,-3639,-312,-540,-161,342,347,0
444863,62,62,462,106,-1046,-2333,164,-3525,-119,-86,187,332,351,0
448192,63,63,406,162,-1544,-2285,169,-3397,503,84,261,335,348,0
451526,64,64,500,106,1590,-674,527,-3232,449,152,329,328,349,0
454863,65,65,368,200,3966,780,1108,-3018,-18,36,22,335,344,0
458195,66,66,687,181,4775,1944,1198,-2802,442,4,150,318,345,0
461529,67,67,1025,237,7012,2240,1015,-2575,325,34,244,300,342,0
464888,68,68,893,218,8448,2128,591,-2373,268,-138,232,307,343,0
468199,69,69,987,387,9316,1683,-252,-2222,-1,-45,148,302,334,0
471534,70,70,1250,631,9399,1024,-1599,-2101,242,-280,199,288,321,0
474889,71,72,987,350,10624,-394,-2097,-2011,-251,251,173,302,320,0
478201,71,72,1100,1062,8649,-946,-2935,-1943,-585,-141,235,312,298,0
481536,72,73,1156,1643,5273,-1800,-3488,-1893,-234,-159,105,309,267,0
484889,73,74,1100,2037,2340,-2068,-3775,-1859,-392,-45,372,314,248,0
488205,74,75,1006,1775,-318,-2034,-3595,-1833,-449,39,221,319,262,0
491540,75,75,781,1943,-3299,-2738,-3620,-1813,-353,95,-15,331,269,0
494890,76,76,556,1475,-4591,-2986,-4154,-1810,-213,162,-81,343,294,0
498208,77,77,443,1100,-5458,-2932,-3698,-1801,-193,214,62,349,314,0
501543,79,78,331,1568,-8121,-2118,-3951,-1803,122,95,52,355,289,0
504890,80,79,0,1793,-8014,-1489,-3854,-1795,-235,-75,64,365,277,0
508211,81,80,0,1250,-8556,-407,-4314,-1789,-293,99,-79,358,306,0
511547,82,81,125,781,-10074,-30,-3635,-1760,894,-520,517,350,331,0
514890,83,82,312,218,-6230,414,-2412,-1669,600,66,607,340,361,0
518214,84,83,575,162,-2790,2794,-958,-1566,682,-166,846,326,364,0
521549,85,84,387,143,2461,3362,1817,-1405,65,-620,509,319,348,0
524890,86,85,1212,800,3651,3679,2465,-1243,495,-103,286,275,313,0
528217,87,86,1193,1175,5254,3780,2752,-1119,492,-103,143,276,293,0
531552,88,87,818,1137,7246,5198,3136,-988,-190,220,36,296,295,0
534891,89,88,162,931,6885,6628,3393,-878,-754,-126,4,331,306,0
538221,90,89,106,1043,3090,6432,2604,-811,-541,-241,456,318,284,0
541555,91,90,143,1212,-1342,4931,2081,-772,-305,-454,374,316,275,0
544891,92,91,725,837,-2512,4114,2660,-703,197,-128,545,285,295,0
548224,92,92,950,650,-1295,3742,2585,-627,-307,-310,403,289,305,0
551558,93,93,537,556,-4203,2564,2404,-557,-471,-176,162,311,310,0
554915,94,94,350,668,-7862,2091,2099,-496,-422,-84,-56,321,304,0
558227,95,95,481,743,-10895,1067,1678,-460,127,-123,-2,331,317,0
561561,96,96,387,762,-11804,-51,1122,-460,-311,53,-158,336,316,0
564920,97,97,593,743,-12479,-913,781,-473,202,-346,-74,325,317,0
568230,98,98,818,462,-12636,-1481,1009,-473,19,-40,29,313,332,0
571566,99,99,781,331,-12944,-1897,1571,-443,213,-129,-54,315,339,0
574924,100,100,500,350,-11192,-2028,1757,-380,658,-50,395,330,338,0
578234,101,101,293,106,-8032,-2357,2049,-266,183,-273,225,341,351,0
581568,103,102,181,106,-5301,-2759,2116,-134,88,12,98,347,351,0
584925,104,103,0,312,-4270,-3019,2429,32,291,-363,196,344,340,0
588237,105,104,0,218,-3423,-3908,2853,231,316,-365,85,348,345,0
591572,106,105,0,125,-653,-5278,3917,471,686,-21,459,344,350,0
594928,107,106,312,87,2620,-5140,4285,717,437,24,360,322,350,0
598240,108,108,312,0,4815,-4284,5217,993,417,-227,337,322,353,0
601574,109,109,650,0,6224,-4025,5997,1311,482,-130,-6,304,352,0
604928,110,110,762,0,7412,-4028,6848,1640,187,-94,258,298,344,0
608244,111,111,668,12,8140,-3876,6641,1971,-364,-174,-24,303,338,0
611577,111,112,1362,181,5354,-4901,5231,2255,499,-113,90,282,329,0
614928,112,113,1287,293,5763,-5642,4306,2524,257,112,22,286,323,0
618247,113,114,1212,462,7479,-5427,3317,2742,91,76,-12,290,314,0
621581,114,115,1437,312,8069,-5403,3107,2914,457,120,269,278,322,0
624960,115,116,1475,593,9729,-5353,3461,3052,174,329,97,294,325,0
628249,116,117,781,237,10792,-3367,3476,3104,403,98,183,315,328,0
631584,117,118,631,143,12063,-2389,3582,3139,104,107,87,323,333,0
634929,118,119,1006,875,12358,-2799,3848,3173,-747,102,65,319,310,0
638253,119,120,781,1025,8825,-3106,2755,3161,-565,-169,235,315,286,0
641587,120,121,293,1118,1651,-2429,1380,3098,418,-428,352,341,281,0
644929,121,122,387,1043,1711,-3664,2499,3095,-600,104,-83,352,301,0
648256,122,123,368,1100,-1297,-3356,2496,3108,-24,106,191,353,298,0
651590,123,124,87,781,-2959,-2771,2517,3104,-117,246,356,352,299,0
654929,124,124,387,1212,-2712,-2243,2584,3104,-486,319,28,352,308,0
658259,125,126,406,912,-2888,-1831,2609,3110,-371,209,209,351,308,0
661594,127,127,50,706,-5149,-1864,2565,3125,-279,254,237,353,318,0
668262,129,128,0,650,-3927,-2865,3140,3230,124,19,156,333,305,0
671597,130,129,125,575,-2251,-2762,3628,3319,329,-15,185,317,309,0
674954,131,130,781,387,-281,-2159,3300,3390,5,136,301,282,319,0
678265,131,132,1193,0,1166,-1301,2633,3424,-158,248,413,276,332,0
681600,132,132,1268,387,2190,406,1795,3425,173,345,391,272,319,0
684955,133,134,1118,0,4687,2080,865,3388,-23,149,406,280,324,0
688269,134,134,631,481,5914,4168,-68,3320,-294,111,420,306,314,0
691603,135,135,425,537,4589,5556,-394,3231,-80,244,159,317,311,0
694955,136,136,425,668,3201,6192,-1103,3108,53,151,182,317,304,0
698272,137,137,856,950,3972,7244,-1687,2933,-312,-278,175,311,306,0
701606,138,138,781,1531,391,6409,-974,2768,-557,-423,255,315,275,0
704955,139,139,575,1793,-3441,4052,-46,2604,-566,-347,-10,326,261,0
708275,140,140,68,1662,-6969,-358,457,2431,-56,16,237,353,268,0
711609,141,140,293,1925,-8735,-2772,368,2228,29,-116,166,341,270,0
714955,142,141,481,1568,-7889,-4828,846,2047,420,197,406,331,289,0
718279,143,142,537,1306,-5315,-4326,1585,1933,344,252,96,328,303,0
721614,144,143,368,1156,-3412,-2758,2333,1871,-406,402,144,337,311,0
724955,145,144,237,968,-4557,-759,1899,1827,127,304,70,344,321,0
728281,146,145,200,1250,-5057,839,1495,1777,-162,-259,131,346,306,0
731616,147,146,106,1268,-3388,326,2396,1744,612,-73,158,351,305,0
734955,148,147,87,1156,-113,-971,3210,1735,666,31,585,350,309,0
738285,149,148,406,1062,5635,-869,3898,1745,131,205,289,333,314,0
741619,150,149,443,931,5473,-132,4257,1758,-328,189,-359,331,321,0
744977,151,150,406,800,2777,1160,3532,1782,63,-32,45,333,328,0
748288,152,151,912,837,1752,1522,2903,1830,-31,18,417,306,326,0
751622,153,152,875,950,1971,1397,2840,1840,233,-171,188,308,320,0
754980,154,153,1081,931,2313,1526,2377,1837,-208,138,74,297,321,0
758291,155,154,1400,912,-869,2203,901,1786,375,-592,614,280,322,0
761625,156,155,1550,1137,252,1720,-326,1695,988,-575,621,272,310,0
764980,157,156,1737,1156,2983,171,-998,1583,-1162,-104,566,262,309,0
768295,157,157,2300,1700,-1444,-1510,-2362,1429,-312,-81,545,250,282,0
771629,158,158,2262,1943,-2292,-2018,-2750,1248,-44,61,593,252,269,0
774981,159,159,2168,1531,-1921,-2946,-2638,1067,68,93,445,257,291,0
778297,160,160,2150,1175,-1075,-2799,-3497,845,482,482,350,258,310,0
781632,161,161,2150,950,-200,-1902,-4472,602,-66,358,75,274,338,0
784981,162,162,1231,218,-671,-1057,-4118,391,-270,407,257,307,361,0
788301,162,163,1231,406,-2964,-1103,-3638,221,430,196,113,323,351,0
791635,164,164,1006,893,-2120,-1061,-3372,89,307,242,205,319,325,0
794981,165,165,893,1100,-1967,-786,-3231,-9,-204,86,-30,325,314,0
798305,166,166,856,631,-3124,-416,-3353,-102,174,-116,41,327,339,0
801638,167,167,481,125,-1168,-352,-3355,-172,-313,108,50,346,365,0
804982,168,168,256,0,-1275,-469,-2934,-211,48,108,343,342,368,0
808307,169,170,556,0,-3345,-1188,-1968,-242,128,-348,109,326,365,0
811642,170,171,481,181,-2840,-1402,-1780,-296,398,159,-44,330,330,0
814982,171,172,743,275,-994,-946,-1512,-358,-19,246,-71,316,325,0
818310,172,173,725,218,-2163,916,-920,-398,122,-352,-55,317,328,0
821645,173,174,1081,106,-3691,628,-526,-441,-193,-115,-218,298,334,0
825003,174,175,912,143,-4101,293,208,-484,298,-362,30,307,332,0
828313,175,176,893,106,-1940,250,1567,-508,-126,-139,73,308,334,0
831673,175,177,1906,125,-1737,204,2337,-494,303,-195,214,270,333,0
835007,176,178,1887,125,-389,618,2938,-449,276,-150,178,271,333,0
838317,177,179,2018,575,1576,2324,5162,-363,130,5,116,281,326,0
841676,178,180,1831,443,2305,3371,6206,-269,417,367,167,291,333,0
845006,179,181,1493,556,3488,3600,6386,-191,-79,25,-113,309,327,0
848320,180,182,1662,593,2579,3823,6472,-122,588,102,85,300,325,0
851679,181,183,1512,462,3535,3349,6187,-39,459,207,71,308,332,0
855007,182,184,1137,237,5567,2648,5395,38,105,342,830,328,344,0
858323,183,185,1643,387,5183,2706,4434,88,-40,215,695,301,336,0
861681,184,186,1418,350,4844,2648,4104,142,89,-90,508,313,338,0
865008,185,187,1456,462,4458,534,3751,231,-334,57,326,311,332,0
868326,186,188,1100,650,2911,-1775,2597,322,-96,117,42,330,322,0
871685,187,189,1006,350,2680,-2471,1981,415,79,178,-81,335,338,0
875008,188,191,556,0,2659,-2258,2048,553,259,-207,8,357,345,0
878330,189,192,350,0,2834,-2479,1837,696,1,113,15,368,344,0
881689,190,193,406,31,1915,-2566,1628,830,390,124,197,365,337,0
885008,191,194,650,12,4587,-2031,1430,984,-558,-82,150,352,338,0
888333,193,195,575,256,2230,-1687,1603,1173,-554,-299,-152,356,325,0
891690,194,196,331,387,455,-2443,1207,1340,-16,-91,357,353,318,0
895008,195,197,406,556,1168,-1303,567,1471,-464,-85,286,349,309,0
898336,196,198,612,725,-1418,270,-977,1546,-431,-146,850,338,300,0
901694,197,199,1418,931,-1374,693,-2195,1578,-126,-374,903,295,289,0
905009,198,200,1681,1193,-759,-4,-3671,1568,-483,-224,1262,281,275,0
908340,199,200,2787,2187,-902,-1352,-5889,1489,183,-344,818,288,288,0
911695,199,201,2712,1512,-109,-3012,-6906,1365,-117,-261,825,292,324,0
915030,200,202,1831,1325,1269,-4266,-6468,1225,-80,210,428,339,334,0
918342,202,203,1250,1343,-13,-3781,-5537,1107,-190,244,201,370,333,0
921699,203,204,593,1681,-3137,-2910,-5786,974,-189,331,-235,389,315,0
925033,204,205,743,1343,-6553,-1846,-5860,819,-46,341,225,381,333,0
928346,205,206,1287,1156,-7262,-963,-6256,640,446,306,134,352,343,0
931699,206,208,1175,500,-5818,-163,-5797,452,115,370,60,358,362,0
935033,208,209,462,350,-4165,1230,-6247,208,130,-48,5,380,370,0
938349,209,210,725,50,-4366,1421,-5721,-43,-646,49,-148,366,386,0
941699,210,211,556,12,-7910,872,-5668,-311,-349,89,182,375,388,0
945033,211,213,68,0,-10543,306,-5153,-634,428,-257,-123,384,368,0
948352,212,214,462,0,-10008,33,-4514,-969,270,279,-97,363,364,0
951699,214,215,50,31,-8189,641,-4006,-1294,791,217,304,369,354,0
955034,215,216,537,125,-5065,1494,-3623,-1609,363,122,187,343,349,0
958355,216,217,950,312,-2733,2374,-2352,-1876,79,-145,288,321,339,0
961700,217,218,1325,200,-1958,2606,-1571,-2094,343,-94,-1,301,345,0
965034,217,219,1943,293,-1078,2650,-814,-2258,592,-117,311,284,340,0
968359,219,220,1268,0,2980,3080,-136,-2390,347,108,82,304,342,0
971699,219,222,1456,237,4750,2772,361,-2496,15,-93,159,310,327,0
975035,220,223,968,0,5464,2821,379,-2565,-97,90,-127,320,327,0
978362,222,224,575,0,5246,3216,891,-2599,-10,107,-52,341,329,0
981700,223,225,275,331,4964,3650,888,-2636,151,76,-162,358,323,0
985035,224,226,87,162,5815,3237,722,-2670,199,130,354,368,332,0
988365,225,227,106,12,7269,2928,546,-2704,62,-39,-113,367,340,0
991721,226,228,181,0,7650,2983,386,-2737,205,121,96,363,343,0
995055,227,229,387,0,9020,3320,272,-2779,458,-130,4,352,342,0
998368,228,230,350,87,10904,3036,308,-2807,-394,54,-38,354,336,0
1001725,230,231,331,856,10764,2928,529,-2808,-717,-312,127,355,311,0
1005060,231,232,0,875,6462,1110,715,-2755,-959,-395,279,360,294,0
1008371,232,233,0,856,-488,-3064,579,-2668,-18,-226,114,357,295,0
1011725,233,234,387,1156,-2668,-5406,420,-2540,-717,135,-125,352,295,0
1015088,234,235,443,931,-5715,-5513,126,-2352,257,121,55,347,305,0
1018375,235,236,181,256,-6432,-5253,-610,-2156,231,219,10,345,325,0
1021725,236,237,481,406,-3871,-4517,-405,-1966,-23,-67,-82,345,333,0
1025060,237,238,1006,200,-1609,-4574,-292,-1802,-310,-131,17,317,344,0
1028377,238,239,856,0,-1979,-4841,252,-1614,807,417,659,309,344,0
1031726,239,240,1193,218,2254,-2823,87,-1428,50,-157,342,307,343,0
1035060,240,241,1156,275,3978,-1238,617,-1213,-137,171,390,309,340,0
1038381,241,242,912,106,3934,-135,-6,-1032,338,71,856,306,333,0
1041726,242,243,1737,1250,4277,531,-864,-864,184,-215,1069,278,288,0
1045060,243,244,1943,1793,4509,7,-796,-710,-81,320,991,267,259,0
1048384,243,244,2262,2468,3333,327,-1464,-579,-342,7,1040,268,241,0
1051726,244,245,2187,2918,2180,1076,-1960,-479,-255,187,1001,272,217,0
1055061,245,246,1512,2093,1626,742,-2165,-405,-259,142,417,308,261,0
1058388,246,246,650,1981,-1845,1718,-2258,-351,-370,262,149,354,283,0
1061727,247,247,256,1775,-4685,2054,-2054,-302,-89,-104,134,375,294,0
1065060,248,248,443,1850,-5963,1900,-1602,-278,191,-123,41,365,290,0
1068390,250,249,237,1606,-4981,1792,-1139,-265,-229,-94,53,360,303,0
1071747,251,250,406,800,-4545,631,-1884,-298,-193,49,-163,351,346,0
1075083,252,251,331,725,-4747,-369,-1482,-340,102,237,70,355,350,0
1078393,253,252,312,612,-5027,512,-476,-366,-262,3,-151,356,356,0
1081751,254,254,200,106,-6585,433,-924,-407,-225,84,65,362,367,0
1085085,255,255,0,106,-8910,404,-588,-453,74,-44,-98,360,350,0
1088397,256,256,31,31,-8593,345,-772,-505,723,-36,267,354,354,0
1091752,257,257,443,162,-5246,550,315,-518,423,62,385,332,347,0
1095084,258,258,875,425,-1706,808,800,-510,-36,-10,152,309,333,0
1098401,259,259,725,68,-529,1135,913,-494,218,-284,191,301,336,0
1101752,260,260,800,50,452,797,1245,-463,277,-153,133,297,337,0
1105085,261,261,593,256,2182,-38,1786,-417,-176,21,91,308,326,0
1108403,262,262,425,293,2384,-364,2011,-371,241,-64,21,317,324,0
1111752,263,263,181,0,3231,-896,1813,-336,-5,247,-50,330,341,0
1115085,264,264,368,368,3429,-478,1689,-302,177,249,64,320,320,0
1118407,265,266,500,143,4652,364,2005,-252,-102,63,-62,313,332,0
1121752,266,267,537,443,4610,789,2253,-186,132,-105,74,328,317,0
1125085,267,268,331,368,4718,-20,1960,-105,-425,234,69,339,321,0
1128410,268,268,218,1193,3018,505,2176,-25,-650,-8,256,345,293,0
1131752,269,269,331,1643,103,213,2260,54,-672,-52,386,339,269,0
1135086,270,270,350,1568,-3329,-632,2566,126,-544,80,495,338,273,0
1138413,271,271,275,1475,-7153,-2050,2545,203,-208,266,206,342,278,0
1141752,272,272,443,1193,-7635,-1490,2707,269,-78,358,253,333,293,0
1145086,273,273,331,987,-6859,-670,2566,349,32,60,45,339,304,0
1148416,274,274,312,556,-6738,380,1977,438,46,-54,-24,340,327,0
1151774,275,275,237,200,-7032,322,1896,522,899,-746,86,344,346,0
1155086,276,276,425,200,-5011,-1600,2767,654,842,185,756,334,346,0
1158419,277,277,912,162,2760,-147,3266,817,-146,163,639,306,346,0
1161777,278,278,1137,350,3973,1281,3047,980,628,-201,431,294,336,0
1165110,279,279,1306,387,6367,103,3832,1171,1114,-270,276,285,334,0
1168422,280,280,1231,181,13585,-1345,4214,1366,209,3,207,289,345,0
1171778,281,281,1100,68,14244,-1499,4187,1547,5,130,-27,296,351,0
1175114,282,283,687,0,11714,-1090,2070,1648,-307,-263,106,318,351,0
1178425,283,284,425,50,7298,-2415,175,1712,-814,165,271,332,336,0
1181778,284,284,481,1531,2671,-2267,-2663,1675,-45,64,573,329,273,0
1185118,285,285,650,1643,2932,419,-1977,1628,-603,-139,264,320,267,0
1188429,286,286,837,1231,-2049,88,-3774,1539,-569,-128,152,310,289,0
1191778,287,287,668,987,-5990,-1694,-3963,1434,-87,264,34,321,304,0
1195119,288,288,406,1081,-7742,-1150,-3941,1335,-112,143,202,335,299,0
1198432,289,289,331,1137,-7113,-692,-3550,1214,-99,243,-80,339,296,0
1201778,290,290,237,875,-7538,-407,-3776,1071,422,417,281,344,310,0
1205120,291,291,368,668,-6858,-869,-3760,925,234,51,95,337,321,0
1208435,292,292,575,406,-6224,-446,-3804,767,259,174,240,326,335,0
1211778,293,293,800,556,-4759,217,-3603,599,26,-105,432,330,343,0
1215120,294,294,687,275,-2792,415,-2681,452,201,-9,417,320,342,0
1218438,295,295,762,406,-764,178,-2034,332,81,-44,306,316,335,0
1221779,296,296,781,593,901,406,-1308,238,372,-111,430,331,341,0
1225149,297,298,518,0,3574,363,-618,156,-352,-114,113,328,346,0
1228442,298,298,237,0,3717,435,-204,79,553,-178,49,327,342,0
1231779,299,300,556,143,5709,223,592,37,129,187,-87,310,316,0
1235121,300,300,912,350,7241,1673,1166,5,107,-46,-10,291,321,0
1238446,301,302,893,350,8123,1724,1014,-33,-174,7,-17,292,321,0
1241803,302,303,387,0,8308,1265,1185,-76,286,-321,31,319,325,0
1245121,303,304,481,143,9117,-348,1779,-100,-1339,-131,44,314,316,0
1248449,304,304,725,593,3755,-2229,1884,-126,-859,-360,664,317,308,0
1251804,305,305,800,1081,-2725,-3397,1592,-156,-825,-59,595,297,282,0
1255121,305,306,1568,1475,-8012,-3427,534,-201,1486,156,1752,272,261,0
1258451,306,307,1643,1381,-4036,-2939,105,-257,-124,-125,533,268,266,0
1261804,307,308,1756,1906,-4397,-3454,-1284,-384,9,221,748,279,255,0
1265122,308,308,1550,1681,-4975,-3046,-1537,-534,524,-215,672,290,283,0
1268454,309,309,1606,1325,-3243,-3837,-1989,-691,-105,325,397,287,302,0
1271804,310,310,593,1381,-3144,-3296,-1402,-855,-27,85,383,341,299,0
1275147,311,311,462,1212,-2674,-3161,-1236,-1025,-328,730,100,348,308,0
1278457,312,312,425,1212,-3005,-1223,-1984,-1218,83,383,294,350,308,0
1281805,313,313,387,1287,-4115,-542,-1361,-1325,-370,292,-48,352,304,0
1285147,314,314,331,1231,-6911,207,-1500,-1378,59,395,41,355,307,0
1288461,315,315,312,987,-6854,217,-1433,-1339,294,-135,59,356,320,0
1291805,316,316,500,1062,-5684,-121,-717,-1300,142,188,77,346,316,0
1295148,317,317,743,1025,-3857,-421,142,-1177,187,-39,229,333,318,0
1298464,318,318,856,931,-2675,-700,827,-1028,218,95,98,325,321,0
1301805,319,319,687,893,-1249,-522,1808,-848,98,172,96,334,323,0
1305148,321,320,237,931,-145,1038,2586,-656,256,214,152,342,321,0
1308467,322,321,781,856,1109,1582,2985,-445,525,-109,295,329,325,0
1311806,323,322,481,631,4153,1427,3632,-214,-16,258,-83,329,337,0
1315148,324,323,575,537,6920,1838,4236,36,-58,53,-44,324,342,0
1318471,325,324,368,443,7142,2101,4186,280,203,-83,93,335,347,0
1321826,326,326,912,425,6867,2363,2914,455,135,18,230,306,332,0
1325148,326,327,1268,387,8779,2123,1259,557,186,-209,-114,303,334,0
1328474,327,328,1606,275,8668,798,-94,595,-139,-154,83,285,340,0
1331830,328,329,1306,275,8102,-635,-644,595,28,297,214,303,342,0
1335148,329,330,968,237,8260,-1139,-1152,565,-565,96,-5,321,344,0
1338477,330,331,875,631,5632,-2227,-2072,482,-388,15,-219,326,323,0
1341831,331,332,1062,931,2280,-2520,-1904,386,-67,116,-54,316,307,0
1345149,332,333,875,800,-603,-1833,-2533,275,-111,117,0,326,314,0
1348480,333,334,725,387,-1633,-1672,-2624,156,160,187,2,334,336,0
1351830,334,335,462,50,-2260,-1223,-3050,5,-85,175,13,348,354,0
1355173,335,336,237,312,-3608,-868,-3431,-160,-294,-134,181,360,340,0
1358483,337,337,143,650,-5964,-503,-3376,-315,-330,-58,186,365,322,0
1361831,338,338,0,1156,-7378,-284,-3775,-450,310,-169,302,363,295,0
1365173,339,339,0,1081,-7794,161,-3335,-558,47,-178,283,363,299,0
1368486,340,340,0,275,-4763,1284,-2569,-598,959,156,993,357,325,0
1371831,341,341,406,406,-100,2408,-1173,-586,427,-411,1157,318,318,0
1375177,342,342,762,556,3805,3231,-696,-546,703,42,656,299,310,0
1378489,343,343,1175,743,7034,2965,-1105,-537,-394,-73,551,277,300,0
1381831,344,344,1418,762,5815,2370,-887,-526,-717,-102,519,264,299,0
1385177,344,345,1700,837,-840,887,-103,-467,-271,-573,815,265,295,0
1388493,345,346,1793,706,-2060,-1177,-75,-427,130,-82,623,260,302,0
1391832,346,346,1943,1250,-1156,-1469,-110,-383,208,156,628,252,289,0
1395177,347,347,1737,1081,384,-1366,184,-333,-59,59,387,263,298,0
1398497,347,348,1606,687,-45,-1634,565,-293,-222,-17,316,270,303,0
1401882,348,349,1643,1381,-901,-1976,550,-280,-690,102,-94,301,299,0
1405177,349,350,575,931,-5503,-1269,1912,-246,-347,-70,-51,342,307,0
1408499,351,351,106,987,-7634,-994,2368,-229,-186,-10,-80,367,304,0
1411855,352,352,0,1081,-8033,-1535,2184,-241,145,24,185,373,315,0
1415178,353,353,0,500,-7560,-1957,2700,-250,-50,-20,35,365,330,0
1418503,354,354,0,575,-7747,-2100,2530,-285,172,-9,193,357,326,0
1421855,355,355,631,1043,-7004,-2626,2495,-339,40,14,121,339,317,0
1425178,356,356,781,1025,-6698,-2780,2534,-391,216,215,113,331,318,0
1428507,357,357,425,500,-5822,-2619,2862,-392,-157,-87,-47,334,330,0
1431856,358,358,518,331,-6335,-2259,3471,-323,-5,-12,-176,345,355,0
1435179,359,360,443,106,-5891,-2190,2791,-233,-82,12,-185,349,351,0
1438509,361,361,556,387,-6413,-1510,2649,-130,349,157,48,341,350,0
1441856,361,362,762,106,-4672,-1324,1829,-37,495,105,265,330,349,0
1445179,362,363,1081,181,-1827,30,2436,103,139,40,176,313,345,0
1448512,363,364,1381,106,-97,303,2688,247,357,14,191,297,349,0
1451855,364,365,1175,143,2112,1042,2763,412,354,307,130,308,347,0
1455181,365,366,1325,200,4599,2603,2361,568,323,-187,96,300,344,0
1458515,366,367,1268,218,5171,3667,2210,732,177,4,221,303,343,0
1461856,367,368,1362,312,6564,3751,2281,911,612,117,132,298,338,0
1465185,368,369,1268,500,10023,4814,1620,1067,-112,-99,-90,303,328,0
1468519,369,370,1868,481,10272,3840,413,1198,398,-181,-54,271,329,0
1471856,370,371,2243,387,11436,929,-431,1288,397,-38,267,253,336,0
1475187,370,372,2506,500,13944,-1524,-2390,1294,169,-42,-56,255,330,0
1478521,371,373,2412,781,14150,-2905,-2906,1240,-306,136,132,260,315,0
1481857,372,374,2000,1025,11894,-4094,-3431,1154,-1122,107,241,282,302,0
1485191,373,375,2018,1568,4404,-6035,-3949,1066,-638,-86,432,281,273,0
1488525,374,376,1925,1887,-1267,-7808,-3021,999,-431,296,308,286,256,0
1491881,375,377,1943,1437,-4279,-7156,-4052,875,737,-10,395,285,280,0
1495193,376,378,1756,950,-3351,-5999,-3475,769,178,585,482,295,306,0
1498528,377,378,1718,893,-2082,-4736,-3214,672,-228,283,170,313,325,0
1501884,378,380,818,593,-2298,-3272,-3378,561,-158,491,348,345,325,0
1505197,379,381,593,575,-2930,-922,-2681,459,104,40,373,357,326,0
1508531,380,382,0,912,-3254,-103,-3004,348,-89,292,487,377,307,0
1511889,381,382,256,631,-4763,81,-2799,201,135,190,86,358,322,0
1515200,382,383,443,650,-4698,1474,-1432,82,452,460,316,348,321,0
1518534,383,384,575,425,-2276,3240,-1062,-18,370,29,113,341,333,0
1521890,384,386,537,181,-1000,3536,-511,-118,-117,82,-146,343,330,0
1525203,385,387,462,0,-362,3484,-589,-216,-88,54,-109,331,330,0
1528537,386,388,668,0,-232,4294,-1063,-327,-473,-153,52,320,335,0
1531890,387,389,1062,87,-1770,5001,-1439,-451,246,-120,114,299,319,0
1535207,388,390,1287,106,651,5138,-1325,-582,614,54,565,287,318,0
1538541,389,391,1437,0,3392,5729,-491,-706,-213,-16,62,279,327,0
1541890,390,392,1418,200,4045,6390,-47,-795,279,-107,315,280,313,0
1545209,391,393,1643,256,5840,6270,-51,-879,-125,181,128,285,327,0
1548544,392,394,1268,368,7548,6319,-235,-943,-707,-155,167,305,321,0
1551890,393,394,743,1587,5391,4956,-29,-1020,-813,-194,332,333,272,0
1555213,394,395,800,2075,-706,742,103,-1101,-1062,-185,409,330,246,0
1558548,395,396,856,1981,-5364,-2165,79,-1185,-164,213,407,327,251,0
1561891,396,397,743,1625,-7623,-3631,-34,-1260,326,149,568,333,270,0
1565216,397,397,631,1906,-5257,-3939,-316,-1339,100,384,310,339,271,0
1568550,398,398,725,1381,-5439,-3848,-110,-1414,32,282,255,334,299,0
1571892,399,399,368,1081,-4589,-4114,-450,-1478,-47,129,17,353,315,0
1575219,400,400,143,556,-3960,-2749,-326,-1501,-338,290,70,365,343,0
1578553,401,401,50,593,-4749,-1963,-106,-1491,-223,-195,12,370,341,0
1581891,402,402,218,893,-5872,-2298,-243,-1424,343,-81,206,359,323,0
1585222,404,404,0,406,-4285,-2224,532,-1317,351,-135,384,363,333,0
1588557,405,405,0,500,-2907,-2344,1046,-1177,386,-190,65,358,344,0
1591892,406,406,556,0,-1326,-2145,1899,-994,553,-285,372,325,359,0
1595226,407,407,612,87,2565,53,2344,-826,117,189,-77,322,350,0
1598560,408,408,706,0,3318,2200,2263,-629,236,-53,127,317,359,0
1601918,409,409,518,0,4475,3195,2093,-455,90,-199,141,327,359,0
1605229,410,410,256,50,4627,2966,2569,-274,-73,-5,248,341,352,0
1608563,411,412,443,200,4275,2341,2594,-88,-284,111,141,331,344,0
1611949,412,412,2075,1643,3495,2267,2099,61,214,279,211,310,333,0
1615232,413,413,1756,1493,3566,2718,1787,210,-72,288,73,311,325,0
1618567,414,414,1943,1493,3291,2959,1409,342,40,12,485,301,325,0
1621918,415,416,2393,1268,3637,1572,354,398,-165,86,364,293,337,0
1625236,416,417,2581,1437,2165,-69,-240,423,-511,226,353,283,328,0
1631918,417,419,2487,1250,-3889,-2282,-1648,389,70,243,405,304,338,0
1635239,418,420,2187,1156,-4589,-3667,-1854,364,-216,336,182,320,343,0
1638573,419,421,1756,668,-4478,-4115,-2422,333,291,279,-9,327,353,0
1641918,420,422,1550,725,-3039,-3769,-2680,291,350,534,166,354,366,0
1645241,422,423,762,612,29,-2267,-3116,209,672,2,239,380,372,0
1648576,423,424,425,181,285,-2416,-2918,119,-920,-2,-81,381,378,0
1651918,424,426,143,668,-3622,-2178,-3343,16,-194,-149,148,396,336,0
1655245,425,427,0,500,-8032,-1567,-3692,-91,609,-316,220,402,329,0
1658579,427,428,0,1156,-6451,-1310,-3825,-209,1010,9,233,380,310,0
1661919,428,429,612,537,-3092,801,-2586,-293,288,9,113,339,327,0
1665248,429,430,1268,443,-939,4180,-1464,-342,1,-5,316,304,332,0
1668582,430,431,1287,481,-1674,6351,-1043,-373,-39,100,303,303,330,0
1671919,431,432,987,650,-2588,7627,-995,-394,438,180,222,319,321,0
1675251,432,433,1325,331,-1898,7728,-59,-393,733,-570,130,301,338,0
1678585,433,434,1531,331,1757,6588,738,-356,-485,60,-2,306,338,0
1681943,434,435,1362,350,130,5633,902,-317,480,173,425,299,337,0
1685255,434,436,1681,931,1590,5497,713,-292,168,13,134,315,323,0
1688589,435,437,1568,1193,2490,3717,486,-269,-297,-347,353,321,309,0
1691947,437,438,1325,1737,2087,-1445,-134,-290,-718,-150,303,318,280,0
1695258,437,439,1587,1475,-2274,-4763,-151,-327,-238,-2,239,320,294,0
1698592,439,440,1175,1662,-5014,-6322,-384,-399,155,0,151,342,300,0
1701948,440,440,518,1250,-4555,-7124,-177,-477,558,-256,339,361,322,0
1705261,441,442,481,556,-1427,-7363,1,-548,133,-109,241,363,343,0
1708595,442,443,87,200,61,-5994,256,-605,-327,-258,-72,384,362,0
1711952,443,444,293,162,-997,-6377,-282,-695,505,31,513,373,364,0
1715264,444,445,293,293,1831,-4935,315,-766,501,-5,573,373,357,0
1718598,446,446,481,312,4391,-3612,1541,-783,458,-74,696,363,356,0
1721956,447,447,443,200,5965,-924,2408,-764,-22,477,434,347,360,0
1725268,448,449,650,0,7822,2572,2518,-729,453,64,242,336,361,0
1728601,449,450,575,0,9848,4482,2490,-662,-20,192,1,340,360,0
1731956,450,451,537,0,11059,5238,1954,-594,-534,-259,9,342,357,0
1735270,451,452,518,106,7546,4121,2149,-509,-779,-392,-1,343,349,0
1738605,452,453,481,481,2367,2848,1945,-397,-274,-150,296,345,329,0
1741956,453,454,462,1212,751,2035,1267,-299,-306,-217,270,346,290,0
1745273,454,455,537,1287,-1362,2116,466,-209,-641,-14,141,342,286,0
1748608,455,456,1193,1006,-4764,2193,-495,-141,310,-156,276,307,301,0
1751957,456,457,1775,650,-4536,1728,-1668,-95,717,-170,680,276,320,0
1755277,457,458,1793,556,195,-440,-1387,-48,437,51,514,277,327,0
1758611,458,459,1643,800,3210,-2266,-957,26,-122,198,248,285,314,0
1761957,459,460,1025,968,1568,-2288,-614,122,-809,341,-48,318,305,0
1765280,460,461,387,800,-2785,-1519,-934,213,43,3,472,352,314,0
1768614,461,462,293,500,-3424,-2166,-429,280,404,128,143,357,330,0
1771957,462,463,368,743,-2718,-2857,-97,323,-54,285,59,353,317,0
1775283,463,464,443,725,-3568,-1690,-370,344,207,252,329,349,318,0
1778617,464,465,443,312,-2351,-285,-598,356,332,38,126,349,340,0
1781957,465,466,406,125,-1653,-850,-520,342,-396,10,110,351,350,0
1785286,466,467,350,125,-3283,-1008,-725,296,-602,161,-122,354,350,0
1788621,468,468,87,125,-5225,-1189,-310,258,-461,43,-32,368,350,0
1791979,469,469,0,0,-7635,-1583,-209,229,53,151,-15,361,343,0
1795289,470,470,0,275,-5888,-1074,119,218,810,-11,430,351,325,0
1798624,471,471,106,237,-1224,-430,882,250,20,100,456,334,327,0
1801982,472,472,818,462,1595,1557,1919,314,488,-13,503,296,315,0
1805293,473,473,875,406,4004,1838,2407,402,229,-10,240,293,318,0
1808627,474,474,1156,237,6095,1782,3173,506,-138,-79,300,294,327,0
1811983,475,475,650,537,5603,1473,2298,578,-2048,-21,1330,305,311,0
1815297,475,476,968,406,-958,4666,-51,568,899,-324,893,304,318,0
1818630,476,477,875,818,4861,6254,647,597,-749,-313,771,309,296,0
1821983,477,478,1212,1493,2656,4738,-173,582,-1029,-563,465,291,260,0
1825300,478,479,1400,2168,-2470,1381,478,549,-98,-263,335,298,241,0
1828634,479,479,631,1775,-4282,-1592,1157,510,-432,-150,19,323,262,0
1831983,480,480,631,1681,-7277,-3282,1680,484,278,-116,362,339,283,0
1835302,481,481,443,1418,-6014,-4075,1514,453,120,-63,68,349,297,0
1838637,482,482,12,743,-4511,-4920,1757,447,321,294,222,356,317,0
1841983,483,483,406,462,-2532,-4371,1874,438,-259,-75,-87,351,348,0
1845305,485,484,181,406,-3921,-3402,1239,416,-238,237,-195,347,351,0
1848640,486,486,462,481,-5072,-2405,1338,419,31,-109,123,348,347,0
1851983,487,487,68,762,-5482,-3049,1794,460,9,-114,-145,353,316,0
1855309,488,488,218,743,-4902,-4066,1604,526,65,8,306,345,317,0
1858643,489,489,406,856,-3420,-3283,1691,631,16,190,101,335,327,0
1861984,490,490,312,406,-3029,-2301,1449,719,-11,150,38,338,333,0
1865313,491,491,331,350,-2936,-2382,1043,782,477,11,-289,337,336,0
1868646,492,492,743,293,-810,-2789,1109,836,516,391,483,315,339,0
1871984,493,493,725,162,3494,-1070,1739,919,149,219,157,316,346,0
1878650,495,495,987,200,3797,2208,1663,1033,395,-172,214,302,344,0
1882008,496,496,1081,275,7566,2958,1842,1102,313,97,93,297,340,0
1885318,497,497,800,406,9319,3224,1846,1179,-53,342,0,312,333,0
1888653,498,498,856,556,9082,4429,1196,1232,324,26,175,309,325,0
1892008,499,499,1043,462,10848,5118,420,1268,-387,104,-146,299,330,0
1895322,500,500,950,500,10704,4780,-95,1275,75,-347,-95,322,330,0
1898656,501,502,856,462,9681,3711,121,1285,-841,-119,-218,327,332,0
1902009,502,502,818,743,3406,2192,-532,1265,-1059,-89,189,313,317,0
1905325,503,503,1043,1268,-1070,1698,-310,1228,-809,55,277,317,289,0
1908659,503,504,1437,1550,-4672,1404,-388,1156,-396,-11,358,296,274,0
1912009,504,505,1193,1437,-7568,1121,-39,1079,-362,254,119,309,280,0
1915328,505,506,1343,1043,-8085,1946,17,981,197,-126,592,301,301,0
1918663,506,507,1512,818,-3705,3948,969,939,64,-374,447,292,313,0
1922009,507,508,1343,500,-3362,1923,1567,990,219,124,74,301,330,0
1925331,508,509,1212,425,-3052,1196,776,994,333,-462,153,308,334,0
1928665,509,510,1287,406,-594,-320,1261,1038,-106,-236,142,304,335,0
1932010,510,511,950,0,-1550,-1720,2064,1088,28,-97,384,305,340,0
1935334,511,512,1175,275,-2005,-2477,1916,1112,760,207,204,293,325,0
1938669,512,513,875,443,152,-2009,2553,1139,344,377,363,309,316,0
1942010,513,514,781,743,4805,143,2318,1164,-218,202,91,314,300,0
1945337,514,515,950,762,4509,1561,2161,1177,-145,-72,295,305,299,0
1948672,515,516,462,837,3243,1825,1924,1178,-501,211,238,331,295,0
1952010,516,517,762,650,-311,2844,1424,1184,280,-33,266,315,305,0
1955341,517,518,462,293,-256,3635,1152,1178,48,166,252,315,308,0
1958699,518,519,1025,650,832,4862,1202,1160,8,-17,466,301,305,0
1962032,518,520,800,293,1134,5498,1029,1142,89,109,339,313,308,0
1965344,519,521,1025,200,1192,5598,448,1103,116,-158,239,301,313,0
1968702,520,522,1250,762,1989,5273,231,1065,-479,-161,399,306,300,0
1972035,521,522,1175,1193,-904,3211,184,1038,-349,-143,433,310,293,0
1975347,522,523,931,1362,-3499,667,447,1017,-361,-84,300,323,284,0
1978705,523,524,743,1250,-4908,-1052,372,975,76,129,205,333,290,0
1982035,524,525,575,1156,-5953,-1183,826,955,22,188,187,342,295,0
1985350,525,526,481,762,-6918,-1051,1045,935,-262,265,-115,347,316,0
1988708,527,527,368,556,-7604,-62,768,902,97,55,-224,353,343,0
1992035,528,528,50,125,-5511,296,-59,842,40,-18,45,354,350,0
1995354,529,529,0,143,-4618,-231,-106,802,-272,-12,-192,367,349,0
1998712,530,530,293,312,-5299,-420,-112,785,-46,-213,-34,357,356,0
2002064,531,532,312,12,-5710,-1614,-514,772,-63,-119,-53,354,354,0
2005357,532,533,125,331,-5914,-2118,-549,751,290,-24,-30,348,337,0
2008715,533,534,481,256,-4941,-2745,264,776,211,121,155,345,341,0
2012036,534,535,481,143,-2483,-1924,1237,824,353,274,167,345,347,0
2015360,535,536,706,0,-917,-452,1280,876,94,260,106,317,347,0
2018718,536,537,1850,256,-974,1193,1176,914,789,-412,607,272,341,0
2022036,537,538,2356,125,3996,-81,2105,979,708,-284,741,245,348,0
2025363,538,539,1550,0,6506,-1297,2170,1017,182,-4,571,272,344,0
2028718,539,540,1775,406,8118,-1839,1899,1027,752,-6,183,276,333,0
2032037,540,541,1193,856,10359,-1728,1631,1054,8,-225,-28,307,309,0
2035366,541,542,687,706,10724,-2418,900,1043,-367,21,-206,336,319,0
2038723,542,543,593,556,10249,-2186,950,1008,-210,136,-180,341,327,0
2042058,543,544,912,856,7761,-2155,1101,983,-901,62,80,324,311,0
2045369,544,545,1362,818,3277,-2241,616,922,-127,159,284,300,313,0
2048727,545,546,875,931,1065,-2171,358,861,-48,269,177,326,307,0
2052061,546,547,612,856,-940,-1787,362,805,-270,52,217,340,311,0
2055373,547,548,518,650,-2535,-1388,513,760,-245,98,-9,345,322,0
2058727,548,549,368,556,-4595,-1011,516,732,-209,61,219,353,327,0
2062062,549,550,237,350,-5528,-1276,598,715,-340,114,-50,360,338,0
2065377,550,551,181,293,-6850,-1304,303,687,-478,-279,-48,363,341,0
2068728,551,552,143,312,-7405,-1488,767,678,455,-198,21,365,340,0
2072062,552,554,200,31,-5518,-1217,1230,703,-105,112,485,345,322,0
2075380,553,554,518,575,-4743,-371,887,723,34,-76,366,328,309,0
2078728,554,555,931,1137,-4254,815,627,737,397,131,544,306,279,0
2082062,555,556,1512,1006,-1320,3902,20,724,643,12,792,275,286,0
2085383,556,557,1062,593,2118,5512,-554,695,151,-180,586,283,292,0
2088728,557,558,1231,406,4978,6420,-967,639,295,275,531,274,302,0
2092062,558,559,1100,500,7731,8782,-1306,565,-112,-77,391,281,297,0
2095385,559,560,1043,500,7464,9192,-1011,510,-1068,-747,444,284,297,0
2098727,559,561,1381,950,1585,6520,-1582,462,-1053,-914,502,282,273,0
2102063,560,561,893,1156,-4612,834,-297,456,213,-331,739,308,278,0
2105389,561,562,743,1081,-4158,-2347,-964,430,177,-129,482,316,282,0
2108728,562,563,1193,818,-1519,-3572,-1562,397,171,-48,362,309,313,0
2112063,563,564,800,950,-407,-3619,-956,384,-378,115,-191,330,306,0
2115392,564,565,462,893,-2067,-2564,-1595,326,31,54,-40,348,309,0
2118749,565,566,387,762,-3062,-2811,-1251,248,-93,139,164,352,316,0
2122084,567,567,0,575,-3536,-1770,-1217,170,-353,-58,-311,362,326,0
2125395,568,568,0,350,-5042,-2055,-1357,91,357,-34,-53,358,338,0
2128753,569,569,68,106,-4020,-1900,-1419,-18,-247,-217,-60,353,351,0
2132088,570,570,50,106,-3559,-3042,-1496,-133,-44,-181,-132,354,351,0
2135398,571,572,200,162,-3837,-4043,-1790,-248,22,69,37,346,348,0
2138754,572,573,162,0,-3921,-3845,-1822,-356,329,59,66,348,346,0
2142088,573,574,143,12,-2737,-3615,-1825,-441,-53,19,3,349,340,0
2145401,574,575,143,31,-3323,-3532,-1717,-524,183,30,-18,347,337,0
2148754,575,576,237,106,-2636,-3529,-1953,-620,95,86,-72,342,333,0
2152088,576,577,387,0,-1968,-2534,-1894,-698,-34,5,-19,334,339,0
2155405,577,578,256,0,-2413,-2643,-2217,-779,-215,-78,62,341,341,0
2158754,578,579,331,31,-3589,-2618,-2510,-868,334,152,171,337,337,0
2162088,579,580,725,181,-1639,-2633,-2306,-956,644,200,392,316,329,0
2165409,580,581,1175,218,1599,-1353,-1902,-1032,39,437,289,292,327,0
2168754,581,582,1718,331,3020,245,-2032,-1114,512,-13,425,263,321,0
2172088,582,583,1681,50,6462,268,-1633,-1175,560,183,448,265,336,0
2175412,583,584,1943,237,9766,-117,-1401,-1242,332,334,294,251,326,0
2178755,584,585,1700,200,11322,159,-1790,-1337,239,49,288,266,330,0
2182089,584,586,1756,518,12207,83,-1710,-1418,337,448,60,279,313,0
2185414,585,587,1343,312,12028,833,-2610,-1519,-245,59,94,301,324,0
2188755,586,588,1287,556,10401,1581,-1802,-1576,-706,92,290,304,311,0
2188755,586,588,1287,556,10401,1581,-1802,-1576,-706,92,290,304,311,0
2192089,587,589,1193,912,4725,1272,-1366,-1601,-138,8,260,309,292,0
2195418,588,590,1156,1006,2287,1462,-982,-1602,384,112,74,311,287,0
2198776,589,591,1475,1175,2012,2564,469,-1546,-166,567,-233,310,294,0
2202111,590,592,912,425,139,3017,-137,-1519,-176,-57,53,324,318,0
2205421,591,593,743,125,-3609,2728,204,-1463,-48,-121,67,333,334,0
2208779,592,594,968,331,-5149,2073,591,-1436,-278,-24,-20,337,339,0
2212141,593,595,387,0,-7194,1042,1372,-1363,-119,-59,-102,351,341,0
2215424,594,596,106,0,-9028,276,976,-1283,290,-271,174,350,340,0
2218780,596,597,0,31,-8587,-155,1795,-1197,217,-346,387,348,322,0
2218780,596,597,0,31,-8587,-155,1795,-1197,217,-346,387,348,322,0
2222113,597,598,0,200,-7384,-740,2028,-1084,774,-235,538,351,313,0
2225427,598,599,200,425,-4336,-869,2034,-981,897,-556,687,329,301,0
2228780,599,600,1231,293,-615,-1678,2519,-865,923,-462,847,274,308,0
2232113,599,601,1887,368,5076,-2515,2732,-737,-69,-412,631,255,304,0
2235431,600,602,1643,556,4420,-3086,2342,-619,367,-11,700,268,294,0
2238780,601,603,1512,481,4719,-1792,1073,-539,158,166,207,275,298,0
2242113,602,604,1343,575,5699,115,1472,-437,-602,-105,201,284,293,0
2245433,603,605,1418,350,2851,917,1155,-344,-662,186,79,280,305,0
2248781,603,605,2093,1343,-1038,2458,947,-257,-399,116,278,277,285,0
2252114,604,606,1400,1043,-3540,4100,1539,-156,-68,334,-95,314,301,0
2255437,605,607,1081,1231,-4226,4371,1571,-46,140,7,190,331,291,0
2258781,606,608,781,1287,-3262,4523,1407,57,-191,358,194,347,288,0
2262114,607,609,837,1193,-2823,4736,2097,191,261,-247,548,344,293,0
2265440,609,610,650,1625,-1310,4672,2721,355,-248,-101,321,338,270,0
2268781,610,611,575,1268,-1544,2546,3590,539,226,-691,504,342,289,0
2272114,611,612,762,893,-1296,-641,4361,735,309,-213,307,332,309,0
2275443,612,612,912,1175,-912,-3055,4950,953,566,-101,175,324,310,0
2278802,613,614,968,837,2953,-4841,4365,1141,301,62,97,321,312,0
2282114,614,614,593,1156,4337,-4993,4113,1313,570,-298,76,341,311,0
2285446,615,616,368,575,5778,-5580,4466,1508,-208,20,-94,351,340,0
2288802,616,617,275,218,4350,-5504,4518,1703,79,57,-48,356,343,0
2292138,617,618,331,275,4357,-5869,4029,1910,391,-84,77,353,340,0
2295449,618,619,368,143,5965,-6530,4197,2098,-13,13,-95,351,347,0
2298805,619,620,575,0,5302,-6743,4969,2296,-77,315,140,340,357,0
2302142,620,621,518,0,4693,-4483,4373,2463,-204,467,195,343,355,0
2305453,621,622,706,50,4337,-1796,3259,2550,-321,124,363,333,352,0
2308806,622,623,950,162,2846,138,1828,2612,66,277,363,320,346,0
2312141,623,624,1418,668,3935,781,1363,2648,678,253,68,295,319,0
2315456,624,625,1343,1062,5773,2012,624,2649,-646,372,280,299,298,0
2318806,625,626,2037,1718,2552,3162,-2254,2536,-204,-277,266,312,313,0
2322148,626,627,1418,1681,1746,1701,-2653,2422,-278,-103,540,345,315,0
2325459,627,628,1231,1812,1389,321,-3061,2271,-300,308,199,355,308,0
2328806,629,629,743,1643,-781,165,-3192,2107,-522,114,-21,365,317,0
2332147,630,630,443,1775,-3264,-6,-2994,1950,-131,43,3,381,310,0
2335463,631,631,181,1250,-5878,-443,-3004,1778,-211,184,-434,395,338,0
2338807,632,632,425,950,-7144,-198,-3026,1598,-148,304,-58,382,354,0
2342149,633,633,0,537,-6954,75,-3311,1421,120,-155,91,410,376,0
2345465,635,635,0,687,-6861,1137,-3153,1289,-126,-183,-115,398,368,0
2348808,636,636,181,0,-6372,1033,-2482,1166,-330,-223,132,379,404,0
2352148,637,637,350,0,-8602,-249,-2444,1053,-763,-4,-419,370,393,0
2355469,638,638,0,0,-12646,-677,-2386,949,330,41,-21,382,387,0
2358807,640,640,0,0,-12654,-152,-1722,847,222,11,108,365,371,0
2362149,641,641,0,0,-11249,395,-1184,761,145,168,-183,363,358,0
2365472,642,642,0,87,-9860,828,-1318,676,160,145,7,363,351,0
2368828,643,643,181,87,-9064,1436,-1477,564,58,-269,36,346,351,0
2372149,644,644,125,181,-7928,1176,-1230,441,670,-140,524,349,346,0
2375475,645,645,781,312,-4549,186,-778,304,279,-45,507,314,339,0
2378832,646,646,1831,368,-2434,-55,-679,147,530,-6,386,258,336,0
2382149,647,648,1756,0,1159,223,577,10,390,-3,319,262,341,0
2385478,647,648,1793,106,4290,1015,1331,-84,411,-101,266,260,334,0
2388860,648,650,1812,668,5730,1758,1966,-151,271,-13,259,292,321,0
2392150,649,650,931,668,6566,1919,2091,-225,-32,-314,-193,323,321,0
2395482,650,652,518,218,6806,1353,2286,-295,-248,238,-4,345,329,0
2398833,651,653,725,668,8165,1017,2128,-354,1028,-166,485,350,321,0
2402174,653,654,0,312,8228,224,2031,-422,-67,278,66,365,324,0
2405485,654,655,0,781,7929,896,1817,-521,131,-71,-16,366,315,0
2408833,655,656,331,1025,8221,340,2338,-584,-606,168,76,355,302,0
2412176,656,656,368,1643,5161,1147,2943,-594,-435,-154,837,353,285,0
2415488,657,657,462,1587,-1541,-477,2222,-582,-198,-2,212,332,272,0
2418833,658,658,612,1737,-7103,-2057,1470,-578,458,-306,201,340,280,0
2422175,659,659,837,1137,-6484,-3524,1341,-556,283,64,134,328,312,0
2425491,660,660,1006,462,-4092,-2731,857,-459,-123,-76,219,317,346,0
2428834,661,661,818,256,-1937,-3300,1226,-338,665,-173,852,327,357,0
2432176,662,662,1193,368,2462,-2383,2114,-176,1208,-35,930,307,351,0
2435495,663,664,1287,275,6511,-824,1722,-22,-196,-274,302,302,356,0
2438833,664,665,1325,12,6277,-1614,1540,118,495,-39,487,300,354,0
2442176,665,666,1250,218,7558,-2228,1990,275,-73,209,296,304,343,0
2445497,666,667,1175,518,8767,-1370,1627,420,-173,155,202,308,327,0
2448855,667,668,1362,1025,8328,-1075,817,549,-525,298,174,298,300,0
2452177,667,669,1625,1212,6071,-1140,-35,646,-159,-251,286,300,290,0
2455502,669,670,1212,1643,4088,-1329,-408,711,-488,101,255,322,283,0
2458858,670,670,462,1681,719,-1043,-1542,739,-146,-12,97,348,283,0
2462176,671,671,312,1493,-2001,-1244,-1407,770,-654,83,-67,356,293,0
2465504,672,672,687,1625,-5450,-1291,-1733,770,-52,-39,58,336,286,0
2468858,673,673,1118,1493,-7246,-1997,-1945,746,-98,127,-164,313,293,0
2472177,674,674,875,1475,-8506,-2348,-1921,727,-18,-6,30,326,294,0
2475507,675,675,706,1231,-9195,-2699,-1920,713,173,11,44,335,307,0
2478858,676,676,443,1006,-8173,-3199,-1601,702,92,-140,-91,349,319,0
2482177,677,677,350,912,-7333,-3508,-1260,686,-353,-17,-311,354,324,0
2485510,678,678,575,912,-7190,-3307,-950,678,351,203,321,342,324,0
2488859,679,679,706,818,-4237,-2776,-408,647,615,398,407,335,329,0
2492201,680,680,500,762,-1805,-1685,-79,603,99,336,317,346,332,0
2495514,681,681,462,350,-789,-986,744,565,305,39,270,331,337,0
2498859,682,682,481,556,1385,-432,1048,532,623,138,243,330,326,0
2502205,683,683,781,481,4015,-447,1039,493,64,-191,101,314,330,0
2505517,684,684,800,481,5160,-668,1231,465,-229,118,246,313,330,0
2508860,685,685,987,518,3967,467,747,425,-33,159,250,303,328,0
2512205,686,686,631,200,3564,2557,295,378,252,244,258,306,329,0
2515520,687,687,593,368,4969,4271,-530,288,49,99,159,308,320,0
2518860,688,688,875,462,6384,4420,-225,189,-309,31,232,293,315,0
2522206,689,689,781,425,5479,3759,-616,100,-148,387,88,298,317,0
2525524,690,690,1025,650,4350,4136,-1002,23,194,225,217,301,305,0
2528882,690,691,1118,575,5746,5562,-578,-36,-430,201,84,296,309,0
2532205,691,692,1043,1081,5237,5856,-805,-88,-238,51,184,317,299,0
2535526,693,693,650,1212,3129,5901,-914,-155,-535,190,-117,338,292,0
2538883,694,694,162,1325,-1019,6861,-548,-238,-858,-104,192,348,286,0
2542206,695,695,87,1456,-6379,5851,-1156,-328,-422,-294,155,352,279,0
2545529,696,696,143,1156,-10520,3815,-1975,-438,592,272,320,349,295,0
2548884,697,697,537,518,-6614,4615,-1231,-538,1149,-128,304,328,329,0
2552206,698,698,987,387,-755,5164,8,-589,288,-186,255,304,336,0
2555533,699,699,1081,425,21,3955,-4,-615,-83,-592,264,299,334,0
2558884,700,700,350,1343,-1022,-771,-677,-635,-675,-440,24,338,285,0
2562206,701,700,350,1550,-4697,-4691,519,-606,-115,-117,-21,338,290,0
2565536,702,701,406,987,-6682,-6359,1091,-523,718,-47,185,335,320,0
2568884,703,702,462,818,-3277,-6986,1669,-427,391,-28,48,330,327,0
2572207,704,704,537,143,-1529,-7665,2252,-303,-64,48,333,326,347,0
2575539,705,705,706,0,-526,-8056,3096,-145,201,-258,22,317,366,0
2578884,706,706,612,0,1409,-8588,3073,10,506,154,487,322,369,0
2582208,707,707,518,0,3116,-7818,3521,180,959,-115,633,327,367,0
2585542,708,708,950,0,6744,-6697,4382,367,441,-13,683,304,370,0
2588884,709,710,1306,0,9358,-4311,5631,582,-141,-13,321,285,363,0
2592211,709,711,2243,0,5674,-2009,6047,801,-201,62,431,251,348,0
2595546,710,712,2506,331,2792,560,5239,977,2,192,553,237,321,0
2598915,711,713,2637,818,1141,3194,5278,1145,11,-204,436,248,313,0
2602215,711,714,931,293,-223,2720,5056,1280,193,4,644,339,325,0
2605550,712,715,3800,687,552,1900,5632,1423,341,39,334,173,320,0
2608897,712,716,3800,537,1530,-101,5864,1574,136,-263,420,173,328,0
2612220,712,716,3800,837,1878,-1354,5573,1709,60,-176,257,162,312,0
2615552,713,717,0,256,2776,-2621,5349,1853,-152,-62,118,846,343,0
2618909,713,718,0,293,1377,-3564,4967,1999,24,-25,59,849,357,0
2622221,714,719,1793,387,720,-4296,4664,2161,116,191,175,357,352,0
2625555,715,720,2431,275,1351,-4313,4362,2305,334,143,13,307,342,0
2628913,716,722,1700,275,3332,-4153,4207,2455,-106,187,115,362,342,0
2632224,718,723,1100,256,3331,-3911,3730,2603,203,-117,20,394,343,0
2635558,719,724,462,0,3829,-4049,3302,2725,110,373,66,395,346,0
2638916,720,725,106,125,5138,-2803,3392,2856,-328,-408,59,414,333,0
2642228,722,726,0,181,4614,-2244,3340,2989,-59,-156,-164,416,314,0
2645561,723,727,0,143,1141,-1699,4140,3135,360,-5,-273,398,316,0
2648918,724,728,0,31,2002,-2284,4723,3319,-79,-66,8,388,322,0
2652231,725,729,0,0,2567,-3271,5126,3541,-213,-286,-84,390,325,0
2655565,727,730,368,0,2452,-3923,5207,3742,-76,57,-35,368,325,0
2658919,728,731,50,50,2667,-3892,5200,3904,-77,-166,79,369,321,0
2662233,729,732,256,218,1299,-3351,5218,4067,-441,340,24,358,312,0
2665569,730,733,425,293,-431,-1389,5042,4246,-174,212,209,349,308,0
2668919,731,734,350,593,-920,531,5023,4387,-558,466,127,353,292,0
2672237,732,735,593,1118,-3088,2400,4154,4483,-321,408,217,357,281,0
2675571,733,736,518,1418,-4734,3944,3218,4531,-89,374,178,361,281,0
2678919,735,736,68,1362,-5124,5894,2967,4553,-155,491,31,369,284,0
2682240,736,737,237,1362,-5005,6506,2408,4532,298,311,389,360,284,0
2685574,737,738,537,1550,-3255,6280,1817,4493,136,411,348,344,274,0
2688919,738,739,837,1531,-152,6258,1369,4425,-30,154,279,328,275,0
2692243,739,740,556,1437,1028,6357,1425,4333,-397,205,-37,343,280,0
2695577,740,740,350,1775,157,6547,1150,4193,-246,208,-37,354,278,0
2698919,741,741,31,1850,-638,6121,1092,4038,-70,225,35,371,274,0
2702246,742,742,143,1850,172,5852,986,3905,-252,294,178,365,274,0
2705581,743,743,200,1925,457,4065,523,3757,-791,-95,261,362,270,0
2708920,745,744,0,1418,-3349,2987,1033,3631,630,-503,815,367,295,0
2712250,745,745,425,1381,-1606,831,1069,3488,1041,-264,736,348,297,0
2715584,747,746,968,1212,2473,-2020,620,3324,21,306,526,319,306,0
2718920,748,747,800,1006,4434,-2382,163,3155,-17,65,545,312,317,0
2722253,748,748,1006,893,4028,-2236,207,2995,-199,47,539,317,323,0
2725588,749,749,1062,1362,3762,-1816,-853,2813,303,50,516,314,314,0
2728945,750,750,893,687,3712,-1727,-1375,2624,-147,154,427,323,334,0
2732256,751,751,912,668,2909,-1428,-2414,2412,304,-208,389,322,335,0
2735590,752,752,875,650,2412,-2337,-3201,2181,306,-133,394,324,336,0
2738946,753,753,931,631,3411,-3492,-3097,1967,-18,-264,290,321,337,0
2742259,754,754,931,725,3185,-4244,-2999,1771,-161,126,151,323,334,0
2745593,755,755,856,875,1003,-3052,-4167,1534,-64,-149,265,327,326,0
2748946,756,756,912,1043,-1746,-2046,-4962,1275,-4,242,129,324,317,0
2752262,757,757,875,856,-3147,-1375,-4836,994,39,52,72,326,327,0
2755597,758,758,706,612,-3909,-621,-4659,701,-163,93,-190,335,340,0
2758947,760,759,162,518,-6639,-520,-4881,388,-331,-75,15,348,345,0
2762265,761,760,12,575,-8008,-529,-5354,58,57,63,-136,356,342,0
2765601,762,762,331,556,-8090,-355,-5234,-267,82,-99,25,355,343,0
2768947,763,763,31,50,-8232,253,-5262,-594,-355,-78,-324,355,354,0
2772269,764,764,68,0,-9810,252,-5063,-910,-317,-259,86,353,358,0
2775603,765,765,312,0,-9368,-926,-4674,-1213,408,-18,276,340,364,0
2778946,766,766,143,0,-6766,-1170,-4159,-1473,91,418,237,332,358,0
2782272,767,767,500,0,-5508,-312,-3298,-1676,163,195,78,313,351,0
2785607,768,768,856,143,-5267,1854,-2308,-1841,908,34,420,294,332,0
2788947,769,769,1043,462,-1312,2434,-2106,-1982,311,87,365,284,315,0
2792276,770,770,1231,350,1910,2861,-1763,-2094,202,-56,169,274,321,0
2795609,770,771,1325,387,3885,2763,-916,-2166,316,-111,175,285,319,0
2798948,771,772,1137,425,6323,2689,-132,-2214,333,-225,122,295,317,0
2802278,772,773,743,106,8744,2031,41,-2249,-116,-191,41,316,334,0
2805613,773,774,743,312,9259,1073,-281,-2292,330,35,15,316,323,0
2808948,774,775,706,256,10345,1287,-340,-2333,-46,232,-76,318,326,0
2812282,775,776,818,818,10573,1989,-148,-2354,124,50,-85,329,313,0
2815616,776,777,443,200,10888,2744,-56,-2388,-58,67,-40,333,330,0
2818974,777,778,687,612,11196,2597,-140,-2426,116,-83,-102,336,324,0
2822285,778,779,593,1118,10045,1609,-526,-2462,-520,56,259,341,297,0
2825619,779,780,293,1681,3851,749,1233,-2428,-1231,-332,398,341,251,0
2828976,781,781,125,2018,-2121,-1999,1464,-2389,-617,-134,300,350,249,0
2832288,782,781,143,2187,-7280,-4291,730,-2340,-665,-10,392,349,256,0
2835623,783,782,818,1868,-10918,-5162,911,-2268,173,303,117,329,273,0
2838980,784,783,781,1437,-9497,-4055,1494,-2146,-121,214,237,315,296,0
2842291,785,784,481,1156,-8926,-2875,1825,-1989,-609,589,-17,331,311,0
2845625,786,785,537,818,-11071,-1564,1415,-1848,6,-357,-81,344,329,0
2848984,787,786,0,950,-12954,-2718,1797,-1698,1177,304,155,355,320,0
2852294,788,787,50,1100,-7599,-3334,1956,-1507,553,249,655,352,312,0
2855629,789,788,162,893,-2776,-1022,2942,-1260,-24,429,441,346,323,0
2858985,790,789,650,800,-1335,711,3259,-1007,714,-99,403,320,328,0
2862297,791,790,950,781,2933,934,3480,-752,954,242,285,304,329,0
2865632,792,791,1212,668,8113,2205,3740,-483,602,28,293,290,335,0
2868984,793,792,875,462,10423,2707,4042,-189,-350,56,101,308,346,0
2872301,794,793,931,631,8323,2334,4060,100,-21,-34,286,305,337,0
2875635,795,794,1062,1025,7786,1953,3753,382,106,192,99,314,316,0
2878985,795,795,1081,1381,7600,2091,3247,641,-818,226,65,313,297,0
2882304,797,796,425,1493,4778,2786,2451,864,-150,264,155,334,293,0
2885639,798,797,518,1456,1716,3384,2199,1063,-644,-250,15,345,295,0
2888985,799,798,12,1493,-2231,2099,2212,1235,-664,-44,-72,356,293,0
2892307,800,799,0,1643,-6977,807,2652,1390,159,-72,55,363,285,0
2895642,801,800,0,1400,-8394,491,3603,1568,-320,212,73,360,298,0
2898985,802,801,293,931,-9256,832,3521,1734,155,114,396,341,323,0
2902310,803,802,875,537,-7891,-627,3077,1858,427,58,415,310,344,0
2905645,804,803,1100,425,-6003,-2040,3637,1976,218,-296,431,298,350,0
2908985,805,804,818,500,-3751,-2259,3823,2094,-218,4,211,313,346,0
2912313,806,805,931,368,-3245,-1901,3937,2226,249,-8,475,307,353,0
2915648,807,806,1025,350,176,-2345,4384,2374,333,122,268,302,354,0
2918986,808,808,537,0,2048,-2669,4518,2520,-41,-5,388,311,364,0
2922317,809,809,650,0,3343,-2640,5165,2683,165,97,227,305,353,0
2925651,809,810,1306,0,5485,-2493,5515,2859,638,-108,339,286,342,0
2929007,810,811,1100,293,8021,-2713,5703,3054,339,-43,-22,297,324,0
2932321,811,812,950,612,10918,-2490,5750,3195,138,227,10,305,307,0
2935655,812,813,593,125,12526,-1319,6093,3340,-484,150,8,308,317,0
2939011,813,814,856,631,11906,-1524,6433,3518,-914,361,78,310,306,0
2942323,814,815,425,237,7047,-128,5899,3674,-123,468,353,317,311,0
2945658,815,816,293,106,4884,3025,4635,3772,-90,62,283,324,318,0
2949010,816,817,181,125,5764,5664,4778,3864,-755,265,436,330,317,0
2952326,817,818,556,406,3731,7050,3211,3921,-173,308,357,310,302,0
2955661,818,819,912,950,-659,8829,1722,3918,144,43,198,308,306,0
2959011,819,820,1043,593,72,9155,1817,3914,-340,-250,289,301,309,0
2962330,820,820,893,1456,-575,8252,1187,3859,-856,-218,308,309,279,0
2965664,821,821,256,1831,-6588,4975,1434,3802,-807,-513,1,343,259,0
2969012,822,822,125,1550,-11850,1907,1875,3752,59,-207,406,350,274,0
2972333,823,823,106,1343,-12723,-629,1359,3677,530,192,-18,351,285,0
2975667,824,824,237,818,-9776,-1102,1342,3593,790,278,510,344,313,0
2979012,825,825,631,650,-4524,184,2254,3537,476,-65,206,323,322,0
2982336,826,826,743,1043,-1840,-110,2478,3497,-570,-99,-78,317,301,0
2985670,827,826,143,1343,-3046,-1623,2692,3479,-486,334,-330,349,301,0
2989040,828,828,181,1006,-6107,-1927,3016,3497,61,-215,-86,361,317,0
2992340,829,828,0,987,-7689,-3256,3633,3542,819,108,38,357,318,0
2995673,830,830,68,1006,-1947,-3177,3377,3578,208,458,224,351,317,0
2999012,831,830,593,1100,305,-2307,4691,3642,42,-1,66,339,328,0
