Time, Rlegs, Llegs, DCL, DCR, GyroX, GyroY, GyroZ, GyroZAvg, AccelX, AccelY, AccelZ, LBEMF, RBEMF, SteerOut
3142,513,558,837,0,-123,-80,245,244,-43,-20,225,54,54,0
6497,513,558,837,0,-127,-80,246,244,-41,-18,220,54,54,0
9811,513,558,837,0,-128,-78,244,244,-38,-19,228,54,54,0
13146,513,558,837,0,-127,-78,243,244,-38,-15,230,54,54,0
16497,513,558,837,0,-126,-80,244,244,-38,-18,225,54,54,0
19815,513,558,837,0,-125,-80,244,244,-39,-20,220,54,54,0
23149,513,558,837,0,-125,-80,245,244,-38,-20,222,54,54,0
26497,513,558,837,0,-127,-79,245,244,-39,-17,226,54,54,0
29818,513,558,837,0,-124,-79,245,244,-34,-22,223,54,54,0
33152,513,558,837,0,-125,-78,243,244,-38,-16,226,54,54,0
36497,513,558,837,0,-128,-78,244,244,-38,-16,224,54,54,0
39821,513,558,837,0,-126,-82,244,244,-41,-21,222,54,54,0
43155,513,558,837,0,-127,-76,244,244,-39,-19,222,54,54,0
46498,513,558,837,0,-125,-80,243,244,-35,-21,221,54,54,0
49824,513,558,837,0,-125,-80,246,244,-37,-19,223,54,54,0
53159,513,558,837,0,-127,-78,245,244,-37,-19,226,54,54,0
56498,513,558,837,0,-124,-78,246,244,-44,-15,226,54,54,0
59827,513,558,837,0,-127,-77,244,244,-38,-19,226,54,55,0
63162,513,558,818,0,-128,-78,242,244,-39,-21,223,55,55,0
66498,513,558,837,0,-127,-78,244,244,-41,-18,225,54,54,0
69830,513,558,837,0,-125,-77,243,244,-37,-20,227,54,55,0
73166,513,558,837,0,-127,-78,243,244,-39,-19,225,54,54,0
76499,513,558,837,0,-126,-79,245,244,-39,-18,219,54,54,0
79834,513,558,837,0,-127,-80,245,244,-39,-18,221,54,54,0
83168,513,558,818,0,-126,-79,243,244,-39,-17,223,55,54,0
86524,513,558,818,0,-127,-77,245,244,-34,-18,225,55,55,0
89837,513,558,837,0,-128,-80,244,244,-39,-18,226,54,54,0
93171,513,558,837,0,-128,-79,244,244,-39,-17,226,54,54,0
96524,513,558,837,0,-126,-79,244,244,-34,-19,221,54,54,0
99840,513,558,837,0,-126,-79,245,244,-38,-15,223,54,54,0
103174,0,0,0,0,-127,-78,245,244,-39,-18,223,54,54,0
106525,0,0,0,0,-125,-78,244,244,-37,-16,228,54,54,0
109843,0,0,0,0,-124,-79,246,244,-37,-20,223,54,54,0
113178,0,0,0,0,-125,-79,244,244,-39,-19,228,54,54,0
116524,0,0,0,0,-125,-78,243,244,-40,-21,224,54,54,0
119846,0,0,0,0,-126,-78,246,244,-37,-19,223,54,54,0
123181,0,0,0,0,-125,-79,243,244,-35,-22,229,54,54,0
126525,0,0,0,0,-126,-79,245,244,-40,-22,225,54,54,0
129850,0,0,0,0,-127,-80,243,244,-38,-17,224,54,54,0
133185,0,0,0,0,-125,-76,246,244,-40,-22,227,54,54,0
136525,0,0,0,0,-126,-80,248,244,-39,-19,222,54,54,0
139853,0,0,0,0,-125,-78,244,244,-40,-17,230,54,54,0
143188,0,0,0,0,-125,-81,245,244,-39,-18,226,54,54,0
146526,0,0,0,0,-126,-80,243,244,-38,-20,226,54,54,0
149856,0,0,0,0,-127,-76,244,244,-40,-16,220,54,54,0
153190,0,0,0,0,-128,-81,245,244,-38,-18,222,54,55,0
156526,0,0,0,0,-128,-82,245,244,-39,-21,226,54,54,0
159859,0,0,0,0,-127,-81,246,244,-41,-21,223,54,55,0
163194,0,0,0,0,-126,-79,244,244,-36,-19,223,54,54,0
166528,0,0,0,0,-125,-78,245,244,-34,-19,228,54,54,0
169863,0,0,0,0,-126,-77,245,244,-39,-21,228,54,54,0
173197,0,0,0,0,-125,-80,245,244,-39,-21,226,54,54,0
176553,0,0,0,0,-125,-80,244,244,-39,-16,229,54,54,0
179866,0,0,0,0,-126,-80,246,244,-40,-22,228,54,54,0
183200,0,0,0,0,-124,-79,244,244,-40,-18,224,54,54,0
186554,0,0,0,0,-128,-78,241,244,-38,-19,221,54,54,0
189869,0,0,0,0,-127,-79,246,244,-37,-21,226,54,54,0
193203,0,0,0,0,-124,-78,244,244,-39,-19,227,54,54,0
196559,0,0,0,0,-127,-77,243,244,-37,-23,226,55,54,0
199872,0,0,0,0,-128,-80,245,244,-36,-17,221,54,54,0
203207,0,0,2150,2150,-127,-79,243,244,-47,-52,233,0,0,0
206562,0,0,0,0,-151,-138,261,245,-81,-20,241,120,116,0
209875,0,0,162,331,-226,-160,256,245,-72,1,230,122,113,0
213210,1,1,0,0,-257,-145,293,246,-5,-27,242,125,115,0
216565,1,1,275,350,-131,-156,476,254,-34,-10,205,116,112,0
219878,1,1,443,556,-26,-122,601,265,-30,-7,213,123,117,0
223213,2,1,293,500,60,-44,696,279,-49,11,213,131,120,0
226566,2,2,293,500,87,139,768,295,-79,24,239,131,120,0
229882,2,2,481,425,-90,271,665,308,-36,-8,201,121,124,0
233217,2,2,800,612,-105,283,502,316,-52,-31,201,120,130,0
236566,3,3,368,556,-189,226,228,316,-41,-27,261,143,133,0
239886,3,3,650,556,-134,120,102,311,-98,-86,223,128,133,0
243220,3,3,856,725,-261,-101,56,305,-65,-74,235,133,140,0
246567,4,4,106,387,-336,-356,-7,298,-59,-35,244,157,142,0
249888,4,4,706,650,-378,-521,-105,287,-54,-54,261,141,144,0
253222,5,4,312,518,-369,-708,-211,273,-98,-51,267,146,151,0
256567,5,5,668,387,-632,-858,-320,255,-91,-58,305,143,158,0
259891,5,5,1100,612,-777,-829,-336,237,-90,-88,316,136,162,0
263227,6,6,462,312,-956,-934,-326,219,-66,-42,283,154,162,0
266567,6,6,856,312,-1164,-985,-210,205,-57,-10,293,139,168,0
269894,6,7,1006,106,-1112,-889,-140,193,-7,17,277,131,163,0
273230,7,7,893,406,-942,-743,-12,185,0,18,269,137,163,0
276568,7,8,1418,425,-529,-496,119,181,77,69,271,125,162,0
279898,7,8,1100,350,-124,-270,201,179,79,91,266,142,166,0
283232,8,9,743,687,329,-223,285,181,-36,186,226,161,164,0
286588,8,9,1156,293,359,-207,388,185,-102,98,247,139,169,0
289901,9,10,912,406,-106,-313,412,190,-102,133,240,152,163,0
293235,9,10,912,443,-540,-563,385,195,48,149,250,152,161,0
296592,10,10,968,725,-341,-751,281,196,-71,161,197,149,162,0
299905,10,11,631,443,-369,-886,207,195,-185,205,92,167,161,0
303239,10,11,1006,743,-832,-611,35,188,-175,278,60,163,161,0
306593,11,12,631,443,-2291,-359,-52,179,177,84,284,167,161,0
309908,11,12,931,687,-1632,-238,235,179,160,-66,475,167,164,0
313242,12,13,406,406,91,-212,692,192,-229,86,271,179,163,0
316592,12,13,1081,668,-502,-370,820,210,-160,-38,223,159,165,0
319910,13,14,481,443,-575,-175,1196,238,-176,-48,266,175,161,0
323245,13,14,1006,818,-1338,-231,1390,267,-64,15,217,163,157,0
326593,14,14,818,1062,-1265,-331,1786,304,24,69,221,183,170,0
329914,14,15,931,518,-786,-185,2045,346,32,76,204,177,183,0
333248,15,16,781,781,-851,-427,2032,385,103,29,259,185,185,0
336593,15,16,912,481,-662,-483,2191,433,-19,35,254,178,185,0
339917,16,17,743,275,-603,-565,2113,483,226,119,186,187,196,0
343251,17,17,968,293,-245,-1098,1748,531,-8,5,179,175,195,0
346593,17,18,762,237,-192,-1687,1503,575,-30,-8,224,186,198,0
349920,18,18,875,425,-103,-1650,1364,615,5,17,154,180,204,0
353254,18,19,462,312,-154,-2004,1004,647,-39,96,127,202,194,0
356593,19,20,443,181,-284,-2145,918,679,3,78,119,203,201,0
359924,19,20,312,87,-523,-2124,927,715,23,-17,100,210,206,0
363258,20,21,87,218,-583,-2066,1443,770,-46,29,62,222,199,0
366615,21,21,12,462,-449,-1731,1386,823,4,49,9,226,202,0
369926,22,22,68,87,-1112,-1783,914,862,77,-157,13,223,206,0
373261,22,23,162,200,-723,-1512,1551,917,-27,254,162,218,200,0
376618,23,23,0,68,-231,-87,1913,981,-215,149,-21,220,207,0
379930,23,24,312,331,-2081,388,1946,1043,11,-215,26,210,193,0
383265,24,24,106,312,-1476,395,1860,1097,-217,-1,-95,221,210,0
386619,25,25,0,50,-792,246,1790,1147,-11,12,149,227,208,0
389933,25,26,87,87,-642,620,1585,1187,244,37,182,209,193,0
393268,26,26,50,0,260,1688,1310,1216,109,0,99,195,201,0
396619,27,27,312,162,978,2170,1465,1249,212,-34,305,181,189,0
399936,27,28,687,162,1177,1994,971,1267,201,-64,474,161,189,0
403270,27,28,1250,481,2388,1414,665,1279,233,-27,441,147,172,0
406619,28,28,575,631,4160,767,208,1279,-115,100,454,167,164,0
409940,28,29,1137,725,4029,341,-140,1274,-37,144,535,153,159,0
413274,29,29,987,893,3805,499,-1142,1240,128,115,498,161,166,0
416619,29,30,1118,631,4519,1011,-1721,1179,-200,135,465,154,164,0
419943,30,30,687,968,4114,1245,-2321,1085,-130,2,360,177,162,0
423277,30,31,818,650,3769,584,-2349,985,-202,-92,326,170,163,0
426619,31,31,631,1043,2718,-611,-2079,883,-245,-52,210,180,158,0
429946,31,32,650,743,1332,-1032,-1773,784,-199,-8,251,179,158,0
433281,32,32,200,1118,-112,-763,-1846,671,-148,57,244,203,154,0
436620,32,32,462,950,-1398,-465,-1486,560,163,234,42,189,163,0
439949,33,33,368,556,-1730,197,-1524,449,-37,46,81,194,184,0
443307,33,34,593,106,-2140,688,-1876,322,-100,110,174,182,192,0
446641,34,34,481,106,-3369,536,-1261,217,-60,11,163,188,208,0
449952,35,35,181,0,-2902,311,-1028,130,55,71,16,188,199,0
453311,35,35,650,612,-2059,402,-1118,48,-104,-11,38,192,194,0
456644,36,36,181,406,-2111,552,-1234,-32,-34,9,57,217,205,0
459956,37,37,200,0,-2030,460,-1527,-111,-324,-124,-69,216,213,0
463313,37,37,12,293,-3388,-230,-1419,-184,-132,-18,5,226,211,0
466644,38,38,0,0,-4264,-500,-1083,-247,163,-33,-51,233,212,0
469959,39,39,0,50,-4034,-658,-968,-322,-14,99,-85,220,208,0
473317,39,39,256,237,-3864,-350,-1016,-397,223,-35,145,213,214,0
476646,40,40,0,0,-3140,-74,-680,-447,220,11,111,224,211,0
479962,41,41,0,12,-1953,80,-433,-509,-94,-151,-3,217,210,0
483320,41,41,0,0,-1962,-69,-219,-576,110,-150,120,217,216,0
486646,42,42,0,68,-1181,-386,212,-630,652,-171,481,225,207,0
489965,43,43,0,0,1518,-521,934,-659,263,-174,483,212,202,0
493323,43,43,162,162,3954,-203,1675,-663,-300,-7,836,202,202,0
496646,44,44,68,256,2220,1056,1682,-660,46,-358,736,207,197,0
499968,44,44,218,106,1701,1067,1696,-647,467,-142,451,199,205,0
503326,45,45,518,368,4494,928,1394,-650,-152,-33,322,183,191,0
506646,45,46,781,162,2617,1717,1826,-623,-371,-8,588,169,186,0
509971,46,46,368,443,1081,2529,1692,-591,93,-158,315,191,187,0
513328,46,47,612,0,2010,1660,1952,-536,206,-93,149,184,202,0
516646,47,47,256,0,3490,1714,2265,-461,-422,100,107,187,206,0
519975,48,48,331,275,1952,2072,1519,-378,-466,-292,273,183,186,0
523333,48,48,406,350,-1816,241,1602,-274,-212,-173,433,179,182,0
526667,49,49,500,368,-1515,-1077,1828,-145,224,-56,352,174,181,0
529978,49,50,443,31,201,-1598,1889,-12,-69,45,290,177,183,0
533336,50,50,556,218,615,-1706,1877,111,-117,-65,293,171,189,0
536671,50,51,500,106,277,-2121,1507,213,-138,3,222,174,179,0
539981,51,51,612,218,38,-2535,969,301,-127,77,210,168,189,0
543337,51,52,575,87,-796,-1896,301,357,-47,132,277,170,180,0
546670,52,52,631,350,-845,-1181,-244,397,-190,-90,249,167,182,0
549985,52,53,368,143,-927,-1087,-536,439,14,22,410,181,177,0
553336,53,53,350,387,-277,-771,-782,454,-84,19,338,182,180,0
556671,53,54,781,575,-523,-886,-675,465,-234,89,161,175,170,0
559987,54,54,556,575,-1359,-834,-1029,467,-185,49,188,171,170,0
563337,54,55,631,725,-3148,-962,-621,487,-153,-35,61,183,162,0
566671,55,55,0,518,-4466,-876,-450,520,-120,22,-2,208,173,0
569990,55,56,406,612,-4931,-1142,-588,546,85,162,73,195,168,0
573337,56,56,0,443,-4135,-919,-522,564,99,114,112,208,177,0
576672,56,57,631,781,-3273,-522,-200,588,39,76,-6,193,169,0
579994,57,57,218,331,-2929,-506,193,626,-114,79,2,199,193,0
583337,58,58,0,500,-2930,-635,302,656,-15,184,68,216,184,0
586672,58,58,481,781,-2632,-420,471,685,179,203,153,201,185,0
589997,59,59,143,462,-2002,-171,475,706,-29,106,37,203,186,0
593339,59,59,462,762,-1732,99,211,706,115,14,151,202,186,0
596672,60,60,125,331,-1366,538,449,691,366,366,400,204,193,0
600000,61,61,331,387,634,2015,794,663,120,-85,283,193,190,0
603358,61,61,593,256,2049,2359,1241,650,29,-41,11,195,213,0
606673,62,62,237,12,2942,2566,1141,632,177,-55,3,198,210,0
610003,62,62,650,200,3619,2786,1267,628,-89,54,-46,192,216,0
613362,63,63,275,218,3517,2207,1461,617,-328,-163,126,196,199,0
616696,64,64,387,331,1379,1172,1513,611,68,-219,547,190,193,0
620006,64,64,275,162,-180,-25,1631,601,143,-236,575,196,202,0
623363,65,65,312,387,784,-1525,1561,579,24,-114,680,194,190,0
626697,65,65,818,406,1188,-2003,1029,564,-24,-128,620,183,205,0
630010,66,66,312,237,785,-2262,331,524,-1,-133,467,194,198,0
633363,66,67,968,518,700,-1432,91,470,127,-116,371,175,183,0
636726,67,67,537,275,1288,132,294,420,49,-159,460,185,199,0
640014,67,68,950,312,1708,1153,185,367,-41,-187,285,163,181,0
643363,68,68,912,725,2194,1665,178,326,117,-290,366,165,175,0
646698,68,69,1193,500,3295,1026,321,306,105,-204,348,150,171,0
650016,69,69,912,743,3893,413,638,316,-129,-81,328,165,174,0
653364,69,70,893,500,3357,368,145,328,48,-78,233,166,171,0
656698,70,70,725,706,3221,-68,-167,340,70,-50,197,175,176,0
660019,70,71,631,537,3014,-1024,-366,353,-229,-34,148,180,169,0
663364,71,71,518,725,1393,-1925,-853,347,39,154,152,186,175,0
666698,71,72,518,575,551,-1286,-1208,342,-27,25,212,186,167,0
670022,72,72,162,650,191,-408,-970,331,-175,1,214,205,179,0
673364,72,73,518,331,-564,-461,-1125,310,-73,66,131,186,180,0
676698,73,73,275,762,-834,-635,-1445,283,17,109,47,199,173,0
680026,73,74,462,537,-398,-356,-1617,249,70,92,54,189,169,0
683364,74,74,181,481,68,204,-2110,189,274,-5,55,204,188,0
686699,75,75,0,31,1177,88,-2109,117,-27,-195,20,210,196,0
690029,75,75,312,387,610,-517,-2084,42,-41,159,154,197,193,0
693385,76,76,0,462,-313,-283,-1758,-26,-141,93,186,216,173,0
696723,77,76,0,950,-828,61,-1280,-81,-175,80,57,206,163,0
700032,77,77,500,1231,-1893,-370,-1127,-123,-251,-62,-52,200,161,0
703389,78,77,0,931,-3156,-1524,-806,-162,-161,4,-58,221,177,0
706723,78,78,256,1025,-4022,-1998,-168,-192,4,149,64,213,172,0
710035,79,78,0,893,-3785,-1926,241,-223,6,120,35,223,179,0
713389,80,79,0,875,-2989,-1791,1196,-222,-152,85,166,221,180,0
716722,80,79,31,762,-2715,-1988,1771,-206,-45,114,267,209,186,0
720039,81,80,0,893,-2906,-2122,2188,-183,-227,25,136,214,179,0
723389,82,80,31,1137,-4330,-2625,3137,-133,87,105,243,209,182,0
726722,82,81,0,762,-3731,-3263,3291,-81,-163,240,290,212,186,0
730043,83,82,0,837,-2102,-3110,3884,-8,38,248,340,217,182,0
733389,84,82,0,818,-943,-1386,4077,86,-277,88,406,220,183,0
736723,84,83,12,950,-1015,-519,3913,198,-181,30,512,210,176,0
740045,85,83,0,1100,-865,-179,3697,311,-137,-114,422,212,184,0
743390,85,84,87,537,-63,-373,4421,440,83,135,317,206,198,0
746723,86,84,256,612,-384,-336,4780,583,160,190,420,197,210,0
750049,87,85,106,425,-35,-523,4879,730,331,88,295,189,204,0
753390,87,86,500,556,2956,-9,5340,887,387,257,410,184,197,0
756723,88,86,237,687,4828,842,5748,1047,-118,-15,83,198,206,0
760051,88,87,518,368,5282,1010,6052,1231,-168,-120,136,183,207,0
763391,89,88,0,218,3983,212,5306,1402,-164,-93,141,202,205,0
766724,89,88,312,331,2740,393,5138,1574,-16,99,330,184,199,0
770054,90,89,275,575,2701,1608,4730,1749,180,107,281,186,186,0
773412,90,89,462,200,3884,3086,4814,1937,12,61,125,176,206,0
776748,91,90,275,143,4699,3654,4742,2116,-760,-102,-30,186,209,0
780058,91,91,631,12,2797,3322,3998,2276,-656,6,378,167,200,0
783415,92,91,575,500,-2215,3291,2755,2407,94,-174,507,170,190,0
786748,92,92,1212,518,-2909,3108,2502,2536,169,-189,487,152,189,0
790061,93,92,593,331,-1558,2319,2187,2670,-125,-211,474,169,199,0
793416,93,93,1062,537,-1751,612,1299,2776,-91,-190,403,160,188,0
796752,94,93,593,518,-1866,-116,605,2861,45,-139,339,169,189,0
800064,94,94,1118,481,-1385,-864,172,2921,-180,-46,280,157,191,0
803416,95,95,500,87,-2092,-1125,-890,2933,-216,-62,20,174,196,0
806757,95,95,668,425,-3455,-908,-1223,2930,-94,-30,-173,181,194,0
810068,96,96,0,218,-4855,-293,-1917,2895,15,-31,115,203,189,0
813416,96,96,387,406,-4689,-715,-1978,2839,-27,74,-31,196,195,0
816757,97,97,0,87,-4504,-1155,-1977,2769,-39,33,64,211,196,0
820070,97,97,518,331,-4293,-1500,-1792,2676,156,-51,61,189,199,0
823444,98,98,743,631,-2548,-2027,-1611,2570,327,179,97,187,193,0
826758,99,99,575,87,-889,-1665,-1484,2456,-51,-62,63,180,206,0
830074,99,99,500,387,-385,-1555,-955,2328,-246,45,68,200,206,0
833416,100,100,0,537,-1863,-1469,-746,2202,-52,191,2,212,182,0
836758,100,100,331,668,-1874,-1148,-847,2054,-2,142,-59,209,191,0
840078,101,101,0,612,-1690,-712,-645,1906,-211,134,50,218,178,0
843417,102,102,0,575,-3180,-443,-847,1757,-164,230,60,223,180,0
846758,102,102,200,837,-4172,-22,-988,1611,130,238,91,216,182,0
850081,103,103,0,912,-3773,812,-457,1459,93,107,122,211,178,0
853438,104,103,0,818,-3039,1005,-325,1299,-122,89,194,218,183,0
856758,104,104,31,518,-3044,663,-198,1140,292,237,261,209,183,0
860084,105,104,0,856,-1353,1344,524,990,266,268,380,216,181,0
863441,106,105,218,800,1142,2366,1250,849,463,-203,564,199,184,0
866758,106,105,275,687,3443,1582,1872,719,287,-39,359,196,190,0
870087,107,106,331,668,5260,982,2094,618,-15,-121,279,193,191,0
873441,107,106,387,706,4614,357,2141,525,-104,-53,245,190,189,0
876759,108,107,331,500,3374,-64,2316,449,95,-49,412,193,200,0
880090,108,108,500,0,2471,-241,1383,342,259,-170,227,184,213,0
883442,109,108,387,68,2852,-580,1040,226,-8,-83,274,190,223,0
886760,109,109,612,0,2026,-619,607,120,51,-213,485,181,214,0
890093,110,110,218,0,1449,-800,-297,25,32,-339,502,186,211,0
893442,110,110,875,0,1607,-1667,-645,-72,334,-199,213,167,218,0
896785,111,111,312,0,3288,-2183,100,-138,35,-9,375,181,207,0
900096,111,112,762,0,4146,-1516,98,-175,-131,-19,337,173,202,0
903443,112,112,256,0,3511,-908,169,-189,-50,-147,319,184,206,0
906786,112,113,800,0,2753,-753,449,-180,-143,-273,353,171,199,0
910099,113,113,237,0,2126,-1066,398,-140,270,-164,179,185,201,0
913443,113,114,706,406,3041,-1238,522,-85,180,-133,158,176,176,0
916786,114,114,68,518,3810,-1485,560,-8,-259,-100,217,194,170,0
920103,115,115,612,687,3185,-1642,155,58,-409,-68,165,181,161,0
923443,115,115,237,762,1369,-1833,-355,108,-269,-102,277,185,157,0
926785,115,116,800,1043,290,-2035,-548,147,-236,5,294,171,142,0
930106,116,116,331,1137,-49,-1716,-976,167,-227,100,214,180,137,0
933464,117,116,556,1306,-652,-1182,-1553,165,-209,78,253,168,144,0
936785,117,117,593,1062,-1374,-835,-2251,125,-156,-87,295,166,141,0
940109,117,117,1100,1437,-1779,-1167,-2119,82,-255,-32,278,155,137,0
943468,118,118,781,1212,-2180,-1476,-1992,46,-130,6,213,172,149,0
946786,118,118,1081,1025,-1651,-1659,-1962,5,103,138,167,156,159,0
950112,119,118,968,1250,-719,-1441,-1859,-26,43,175,58,175,176,0
953468,119,119,706,500,-518,-917,-2426,-71,300,117,105,189,200,0
956786,120,120,275,462,85,-551,-2690,-141,-203,44,86,212,202,0
960116,121,120,237,350,10,-1205,-2136,-197,-69,254,92,198,208,0
963468,121,121,668,762,-485,-1078,-1984,-253,-105,40,97,191,186,0
966787,122,121,462,1137,-1022,-1026,-1774,-325,4,157,195,202,182,0
970119,122,122,725,856,-1245,-1713,-1409,-408,81,193,157,188,181,0
973469,123,122,518,1025,-1160,-2014,-1174,-503,-74,312,105,199,188,0
976811,123,123,687,725,-1214,-2150,-772,-593,-98,193,103,190,188,0
980122,124,124,406,950,-1129,-2195,-393,-672,-54,144,134,205,176,0
983469,125,124,462,1231,-1413,-2251,-324,-754,-152,238,162,202,177,0
986814,125,125,481,893,-1847,-2356,-358,-809,-302,189,90,201,179,0
990125,126,125,200,1250,-3007,-2243,-621,-861,-168,148,192,216,176,0
993469,126,126,387,912,-3335,-2151,-1030,-912,-127,174,72,206,178,0
996815,127,126,368,1006,-3604,-2031,-1102,-937,-145,248,90,207,189,0
1000128,128,127,0,593,-4032,-2048,-1327,-958,-45,42,66,215,195,0
1003470,128,127,237,818,-3658,-2047,-1171,-998,-44,170,56,214,199,0
1006815,129,128,50,650,-3182,-1708,-632,-1021,263,204,66,224,208,0
1010131,130,129,0,331,-1220,-959,-75,-1029,341,-49,227,228,209,0
1013470,130,129,87,425,1039,-869,154,-1038,69,-21,219,212,210,0
1016815,131,130,181,631,776,-157,434,-1037,-73,29,351,191,183,0
1020135,132,130,575,893,-745,1676,310,-1043,318,-155,278,186,185,0
1023492,132,131,687,968,659,1739,757,-1037,159,116,248,180,181,0
1026815,133,132,443,481,2302,2371,850,-1015,-8,315,210,177,191,0
1030138,133,132,687,875,3516,4401,1108,-970,304,165,384,180,186,0
1033493,134,133,462,425,4699,5481,1321,-911,-140,-47,266,176,194,0
1036816,134,133,856,818,4346,6006,1030,-849,-72,203,302,171,189,0
1040141,135,134,575,425,3202,6821,529,-784,100,224,268,170,194,0
1043493,135,134,1212,856,3079,7340,285,-704,401,-1,420,152,187,0
1046815,135,135,1381,218,4569,7147,-117,-642,-63,-347,458,143,205,0
1050144,136,136,1212,687,2793,4883,-1221,-618,-344,-638,648,152,180,0
1053494,136,136,1643,593,-1354,2263,-1772,-612,-426,-475,570,129,185,0
1056817,137,137,1156,631,-5160,767,-961,-584,-48,-178,452,155,183,0
1060148,137,137,368,593,-5162,-693,-160,-513,181,70,334,197,185,0
1063493,138,138,256,462,-3157,-1067,-122,-433,413,95,397,203,192,0
1066816,138,138,575,331,-846,-1110,331,-355,214,149,110,186,199,0
1070151,139,139,406,331,333,143,-824,-319,-460,-73,129,195,199,0
1073494,139,140,875,500,-1158,341,-813,-289,-375,-14,29,196,200,0
1076820,140,140,87,368,-2538,285,145,-241,-323,66,-50,222,207,0
1080155,141,141,50,518,-3972,402,544,-187,-405,105,-77,224,199,0
1083494,141,141,331,331,-6166,250,694,-141,60,68,14,209,209,0
1086823,142,142,406,237,-6597,517,796,-104,270,-30,74,205,214,0
1090157,143,143,143,0,-4669,425,621,-74,212,-90,103,203,217,0
1093494,143,144,387,0,-2825,208,777,-39,304,183,148,206,219,0
1096827,144,144,181,106,-1122,428,606,-1,99,-17,194,217,221,0
1100160,145,145,500,0,1128,941,925,60,92,36,219,200,214,0
1103518,145,146,518,162,2088,1451,1082,128,4,106,192,199,202,0
1106829,146,146,0,331,2562,1406,1532,217,-251,-203,71,224,193,0
1110163,146,147,237,425,1963,190,1954,315,-364,-152,68,214,188,0
1113521,147,147,256,593,-688,-1512,1983,396,238,-121,251,213,195,0
1116832,148,148,0,181,-917,-2724,2495,477,721,74,247,214,201,0
1120167,148,148,593,293,3430,-1947,2677,556,75,137,229,195,211,0
1123522,149,149,0,125,4026,-1046,2733,627,-275,-143,313,212,204,0
1126835,149,150,593,387,2177,-291,2663,701,-225,-228,535,195,190,0
1130170,150,150,631,725,-286,-26,2111,743,-143,-242,599,193,188,0
1133528,151,151,143,425,-1607,-69,1444,762,34,-232,486,203,188,0
1136838,151,151,556,443,-1127,395,603,746,154,-149,444,184,190,0
1140173,152,152,143,331,1189,1282,336,715,292,-230,442,190,180,0
1143528,152,152,631,743,2731,1369,-39,682,44,-287,247,180,174,0
1146842,153,153,50,462,3014,674,-71,663,114,-319,342,195,173,0
1150177,153,153,575,631,3437,-372,226,661,363,-131,191,183,180,0
1153529,154,154,0,162,4617,-674,813,690,-68,7,137,201,189,0
1156846,154,154,518,368,4807,-408,583,747,-65,-68,129,186,194,0
1160179,155,155,0,0,4637,-188,478,817,53,-133,136,200,198,0
1163528,156,156,368,237,4023,-388,346,858,-176,-21,138,178,185,0
1166848,156,156,612,593,3178,-562,403,876,-149,-22,76,181,182,0
1170183,157,157,350,368,2098,-758,120,883,-249,-110,88,179,178,0
1173529,157,157,687,687,997,-1027,140,877,-252,-170,142,177,177,0
1176852,158,158,406,387,5,-1519,240,910,-358,-266,154,176,177,0
1180186,158,158,912,762,-1422,-2801,96,939,-100,67,155,165,173,0
1183529,159,159,762,500,-1571,-2894,-36,933,-164,87,217,157,171,0
1186854,159,159,1137,725,-1049,-2495,-199,910,-279,34,198,153,175,0
1190190,159,160,1231,500,-1544,-2505,-360,877,-250,158,264,148,171,0
1193529,160,160,1025,875,-2145,-2198,-805,827,-74,196,347,159,167,0
1196858,160,161,1231,556,-1771,-1912,-1319,766,-97,79,228,148,168,0
1200193,161,161,1212,968,-1176,-1759,-1498,695,-219,253,136,162,175,0
1203529,161,162,1268,781,-1145,-1316,-1840,619,74,221,155,175,185,0
1206862,162,162,743,575,-264,-618,-2044,526,315,189,99,187,196,0
1210195,162,163,1175,462,2027,-388,-2014,429,-135,180,73,180,202,0
1213553,163,163,743,275,2019,-428,-2140,314,-97,58,200,187,212,0
1216864,163,164,1231,706,1735,-919,-1773,198,-288,34,231,177,189,0
1220199,164,164,593,668,946,-2179,-1179,99,-412,129,106,195,191,0
1223556,165,165,612,968,-382,-2860,-1015,-10,-389,174,83,194,175,0
1226867,165,166,631,912,-1836,-2916,-1009,-125,-153,219,91,209,178,0
1230202,166,166,256,837,-2930,-2782,-738,-233,22,57,172,213,182,0
1233556,166,167,593,875,-2837,-2818,-367,-328,-245,179,75,211,180,0
1236871,167,167,0,368,-3308,-2503,11,-393,-196,-2,141,231,207,0
1240205,168,168,0,518,-4652,-2425,446,-425,1,-23,125,244,199,0
1243556,169,168,0,781,-4444,-2707,796,-419,-55,-15,41,234,201,0
1246875,169,169,0,275,-3520,-2829,1155,-393,-89,7,-32,231,212,0
1250208,170,170,0,425,-3911,-2284,1218,-354,495,-126,319,246,204,0
1253556,171,170,0,125,-1937,-1751,1551,-303,316,42,143,232,220,0
1256878,171,171,143,0,-110,-1731,1592,-260,177,-212,417,219,233,0
1260211,172,172,31,0,1430,-1419,1926,-226,33,108,419,215,217,0
1263556,173,172,0,518,1073,-247,1372,-201,239,5,422,211,189,0
1266880,173,173,575,556,865,1236,794,-191,279,14,450,186,187,0
1270215,174,174,181,331,3196,2498,540,-185,229,139,472,191,183,0
1273557,174,174,706,312,4641,3249,795,-173,-344,179,417,179,200,0
1276884,175,175,162,68,4802,3451,899,-148,-290,63,288,192,197,0
1280218,175,175,706,293,2932,3703,807,-128,-175,94,462,179,201,0
1283557,176,176,350,0,1750,4082,699,-113,26,77,373,182,204,0
1286887,176,177,912,12,1614,4494,860,-89,1,-51,248,168,200,0
1290221,177,177,350,12,1974,4590,1058,-55,-84,-71,264,182,200,0
1293557,177,178,968,181,504,3757,864,-22,-242,-323,379,165,191,0
1296890,178,178,462,200,-1573,2075,985,19,165,-245,308,176,190,0
1300224,178,179,950,237,-1678,-171,1317,85,-116,-268,204,166,188,0
1303581,179,179,406,575,-2284,-1015,1830,184,-183,94,-55,195,186,0
1306894,180,180,387,312,-3967,-655,1918,291,-170,-32,-65,196,184,0
1310227,180,180,218,481,-4860,-211,1852,406,179,87,142,205,191,0
1313585,181,181,0,125,-4212,-363,1719,524,94,131,116,216,194,0
1316896,181,182,575,350,-3789,-513,1685,639,127,-6,181,186,182,0
1320231,182,182,500,518,-2803,-997,1666,758,-43,19,199,174,173,0
1323586,182,183,1137,818,-2675,-1595,1539,862,-71,114,228,166,167,0
1326899,183,183,218,537,-3034,-2258,1362,941,-126,130,169,199,182,0
1330234,183,184,687,556,-2876,-2985,957,1003,-3,257,163,190,181,0
1333591,184,184,687,631,-2170,-2750,327,1044,-85,286,273,190,193,0
1336902,185,185,743,462,-1668,-1901,-397,1055,-109,199,279,187,186,0
1340237,185,185,518,1025,-1817,-1446,-716,1044,216,321,372,199,172,0
1343594,186,186,143,762,-598,-413,-809,1018,19,267,287,203,170,0
1346906,186,186,837,875,-7,701,-746,981,-305,309,127,182,180,0
1350241,187,187,237,612,-1463,1981,-811,931,-243,253,103,198,178,0
1353594,187,187,518,875,-1983,2709,-609,876,53,297,128,199,180,0
1356909,188,188,125,931,-1969,3111,-490,823,-202,323,42,220,177,0
1360244,189,188,0,781,-2359,3491,-599,755,-347,116,-138,216,185,0
1363594,189,189,275,368,-2730,3860,-168,700,232,-188,-73,212,207,0
1366912,190,190,0,0,-2613,3591,381,652,327,-139,128,212,221,0
1370246,191,190,0,0,-452,2972,438,623,344,-66,175,215,233,0
1373595,191,191,406,68,2682,3050,333,608,20,-166,100,205,223,0
1376916,192,192,0,0,2877,2855,481,607,338,-183,129,215,215,0
1380251,193,192,556,50,3891,2362,763,606,341,-69,103,197,224,0
1383624,193,193,425,0,5846,2123,1564,626,-75,-385,426,191,228,0
1386919,194,194,162,0,5007,1115,1275,641,472,-149,320,189,219,0
1390253,194,194,481,0,6518,-143,1417,663,217,-421,91,172,227,0
1393595,195,195,687,0,6864,-1167,2129,703,-294,-331,325,161,226,0
1396922,195,196,1025,0,4179,-1887,2404,745,38,-361,579,159,214,0
1400257,195,196,1231,0,2842,-2387,2174,786,336,-231,547,148,211,0
1403595,196,197,1175,368,3750,-2338,2481,833,-424,-85,516,151,178,0
1406926,196,198,1362,162,1467,-892,2011,855,-131,-96,749,141,173,0
1410259,197,198,1137,668,-472,-77,1231,836,138,-313,600,153,162,0
1413617,197,198,1268,556,240,-237,1195,813,63,-349,516,146,168,0
1416928,198,199,1043,762,1019,-1585,470,770,-145,-175,214,158,157,0
1420262,198,199,800,631,669,-2937,161,721,4,-150,235,171,164,0
1423620,199,200,537,668,912,-3842,-599,650,7,-113,183,185,162,0
1426931,199,200,462,331,1097,-4509,-622,578,-199,175,137,189,180,0
1430266,200,201,518,462,790,-3379,-822,505,133,226,103,186,173,0
1433621,200,201,875,331,899,-2347,-1357,420,65,40,7,167,180,0
1436934,201,202,762,425,1461,-1998,-745,367,-94,206,134,173,175,0
1440269,201,202,800,331,1704,-1992,-886,329,-43,91,254,171,180,0
1443620,202,203,987,612,2167,-2381,-609,322,-168,25,250,161,165,0
1446938,202,203,2468,2187,1916,-2966,-769,320,-313,102,135,159,158,0
1450273,203,204,1231,931,181,-3092,-1218,308,-316,131,153,209,209,0
1453621,203,204,1400,1437,-982,-3155,-1575,282,-17,214,222,216,198,0
1456941,204,205,950,1193,-873,-3178,-1922,247,-3,260,272,224,195,0
1460275,205,206,1118,1306,-424,-2954,-2182,198,-284,-22,133,215,205,0
1463621,205,206,668,1137,-1395,-2462,-2534,134,-59,244,164,239,198,0
1466944,206,207,612,1100,-2835,-2038,-3375,47,104,163,35,242,200,0
1470279,207,207,931,1156,-3211,-1751,-3802,-65,-217,136,207,225,213,0
1473621,208,208,237,500,-3157,-1627,-4198,-209,104,165,211,246,232,0
1476947,208,209,931,912,-2878,-1677,-4221,-354,-103,95,-21,225,210,0
1480282,209,210,500,912,-3342,-1799,-3819,-484,-231,-61,-72,232,210,0
1483622,210,210,0,856,-4686,-2468,-3374,-604,421,142,63,259,213,0
1486951,211,211,0,631,-3404,-2933,-3476,-737,-331,131,63,261,225,0
1490285,212,212,68,462,-3810,-2971,-3074,-882,-50,300,-104,255,234,0
1493643,212,212,143,687,-4457,-2651,-2143,-989,117,39,58,251,222,0
1496954,213,213,0,500,-2472,-2740,-1625,-1084,239,249,182,249,216,0
1500288,214,214,0,406,-506,-2416,-1246,-1189,241,202,216,251,221,0
1503646,215,214,0,856,1164,-1787,-512,-1280,-171,229,25,244,213,0
1506957,215,215,331,631,-54,-309,254,-1340,-9,236,396,225,209,0
1510292,216,216,218,481,-230,931,649,-1397,538,-17,290,221,223,0
1513647,217,216,462,125,2166,1411,1009,-1429,-215,27,109,192,226,0
1516960,217,217,743,500,2875,1827,1737,-1413,-415,276,317,193,206,0
1520295,218,218,256,443,1505,3256,1514,-1403,-135,241,454,203,209,0
1523647,218,218,668,406,1084,4530,1348,-1376,-90,196,235,197,211,0
1526963,219,219,0,162,1987,5805,1412,-1336,-347,240,371,220,208,0
1530298,220,219,312,481,1559,6696,981,-1287,-285,244,357,200,207,0
1533647,220,220,931,406,528,7055,694,-1246,-53,38,349,183,211,0
1536967,221,221,443,106,1316,7177,825,-1194,101,175,280,193,211,0
1540301,221,221,818,575,2242,7497,1022,-1120,106,-75,323,189,202,0
1543647,222,222,312,162,3188,7069,1081,-1063,11,15,171,200,208,0
1546970,222,223,931,331,4149,6446,1580,-986,-249,359,114,183,199,0
1550304,223,223,800,818,1757,5672,1232,-928,-105,-461,272,174,173,0
1553648,223,224,1025,1212,-187,3050,571,-887,-830,-277,164,178,152,0
1556973,224,224,218,1212,-4491,799,1124,-813,-501,5,49,205,152,0
1560307,225,224,87,1343,-6625,85,696,-742,515,-223,266,212,161,0
1563648,225,225,200,837,-6208,-1357,813,-657,-203,-106,59,206,172,0
1566976,226,225,87,1156,-6224,-2812,389,-577,222,137,229,212,171,0
1570311,227,226,387,1118,-5766,-3308,270,-489,289,70,291,206,183,0
1573648,227,226,350,875,-3807,-3316,84,-381,138,-3,16,208,196,0
1576980,228,227,200,368,-3051,-3505,315,-252,14,21,205,216,223,0
1580337,228,228,293,12,-2647,-2901,1000,-90,-11,48,213,211,226,0
1583669,229,229,0,181,-1975,-2766,668,62,24,44,52,231,217,0
1586983,230,229,0,237,-1422,-2791,864,208,96,302,325,235,214,0
1590341,230,230,87,631,-841,-1909,1188,351,142,161,476,222,193,0
1593673,231,230,218,762,-268,-826,1301,500,112,230,257,215,202,0
1596986,232,231,0,350,210,292,1169,633,-59,208,203,220,208,0
1600344,232,232,350,575,271,892,1126,735,34,154,95,208,196,0
1603673,233,232,31,575,749,1085,1172,822,117,44,-28,209,196,0
1606989,234,233,106,518,1292,896,1667,913,-23,86,-25,205,199,0
1610348,234,234,350,481,1064,611,1789,985,-39,187,3,208,201,0
1613673,235,234,0,387,896,637,1889,1036,146,74,215,214,206,0
1616992,235,235,706,518,2236,694,2132,1083,212,-11,193,189,199,0
1620350,236,235,181,368,3071,650,2270,1122,182,24,172,201,207,0
1623673,237,236,331,218,3135,587,2259,1138,118,18,258,193,215,0
1626995,237,237,368,0,3684,587,2241,1161,173,-65,265,191,219,0
1630354,238,238,350,0,4578,271,1725,1173,99,-111,270,192,223,0
1633674,238,238,650,0,5291,-454,1450,1174,309,-83,189,179,232,0
1636999,239,239,293,0,6794,-1403,1393,1187,142,-49,173,182,222,0
1640357,239,240,912,0,6745,-1658,1081,1199,-505,54,389,165,221,0
1643674,240,240,275,0,4369,-1449,233,1181,-284,-139,381,183,225,0
1647002,240,241,931,0,1569,-1149,-1331,1107,-715,-170,538,164,207,0
1650357,241,242,443,0,-1185,-888,-2269,1002,253,-82,581,174,199,0
1653674,241,242,987,312,-714,-656,-3197,853,203,-195,527,161,181,0
1657006,242,243,593,218,1771,-1039,-3297,712,47,-145,629,166,170,0
1660361,242,243,687,631,2882,-1467,-3547,583,-136,-216,563,177,164,0
1663696,243,243,162,743,2896,-1680,-3948,424,-145,-67,348,189,158,0
1667008,243,244,612,762,2542,-1658,-4143,273,-159,-47,209,181,157,0
1670365,244,244,68,743,2108,-1445,-4246,115,-229,-52,91,194,158,0
1673699,244,245,575,668,1507,-1117,-4103,-24,-50,-84,64,183,162,0
1677012,245,245,0,575,1962,-899,-3939,-156,124,24,-47,198,167,0
1680365,245,246,687,650,1880,-761,-3874,-280,30,-107,23,177,163,0
1683700,246,246,87,518,1209,-1092,-3394,-395,155,43,48,193,170,0
1687015,246,247,481,575,1167,-1110,-2754,-513,-168,-2,3,188,167,0
1690365,247,247,143,725,475,-1106,-2933,-625,-108,-51,74,206,175,0
1693699,248,248,0,537,-1002,-1020,-2488,-730,-74,69,51,209,169,0
1697018,248,248,462,1100,-2442,-1014,-2099,-833,-208,27,14,202,168,0
1700366,249,249,0,668,-2989,-1098,-1689,-926,-158,-45,7,228,175,0
1703700,250,249,0,987,-3367,-1345,-1493,-1009,-108,2,66,216,174,0
1707021,250,250,0,781,-3690,-1625,-1285,-1085,-164,76,62,217,169,0
1710366,251,250,0,1100,-4268,-1875,-1382,-1165,-268,36,6,223,168,0
1713700,251,251,275,1118,-4686,-2059,-1329,-1258,-226,158,16,212,167,0
1717025,252,251,0,1250,-4785,-1518,-1369,-1357,-164,265,439,211,160,0
1720366,253,251,50,1606,-3975,-145,-1528,-1464,-9,171,293,208,157,0
1723700,253,252,68,1212,-3361,812,-1307,-1571,214,-60,567,207,162,0
1727028,254,252,12,1475,-412,1214,298,-1633,-22,-82,625,210,164,0
1730366,254,253,725,1418,855,968,1103,-1669,-348,-100,489,188,167,0
1733701,255,253,275,1250,867,82,2110,-1673,-207,-85,462,196,176,0
1737031,256,254,425,1193,336,-1204,3052,-1632,-222,98,341,188,179,0
1740387,256,254,481,1100,-455,-1659,3578,-1565,105,105,241,185,184,0
1743721,257,255,275,856,716,-1879,4416,-1471,-137,121,172,196,197,0
1747035,257,256,443,612,1915,-1792,5273,-1340,-171,75,375,187,194,0
1750391,258,256,162,875,1657,-1684,5909,-1162,-235,-1,305,202,196,0
1753725,258,257,725,968,637,-1987,6174,-928,-127,-63,311,188,191,0
1757037,259,257,68,987,64,-2214,6264,-661,-177,22,239,207,190,0
1760391,260,258,68,837,-122,-1945,5820,-379,-122,33,245,197,188,0
1763726,260,258,181,893,360,-1286,5139,-116,-50,99,75,191,185,0
1767041,261,259,462,893,2012,-393,4174,125,-470,127,56,176,185,0
1770391,261,260,668,837,1072,377,3059,344,-314,95,143,181,188,0
1773725,262,260,50,762,-129,1227,2242,543,-109,119,177,198,192,0
1777043,262,261,650,650,-791,2342,1750,731,-381,232,142,182,198,0
1780392,263,261,31,406,-1849,3352,1268,898,-12,77,35,199,211,0
1783726,263,262,650,387,-1485,3623,766,1045,277,-39,-55,182,212,0
1787046,264,263,68,31,-1461,2918,635,1186,-273,138,351,197,215,0
1790392,264,263,987,293,-2525,3095,545,1309,294,44,243,164,217,0
1793727,265,264,518,50,-681,3557,438,1409,240,-79,190,173,214,0
1797050,265,265,1006,87,1600,2512,572,1519,-176,-47,240,163,212,0
1800392,266,265,406,31,652,1640,611,1616,-154,91,294,179,215,0
1803727,266,266,1100,387,-68,1692,652,1702,66,231,279,158,196,0
1807053,267,266,650,162,-726,1212,579,1772,-89,-49,278,166,208,0
1810392,267,267,1175,668,-1157,-34,404,1832,-51,20,351,154,181,0
1813727,268,268,575,481,-1694,-813,518,1888,71,175,366,170,175,0
1817056,268,268,931,837,-2151,-1064,591,1950,32,-8,277,167,172,0
1820413,269,268,781,1175,-2271,-1772,609,2010,-44,60,242,185,180,0
1823748,269,269,650,631,-3078,-2506,423,2066,43,97,211,192,193,0
1827059,270,270,331,518,-3470,-2485,503,2130,70,123,260,209,199,0
1830417,270,270,443,331,-3367,-1983,568,2188,-79,80,140,203,209,0
1833751,271,271,162,556,-3209,-1662,801,2204,-342,160,22,218,197,0
1837062,272,272,0,500,-4815,-1272,411,2182,136,92,187,228,200,0
1840418,272,272,87,256,-4797,-1111,556,2134,162,-69,58,222,213,0
1843751,273,273,106,481,-3817,-1327,909,2067,100,1,186,221,201,0
1847066,274,273,0,387,-1761,-870,1210,1993,-2,32,244,220,206,0
1850418,274,274,500,425,-1505,-66,1523,1903,-11,-34,70,200,204,0
1853751,275,275,0,0,-1157,599,2053,1802,231,-53,-23,212,214,0
1857069,276,275,218,237,385,1510,2519,1696,207,13,37,199,214,0
1860417,276,276,668,125,1387,2146,2602,1584,45,78,40,191,220,0
1863752,277,277,0,0,1439,2613,2438,1465,121,4,50,215,215,0
1867072,277,277,406,87,2279,3220,2502,1361,96,-121,77,205,222,0
1870418,278,278,0,0,3047,3324,2673,1284,7,2,-74,215,215,0
1873751,279,279,0,162,3156,2831,2505,1232,87,23,9,216,202,0
1877076,279,279,443,312,3420,2742,2602,1218,120,-33,110,203,210,0
1880419,280,280,0,50,3761,2758,2824,1236,99,-27,90,215,208,0
1883752,281,281,0,0,4011,2590,2981,1274,137,80,74,200,206,0
1887078,281,281,368,0,4481,3264,2942,1327,-40,186,186,178,210,0
1890419,282,282,481,0,3771,3804,3081,1399,-450,-132,341,172,200,0
1893752,282,282,406,218,790,3228,2896,1470,-826,-48,696,176,186,0
1897083,282,283,1193,162,-2688,1995,2721,1538,-115,-385,905,150,189,0
1900440,283,284,950,162,-3087,314,1620,1574,858,-308,586,147,173,0
1903752,283,284,1325,593,-1567,-1002,297,1566,420,-42,516,143,166,0
1907085,284,284,462,481,1715,-2815,-724,1524,-236,-191,373,173,172,0
1910443,284,285,1025,406,2297,-4180,-1015,1472,-326,-272,330,159,176,0
1913776,285,285,800,781,1417,-5283,-1334,1412,-383,175,206,171,172,0
1917088,285,286,650,462,-531,-4120,-1837,1342,-217,133,107,179,173,0
1920444,286,286,425,856,-1108,-2628,-1921,1266,411,22,265,191,168,0
1923779,286,287,800,406,-266,-1036,-2198,1179,-210,1,430,171,176,0
1927091,287,287,706,725,-47,-329,-1944,1099,83,138,198,176,175,0
1930443,287,288,800,781,-392,272,-1864,1028,-108,-27,222,171,156,0
1933784,288,288,762,1156,-325,-133,-1286,972,-26,28,232,173,152,0
1937095,288,289,1062,875,252,-773,-1051,921,-171,-44,71,157,151,0
1940444,289,289,968,1306,249,-1489,-872,869,-202,29,118,162,144,0
1943786,289,289,743,1212,-100,-1741,-900,828,-271,-52,222,174,149,0
1947098,290,290,1287,1325,-982,-2172,-650,790,-135,-25,202,174,156,0
1950444,290,290,912,1193,-1152,-2700,-374,750,133,157,70,194,179,0
1953785,291,291,312,668,-676,-2286,-223,705,360,286,3,210,191,0
1957101,291,292,856,537,541,-1585,-564,640,-13,89,103,197,198,0
1960446,292,292,443,106,419,-1867,-521,560,-158,252,139,203,221,0
1963786,293,293,556,556,-55,-2296,0,481,-305,211,99,197,197,0
1967104,293,293,743,556,-1802,-1952,-168,394,-47,97,240,187,197,0
1970445,294,294,556,518,-2740,-1811,-219,311,117,148,254,197,199,0
1973787,294,295,950,256,-1977,-1842,-333,223,507,237,162,192,213,0
1977107,295,295,481,0,-122,-965,-390,127,363,180,142,201,228,0
1980446,295,296,1081,143,1513,262,-81,46,113,209,279,185,219,0
1983787,296,297,387,0,2241,1256,117,-30,141,32,128,206,222,0
1987111,297,297,500,275,3252,1168,305,-109,49,22,32,200,212,0
1990466,297,298,931,106,3686,879,470,-188,-77,45,56,193,221,0
1993787,298,299,237,12,3570,617,351,-269,54,25,176,214,210,0
1997114,298,299,725,368,3688,48,480,-350,-70,25,195,204,207,0
2000470,299,300,237,200,3510,-296,674,-419,147,345,282,214,200,0
2003788,300,301,106,181,3715,398,483,-489,-449,-264,1446,221,201,0
2007118,300,301,575,312,2421,294,1151,-504,-375,178,442,202,200,0
2010471,301,302,200,143,-187,2335,961,-483,-106,77,537,206,193,0
2013787,301,302,687,462,-499,2779,340,-450,16,18,169,196,192,0
2017120,302,303,406,181,1347,2671,-110,-422,-394,-31,397,195,191,0
2020471,303,303,556,631,760,3090,-424,-393,-105,-31,164,187,183,0
2023812,303,304,687,200,1427,3943,-713,-358,-170,-169,157,180,190,0
2027124,304,305,706,481,1410,3715,-819,-324,25,-2,111,179,191,0
2030471,304,305,556,50,2121,3611,-969,-285,-69,76,95,187,198,0
2033813,305,306,425,200,2407,3691,-1007,-256,-241,-118,188,194,190,0
2037127,305,306,612,237,1710,2882,-1067,-231,-322,-143,332,184,188,0
2040471,306,307,593,406,902,1758,-1240,-230,92,-40,308,185,179,0
2043813,306,307,687,275,1778,1020,-981,-227,-289,12,291,180,186,0
2047131,307,308,631,537,1694,763,-589,-219,-397,-120,273,183,172,0
2050471,307,308,1231,837,409,-107,-1348,-233,-318,-39,223,167,172,0
2053814,308,309,650,593,-1643,-1198,-1359,-255,-159,29,165,182,169,0
2057134,308,309,1100,931,-2301,-1344,-1308,-284,-136,-22,285,174,167,0
2060472,309,310,518,650,-2320,-1915,-1337,-319,-117,21,257,189,166,0
2063814,309,310,1025,1006,-2082,-2808,-1589,-351,-101,-28,145,178,163,0
2067137,310,310,443,912,-1665,-3199,-1641,-386,-63,14,150,193,168,0
2070493,311,311,762,1118,-1413,-3465,-1488,-432,-180,8,115,186,167,0
2073814,311,312,406,425,-1737,-3567,-1445,-472,-237,178,97,205,188,0
2077139,312,312,256,631,-2133,-3354,-1160,-502,-60,88,151,213,193,0
2080496,312,313,593,593,-2251,-3271,-868,-518,-83,144,73,211,195,0
2083814,313,313,237,537,-2555,-2632,-466,-521,-82,145,98,214,198,0
2087143,314,314,125,631,-2819,-1753,22,-517,11,118,154,220,193,0
2090497,314,314,237,556,-2869,-1072,274,-513,-15,204,118,214,197,0
2093815,315,315,200,518,-2544,-434,1091,-488,89,36,25,216,199,0
2097146,316,316,0,331,-1509,-383,1172,-466,134,14,102,222,193,0
2100496,316,316,256,518,-1276,-588,1541,-429,-226,259,43,213,199,0
2103839,317,317,200,668,-2574,477,1743,-389,-83,8,21,216,191,0
2107149,318,317,0,706,-3875,878,1569,-361,244,45,103,223,189,0
2110497,318,318,162,575,-3300,737,1762,-321,-117,182,90,218,196,0
2113842,319,319,0,12,-2632,1099,2092,-292,37,82,93,224,210,0
2117152,320,319,0,312,-2542,1605,1945,-261,144,-117,5,231,210,0
2120498,320,320,87,500,-2413,1415,2302,-200,25,-42,131,222,200,0
2123844,321,320,0,218,-1684,1216,2583,-116,275,41,167,223,215,0
2127155,322,321,0,218,53,1975,2825,-14,192,71,311,222,215,0
2130526,322,322,312,0,1494,2609,2457,84,34,398,1341,197,215,0
2133843,323,322,0,50,2772,5877,1783,165,-98,-272,624,199,211,0
2137158,323,323,612,0,2136,4985,1328,237,-375,-59,550,165,198,0
2140498,324,324,537,406,1611,4195,1705,322,-273,-291,770,169,176,0
2143843,324,324,1081,462,-1583,2118,1070,388,-302,-386,629,156,189,0
2147162,325,325,406,256,-2948,786,901,455,570,-170,325,176,184,0
2150520,325,325,837,481,-1075,243,524,502,178,-124,300,169,188,0
2153843,326,326,312,200,367,645,127,525,-77,-89,382,181,187,0
2157165,326,326,743,350,188,289,-196,561,-111,-297,293,174,195,0
2160521,327,327,312,0,363,-513,-264,595,64,-148,258,181,200,0
2163844,327,328,856,143,1527,-823,-753,612,-19,-16,150,168,190,0
2167168,328,328,312,162,1884,-666,-960,624,-82,-120,225,181,189,0
2170521,328,329,1025,237,1722,-992,-1424,629,41,-37,201,159,185,0
2173845,329,329,443,50,1768,-1564,-1845,623,-91,-97,83,174,195,0
2177171,329,330,800,368,1400,-1930,-2117,603,-37,-38,-7,171,178,0
2180521,330,330,143,125,1006,-2094,-2334,575,31,-6,108,190,191,0
2183844,330,331,781,293,395,-2165,-2803,524,47,-70,97,172,182,0
2187174,331,331,293,218,-52,-2210,-3181,452,84,9,287,182,186,0
2190521,331,332,781,293,-12,-2007,-3284,364,-61,17,225,172,182,0
2193877,332,332,687,743,-739,-2021,-3120,266,-224,-97,75,190,187,0
2197178,332,333,781,593,-1790,-2077,-3209,157,-225,8,70,185,179,0
2200522,333,334,537,406,-2567,-2207,-3308,19,123,117,156,198,189,0
2203847,333,334,856,425,-1342,-2095,-3035,-111,156,144,206,181,188,0
2207181,334,335,443,387,-307,-2007,-2481,-237,-140,190,110,203,190,0
2210522,335,335,143,293,-748,-1783,-2443,-368,-84,245,97,203,195,0
2213850,335,336,631,425,-2021,-1289,-2551,-497,49,269,175,193,188,0
2217185,336,336,462,612,-1751,-1194,-2346,-625,227,196,175,202,194,0
2220522,336,337,556,256,-611,-843,-2038,-754,85,276,106,197,197,0
2223853,337,338,256,425,265,-196,-1867,-873,-7,84,108,213,188,0
2227187,338,338,518,106,472,-226,-1821,-1002,60,12,107,199,205,0
2230523,338,339,481,106,995,-570,-1643,-1134,-68,113,22,201,205,0
2233856,339,339,218,312,746,-500,-1432,-1267,-132,19,-29,215,210,0
2237192,339,340,443,218,-255,-248,-1331,-1385,72,-32,193,203,199,0
2240547,340,341,556,31,-76,-250,-1113,-1476,286,71,310,197,209,0
2243859,341,341,200,0,2045,257,-855,-1544,-207,13,233,200,217,0
2247194,341,342,537,143,1812,993,-460,-1612,250,-121,351,198,203,0
2250550,342,342,406,575,1981,1972,-507,-1661,-327,-178,494,205,196,0
2253863,342,343,556,256,1387,2516,-635,-1709,-662,-337,590,197,197,0
2257197,343,344,275,143,-742,2251,-687,-1747,76,-303,725,202,193,0
2260555,343,344,612,387,-55,1991,-153,-1756,78,-262,510,184,180,0
2263866,344,345,593,593,1286,1244,677,-1728,-252,-399,480,185,169,0
2267201,345,345,668,443,447,411,750,-1697,-300,-296,208,181,177,0
2270556,345,346,368,481,-1136,-172,691,-1652,-158,-257,266,197,175,0
2273870,346,346,50,256,-1719,-891,651,-1601,23,-206,347,198,187,0
2277204,346,347,387,425,-1008,-1455,695,-1535,62,-47,278,196,178,0
2280556,347,347,331,518,-120,-1573,685,-1456,49,-101,193,199,189,0
2283873,347,348,481,275,907,-1688,441,-1376,-146,-97,174,191,186,0
2287207,348,348,12,275,555,-1911,242,-1295,-197,-38,139,200,186,0
2290557,348,349,743,331,-454,-1858,8,-1208,-101,-28,99,177,183,0
2293875,349,349,593,537,-1116,-1389,-324,-1118,-32,30,151,185,188,0
2297210,349,350,837,406,-1264,-922,-227,-1023,-56,21,96,172,179,0
2300557,350,350,725,762,-1344,-372,-54,-927,-5,-60,82,178,176,0
2303879,351,351,425,406,-1047,-52,547,-810,-27,-45,88,178,179,0
2307213,351,352,500,893,-971,-97,1052,-673,-131,-133,109,190,169,0
2310557,352,352,162,725,-1500,-612,1626,-528,132,-123,154,192,162,0
2313882,352,352,612,1156,-1119,-1233,1901,-391,-66,-11,237,184,155,0
2317216,353,353,481,893,-658,-1553,1572,-265,-212,-6,219,175,153,0
2320557,353,353,781,1250,-829,-1500,1356,-143,-103,138,187,185,160,0
2323885,354,354,425,1193,-530,-589,1018,-38,-70,147,217,204,163,0
2327219,354,354,612,1250,-249,7,500,40,-236,86,185,194,160,0
2330558,355,354,387,1512,-654,144,93,101,-392,111,148,206,162,0
2333888,355,355,518,1156,-2512,214,-211,152,-111,89,181,199,165,0
2337223,356,356,293,1400,-3568,-87,-227,196,35,293,204,211,168,0
2340581,357,356,293,1193,-2957,153,-329,231,55,332,192,211,179,0
2343891,357,357,631,1212,-2279,410,-479,257,-47,109,268,193,178,0
2347226,358,357,312,1175,-2530,-92,-679,271,-47,202,257,210,180,0
2350583,358,358,687,912,-2752,-569,-330,287,-29,281,188,190,178,0
2353894,359,358,593,1287,-2488,8,13,302,-41,286,214,195,174,0
2357229,360,359,612,1250,-2579,-129,199,324,106,216,271,194,176,0
2360584,360,359,518,1062,-2087,-159,862,371,-54,273,177,199,186,0
2363898,361,360,443,1193,-1640,387,1281,432,-39,243,180,203,179,0
2367233,361,360,668,1118,-1472,723,1653,489,66,131,176,191,183,0
2370584,362,361,387,1081,-891,707,2066,532,-119,99,245,206,185,0
2373901,362,361,668,1006,-1007,691,2411,584,-96,84,190,191,189,0
2377235,363,362,406,968,-1937,810,2522,641,-157,46,185,205,191,0
2380585,364,362,200,1006,-2568,989,3211,721,65,47,133,203,192,0
2383904,364,363,368,743,-2717,773,3642,813,165,0,202,194,190,0
2387238,365,364,406,931,-1692,743,4019,917,143,-43,333,192,180,0
2390584,365,364,668,781,-551,444,4258,1037,40,-54,312,178,188,0
2393907,366,365,406,668,89,-545,4194,1160,32,-51,277,192,194,0
2397243,366,365,575,650,-44,-1013,3697,1276,312,-12,368,183,195,0
2400585,367,366,425,893,788,-1436,3195,1386,217,13,300,191,182,0
2403910,367,366,650,762,1802,-2156,2810,1480,206,-99,341,179,189,0
2407246,368,367,500,762,2108,-2777,2304,1554,269,-74,403,187,189,0
2410585,368,367,781,743,2836,-3496,1859,1595,154,26,348,172,190,0
2413914,369,368,518,650,3407,-3727,1595,1612,-119,258,311,186,195,0
2417248,369,369,612,687,2456,-2858,1439,1606,150,277,574,181,193,0
2420585,370,369,425,575,1924,-1242,463,1561,86,105,435,191,199,0
2423918,371,370,518,500,2506,515,855,1539,189,15,318,186,187,0
2427251,371,370,387,800,3423,600,976,1527,-374,62,102,193,187,0
2430609,372,371,0,650,2042,767,1554,1544,-360,164,125,202,179,0
2433920,372,371,331,950,49,1317,852,1555,-70,83,226,196,179,0
2437254,373,372,0,743,-878,1649,695,1574,-71,61,183,206,174,0
2440613,373,372,443,725,-907,1082,1167,1617,-200,-93,29,190,191,0
2443923,374,373,368,1006,-1407,806,1199,1661,214,101,-2,207,189,0
2447258,375,374,443,481,-1002,1244,1147,1707,-96,173,115,203,201,0
2450614,375,374,387,631,-1527,1660,1220,1760,-37,-110,13,206,209,0
2453926,376,375,0,200,-1771,1397,1000,1813,-29,-5,-92,218,216,0
2457261,376,376,387,293,-1484,1298,545,1840,-130,4,22,206,227,0
2460618,377,376,331,181,-551,2068,769,1864,-258,-77,-40,209,233,0
2463930,378,377,106,68,-1951,1467,846,1884,41,-20,35,205,223,0
2467265,378,378,481,0,-2012,882,948,1887,-18,5,24,201,230,0
2470622,379,378,0,0,-2362,922,803,1872,-32,-22,-88,218,230,0
2473933,380,379,406,237,-2820,899,451,1834,-81,-43,-27,205,214,0
2477268,380,380,50,0,-2995,638,295,1779,57,-18,19,208,212,0
2480623,381,380,0,87,-2841,391,346,1714,-39,-14,-74,215,222,0
2483936,381,381,331,181,-2681,493,322,1646,-124,-44,-3,209,217,0
2487270,382,382,0,0,-3104,544,419,1558,97,-17,118,224,219,0
2490623,383,382,0,31,-2796,315,613,1464,438,43,225,215,225,0
2493940,383,383,237,0,-504,375,843,1364,279,-46,279,198,217,0
2497274,384,384,87,31,1039,713,910,1260,436,-63,332,206,209,0
2500623,384,384,612,481,2961,815,1115,1164,148,-76,436,194,201,0
2503943,385,385,406,275,4958,443,1213,1086,296,-91,553,189,196,0
2507277,386,386,612,0,4099,76,1426,1031,-310,-202,610,184,210,0
2510623,386,386,575,106,1704,-431,1755,998,-108,-274,663,170,195,0
2513946,387,387,1025,181,652,-1585,2180,994,224,-323,513,162,191,0
2517280,387,387,443,0,1830,-2924,2479,1013,-36,184,446,177,201,0
2520623,387,388,818,256,625,-1208,2148,1031,44,172,515,173,187,0
2523950,388,388,687,368,1405,-114,1444,1031,435,-97,406,180,197,0
2527284,389,389,406,237,3888,-53,1939,1077,4,49,344,179,188,0
2530623,389,390,687,256,3781,518,1243,1089,-500,-83,294,180,187,0
2533952,390,390,312,293,1706,779,1154,1095,135,-59,332,184,185,0
2537287,390,391,481,181,2679,659,1126,1081,108,79,288,191,191,0
2540644,391,391,12,12,3910,1130,561,1072,41,92,134,200,200,0
2543955,391,392,650,181,4161,2081,599,1069,-16,27,115,182,191,0
2547290,392,392,0,50,4697,2822,494,1048,-131,-36,10,209,198,0
2550648,392,393,425,181,3123,3034,101,1014,-505,24,73,194,191,0
2553958,393,394,0,425,570,2677,385,990,-324,-263,162,203,178,0
2557293,394,394,443,500,-1628,1681,951,981,-277,-285,212,193,174,0
2560648,394,394,0,612,-3663,-521,1177,987,-60,-26,125,203,168,0
2563962,395,395,0,593,-4204,-1533,993,1001,-38,-100,70,204,169,0
2567296,395,395,762,968,-4288,-2197,1072,1010,96,5,163,186,175,0
2570649,396,396,0,425,-3497,-2562,1536,1032,93,84,107,211,188,0
2573965,397,396,500,893,-2945,-2426,1903,1062,-46,151,16,200,179,0
2577299,397,397,0,425,-3180,-1937,1677,1089,-271,70,-42,211,188,0
2580649,398,398,0,631,-4756,-1678,1447,1120,-94,165,37,214,177,0
2583968,398,398,200,743,-5384,-1357,1220,1149,-96,278,48,200,171,0
2587302,399,399,12,1062,-5376,-873,887,1166,172,161,280,210,170,0
2590649,399,399,443,1081,-3007,-650,731,1179,223,108,604,203,169,0
2593972,400,400,0,856,-615,-609,636,1186,-158,233,411,214,165,0
2597306,401,400,0,1287,62,-698,634,1186,-152,325,317,212,158,0
2600650,401,400,200,1212,-122,-151,612,1179,-208,152,420,200,162,0
2603975,402,401,68,1250,-1334,15,807,1176,-131,240,324,207,160,0
2607310,403,401,500,1400,-2259,40,680,1162,-92,327,160,200,168,0
2610650,403,402,0,987,-2757,352,873,1152,144,267,262,214,174,0
2613978,404,402,0,1193,-1918,449,765,1131,-208,107,173,214,179,0
2617312,404,403,256,818,-1959,121,821,1102,-58,44,-29,197,183,0
2620650,405,404,0,575,-2811,-78,1068,1067,286,-164,-31,211,196,0
2623981,406,404,106,912,-2040,-374,2382,1064,68,0,113,205,194,0
2627315,406,405,256,518,-1172,-674,2486,1075,-8,25,102,197,199,0
2630674,407,405,0,518,-870,-936,2689,1114,397,27,220,199,202,0
2633984,407,406,537,312,595,-56,3194,1153,470,140,229,169,197,0
2637319,408,407,575,237,2462,1440,4237,1246,174,-9,257,167,217,0
2640675,408,407,706,0,2764,2487,4201,1342,284,56,336,160,222,0
2643987,409,408,875,0,3843,2708,4462,1446,424,-121,237,151,220,0
2647322,409,409,631,0,5554,2110,3988,1553,-45,-178,153,164,218,0
2650675,409,409,818,0,4551,102,3080,1630,-38,-122,179,170,216,0
2653990,410,410,237,256,3745,-1504,2077,1680,214,25,239,185,184,0
2657325,411,410,612,462,4848,-2669,1649,1728,0,-145,115,181,189,0
2660675,411,411,668,462,2860,-3275,879,1744,-130,114,256,178,189,0
2663994,412,412,518,275,116,-2498,-72,1712,110,26,385,170,183,0
2667328,412,412,762,668,-1367,-1737,-926,1646,-67,-123,302,173,178,0
2670676,413,413,650,350,-2091,-1779,-1628,1564,169,-31,351,163,179,0
2673997,413,413,875,781,-1348,-1676,-1896,1471,86,29,431,167,172,0
2677332,413,414,1043,237,-775,-1746,-2169,1356,-250,103,563,158,185,0
2680676,414,414,668,481,-321,-1837,-2022,1233,131,18,478,178,188,0
2684000,414,415,818,425,124,-1302,-2593,1099,-11,143,408,170,175,0
2687335,415,415,462,631,-453,-366,-3135,956,48,91,278,189,180,0
2690676,415,416,668,368,-323,522,-3353,813,88,147,369,178,178,0
2694004,416,416,1568,1231,309,973,-3331,682,19,10,284,191,209,0
2697338,417,417,893,837,744,769,-3223,558,-83,48,167,227,230,0
2700676,417,418,1025,668,502,259,-3023,444,-93,60,282,220,223,0
2704006,418,418,875,800,439,203,-2685,340,-103,5,233,228,232,0
2707365,419,419,612,368,-149,-209,-2465,244,-139,121,115,226,239,0
2710698,419,420,968,593,-1737,-603,-1904,159,-35,93,124,223,227,0
2714010,420,421,312,181,-2232,-738,-1355,95,78,51,84,242,233,0
2717368,421,421,0,293,-1883,-866,-1127,33,-31,16,-36,262,243,0
2720701,422,422,0,481,-1900,-887,-1160,-26,-44,-67,-75,266,233,0
2724013,423,423,0,0,-2150,-797,-1164,-88,84,-26,-163,257,243,0
2727371,423,424,200,143,-2740,-686,-1108,-156,-46,-165,-5,248,235,0
2730701,424,424,68,0,-3245,-961,-720,-253,1,-7,94,239,254,0
2734016,425,425,87,0,-2545,-1542,-427,-344,-55,-20,-43,238,251,0
2737375,425,426,612,0,-2794,-1914,-368,-440,-44,-9,-18,226,244,0
2740702,426,427,162,0,-3963,-1751,-652,-560,-71,-25,-138,234,234,0
2744020,427,427,31,275,-4216,-1287,-721,-715,567,55,329,241,228,0
2747377,428,428,0,200,-1745,-676,-575,-864,390,-90,336,240,216,0
2750702,428,429,425,406,1501,-746,27,-1003,190,-7,248,220,205,0
2754023,429,429,218,462,2868,-480,103,-1124,217,-48,238,221,208,0
2757381,430,430,312,387,4324,-389,406,-1208,-29,-163,298,200,196,0
2760702,430,431,875,443,4982,-802,747,-1249,-33,57,456,186,193,0
2764026,431,431,406,631,4793,331,928,-1272,248,65,481,195,183,0
2767383,431,432,762,443,6659,2557,1139,-1264,75,90,384,192,193,0
2770703,432,432,12,275,7086,4321,1319,-1220,-232,57,281,216,202,0
2774029,433,433,537,275,5742,4713,1011,-1160,-307,206,303,204,202,0
2777385,433,434,331,0,3983,5784,534,-1092,-131,193,329,199,206,0
2780703,434,434,275,162,3167,7355,299,-1023,-20,-1,239,202,208,0
2784032,434,435,518,125,2822,7856,172,-950,-443,-130,86,189,194,0
2787389,435,435,162,500,192,7599,308,-878,-607,-156,78,208,190,0
2790724,435,436,181,556,-4917,5731,559,-779,-190,-525,251,207,171,0
2794035,436,436,125,837,-7072,2796,1057,-648,-172,-238,355,210,172,0
2797393,437,437,50,893,-7218,869,964,-513,104,-125,65,214,169,0
2800727,437,437,331,800,-7120,-954,1244,-370,-138,16,156,199,174,0
2804039,438,438,350,687,-6676,-1260,1333,-228,-238,43,35,198,180,0
2807394,438,438,556,518,-7622,-1767,1901,-74,35,-199,207,187,189,0
2810727,439,439,575,650,-6017,-1974,2124,75,21,-25,71,186,182,0
2814042,439,440,706,293,-5593,-2846,1647,204,299,-13,147,179,201,0
2817393,440,440,387,275,-4079,-3225,2087,329,217,9,240,206,212,0
2820728,441,441,106,0,-1516,-3307,1963,432,185,-114,164,205,216,0
2824045,441,441,575,50,-472,-3956,2031,531,223,-107,240,196,224,0
2827394,442,442,106,218,1094,-4085,2318,640,150,191,192,221,215,0
2830728,443,443,68,162,2980,-4288,2114,742,-18,268,216,207,202,0
2834048,443,443,350,500,2938,-3421,1823,834,55,258,258,208,200,0
2837394,444,444,12,368,2875,-2345,1904,916,-91,168,131,210,191,0
2840728,444,444,443,650,1600,-1300,2096,995,-257,315,32,203,192,0
2844052,445,445,0,293,-27,-225,2034,1070,-204,327,128,212,195,0
2847394,446,446,0,462,-1242,987,1984,1152,236,173,301,215,186,0
2850728,446,446,481,500,-368,1967,2308,1247,-184,63,142,201,200,0
2854054,447,447,68,331,-894,2190,2292,1336,-112,15,-13,207,193,0
2857394,448,447,68,481,-2078,1702,2791,1423,258,136,416,207,201,0
2860729,448,448,0,162,-137,2293,2836,1508,115,147,318,213,202,0
2864058,449,449,181,500,251,2034,2586,1576,479,-472,386,201,200,0
2867415,449,449,875,293,1010,283,2995,1646,686,-296,512,180,211,0
2870750,450,450,425,68,4627,-1434,3154,1716,153,-49,331,188,207,0
2874061,450,451,818,293,5372,-1776,2721,1765,149,-184,131,183,211,0
2877448,451,451,293,0,4937,-2129,2862,1814,91,-222,262,198,224,0
2880753,451,452,575,0,3871,-2336,2986,1875,-8,-86,240,183,212,0
2884064,452,453,162,0,3030,-2200,2898,1949,-32,-61,229,189,203,0
2887419,452,453,968,0,2094,-1379,2178,2008,-227,-15,347,162,207,0
2890754,453,454,837,0,265,-205,1782,2058,131,-120,357,169,201,0
2894067,453,454,1212,12,480,-203,1782,2104,208,-193,351,149,197,0
2897419,454,455,1006,368,1432,-447,2011,2150,100,-7,335,160,178,0
2900754,454,455,1212,350,2115,-381,1693,2170,-61,-232,313,149,179,0
2904070,455,456,1081,425,1771,-538,1482,2186,-331,-70,191,156,175,0
2907421,455,456,875,293,1441,-1765,1117,2182,-162,94,136,167,182,0
2910755,456,457,631,443,1284,-2843,758,2164,94,116,170,180,174,0
2914074,456,457,593,312,1720,-3032,273,2113,-182,153,183,182,181,0
2917420,457,458,556,481,1670,-2727,54,2048,-38,439,191,184,172,0
2920754,457,458,631,350,1694,-1259,-174,1991,99,167,228,180,179,0
2924078,458,459,612,537,1710,-846,-221,1919,-198,104,208,181,169,0
2927420,458,459,818,500,1382,-883,-645,1838,-132,190,169,170,171,0
2930754,459,460,743,556,515,-297,-1097,1740,-37,191,176,174,168,0
2934080,459,460,781,350,267,29,-1172,1631,-65,149,182,172,179,0
2937421,460,461,518,481,124,-25,-1136,1529,-59,138,134,186,172,0
2940786,460,461,1100,1025,-113,250,-1592,1423,-189,42,13,184,172,0
2944083,461,462,443,725,-1059,390,-1503,1316,-288,9,-25,203,172,0
2947421,461,462,743,893,-2212,-101,-1781,1195,2,79,133,203,179,0
2950755,462,463,368,575,-2066,-381,-1784,1076,-68,179,170,207,180,0
2954087,463,463,556,875,-2121,-189,-1670,962,-170,222,8,197,180,0
2957442,463,464,556,650,-2936,138,-2111,823,-115,128,89,197,176,0
2960779,464,464,556,837,-4063,129,-2186,683,57,202,222,197,182,0
2964090,464,465,762,800,-3928,78,-1879,538,-14,210,121,202,184,0
2967445,465,465,331,800,-3353,450,-1454,403,81,203,150,209,184,0
2970779,466,466,443,537,-3154,670,-1033,290,99,255,232,203,198,0
2974093,466,467,481,256,-2762,747,-714,174,183,195,282,201,197,0
2977446,467,467,181,556,-1023,1003,201,82,122,189,279,217,197,0
2980779,467,468,781,462,338,1466,553,14,170,81,294,201,202,0
2984096,468,468,462,275,1370,1595,1038,-42,129,-40,259,202,212,0
2987446,469,469,237,256,2320,1358,1758,-80,211,-37,182,214,213,0
2990779,469,470,443,125,3280,1310,1952,-110,140,-160,170,203,204,0
2994099,470,470,406,331,4254,1184,2130,-111,126,-155,187,205,209,0
2997446,470,471,950,443,5590,1025,2118,-101,-320,163,288,192,203,0
3000779,471,472,443,331,3372,2135,1450,-111,-351,20,585,203,193,0
