Time, Rlegs, Llegs, DCL, DCR, GyroX, GyroY, GyroZ, GyroZAvg, AccelX, AccelY, AccelZ, LBEMF, RBEMF, SteerOut
2767,130,127,0,0,-129,-83,246,246,4,8,229,21,21,0
6101,130,127,0,0,-130,-81,248,246,1,11,226,22,21,0
9417,130,127,0,0,-127,-79,244,246,2,12,226,21,22,0
12770,130,127,0,0,-129,-80,248,246,0,13,224,22,21,0
16105,130,127,0,0,-129,-81,242,246,0,15,224,21,21,0
19420,130,127,0,0,-127,-81,246,246,2,13,225,22,21,0
22771,130,127,0,0,-130,-81,246,246,1,14,229,22,22,0
26105,130,127,0,0,-129,-82,248,246,1,12,226,22,22,0
29423,130,127,0,0,-131,-83,249,246,2,9,230,21,21,0
32771,130,127,0,0,-130,-85,248,246,-1,10,228,22,22,0
36105,130,127,0,0,-129,-83,247,246,1,12,227,22,22,0
39427,130,127,0,0,-128,-83,250,247,1,11,231,21,21,0
42771,130,127,0,0,-125,-79,248,247,2,10,229,22,22,0
46105,130,127,0,0,-129,-83,245,247,0,11,229,21,21,0
49430,130,127,0,0,-129,-80,246,246,1,15,229,21,21,0
52771,130,127,0,0,-129,-80,245,246,-1,11,223,22,21,0
56105,130,127,0,0,-129,-81,243,246,1,13,226,22,21,0
59433,130,127,0,0,-130,-82,245,246,0,14,227,22,22,0
62772,130,127,0,0,-130,-81,246,246,1,13,228,21,21,0
66106,130,127,0,0,-132,-83,247,246,4,12,227,21,21,0
69436,130,127,0,0,-130,-83,249,246,0,15,225,21,22,0
72772,130,127,0,0,-131,-83,250,246,1,11,233,21,21,0
76107,130,127,0,0,-132,-83,249,246,3,11,223,21,21,0
79439,130,127,0,0,-130,-81,248,246,0,11,226,22,22,0
82793,130,127,0,0,-129,-79,249,246,3,8,229,21,21,0
86128,130,127,0,0,-129,-78,247,246,5,12,225,21,21,0
89442,130,127,0,0,-128,-82,245,246,1,11,226,21,21,0
92797,130,127,0,0,-130,-81,246,246,0,13,225,22,21,0
96130,130,127,0,0,-131,-80,244,246,6,11,224,21,21,0
99446,130,127,0,0,-130,-82,244,246,0,14,229,21,21,0
102797,130,127,0,0,-130,-82,244,246,3,10,228,21,21,0
106130,0,0,0,0,-129,-81,248,246,0,12,231,22,22,0
109449,0,0,0,0,-130,-81,246,246,0,12,223,22,21,0
112797,0,0,0,0,-127,-80,247,246,1,12,221,22,22,0
116130,0,0,0,0,-128,-80,247,246,1,13,224,21,22,0
119452,0,0,0,0,-130,-81,249,246,3,12,229,22,21,0
122798,0,0,0,0,-129,-80,248,246,4,14,227,22,22,0
126131,0,0,0,0,-131,-83,246,246,0,15,225,21,21,0
129455,0,0,0,0,-130,-83,245,246,1,12,223,22,21,0
132798,0,0,0,0,-131,-81,245,246,0,14,228,21,21,0
136131,0,0,0,0,-132,-83,246,246,0,15,223,22,21,0
139458,0,0,0,0,-131,-84,245,246,3,13,231,22,22,0
142798,0,0,0,0,-130,-83,249,246,-1,11,231,21,22,0
146131,0,0,0,0,-129,-81,247,246,0,14,224,22,21,0
149462,0,0,0,0,-128,-82,246,246,-4,19,231,21,21,0
152798,0,0,0,0,-126,-84,248,246,0,14,227,21,21,0
156131,0,0,0,0,-130,-82,246,246,3,11,227,21,21,0
159465,0,0,0,0,-128,-81,248,246,1,14,225,21,21,0
162819,0,0,0,0,-130,-79,247,246,2,13,228,21,21,0
166134,0,0,0,0,-130,-82,248,246,-3,12,225,21,21,0
169468,0,0,0,0,-130,-82,249,246,1,9,230,22,21,0
172823,0,0,0,0,-133,-84,248,246,1,11,225,21,21,0
176156,0,0,0,0,-129,-82,247,246,2,11,223,22,21,0
179471,0,0,0,0,-128,-82,249,246,1,13,226,21,22,0
182824,0,0,0,0,-128,-82,245,246,2,13,227,21,21,0
186159,0,0,0,0,-128,-80,246,246,1,13,230,21,21,0
189475,0,0,0,0,-129,-79,246,246,3,12,228,22,21,0
192823,0,0,0,0,-129,-79,244,246,1,12,223,21,21,0
196164,0,0,0,0,-127,-80,246,246,1,13,230,21,21,0
199478,0,0,0,0,-127,-80,244,246,1,14,224,21,21,0
202824,0,0,0,0,-129,-83,245,246,-2,12,229,21,21,0
206168,0,0,50,12,-128,-82,245,246,-6,-2,232,27,29,0
209481,0,0,0,31,-139,-114,245,246,0,13,221,39,28,0
212827,0,0,0,125,-132,-94,246,246,0,19,224,37,23,0
216168,0,0,0,68,-128,-109,263,247,3,13,227,34,26,0
219484,0,0,0,87,-155,-100,277,247,10,15,228,31,25,0
222827,0,0,50,68,-120,-100,275,248,-8,16,227,27,26,0
226169,0,0,68,87,-157,-97,265,249,1,7,233,26,25,0
229487,0,0,237,293,-168,-116,264,249,-21,14,225,33,30,0
232828,0,1,0,0,-204,-160,239,249,-8,16,227,47,40,0
236168,0,1,68,0,-174,-153,241,249,8,16,221,42,33,0
239490,0,1,125,106,-81,-159,262,250,-17,20,221,39,24,0
242848,0,1,68,125,-116,-146,286,251,-8,18,225,42,23,0
246169,0,1,68,87,-144,-130,288,252,-1,23,227,42,25,0
249494,0,1,143,106,-148,-78,271,253,1,14,224,38,24,0
252852,0,1,200,218,-171,-69,240,253,-14,9,222,51,34,0
256169,1,1,0,106,-255,-130,211,252,1,15,233,61,40,0
259497,1,1,0,143,-259,-152,208,250,18,10,219,50,38,0
262852,1,1,143,200,-155,-137,236,250,18,14,233,38,35,0
266170,1,1,181,181,-109,-87,275,251,-4,9,224,36,36,0
269500,1,1,87,162,-166,-87,300,252,0,11,222,41,37,0
272853,1,1,425,500,-210,-77,296,254,31,13,228,39,35,0
276193,1,1,256,350,-151,-103,292,255,2,14,233,48,43,0
279503,1,1,87,200,-100,-150,277,256,3,17,237,57,51,0
282853,1,1,162,293,-120,-157,284,257,-4,18,232,53,46,0
286195,2,2,0,0,-122,-147,292,259,-18,18,224,54,46,0
289506,2,2,0,256,-146,-110,324,261,-8,15,208,48,32,0
292853,2,2,218,256,-115,-60,335,264,1,19,221,34,32,0
296196,2,2,143,237,-101,-25,340,267,2,17,234,38,33,0
299510,2,2,350,462,-67,-19,321,269,-7,10,234,43,37,0
302854,2,2,106,256,-105,-54,296,271,1,12,231,56,48,0
306195,2,2,162,312,-148,-39,289,272,7,-2,230,53,45,0
309513,2,2,162,275,-58,-17,284,273,11,6,220,53,47,0
312853,2,2,143,275,52,28,340,276,63,19,214,54,47,0
316196,2,2,162,275,306,158,192,275,207,2,185,53,47,0
319516,3,2,0,293,1237,420,162,272,34,-12,169,52,46,0
322853,3,2,275,406,1746,622,-27,263,-184,-37,186,47,56,0
326196,3,3,106,68,754,609,-314,245,-96,30,199,56,58,0
329520,3,3,162,293,192,895,-472,221,188,95,238,53,46,0
332878,3,3,162,275,1045,1464,-427,200,225,2,245,53,47,0
336197,3,3,125,256,2118,1557,-420,178,-55,22,189,55,48,0
339523,3,3,143,256,1879,1498,-581,153,-93,21,253,54,48,0
342878,4,3,125,556,1111,1582,-740,122,100,4,232,55,48,0
346197,4,3,162,387,1344,1736,-684,92,39,89,276,53,57,0
349526,4,4,125,0,1484,1844,-640,64,-45,58,277,55,64,0
352878,4,4,162,218,1102,1766,-520,38,-42,68,258,53,50,0
356197,4,4,125,256,854,1705,-370,18,-4,135,317,55,48,0
359529,4,4,125,181,872,1740,-216,4,-41,70,286,55,52,0
362880,4,4,162,162,709,1647,-56,-3,-75,91,277,53,53,0
366222,4,4,443,462,402,1615,78,-7,-14,78,245,54,53,0
369532,5,4,0,256,321,1670,246,-7,-19,55,220,63,64,0
372879,5,5,256,0,397,1747,521,0,-51,34,222,48,70,0
376224,5,5,312,0,350,1812,564,8,-37,15,198,45,64,0
379535,5,5,237,87,392,1829,519,15,37,-41,126,49,57,0
382879,5,5,275,106,618,2106,312,15,-78,-74,119,47,56,0
386225,5,5,293,143,106,1938,119,10,-148,-163,185,46,54,0
389539,5,5,275,125,-577,1458,110,5,-157,-171,115,47,55,0
392879,5,6,275,0,-1272,1093,33,-2,-144,-140,122,63,66,0
396225,6,6,0,0,-1869,608,-95,-15,104,-84,288,70,66,0
399542,6,6,87,50,-1448,116,-28,-27,-53,-129,272,57,59,0
402880,6,6,293,87,-734,-277,38,-36,35,-167,291,46,57,0
406226,6,6,200,50,-251,-628,1,-46,-104,-148,256,51,59,0
409545,6,6,237,106,-220,-869,138,-51,-86,-139,214,49,56,0
412903,6,6,537,406,-423,-1004,226,-53,-87,-101,208,49,56,0
416226,6,7,350,0,-644,-1001,197,-56,-53,-92,216,59,64,0
419548,7,7,0,0,-757,-1064,60,-64,28,-24,236,66,69,0
422903,7,7,312,0,-535,-900,-83,-73,20,3,239,45,63,0
426226,7,7,350,0,-324,-650,-198,-84,6,-23,228,43,62,0
429551,7,7,275,68,-191,-446,-306,-93,31,-3,239,47,58,0
432903,7,7,275,162,133,-167,-308,-93,89,37,233,47,53,0
436226,7,8,593,106,533,150,-304,-87,61,10,226,46,56,0
439554,7,8,406,106,816,361,-292,-83,-16,-20,218,56,56,0
442904,8,8,0,87,690,302,-402,-83,29,8,235,66,57,0
446227,8,8,125,125,663,344,-399,-77,49,0,233,55,55,0
449558,8,8,350,106,700,326,-302,-63,-78,-49,259,43,56,0
452934,8,8,518,368,242,-177,-298,-51,-52,-7,252,47,55,0
456226,8,8,425,293,47,-400,-166,-36,-21,0,246,52,59,0
459561,8,9,312,0,-21,-557,40,-19,-27,-36,234,58,65,0
462904,8,9,331,68,30,-870,99,-4,-35,42,234,57,55,0
466230,8,9,331,162,-20,-874,212,8,-12,21,224,57,50,0
469565,9,9,0,181,73,-901,158,15,-60,42,212,59,49,0
472905,9,9,425,143,-221,-988,52,14,-9,55,212,36,51,0
476233,9,9,331,125,-296,-833,45,8,35,3,197,41,52,0
479567,9,9,537,481,49,-829,111,-4,18,15,194,46,49,0
482905,9,10,350,0,273,-910,135,-18,-2,-4,178,56,63,0
486236,9,10,312,12,307,-914,189,-28,-41,4,197,58,58,0
489570,9,10,331,200,140,-835,-5,-38,-81,31,223,57,48,0
492929,9,10,331,181,-374,-699,-152,-46,-48,26,230,57,49,0
496239,10,10,87,162,-535,-531,-331,-60,-8,22,252,54,50,0
499574,10,10,443,181,-479,-382,-534,-78,-10,16,270,35,49,0
502932,10,10,293,200,-331,-341,-592,-93,-28,-5,253,43,48,0
506243,10,10,593,537,-182,-302,-614,-112,-43,3,247,43,46,0
509577,10,10,387,312,-216,-279,-498,-128,-75,-23,230,54,58,0
512933,10,11,331,181,-496,-315,-398,-141,-35,-1,223,57,49,0
516246,10,11,312,350,-583,-348,-351,-156,9,16,235,58,40,0
519580,10,11,293,312,-479,-364,-216,-170,6,8,245,59,42,0
522938,11,11,125,312,-191,-376,-169,-181,-11,39,241,52,42,0
526249,11,11,368,331,4,-348,-29,-184,-34,6,234,39,41,0
529584,11,11,256,350,60,-342,106,-178,-121,0,232,45,40,0
532938,11,11,406,406,-545,-306,129,-168,-86,-8,252,53,53,0
536252,11,11,275,293,-966,-276,186,-153,-66,-7,245,60,59,0
539587,11,12,275,0,-1222,-270,228,-136,21,21,251,60,59,0
542939,11,12,331,275,-1155,-263,256,-118,23,-1,231,57,44,0
546255,12,12,0,275,-917,-320,262,-101,10,15,218,59,44,0
549590,12,12,275,218,-739,-318,276,-80,-24,27,206,44,47,0
552939,12,12,275,218,-743,-297,269,-59,-42,14,192,44,47,0
556259,12,12,500,500,-832,-253,259,-41,-21,36,194,48,48,0
559593,12,12,387,331,-897,-108,292,-23,-13,9,205,54,57,0
562940,12,12,218,256,-872,-66,386,-6,-28,2,225,63,61,0
566262,12,13,256,0,-942,-115,365,3,-23,13,239,61,60,0
569596,12,13,256,143,-1123,-220,270,9,26,35,225,61,51,0
572939,13,13,31,256,-1075,-238,189,8,20,51,211,57,45,0
576265,13,13,256,181,-870,-169,180,9,7,12,186,45,49,0
579599,13,13,200,162,-942,-111,132,11,-11,-15,168,48,50,0
582939,13,13,368,406,-1186,-157,163,15,-46,-28,195,55,53,0
586269,13,13,143,143,-1400,-232,201,18,-37,-12,195,67,67,0
589602,13,14,181,0,-1581,-233,315,23,-8,-19,229,65,63,0
592940,14,14,0,125,-1529,-284,339,28,23,15,219,68,52,0
596271,14,14,0,181,-1293,-338,351,39,-2,35,228,60,49,0
599606,14,14,125,143,-1137,-315,335,54,-32,17,209,52,51,0
602964,14,14,143,125,-1201,-281,353,76,-70,13,193,51,52,0
606274,14,14,87,87,-1411,-212,353,104,-45,-1,208,54,54,0
609609,14,14,350,293,-1616,-41,460,136,-43,-5,206,56,59,0
612966,14,14,50,106,-1607,28,529,172,-1,0,221,72,69,0
616278,15,15,0,0,-1537,14,571,206,-6,-13,237,72,66,0
619612,15,15,0,31,-1546,-142,560,235,-43,-35,235,64,57,0
622966,15,15,68,68,-1728,-329,522,263,-16,-23,226,55,55,0
626281,15,15,87,50,-1848,-381,473,284,-15,14,202,54,56,0
629615,15,15,68,31,-1603,-187,495,305,1,1,185,55,57,0
632967,15,15,368,387,-1559,-15,483,321,21,-18,214,55,54,0
636284,16,16,0,0,-1506,106,525,334,36,-7,216,65,66,0
639618,16,16,0,0,-1285,137,582,348,80,-40,230,75,67,0
642967,16,16,0,0,-1014,132,581,361,41,0,223,71,64,0
646287,16,16,0,0,-1008,50,535,370,42,29,198,67,64,0
649622,16,16,0,0,-996,-64,543,379,34,-41,229,61,62,0
652967,16,16,106,12,-949,38,616,390,70,-46,224,53,58,0
656291,16,17,68,0,-924,86,684,403,67,-19,228,55,56,0
659625,17,17,50,50,-863,55,567,412,72,-73,259,56,56,0
662967,17,17,125,31,-770,-39,621,424,83,-63,261,52,57,0
666295,17,17,125,12,-645,20,671,435,94,-76,238,52,58,0
669628,17,17,87,0,-339,102,706,445,92,-67,246,54,59,0
672967,17,17,125,12,157,164,781,458,72,-70,234,52,58,0
676297,17,17,106,87,421,202,820,476,53,-23,236,53,54,0
679631,17,18,106,0,350,241,793,495,56,-20,193,53,57,0
682968,18,18,0,0,116,252,816,514,-28,-67,241,55,56,0
686300,18,18,162,50,-212,99,650,531,44,-78,242,50,56,0
689634,18,18,68,12,-176,-5,505,541,54,-9,184,55,58,0
692992,18,18,125,68,-55,-119,377,547,17,-61,248,52,55,0
696303,18,18,106,50,61,-251,379,549,-6,-58,284,53,56,0
699638,18,18,68,106,-44,-377,410,551,44,-63,301,55,53,0
703026,18,19,443,162,-130,-544,497,556,33,9,279,54,53,0
706307,18,19,237,106,-104,-509,416,558,109,44,268,65,56,0
709641,19,19,0,87,505,-166,504,563,53,65,162,79,57,0
712996,19,19,0,87,760,184,565,569,-50,34,124,65,57,0
716310,19,19,68,87,694,298,661,576,8,-10,128,58,57,0
719645,19,19,162,106,348,395,616,578,87,20,178,53,56,0
723001,19,19,125,162,369,476,601,579,56,39,209,55,53,0
726313,20,20,68,0,446,490,669,583,-28,-7,203,58,56,0
729647,20,20,87,181,44,54,639,586,54,-26,244,57,52,0
733005,20,20,162,87,-137,-205,574,590,32,-19,243,53,57,0
736316,20,20,143,68,-106,-357,738,597,23,16,237,54,58,0
739651,20,20,162,68,173,-258,819,608,30,-12,252,53,58,0
743005,20,20,162,68,397,-170,910,620,-1,-11,266,53,58,0
746319,20,20,143,106,423,-205,929,631,3,-52,264,54,56,0
749654,20,21,162,0,420,-227,906,641,54,-42,221,53,58,0
753005,21,21,0,50,500,-221,936,653,45,-39,218,65,59,0
756322,21,21,68,50,440,-148,900,664,12,-8,216,58,59,0
759658,21,21,218,50,127,36,837,671,41,-20,240,50,59,0
763005,21,21,181,106,3,115,696,672,49,-25,277,52,56,0
766326,21,21,106,87,-48,108,609,673,28,-36,267,56,57,0
769660,21,21,125,106,-82,-11,456,668,31,-61,255,55,56,0
773005,21,22,481,162,-76,-147,384,659,27,-63,243,52,53,0
776329,22,22,12,181,-37,-201,378,649,28,-62,225,61,52,0
779663,22,22,12,125,31,-172,422,637,-3,-63,190,61,55,0
783006,22,22,237,143,-16,-188,434,625,6,-34,206,49,54,0
786332,22,22,256,125,-21,-226,434,614,55,-29,222,48,55,0
789666,22,22,200,162,140,-190,432,602,34,-22,223,51,53,0
793006,22,22,237,218,188,-145,446,596,-26,-26,213,49,50,0
796336,22,22,237,218,39,-130,441,594,16,-24,225,49,50,0
799670,22,23,500,218,-4,-155,433,595,17,-20,239,51,50,0
803027,23,23,0,237,68,-212,417,597,49,-20,227,67,49,0
806339,23,23,181,218,130,-276,364,595,-14,-17,242,52,50,0
809673,23,23,350,237,124,-343,376,591,26,-22,221,43,49,0
813031,23,23,256,200,184,-324,383,590,-23,-16,248,48,51,0
816342,23,23,275,237,-42,-218,346,585,83,-29,199,47,49,0
819676,23,23,312,237,-35,-204,419,581,7,-23,208,45,49,0
823032,23,24,425,50,-97,-284,405,573,49,-18,229,55,59,0
826346,23,24,293,143,-37,-311,420,567,10,-1,244,62,54,0
829679,24,24,31,275,45,-303,401,561,-1,14,229,60,47,0
833031,24,24,425,237,35,-216,359,551,21,4,223,39,49,0
836348,24,24,275,218,113,-135,352,542,-1,10,237,47,50,0
839682,24,24,293,218,169,-69,334,534,-23,-36,222,46,50,0
843032,24,24,612,481,111,-117,302,521,-41,-53,218,45,52,0
846351,24,24,462,331,84,-307,367,507,42,-83,246,53,60,0
849686,24,25,275,237,350,-582,398,491,-38,-62,220,63,65,0
853032,24,25,312,12,277,-778,561,479,41,-5,242,61,61,0
856355,25,25,31,181,248,-736,391,463,-14,7,216,60,52,0
859689,25,25,406,200,584,-563,430,447,-75,42,217,40,51,0
863032,25,25,331,143,385,-396,295,428,-43,36,234,44,54,0
866358,25,25,575,481,-18,-243,214,409,-21,35,244,47,52,0
869693,25,25,425,368,-107,-181,183,393,-29,23,244,55,58,0
873032,25,26,293,0,-151,-245,143,378,78,-8,239,62,63,0
876362,25,26,350,162,80,-415,213,371,53,-40,219,59,53,0
879695,26,26,31,200,355,-700,320,369,-9,9,231,60,51,0
883053,26,26,368,143,254,-683,340,367,57,19,224,42,54,0
886364,26,26,350,106,353,-480,326,364,-21,29,237,43,56,0
889698,26,26,275,162,322,-174,262,359,-11,17,240,47,53,0
893056,26,26,443,312,130,6,182,351,23,-7,240,54,61,0
896368,26,27,275,0,126,47,106,341,28,-3,249,63,67,0
899702,26,27,312,0,281,-55,58,329,41,-23,240,61,62,0
903057,27,27,50,181,480,-204,15,316,51,-62,244,59,52,0
906370,27,27,162,200,754,-455,118,306,-25,-52,216,53,51,0
909706,27,27,312,162,797,-632,143,297,-83,-10,220,45,53,0
913058,27,27,537,462,536,-573,81,288,-43,7,228,49,53,0
916374,27,27,350,350,362,-449,52,278,-33,-12,235,59,59,0
919708,27,28,256,0,248,-330,56,268,-36,-4,222,64,63,0
923058,27,28,293,200,76,-246,38,258,-23,-37,217,62,51,0
926378,28,28,31,181,-51,-278,-18,245,40,-29,211,60,52,0
929711,28,28,350,143,247,-409,36,233,47,6,214,43,54,0
933058,28,28,293,162,561,-408,15,221,36,4,220,46,53,0
936381,28,28,518,443,710,-382,-65,206,-61,-30,238,50,54,0
939714,28,28,350,237,531,-466,-77,192,-15,-7,234,59,65,0
943059,28,29,275,0,322,-485,-92,178,6,-30,234,63,62,0
946383,28,29,312,406,343,-412,-154,163,82,1,229,61,40,0
949718,29,29,0,331,780,-216,-242,146,35,-38,216,62,44,0
953088,29,29,406,500,1007,-298,-126,131,-40,-7,212,53,48,0
956386,29,29,518,312,733,-310,-169,113,-80,18,187,47,58,0
959721,29,29,293,237,200,-299,-200,89,-3,14,242,59,62,0
963059,29,29,312,350,-34,-357,-179,72,-51,-3,273,58,56,0
966390,29,30,425,31,-263,-489,-159,53,39,23,253,52,57,0
969747,29,30,425,425,-106,-545,-83,41,11,39,239,52,36,0
973080,30,30,125,387,60,-431,-124,31,53,56,260,52,38,0
976394,30,30,293,331,314,-365,-56,23,-40,49,229,43,41,0
979751,30,30,781,612,337,-356,-43,17,-27,61,222,33,42,0
983083,30,30,331,425,184,-320,-17,10,22,45,244,57,52,0
986396,30,30,350,368,208,-318,-11,0,12,33,246,56,55,0
989755,30,30,537,406,249,-354,-21,-10,4,52,221,46,53,0
993084,30,30,518,443,254,-361,-27,-21,16,62,227,47,51,0
996399,30,30,500,462,309,-321,-72,-32,-21,59,234,48,50,0
999757,30,31,500,181,316,-289,-55,-39,-16,79,237,48,49,0
1003084,31,31,237,368,116,-231,-123,-46,-50,60,223,46,39,0
1006403,31,31,725,668,-85,-153,-142,-53,26,32,213,36,39,0
1009761,31,31,425,368,-142,-158,-199,-59,43,33,221,52,55,0
1013084,31,31,500,387,69,-158,-219,-70,29,56,209,48,54,0
1016406,31,31,612,368,284,-121,-227,-81,-30,67,216,42,55,0
1019764,31,31,537,387,135,-79,-305,-94,-32,67,242,46,54,0
1023085,31,31,500,500,52,-110,-322,-105,-8,49,241,48,48,0
1026409,31,32,556,237,55,-130,-337,-117,-23,75,218,45,46,0
1029767,31,32,837,725,-31,-88,-354,-130,-14,69,234,46,36,0
1033085,32,32,425,500,-117,-96,-374,-141,-4,58,234,52,48,0
1036412,32,32,425,425,-124,-120,-440,-156,-13,89,210,52,52,0
1039768,32,32,443,481,-226,-116,-555,-174,-114,9,134,51,49,0
1043085,32,32,425,443,-801,-503,-640,-192,-66,30,187,52,51,0
1046415,32,32,406,425,-1096,-809,-626,-209,32,119,248,53,52,0
1049772,32,32,331,500,-624,-425,-515,-222,-176,87,176,57,48,0
1053106,32,32,218,406,-675,-39,-168,-222,-51,57,185,63,53,0
1056418,33,33,125,425,-1433,391,-531,-231,43,104,242,68,52,0
1059775,33,33,387,387,-1568,642,-617,-247,129,-1,271,54,54,0
1063110,33,33,387,331,-1096,401,-421,-255,175,33,338,54,57,0
1066422,33,33,331,331,-161,360,-367,-260,-10,59,303,57,57,0
1069775,33,33,312,443,203,438,-371,-266,21,-17,267,58,51,0
1073110,33,33,275,443,400,254,-278,-270,-11,53,241,60,51,0
1076426,34,33,0,425,405,283,-262,-275,-28,8,227,66,52,0
1079775,34,34,125,256,468,179,-209,-278,-44,41,175,52,45,0
1083110,34,34,425,631,317,133,-180,-282,-121,38,171,52,41,0
1086428,34,34,106,387,-214,150,-413,-293,-62,-31,185,69,54,0
1089776,34,34,143,331,-742,33,-461,-307,-29,30,196,67,57,0
1093110,34,34,200,331,-926,111,-522,-323,2,-4,221,64,57,0
1096432,35,34,0,312,-800,129,-518,-339,-31,13,203,68,58,0
1099776,35,34,12,293,-743,170,-425,-351,-27,16,195,58,59,0
1103111,35,35,125,0,-802,300,-360,-360,9,13,193,52,60,0
1106434,35,35,125,125,-809,483,-206,-365,17,31,223,52,52,0
1109776,35,35,218,368,-618,585,-102,-364,74,5,231,63,55,0
1113111,35,35,106,256,-174,456,-52,-361,102,1,232,69,61,0
1116438,35,35,162,256,422,302,-50,-357,-10,-7,242,66,61,0
1119777,36,35,0,256,522,164,-13,-350,-32,1,205,64,61,0
1123111,36,35,12,256,406,18,39,-342,-66,21,202,58,61,0
1126441,36,36,143,31,-48,6,121,-329,-33,44,190,51,57,0
1129798,36,36,68,237,-297,114,191,-313,-3,32,186,55,46,0
1133132,36,36,368,443,-373,210,221,-295,37,23,184,55,51,0
1136444,36,36,256,275,-303,270,230,-277,6,4,166,61,60,0
1139802,37,36,0,106,-361,292,168,-260,16,8,188,75,69,0
1143136,37,36,0,162,-375,250,101,-243,3,-20,205,72,66,0
1146447,37,37,0,0,-451,59,61,-224,8,10,206,64,69,0
1149801,37,37,31,0,-464,-24,53,-202,43,13,203,57,65,0
1153136,37,37,50,0,-372,-16,87,-180,72,30,225,56,61,0
1156450,37,37,50,0,26,104,131,-160,59,38,202,56,62,0
1159802,37,37,275,200,264,282,134,-150,55,13,200,60,64,0
1163137,38,38,0,0,402,407,98,-131,16,18,192,78,73,0
1166454,38,38,0,0,448,533,5,-111,-13,4,207,77,74,0
1169803,38,38,0,0,356,529,-71,-100,-19,19,207,72,73,0
1173137,38,38,0,0,276,522,-79,-91,-7,23,224,71,77,0
1176458,38,38,0,0,361,514,83,-77,-26,2,180,66,78,0
1179803,39,39,0,0,354,481,193,-62,-4,15,210,66,78,0
1183137,39,39,0,0,482,539,203,-48,41,-21,204,64,79,0
1186460,39,39,0,0,692,614,203,-35,-20,-9,183,59,82,0
1189803,39,39,50,0,652,556,254,-21,-12,-12,195,56,85,0
1193138,39,40,31,0,645,504,391,3,-15,-7,169,57,82,0
1196463,39,40,31,0,667,393,530,34,18,-35,163,57,84,0
1199803,40,40,0,0,253,414,440,64,-204,-70,281,62,94,0
1203138,40,40,12,0,-977,509,354,91,-45,-63,337,61,99,0
1206467,40,41,0,0,-1589,606,171,110,66,-73,320,62,103,0
1209824,40,41,31,0,-1139,652,45,122,54,-111,359,60,113,0
1213159,40,42,31,0,-524,543,37,130,-31,-107,349,60,112,0
1216470,40,42,31,0,-399,243,-13,133,-75,-107,324,60,114,0
1219828,40,42,31,0,-594,-5,-112,131,0,-66,318,60,119,0
1223161,41,43,0,0,-346,-177,-135,128,99,-62,242,63,113,0
1226473,41,43,0,0,437,-150,-129,125,91,-66,168,62,111,0
1229828,41,43,50,0,858,-47,-86,121,-3,-83,189,59,103,0
1233161,41,44,68,0,834,-26,-133,113,-8,-42,173,58,97,0
1236476,41,44,12,0,340,-101,-199,101,-5,-73,131,61,96,0
1239828,41,44,50,0,108,-153,-167,89,-15,-34,88,59,93,0
1243162,42,45,0,0,-200,-139,-163,76,-18,-2,86,60,82,0
1246479,42,45,0,0,-611,-72,-243,63,-56,-93,125,57,79,0
1249829,42,45,200,0,-818,53,-105,57,-74,-8,157,51,75,0
1253162,42,45,143,0,-1156,147,-172,50,-20,-50,180,54,71,0
1256482,42,45,50,0,-1082,230,-196,42,52,-46,240,59,63,0
1259829,42,46,125,0,-417,286,-204,33,-11,-5,303,55,58,0
1263162,42,46,143,0,-70,444,-121,25,-88,-15,292,54,56,0
1266486,43,46,0,0,-275,536,-67,19,9,-9,318,56,54,0
1269829,43,46,0,0,-22,542,-48,14,2,-33,321,49,54,0
1273163,43,46,387,0,514,614,13,14,-53,-56,283,41,55,0
1276489,43,46,181,0,406,636,66,19,-72,-89,263,52,56,0
1279829,43,46,106,0,15,593,46,23,-23,-90,268,56,55,0
1283163,43,47,200,0,-105,563,69,22,0,-67,294,51,56,0
1286492,43,47,181,0,18,525,146,21,-43,-55,306,52,58,0
1289829,43,47,181,0,-15,500,144,19,-11,-71,309,52,60,0
1293162,44,47,0,0,37,459,141,17,4,-78,288,55,62,0
1296496,44,47,237,0,251,384,217,16,-6,-79,264,49,64,0
1299851,44,47,200,0,374,312,230,11,6,-80,211,51,63,0
1303187,44,48,106,0,518,241,212,1,-11,-79,187,56,64,0
1306499,44,48,181,0,501,210,206,-6,-3,-76,190,52,66,0
1309854,44,48,143,0,531,216,204,-10,-6,-65,185,54,69,0
1313191,44,48,125,0,593,241,181,-10,-49,-57,184,55,74,0
1316502,44,48,162,0,495,271,141,-7,-25,-56,192,53,77,0
1319854,45,49,87,0,506,295,119,-4,-29,-56,206,57,78,0
1323191,45,49,12,0,545,296,103,-1,-37,-45,203,61,80,0
1326505,45,49,181,0,605,262,8,2,11,-52,214,52,85,0
1329855,45,49,143,0,719,202,-94,3,-42,-27,208,54,89,0
1333196,45,50,125,0,790,147,-207,1,-50,-48,225,55,88,0
1336508,45,50,125,0,795,133,-236,-3,-67,-37,178,55,89,0
1339856,45,50,106,0,718,121,-311,-8,-68,-58,191,56,96,0
1343197,46,50,87,0,660,116,-433,-16,20,-65,221,57,92,0
1346511,46,51,50,0,832,65,-613,-30,0,-69,229,59,91,0
1349857,46,51,106,0,978,65,-747,-48,-1,-85,233,56,94,0
1353197,46,51,106,0,1090,74,-886,-68,42,-52,207,56,93,0
1356514,46,52,68,0,1342,-41,-1002,-96,-93,-58,209,58,84,0
1359855,46,52,87,0,826,-412,-989,-122,-230,-81,271,57,74,0
1363197,46,52,68,0,-313,-803,-981,-146,-40,-37,309,58,67,0
1366518,47,52,50,0,-802,-952,-682,-161,99,-70,295,59,56,0
1369855,47,52,31,0,-254,-1192,-566,-175,15,-61,261,60,43,0
1373197,47,52,106,0,-158,-1506,-536,-190,5,65,224,56,32,0
1376521,47,52,143,0,-391,-1084,-414,-201,99,54,201,54,24,0
1379877,47,52,125,0,-214,-752,-364,-213,23,25,168,55,18,0
1383198,47,52,143,0,-281,-685,-393,-227,13,51,165,54,16,0
1386524,47,52,162,0,-447,-525,-233,-236,106,22,213,53,16,0
1389881,48,52,181,0,-123,-429,-55,-240,100,-28,245,52,18,0
1393198,48,52,162,0,443,-598,-191,-250,55,-11,192,53,19,0
1396527,48,52,200,0,704,-691,-20,-255,-35,7,184,51,20,0
1399881,48,52,275,0,494,-550,21,-259,-47,-2,212,47,22,0
1403198,48,52,200,0,383,-666,62,-264,-44,25,260,51,23,0
1406530,48,52,181,0,349,-730,86,-269,-57,11,269,52,22,0
1409881,48,52,200,0,271,-544,199,-269,-50,23,298,51,22,0
1413224,48,52,500,0,169,-439,276,-267,-87,5,266,51,22,0
1416534,49,52,0,0,84,-525,348,-262,-87,18,249,66,22,0
1419881,49,52,87,0,17,-545,427,-255,-66,33,243,57,22,0
1423224,49,52,312,0,106,-528,480,-244,-56,4,250,45,22,0
1426537,49,52,275,0,623,-647,347,-237,-100,43,217,47,22,0
1429881,49,52,200,0,410,-505,296,-231,-66,62,233,51,22,0
1433224,49,52,181,0,238,-232,177,-226,-22,12,237,52,22,0
1436541,49,52,500,143,357,-96,34,-222,-47,12,237,51,22,0
1439882,50,52,0,0,237,21,-27,-216,-41,3,213,68,31,0
1443224,50,52,68,0,55,104,-55,-210,10,-17,219,58,30,0
1446543,50,52,218,31,90,33,-136,-205,4,-18,198,50,28,0
1449882,50,52,218,31,67,-36,-175,-197,13,-25,200,50,28,0
1453226,50,52,425,293,50,-121,-191,-184,3,-38,201,52,27,0
1456547,50,52,275,12,27,-250,-174,-166,-5,-23,218,60,42,0
1459904,50,53,218,0,-5,-271,-131,-142,-15,-14,231,63,41,0
1463225,51,53,0,0,-59,-272,-106,-114,-18,-5,245,63,36,0
1466550,51,53,68,0,-76,-273,-122,-87,-21,4,266,55,31,0
1469906,51,53,293,68,-47,-236,-145,-61,-30,-4,256,43,23,0
1473225,51,53,200,68,15,-196,-135,-44,-45,4,252,48,23,0
1476553,51,53,200,68,80,-115,-101,-29,-49,-2,240,48,23,0
1479907,51,53,462,293,70,-35,-58,-14,-52,-15,224,50,27,0
1483225,51,53,218,50,47,-19,40,0,-48,-17,220,63,40,0
1486556,51,53,237,87,7,-55,94,13,-38,-14,231,62,38,0
1489907,52,53,0,143,-4,-112,133,30,-37,-14,226,59,35,0
1493225,52,53,312,143,20,-182,156,42,-23,-1,236,42,35,0
1496559,52,53,237,106,152,-294,147,48,-47,-2,234,46,37,0
1499908,52,53,237,143,188,-342,148,59,-61,3,224,46,35,0
1503250,52,53,237,143,158,-324,175,65,-90,1,211,46,35,0
1506563,52,53,481,350,-95,-247,192,70,-78,2,212,49,40,0
1509908,52,53,237,125,-276,-238,228,75,-49,3,214,62,52,0
1513253,52,53,293,218,-339,-290,232,80,-41,18,224,59,47,0
1516566,53,54,50,0,-237,-330,281,82,23,19,204,56,43,0
1519908,53,54,331,200,-75,-367,289,83,-24,37,210,41,32,0
1523254,53,54,218,162,-2,-416,293,81,-42,38,204,47,34,0
1526569,53,54,275,143,-44,-359,312,78,-34,50,218,44,35,0
1529908,53,54,537,443,-149,-180,317,72,-36,42,208,46,35,0
1533253,53,54,237,200,-250,8,340,72,-16,49,231,62,48,0
1536572,53,54,218,200,-286,94,321,73,-22,37,238,63,48,0
1539930,54,54,12,218,-313,155,285,76,2,52,243,58,47,0
1543254,54,54,162,218,-219,224,277,84,-2,45,237,50,47,0
1546576,54,54,312,218,-145,216,217,92,-36,40,224,42,47,0
1549931,54,54,200,293,-197,209,158,98,-17,29,216,48,43,0
1553254,54,54,256,293,-163,333,110,106,-36,23,217,45,43,0
1556579,54,55,518,275,-205,438,92,114,-97,-21,202,47,44,0
1559932,54,55,181,275,-391,359,137,125,-100,-52,237,65,44,0
1563256,54,55,181,350,-785,3,115,134,-14,-25,244,65,40,0
1566582,55,55,0,275,-950,-236,173,143,-34,5,255,64,44,0
1569932,55,55,68,293,-753,-342,253,154,-33,5,234,55,43,0
1573255,55,55,181,237,-620,-386,199,164,15,-5,209,49,46,0
1576585,55,55,143,181,-521,-291,225,176,-61,-22,199,51,49,0
1579933,55,55,406,462,-703,-140,231,187,-77,26,192,53,50,0
1583255,55,55,275,387,-894,166,365,202,-53,-28,203,60,54,0
1586588,55,56,87,0,-873,214,501,219,-7,-38,231,70,63,0
1589932,56,56,0,200,-859,159,557,236,-26,-21,237,71,48,0
1593257,56,56,0,256,-818,-6,648,253,38,-5,230,63,45,0
1596591,56,56,50,200,-561,-111,617,268,-16,-15,228,56,48,0
1599933,56,56,125,218,-494,-71,564,281,-44,-16,212,52,47,0
1603260,56,56,106,200,-558,110,458,290,-74,-19,212,53,48,0
1606594,56,56,387,462,-825,204,413,299,-60,-9,228,54,50,0
1609933,56,56,106,237,-979,233,427,307,-30,-23,234,69,62,0
1613263,57,57,0,0,-943,153,439,314,5,-18,258,75,62,0
1616598,57,57,0,106,-700,89,422,320,-29,-2,240,67,53,0
1619933,57,57,31,237,-589,82,375,325,2,13,221,57,46,0
1623266,57,57,106,200,-502,109,255,324,-31,-6,184,53,48,0
1626602,57,57,68,162,-477,146,215,322,-73,-24,191,55,50,0
1629957,57,57,68,200,-765,157,203,319,-44,-37,198,55,48,0
1633270,58,57,50,500,-955,102,177,315,-22,-28,212,56,48,0
1636604,58,57,0,312,-863,28,187,311,6,-37,220,66,58,0
1639960,58,58,0,31,-684,-106,226,307,-38,-32,232,63,57,0
1643273,58,58,0,275,-726,-280,257,305,26,19,210,59,44,0
1646608,58,58,50,256,-787,-239,297,305,-7,-42,191,56,45,0
1649966,58,58,87,181,-675,-150,488,312,-1,-17,200,54,49,0
1653276,58,58,31,181,-463,13,614,324,51,-27,249,57,49,0
1656611,59,58,0,162,-344,76,749,343,59,-78,298,59,50,0
1659967,59,58,0,293,-274,-27,845,366,15,-51,281,61,59,0
1663279,59,58,0,200,-369,-192,822,389,51,20,264,60,64,0
1666614,59,59,50,0,-536,-199,812,410,-41,-21,246,56,60,0
1669967,59,59,68,200,-611,-132,795,431,16,-7,255,55,48,0
1673283,59,59,12,200,-486,42,875,453,31,-41,229,58,48,0
1676617,59,59,31,162,-309,142,886,473,1,15,224,57,50,0
1679967,60,59,0,162,-237,157,811,492,19,-17,250,58,50,0
1683286,60,59,12,462,-108,187,831,511,-25,-45,225,58,50,0
1686621,60,59,0,312,-67,145,816,529,-28,-22,190,59,58,0
1689968,60,60,68,0,-242,29,770,542,-29,-28,182,55,65,0
1693289,60,60,31,125,-567,-127,743,549,-22,-23,188,57,52,0
1696623,60,60,0,218,-626,-202,692,554,74,-6,190,59,47,0
1699968,60,60,12,143,-295,-222,675,554,23,-4,211,58,51,0
1703292,60,60,350,518,85,-165,646,555,-49,-29,223,59,50,0
1706626,61,60,0,218,66,-244,668,559,-47,-4,213,75,66,0
1709968,61,60,0,237,-127,-255,710,566,-74,-28,202,72,65,0
1713295,61,61,0,0,-605,-208,762,577,17,25,235,69,63,0
1716630,61,61,0,162,-625,-167,782,588,19,1,248,68,53,0
1719969,62,61,0,275,-575,-123,662,595,83,13,223,70,47,0
1723298,62,61,0,256,-340,109,459,597,57,-41,224,73,48,0
1726633,62,61,0,556,-130,245,363,596,-39,-34,215,74,48,0
1729968,62,61,0,331,-216,271,268,597,-66,-51,208,70,60,0
1733302,62,61,0,368,-615,-8,248,598,-68,-51,229,72,58,0
1736636,62,62,0,50,-916,-201,254,599,-26,-23,316,72,59,0
1739994,63,62,0,275,-1062,-213,283,603,76,-37,293,74,47,0
1743305,63,62,0,200,-358,-84,355,608,65,-12,214,73,51,0
1746639,63,62,0,50,158,127,383,613,-30,-72,167,71,59,0
1749995,63,62,0,331,371,242,476,620,6,-14,165,71,60,0
1753308,63,62,0,106,975,682,560,628,-126,-38,158,70,72,0
1756643,64,62,0,181,-98,771,668,633,-27,-150,231,74,68,0
1759994,64,63,0,50,-1224,642,759,638,72,-108,245,73,59,0
1763311,64,63,0,237,-509,8,789,639,72,-129,245,70,49,0
1766646,64,63,0,200,-188,-388,983,643,9,-74,203,68,51,0
1769995,64,63,0,218,-72,-591,1173,654,-89,28,136,67,50,0
1773315,65,63,0,481,-551,-307,889,657,53,-153,300,69,52,0
1776649,65,63,0,256,-667,-321,994,663,310,-48,339,68,64,0
1779995,65,64,0,0,228,-485,576,654,49,-56,271,63,63,0
1783318,65,64,0,200,682,-324,578,644,-115,-89,218,61,51,0
1786652,65,64,0,331,-98,-298,638,639,-41,-37,243,60,44,0
1789995,65,64,0,293,-523,-332,577,631,90,-50,258,58,46,0
1793321,66,64,0,256,-75,-422,505,621,61,-33,238,57,48,0
1796656,66,64,0,575,203,-380,523,613,-53,0,210,57,47,0
1799995,66,64,0,331,114,-198,492,605,-19,-17,213,56,60,0
1803324,66,64,0,256,140,-173,490,599,-49,-66,242,51,64,0
1806658,66,64,0,368,118,-340,459,592,-78,-35,216,50,58,0
1809995,66,65,0,87,-64,-482,491,588,-44,-59,180,46,57,0
1813327,66,65,12,312,-60,-527,567,584,13,-59,190,45,45,0
1816663,66,65,50,293,149,-504,687,584,-10,-58,236,43,46,0
1820020,66,65,350,631,98,-539,598,579,-16,-9,250,43,44,0
1823330,66,65,31,331,-140,-597,392,566,56,6,242,60,60,0
1826666,67,65,0,312,-94,-608,383,558,38,-21,245,65,61,0
1830023,67,65,0,406,53,-650,339,554,6,4,230,60,56,0
1833334,67,66,0,162,112,-542,251,550,-51,31,214,53,53,0
1836668,67,66,0,387,26,-298,302,551,-80,-3,207,49,41,0
1840024,67,66,50,368,-307,-298,316,554,17,0,188,43,42,0
1843337,67,66,368,650,-155,-285,440,559,27,31,197,42,43,0
1846671,67,66,68,425,55,-188,414,563,-72,24,271,58,55,0
1850029,68,66,0,368,-157,-284,381,564,5,-26,228,62,58,0
1853341,68,66,0,406,125,-372,433,566,-57,1,244,57,56,0
1856674,68,66,0,443,-115,-468,367,562,26,16,249,52,54,0
1860033,68,67,50,143,79,-432,192,551,-24,-6,257,43,54,0
1863343,68,67,162,350,95,-371,86,533,-37,22,233,37,43,0
1866678,68,67,368,706,10,-231,154,514,-27,25,241,42,40,0
1870033,68,67,68,425,-174,-31,102,492,-15,14,251,58,55,0
1873347,68,67,125,406,-102,78,103,465,44,-8,222,55,56,0
1876681,68,67,125,462,-18,51,142,433,3,-28,226,55,53,0
1880033,69,67,0,462,14,5,220,412,-29,-7,237,56,53,0
1883350,69,68,0,143,-15,61,176,386,-40,-28,230,47,54,0
1886685,69,68,181,312,-189,77,158,373,-17,-30,212,36,45,0
1890033,69,68,443,706,-411,12,140,359,2,-20,226,38,40,0
1893353,69,68,162,425,-448,-149,141,344,70,-37,220,53,55,0
1896687,69,68,87,406,-244,-277,108,329,47,-40,226,57,56,0
1900034,69,68,237,387,-20,-329,141,318,3,-32,232,49,57,0
1903356,69,68,218,425,-146,-345,120,305,12,-13,240,50,55,0
1906691,69,68,181,425,-155,-297,107,293,-42,-23,236,52,55,0
1910034,70,69,0,106,-250,-335,112,281,38,-24,214,52,56,0
1913360,70,69,462,518,-223,-332,141,272,37,-16,207,37,50,0
1916694,70,69,275,443,-178,-303,119,260,48,-4,209,47,54,0
1920034,70,69,162,350,-246,-274,15,243,14,-33,228,53,59,0
1923362,70,69,312,312,-138,-242,-12,221,68,-28,218,45,61,0
1926698,70,69,312,331,-86,-266,-25,201,21,-25,249,45,60,0
1930055,70,69,275,331,72,-290,22,190,-22,-48,222,47,60,0
1933366,70,70,293,106,28,-353,93,181,-12,-35,243,46,56,0
1936700,70,70,612,556,-60,-383,135,174,17,-18,243,45,48,0
1940056,71,70,0,331,23,-437,173,172,7,-25,247,62,60,0
1943369,71,70,181,256,153,-559,146,167,4,-2,217,52,64,0
1946703,71,70,443,256,118,-558,224,164,-34,-13,212,38,64,0
1950060,71,70,312,331,33,-571,322,160,-32,-28,240,45,60,0
1953372,71,71,556,275,40,-719,486,163,-30,-5,239,45,60,0
1956706,71,71,425,218,121,-814,623,170,-36,11,213,52,63,0
1960060,71,71,350,293,65,-914,713,179,-47,-6,192,56,59,0
1963375,71,71,406,275,-158,-1048,744,191,-22,44,195,53,60,0
1966710,72,71,106,275,-251,-993,632,205,-112,24,138,53,60,0
1970059,72,71,256,425,-768,-897,484,217,-65,-157,70,45,52,0
1973379,72,71,387,350,-1997,-1441,789,237,176,-1,259,38,56,0
1976713,72,72,350,50,-1134,-1505,856,260,-22,30,293,40,56,0
1980061,72,72,631,387,-197,-1350,1023,289,-88,-41,132,41,54,0
1983382,72,72,331,200,-907,-1622,1230,323,97,88,232,57,64,0
1986716,72,72,387,143,-720,-1367,1161,353,86,105,267,54,67,0
1990060,72,72,406,200,-296,-1100,979,378,-289,-32,22,53,64,0
1993385,72,72,312,293,-2145,-1638,634,393,10,-140,118,58,59,0
1996720,73,73,125,0,-3328,-2807,546,405,232,94,220,52,60,0
2000060,73,73,575,143,-2276,-2808,542,418,105,162,409,28,51,0
2003388,73,73,500,162,-265,-1742,511,430,-133,123,247,32,50,0
2006723,73,73,687,387,-479,-1268,659,447,-34,229,452,38,54,0
2010061,73,73,481,162,-476,-306,332,453,-6,155,404,49,66,0
2013391,73,73,631,275,-202,325,-7,450,139,64,365,41,60,0
2016727,73,73,668,368,621,332,-51,444,29,87,310,39,55,0
2020082,73,74,668,200,1208,392,-295,431,2,68,237,39,48,0
2023394,73,74,631,350,1341,331,-442,413,-119,50,222,41,40,0
2026729,73,74,612,368,936,143,-581,395,-11,4,187,42,39,0
2030086,74,74,631,631,600,-78,-671,374,-95,14,170,41,41,0
2033398,74,74,650,387,170,-406,-660,354,-69,8,147,40,54,0
2036732,74,74,593,331,-228,-657,-483,338,-16,68,204,43,57,0
2040086,74,74,556,368,-279,-709,-293,326,-39,44,190,45,55,0
2043402,74,74,650,387,-614,-686,-117,319,-59,61,178,40,54,0
2046736,74,74,631,425,-915,-586,-36,312,18,66,199,41,52,0
2050086,74,75,650,162,-985,-342,100,311,95,29,236,40,50,0
2053404,74,75,631,368,-513,-132,203,310,35,19,228,41,39,0
2056739,74,75,912,631,-294,-109,193,306,23,65,228,42,41,0
2060086,74,75,725,425,-221,1,-83,288,35,17,232,52,52,0
2063407,75,75,462,575,104,63,-210,262,-9,50,214,50,44,0
2066742,75,75,800,556,245,139,-267,231,-75,63,193,32,45,0
2070086,75,75,612,443,82,220,-499,193,-24,71,220,42,51,0
2073411,75,75,593,443,-65,152,-559,155,3,58,232,43,51,0
2076745,75,75,650,518,51,86,-559,123,-13,53,237,40,47,0
2080087,75,76,987,518,123,-68,-496,83,-64,62,209,38,47,0
2083414,75,76,762,575,-72,-146,-407,43,-77,70,218,50,44,0
2086748,75,76,706,481,-367,-206,-343,0,-55,71,229,53,49,0
2090087,76,76,500,556,-530,-146,-310,-47,-13,100,231,48,45,0
2093417,76,76,650,575,-573,-20,-168,-88,-10,71,227,40,44,0
2096775,76,76,687,481,-565,90,-94,-122,63,51,256,38,49,0
2100108,76,76,612,500,-392,181,-35,-143,-21,36,243,42,48,0
2103421,76,76,668,462,-343,249,4,-160,-156,146,232,39,50,0
2106779,76,76,950,781,-610,422,-182,-182,71,-6,207,40,49,0
2110111,76,77,687,218,-491,246,32,-197,33,102,267,54,63,0
2113423,76,77,706,312,-298,439,38,-217,104,6,232,53,58,0
2116782,76,77,818,406,-292,564,124,-223,-28,70,229,47,53,0
2120112,77,77,462,312,-255,414,386,-211,103,17,224,50,58,0
2123426,77,77,725,218,-134,306,723,-187,62,20,200,36,63,0
2126785,77,77,706,143,-158,156,952,-148,94,-22,130,37,67,0
2130112,77,78,631,0,-226,-269,1289,-94,125,44,190,41,66,0
2133430,77,78,968,200,-11,-329,1464,-30,98,-1,193,39,64,0
2136788,77,78,687,106,346,-403,1703,44,81,23,169,54,69,0
2140112,77,78,781,31,435,-403,1777,120,38,19,173,49,73,0
2143433,77,78,912,12,517,-404,1725,189,31,8,202,42,74,0
2146792,78,78,518,87,526,-508,1793,254,67,-5,214,47,70,0
2150112,78,79,631,0,838,-590,1743,312,64,25,249,41,73,0
2153436,78,79,687,0,1333,-551,1738,367,-25,82,261,38,73,0
2156795,78,79,781,31,1227,-119,1413,409,-206,141,340,49,73,0
2160113,78,79,743,50,595,880,571,420,-129,102,359,51,72,0
2163439,78,79,593,181,427,1342,56,416,-81,41,308,59,65,0
2166795,78,80,725,0,261,1618,-509,402,-51,-62,247,52,60,0
2170114,78,80,725,106,55,1538,-676,388,-44,-1,271,52,53,0
2173442,79,80,425,31,-59,1381,-796,371,-17,-30,228,52,57,0
2176799,79,80,650,0,-116,1164,-918,358,37,-50,230,40,59,0
2180134,79,80,406,0,307,586,-924,347,-14,53,250,53,59,0
2183446,79,80,556,293,489,412,-983,334,-26,-36,246,61,59,0
2186803,79,80,312,31,271,277,-952,319,-97,-3,149,74,73,0
2190139,79,81,218,0,-390,220,-1158,296,26,-26,178,79,76,0
2193449,80,81,0,0,-308,145,-1217,269,5,4,134,81,76,0
2196803,80,81,181,0,-124,-27,-1198,241,-45,15,143,65,78,0
2200138,80,81,181,0,-365,-187,-1140,210,-62,1,109,65,76,0
2203452,80,82,256,0,-713,-275,-1033,181,-82,-69,114,80,76,0
2206804,81,82,0,0,-1069,-326,-865,155,-51,-15,108,99,78,0
2210138,81,82,0,0,-1280,-237,-664,134,-17,24,108,96,81,0
2213455,81,82,0,0,-1365,-115,-665,119,16,6,186,87,82,0
2216805,81,83,0,0,-1009,-30,-528,102,74,76,245,79,82,0
2220139,82,83,0,0,-631,218,-370,89,-8,96,186,75,86,0
2223459,82,83,0,0,-602,416,-232,78,54,0,346,64,91,0
2226805,82,83,518,0,-347,681,-3,66,50,-18,306,50,92,0
2230139,82,84,312,0,-75,779,271,52,9,-76,298,61,93,0
2233462,82,84,218,0,179,562,524,38,0,-82,279,66,96,0
2236805,82,84,256,0,259,155,656,18,-6,-84,271,64,99,0
2240139,83,85,0,0,187,-348,777,-2,-41,-52,232,67,99,0
2243465,83,85,143,0,-65,-546,876,-28,3,-53,216,54,97,0
2246805,83,85,218,0,-197,-474,1058,-50,24,-52,198,50,102,0
2250139,83,86,387,0,-299,-255,1247,-65,12,-33,202,57,97,0
2253468,83,86,125,0,-266,-160,1333,-80,73,-87,221,71,96,0
2256827,83,86,256,0,-3,-245,1383,-91,78,-82,253,64,95,0
2260161,84,86,0,0,419,-497,1361,-103,36,-93,239,62,88,0
2263472,84,87,143,0,544,-693,1355,-105,-36,-55,223,54,83,0
2266829,84,87,293,0,451,-685,1148,-87,-71,-2,249,46,77,0
2270164,84,87,200,0,-2,-145,760,-65,89,-2,266,51,73,0
2273474,84,87,500,0,368,278,432,-35,35,7,245,51,67,0
2276830,84,88,293,0,659,526,171,-9,-60,1,255,62,57,0
2280164,84,88,368,0,451,714,-51,14,-37,19,255,58,52,0
2283478,84,88,406,0,213,728,6,42,-73,3,231,56,47,0
2286830,85,88,256,0,-24,567,67,73,50,8,240,48,39,0
2290164,85,88,481,0,335,521,132,108,36,14,229,36,35,0
2293481,85,88,368,0,692,445,235,145,-22,-32,198,42,31,0
2296831,85,88,575,68,745,276,266,190,-70,-24,204,47,26,0
2300165,85,88,350,68,191,107,185,234,-38,6,268,59,26,0
2303484,85,88,331,87,-24,278,132,275,37,20,281,60,25,0
2306831,85,88,368,68,264,524,112,314,-43,-16,228,58,26,0
2310166,86,88,87,50,403,616,220,354,-82,-15,201,57,27,0
2313487,86,88,312,50,96,521,337,391,-2,0,209,45,27,0
2316830,86,88,350,31,136,530,493,427,-16,-3,226,43,28,0
2320165,86,88,500,256,496,461,736,471,-65,11,231,51,32,0
2323490,86,88,256,0,281,510,849,514,-1,6,237,64,47,0
2326831,86,88,312,31,200,554,870,553,36,-7,216,61,44,0
2330166,86,88,331,68,581,499,923,589,1,11,235,60,42,0
2333494,87,88,0,68,746,537,937,618,-52,1,235,62,42,0
2336831,87,88,256,31,545,637,903,638,-36,9,246,48,44,0
2340166,87,89,350,0,389,721,776,646,20,5,222,43,42,0
2343497,87,89,462,50,393,857,713,648,-62,41,199,53,43,0
2346855,87,89,218,50,358,971,622,643,-9,28,229,66,43,0
2350189,87,89,275,31,308,970,462,630,23,8,243,63,44,0
2353500,87,89,237,31,337,880,304,606,-110,27,200,65,44,0
2356856,88,89,0,31,-172,678,29,568,-111,-17,198,67,44,0
2360189,88,89,162,12,-499,392,-155,522,57,-42,215,53,45,0
2363504,88,89,256,31,22,20,-155,474,-44,-33,200,48,44,0
2366856,88,89,312,106,55,-187,-224,424,-76,-3,219,61,56,0
2370190,88,89,181,31,-361,-133,-414,369,-60,-27,187,68,60,0
2373506,88,90,200,0,-612,-122,-509,317,-31,-62,187,67,57,0
2376857,89,90,0,0,-570,-103,-395,281,17,-39,250,67,55,0
2380190,89,90,162,0,-264,117,-270,259,-3,-65,266,53,53,0
2383510,89,90,293,0,-38,140,-131,250,-24,-113,277,46,52,0
2386857,89,90,237,0,97,-99,-9,251,-71,-80,262,49,51,0
2390190,89,90,443,162,-246,-304,182,256,-42,-77,261,54,53,0
2393513,89,90,200,12,-423,-338,289,263,0,-73,274,67,61,0
2396857,89,90,237,68,-327,-369,365,271,9,-56,280,65,58,0
2400190,90,91,0,0,-54,-349,496,279,8,-32,252,62,59,0
2403516,90,91,387,0,77,-248,525,287,-36,-35,255,41,56,0
2406857,90,91,293,0,101,-219,499,297,-15,-25,219,46,54,0
2410190,90,91,293,0,-74,-231,455,307,-36,-22,199,46,54,0
2413519,90,91,556,143,-272,-223,438,317,-43,-15,183,48,54,0
2416858,90,91,312,68,-424,-219,405,323,9,-5,209,61,58,0
2420191,90,92,331,0,-323,-238,349,323,40,-10,217,60,58,0
2423523,90,92,368,0,-93,-314,347,319,-38,1,187,58,57,0
2426879,91,92,200,0,-137,-381,350,307,-19,22,200,51,53,0
2430215,91,92,387,0,-204,-378,265,288,12,10,214,41,52,0
2433527,91,92,293,0,-19,-378,292,270,31,16,248,46,52,0
2436882,91,92,443,106,184,-399,375,253,-45,11,211,54,56,0
2440218,91,92,331,0,-21,-399,493,239,-40,9,210,60,62,0
2443529,91,92,350,68,-296,-396,493,226,-28,21,217,59,58,0
2446883,91,93,387,0,-485,-386,484,217,21,54,221,57,57,0
2450218,92,93,106,0,-271,-179,404,208,73,45,221,56,52,0
2453532,92,93,575,125,291,-2,367,200,1,33,237,44,52,0
2456883,92,93,293,50,519,43,372,197,-93,1,244,59,56,0
2460224,92,93,350,87,59,-92,285,196,-82,-2,236,56,54,0
2463535,92,93,406,106,-317,-189,250,203,-63,28,218,53,53,0
2466883,92,93,293,143,-703,-134,267,216,20,12,234,59,51,0
2470225,92,94,256,0,-865,-61,251,229,109,7,281,61,53,0
2473538,93,94,0,0,-226,-108,354,247,15,34,230,59,45,0
2476883,93,94,668,425,163,-102,355,271,19,11,222,39,36,0
2480224,93,94,443,237,402,-161,412,300,-99,0,177,51,46,0
2483542,93,94,256,87,-102,-254,443,326,-135,29,163,61,54,0
2486883,93,94,406,106,-800,-188,452,349,-3,3,212,53,53,0
2490225,93,94,443,125,-875,-232,466,367,42,13,257,51,52,0
2493545,93,94,425,143,-600,-349,440,381,60,52,257,52,51,0
2496884,94,94,106,181,-192,-326,387,388,34,16,252,53,49,0
2500225,94,94,350,181,358,-300,392,391,-13,19,248,40,49,0
2503548,94,95,706,200,321,-267,377,391,-108,37,193,37,48,0
2506906,94,95,293,218,-114,-154,347,387,-76,15,200,59,47,0
2510225,94,95,293,200,-556,-49,309,380,0,5,251,59,48,0
2513552,94,95,425,200,-568,-53,290,373,18,15,256,52,48,0
2516909,94,95,368,200,-444,-122,243,367,26,17,252,55,48,0
2520226,94,95,368,181,-125,-299,158,358,8,25,246,55,49,0
2523555,95,95,87,200,10,-413,152,350,-27,25,232,54,48,0
2526909,95,95,331,237,-61,-446,151,344,-29,35,210,41,46,0
2530226,95,96,631,125,-181,-429,123,337,-8,16,223,41,52,0
2533558,95,96,237,125,-224,-419,124,330,26,26,235,62,52,0
2536909,95,96,387,237,-201,-345,62,324,51,44,213,54,46,0
2540250,95,96,443,218,-63,-243,-124,311,-35,-18,212,51,47,0
2543561,95,96,406,200,-60,-200,-74,297,-12,17,217,53,48,0
2546910,95,96,350,237,-236,-192,-151,276,-33,5,212,56,46,0
2550252,96,96,87,218,-233,-103,-62,259,-4,31,242,54,47,0
2553564,96,96,312,218,-228,-136,-107,241,-8,9,229,42,47,0
2556909,96,96,275,350,-196,-139,-75,226,-33,5,234,60,56,0
2560252,96,96,181,275,-214,-211,-33,213,-47,14,211,65,60,0
2563567,96,97,406,106,-453,-242,23,202,-77,-2,223,53,53,0
2566910,96,97,350,293,-679,-104,92,196,-16,-41,243,56,43,0
2570252,96,97,312,256,-899,-119,182,194,-15,20,224,58,45,0
2573570,97,97,12,218,-944,-45,299,195,36,-19,239,58,47,0
2576910,97,97,331,218,-600,-61,460,202,-9,-8,225,41,47,0
2580253,97,97,500,481,-248,-202,495,206,-6,-19,239,48,49,0
2583574,97,97,237,237,-134,-355,530,211,-65,-5,218,62,62,0
2586931,97,97,256,256,-230,-401,575,217,-69,14,217,61,61,0
2590253,97,98,275,50,-513,-321,581,221,-47,28,215,60,56,0
2593577,97,98,218,237,-746,-202,440,221,-32,45,232,63,46,0
2596935,98,98,0,200,-817,18,363,217,5,29,238,62,48,0
2600253,98,98,181,162,-714,188,257,212,-24,4,222,49,50,0
2603580,98,98,162,181,-751,171,180,205,-20,-4,213,50,49,0
2606935,98,98,350,368,-861,-34,39,194,-16,-16,184,56,55,0
2610254,98,98,143,181,-1002,-141,65,184,-59,-10,189,67,65,0
2613583,98,98,200,181,-1139,-156,111,177,43,-3,211,64,65,0
2616935,98,99,181,50,-1206,-221,90,170,15,-13,229,65,56,0
2620254,99,99,0,181,-1073,-288,227,168,26,28,224,67,49,0
2623586,99,99,31,125,-701,-374,178,166,65,6,239,57,52,0
2626936,99,99,162,106,-356,-541,197,167,17,-17,201,50,53,0
2630278,99,99,125,106,-272,-546,231,170,-108,24,130,52,53,0
2633590,99,99,406,331,-764,-233,384,177,-103,20,137,53,57,0
2636936,99,100,143,0,-1236,221,633,193,14,-21,199,67,68,0
2640281,100,100,0,0,-1082,240,762,213,65,12,268,68,59,0
2643593,100,100,0,200,-733,-27,719,233,74,8,283,66,48,0
2646936,100,100,0,143,-333,-444,590,256,20,3,237,61,51,0
2650282,100,100,31,125,-14,-699,541,275,1,-4,235,57,52,0
2653596,100,100,87,87,-16,-780,508,296,-46,14,196,54,54,0
2656936,100,100,312,350,-313,-615,476,312,18,-87,191,58,56,0
2660282,100,100,106,143,-528,-468,540,333,-25,-32,196,69,67,0
2663599,101,101,0,0,-483,-257,517,351,-64,-11,148,74,68,0
2666936,101,101,0,68,-472,-20,592,371,13,-29,237,60,55,0
2670282,101,101,106,162,-519,-38,649,390,-13,4,220,53,50,0
2673603,101,101,31,162,-596,-148,745,411,5,10,230,57,50,0
2676960,101,101,31,143,-443,-265,723,428,8,18,228,57,51,0
2680282,101,101,50,106,-328,-316,713,440,-9,14,221,56,53,0
2683607,102,101,0,406,-404,-374,666,447,-53,15,193,59,53,0
2686960,102,102,0,0,-700,-402,612,451,-5,13,199,70,63,0
2690283,102,102,0,31,-690,-401,569,452,-2,-10,200,70,57,0
2693609,102,102,0,106,-649,-406,554,451,-25,14,201,68,53,0
2696960,102,102,0,50,-711,-242,521,449,6,25,210,67,56,0
2700283,102,102,0,87,-589,-152,475,450,8,11,221,67,54,0
2703612,103,102,0,387,-435,-190,427,452,-21,33,217,74,57,0
2706961,103,102,0,125,-475,-293,404,457,-51,1,196,75,71,0
2710283,103,103,0,0,-594,-503,422,465,-50,15,224,74,67,0
2713615,103,103,0,87,-834,-650,421,476,-4,16,194,75,57,0
2716962,103,103,0,106,-944,-751,445,488,14,47,186,76,56,0
2720284,104,103,0,31,-823,-562,389,497,10,50,185,83,60,0
2723618,104,103,0,87,-686,-312,354,505,8,49,195,87,57,0
2726960,104,103,0,387,-737,-101,285,507,-30,4,194,90,57,0
2730287,104,104,0,0,-984,-91,287,510,-6,60,209,92,67,0
2733622,105,104,0,0,-1237,-91,254,512,1001,-207,1065,100,63,0
2736961,105,104,0,68,124,-667,231,512,-26,48,311,102,58,0
2740290,105,104,0,0,-29,-669,315,510,90,41,231,104,62,0
2743625,106,104,0,31,54,-249,446,504,-42,-81,173,110,60,0
2746962,106,104,0,50,122,-117,581,499,10,-51,184,106,59,0
2750294,106,105,0,0,143,-14,732,499,59,-54,179,105,64,0
2753628,107,105,0,0,301,144,913,509,83,-102,259,110,71,0
2756986,107,105,0,0,475,127,1128,527,42,-85,218,104,66,0
2760298,107,105,0,0,450,34,1314,553,-5,-75,182,99,64,0
2763631,108,105,0,68,474,-77,1486,584,-5,-90,216,101,58,0
2766989,108,105,0,125,462,-376,1556,616,27,-66,199,92,55,0
2770300,108,106,0,0,516,-503,1588,649,64,-40,206,91,58,0
2773635,109,106,0,68,660,-546,1567,680,-24,-38,212,87,58,0
2776994,109,106,0,31,505,-500,1441,705,-19,-44,203,85,60,0
2780303,109,106,0,68,347,-498,1373,724,-49,-63,193,80,58,0
2783639,109,106,0,31,181,-590,1350,744,-16,-38,234,77,60,0
2786995,109,106,0,31,199,-653,1171,758,-5,23,236,75,60,0
2790306,110,106,0,87,344,-452,1012,769,42,86,239,77,57,0
2793641,110,107,0,0,555,-349,890,778,-71,88,193,75,58,0
2796995,110,107,0,125,496,-66,679,781,-84,45,285,68,55,0
2800310,110,107,0,87,228,-116,547,781,-52,1,309,66,57,0
2803644,110,107,0,125,119,-314,519,781,-33,86,262,61,55,0
2806996,111,107,0,106,81,-371,428,779,-88,36,229,59,56,0
2810313,111,107,0,106,-31,-344,464,781,-42,21,200,56,56,0
2813647,111,107,0,162,-24,-273,445,782,9,32,214,53,53,0
2816995,111,108,0,0,17,-311,443,782,12,32,249,46,53,0
2820317,111,108,0,181,109,-230,404,782,34,50,216,45,52,0
2823650,111,108,0,106,120,-129,377,780,58,39,209,43,56,0
2826996,111,108,0,68,426,-41,351,779,38,12,226,40,58,0
2830319,111,108,0,68,603,-175,300,777,66,5,229,38,58,0
2833654,111,108,0,87,792,-366,264,776,9,28,170,37,57,0
2836996,111,108,0,106,802,-421,204,774,22,34,209,35,56,0
2840322,111,109,0,0,721,-390,181,771,34,65,207,35,58,0
2843657,111,109,0,50,595,-168,108,768,-63,106,69,33,59,0
2846997,111,109,0,50,58,430,65,760,-56,92,109,30,59,0
2850326,111,109,12,31,55,918,252,754,49,-6,277,29,60,0
2853660,111,109,50,68,429,910,429,749,-21,84,223,27,58,0
2856997,112,109,0,87,270,1032,687,748,65,-2,263,26,57,0
2860330,112,109,0,87,524,1035,828,745,-15,-58,262,24,57,0
2863663,112,110,0,0,637,761,966,740,-30,-47,256,22,57,0
2867021,112,110,12,106,921,490,1012,730,55,-66,239,29,56,0
2870332,112,110,0,31,1242,275,1106,718,-58,-54,261,32,60,0
2873666,112,110,0,12,1114,159,1042,702,0,-20,222,30,61,0
2877023,112,110,31,68,856,154,841,679,-106,-56,187,28,58,0
2880335,112,110,31,50,392,213,750,654,-66,-57,236,28,59,0
2883670,112,110,12,68,-2,182,485,624,-16,-74,235,29,58,0
2887023,112,111,31,0,-239,45,300,590,-12,-83,249,28,59,0
2890338,112,111,237,87,-360,-53,120,552,-37,-58,238,33,57,0
2893673,112,111,0,68,-481,-158,-52,513,38,-45,221,53,58,0
2897023,112,111,0,50,-364,-364,-56,480,96,-59,250,48,59,0
2900342,112,111,12,68,-152,-510,-177,447,22,-55,232,45,58,0
2903676,112,111,68,125,-57,-600,-236,418,78,3,247,42,55,0
2907023,112,112,50,0,35,-620,-226,394,106,-7,204,43,58,0
2910345,112,112,50,0,429,-617,-86,375,42,15,226,43,55,0
2913679,112,112,275,143,672,-557,4,362,-21,37,211,47,54,0
2917024,113,112,0,31,737,-399,15,348,-62,50,198,63,60,0
2920348,113,112,0,31,645,-275,67,336,-72,51,224,59,60,0
2923683,113,112,0,68,433,-166,133,326,-123,37,246,54,58,0
2927024,113,112,31,87,61,-187,268,322,-85,49,235,44,57,0
2930351,113,113,125,0,-148,-252,407,323,-24,53,244,39,58,0
2933686,113,113,106,0,-118,-247,491,327,-38,50,223,40,57,0
2937023,113,113,237,106,-92,-203,501,334,-25,41,216,49,56,0
2940354,113,113,87,50,-84,-192,480,340,14,54,226,57,59,0
2943689,113,113,162,68,12,-156,466,349,12,33,226,53,58,0
2947024,114,113,0,125,63,-199,380,355,30,3,239,49,55,0
2950358,114,113,237,162,247,-313,410,364,50,24,224,33,53,0
2953692,114,114,443,31,457,-372,409,375,9,38,233,35,57,0
2957048,114,114,68,162,459,-320,184,373,-45,-12,236,55,50,0
2960361,114,114,256,181,340,-342,85,362,-54,9,241,45,49,0
2963695,114,114,218,143,178,-386,40,342,-18,21,221,47,51,0
2967053,114,114,256,218,157,-309,-32,315,-38,-12,215,45,47,0
2970364,114,114,256,218,77,-292,-86,282,-34,-24,231,45,47,0
2973699,114,114,275,200,33,-328,-49,249,-37,-16,231,44,48,0
2977057,114,114,593,481,13,-401,33,215,-32,-9,239,43,49,0
2980367,115,114,181,350,-32,-436,91,186,-14,-21,234,49,56,0
2983703,115,115,143,12,3,-501,123,163,-16,-5,233,51,58,0
2987057,115,115,481,275,114,-494,243,147,-33,-3,218,33,44,0
2990370,115,115,293,256,62,-506,207,139,2,-7,225,43,45,0
2993705,115,115,350,312,28,-561,245,137,-35,34,229,40,42,0
2997061,115,115,387,368,64,-517,267,142,-39,45,231,38,39,0
3000374,115,115,387,293,-43,-379,259,151,-13,23,226,38,43,0
