Time, Rlegs, Llegs, DCL, DCR, GyroX, GyroY, GyroZ, GyroZAvg, AccelX, AccelY, AccelZ, LBEMF, RBEMF, SteerOut
1817,911,955,31,0,-121,-79,241,241,-30,-25,225,82,82,0
5142,911,955,31,0,-123,-78,243,241,-28,-27,229,82,82,0
8495,911,955,12,0,-122,-78,240,241,-26,-27,228,83,82,0
11819,911,955,12,0,-123,-78,245,241,-30,-25,228,83,83,0
15145,911,955,31,0,-121,-77,240,241,-29,-26,224,82,82,0
18496,911,955,12,0,-123,-74,245,241,-26,-22,227,83,82,0
21819,911,955,31,0,-121,-77,241,241,-27,-27,229,82,82,0
25149,911,955,12,0,-120,-79,243,241,-29,-21,227,83,82,0
28495,911,955,31,0,-120,-75,242,241,-26,-25,225,82,82,0
31818,911,955,31,0,-118,-74,241,241,-25,-28,231,82,82,0
35151,911,955,12,0,-122,-75,242,241,-31,-23,224,83,82,0
38496,911,955,31,0,-119,-73,243,241,-26,-24,223,82,82,0
41820,911,955,31,0,-121,-76,243,241,-27,-25,229,82,83,0
45155,911,955,31,0,-122,-75,243,241,-30,-27,224,82,82,0
48496,911,955,31,0,-121,-75,242,241,-28,-22,222,82,82,0
51823,911,955,31,0,-121,-75,241,241,-32,-27,230,82,82,0
55158,911,955,31,0,-126,-78,242,241,-28,-26,227,82,82,0
58497,911,955,31,0,-124,-78,242,242,-28,-24,226,82,83,0
61827,911,955,12,0,-125,-77,240,241,-30,-25,224,83,82,0
65161,911,955,31,0,-122,-77,241,241,-29,-26,229,82,83,0
68496,911,955,31,0,-127,-76,242,241,-27,-26,229,82,82,0
71830,911,955,12,0,-124,-78,241,241,-31,-21,230,83,82,0
75164,911,955,31,0,-123,-79,239,241,-27,-21,227,82,83,0
78499,911,955,12,0,-124,-79,243,241,-31,-24,227,83,82,0
81833,911,955,12,0,-122,-77,243,241,-31,-24,232,83,82,0
85167,911,955,31,0,-123,-78,243,241,-28,-26,229,82,82,0
88521,911,955,12,0,-123,-77,239,241,-29,-23,226,83,82,0
91836,911,955,31,0,-120,-76,242,241,-29,-26,229,82,82,0
95171,911,955,31,0,-123,-77,243,241,-27,-24,229,82,82,0
98525,911,955,31,0,-121,-75,241,241,-29,-23,223,82,83,0
101840,911,955,12,0,-118,-77,243,241,-27,-24,231,83,82,0
105174,0,0,0,0,-121,-75,242,241,-26,-24,228,83,82,0
108530,0,0,0,0,-121,-74,241,241,-27,-26,230,82,82,0
111843,0,0,0,0,-120,-75,242,241,-27,-24,222,82,82,0
115178,0,0,0,0,-120,-73,242,241,-30,-27,226,82,82,0
118531,0,0,0,0,-123,-75,242,241,-30,-24,230,82,82,0
121846,0,0,0,0,-122,-76,242,241,-28,-25,228,83,82,0
125180,0,0,0,0,-121,-76,242,241,-27,-25,229,83,82,0
128531,0,0,0,0,-121,-76,241,241,-28,-24,222,83,82,0
131849,0,0,0,0,-120,-78,241,241,-30,-25,226,83,82,0
135184,0,0,0,0,-122,-78,244,241,-27,-22,228,82,82,0
138531,0,0,0,0,-122,-75,243,241,-29,-25,226,83,82,0
141852,0,0,0,0,-123,-77,242,241,-28,-25,225,82,82,0
145188,0,0,0,0,-124,-80,243,241,-30,-26,220,82,82,0
148531,0,0,0,0,-122,-77,240,241,-25,-27,222,82,82,0
151855,0,0,0,0,-121,-74,242,241,-27,-23,224,83,82,0
155190,0,0,0,0,-124,-78,241,241,-30,-26,228,82,82,0
158532,0,0,0,0,-124,-76,240,241,-28,-24,226,83,82,0
161859,0,0,0,0,-123,-77,241,241,-32,-20,225,82,82,0
165193,0,0,0,0,-122,-77,240,241,-28,-22,229,82,82,0
168532,0,0,0,0,-120,-75,239,241,-31,-25,225,83,82,0
171862,0,0,0,0,-120,-74,242,241,-29,-22,227,83,82,0
175196,0,0,0,0,-123,-75,239,241,-28,-24,224,82,82,0
178532,0,0,0,0,-122,-77,241,241,-28,-26,225,82,82,0
181865,0,0,0,0,-123,-74,242,241,-28,-25,224,82,82,0
185199,0,0,0,0,-123,-76,241,241,-30,-23,227,83,83,0
188534,0,0,0,0,-120,-76,241,241,-28,-25,227,82,82,0
191869,0,0,0,0,-123,-77,242,241,-28,-21,230,83,82,0
195203,0,0,0,0,-120,-77,244,241,-29,-23,232,83,82,0
198558,0,0,0,0,-122,-78,243,241,-28,-27,225,82,82,0
201872,0,0,0,0,-121,-75,242,241,-31,-21,227,83,82,0
205206,1,1,2712,2712,-122,-76,241,241,-76,-71,171,82,82,0
208561,1,1,762,968,-212,-203,244,241,-46,9,235,202,191,0
211875,2,1,575,800,-300,-142,211,240,-53,17,165,212,216,0
215209,2,2,650,650,-457,-162,232,240,-13,-27,276,224,224,0
218562,3,3,293,631,-189,-110,287,241,-49,-2,275,243,225,0
221878,3,3,931,650,-124,-11,422,247,12,65,236,225,240,0
225212,4,4,781,518,25,-203,191,245,-122,16,249,233,247,0
228561,5,5,762,537,-94,-451,-44,236,-33,-11,310,250,262,0
231882,5,5,950,725,-452,-773,-115,225,-72,27,297,256,268,0
235215,6,6,368,293,-579,-1125,-281,209,-186,-18,407,267,271,0
238562,7,7,612,537,-1178,-1417,-562,184,-1,123,426,254,258,0
241884,7,8,1156,800,-774,-1730,-839,150,-62,95,350,241,244,0
245219,8,8,912,1100,-581,-1782,-1082,109,-232,57,392,254,244,0
248562,9,9,950,1287,-1126,-1727,-1426,56,-107,-81,387,252,234,0
251888,10,10,856,1231,-1513,-1561,-1780,-6,-253,126,213,257,237,0
255222,10,10,912,1587,-2320,-1369,-2235,-83,-288,0,316,270,234,0
258562,11,11,875,1850,-3062,-1302,-2509,-169,-159,155,255,288,236,0
261891,12,12,537,1287,-3271,-1499,-3244,-278,-338,264,91,290,250,0
265225,13,12,1325,2112,-3321,-873,-3527,-396,-64,80,203,284,258,0
268563,14,13,912,1587,-3740,-865,-2872,-493,-53,104,41,306,286,0
271894,15,14,612,1550,-4507,-2157,-2068,-565,-22,121,79,322,288,0
275228,16,15,312,1625,-4804,-2945,-1298,-613,-185,92,-34,338,284,0
278586,17,16,125,1550,-5320,-3064,-401,-633,179,190,110,348,288,0
281897,18,17,181,1550,-5290,-3624,715,-618,-111,260,-116,345,304,0
285231,19,17,462,1362,-6138,-3373,1543,-578,-106,134,1,346,330,0
288591,20,19,350,687,-7305,-2991,1534,-537,-43,35,32,352,350,0
291901,21,20,406,462,-8580,-2120,1447,-500,260,61,55,349,362,0
295235,22,21,406,125,-7693,-2054,1487,-461,417,-68,-234,349,380,0
298592,23,22,162,0,-5536,-2651,1591,-419,663,89,287,342,374,0
301903,24,23,425,68,-85,-1473,1236,-388,231,181,126,328,363,0
305239,25,25,818,162,-598,-559,849,-369,572,-9,386,307,358,0
308595,26,26,1306,87,1887,-539,974,-346,744,-185,329,297,362,0
311907,27,27,1418,87,6834,-354,1896,-294,562,299,387,291,362,0
315241,28,28,1250,181,8347,1265,1377,-259,259,245,216,300,357,0
318599,29,29,1550,275,9010,2003,1078,-232,274,-212,323,284,352,0
321911,30,30,1925,612,7269,1170,1254,-200,36,63,98,264,334,0
325245,30,31,2356,1100,5890,1760,1460,-163,172,28,251,257,308,0
328600,31,32,2056,1512,4910,2336,1338,-134,32,-30,341,293,306,0
331913,32,33,2581,1437,3605,1018,1956,-79,-62,192,158,265,310,0
335247,33,34,1681,1231,1700,329,2105,-12,-39,-11,188,313,321,0
338600,34,35,2168,1531,-30,-991,1517,38,-536,27,245,303,321,0
341917,35,36,1718,1287,-1561,-2572,1263,86,-61,-105,-67,327,334,0
345251,36,37,1643,987,-3616,-4309,1309,145,-60,515,48,331,350,0
348600,37,38,1456,650,-4145,-3923,872,198,413,407,177,341,368,0
351919,38,39,1043,462,-3248,-1851,461,246,140,238,47,363,378,0
355254,39,41,706,368,-2076,-629,274,300,-165,286,230,381,383,0
358601,40,42,856,0,-1784,152,386,367,-186,26,160,369,386,0
361923,42,43,462,0,-3787,782,683,458,-168,239,18,390,384,0
365257,43,44,425,125,-4439,805,659,557,268,-93,164,376,376,0
368601,44,45,387,387,-3254,532,731,682,89,179,-163,378,362,0
371926,45,47,237,12,-1655,565,217,799,48,160,251,386,366,0
375261,46,48,350,50,-428,721,103,892,637,12,310,380,364,0
378601,48,49,275,143,3219,1329,1164,993,-180,-339,357,368,359,0
381929,49,50,893,87,7365,1371,2306,1105,465,-709,288,335,362,0
385263,50,51,1587,106,9832,1179,2614,1199,612,-232,-16,314,361,0
388629,51,52,2093,968,9695,448,2396,1252,-474,130,289,307,351,0
391932,52,53,1475,1156,7621,2440,2689,1288,-411,212,194,340,341,0
395268,53,54,743,1718,5652,4461,3061,1336,-411,-318,1245,379,311,0
398622,54,55,518,2262,2998,2876,2513,1369,-1199,-413,541,391,282,0
401935,55,56,781,2112,-4830,-965,1277,1362,-417,340,1067,377,290,0
405270,56,57,1400,2000,-4228,-1410,1461,1358,471,-5,659,344,296,0
408626,58,58,1250,2150,-1963,-1478,1216,1358,-450,262,285,352,304,0
411939,59,59,575,1662,-2338,-599,664,1352,-153,417,176,388,330,0
415274,60,60,462,1418,-2140,277,301,1331,-111,337,-48,394,343,0
418626,61,61,68,1418,-1533,1153,-602,1253,-472,497,-16,415,343,0
421942,63,62,0,650,-2967,1655,-1181,1173,169,116,20,404,364,0
425276,64,63,0,443,-3811,1342,-1055,1106,202,-295,-279,395,375,0
428626,65,65,0,237,-4225,761,-1198,1030,145,73,44,399,370,0
431945,66,66,0,200,-3256,1684,-1027,952,103,-157,27,406,372,0
435279,68,67,0,181,-3090,1763,-2243,840,176,-107,-180,385,373,0
438627,69,68,312,200,-1465,642,-2043,715,95,-177,258,366,388,0
441948,70,70,650,0,-452,-1483,-1230,611,129,134,146,348,385,0
445283,71,71,687,12,-321,-1597,-1464,518,199,138,390,346,382,0
448627,72,72,762,68,56,-1184,-1747,423,78,-134,266,342,379,0
451951,73,73,1400,743,2009,-1181,-771,358,589,-34,284,328,363,0
455287,74,74,1287,818,4745,-1253,-465,317,181,226,299,334,359,0
458627,75,76,1475,443,6459,-818,-609,283,256,19,153,324,363,0
461955,76,77,1456,443,8546,-1639,-85,272,204,-126,142,325,363,0
465289,77,78,1081,256,8935,-2496,129,264,-177,181,-148,345,373,0
468627,78,79,1175,537,8368,-2941,-436,229,-218,-40,-200,356,374,0
471958,80,80,856,312,5232,-3122,122,212,-185,86,-59,357,386,0
475292,81,82,762,425,4256,-3176,65,191,441,-119,148,362,380,0
478649,82,83,537,0,5092,-3797,342,195,-3,-9,14,374,396,0
481961,83,84,462,0,4256,-4558,889,220,-859,185,347,374,386,0
485295,84,85,0,218,-542,-3329,-1032,151,-363,-18,10,388,355,0
488652,86,86,0,1025,-5552,-1322,-2050,15,158,455,235,388,328,0
491965,87,87,50,893,-3995,2385,-1692,-118,509,243,483,380,335,0
495299,88,89,293,1156,-2622,3583,-1619,-244,-624,271,177,367,321,0
498652,89,89,181,931,-3800,3840,-2954,-420,-284,48,266,373,333,0
501969,90,91,837,856,-4382,4226,-2652,-599,509,-70,574,338,321,0
505302,91,92,1381,762,-1502,4914,-2218,-747,112,-243,601,309,342,0
508653,92,93,1362,462,669,4526,-1670,-839,-180,107,533,310,342,0
511971,93,94,968,631,1771,5511,-839,-911,-115,-261,655,331,333,0
515305,94,95,1756,1831,768,4195,-222,-956,-800,-563,810,325,305,0
518653,95,96,1812,1925,-1170,1752,980,-946,-530,-231,717,322,300,0
521974,96,97,1981,1906,-2407,-483,1904,-896,-518,-295,355,313,301,0
525308,97,97,1325,2056,-4043,-1271,3722,-760,-517,124,350,348,309,0
528653,98,98,593,1850,-3457,-1358,4186,-593,-493,-113,30,387,320,0
531977,99,99,462,1193,-6364,-3019,4136,-430,65,224,14,394,355,0
535312,101,101,331,481,-4335,-2569,3482,-284,54,-9,116,401,393,0
538654,102,102,462,162,-4271,-1915,3950,-129,-260,-122,-128,394,410,0
541980,103,103,575,462,-5254,-1541,4421,79,-70,-68,-58,388,394,0
545315,105,105,0,181,-5131,-2825,4244,275,208,-373,-63,391,373,0
548654,106,106,0,0,-3083,-4568,3372,419,-261,-76,-53,392,383,0
551983,107,107,12,106,-4241,-5552,3380,570,93,38,167,382,377,0
555342,108,108,331,218,-4035,-5107,3643,739,349,-14,-179,365,371,0
558675,109,109,237,162,-2451,-4690,4045,889,547,444,77,370,374,0
561987,111,111,125,0,-209,-3159,4148,1033,-97,235,214,376,379,0
565345,112,112,481,0,-621,-1255,4120,1181,128,65,73,357,386,0
568678,113,113,668,293,-408,-452,4028,1310,149,-39,396,347,367,0
571990,114,114,350,0,1557,-373,3450,1413,-103,178,-2,348,369,0
575348,115,115,1062,950,1269,-591,3262,1529,188,-157,-116,346,352,0
578679,116,116,818,1006,1476,-1478,2875,1615,-378,-190,-114,359,349,0
581993,117,118,743,912,614,-1897,2321,1686,471,-59,19,363,354,0
585352,118,119,912,425,2012,-2840,2205,1744,233,241,217,354,364,0
588679,119,120,1081,125,2968,-1878,1974,1778,152,186,-7,345,380,0
591996,120,121,1362,275,3346,-836,1423,1854,211,75,248,330,372,0
595355,122,122,1268,481,3816,-446,1324,1960,11,290,161,335,377,0
598679,123,124,1118,12,4083,-130,1149,2049,25,128,240,343,386,0
602000,124,125,968,68,3733,462,1092,2133,62,66,-69,351,383,0
605387,125,126,950,312,2854,753,1095,2260,268,59,239,348,366,0
608680,126,127,781,0,2897,466,1232,2381,255,-139,-111,341,385,0
612003,127,129,800,0,2211,297,1532,2498,-341,437,378,340,377,0
615361,128,130,856,537,603,1573,1539,2599,203,383,370,353,338,0
618680,129,131,1081,556,44,4825,607,2644,557,307,643,341,337,0
622006,130,132,950,537,3140,6718,478,2666,-759,100,163,348,338,0
625362,131,133,950,500,-25,8282,180,2641,-575,263,688,348,340,0
628680,132,134,1156,462,-2482,9065,-416,2568,-142,-780,697,337,342,0
632009,133,135,1268,612,-4124,5971,-189,2446,122,-746,1080,331,334,0
635367,134,136,1418,1062,-4948,2182,393,2327,415,-648,1088,323,310,0
638701,135,137,1868,1437,-3823,-432,1267,2238,350,-240,811,319,310,0
642013,136,138,1962,1212,-819,-1868,2736,2215,201,-358,624,314,322,0
645370,137,139,2168,1400,765,-3068,3811,2210,-544,-438,44,319,328,0
648705,138,140,2356,1306,-2272,-4418,4341,2208,-37,32,242,309,333,0
652016,139,141,2112,1137,-1703,-2971,4313,2210,542,193,269,322,342,0
655370,140,142,1812,800,-962,-2977,3675,2219,-99,215,-12,338,360,0
658706,141,143,1456,631,555,-1768,3933,2237,-250,-40,-212,357,369,0
662019,143,145,987,312,720,-1686,4388,2260,160,83,145,366,386,0
665371,144,146,575,237,220,-1289,4086,2261,395,-180,-251,404,390,0
668705,145,147,50,350,1829,-2495,2977,2225,-25,149,23,412,364,0
672022,147,148,31,31,3278,-2724,3092,2192,-147,-126,80,413,381,0
675371,148,149,350,256,2587,-2798,3423,2174,145,-65,-170,380,369,0
678706,149,151,143,31,2533,-3014,2976,2159,596,-58,108,391,365,0
682025,150,152,331,0,4886,-3028,2704,2141,36,-195,-89,381,368,0
685371,151,153,275,0,5555,-3536,3166,2150,-7,-1,-131,384,371,0
688705,153,154,162,87,4489,-3838,3055,2173,63,-4,47,374,362,0
692028,154,155,87,31,4578,-3701,2895,2195,53,-228,19,378,365,0
695371,155,157,181,50,4685,-4031,3176,2232,-121,-207,139,373,348,0
698737,156,158,1062,912,4503,-4652,2932,2280,105,85,-195,362,338,0
702031,157,159,1137,1043,4328,-4114,2629,2320,-290,71,162,358,331,0
705372,158,160,1231,1381,2617,-2866,2223,2354,-162,90,361,353,313,0
708706,160,161,1118,1662,345,-1693,1342,2362,-338,376,398,343,298,0
712035,161,161,1831,2018,-1332,188,-247,2320,255,306,532,321,295,0
715392,161,162,1887,2018,-442,2011,-1178,2244,-286,499,348,318,295,0
718727,162,163,2056,1925,-1549,4655,-3055,2101,189,282,253,325,316,0
722038,164,164,2075,1568,-784,5911,-4263,1920,-245,426,95,324,335,0
725396,165,165,1287,1437,-1433,6040,-4473,1761,-956,-359,-485,350,342,0
728731,166,166,781,1343,-4957,3090,-3772,1628,-650,-80,-326,377,347,0
732041,167,167,368,1081,-7567,1331,-3717,1506,182,-104,50,379,341,0
735397,168,169,725,706,-8587,-310,-2966,1427,324,303,-3,360,345,0
738731,169,170,856,350,-7162,365,-3899,1311,418,388,-306,353,364,0
742044,170,171,837,0,-4397,1484,-3789,1180,-1086,187,82,354,384,0
745397,171,172,800,462,-8185,1852,-3444,1033,-41,326,-231,372,374,0
748731,173,173,406,668,-9378,1997,-4012,822,413,-62,-28,377,363,0
752047,174,174,181,875,-7772,2455,-3747,586,139,187,107,389,352,0
755397,175,176,387,256,-6827,3323,-3941,327,565,-565,360,378,369,0
762051,177,178,1550,500,-3035,154,-2722,-107,370,79,239,336,376,0
765399,178,179,1943,237,-694,-357,-2713,-314,732,197,186,315,390,0
768732,179,181,1868,0,3380,1917,-1920,-511,195,9,294,319,389,0
772054,180,182,2018,125,4642,3609,-1098,-673,204,-425,315,311,380,0
775398,181,183,2712,1362,5199,3995,334,-756,5,-168,414,290,330,0
778732,182,184,2450,1906,5623,1395,1477,-806,-369,-247,572,304,301,0
782058,183,185,2243,1700,3276,-390,2878,-823,501,428,792,315,312,0
785398,184,186,2393,1193,1687,206,2472,-839,512,313,332,307,339,0
788733,185,187,1981,1362,2339,1777,2508,-845,-67,256,304,329,330,0
792060,186,188,1775,1456,2370,2461,3193,-844,-315,-38,374,336,321,0
795398,187,189,1943,1718,-595,1989,3791,-821,-288,196,493,327,307,0
798733,188,190,1793,1418,-2978,-13,4312,-777,237,-248,164,335,323,0
802064,189,191,1493,1006,-1785,-1101,4539,-735,690,-177,229,351,345,0
805419,190,192,893,537,1008,-1913,5500,-654,-276,-619,-30,383,370,0
808756,192,193,950,331,4678,-2509,5455,-566,182,298,412,364,381,0
812067,193,194,893,443,7838,-1429,4711,-488,-746,63,363,367,375,0
815423,194,196,687,200,7659,-602,5999,-343,-950,-459,-230,378,372,0
818756,195,197,481,237,5466,-2185,5618,-159,630,229,367,389,370,0
822070,196,198,406,612,6991,-2246,5925,62,-1186,-95,520,393,350,0
825423,198,199,1250,1625,5613,-1478,5135,317,-1300,-111,314,416,380,0
828757,199,200,1081,1906,-1315,-826,4230,583,42,27,528,425,365,0
832073,200,201,1362,1981,-2019,-136,3419,830,52,-372,641,410,361,0
835424,202,203,1775,1625,-206,-372,3493,1057,-83,337,640,372,364,0
838757,203,204,2018,1850,2063,476,2379,1247,-63,258,564,359,352,0
842076,204,205,1662,1868,3418,925,1422,1384,-679,82,84,378,351,0
845424,205,206,1512,2243,465,1637,285,1515,-820,401,-182,402,347,0
848757,207,207,950,2037,-4363,2848,-1881,1575,292,-253,368,416,358,0
852079,208,208,293,1662,-3674,2988,-1196,1645,-423,-430,-349,451,378,0
855424,210,209,0,950,-4566,881,-942,1741,-27,-22,-296,454,396,0
858757,211,211,0,781,-8185,-446,512,1874,313,94,452,431,389,0
862083,212,212,162,1043,-6173,-496,968,2027,369,88,104,422,375,0
865424,214,213,50,968,-4284,-708,2043,2191,-507,100,-410,412,379,0
868758,215,214,200,875,-6805,300,1336,2318,-22,18,-295,404,384,0
872086,216,215,368,1025,-6904,1119,1716,2456,320,-166,52,395,376,0
875425,218,217,331,725,-4048,2189,2445,2593,-40,-154,114,397,392,0
878758,219,218,575,800,-3407,2010,2662,2710,695,-627,219,384,388,0
882089,220,219,725,406,-3050,940,1801,2756,-88,55,577,360,393,0
885446,221,221,2000,481,-5102,1821,793,2735,773,100,171,328,409,0
888782,222,222,2000,106,1742,-179,1510,2692,198,13,-41,328,429,0
892092,223,223,2075,575,4658,-919,988,2645,513,97,334,324,404,0
895449,224,225,2112,406,5810,-699,1107,2602,-388,-96,295,322,397,0
898785,225,226,1793,668,4063,-2562,376,2514,-52,-22,96,339,383,0
902095,226,227,1475,1325,3007,-5803,-71,2393,-43,161,101,356,348,0
908786,229,229,725,1737,693,-10122,-388,2101,-551,239,468,396,342,0
912100,230,230,500,1643,-2008,-9473,-376,1918,-318,883,129,408,347,0
915478,231,231,125,1062,-3571,-5339,-1475,1701,-110,668,420,424,374,0
918791,233,233,0,237,-4045,-715,-2132,1487,-705,268,536,407,386,0
922102,234,234,125,293,-7077,496,-3335,1195,44,155,139,392,383,0
925450,235,235,556,725,-5847,716,-4011,895,839,-172,396,385,376,0
928792,236,236,968,800,-202,1513,-2983,616,-361,-286,393,363,372,0
932105,237,238,968,293,-281,1428,-1793,400,-199,42,-44,363,383,0
935450,239,239,500,725,-1337,1914,-2369,193,149,159,-76,372,360,0
938792,240,240,481,725,-623,3461,-3498,-22,217,-118,-94,373,360,0
942109,241,241,500,443,1100,3015,-3300,-234,666,80,307,372,375,0
945450,242,242,987,387,3346,3577,-3072,-404,464,191,387,346,378,0
948792,243,244,2375,275,6290,5042,-2725,-534,694,-207,563,292,388,0
952112,244,245,2112,181,8790,3742,-2409,-618,708,-93,478,306,393,0
955451,245,246,2637,537,11990,2828,-1416,-604,116,21,490,294,390,0
958792,246,247,2000,743,12237,863,-1593,-616,-282,-26,149,328,379,0
962115,247,249,1381,1137,8630,-656,-844,-613,-302,121,276,361,358,0
965472,248,250,1512,1231,4971,-1611,-1044,-662,-312,-298,67,354,337,0
968792,249,251,1643,1531,599,-2507,-615,-711,-143,54,268,347,321,0
972118,250,252,1456,1231,-764,-3383,-911,-803,100,-249,98,357,337,0
975476,252,253,1250,1887,-1524,-4339,-940,-874,-572,366,204,368,318,0
978793,253,254,781,1418,-6859,-2413,-2980,-1021,-326,-2,108,373,323,0
982121,254,255,781,1568,-8671,-1352,-4143,-1227,561,-37,276,373,315,0
985476,255,256,800,1062,-6456,394,-4413,-1448,-29,-94,420,372,342,0
988793,256,257,725,762,-5047,1137,-3516,-1614,-338,255,288,376,358,0
992124,257,258,1100,725,-8184,950,-3059,-1735,318,436,206,356,360,0
995475,258,259,1193,818,-7177,1452,-2218,-1851,704,191,358,351,355,0
998818,259,260,1568,593,-2260,4083,-133,-1886,174,176,96,331,367,0
1002128,260,261,1625,350,-814,3607,922,-1892,1487,-373,623,328,380,0
1005476,262,263,968,275,3731,1874,798,-1879,386,-426,470,347,368,0
1008846,263,264,1718,1156,8027,-1162,1347,-1835,-58,172,181,343,357,0
1012131,264,265,1531,875,8669,-1284,786,-1807,124,229,135,353,372,0
1015476,265,266,912,1437,10345,808,365,-1783,-451,-71,330,386,342,0
1018819,266,267,668,2225,8805,908,31,-1771,-1051,-91,565,399,300,0
1022134,268,268,518,2450,1689,-652,-1161,-1761,-823,-209,294,407,288,0
1025477,269,269,462,2393,-2069,-2909,-1291,-1735,-983,-145,476,394,291,0
1028819,270,269,968,2543,-6186,-4724,-1447,-1676,-629,-176,290,383,315,0
1032137,271,270,725,2656,-8042,-5696,-2321,-1623,304,161,223,396,309,0
1035477,273,271,256,1793,-6787,-6452,-2828,-1618,303,-62,193,405,355,0
1038820,274,273,518,875,-3949,-7627,-2330,-1635,-634,381,40,391,388,0
1042141,275,274,0,125,-5717,-7431,-2813,-1649,-453,143,-89,404,408,0
1045499,276,275,0,275,-6786,-6921,-2442,-1616,-240,-137,-245,416,400,0
1048820,278,276,0,931,-9672,-6824,-1930,-1573,-141,184,-55,400,365,0
1052143,279,278,0,593,-9682,-7328,-852,-1503,803,-73,290,388,367,0
1055502,280,279,481,425,-6242,-5399,486,-1403,118,352,-64,373,392,0
1058820,281,280,762,612,-5130,-1331,1376,-1285,847,-24,267,358,382,0
1062147,282,281,1118,593,-669,-895,1196,-1203,593,-84,203,339,383,0
1065502,283,283,1193,0,1603,-564,2036,-1090,221,196,108,335,399,0
1068820,284,284,1100,181,3501,1111,2249,-993,397,-56,90,340,389,0
1072151,286,285,1343,593,5761,1949,2290,-889,146,-124,67,347,387,0
1075502,287,287,593,537,7774,2131,2098,-804,-29,58,181,371,374,0
1078821,288,288,500,237,8968,2771,1726,-722,-9,115,-155,376,390,0
1082153,289,289,800,0,9090,3364,1086,-658,160,158,103,360,405,0
1085502,290,290,1081,593,10329,3624,405,-553,-333,0,-221,361,387,0
1088845,291,292,1025,275,9844,3678,519,-407,11,110,-165,364,388,0
1092156,292,293,1137,237,9423,3614,-111,-273,-139,92,-8,358,390,0
1095503,294,294,893,143,8236,3673,-302,-172,-431,117,-84,355,395,0
1098849,295,296,893,0,6986,3233,-665,-97,60,-225,-140,355,396,0
1102159,296,297,781,0,6234,2264,-756,-52,-11,103,-159,357,394,0
1105503,297,298,425,12,5499,1705,-82,-50,206,-55,460,376,382,0
1108849,298,299,293,200,5686,2403,-89,-82,-361,2,-430,383,372,0
1112163,299,301,237,443,2235,2546,-71,-109,-138,6,147,386,359,0
1115504,301,302,68,387,1321,3159,1525,-103,-201,645,71,379,346,0
1118849,302,303,0,518,-2212,3742,838,-102,-44,246,195,383,339,0
1122166,303,304,106,481,-1566,5400,192,-107,-429,96,361,377,341,0
1125524,304,305,200,350,-2110,6970,-304,-117,-325,-64,98,372,348,0
1128849,305,306,518,293,-7523,6547,-313,-91,1967,413,-713,355,351,0
1132169,306,307,762,218,-9261,5070,12,-50,-682,-342,0,342,355,0
1135526,307,308,1250,1550,-10080,4734,1377,37,-451,-264,332,352,320,0
1138849,309,309,556,2150,-12385,2945,135,114,313,-256,9,373,288,0
1142173,310,310,350,2225,-10665,864,-469,188,461,-619,804,384,284,0
1145527,311,311,1306,2262,-6896,-1647,-13,260,249,-126,859,333,282,0
1148849,312,311,1606,2600,-5052,-3246,-103,345,152,-63,667,317,280,0
1152176,313,312,1400,2993,-2510,-4305,554,438,-354,-75,644,328,259,0
1155526,314,313,1306,3275,-408,-5695,-532,482,-210,-181,199,349,260,0
1158850,315,314,1718,0,255,-6438,-711,486,337,-327,335,327,470,0
1162180,316,314,1231,0,1434,-6461,-894,443,-371,476,-148,353,500,0
1165527,317,315,350,275,-598,-4420,-837,374,116,176,50,380,416,0
1168850,318,316,293,2975,-2711,-3622,-1486,290,285,374,128,383,272,0
1172182,319,317,462,2450,-2404,-3691,-934,197,-496,148,114,374,300,0
1175527,321,318,387,1775,-2663,-4048,577,145,-60,113,247,362,336,0
1178851,322,319,537,1550,-3829,-4723,1761,129,497,529,461,354,348,0
1182185,323,320,743,1362,-2096,-3427,3145,161,629,271,262,343,358,0
1185528,324,321,1137,1700,-1172,-1624,4650,253,298,411,-23,338,356,0
1188854,325,322,1212,1287,-1589,-313,4340,354,575,-62,499,334,378,0
1192188,326,323,1343,893,2340,-111,5417,511,611,181,249,311,383,0
1195528,327,325,1943,706,6622,924,6321,692,240,354,198,315,413,0
1198857,328,326,1887,481,7963,2387,6052,885,471,-204,-6,318,425,0
1202191,329,327,1643,1025,10531,2976,5090,1053,291,64,16,331,396,0
1205528,330,329,893,856,10973,3159,4683,1221,-1078,-63,-125,371,389,0
1208860,331,330,818,462,5985,2097,3256,1346,-573,6,252,375,410,0
1212195,332,331,1006,612,2811,1475,2044,1412,-433,-305,296,365,402,0
1215553,333,333,1943,1718,72,-517,1828,1472,-523,256,427,331,343,0
1218863,334,334,1700,1793,-2092,351,675,1496,-132,372,270,344,339,0
1222199,336,335,1550,1550,-2135,836,-120,1444,-709,347,331,352,352,0
1225583,337,336,1006,987,-4492,502,5,1418,-93,223,224,361,378,0
1228867,338,337,668,650,-5313,574,-206,1406,23,236,-89,363,380,0
1232201,339,338,575,537,-5309,988,-758,1392,-324,23,91,368,386,0
1235560,340,340,968,556,-5715,1020,-1587,1352,54,48,-74,363,385,0
1238870,341,341,650,350,-7102,764,-1750,1297,-628,294,149,380,396,0
1242204,343,342,725,500,-8784,264,-1496,1207,41,-132,62,376,388,0
1245562,344,343,293,443,-9032,-137,-1271,1163,589,118,-173,383,391,0
1248873,345,345,106,106,-6948,325,-1304,1137,398,200,5,393,393,0
1252208,346,346,275,0,-5387,1496,-1247,1098,293,31,69,384,407,0
1255562,347,347,912,218,-4567,2016,-911,1073,-196,9,-171,350,387,0
1258876,348,349,1212,143,-5220,1388,-979,1025,129,13,165,354,395,0
1262211,350,350,650,237,-3998,1335,-360,1031,296,53,169,384,390,0
1265563,351,351,1137,312,-450,557,-470,1038,626,153,416,358,402,0
1268879,352,353,1493,162,2904,1120,-370,1054,400,129,425,339,394,0
1272214,353,354,1512,275,4660,1422,620,1100,194,-32,298,338,388,0
1275563,354,355,1287,500,6127,1215,663,1167,138,-93,-66,350,376,0
1278883,355,356,931,387,6783,284,446,1210,273,214,66,369,382,0
1282217,356,358,856,350,8211,22,-141,1188,233,-154,-117,373,384,0
1285563,358,359,856,462,7996,-479,-330,1122,-130,130,-139,373,378,0
1288886,359,360,481,31,7261,-265,-355,1013,179,-252,121,373,381,0
1292221,360,361,443,0,8159,-438,-383,856,540,-188,3,375,393,0
1295563,361,363,556,12,11683,-656,-968,690,219,25,206,369,366,0
1298889,362,364,331,0,11983,-1496,-1458,475,-2,-49,-163,381,385,0
1302224,363,365,350,106,11943,-1494,-864,251,5,-39,-314,380,361,0
1305564,365,366,50,87,8939,-1101,-1494,15,-932,-162,146,380,362,0
1308892,366,367,0,425,4367,-1416,-1879,-202,-324,-129,84,389,344,0
1312227,367,368,125,893,1845,-1296,-1397,-392,-780,-11,345,376,319,0
1315563,368,369,68,987,-2462,-468,-2036,-557,-172,15,209,379,314,0
1318896,370,370,875,1718,-7526,-240,-4003,-746,-1680,-1047,1393,372,311,0
1322230,371,371,1231,2281,-12290,-197,-4823,-954,777,-384,538,353,281,0
1325588,372,372,856,1906,-8319,1089,-3471,-1084,-432,460,259,357,301,0
1328899,373,373,1362,1493,-8466,4200,-4911,-1234,514,-60,474,330,323,0
1335590,374,375,2675,856,-2996,-2492,-5083,-1558,151,-34,1114,276,357,0
1338902,375,376,2693,1962,-371,-4566,-4960,-1689,69,278,761,291,314,0
1342236,376,377,2243,2075,902,-5344,-4342,-1775,61,151,664,315,308,0
1345589,377,378,1943,1793,1262,-4121,-3552,-1832,90,144,660,331,323,0
1348905,378,379,1662,1812,1063,-2577,-2120,-1851,16,359,352,346,322,0
1352239,379,380,987,1493,650,-544,-1608,-1862,-198,590,114,362,319,0
1355590,380,381,931,1100,-208,1304,-1334,-1863,-60,198,-11,365,340,0
1358908,382,382,387,875,-1396,933,-1045,-1856,-223,16,-225,378,352,0
1362243,383,383,593,500,-2901,210,-1370,-1871,-56,69,52,367,372,0
1365590,384,385,893,537,-3638,501,-1890,-1899,-970,88,-62,367,370,0
1368911,385,386,668,275,-6921,77,-1422,-1932,277,-119,33,379,384,0
1372246,386,387,725,425,-6901,-1411,-1146,-1954,392,32,-9,376,376,0
1375591,388,388,387,462,-3726,-846,-320,-1952,-515,161,-89,378,374,0
1378916,389,389,743,500,-3497,-207,-448,-1985,99,-389,-35,359,372,0
1382250,390,391,1212,331,-3533,-1048,53,-2004,-24,32,127,354,385,0
1385591,391,392,668,537,-1796,-1774,280,-2010,330,-196,74,383,374,0
1388918,392,393,668,162,-883,-2368,214,-1999,4,216,-198,383,394,0
1392252,394,395,687,143,-1137,-1252,146,-1984,-172,176,-204,382,395,0
1395592,395,396,781,218,-1919,-137,238,-1965,256,-44,16,377,391,0
1398921,396,397,406,556,-1593,38,333,-1943,279,-84,-10,397,373,0
1402255,397,398,462,537,-339,173,534,-1896,130,86,147,394,374,0
1405591,399,400,256,162,663,-608,547,-1833,-94,-223,-3,389,378,0
1408924,400,401,143,350,653,-791,438,-1792,-90,132,95,395,368,0
1412259,401,402,12,87,1388,-454,550,-1729,238,-96,136,398,378,0
1415615,402,403,425,200,2778,-1168,682,-1649,110,-169,19,376,372,0
1418928,404,404,0,181,2792,-1654,912,-1576,-214,40,-100,401,373,0
1422262,405,406,31,312,2766,-1721,303,-1503,63,1,-8,381,366,0
1425620,406,407,181,0,1738,-1293,681,-1357,3,242,46,373,369,0
1428931,407,408,368,31,2442,7,786,-1182,312,355,262,363,365,0
1432265,408,409,481,143,4768,1410,821,-1048,-164,131,49,357,359,0
1435620,409,410,462,87,4343,3122,876,-867,-263,246,-39,358,362,0
1438934,410,411,575,125,3248,3353,5,-695,45,-178,-58,352,360,0
1442269,412,413,1006,368,2955,3396,-73,-538,-227,18,268,329,347,0
1445625,413,414,2318,1606,2851,4397,-489,-398,51,-79,598,327,349,0
1448937,414,415,2543,1906,353,5593,-591,-281,-561,-484,1055,315,333,0
1452271,414,415,3331,2525,-971,5424,266,-162,24,-797,1768,289,316,0
1455641,415,416,3800,2693,1414,1691,1639,-44,116,-291,1593,256,307,0
1458940,415,417,3800,3781,2748,877,828,31,109,-462,1011,189,249,0
1462275,416,418,0,0,2986,-1350,790,97,-502,174,71,848,853,0
1465628,416,418,0,0,-2433,-1717,-181,124,-590,133,308,846,784,0
1468943,417,419,0,0,-4513,-1573,-833,141,-30,184,402,854,869,0
1472279,418,420,3800,3800,-3954,-2913,-464,186,254,212,62,282,280,0
1475628,419,421,2843,2468,-3252,-3033,-663,209,-134,193,-36,343,331,0
1478947,420,422,1906,1681,-3488,-3409,-9,245,10,171,-170,393,373,0
1482282,421,423,1812,1737,-4119,-3900,0,255,158,135,118,398,370,0
1485629,423,425,1100,762,-4327,-5277,79,271,-271,81,108,420,406,0
1488950,424,426,1043,537,-5710,-5371,-177,264,33,143,-34,423,418,0
1492284,426,427,1062,743,-5744,-4950,-1017,224,321,349,246,422,407,0
1495629,427,429,1118,293,-4344,-4557,-493,202,-256,127,215,419,431,0
1498953,428,430,1175,368,-4935,-4654,-649,177,121,112,-157,416,427,0
1502287,430,432,0,0,-4893,-4524,-1068,136,-408,234,-550,465,431,0
1505629,431,433,650,668,-8401,-3490,-1324,84,549,165,546,448,415,0
1508956,433,434,687,500,-6034,-1477,-1032,35,-216,-214,215,430,424,0
1512291,434,436,1306,237,-5539,-726,-682,-2,-261,39,-139,397,422,0
1515630,435,437,725,762,-8111,-483,349,-5,92,124,113,428,394,0
1518959,437,439,368,706,-8526,-73,226,-15,234,122,127,431,397,0
1522294,438,440,481,331,-9055,450,694,-15,599,-336,203,425,401,0
1525650,439,441,1793,687,-6306,1798,2329,28,583,-229,104,371,398,0
1528963,441,442,1718,518,-4655,1775,4089,147,355,-24,321,359,407,0
1532298,442,444,1606,143,-2599,1759,5659,302,124,-142,-97,365,411,0
1535682,443,445,762,50,-106,1719,5538,451,-4,-24,99,406,412,0
1538966,444,447,256,0,901,1487,4983,581,-174,-7,122,417,405,0
1542300,446,448,0,0,671,2078,5099,713,73,356,-181,434,400,0
1545655,447,449,312,312,1693,3388,5140,873,106,144,101,414,382,0
1548970,448,450,350,593,2066,3956,4278,1009,-116,-188,-222,412,367,0
1552304,450,452,0,162,1863,3549,4007,1150,181,-74,-104,418,390,0
1555655,451,453,687,181,3512,3267,3615,1281,126,25,317,378,373,0
1558973,452,454,762,0,4356,3982,3245,1374,12,-30,122,374,394,0
1562307,453,455,725,293,4908,4148,2789,1410,86,-5,69,376,367,0
1565655,454,456,1062,331,5759,4064,2176,1452,389,286,48,358,365,0
1568975,456,458,1418,387,6550,5094,1209,1466,563,-61,156,343,366,0
1572310,457,459,2375,0,9291,3629,356,1482,461,-340,641,308,390,0
1575655,457,460,2731,425,14358,-336,76,1511,361,-52,291,305,380,0
1578979,458,461,2468,293,17321,-2287,-1620,1475,-209,81,-142,319,387,0
1582314,460,462,2168,556,16588,-4153,-1791,1439,-391,372,-79,335,373,0
1585655,461,463,1531,593,14158,-5881,-2460,1363,-821,-209,179,353,371,0
1588982,462,465,1175,406,9485,-6953,-3099,1266,-573,182,155,372,365,0
1592316,463,466,893,612,4512,-6405,-3523,1153,-33,147,302,387,354,0
1595655,464,467,1118,593,2720,-6131,-4039,1033,-130,811,219,391,371,0
1598986,466,468,425,106,1775,-5180,-3648,950,-639,808,525,408,377,0
1602320,467,469,462,406,-1084,-908,-4000,841,-213,213,745,390,361,0
1605677,468,471,350,350,-5057,990,-3872,740,-164,237,337,396,348,0
1608988,469,471,500,1175,-7495,2797,-4075,646,-238,77,26,388,320,0
1612323,471,473,350,987,-7710,4885,-3853,567,1024,-23,586,396,330,0
1615680,472,474,275,350,-2285,6372,-2285,528,494,139,416,384,348,0
1618991,473,475,537,256,706,6971,-2088,484,31,-41,437,370,353,0
1622326,474,476,1381,162,1039,6170,-1525,425,52,-295,-5,325,358,0
1625681,475,477,1531,50,3404,5352,-1119,383,194,-566,629,317,364,0
1628995,476,478,2056,1212,4932,4606,125,366,-615,-414,428,325,338,0
1632329,477,479,2056,1550,3196,1601,1359,335,-396,-675,690,325,320,0
1635681,478,480,1962,2056,1270,-1482,1542,256,-380,-332,635,330,293,0
1638999,479,481,2037,1831,-358,-2351,1431,124,-354,-359,385,326,305,0
1642333,480,482,1343,1493,-2355,-3570,3418,57,-481,-293,-168,363,323,0
1645681,481,483,443,1362,-4223,-3923,2970,-5,-98,64,-3,411,330,0
1649001,483,484,237,1437,-5396,-4682,3778,-46,271,33,385,422,342,0
1652336,484,485,293,1212,-3387,-5085,3062,-111,-249,97,-300,419,354,0
1655681,486,486,218,931,-4162,-5781,2803,-157,-450,248,-87,407,369,0
1659005,487,488,237,350,-5182,-5202,3491,-173,10,-231,121,406,400,0
1662339,488,489,0,0,-4093,-5359,3580,-174,-265,-251,-141,407,408,0
1665682,490,490,0,87,-4690,-6334,3182,-176,29,8,-81,391,378,0
1669008,491,491,0,275,-3850,-7311,2670,-180,318,-108,131,396,368,0
1672342,492,492,218,481,-3022,-7665,2560,-168,-53,139,-148,387,373,0
1675681,493,494,275,200,-1504,-6613,3220,-105,33,298,-187,384,372,0
1679011,494,495,556,0,-2009,-5197,2157,-49,13,279,109,369,383,0
1682370,496,496,218,106,-1992,-2561,690,-29,-23,3,144,371,377,0
1685703,497,497,425,331,-2684,-1996,255,28,47,-101,137,360,365,0
1689014,498,498,650,725,-2799,-2549,-469,69,5,206,161,348,344,0
1692372,499,499,1362,1400,-2068,-1735,-742,123,353,329,394,330,328,0
1695707,500,500,1062,1006,-103,277,-1625,169,148,14,36,346,349,0
1699018,501,502,1062,106,516,1541,-1880,221,745,412,119,346,381,0
1702375,502,503,1587,612,2943,2871,-1339,305,59,445,302,334,370,0
1705707,503,504,1662,218,3867,5100,-2330,346,129,184,464,330,391,0
1709021,504,505,1306,275,6028,5007,-2016,408,-153,144,-144,349,388,0
1712379,505,507,1268,312,5045,4423,-2599,448,-759,286,-2,351,370,0
1715707,506,508,1212,612,1652,3888,-2451,499,-661,-175,-8,354,354,0
1719024,508,509,1268,612,-2148,2192,-2278,548,159,215,3,351,354,0
1722381,509,510,950,331,-3189,650,-2654,536,329,53,167,348,365,0
1725707,510,511,1118,425,-1360,692,-2803,514,413,390,-139,339,360,0
1729027,511,512,1025,200,272,1252,-2482,484,-140,156,114,344,372,0
1732385,512,514,631,293,247,1982,-1780,463,-95,-156,-42,365,351,0
1735708,513,515,443,500,24,2193,-1546,411,68,104,513,375,340,0
1739030,514,516,593,368,1856,2551,-1126,334,292,-247,164,367,347,0
1742388,515,517,762,350,2530,2155,-736,262,-586,123,397,358,348,0
1745708,516,518,1062,387,170,2939,-334,207,480,-273,549,342,346,0
1749033,518,519,1175,331,2239,3884,-118,97,160,139,398,336,349,0
1752418,518,520,2168,1193,7432,5062,833,30,34,-86,628,319,339,0
1755708,519,521,2300,1606,7218,4661,1700,-34,-1287,-820,537,312,317,0
1759037,520,522,2768,1925,2184,1418,1787,-74,-740,-935,619,287,300,0
1762395,521,523,2562,1962,-2165,-2799,3374,-56,-301,-140,873,298,298,0
1765709,522,524,2450,1831,-2832,-3489,3840,-45,-33,-112,882,304,305,0
1769040,523,525,1925,1568,-2100,-3741,4029,-31,101,259,604,332,319,0
1772398,524,526,1343,1793,-975,-3777,3839,-11,-778,224,-180,379,323,0
1775730,526,527,987,1418,-3130,-2396,4039,31,-313,398,3,382,343,0
1779043,527,528,500,950,-4807,-598,4243,84,25,235,323,408,368,0
1782398,528,529,0,856,-3342,328,4039,109,-166,-43,47,441,373,0
1785733,530,530,0,368,-2900,-841,3590,154,-95,460,-23,432,379,0
1789046,531,531,0,800,-1744,-935,3904,255,131,107,51,418,356,0
1792399,532,532,0,912,219,-1776,3396,353,-84,-134,106,421,350,0
1795734,534,533,0,912,527,-3131,3448,475,-80,12,-94,401,350,0
1799050,535,535,0,556,494,-3744,3422,605,228,50,93,383,353,0
1802399,536,536,162,800,2134,-3716,2771,743,175,76,-343,390,356,0
1805734,537,537,406,181,2688,-3281,2006,864,-215,207,-84,377,389,0
1809053,539,538,0,481,2514,-3051,1425,951,-70,-72,59,400,373,0
1812400,540,539,275,237,2012,-3086,788,1048,249,167,100,368,386,0
1815734,541,541,856,687,2692,-3128,423,1124,318,79,568,357,366,0
1819056,542,542,1287,800,5522,-2700,577,1223,354,172,48,334,360,0
1822399,543,543,1118,818,7027,-945,124,1304,-50,347,26,343,359,0
1825734,544,544,950,818,6129,562,-986,1344,-315,185,70,352,359,0
1829059,545,545,875,762,5784,2053,-1788,1371,261,-246,168,356,362,0
1832400,546,546,818,1606,5151,2476,-2561,1379,-664,-119,225,375,333,0
1835734,548,547,443,2037,1028,3389,-4163,1326,-656,109,336,379,310,0
1839062,549,548,106,1925,-2355,4054,-4932,1228,-565,-159,62,397,316,0
1842400,550,549,125,1343,-5813,3548,-5472,1105,425,41,-277,396,347,0
1845762,551,550,125,556,-4376,5006,-5919,955,-483,180,-90,392,385,0
1849066,552,552,293,0,-3782,6193,-6226,784,-176,-372,149,367,391,0
1852421,554,553,387,368,-5766,5754,-6390,595,-279,60,-81,362,379,0
1855759,555,554,181,425,-7284,5243,-6062,409,-171,159,112,373,376,0
1859069,556,555,200,518,-8469,4848,-6375,184,419,-141,282,372,371,0
1862425,557,556,237,762,-4601,5564,-4875,-21,403,140,712,370,358,0
1865759,558,558,462,425,-581,5352,-4330,-212,577,23,417,358,360,0
1869072,559,559,800,443,2675,5508,-3939,-441,395,76,241,340,359,0
1872425,560,560,1062,87,7778,5293,-3093,-657,180,-338,34,326,378,0
1875760,561,561,987,350,7108,3747,-2894,-874,-386,-646,180,330,364,0
1879075,562,562,1381,762,4614,236,-1519,-1041,-348,-647,601,329,362,0
1882425,563,563,1756,1437,3567,-4556,-703,-1189,131,-391,542,325,342,0
1885760,564,564,1775,1681,3190,-8488,-587,-1340,-605,-41,386,324,329,0
1889078,565,565,1662,1756,2342,-9625,-1135,-1502,-55,-52,264,330,325,0
1892425,566,566,1325,1700,4238,-9941,-540,-1631,-985,197,216,348,328,0
1895760,568,567,781,1625,2242,-8403,-909,-1781,-534,633,104,361,332,0
1899081,569,568,556,1625,-2075,-6791,-1207,-1925,-811,598,460,373,332,0
1902426,570,569,987,2018,-5270,-3254,-1715,-2087,-535,301,300,366,327,0
1905761,571,571,743,1681,-7254,-2857,-1704,-2247,-144,541,722,379,329,0
1909085,572,571,312,1625,-6343,-1816,-1700,-2386,165,70,378,382,328,0
1912427,574,573,0,1418,-5532,-2074,-1516,-2496,-60,363,-30,385,323,0
1915760,575,573,275,1943,-5284,-2998,-1341,-2583,116,155,275,368,311,0
1919087,576,574,237,1643,-4136,-3276,250,-2600,-216,419,132,370,327,0
1922428,577,575,256,1418,-5281,-2716,1526,-2565,-76,275,57,369,339,0
1925761,578,577,275,593,-5626,-1869,2816,-2495,-362,377,-92,368,367,0
1929091,579,578,275,500,-7528,496,3768,-2381,544,253,14,368,372,0
1932448,580,579,518,518,-6698,2964,3561,-2239,958,-158,373,371,387,0
1935784,582,580,181,125,-2846,2872,4367,-2047,540,-57,302,357,392,0
1939094,583,582,1400,912,1232,2545,5462,-1796,405,127,114,344,386,0
1942451,584,583,1100,556,2734,3586,6014,-1478,-150,9,163,344,389,0
1945784,585,584,1306,612,2455,4686,5299,-1159,586,13,307,333,386,0
1949097,586,585,1681,837,5152,4692,5177,-826,23,84,-19,313,374,0
1952451,587,587,1756,481,5858,3238,4451,-502,-152,-92,282,309,377,0
1955785,588,588,1362,556,5500,1500,4354,-171,-449,276,196,330,373,0
1959100,589,589,1006,1268,3414,1699,4057,154,-109,312,473,365,351,0
1962451,590,590,462,1531,2399,2793,4397,481,-478,-111,-76,394,337,0
1965785,591,591,425,1306,1196,2577,4807,831,-322,108,-145,396,349,0
1969104,593,592,50,1250,-1944,1608,5789,1164,-1,-77,214,400,352,0
1972452,594,593,0,762,-3776,2082,6199,1493,296,-20,-52,396,358,0
1975785,595,595,0,443,-2892,1571,7548,1852,-44,219,263,393,359,0
1979107,596,596,125,68,-1681,1023,6957,2166,-45,-315,-214,376,379,0
1982452,598,597,631,481,-1565,-185,7109,2479,207,73,136,349,373,0
1985785,599,598,781,425,-1088,-343,7639,2765,-232,38,439,341,376,0
1989110,600,599,725,800,-1229,-1221,7965,3036,314,-273,149,344,356,0
1992452,601,600,1100,687,1170,-1420,8435,3318,530,221,287,324,362,0
1995786,602,602,1493,162,4984,-213,8470,3618,429,77,113,303,374,0
1999114,603,603,1606,143,8424,592,8584,3903,272,-50,325,313,375,0
2002453,604,604,1568,500,10312,383,8589,4200,-580,10,402,319,376,0
2005786,605,605,1531,650,8960,1514,8932,4517,-412,353,668,321,368,0
2009116,606,606,2281,612,6762,3355,6603,4777,-211,-298,520,297,370,0
2012474,606,607,2543,1643,8393,3944,4709,4977,-672,-204,978,299,331,0
2015786,607,608,2750,2431,4532,2775,1598,5080,-1151,-292,852,288,289,0
2019119,608,609,2562,2468,-1181,1605,-1852,5069,-405,-278,631,298,287,0
2022478,609,610,2187,2431,-1870,884,-2746,5026,-655,-7,651,318,289,0
2025810,610,610,1868,2093,-3002,194,-2648,4935,-386,-78,493,335,323,0
2029123,611,611,1381,2112,-4073,-650,-2531,4808,79,83,184,361,322,0
2032478,612,612,293,1550,-1847,-1949,-1528,4672,-97,315,52,415,348,0
2035814,614,614,0,725,-814,-1280,-1236,4516,-253,-83,-325,419,376,0
2039126,615,615,0,781,-2552,-2119,-1471,4359,557,234,183,420,373,0
2042478,616,616,0,912,430,-2060,-796,4198,330,-70,-26,431,366,0
2045818,618,617,0,1025,3596,-2808,-746,4004,-245,-58,-350,412,360,0
2049130,619,618,0,1043,3239,-3931,-86,3813,-285,-95,96,399,359,0
2052478,620,619,237,631,3072,-3868,750,3671,272,16,-57,386,381,0
2055820,622,621,0,162,3608,-2984,1253,3548,-100,303,-77,398,390,0
2059132,623,622,31,0,4003,-2167,752,3433,106,-285,1,381,409,0
2062511,624,623,1625,1718,3905,-1855,-503,3281,-10,135,-116,380,391,0
2065820,625,625,1212,968,3589,-2000,-427,3141,-134,-75,173,402,415,0
2069135,626,626,912,425,3250,-2603,-1071,2970,149,-454,253,418,444,0
2072479,628,627,687,1212,1931,-2501,-1610,2769,-494,175,93,414,402,0
2075820,629,629,650,912,347,-2115,-2673,2505,185,165,52,416,402,0
2079139,631,630,143,1137,1838,-1313,-3085,2215,-25,-196,-119,443,390,0
2082479,632,632,668,1006,944,-1019,-3219,1878,-155,-90,-359,415,397,0
2085820,633,633,537,893,-862,-1140,-3081,1564,-343,97,174,422,403,0
2089142,635,634,0,1025,-2055,-1497,-2303,1270,-67,-115,376,438,396,0
2092500,636,635,368,1268,-2982,-1914,-1921,972,-148,-153,-15,415,383,0
2095821,637,637,0,556,-4255,-1936,-1443,678,-410,228,57,416,385,0
2099146,639,638,0,162,-5793,-1989,-1136,379,-109,26,57,419,406,0
2102504,640,639,0,275,-6853,-1606,-1662,62,-44,141,-376,404,400,0
2105821,641,641,0,0,-7476,-1240,-1187,-242,-241,1,48,404,403,0
2109148,643,642,0,0,-8035,-1973,-433,-524,299,-106,-8,407,412,0
2112504,644,643,218,462,-6746,-2271,-340,-814,-72,151,-207,387,390,0
2115821,645,645,462,406,-6502,-1750,-322,-1031,-188,305,142,374,377,0
2119151,646,646,856,350,-8277,146,-385,-1190,327,82,460,353,380,0
2122504,647,647,1962,668,-6513,1572,287,-1231,988,343,841,294,363,0
2125822,648,648,3012,931,-1811,2786,1320,-1132,223,437,765,258,369,0
2129156,649,649,3743,818,1644,5781,2395,-971,763,435,906,235,375,0
2132505,649,651,3556,1400,4937,7451,2535,-809,137,618,752,245,328,0
2135847,650,651,0,1306,6183,8201,2665,-647,-300,-239,924,613,349,0
2139159,650,652,0,1775,5412,5231,2338,-526,-820,-362,1141,843,324,0
2142505,651,653,0,0,-1733,1374,1203,-450,-992,-423,793,849,480,0
2145873,651,653,3800,3800,-7053,-1594,1237,-365,-61,-12,571,221,230,0
2149161,652,654,3800,3800,-7782,-2974,1025,-308,467,217,503,264,236,0
2152505,653,655,3012,3012,-5383,-2814,310,-275,201,214,233,322,290,0
2155876,654,656,1925,631,-3544,-2981,339,-262,-220,-141,-21,376,413,0
2159164,655,657,1493,987,-3944,-3169,773,-261,-86,-18,226,383,378,0
2162506,656,658,1212,1062,-3624,-1970,1236,-262,305,-200,76,414,390,0
2165848,658,660,950,612,-2346,-907,1865,-227,27,-365,-24,412,398,0
2169167,659,661,725,275,-453,-1318,1957,-150,-121,-163,163,424,416,0
2172506,660,662,331,481,189,-2260,1733,-82,23,-41,11,445,405,0
2175848,662,664,237,125,745,-1750,1555,0,50,77,-258,434,408,0
2179171,663,665,275,0,1870,-113,589,67,-91,-58,-84,432,426,0
2182527,665,667,50,0,1309,-603,220,158,-22,-89,331,428,410,0
2185848,666,668,218,0,1526,-229,-99,251,227,22,-20,419,400,0
2189174,667,669,593,125,1948,342,-137,347,-197,-284,-80,419,412,0
2192530,669,670,818,725,1509,-789,-340,433,-24,-180,95,407,396,0
2195848,670,672,1137,725,1665,-1286,-224,498,210,231,-185,390,380,0
2199178,671,673,1006,575,2961,411,-1010,527,23,252,-105,397,388,0
2202531,673,674,800,462,2857,1477,-1006,540,88,-47,164,392,394,0
2205849,674,675,818,462,3419,1614,-1247,537,198,-48,-18,391,394,0
2209180,675,677,1043,162,4542,1714,-1137,553,-98,199,239,379,394,0
2212530,676,678,1231,443,4241,2052,-1360,548,-177,-46,-6,385,395,0
2215873,678,679,800,537,3081,1843,-1326,520,-254,81,-196,392,390,0
2219183,679,681,818,0,819,796,-1508,483,-93,106,215,371,388,0
2222531,680,682,762,68,-364,499,-1294,453,49,62,-79,374,379,0
2225876,681,683,706,0,-743,404,-1031,433,189,24,-108,377,389,0
2229187,682,685,837,0,-961,-176,-715,401,109,170,-6,370,380,0
2232531,684,686,406,0,-1264,619,-602,341,-269,136,-308,377,372,0
2235877,685,687,31,12,-2141,1389,-273,258,-478,76,163,397,366,0
2239190,686,688,275,181,-5380,1795,-313,169,-710,-225,91,384,357,0
2242531,687,689,1343,406,-7803,3203,-329,75,674,10,1023,343,361,0
2245878,688,690,1287,143,-4259,4390,-222,-4,845,-311,1242,330,359,0
2249194,689,691,2393,1287,3734,5949,631,-21,-232,-566,993,307,334,0
2252531,690,692,1643,2243,3849,4787,1473,-14,-782,-415,997,347,283,0
2255877,691,693,1025,2187,13,4148,2234,23,-946,-150,497,380,286,0
2259197,693,694,856,1981,-3632,2846,2700,97,-389,-308,648,373,297,0
2262555,694,695,1062,1775,-3124,1896,2426,163,-555,150,425,362,308,0
2265878,695,696,762,1606,-4146,819,2832,227,406,-7,555,378,317,0
2269199,696,697,1081,1643,-2923,-1044,3941,311,-234,-128,-168,377,331,0
2272555,698,698,0,1381,-5049,-2983,4060,380,142,-318,-63,421,345,0
2275879,699,699,181,856,-4703,-3856,4129,448,-277,166,111,409,373,0
2279203,700,700,312,875,-4614,-4206,3293,497,136,2,-94,402,372,0
2282555,701,701,256,200,-4231,-4138,3614,561,120,106,-101,385,388,0
2285878,702,703,0,0,-3244,-3849,3879,664,-470,-194,76,408,383,0
2289206,704,704,0,0,-4616,-4867,3635,771,48,-96,-86,393,386,0
2292556,705,705,218,350,-4301,-5639,3510,883,327,-77,6,387,380,0
2295879,706,706,331,462,-3374,-6093,3462,996,119,87,-112,381,374,0
2299209,707,708,237,387,-2668,-5843,3358,1111,239,222,-7,386,378,0
2302555,709,709,293,0,-1074,-4479,3220,1219,177,329,334,367,396,0
2305879,710,710,312,87,-109,-2254,3256,1352,461,166,166,366,378,0
2309212,711,711,912,106,1438,-993,2885,1474,581,60,383,334,377,0
2312556,712,713,1868,162,4415,-835,2951,1605,137,365,250,303,378,0
2315882,713,714,1475,256,6333,1053,3103,1738,454,225,212,324,373,0
2319215,714,715,1362,125,8130,2722,2589,1861,261,51,189,330,380,0
2322556,715,716,2018,593,9455,2361,2041,1966,496,-134,372,311,371,0
2325885,716,717,2168,425,11901,1170,1009,2045,-754,-579,-422,303,380,0
2329219,717,719,1793,537,11141,-586,-58,2084,-88,-224,276,323,374,0
2332557,718,720,1306,256,9639,-2053,-727,2093,-608,-102,-102,349,373,0
2335887,719,721,818,368,5435,-2940,-1548,2067,35,279,297,375,367,0
2339222,720,722,800,443,1401,-2960,-1824,2029,-71,370,94,376,363,0
2342582,721,723,968,537,1059,-1847,-855,2011,219,-3,20,363,354,0
2345891,722,724,1081,406,1861,-1461,-182,2015,374,-69,-18,357,361,0
2349225,724,725,931,481,1277,-2489,678,2046,-944,187,-52,365,357,0
2352581,725,727,518,593,-4155,-2560,-328,2043,-371,-8,114,371,335,0
2355894,726,728,518,481,-7489,-1774,-932,1994,-208,45,-170,371,341,0
2359228,727,729,387,856,-7832,-1201,-501,1932,369,26,420,378,321,0
2362584,728,730,631,537,-5582,-78,-1140,1827,592,239,586,365,338,0
2365897,729,731,725,312,-2483,2194,-1190,1705,-682,229,125,360,350,0
2369231,730,732,875,218,-4708,4304,-1876,1571,185,-67,416,352,355,0
2372617,732,733,1493,875,-3850,5486,-2598,1401,424,143,375,339,356,0
2375900,733,734,1512,631,-3065,6381,-2713,1193,112,36,117,338,369,0
2379235,734,735,1362,687,-1113,8121,-2641,984,17,34,146,346,366,0
2382590,735,736,1006,1193,-1011,7521,-2875,765,-323,-289,480,365,339,0
2385903,736,737,1231,1606,-2220,4697,-2844,573,64,-159,440,353,317,0
2389238,737,738,1418,1812,-2286,851,-3095,364,137,3,777,343,306,0
2392591,738,739,1475,2000,-1723,-949,-2591,161,166,-169,467,356,312,0
2395907,739,740,968,1606,-1069,-2777,-1722,-5,199,166,572,383,333,0
2399241,741,741,781,1343,460,-4421,-1391,-158,57,192,35,393,347,0
2402591,742,743,368,462,1611,-3401,-1913,-326,-191,459,-73,399,378,0
2405910,743,744,106,275,1717,-796,-1746,-486,-206,-10,183,393,368,0
2409244,744,745,237,443,-1053,-1118,-1619,-637,-285,-56,-114,386,359,0
2412591,746,746,0,425,-2397,-1674,-793,-763,635,40,268,394,360,0
2415913,747,747,181,312,244,-1154,339,-843,532,42,449,373,366,0
2419248,748,748,481,293,3427,511,891,-907,380,-195,235,357,367,0
2422591,749,750,725,256,4497,1650,1981,-942,403,-199,117,360,369,0
2425917,750,751,518,218,6795,1805,2144,-956,-198,-100,-102,371,371,0
2429251,751,752,593,537,5173,2696,2292,-949,-435,-5,150,367,354,0
2432591,752,753,443,837,1962,3270,1332,-938,295,-239,320,375,338,0
2435920,754,754,500,1400,1195,3903,1263,-897,-509,-168,318,376,328,0
2439255,755,755,575,1325,505,4311,746,-851,127,-185,287,372,332,0
2442592,756,756,931,1212,-207,3603,525,-786,-468,-130,577,353,338,0
2445923,757,757,1812,1250,-1237,2372,276,-721,2,-63,830,306,336,0
2449258,758,758,2037,1512,-1417,171,-121,-698,-206,-84,548,294,322,0
2452616,759,759,2075,1850,-1725,-667,-1130,-727,-437,155,582,308,320,0
2455926,760,760,2262,1456,-2743,-1482,-502,-764,-15,-109,426,298,341,0
2459261,761,761,2337,950,-2110,-3517,-531,-771,375,21,456,310,368,0
2462617,762,763,1418,200,-786,-4861,-809,-767,393,312,53,343,392,0
2465930,763,764,725,106,2136,-4223,-700,-773,390,110,-96,376,393,0
2469263,764,765,331,0,3273,-2549,-370,-749,-562,54,-137,381,390,0
2472618,765,766,612,312,537,-2437,-297,-721,-176,-71,194,382,382,0
2475932,766,768,200,181,-73,-3978,-318,-672,201,-297,211,404,389,0
2479267,768,769,237,218,1031,-4680,-80,-594,-597,133,-459,386,371,0
2482618,769,770,256,331,-1510,-3813,460,-494,433,-50,54,385,365,0
2485935,770,771,387,331,-2113,-3440,909,-384,590,4,-71,378,365,0
2489271,772,772,162,350,290,-3258,246,-286,-192,188,22,390,364,0
2492618,773,774,312,50,-1030,-2289,135,-193,-154,122,276,366,364,0
2495940,774,775,312,125,-2702,-954,-119,-100,-302,126,42,366,360,0
2499273,775,776,1025,500,-4134,957,-357,-30,147,-148,348,348,360,0
2502619,776,777,1550,575,-3305,1993,-156,18,58,-37,217,336,372,0
2505942,777,778,1437,612,-1971,3703,-192,55,6,-224,519,342,370,0
2509276,778,779,1287,875,-224,4415,69,117,336,193,348,350,356,0
2512619,779,781,1062,762,1998,4785,-478,157,-113,318,477,362,346,0
2515946,780,782,1512,931,3312,5040,-999,176,-50,-46,247,338,353,0
2519279,781,783,1531,650,3432,5649,-689,180,-594,45,268,337,352,0
2522619,782,784,1418,1287,357,5129,-13,169,-955,-522,5,359,334,0
2525949,784,785,293,950,-4909,2655,368,152,353,-17,-30,403,352,0
2529284,785,786,0,650,-4937,65,-242,83,719,194,178,414,348,0
2532619,786,787,275,537,770,-682,-780,-8,284,5,134,384,354,0
2535951,788,788,87,481,1525,-361,-257,-87,-21,343,119,378,357,0
2539286,789,789,800,406,2304,1128,-23,-130,-136,15,40,356,361,0
2542644,790,791,143,87,1649,2152,-108,-173,-308,150,-129,375,362,0
2545955,791,792,68,50,267,3278,-522,-212,273,-63,-69,379,364,0
2549289,792,793,218,0,738,2307,-895,-257,-192,-513,-84,371,373,0
2552648,793,794,537,500,-1024,286,-904,-293,136,-90,123,370,356,0
2555958,794,795,312,218,64,-498,-872,-317,257,65,411,366,355,0
2559292,796,796,1400,1325,1599,822,-1289,-322,-205,-282,415,344,332,0
2562648,796,797,2075,1700,-1095,454,-1568,-355,-725,-559,893,308,312,0
2565961,798,798,1812,2356,-4321,-1583,-2577,-419,193,-527,969,322,277,0
2569295,798,799,1756,2356,-3493,-2741,-3185,-493,138,-213,1107,325,277,0
2572652,799,799,2168,1906,-2283,-2612,-3325,-575,197,-342,997,303,317,0
2575964,800,800,2375,2056,-2055,-2608,-3719,-680,394,288,629,292,309,0
2579300,801,801,2412,1550,-1308,-1623,-3637,-784,581,447,490,306,352,0
2582656,802,803,2037,481,927,-1060,-3527,-885,105,271,293,326,393,0
2585967,803,804,1643,912,1205,-240,-2514,-961,177,385,-20,347,370,0
2589303,804,805,1793,1156,615,575,-2589,-1056,170,95,14,339,357,0
2592656,805,806,1118,612,576,749,-2227,-1154,-278,-181,-197,355,366,0
2595971,807,807,462,387,350,-1042,-2063,-1226,-313,46,36,374,378,0
2599305,808,809,181,293,-182,-1589,-2808,-1318,236,-44,-28,389,383,0
2602656,809,810,368,200,-1657,-949,-2502,-1393,-454,380,-103,395,388,0
2605975,810,811,612,125,-1653,15,-1538,-1430,225,-612,56,382,392,0
2609308,812,812,0,312,-3017,-911,-921,-1453,-262,60,-303,404,382,0
2612657,813,814,275,143,-2580,-1094,-1286,-1488,340,111,-174,384,375,0
2615978,814,815,350,387,-2750,-45,-1792,-1546,-209,-1,-51,380,362,0
2619311,815,816,500,31,-3014,650,-988,-1562,253,-223,82,372,381,0
2622656,816,817,912,612,-1915,2,-156,-1535,47,-247,8,370,370,0
2625980,818,818,406,331,-2029,-1076,-260,-1522,-107,-44,-116,381,385,0
2629316,819,820,481,387,-2237,-1529,-549,-1539,360,-113,14,377,382,0
2632657,820,821,650,256,-1583,-1541,-589,-1569,129,118,-123,384,389,0
2635983,821,822,593,293,-1511,-49,-59,-1563,89,147,54,387,387,0
2639318,822,823,706,631,-1199,358,-84,-1541,-195,95,23,381,369,0
2642658,824,825,143,706,-2228,653,-589,-1552,-302,362,48,395,349,0
2645987,825,826,443,837,-4434,1174,297,-1542,-218,-180,118,379,342,0
2649321,826,827,162,1737,-6068,-259,728,-1515,-31,48,110,394,310,0
2652679,828,828,0,1137,-7912,-1442,1132,-1464,393,294,259,387,322,0
2655990,829,829,500,1212,-6133,-1596,2731,-1350,-310,197,414,356,318,0
2659324,830,829,1081,1400,-1612,-2319,3832,-1202,602,170,480,325,324,0
2662682,831,831,725,668,1023,-2442,4505,-1034,-241,-398,992,344,347,0
2665993,832,832,350,612,289,-28,5069,-836,475,29,135,364,350,0
2669327,833,833,368,443,4199,1545,5351,-619,392,-282,677,363,359,0
2672683,834,834,762,481,8032,1657,5475,-368,62,-295,470,342,357,0
2675996,835,835,725,387,6104,895,4753,-120,138,-266,186,344,362,0
2679331,836,836,668,537,6264,-12,4029,109,-108,-570,357,347,354,0
2682715,837,837,2318,2656,7402,-1055,2856,315,382,-362,71,343,325,0
2685999,838,838,2000,1700,7428,-2190,1926,488,-216,-421,243,360,376,0
2689334,839,840,1587,1850,4079,-2585,324,609,79,-191,417,382,368,0
2692683,841,841,1606,1362,2502,-3461,-624,668,-306,-91,581,365,378,0
2696004,842,842,1718,1587,519,-3895,-1026,717,0,34,407,359,366,0
2699337,843,843,1643,1700,-50,-4052,-647,766,-34,269,441,363,360,0
2702683,844,844,1943,1962,-862,-3451,-603,812,-680,233,80,363,362,0
2706006,845,845,2018,1812,-4989,-2125,-1098,865,112,223,458,359,370,0
2709340,846,847,1943,1812,-4634,-2343,-1424,899,140,387,348,363,370,0
2712684,848,848,1212,1118,-3698,-2352,-1115,912,-37,299,31,386,391,0
2716009,849,849,856,706,-3102,-2225,-1784,885,315,75,155,385,393,0
2719343,850,850,912,1156,-2408,-3061,-1690,872,-231,101,-8,382,369,0
2722684,851,851,893,837,-2484,-4059,-1835,871,-115,98,-55,383,386,0
2726012,853,853,743,631,-3976,-4894,-2244,832,-204,203,27,391,381,0
2729347,854,854,443,106,-4723,-4137,-2931,745,-147,234,-54,391,409,0
2732705,855,855,462,443,-4097,-3930,-2768,667,388,184,162,406,407,0
2736016,856,857,443,181,-2295,-3681,-2945,592,-152,240,-103,407,405,0
2739350,858,858,331,0,-2081,-2104,-2676,527,-288,116,-71,413,419,0
2742708,859,859,500,293,-2820,-1608,-2793,441,589,-284,163,388,399,0
2746019,860,861,987,612,-587,-2556,-2656,361,-624,-54,205,382,386,0
2749353,861,862,1250,593,-2395,-2827,-2644,297,-202,321,63,368,387,0
2752709,862,863,1475,425,-4144,-1521,-2130,221,750,480,300,356,396,0
2756022,864,865,1475,218,-1346,1517,-638,178,-264,378,155,340,391,0
2759356,865,866,1681,687,-1628,2644,-571,125,496,-89,826,345,366,0
2762709,866,867,2206,1475,-237,3856,120,43,95,469,373,317,340,0
2766025,867,868,2337,1325,-118,5902,1887,-17,556,105,477,310,348,0
2769360,868,869,2412,1512,2085,7189,3125,-60,245,316,344,322,338,0
2772709,869,870,1793,1231,3318,7285,3489,-109,481,-24,223,339,353,0
2776028,870,871,1025,387,6469,6137,3200,-176,447,-413,-85,376,394,0
2779363,871,873,500,0,7830,5366,3021,-253,-23,-27,130,404,399,0
2782710,872,874,162,87,8850,5794,2833,-313,-276,54,-188,422,394,0
2786032,874,875,125,350,8392,6744,1585,-389,-322,-158,-53,408,380,0
2789366,875,876,237,218,6972,5783,155,-474,448,177,-58,402,387,0
2792710,876,878,293,31,8403,5519,-164,-539,56,-61,-107,399,381,0
2796035,878,879,0,0,9157,6164,-197,-555,-107,-17,61,399,388,0
2799369,879,880,125,87,8563,5274,-1001,-567,222,-365,354,392,378,0
2802710,880,881,612,106,9270,3264,-1551,-584,-56,-24,201,366,377,0
2806038,881,883,1418,312,6465,374,-1462,-609,-430,-351,498,323,366,0
2809373,882,884,2112,1268,4167,-1773,-1306,-631,-382,-150,611,322,335,0
2812710,883,884,1681,2281,2884,-3387,-1831,-654,323,-422,606,345,297,0
2816041,884,885,1418,2506,4709,-5139,-2790,-697,-653,-440,128,359,285,0
2819400,885,886,912,2037,2973,-7054,-1952,-723,-631,366,208,386,310,0
2822731,887,887,650,1962,1027,-7033,-2851,-756,-199,-4,207,384,314,0
2826044,888,888,293,1700,-3397,-6279,-3554,-814,-501,57,117,403,328,0
2829402,889,889,387,1981,-6568,-5428,-4965,-912,-369,280,96,414,329,0
2832735,890,890,350,1550,-8982,-4525,-5985,-1029,-365,127,-65,416,352,0
2836048,892,891,425,1418,-11331,-3087,-6882,-1153,401,70,-353,396,359,0
2839406,893,892,68,425,-10213,-2575,-6307,-1263,58,116,310,395,392,0
2842735,894,894,162,256,-8734,-2223,-4734,-1319,418,81,77,390,385,0
2846051,895,895,200,687,-7149,-671,-2087,-1301,356,211,270,388,362,0
2849409,897,896,0,781,-7324,816,69,-1211,270,-136,266,394,357,0
2852735,898,897,0,575,-8007,1817,1699,-1075,226,-100,238,383,368,0
2856054,899,898,12,575,-7127,1993,2592,-911,756,-518,422,382,368,0
2859412,900,900,818,331,-4369,-7,2904,-754,228,-26,135,355,381,0
2862736,901,901,1193,200,-4010,-820,2740,-649,450,289,385,335,388,0
2866057,902,902,1287,87,-1901,828,2390,-556,620,-289,626,314,378,0
2869416,903,903,2300,650,961,1221,3208,-460,620,-103,727,296,384,0
2872736,904,905,2225,312,3171,664,2879,-429,248,-11,670,300,386,0
2876060,905,906,2487,462,3224,507,2480,-449,304,59,562,286,378,0
2879418,906,907,2525,725,4585,982,2409,-482,147,130,475,284,364,0
2882737,907,908,1643,1006,4856,1936,2005,-520,-47,107,569,331,349,0
2886064,908,909,2450,1512,4280,2090,1087,-580,-283,221,309,288,322,0
2889419,909,910,1437,1962,2325,3678,1391,-625,-733,130,220,358,314,0
2892736,910,911,743,2187,-592,4229,1992,-613,-654,179,248,395,302,0
2896068,911,912,725,2112,-3872,2800,1909,-558,-22,94,409,396,306,0
2899451,912,913,743,1943,-3751,638,1740,-498,-79,281,331,391,311,0
2902758,914,914,143,1343,-3044,-1033,1604,-442,-151,-239,2,391,327,0
2906070,915,915,668,762,-2433,-4660,2863,-321,280,85,357,363,358,0
2909427,916,916,556,706,-258,-5206,3536,-162,-236,327,-264,385,377,0
2912761,917,917,387,612,531,-3569,3128,-19,-572,113,-568,394,382,0
2916073,918,918,518,650,-3824,-1708,1439,66,-341,-606,-166,387,380,0
2919427,920,920,31,106,-5351,-3763,1302,164,784,-81,149,397,393,0
2922762,921,921,368,0,-372,-4192,1078,285,561,408,500,379,401,0
2926076,922,922,687,312,3835,-1951,1133,381,-28,-8,52,362,382,0
2929428,923,923,931,143,4380,-1117,1690,523,355,-72,42,349,391,0
2932762,924,925,1343,293,4496,-1419,1686,687,121,437,92,347,387,0
2936079,925,926,1212,143,5130,693,1202,880,18,302,195,354,395,0
2939427,927,927,1175,462,6523,2226,496,1082,323,163,298,356,394,0
2942762,928,929,1081,181,8217,2665,610,1316,40,316,152,361,393,0
2946083,929,930,1175,818,10165,3830,666,1534,-204,177,265,356,359,0
2949428,930,931,912,1118,7304,3855,-163,1677,-791,-26,12,370,343,0
2952762,931,932,650,1175,1533,2636,-115,1739,-189,76,475,384,340,0
2956086,932,933,218,1362,-701,2306,-152,1732,-405,-179,126,407,330,0
2959428,934,934,312,1587,-3714,2297,85,1681,-485,-34,-154,402,334,0
2962762,935,935,12,987,-6966,1319,505,1616,-91,-221,149,398,346,0
2966089,936,936,31,593,-7420,61,789,1550,380,-205,319,397,367,0
2969429,938,937,0,275,-4437,205,975,1495,349,123,7,384,384,0
2972763,939,939,500,200,-2837,637,2003,1483,-607,135,388,356,372,0
2976092,940,940,706,425,-4679,1018,2005,1445,327,-70,253,345,360,0
2979450,941,941,1118,668,-1836,490,2876,1445,911,24,727,323,347,0
2982784,942,942,1175,687,2911,1078,4043,1494,42,-166,192,320,346,0
2986095,943,943,1118,350,7456,2002,4588,1562,483,-148,324,323,364,0
2989453,944,944,1306,125,10190,1219,5024,1656,12,-110,65,313,376,0
2992816,945,946,1718,518,12405,455,5345,1789,160,-395,89,327,375,0
2996099,946,947,1193,556,13535,61,4349,1882,-585,284,87,355,373,0
2999453,947,948,706,612,10467,2234,4224,1951,-1282,-210,323,381,370,0
