Time, Rlegs, Llegs, DCL, DCR, GyroX, GyroY, GyroZ, GyroZAvg, AccelX, AccelY, AccelZ, LBEMF, RBEMF, SteerOut
2502,517,517,0,0,-124,-76,244,243,-4,-28,227,55,55,0
5835,517,517,0,0,-125,-77,245,243,-7,-26,224,55,55,0
9161,517,517,0,0,-126,-79,246,243,-2,-29,230,55,55,0
12502,517,517,0,0,-124,-76,246,243,-9,-24,226,55,55,0
15835,517,517,0,0,-123,-78,245,243,-4,-27,224,55,55,0
19164,517,517,0,0,-128,-80,244,243,-8,-23,229,55,55,0
22503,517,517,0,0,-128,-80,244,243,-9,-27,227,55,55,0
25836,517,517,0,0,-125,-77,244,243,-6,-31,232,55,55,0
29167,517,517,0,0,-127,-81,240,243,-9,-24,229,55,55,0
32503,517,517,0,0,-124,-83,240,243,-7,-25,231,55,55,0
35836,517,517,0,0,-126,-81,241,243,-5,-23,226,55,55,0
39170,517,517,0,0,-124,-79,240,243,-6,-26,230,55,55,0
42524,517,517,0,0,-126,-81,240,243,-6,-31,229,55,55,0
45861,517,517,0,0,-125,-80,242,243,-6,-24,225,55,55,0
49174,517,517,0,0,-125,-82,242,243,-3,-28,223,56,56,0
52527,517,517,0,0,-126,-81,242,243,-8,-26,226,55,55,0
55861,517,517,0,0,-126,-81,242,243,-8,-24,226,55,55,0
59177,517,517,0,0,-127,-81,243,243,-6,-24,227,55,55,0
62528,517,517,0,0,-127,-80,245,243,-3,-24,224,55,55,0
65864,517,517,0,0,-128,-79,242,243,-4,-24,227,55,55,0
69181,517,517,0,0,-126,-77,244,243,-8,-24,231,55,55,0
72528,517,517,0,0,-124,-77,243,243,-8,-29,225,55,55,0
75869,517,517,0,0,-125,-76,245,243,-9,-24,232,55,55,0
79184,517,517,0,0,-125,-78,245,243,-7,-29,228,55,55,0
82529,517,517,0,0,-124,-78,244,243,-7,-24,227,55,55,0
85870,517,517,0,0,-126,-77,245,243,-6,-25,225,55,55,0
89186,517,517,0,0,-124,-74,244,243,-2,-26,224,55,55,0
92529,517,517,0,0,-124,-75,243,243,-3,-28,225,55,55,0
95870,517,517,0,0,-120,-75,245,243,-7,-26,233,55,55,0
99189,517,517,0,0,-121,-76,245,243,-6,-23,231,55,55,0
102816,517,517,0,0,-122,-76,246,243,-5,-30,225,55,55,0
105871,0,0,0,0,-123,-77,246,243,-7,-28,230,56,55,0
109193,0,0,0,0,-125,-79,245,243,-10,-25,229,55,55,0
112529,0,0,0,0,-126,-80,247,243,-7,-25,232,55,55,0
115871,0,0,0,0,-123,-82,246,243,-11,-25,228,55,55,0
119196,0,0,0,0,-128,-81,244,243,-6,-27,224,55,55,0
122551,0,0,0,0,-128,-76,243,243,-6,-23,223,55,55,0
125871,0,0,0,0,-127,-79,246,243,-3,-27,229,55,55,0
129199,0,0,0,0,-127,-79,243,243,-7,-28,228,55,55,0
132554,0,0,0,0,-125,-78,242,243,-5,-26,230,56,55,0
135871,0,0,0,0,-128,-81,244,243,-6,-25,228,56,55,0
139202,0,0,0,0,-126,-82,242,243,-6,-25,225,55,55,0
142554,0,0,0,0,-125,-79,245,243,-4,-26,228,56,55,0
145871,0,0,0,0,-124,-85,241,243,-7,-24,226,55,55,0
149205,0,0,0,0,-123,-79,243,243,-3,-30,226,55,55,0
152556,0,0,0,0,-125,-80,243,243,-3,-27,234,55,55,0
155896,0,0,0,0,-125,-80,241,243,-7,-24,224,55,55,0
159209,0,0,0,0,-127,-78,240,243,-12,-26,227,55,55,0
162555,0,0,0,0,-124,-81,243,243,-2,-26,224,55,55,0
165897,0,0,0,0,-124,-80,243,243,-5,-24,226,55,55,0
169212,0,0,0,0,-125,-79,244,243,-4,-24,227,55,55,0
172555,0,0,0,0,-125,-77,242,243,-8,-29,228,55,55,0
175897,0,0,0,0,-125,-79,246,243,-10,-23,227,55,55,0
179215,0,0,0,0,-123,-78,244,243,-6,-27,226,55,55,0
182555,0,0,0,0,-124,-77,246,243,-4,-25,229,56,55,0
185898,0,0,0,0,-124,-78,246,243,-9,-24,233,55,55,0
189218,0,0,0,0,-126,-77,244,243,-7,-28,230,55,55,0
192556,0,0,0,0,-125,-76,244,243,-5,-25,229,56,55,0
195898,0,0,0,0,-122,-75,246,244,-7,-28,226,55,55,0
199221,0,0,0,0,-123,-76,243,244,-6,-26,226,55,55,0
202577,0,0,0,0,-124,-77,245,244,-8,-27,222,55,55,0
205901,0,0,1118,1118,-124,-74,244,243,-10,-77,225,55,55,0
209225,1,0,0,12,-158,-150,257,244,9,-17,227,119,114,0
212582,1,0,143,200,-227,-83,276,245,39,2,236,107,120,0
215902,1,1,593,218,-93,-61,235,244,53,7,241,99,119,0
219228,1,1,368,200,335,-73,271,245,-13,14,236,111,120,0
222583,2,1,143,368,409,-84,331,248,0,-1,257,123,127,0
225902,2,1,200,237,507,-219,325,250,11,-25,265,120,134,0
229231,2,2,556,106,708,-398,298,252,-20,-34,254,117,141,0
232584,2,2,612,331,893,-543,216,251,21,-19,225,130,145,0
235902,3,3,12,31,1073,-675,105,247,-61,-29,244,146,145,0
239235,3,3,537,350,882,-827,-66,237,-53,-11,227,134,144,0
242584,3,3,425,125,736,-994,-232,222,-50,-4,206,140,156,0
245927,4,4,162,87,633,-1240,-459,200,-66,-33,217,154,158,0
249237,4,4,350,0,544,-1400,-638,173,-34,-44,216,144,164,0
252584,5,5,125,31,578,-1576,-804,140,40,48,261,156,161,0
255930,5,5,556,293,739,-1663,-977,102,-111,-34,201,149,163,0
259241,5,5,650,237,609,-1668,-928,65,-178,1,277,144,166,0
262586,6,6,500,331,-132,-1274,-775,34,-41,-1,279,152,161,0
265958,6,6,856,368,-300,-471,-500,11,48,-24,309,139,165,0
269244,6,7,818,106,229,-250,-238,-3,-18,-19,297,141,163,0
272584,7,7,593,518,434,-418,-146,-16,-30,12,251,153,157,0
275931,7,8,856,312,562,-880,-190,-29,-64,-20,265,139,152,0
279247,8,8,575,650,493,-1200,-325,-47,-221,-23,174,154,150,0
282585,8,9,631,462,-525,-1560,-563,-72,-239,1,202,151,144,0
285931,8,9,912,781,-1872,-1934,-1016,-112,-166,-2,211,152,143,0
289250,9,9,331,687,-2505,-1902,-1319,-160,-60,79,221,167,148,0
292608,9,10,781,762,-2765,-1791,-1448,-213,-15,51,179,159,144,0
295931,10,10,181,762,-2777,-1474,-1548,-269,0,58,193,175,144,0
299253,10,10,762,1118,-2400,-1323,-1469,-323,-193,19,171,160,141,0
302608,11,11,87,650,-2370,-1446,-1359,-373,-124,-4,189,180,150,0
305931,11,11,668,875,-2414,-1929,-1309,-422,-1,107,130,165,154,0
309258,12,12,31,406,-2585,-2117,-1156,-465,54,221,151,183,163,0
312608,12,12,500,706,-2668,-1913,-763,-497,-235,11,131,174,163,0
315932,13,13,218,762,-4128,-2198,-421,-518,-94,203,149,189,160,0
319260,13,13,500,706,-5110,-1979,-540,-544,72,210,100,174,163,0
322609,14,13,293,1043,-5401,-1652,-429,-564,-36,230,155,185,161,0
325932,14,14,462,668,-5470,-1251,-418,-586,119,108,132,176,165,0
329263,15,14,312,1006,-5283,-1402,-564,-614,42,-23,197,194,173,0
332609,15,15,331,650,-4331,-1479,-327,-634,286,174,324,193,176,0
335932,16,15,125,912,-2466,-858,252,-636,200,154,220,204,178,0
339266,16,16,481,706,-1511,-159,941,-613,36,120,134,185,173,0
342609,17,17,143,575,-1344,373,1408,-572,48,294,122,203,180,0
345936,18,17,162,837,-1175,1348,1826,-513,29,76,148,202,182,0
349269,18,18,275,856,-743,1838,2238,-436,88,122,75,196,181,0
352609,19,18,106,425,-14,2093,2419,-346,99,100,98,205,204,0
355939,19,19,387,0,817,2853,2908,-235,197,-39,246,190,214,0
359273,20,19,200,50,2085,3491,3093,-113,83,-184,95,200,224,0
362610,20,20,725,143,3354,3142,2971,9,-9,-37,-5,188,219,0
365941,21,21,200,68,3267,2511,2739,124,-20,-8,-92,200,207,0
369276,22,21,368,387,2246,2351,2722,233,-142,-171,38,191,206,0
372634,22,22,387,0,1705,2111,2975,342,454,-145,488,190,211,0
375945,23,23,443,68,3148,819,2579,430,432,-14,534,187,207,0
379279,23,23,781,0,4626,-342,2201,503,301,-185,367,169,218,0
382637,24,24,725,0,5688,-1241,1835,566,-155,-456,546,172,219,0
385948,24,25,1006,50,3648,-2763,1239,615,46,-486,659,173,208,0
389282,25,25,481,0,1362,-3451,1335,674,120,47,516,185,212,0
392638,25,26,912,0,-214,-2716,193,712,329,83,493,165,200,0
395952,26,27,537,0,1128,-145,-674,732,192,-167,539,169,187,0
399286,26,27,950,387,1992,458,-1550,729,359,-171,512,163,177,0
402643,27,28,556,556,2413,351,-1894,718,116,-218,426,184,168,0
405954,27,28,762,706,3454,-106,-2434,688,-96,-70,344,173,160,0
409289,28,28,368,631,3420,-199,-2994,637,-85,-73,277,178,164,0
412643,28,29,743,837,3196,-230,-3461,570,-59,-123,222,174,153,0
415958,29,29,481,987,2864,-457,-3593,494,-214,-77,115,188,161,0
419292,29,30,387,650,2109,-564,-3528,407,-38,121,48,193,163,0
422643,30,30,218,706,1067,0,-3972,296,24,59,60,202,176,0
425961,30,31,500,162,310,224,-4406,175,2,47,118,187,189,0
429295,31,31,331,537,156,-319,-4367,52,71,114,75,196,185,0
432644,31,32,387,443,1730,-266,-3952,-57,-93,36,-51,193,174,0
435964,32,32,237,575,1862,-437,-4111,-168,-290,-238,-159,201,183,0
439298,33,33,0,350,177,-1151,-3521,-268,-249,-95,-27,202,179,0
442644,33,33,31,856,-1702,-1859,-3447,-383,-124,90,36,212,168,0
445967,34,34,0,725,-2761,-1418,-3604,-525,-163,140,58,221,159,0
449301,35,34,0,1081,-2833,-890,-3918,-692,-113,40,51,211,156,0
452676,35,35,481,1250,-3008,-550,-3886,-870,-120,139,102,201,160,0
455970,36,35,0,987,-4309,-240,-4013,-1066,-164,23,56,220,174,0
459305,36,36,312,931,-5437,-451,-4047,-1268,-242,-40,149,210,177,0
462644,37,36,68,612,-6242,-824,-3844,-1479,-133,6,151,207,194,0
465973,38,37,143,818,-6910,-1580,-3689,-1691,40,219,125,203,183,0
469308,38,37,50,593,-6728,-2164,-3388,-1889,26,222,-39,208,195,0
472646,39,38,0,668,-6286,-2020,-2929,-2066,127,101,371,222,191,0
475978,40,39,0,706,-3771,-1253,-1576,-2201,359,129,572,214,189,0
479311,40,39,68,706,-829,-454,-663,-2314,209,194,381,207,189,0
482670,41,40,68,612,789,209,107,-2392,27,-126,430,207,194,0
485980,41,40,181,481,1685,633,1142,-2425,-28,18,344,201,201,0
489315,42,41,87,556,1784,925,1601,-2432,-152,-50,337,206,197,0
492671,43,42,331,406,540,867,1381,-2428,122,-7,237,193,205,0
495983,43,42,218,350,1284,1551,1693,-2417,234,226,216,199,208,0
499317,44,43,443,631,3041,2745,1815,-2366,132,19,74,187,193,0
502671,44,43,518,406,3964,3327,2132,-2278,-70,111,127,183,205,0
505986,45,44,406,593,3485,3915,1852,-2172,-68,23,198,189,195,0
509321,45,45,593,293,3681,3925,1932,-2052,16,-195,104,179,195,0
512672,46,45,387,462,4132,3036,2345,-1903,87,5,185,190,202,0
515989,46,46,593,518,2853,2379,2653,-1726,-226,-122,302,185,189,0
519324,47,46,293,537,1600,1412,2226,-1549,-51,-241,482,185,188,0
522672,47,47,1118,706,766,-116,2179,-1368,165,-71,387,157,179,0
525993,48,47,725,331,1236,-852,1970,-1197,186,-21,90,162,199,0
529327,48,48,1118,368,2611,-955,1738,-1018,-118,-30,50,157,197,0
532671,49,49,350,0,2763,-1055,1009,-849,-56,118,194,182,201,0
535996,49,49,706,293,1234,-763,162,-707,-94,160,191,179,201,0
539330,50,50,0,181,1367,-449,-590,-602,87,-63,196,206,191,0
542672,50,50,668,425,1801,-638,-1408,-518,-265,-60,182,181,194,0
546000,51,51,125,481,588,-704,-2769,-494,-140,-211,105,194,175,0
549334,51,51,706,856,262,-1802,-2575,-467,-318,-372,149,179,171,0
552672,52,52,481,1043,-295,-3726,-2714,-439,-485,-205,141,191,161,0
556002,53,52,50,950,-3118,-5391,-3238,-418,-350,104,199,198,166,0
559337,53,53,312,968,-4107,-5294,-3257,-398,-144,176,230,200,165,0
562673,54,53,0,968,-3898,-4523,-3139,-371,-105,160,328,215,165,0
566005,54,54,162,1118,-4348,-2791,-3556,-356,32,127,405,208,157,0
569340,55,54,0,1175,-3636,-1430,-3221,-336,13,213,494,222,154,0
572697,56,55,0,1306,-2912,-534,-3020,-315,-129,7,513,207,147,0
576009,56,55,87,1306,-2105,1022,-1735,-264,-207,78,340,196,147,0
579343,57,55,200,1606,-2376,1639,-704,-194,-440,112,202,200,157,0
582701,57,56,387,1512,-3343,1431,98,-142,1,-28,279,206,162,0
586012,58,56,0,1400,-3685,671,1742,-67,27,-65,308,214,168,0
589346,58,57,800,1400,-3673,181,2757,15,241,90,292,184,168,0
592701,59,57,312,1231,-2834,47,3981,104,112,163,160,194,177,0
596015,60,58,537,1156,-1707,334,5408,223,256,165,8,182,181,0
599349,60,58,387,1043,-1684,434,6049,369,-108,-44,128,190,187,0
602706,61,59,237,1043,-3159,-417,5848,499,282,17,88,198,187,0
606018,61,59,837,1193,-3420,-1810,5648,618,252,-4,61,182,195,0
609353,62,60,256,931,-3325,-2454,5017,709,205,1,99,197,193,0
612709,62,61,818,912,-3035,-2726,4777,800,332,-68,356,183,194,0
616022,63,61,368,500,-697,-3098,4624,884,488,-39,225,191,216,0
619356,63,62,725,368,586,-3046,4624,955,358,72,171,188,223,0
622710,64,63,650,200,1515,-2084,4012,998,426,80,219,192,232,0
626025,64,64,687,106,3678,-1219,3221,1029,48,112,276,190,237,0
629359,65,64,725,218,4939,-702,2716,1046,-148,124,275,188,231,0
632710,66,65,312,12,4527,-84,1323,1025,-188,-40,484,194,226,0
636028,66,66,668,106,2716,125,482,986,-19,-65,568,191,221,0
639363,67,66,181,162,2159,138,-77,952,266,-14,476,204,221,0
642710,67,67,537,106,2878,203,-562,930,420,-28,375,185,208,0
646031,68,68,406,743,4551,412,-992,917,354,-35,247,192,190,0
649365,68,68,650,368,5338,597,-1047,928,295,35,216,179,194,0
652711,69,69,331,218,5970,914,-1625,964,304,-13,169,196,202,0
656034,69,69,575,68,7361,1291,-1902,985,-330,-116,204,183,210,0
659369,70,70,331,350,6264,746,-2391,995,-469,-231,299,196,195,0
662710,71,71,143,275,3963,-319,-2718,1011,-252,-128,211,190,183,0
666038,71,71,331,818,2274,-1250,-2745,1027,-119,32,171,196,170,0
669372,72,72,68,725,1596,-1058,-2932,1034,-70,66,147,194,175,0
672711,72,72,406,781,1614,-508,-3161,1046,-171,-24,151,192,172,0
676041,73,73,0,256,554,-745,-3124,1049,-161,72,149,200,184,0
679376,73,73,556,687,-385,-934,-2897,1053,-256,117,121,184,177,0
682733,74,74,0,612,-1359,-844,-2762,1021,-146,14,95,203,165,0
686044,74,74,387,1043,-2322,-689,-2675,959,-82,37,192,193,158,0
689378,75,75,0,537,-2423,-368,-2575,876,82,70,115,207,169,0
692735,76,75,0,406,-1756,539,-2499,743,349,51,-23,200,192,0
696047,76,76,12,0,119,1387,-2568,577,226,43,41,197,207,0
699381,77,76,0,0,1088,1801,-2475,375,-173,23,41,206,220,0
702736,77,77,706,312,374,1364,-2698,122,-100,108,17,189,210,0
706050,78,78,0,0,-314,962,-2082,-131,-206,-151,-113,218,215,0
709386,79,78,0,368,-1488,460,-2106,-380,97,-31,-5,213,207,0
712736,79,79,12,481,-2281,275,-1997,-619,-63,0,-5,210,185,0
716054,80,79,0,462,-2832,75,-1836,-833,181,-20,-29,213,202,0
719388,80,80,275,106,-2621,-222,-1192,-1019,-34,15,-25,196,205,0
722737,81,81,0,425,-2313,-381,-638,-1184,9,111,-23,217,188,0
726057,82,81,0,556,-2586,-209,-301,-1338,20,160,-53,219,197,0
729391,82,82,68,293,-2971,218,178,-1458,39,37,161,207,195,0
732737,83,82,200,425,-3202,725,950,-1529,-143,186,307,200,204,0
736060,84,83,0,87,-3727,937,1312,-1572,91,7,405,206,206,0
739395,84,84,50,181,-3040,1116,1916,-1554,278,-12,757,208,201,0
742737,85,84,50,462,-1190,597,2169,-1501,63,-72,744,208,202,0
746063,85,85,200,87,-213,-109,2281,-1427,54,33,572,200,206,0
749398,86,85,0,218,793,125,2761,-1324,-330,-164,366,211,215,0
752738,87,86,293,87,-939,1251,2533,-1213,-259,-188,839,179,206,0
756067,87,87,650,481,-1745,2091,2167,-1113,497,-311,703,176,185,0
759401,88,87,1137,537,616,2112,1919,-1002,148,-426,347,166,198,0
762758,88,88,762,462,2621,1670,1311,-902,-207,-405,291,170,186,0
766071,88,88,1006,368,1325,1230,1000,-796,17,-417,267,163,197,0
769404,89,89,500,331,632,692,860,-684,12,-387,221,174,183,0
772762,89,89,1118,668,130,-531,459,-584,138,-291,230,157,181,0
776073,90,90,443,162,153,-1290,-193,-498,-116,-69,144,177,192,0
779407,90,91,818,200,-135,-1795,-857,-426,-23,-40,68,173,190,0
782762,91,91,556,275,-581,-1959,-1729,-383,40,5,123,187,202,0
786076,91,92,762,68,-517,-2408,-2411,-368,-15,24,154,176,197,0
789410,92,92,462,331,-483,-2654,-2720,-366,8,23,96,192,199,0
792762,93,93,312,50,-392,-2679,-3149,-381,-106,63,99,184,198,0
796079,93,93,668,612,-622,-2782,-3231,-402,-19,159,92,181,184,0
799413,94,94,443,143,-497,-2728,-3145,-422,-110,184,80,177,193,0
802763,94,95,650,425,-520,-2041,-2734,-427,-168,239,122,182,178,0
806083,95,95,406,462,-1376,-1708,-2907,-440,-137,126,192,179,176,0
809418,95,96,1025,668,-2180,-1430,-2926,-448,-144,213,190,162,165,0
812762,96,96,668,556,-3139,-628,-2295,-454,82,262,201,165,171,0
816086,96,97,968,725,-3259,139,-2108,-454,70,191,201,165,162,0
819420,97,97,500,650,-3071,488,-1775,-447,-79,186,143,174,166,0
822763,97,97,631,987,-2873,311,-1387,-433,-26,217,93,183,164,0
826089,98,98,800,875,-2549,-88,-1579,-445,108,200,75,184,180,0
829423,98,99,631,406,-1779,-344,-1592,-475,62,66,189,193,189,0
832763,99,99,331,612,-891,-652,-1241,-505,209,29,173,209,194,0
836092,99,100,406,162,119,-885,-1056,-543,-15,40,74,205,202,0
839426,100,100,312,312,337,-882,-812,-598,-27,11,181,210,210,0
842784,101,101,87,256,375,-155,-226,-646,403,44,300,206,197,0
846095,101,101,481,668,1581,173,444,-692,88,72,294,201,191,0
849453,102,102,312,912,893,-219,1045,-727,-268,58,399,210,178,0
852788,102,103,556,556,-1720,-928,1807,-742,293,23,495,197,181,0
856099,103,103,368,893,-1195,-1449,2647,-746,414,170,484,207,179,0
859456,104,104,0,462,611,-1627,3096,-728,-85,147,150,225,186,0
862788,104,104,200,462,51,-1732,2774,-709,88,122,-98,216,202,0
866101,105,105,0,368,495,-1377,3025,-675,162,166,359,228,207,0
869460,106,105,0,387,2327,-6,3179,-616,-4,199,276,213,206,0
872788,106,106,668,462,2294,1107,3308,-544,-495,91,278,191,202,0
876105,107,107,0,162,634,1626,2832,-483,25,105,295,217,202,0
879463,107,107,500,256,1018,2295,2657,-414,378,36,169,200,213,0
882789,108,108,612,368,3462,2966,2318,-335,-614,-288,270,194,207,0
886108,109,109,200,312,2018,3131,1766,-253,-498,-181,110,200,194,0
889466,109,109,481,125,-364,2676,1534,-151,308,-203,225,188,207,0
892789,110,110,312,0,313,1687,1654,-24,-56,-356,658,181,201,0
896111,110,110,1100,425,24,1225,1286,100,167,-256,732,155,191,0
899469,111,111,837,68,-1082,997,842,225,522,-167,436,153,194,0
902790,111,111,1175,462,2120,720,442,339,164,-156,295,151,189,0
906114,111,112,1268,106,2773,200,22,438,-21,-103,319,146,192,0
909472,112,113,987,331,2229,-348,-254,516,-2,-37,251,161,180,0
912789,112,113,931,387,1410,-686,-980,576,-77,-80,215,164,177,0
916117,113,114,668,650,876,-1124,-1574,618,1,-84,250,178,179,0
919476,113,114,1250,593,869,-1803,-2027,627,98,99,260,163,182,0
922790,114,115,837,481,1671,-1885,-2468,615,-56,95,174,169,172,0
926121,114,115,912,518,1566,-1527,-2688,587,-34,114,166,165,170,0
929479,115,115,518,650,1511,-1328,-2915,539,91,139,137,186,179,0
932811,115,116,968,537,1836,-1131,-2936,497,-143,270,56,178,185,0
936124,116,117,612,181,1175,-878,-3027,452,-132,35,56,181,188,0
939480,116,117,1081,593,434,-935,-2858,401,-25,25,95,172,182,0
942815,117,118,593,500,505,-1219,-2417,359,-137,97,126,182,171,0
946127,117,118,1100,856,233,-1191,-2200,315,-66,141,180,171,168,0
949481,118,119,725,593,-33,-1057,-2024,259,-142,111,150,175,166,0
952814,118,119,1437,931,-500,-921,-1484,199,-82,145,198,166,177,0
956131,119,120,593,443,-507,-1038,-1172,130,-82,69,192,195,187,0
959481,119,120,1118,631,-483,-1358,-664,52,-10,224,170,183,193,0
962815,120,121,968,631,-512,-1547,-30,-30,-33,165,140,191,193,0
966133,120,121,1100,500,-638,-1585,569,-109,-49,142,91,184,200,0
969481,121,122,856,518,-530,-1632,1024,-164,86,118,54,197,199,0
972815,122,123,350,237,-275,-1545,1354,-216,129,146,160,208,198,0
976137,122,123,800,368,138,-1104,1647,-264,138,95,167,200,207,0
979481,123,124,443,200,554,-1117,2214,-298,-190,5,120,219,216,0
982816,124,125,0,0,355,-1339,2053,-323,-90,42,139,229,220,0
986140,124,125,218,0,45,-1114,2386,-331,279,72,11,231,229,0
989482,125,126,0,0,767,-1001,2556,-324,-291,7,4,236,219,0
992816,126,127,12,12,-2208,-200,1486,-332,-337,16,71,226,210,0
996143,126,127,0,50,-4460,603,451,-366,211,-146,321,227,208,0
999483,127,128,0,312,-2825,1376,-258,-426,-4,18,440,229,194,0
1002816,128,128,0,518,-2082,2045,-540,-483,-129,-113,480,231,199,0
1006147,129,129,0,425,-1717,2573,-578,-527,209,-209,426,212,188,0
1009503,129,129,612,612,-1187,2589,-713,-563,-69,-256,571,194,194,0
1012866,130,130,181,462,-1172,1682,-511,-580,-69,-378,514,207,192,0
1016149,130,131,556,312,-893,787,-94,-575,202,-393,772,187,184,0
1019506,131,131,650,593,807,410,476,-530,-144,-399,547,182,185,0
1022841,131,132,931,368,1485,-249,1162,-444,-460,-197,266,167,181,0
1026153,132,132,350,500,71,-256,1200,-343,-24,-260,288,198,190,0
1029506,132,133,368,218,-1167,-394,1192,-229,-7,-81,310,197,189,0
1032841,133,133,331,312,-754,-856,795,-120,96,-162,159,199,200,0
1036156,134,134,143,125,-68,-1606,184,-23,-173,7,77,193,194,0
1039507,134,135,725,31,-636,-1662,-106,64,-1,79,204,178,199,0
1042841,135,135,237,87,-1094,-1039,-332,149,-49,-72,164,188,196,0
1046159,135,136,518,237,-1015,-1144,-417,225,-147,14,181,189,188,0
1049507,136,136,218,87,-1397,-1246,-746,277,77,145,169,189,196,0
1052841,136,137,987,275,-1586,-951,-902,318,135,62,170,164,186,0
1056163,137,137,556,200,-1191,-725,-716,358,137,69,221,171,190,0
1059507,137,138,1006,481,-753,-736,-525,388,46,-27,206,163,175,0
1062842,138,138,818,743,-375,-543,96,428,-279,45,-14,173,177,0
1066166,138,139,687,631,-2368,-11,623,468,-204,-13,40,180,167,0
1069508,139,139,518,893,-3827,237,1277,509,2,-12,172,189,169,0
1072842,139,140,706,593,-4087,-233,1710,545,-50,-16,87,179,169,0
1076169,140,140,443,950,-4609,-342,1997,575,13,151,-11,203,176,0
1079508,140,141,368,500,-4729,172,2043,597,-16,56,101,207,184,0
1082842,141,141,106,743,-4902,80,1712,599,-164,105,103,221,187,0
1086172,142,142,0,425,-5644,-284,1340,571,-99,41,-59,231,188,0
1089529,142,142,125,893,-6463,-666,1498,554,-167,36,49,220,179,0
1092865,143,143,237,837,-7032,-1060,1343,521,-107,156,-60,214,182,0
1096176,144,143,0,593,-7626,-1384,1322,483,167,127,202,212,195,0
1099532,144,144,387,368,-5761,-1476,1194,474,397,-129,273,206,207,0
1102866,145,145,0,256,-2735,-1978,1268,499,295,189,245,223,197,0
1106178,146,145,68,293,-1375,-1995,1319,549,96,105,172,207,211,0
1109533,146,146,368,312,-1338,-1993,1316,607,451,199,387,207,210,0
1112866,147,147,0,50,334,-1666,509,641,559,71,344,213,208,0
1116181,147,147,368,218,2271,-1815,727,686,437,202,273,207,215,0
1119533,148,148,68,31,4745,-1631,857,728,179,235,300,207,209,0
1122867,149,149,0,181,4896,-307,1109,766,74,138,287,215,201,0
1126185,149,149,143,68,4180,643,1436,796,184,101,187,203,207,0
1129534,150,150,368,68,4214,1185,2046,824,133,60,174,191,207,0
1132867,150,151,631,0,4391,1770,2098,852,-215,61,141,193,213,0
1136189,151,151,68,0,4045,2168,2483,892,-131,118,101,207,214,0
1139534,152,152,0,0,3238,2489,2634,949,-81,9,27,211,205,0
1142866,152,152,106,0,1736,2739,2354,1017,-25,-76,196,192,211,0
1146191,153,153,387,0,2191,2003,2124,1087,247,-260,262,177,199,0
1149534,153,154,1193,0,3687,80,2339,1170,72,-225,398,150,201,0
1152867,154,154,893,0,4734,-2299,2178,1251,14,-241,425,150,205,0
1156194,154,155,1006,0,4613,-2540,2038,1338,105,64,369,144,190,0
1159535,154,155,1550,0,4152,-1603,1683,1419,54,-69,466,131,205,0
1162867,155,156,1156,331,4122,-262,1249,1481,-38,-2,445,152,180,0
1166198,155,156,1475,181,3809,367,650,1517,-179,47,419,135,188,0
1169555,156,157,1381,650,2949,759,-186,1509,-130,-69,370,140,163,0
1172867,156,157,1400,593,2367,187,-823,1463,-148,-197,364,139,166,0
1176201,156,158,1681,875,2441,-1047,-1398,1380,-223,-96,367,140,151,0
1179559,157,158,856,875,2070,-2267,-2546,1247,-374,60,283,168,151,0
1182892,157,159,968,875,746,-2564,-3493,1075,-158,145,130,178,151,0
1186204,158,159,106,912,-20,-1663,-4365,875,-26,77,68,208,149,0
1189559,159,159,331,1100,-140,-349,-4638,677,-74,79,50,196,155,0
1192895,159,160,650,650,-306,-579,-4915,481,-112,96,38,179,163,0
1196207,160,160,856,875,-1267,-1081,-5428,265,-257,164,27,168,167,0
1199591,160,161,856,1268,-2112,-1280,-5599,48,47,78,173,197,159,0
1202901,161,161,200,1043,-1929,-1110,-5266,-157,31,154,165,216,171,0
1206210,161,162,1006,950,-1238,-1264,-4719,-342,-117,155,134,189,176,0
1209561,162,162,556,950,-1692,-1932,-3936,-505,-131,192,145,197,176,0
1212901,162,163,968,1137,-2770,-2004,-3590,-658,189,141,324,191,166,0
1216213,163,163,556,1081,-1883,-1944,-2705,-784,29,251,335,197,169,0
1219559,163,164,1250,1062,-1411,-1927,-1592,-849,44,220,257,176,170,0
1222901,164,164,1043,1400,-831,-1856,-697,-894,-30,300,322,187,168,0
1226217,165,165,762,1006,-519,-1465,214,-914,2,195,320,186,173,0
1229560,165,165,1175,1400,-310,-1134,1614,-898,66,284,357,180,168,0
1232901,166,165,556,1212,384,-1011,2330,-870,148,233,280,197,178,0
1236221,166,166,1006,1231,681,-1205,2824,-846,151,62,221,189,177,0
1239560,167,167,781,1175,1211,-1557,3693,-796,-94,213,168,201,180,0
1242901,167,167,1043,987,1369,-1643,4387,-737,118,161,66,187,190,0
1246223,168,168,706,800,1731,-2064,4818,-668,-223,148,-8,205,200,0
1249561,169,168,312,556,1017,-3073,5386,-574,-174,136,-27,210,213,0
1252902,169,169,425,631,-326,-3368,5346,-473,-178,137,-111,220,209,0
1256226,170,170,0,0,-536,-3274,5185,-384,229,-17,94,233,228,0
1259584,171,170,0,68,809,-2701,5466,-281,58,48,296,241,239,0
1262902,171,171,87,200,1917,-2741,5462,-174,-96,133,109,228,222,0
1266231,172,172,0,106,1846,-3207,5627,-51,-235,42,-35,226,211,0
1269586,173,172,0,781,994,-2950,4673,55,-473,236,223,218,191,0
1272902,173,173,293,368,-866,-1553,3698,150,-168,182,165,201,197,0
1276233,174,174,368,500,-1553,-484,2857,245,-142,203,152,197,190,0
1279586,174,174,556,125,-1209,1067,2226,341,-114,174,319,187,210,0
1282903,175,175,462,312,-1219,2202,1376,427,-100,234,325,192,200,0
1286236,176,175,650,200,-1220,3231,804,532,280,240,336,182,206,0
1289586,176,176,612,275,299,4114,151,646,41,134,259,184,202,0
1292928,177,177,518,0,793,4078,-107,779,50,188,255,173,210,0
1296239,177,177,856,12,1129,4508,-868,897,-21,184,172,171,216,0
1299586,178,178,837,143,1307,4796,-1497,1004,80,67,166,172,209,0
1302928,178,179,631,0,1941,5195,-1764,1118,250,207,332,183,201,0
1306242,179,179,650,387,3007,5442,-1743,1239,325,31,430,182,196,0
1309587,179,180,668,31,5290,5121,-1846,1346,282,-1,338,181,199,0
1312929,180,180,518,575,6272,4921,-1761,1438,-559,-209,267,189,186,0
1316245,180,181,556,743,3847,3932,-1130,1526,-852,-446,351,187,161,0
1319587,181,181,368,1250,-2845,146,-746,1615,-184,-419,466,197,150,0
1322929,181,182,387,631,-4778,-1963,-118,1695,-26,-138,294,196,167,0
1326249,182,182,350,931,-5098,-2790,595,1764,96,81,227,208,177,0
1329586,183,183,87,668,-4588,-2477,1063,1819,142,-80,174,222,191,0
1332929,183,183,87,406,-3618,-2527,1527,1860,-98,215,25,222,205,0
1336252,184,184,0,425,-3275,-2163,1380,1852,-268,17,-149,228,204,0
1339608,185,185,0,31,-5027,-1528,1209,1817,-230,56,-3,218,209,0
1342929,185,185,443,256,-5514,-1038,1458,1775,157,123,191,203,213,0
1346255,186,186,0,162,-3758,-734,1446,1705,267,-130,330,213,202,0
1349612,186,186,556,462,-886,-215,2147,1635,122,142,342,197,202,0
1352930,187,187,631,575,731,471,2057,1548,73,189,237,193,196,0
1356259,188,188,256,650,1861,1600,2228,1450,-100,177,0,197,192,0
1359612,188,188,743,537,2155,2576,2418,1358,-89,110,-2,187,198,0
1362930,189,189,0,425,1940,3142,2079,1261,96,159,-2,213,188,0
1366261,189,189,462,293,2275,3575,2232,1160,134,59,-51,202,211,0
1369612,190,190,650,125,3663,4012,2560,1069,-23,-119,-16,192,220,0
1372954,191,191,237,0,3783,3853,2376,968,23,-31,94,198,220,0
1376265,191,191,500,218,4455,3388,2044,885,22,-92,11,200,215,0
1379612,192,192,0,0,5101,2966,2034,833,-526,-154,-12,213,223,0
1382958,192,193,312,0,3110,2523,1918,804,-370,-66,158,210,217,0
1386268,193,193,0,0,634,2056,2194,803,-158,-159,100,222,225,0
1389613,194,194,0,0,-1221,1560,1675,812,-210,19,187,199,219,0
1392958,194,195,593,0,-2071,1450,1434,832,199,-241,304,182,201,0
1396271,195,195,462,0,-873,845,1599,877,696,-213,706,173,198,0
1399613,195,196,1100,181,3307,-595,2091,946,248,-294,694,155,188,0
1402959,196,196,781,50,3453,-1312,1876,1032,-344,-242,725,156,195,0
1406274,196,197,1025,631,1448,-1612,1761,1134,236,-236,634,159,164,0
1409613,196,197,1287,593,1894,-1976,2317,1261,109,-253,463,145,166,0
1412959,197,198,875,725,2144,-2275,2282,1387,43,-56,467,167,159,0
1416277,197,198,818,443,1486,-2230,1816,1501,-105,2,286,170,174,0
1419636,198,199,350,537,1149,-671,1265,1596,206,52,385,195,169,0
1422960,198,199,500,350,1510,-85,233,1639,-68,-184,209,187,179,0
1426281,199,200,331,518,2028,-19,-205,1655,-183,74,174,196,170,0
1429637,199,200,743,406,1135,635,-1497,1612,-146,54,178,174,176,0
1432959,200,201,612,518,445,734,-1937,1533,115,-199,266,181,170,0
1436284,200,201,893,350,1069,-438,-1763,1445,-102,-56,335,166,179,0
1439637,201,202,818,593,1063,-1234,-1924,1337,-137,94,182,170,166,0
1442960,201,202,875,650,361,-885,-2060,1230,-150,62,103,167,163,0
1446287,202,203,631,743,-881,-973,-2098,1126,-38,-54,147,180,158,0
1449637,202,203,2168,2112,-818,-1038,-2315,1008,140,162,133,175,162,0
1452960,203,204,950,931,15,-735,-2333,890,-108,92,33,224,209,0
1456290,204,204,556,1362,-426,-847,-2453,747,-237,66,56,245,202,0
1459637,205,205,406,1193,-1827,-1409,-2489,604,10,-30,118,237,195,0
1462960,205,205,781,1306,-2663,-2528,-2564,455,-211,172,-24,233,205,0
1466293,206,206,218,1043,-3896,-3564,-2067,315,-170,151,-98,247,203,0
1469638,207,207,368,1006,-4259,-3838,-1219,211,44,356,262,239,205,0
1472962,208,207,406,1137,-3599,-3106,-540,125,84,303,276,237,214,0
1476297,208,208,68,987,-3532,-2134,34,46,-7,361,339,255,206,0
1479637,209,209,0,1343,-3967,-191,1414,16,87,209,474,260,187,0
1482965,210,209,0,1325,-4047,612,1300,-6,-41,127,333,249,188,0
1486300,211,210,0,1268,-4097,1285,1804,-14,-19,21,313,245,191,0
1489638,211,210,650,1531,-3998,1969,1491,-27,-125,196,271,224,193,0
1492969,212,211,237,1250,-4592,2741,659,-75,-29,39,121,230,192,0
1496303,213,211,0,1362,-4715,3078,166,-122,506,53,277,243,202,0
1499639,214,212,0,1062,-817,3272,-252,-175,409,172,487,230,202,0
1502972,214,213,518,1193,2204,3831,-521,-241,-291,-24,273,215,195,0
1506307,215,213,762,1268,2015,3912,-123,-310,-259,10,256,202,207,0
1509665,215,214,950,1062,683,3043,522,-353,32,-77,249,192,202,0
1512976,216,215,462,1025,429,1963,1281,-368,323,79,325,208,194,0
1516309,216,215,687,1081,2506,1989,2036,-376,357,287,305,196,191,0
1519665,217,216,556,950,6197,2625,3407,-341,65,133,283,203,198,0
1522978,218,216,181,743,7301,1905,3674,-283,-421,-59,15,207,209,0
1526313,218,217,725,987,5669,580,4215,-191,-431,246,38,194,196,0
1529671,219,218,350,818,2082,1415,3843,-78,-329,295,-15,214,205,0
1532981,219,218,556,537,868,3334,3647,41,-110,253,120,203,220,0
1536316,220,219,312,650,696,5182,3454,196,-519,53,131,216,214,0
1539672,221,220,0,406,-2629,6133,2623,339,-426,47,256,226,211,0
1542986,221,220,256,781,-5246,6359,2457,470,-281,-104,392,219,207,0
1546320,222,221,443,575,-6385,5667,2573,611,291,-361,856,193,202,0
1549672,223,221,556,912,-4791,3714,2927,767,183,-134,797,187,200,0
1552988,223,222,443,518,-3117,2258,2529,911,-336,-214,483,193,205,0
1556322,224,223,425,593,-3539,883,2138,1051,-207,-448,74,194,201,0
1559673,224,223,631,425,-6539,-1332,1561,1172,-251,-208,-78,183,210,0
1562992,225,224,293,350,-8134,-2110,1122,1284,269,-265,9,201,214,0
1566325,225,225,425,0,-6899,-2378,934,1391,303,-21,163,194,220,0
1569673,226,225,350,143,-3026,-1990,2024,1534,227,67,40,198,225,0
1572994,227,226,425,481,-1252,-1709,2536,1678,53,-88,70,204,217,0
1576329,227,227,181,125,-801,-1784,2420,1792,-208,3,15,217,220,0
1579673,228,227,12,200,-1694,-2348,2368,1883,-103,-30,-57,226,232,0
1582998,228,228,312,68,-1427,-2414,2489,1959,28,26,-77,210,223,0
1586332,229,229,218,237,-1028,-2345,2705,2000,-10,112,22,215,214,0
1589673,230,229,0,50,-1328,-1958,2340,2032,86,-15,32,223,224,0
1593001,230,230,218,218,-1288,-2003,2367,2050,81,-39,94,215,215,0
1596335,231,231,125,237,-736,-1827,2167,2071,219,-6,132,220,214,0
1599674,232,231,0,31,92,-1324,2331,2123,128,-67,137,224,225,0
1603004,232,232,200,181,463,-1133,2415,2194,130,-160,132,216,217,0
1606339,233,233,0,0,704,-1286,2612,2283,767,-48,631,220,216,0
1609674,234,233,0,106,3237,-237,3049,2395,141,-89,221,214,221,0
1613007,234,234,518,256,3556,408,3278,2501,490,-196,342,199,213,0
1616341,235,235,0,0,4769,603,3327,2589,394,-54,332,211,211,0
1619699,236,235,387,181,6898,532,3017,2643,328,-26,199,190,217,0
1623010,236,236,218,0,7874,200,2695,2663,167,-224,180,199,212,0
1626345,237,237,293,68,8081,-349,1867,2615,-216,-122,248,195,207,0
1629699,237,237,556,275,5842,-1156,977,2531,-83,-80,269,197,212,0
1633014,238,238,143,218,4660,-1517,426,2413,97,-105,335,203,199,0
1636348,238,239,350,68,4822,-1434,254,2300,-130,-237,340,195,210,0
1639699,239,239,331,162,3503,-2036,-22,2186,-360,-49,434,180,189,0
1643017,239,240,800,350,1108,-2411,-131,2074,-68,20,461,171,179,0
1646351,240,240,237,481,-339,-1880,-791,1967,28,-106,440,185,172,0
1649700,240,241,875,425,-618,-1311,-987,1859,59,-53,500,167,175,0
1653020,241,241,425,293,-274,-1302,-1014,1747,12,-74,480,175,182,0
1656354,241,242,1156,293,135,-1291,-721,1633,104,-33,440,152,182,0
1659700,242,242,406,200,433,-1233,-857,1528,-22,100,258,176,187,0
1663023,242,243,668,406,76,-1178,-1090,1427,-68,27,172,178,176,0
1666357,243,243,68,256,-246,-1091,-1200,1340,-63,32,102,194,184,0
1669701,243,244,650,218,-1129,-793,-1251,1266,-12,148,34,179,186,0
1673026,244,244,0,237,-1589,-185,-1549,1189,32,78,123,198,185,0
1676361,244,245,593,368,-1464,71,-1784,1070,40,57,143,182,178,0
1679700,245,245,350,406,-1137,-197,-1942,930,62,81,73,195,192,0
1683029,246,246,0,293,-1307,28,-2025,791,-366,-40,-79,198,182,0
1686364,246,246,0,237,-2534,-534,-2057,652,-124,-181,-151,198,185,0
1689701,247,247,0,331,-3933,-1547,-1709,521,285,154,129,204,180,0
1693033,247,247,368,537,-2190,-1422,-1838,379,227,113,122,194,185,0
1696367,248,248,0,200,-754,-336,-1702,253,-16,32,33,203,187,0
1699725,248,249,725,162,150,-168,-1458,133,-348,-62,33,188,202,0
1703036,249,249,68,0,-655,-790,-1092,32,-50,83,134,207,212,0
1706371,250,250,237,312,-1239,-1732,-533,-57,-14,121,108,198,194,0
1709728,250,250,593,668,-699,-1649,-243,-140,-47,144,112,195,191,0
1713039,251,251,0,518,-670,-1345,-69,-224,48,135,113,212,183,0
1716373,251,251,500,481,-735,-1702,591,-301,94,173,220,200,201,0
1719729,252,252,0,181,154,-1622,1474,-357,69,178,183,214,201,0
1723042,253,253,0,293,340,-1041,1968,-399,31,112,286,213,195,0
1726377,253,253,0,181,788,-281,2936,-402,-4,120,309,220,201,0
1729734,254,254,0,331,1211,66,3306,-383,-116,-77,269,224,193,0
1733045,255,254,12,331,1083,247,3565,-330,-51,-70,231,210,209,0
1736380,255,255,200,87,1132,340,4267,-227,-197,-53,194,200,206,0
1739738,256,256,0,500,864,954,3619,-127,-370,-121,253,211,184,0
1743050,256,256,181,518,-132,1754,3258,-33,-152,-279,592,201,183,0
1746383,257,257,181,537,-985,2120,2411,42,-72,-541,675,201,182,0
1749738,257,257,856,912,-412,1493,2302,118,384,-606,1098,181,178,0
1753053,258,258,443,725,502,1109,2139,209,-295,-415,530,187,172,0
1756386,258,258,968,893,-1069,468,1267,280,-337,-557,419,175,179,0
1759766,259,259,668,725,-3134,-406,1002,343,-25,-294,419,181,178,0
1763055,259,259,931,518,-3299,-1312,691,387,-3,-199,263,167,189,0
1766390,260,260,575,275,-3043,-1387,655,434,-137,-59,270,170,186,0
1769738,260,260,1268,387,-3077,-1094,212,475,-23,-82,296,149,196,0
1773058,261,261,950,443,-2789,-995,138,517,312,-57,296,166,193,0
1776393,261,261,1212,162,-785,-1106,-370,544,162,41,230,152,208,0
1779738,262,262,1025,0,501,-930,-361,581,186,42,38,162,221,0
1783061,262,263,1081,0,1719,-323,-29,636,-143,1,-87,159,210,0
1786396,263,263,781,12,932,342,278,706,-245,-221,-71,175,216,0
1789738,263,264,406,0,-803,384,229,776,341,-198,80,195,205,0
1793065,264,265,593,106,1,-763,-219,833,137,-125,-5,185,195,0
1796399,264,265,781,143,477,-1700,-167,882,56,149,32,175,193,0
1799739,265,266,537,331,-106,-1201,310,949,-109,65,-72,188,183,0
1803068,265,266,556,256,-595,-1105,486,1017,327,-88,241,187,187,0
1806402,266,267,425,293,245,-2066,342,1073,-3,31,-8,194,185,0
1809760,266,267,912,631,267,-3055,-21,1107,-54,161,244,184,183,0
1813071,267,268,593,593,-546,-3571,211,1130,-117,182,118,185,169,0
1816405,267,268,931,631,-1321,-3721,-24,1137,-130,158,149,167,167,0
1819764,268,269,743,631,-1924,-3568,-344,1128,-109,271,313,177,167,0
1823074,268,269,1268,968,-2409,-2320,-132,1106,-148,269,336,175,175,0
1826409,269,270,443,687,-3344,-1766,-638,1040,33,411,376,203,174,0
1829763,270,270,668,1062,-3202,-1215,-1071,945,263,510,464,191,170,0
1833077,270,271,706,818,-2304,-332,-919,824,-193,325,301,189,167,0
1836412,271,271,931,1043,-2773,337,-778,697,235,325,363,177,171,0
1839764,271,272,1081,1081,-2082,554,-613,566,92,295,272,185,169,0
1843081,272,272,800,1006,-1765,567,-457,418,145,315,301,184,173,0
1846415,272,273,1175,950,-1001,762,49,307,-103,169,231,180,176,0
1849765,273,273,256,706,-1102,589,423,218,36,286,105,213,189,0
1853085,274,274,725,931,-1301,191,441,157,-85,178,3,204,177,0
1856418,274,274,368,668,-2166,282,746,108,-102,165,-103,207,191,0
1859765,275,275,31,725,-3353,548,1002,73,-14,122,-126,225,188,0
1863088,276,275,443,837,-3578,173,1232,72,170,84,-43,219,198,0
1866421,276,276,68,593,-2486,-630,1815,97,95,-283,5,223,195,0
1869765,277,277,12,293,-2397,-2028,2049,139,40,185,98,226,211,0
1873090,277,277,481,0,-1640,-2062,2522,198,110,222,70,201,227,0
1876425,278,278,350,125,-245,-232,2757,277,26,97,117,208,220,0
1879765,279,279,237,125,511,927,2548,353,899,-288,415,214,220,0
1883093,279,279,687,0,3097,645,3144,462,1014,-218,560,190,235,0
1886428,280,280,312,0,7828,-252,3459,582,105,-268,224,197,230,0
1889766,280,281,631,0,8019,-326,3068,679,366,-8,279,180,225,0
1893097,281,282,368,0,9579,23,2570,750,305,-229,197,194,219,0
1896431,282,282,481,0,11168,-507,1959,804,136,644,55,188,225,0
1899787,282,283,331,0,10559,-96,1266,851,-233,338,175,196,215,0
1903100,283,284,237,0,8174,836,-89,853,24,-233,495,185,217,0
1906434,283,284,612,0,7107,1130,-431,830,-22,77,404,181,222,0
1909791,284,285,650,0,6929,1321,-1096,780,-143,-1,344,179,204,0
1913103,284,285,668,31,5521,1258,-2481,692,-198,-233,357,178,196,0
1916437,285,286,800,575,3664,140,-2901,602,81,-155,353,171,167,0
1919791,285,286,800,443,3204,-252,-3789,477,-290,-99,324,171,174,0
1923107,286,287,818,500,3140,-612,-4467,338,-550,-255,125,170,171,0
1926442,286,287,706,575,806,-2298,-4527,208,-508,-174,187,176,167,0
1929790,287,288,406,1006,-1065,-2877,-4343,76,-312,57,187,192,144,0
1933109,287,288,387,1043,-2225,-2353,-3732,-20,-10,172,251,193,142,0
1936444,288,289,387,1043,-2177,-1004,-2702,-71,-93,115,197,193,142,0
1939791,288,289,706,968,-1481,-268,-2130,-108,151,-67,290,176,146,0
1943113,289,289,537,1343,-929,-168,-934,-113,-119,-25,190,185,142,0
1946448,289,290,1381,1512,-1126,-597,-326,-104,-92,56,-18,169,146,0
1949792,290,290,706,1475,-1833,-552,-157,-95,-210,-16,64,189,148,0
1953116,290,290,837,1493,-2551,-509,-517,-113,-132,23,168,198,163,0
1956451,291,291,537,950,-3721,-306,-671,-147,18,205,257,198,176,0
1959791,291,291,931,1156,-3922,9,-684,-182,-129,319,223,193,181,0
1963119,292,292,575,837,-4072,737,-673,-226,23,285,235,196,182,0
1966453,293,293,556,950,-4138,1874,-957,-288,11,275,220,197,176,0
1969792,293,293,1043,1193,-3877,2060,-1186,-363,83,102,151,187,179,0
1973123,294,294,500,687,-3318,1438,-559,-437,138,199,31,200,190,0
1976480,294,294,875,1100,-2837,942,355,-490,-147,196,62,196,184,0
1979816,295,295,218,800,-3214,1233,722,-547,321,81,166,215,184,0
1983126,296,295,443,500,-2623,1296,669,-612,-32,-78,-22,203,216,0
1986484,296,296,893,12,-2719,2060,321,-681,-416,-130,226,195,242,0
1989817,297,297,125,0,-4532,1785,363,-768,-230,30,7,220,238,0
1993129,297,298,518,0,-5224,882,774,-852,319,114,100,215,239,0
1996487,298,298,68,0,-2954,602,843,-922,-15,38,217,223,227,0
1999817,299,299,0,368,-2243,731,973,-972,669,-188,419,231,207,0
2003132,299,300,218,556,-267,940,1164,-996,388,-101,353,215,197,0
2006490,300,300,706,181,2613,367,1534,-988,223,-376,266,189,217,0
2009817,300,301,1193,162,3342,-398,1772,-930,345,-383,125,169,208,0
2013135,301,301,800,50,3967,-1250,2218,-847,430,-342,219,174,214,0
2016493,301,302,1306,256,5615,-2197,2193,-744,215,-344,160,163,203,0
2019818,302,303,781,50,5424,-2921,2044,-603,-425,-358,54,175,198,0
2023138,302,303,1118,462,3590,-3166,1202,-475,-673,177,369,173,192,0
2026496,303,304,518,350,-1600,-674,957,-326,-271,19,368,189,182,0
2029817,304,304,706,500,-2577,-58,-301,-196,60,-83,531,179,190,0
2033142,304,305,668,256,-2489,-318,-719,-77,25,177,749,181,187,0
2036499,305,305,856,556,-2691,-441,-1531,10,-26,9,563,171,187,0
2039817,305,306,1006,350,-1205,-577,-1612,76,-73,17,598,163,182,0
2043145,305,306,1625,537,112,-579,-1207,123,-275,30,525,146,188,0
2046500,306,307,1287,743,-401,-796,-897,161,-234,15,310,164,177,0
2049818,306,307,1193,743,-473,-1354,-759,167,-69,77,291,169,177,0
2053148,307,308,425,875,-521,-2117,-618,158,-304,300,84,210,170,0
2056505,308,308,0,800,-2639,-2358,-859,136,-159,57,10,222,174,0
2059839,308,309,631,837,-3524,-2822,-1167,115,73,131,122,199,172,0
2063151,309,309,162,612,-3401,-2761,-1056,103,-39,125,56,208,184,0
2066509,309,310,800,650,-3405,-2088,-880,97,-166,83,71,190,182,0
2069843,310,310,331,781,-3692,-1868,-1032,86,-22,120,111,199,175,0
2073155,311,311,500,931,-3422,-1820,-867,89,-25,99,159,200,177,0
2076508,311,311,593,1175,-2964,-2025,-547,109,-92,181,75,211,180,0
2079843,312,312,237,893,-2958,-1925,-524,110,-221,135,56,214,179,0
2083157,312,313,743,837,-3683,-1702,-326,88,-220,30,72,203,182,0
2086509,313,313,293,893,-4783,-1452,140,70,19,150,154,211,179,0
2089843,314,314,443,968,-4347,-895,433,63,33,211,138,203,175,0
2093161,314,314,631,912,-3901,-407,1009,84,117,197,213,193,178,0
2096509,315,315,293,856,-2962,275,1548,121,168,99,227,211,181,0
2099843,315,315,1006,1062,-2114,568,2072,162,183,190,175,189,186,0
2103164,316,316,293,837,-1234,864,2621,218,-64,125,151,211,182,0
2106509,317,316,237,1062,-742,1434,3461,295,-77,89,17,214,186,0
2109843,317,317,537,762,-910,1497,3891,381,-37,97,119,198,186,0
2113167,318,317,331,968,-522,1563,4340,468,139,117,92,209,191,0
2116510,318,318,725,893,628,1567,5010,569,52,45,84,204,195,0
2119844,319,319,443,612,1263,1538,5431,670,36,150,95,203,194,0
2123170,320,319,500,968,1982,1393,5692,779,346,113,166,200,191,0
2126510,320,320,406,462,3933,1016,5408,884,310,72,226,205,202,0
2129844,321,320,312,725,5173,503,5234,1010,27,81,179,210,204,0
2133173,321,321,650,575,5308,-57,4547,1122,231,174,297,195,199,0
2136531,322,322,387,125,4930,-95,4043,1258,117,42,173,193,207,0
2139865,323,322,818,312,3902,-343,3418,1388,-86,-123,255,170,213,0
2143177,323,323,893,181,1705,-379,2207,1504,98,-117,364,166,204,0
2146534,323,323,1625,725,1018,-860,2231,1624,563,-206,410,143,191,0
2149869,324,324,1137,143,2149,-1516,2158,1730,258,-129,420,153,206,0
2153180,324,325,1606,275,2637,-1517,1174,1794,158,-21,469,144,199,0
2156535,325,325,968,256,2195,-1269,722,1841,215,-64,500,162,200,0
2159870,325,326,1456,481,2147,-1376,-94,1857,346,-86,541,152,188,0
2163184,326,326,950,350,3009,-1444,-1356,1841,59,52,433,163,195,0
2166535,326,327,987,631,2908,-980,-2129,1811,44,140,542,177,180,0
2169870,327,327,500,350,2221,-559,-3009,1750,119,125,439,187,195,0
2173186,327,328,1081,725,2663,-226,-3241,1677,-7,137,376,172,175,0
2176535,328,328,893,650,2352,403,-3569,1597,62,-29,320,166,179,0
2179870,328,329,1306,631,2008,748,-3613,1511,-179,21,255,160,180,0
2183189,328,329,1325,443,1420,875,-3080,1432,6,-75,241,159,190,0
2186535,329,330,1212,743,1296,572,-2609,1367,33,-37,265,165,174,0
2189870,329,330,1175,687,702,491,-2302,1305,-128,93,182,167,177,0
2193193,330,331,893,593,194,168,-1826,1244,-105,-28,119,182,182,0
2196536,330,331,1418,1212,194,-865,-1291,1190,-79,-14,84,183,178,0
2199870,331,332,462,631,174,-1588,-1085,1125,-245,27,0,218,193,0
2203197,332,333,162,631,-142,-2162,-786,1052,-71,-13,61,234,193,0
2206536,333,333,0,331,-464,-2286,-531,970,-83,16,68,230,209,0
2209870,333,334,256,331,-1253,-2213,-512,872,21,100,19,229,209,0
2213199,334,335,0,162,-1797,-1735,-911,736,20,109,-19,244,218,0
2216557,335,335,0,218,-1520,-1722,-884,587,211,36,105,229,215,0
2219892,335,336,593,368,58,-1782,-686,430,-4,-5,25,211,207,0
2223202,336,336,68,200,756,-1732,-570,255,-33,28,-32,223,216,0
2226560,337,337,87,181,-640,-1809,-878,58,45,-48,77,222,217,0
2229894,337,338,106,0,-373,-2204,-771,-143,105,38,64,221,214,0
2233205,338,338,31,87,466,-2285,-713,-334,138,-14,109,225,222,0
2236561,339,339,331,12,1345,-1937,-612,-517,-36,64,36,209,226,0
2239895,339,340,256,0,1496,-1976,-423,-672,-10,55,18,213,220,0
2243209,340,341,106,0,1776,-1902,-221,-806,179,42,68,221,228,0
2246561,341,341,0,12,2747,-1570,-168,-918,22,5,84,219,210,0
2249894,341,342,312,350,3176,-1370,40,-985,-242,85,-22,210,192,0
2253212,342,342,181,406,2306,-1172,-242,-1063,-36,91,62,217,205,0
2256562,343,343,0,181,1081,-1410,-199,-1136,-562,144,135,214,201,0
2259895,343,343,106,556,-1625,-1269,-414,-1186,12,309,319,211,187,0
2263215,344,344,0,200,-2721,340,-907,-1237,197,263,463,211,190,0
2266562,344,345,612,312,-570,1653,-1068,-1267,3,165,607,184,184,0
2269895,345,345,125,312,738,2368,-1029,-1257,168,150,731,194,184,0
2273218,345,346,893,312,2021,2944,-1509,-1238,-172,130,601,169,184,0
2276562,346,346,818,387,1403,3506,-1766,-1199,-76,174,558,173,196,0
2279895,346,347,1062,125,1864,4430,-1933,-1158,-104,147,358,160,194,0
2283222,347,347,706,312,2273,5480,-2014,-1109,64,122,424,179,200,0
2286562,347,348,875,125,2843,5698,-2265,-1067,103,43,396,170,194,0
2289895,348,348,743,462,3522,5883,-2408,-1046,206,117,317,177,192,0
2293225,348,349,856,181,4557,6342,-2349,-1038,163,268,289,171,191,0
2296563,349,350,481,125,5625,6756,-2344,-1039,23,-125,343,191,194,0
2299896,349,350,687,106,6410,6121,-2230,-1052,-444,35,99,180,195,0
2303229,350,351,462,425,4111,5538,-2426,-1087,-418,-72,195,192,178,0
2306584,350,351,556,781,2384,4194,-2291,-1125,-301,-218,167,187,159,0
2309920,351,351,312,1231,-56,1802,-2147,-1168,-387,-129,247,200,151,0
2313231,352,352,0,856,-2686,-365,-1218,-1189,-80,-154,137,204,155,0
2316587,352,352,293,1043,-2954,-1806,-1237,-1212,-38,-108,102,201,161,0
2319952,353,353,350,1100,-3355,-3268,-868,-1210,-94,-73,51,208,168,0
2323234,353,353,275,837,-3505,-4374,-157,-1188,51,71,32,212,182,0
2326587,354,354,312,575,-3285,-4347,136,-1162,-203,-5,-35,210,196,0
2329924,355,355,0,368,-3517,-4237,388,-1132,-172,137,-53,214,191,0
2333238,355,355,368,743,-3955,-3660,994,-1074,-204,217,103,207,187,0
2336587,356,356,0,481,-4343,-2764,1458,-1004,-322,151,86,216,185,0
2339929,357,356,0,631,-4996,-2273,1255,-942,57,206,421,222,193,0
2343241,357,357,143,668,-4565,-952,1113,-889,269,345,427,219,191,0
2346588,358,357,0,368,-3649,451,758,-852,430,195,488,222,207,0
2349930,359,358,0,650,-850,2345,794,-820,120,7,511,218,192,0
2353244,359,359,162,462,929,3974,1495,-768,-278,-42,30,202,186,0
2356588,360,359,0,612,619,4621,2081,-704,-364,-366,-89,216,194,0
2359930,360,360,443,706,-1432,3651,3509,-587,-259,-291,87,203,189,0
2363248,361,360,87,331,-3550,1259,3808,-462,361,92,294,206,209,0
2366588,362,361,0,537,-2251,1451,2997,-355,430,34,211,220,198,0
2369930,362,361,50,443,-143,1490,2875,-237,472,-192,375,208,203,0
2373250,363,362,106,331,2406,307,2838,-115,4,134,436,205,209,0
2376588,363,363,762,350,2695,394,2610,-1,-196,-11,215,186,208,0
2379930,364,363,425,387,1360,592,1922,105,49,-427,211,188,206,0
2383253,365,364,500,518,651,-912,1199,198,211,-361,284,187,186,0
2386610,365,365,350,331,1495,-2392,1036,291,75,-99,296,179,180,0
2389931,366,365,462,743,2208,-2808,359,365,75,51,264,173,174,0
2393257,366,365,312,687,2445,-2464,104,439,144,-122,289,181,177,0
2396613,367,366,256,743,2648,-2435,118,518,90,-100,296,184,174,0
2399930,367,367,256,368,2443,-2032,303,601,47,121,389,184,178,0
2403260,368,367,518,706,1759,-664,-129,670,-204,-96,405,170,176,0
2406614,368,367,462,743,464,-194,-347,729,-48,-88,365,173,174,0
2409931,369,368,556,837,153,-85,-544,787,-215,-177,361,168,169,0
2413263,369,369,481,368,-135,-279,-967,829,-314,-159,376,172,178,0
2416614,370,369,462,518,-1042,-961,-1375,853,5,-120,356,173,186,0
2419955,370,370,537,256,-935,-1388,-1412,847,-60,-92,238,169,184,0
2423267,370,370,1081,575,-880,-1485,-1057,852,60,47,236,156,183,0
2426615,371,371,818,481,-77,-1098,-1180,843,-113,-1,240,170,188,0
2429956,371,371,931,237,143,-1024,-920,819,-200,33,94,164,201,0
2433269,372,372,275,0,-1220,-1476,-743,791,-20,42,164,183,200,0
2436614,372,372,350,387,-1976,-1292,-814,754,-78,-74,-23,195,193,0
2439957,373,373,106,312,-2932,-1471,-769,699,-286,5,-150,208,197,0
2443273,374,374,0,518,-5082,-1472,-1023,621,14,29,-128,210,186,0
2446615,374,374,256,406,-5191,-1351,-1039,550,94,-73,73,213,205,0
2449958,375,375,0,162,-4319,-1455,-888,487,144,-21,108,228,202,0
2453277,376,375,0,387,-3356,-1757,-872,436,-63,50,-41,216,206,0
2456615,376,376,387,350,-3426,-2240,-956,381,-156,-15,156,206,208,0
2459958,377,377,12,162,-3665,-2560,-1046,302,-47,50,163,210,202,0
2463279,377,377,481,462,-3633,-2569,-925,208,-93,120,34,201,202,0
2466636,378,378,0,312,-3872,-2281,-794,74,66,52,126,218,194,0
2469958,379,378,0,425,-3411,-1960,-652,-65,142,318,164,230,204,0
2473282,379,379,0,312,-2078,-1242,-471,-173,109,288,87,220,194,0
2476640,380,380,0,331,-1125,-483,-309,-273,182,197,90,218,193,0
2479958,381,380,0,481,-610,36,45,-360,93,193,191,215,201,0
2483286,381,381,218,312,-348,442,-59,-443,-97,59,268,199,194,0
2486640,382,381,87,218,-966,475,200,-497,231,77,324,206,215,0
2489959,382,382,237,87,-768,606,383,-523,-324,272,503,198,206,0
2493289,383,383,200,500,-1685,1839,-163,-560,89,233,542,200,184,0
2496641,384,383,350,687,-1815,2503,-287,-580,198,272,574,192,190,0
2499959,384,384,425,631,-239,3113,-565,-601,61,143,619,188,177,0
2503293,385,384,481,725,1951,2904,-487,-620,-143,183,511,185,188,0
2506669,385,385,668,668,2131,3122,-451,-644,-313,177,351,181,181,0
2509982,386,385,331,631,1097,3643,6,-640,-211,-7,277,183,183,0
2513295,386,386,556,462,362,3724,333,-618,-74,12,277,171,176,0
2516641,387,386,368,687,502,3639,762,-577,-84,19,175,181,180,0
2519986,387,387,875,687,1152,3420,884,-520,-178,-28,204,170,180,0
2523298,388,387,668,518,969,3404,455,-462,29,-79,152,165,189,0
2526641,388,388,1006,443,943,3650,231,-411,152,-22,193,163,193,0
2529987,389,389,500,12,1529,4156,150,-373,8,-39,209,174,200,0
2533301,389,389,800,331,1844,4450,-115,-340,20,83,113,174,199,0
2536641,390,390,293,0,1629,4600,-466,-326,189,88,190,185,205,0
2539987,390,390,781,143,1914,5083,-461,-317,160,-53,125,175,209,0
2543305,391,391,950,0,3165,4617,-760,-315,66,-23,130,166,206,0
2546662,391,392,1118,0,3338,4111,-817,-317,-1,-213,50,157,204,0
2549987,391,392,1400,0,2785,4000,-884,-313,-200,-97,121,142,202,0
2553308,392,393,1268,368,1223,3468,-939,-309,78,-676,263,149,181,0
2556665,392,393,1718,1006,126,776,-590,-300,-154,-726,237,141,163,0
2559987,393,394,1418,631,-967,-2102,71,-271,-230,-354,138,141,167,0
2563311,393,394,1400,593,-3548,-3769,747,-217,-11,-284,155,142,169,0
2566664,394,395,950,537,-4081,-4663,1282,-145,114,-241,116,166,172,0
2569988,394,395,1118,1025,-3582,-5395,2127,-49,209,141,283,183,172,0
2573315,395,396,481,650,-3455,-5132,1234,13,238,36,396,201,192,0
2576665,395,396,706,481,-2505,-4323,1121,68,-270,206,279,205,201,0
2579989,396,397,143,368,-2282,-3371,481,98,-391,304,347,219,191,0
2583318,397,397,612,537,-3360,-1960,-615,89,-206,54,242,210,198,0
2586665,397,398,593,762,-3885,-2020,-1246,48,-182,161,101,211,186,0
2589988,398,398,275,575,-3996,-2073,-1121,15,41,-42,183,212,196,0
2593322,398,399,668,837,-2773,-2854,32,10,220,61,241,207,182,0
2596665,399,399,162,837,-1229,-3328,371,10,220,269,160,218,182,0
2599990,400,400,218,706,157,-3581,491,30,-159,151,69,215,189,0
2603324,400,401,537,518,-129,-2608,824,65,-251,256,104,198,183,0
2606666,401,401,331,537,-1838,-1106,1064,116,13,165,193,209,198,0
2609993,402,402,443,706,-2354,293,1461,176,290,-19,237,203,189,0
2613328,402,402,443,275,-576,1126,2336,264,361,18,288,203,212,0
2616666,403,403,368,312,1550,1750,2919,355,304,58,193,207,210,0
2619996,403,404,443,0,3469,2495,3761,462,65,4,111,203,218,0
2623330,404,404,350,0,4218,2920,3761,555,30,-107,21,208,229,0
2626666,405,405,387,143,4706,2617,4118,656,80,-170,76,206,219,0
2629999,405,406,256,0,5474,2054,4066,769,-91,59,124,213,219,0
2633333,406,406,0,0,4607,1435,3712,878,-552,-33,134,221,216,0
2636690,407,407,0,237,2906,1530,3739,990,-83,-103,446,203,185,0
2640002,407,407,218,406,2011,922,3358,1099,205,-171,416,202,192,0
2643337,408,408,256,162,1773,-534,2646,1196,-254,-157,465,184,189,0
2646694,408,409,875,181,654,-1468,1777,1266,-370,-97,560,167,188,0
2650005,409,409,537,312,-991,-1921,512,1306,214,-140,626,169,181,0
2653340,409,410,968,575,-572,-2299,-196,1325,160,-159,561,162,183,0
2656698,410,410,1137,331,382,-2555,-327,1343,174,-44,611,153,196,0
2660009,410,411,856,218,1167,-2272,-849,1345,73,65,405,168,186,0
2663343,410,411,1193,537,1072,-1408,-937,1335,116,230,165,166,185,0
2666699,411,412,481,387,1192,375,-821,1307,122,85,128,188,177,0
2670013,412,412,518,556,1260,2001,-39,1282,48,71,254,186,184,0
2673347,412,413,687,368,9,1863,-31,1241,-85,-69,245,177,178,0
2676700,413,413,781,800,-1292,749,-417,1162,2,89,88,172,171,0
2680015,413,414,575,612,-1053,651,-468,1108,-135,116,154,183,165,0
2683349,414,414,743,837,-1749,826,-434,1060,-10,71,142,174,169,0
2686701,414,415,987,481,-2424,457,-678,1024,162,44,165,161,172,0
2690019,414,415,1343,762,-2109,-256,-271,1034,-151,220,143,158,173,0
2693353,415,416,706,556,-2195,-693,-17,1073,-86,186,122,176,168,0
2696700,416,416,1381,987,-2258,-634,108,1111,-7,140,204,201,222,0
2700021,416,417,1381,1250,-1882,-681,237,1118,60,114,227,217,208,0
2703357,417,417,1100,1156,-1184,-922,345,1117,31,203,290,216,213,0
2706701,417,418,1718,1193,-497,-1387,582,1120,-31,343,249,199,211,0
2710026,418,419,987,1062,-340,-1754,770,1118,-121,188,249,222,202,0
2713359,419,419,800,1193,-666,-1956,899,1113,137,111,321,232,211,0
2716701,420,420,1025,1175,-223,-2463,1195,1104,51,159,229,220,212,0
2720028,420,421,1025,856,248,-2996,1543,1080,-33,113,191,220,213,0
2723363,421,421,875,1081,306,-3369,1683,1041,18,185,177,228,217,0
2726701,422,422,668,650,546,-3762,1686,976,7,119,28,223,224,0
2730031,422,423,912,575,845,-4139,1857,917,101,234,58,226,228,0
2733366,423,423,350,331,1418,-3911,1344,830,149,172,10,240,241,0
2736702,424,424,143,31,1799,-3588,968,733,-77,112,121,251,257,0
2740034,424,425,743,0,1978,-3202,927,646,52,206,133,235,259,0
2743369,425,426,218,0,2620,-3118,1191,566,347,254,143,247,256,0
2746727,426,427,443,0,3457,-2891,1408,506,-658,1,-200,235,244,0
2750038,427,427,0,256,1658,-2670,947,452,44,262,217,264,229,0
2753372,428,428,0,743,1980,-1189,-115,393,-313,-6,28,248,203,0
2756727,428,429,256,518,345,15,-221,370,86,208,-21,235,205,0
2760041,429,429,50,387,-1414,674,-242,369,-238,60,110,230,212,0
2763375,430,430,425,725,-2025,1468,59,381,-415,305,474,210,194,0
2766728,430,431,950,312,-2324,3496,-590,389,222,-165,339,182,200,0
2770044,431,431,1100,575,-1533,5547,-194,412,123,28,519,174,202,0
2773378,431,432,1268,218,-580,6911,-77,436,27,0,395,165,205,0
2776728,432,432,1231,387,-145,8148,8,437,381,84,424,167,212,0
2780047,432,433,1100,87,1259,9026,169,443,268,60,345,174,212,0
2783381,433,434,987,425,3096,9153,219,463,399,257,388,180,210,0
2786728,433,434,1006,87,4480,9114,-155,473,201,-243,427,179,212,0
2790051,434,435,1175,500,3352,5638,-582,468,-853,-505,580,170,190,0
2793385,434,435,1081,800,-1694,2745,243,497,-153,-258,588,175,174,0
2796728,435,436,1287,818,-4582,512,1081,539,248,-163,321,164,173,0
2800053,435,436,1512,968,-2200,-1717,1945,601,261,4,425,168,181,0
2803388,436,437,1100,612,-888,-1882,2364,671,-188,-68,268,174,184,0
2806729,436,437,1137,743,-2181,-2014,2580,744,-150,53,263,188,193,0
2810057,437,438,275,331,-2418,-2081,2006,796,-10,71,22,218,199,0
2813391,438,439,368,350,-2263,-1780,1864,836,-3,185,26,213,198,0
2816729,438,439,237,0,-3095,-781,2020,875,-245,-93,-105,220,224,0
2820060,439,440,12,162,-4217,-1086,2191,916,37,27,67,242,218,0
2823394,440,441,0,0,-3673,-1152,1692,931,240,-1,46,238,220,0
2826753,440,441,218,0,-2746,-842,1620,934,25,-109,62,231,231,0
2830063,441,442,237,106,-2337,-701,1790,937,-76,-12,45,230,221,0
2833398,442,443,50,0,-2456,-794,1469,930,-20,79,42,224,211,0
2836753,442,443,706,425,-2125,-567,1291,913,240,-64,33,205,204,0
2840066,443,444,31,106,-1095,-365,1158,907,-35,-8,45,225,205,0
2843401,444,445,0,0,-968,-715,638,897,11,-21,-57,237,219,0
2846758,444,445,275,125,-1041,-663,326,878,29,-78,43,228,220,0
2850070,445,446,0,0,-343,-871,668,861,2,-236,80,230,215,0
2853404,446,447,50,0,-71,-1192,548,835,7,44,178,224,222,0
2856762,446,447,331,0,91,-933,369,816,-36,85,91,209,217,0
2860073,447,448,312,50,497,-493,263,828,251,172,278,210,208,0
2863407,448,448,12,0,1947,444,284,844,214,146,390,210,214,0
2866762,448,449,518,0,3740,1630,223,859,207,36,388,199,211,0
2870076,449,450,387,106,5781,1848,28,858,225,-37,265,206,205,0
2873410,449,450,781,0,7015,1569,-209,870,190,82,203,185,212,0
2876766,450,451,350,0,7612,1607,-400,863,-691,-127,210,208,213,0
2880079,451,452,0,0,3462,723,-499,850,-374,-513,469,214,211,0
2883414,451,452,125,0,1563,395,-402,837,-277,-499,709,207,212,0
2886766,452,453,125,0,2432,1459,165,837,-173,-406,446,207,200,0
2890082,452,454,575,293,100,1283,652,850,503,32,623,183,182,0
2893417,453,454,406,556,1188,658,-306,846,-382,-211,93,192,168,0
2896767,453,454,837,725,-22,-431,-318,854,-373,-274,86,169,159,0
2900085,454,455,706,668,-1882,-1959,-691,825,-8,-140,337,176,162,0
2903420,454,455,950,556,-1584,-2706,-623,772,-78,-137,252,163,168,0
2906767,455,456,631,593,-1031,-3201,-663,690,-51,-47,194,180,166,0
2910089,455,456,800,612,-915,-3361,-546,599,-78,-86,48,171,165,0
2913423,456,457,725,781,-1017,-2681,-555,501,-105,-168,224,175,156,0
2916767,456,457,987,518,-1082,-1936,-205,432,73,-108,306,161,170,0
2920092,457,458,912,631,-1066,-1167,111,377,18,-77,203,165,164,0
2923426,457,458,968,575,-1418,-1015,557,332,57,-86,133,162,167,0
2926767,458,459,1081,631,-1919,-909,649,283,38,5,118,156,164,0
2930095,458,459,1193,537,-2093,-943,784,255,186,-2,142,150,169,0
2933429,458,459,1643,762,-1277,-1084,532,221,243,103,194,142,173,0
2936788,459,460,987,200,-275,-1239,472,180,-81,105,155,161,187,0
2940098,459,461,1400,481,-740,-1653,488,149,-66,160,217,155,188,0
2943433,460,461,1437,781,-1068,-1788,392,121,318,178,239,166,185,0
2946789,460,462,1343,181,360,-1330,300,94,238,69,161,171,201,0
2950101,461,462,1156,387,2273,-388,384,86,196,131,147,181,206,0
2953436,461,463,1381,162,2800,-75,338,87,-47,99,250,169,202,0
2956792,462,463,987,162,2965,-174,587,84,-102,121,53,190,218,0
2960106,462,464,1006,12,1497,-230,981,98,-131,100,110,189,210,0
2963439,463,465,818,368,395,-122,948,116,-23,203,248,199,191,0
2966792,464,465,912,518,96,-262,823,133,-137,207,200,194,199,0
2970108,464,466,950,218,-231,-397,917,153,-287,144,172,192,199,0
2973443,465,466,781,518,-900,-245,1146,182,-109,102,241,201,199,0
2976793,465,467,912,181,-1265,-103,1114,216,-112,139,302,194,201,0
2980111,466,468,762,631,-1217,-247,1556,271,-138,63,226,202,193,0
2983446,467,468,1325,575,-945,-353,1773,339,9,100,332,188,196,0
2986793,467,469,800,181,-158,-397,1916,414,56,124,241,200,201,0
2990114,468,469,762,556,916,-515,2204,496,-27,43,239,202,197,0
2993449,468,470,987,312,1445,-425,2201,559,54,-113,269,190,194,0
2996793,469,470,650,706,1943,-321,2159,607,75,-32,218,208,189,0
3000117,469,471,1175,593,2967,-81,2077,681,103,210,217,196,195,0
