Time, Rlegs, Llegs, DCL, DCR, GyroX, GyroY, GyroZ, GyroZAvg, AccelX, AccelY, AccelZ, LBEMF, RBEMF, SteerOut
769,1476,1466,0,0,-119,-73,237,237,-54,-21,222,98,97,0
4099,1476,1466,0,0,-119,-74,238,237,-55,-21,227,98,98,0
7436,1476,1466,0,0,-120,-72,237,237,-55,-18,224,98,98,0
10769,1476,1466,0,0,-119,-70,238,237,-56,-18,227,98,98,0
14102,1476,1466,0,0,-115,-74,240,237,-54,-21,220,98,98,0
17457,1476,1466,0,0,-117,-72,238,238,-56,-20,227,98,98,0
20770,1476,1466,0,0,-116,-72,240,238,-55,-18,224,98,98,0
24105,1476,1466,0,0,-115,-72,237,238,-57,-22,226,98,98,0
27460,1476,1466,0,0,-118,-71,237,237,-55,-21,228,98,98,0
30793,1476,1466,0,0,-118,-69,236,237,-57,-17,225,98,98,0
34108,1476,1466,0,0,-118,-72,236,237,-60,-19,225,98,98,0
37461,1476,1466,0,0,-119,-70,237,237,-55,-20,227,98,98,0
40797,1476,1466,0,0,-117,-73,242,237,-56,-16,223,98,98,0
44111,1476,1466,0,0,-117,-75,239,237,-58,-23,225,98,98,0
47461,1476,1466,0,0,-116,-75,239,237,-57,-20,225,98,98,0
50801,1476,1466,0,0,-116,-72,238,238,-59,-19,224,98,98,0
54115,1476,1466,0,0,-116,-75,237,238,-57,-20,222,98,97,0
57461,1476,1466,0,0,-119,-73,237,238,-55,-18,233,98,98,0
60802,1476,1466,0,0,-120,-73,239,238,-58,-19,224,97,97,0
64118,1476,1466,0,0,-120,-72,238,238,-51,-20,223,98,98,0
67461,1476,1466,0,0,-118,-77,235,237,-53,-20,226,98,98,0
70803,1476,1466,0,0,-117,-74,237,237,-56,-19,227,98,97,0
74121,1476,1466,0,0,-117,-73,239,237,-55,-19,221,98,98,0
77462,1476,1466,0,0,-119,-74,239,238,-54,-18,225,98,98,0
80803,1476,1466,0,0,-118,-70,241,238,-53,-19,224,98,98,0
84124,1476,1466,0,0,-117,-74,237,238,-57,-15,226,98,97,0
87462,1476,1466,0,0,-120,-71,237,238,-54,-20,228,98,98,0
90803,1476,1466,0,0,-117,-71,240,238,-56,-19,220,98,97,0
94127,1476,1466,0,0,-116,-71,239,238,-56,-20,224,98,97,0
97462,1476,1466,0,0,-119,-71,238,238,-57,-19,225,98,98,0
100804,1476,1466,0,0,-117,-70,235,237,-55,-21,220,98,98,0
104131,0,0,912,912,-115,-69,237,237,-58,-19,227,98,98,0
107486,0,0,912,912,-116,-73,238,237,-54,-21,224,98,98,0
110804,0,0,912,912,-115,-73,239,238,-54,-21,222,98,98,0
114134,0,0,912,912,-117,-72,238,238,-57,-20,223,98,98,0
117487,0,0,912,912,-120,-71,238,238,-54,-19,222,98,98,0
120804,0,0,912,912,-119,-75,240,238,-53,-20,226,98,98,0
124137,0,0,912,912,-120,-71,238,238,-51,-20,220,98,98,0
127487,0,0,912,912,-117,-72,239,238,-52,-23,223,98,98,0
130806,0,0,912,912,-114,-72,238,238,-53,-18,222,98,98,0
134140,0,0,912,912,-116,-71,235,237,-54,-22,226,98,98,0
137487,0,0,912,912,-118,-74,238,238,-58,-19,227,98,98,0
140830,0,0,912,912,-119,-74,239,238,-55,-23,224,98,98,0
144144,0,0,912,912,-118,-71,240,238,-56,-19,227,98,98,0
147487,0,0,912,912,-121,-72,238,238,-54,-21,223,98,98,0
150830,0,0,912,912,-120,-73,237,238,-56,-18,220,98,98,0
154147,0,0,912,912,-119,-72,238,238,-58,-14,228,98,98,0
157488,0,0,912,912,-116,-74,236,237,-53,-22,226,98,98,0
160830,0,0,912,912,-120,-73,238,237,-54,-19,224,98,98,0
164150,0,0,912,912,-120,-73,239,238,-56,-19,223,98,98,0
167487,0,0,912,912,-116,-74,237,237,-55,-18,225,98,98,0
170831,0,0,912,931,-116,-71,237,237,-56,-17,226,98,97,0
174153,0,0,912,912,-117,-72,240,238,-52,-18,231,98,98,0
177488,0,0,912,912,-118,-74,240,238,-52,-20,223,98,98,0
180831,0,0,912,912,-119,-71,238,238,-55,-17,225,98,98,0
184156,0,0,912,912,-118,-73,238,238,-53,-22,222,98,98,0
187510,0,0,912,912,-118,-73,238,238,-53,-21,225,98,98,0
190831,0,0,912,912,-117,-72,236,238,-54,-18,224,98,98,0
194159,0,0,912,912,-117,-73,237,238,-56,-21,225,98,98,0
197513,0,0,912,912,-118,-73,236,237,-55,-18,226,98,98,0
200831,0,0,912,912,-118,-71,238,237,-58,-17,223,98,98,0
200831,0,0,912,912,-118,-71,238,237,-58,-17,223,98,98,0
204163,0,0,3800,3800,-119,-71,238,237,-52,-22,234,0,0,0
207516,0,1,1981,2037,-181,-156,274,239,-146,10,298,248,229,0
210834,1,1,1737,1381,-368,-199,285,240,-94,-53,251,277,296,0
214166,2,2,781,1137,-647,-171,339,243,83,-76,207,328,309,0
217517,3,3,1137,1231,200,-263,535,252,-252,109,313,325,320,0
220835,4,4,1325,1081,283,-559,627,265,-238,29,138,331,344,0
224169,5,5,1437,912,-281,-746,542,274,-93,163,446,325,353,0
227517,6,6,1081,518,445,-1502,-131,263,-69,246,323,330,360,0
230859,7,7,1343,781,892,-1805,-753,232,-331,188,459,316,346,0
234172,8,8,1812,1137,393,-2250,-1748,169,-455,240,165,307,343,0
237517,9,9,1268,912,-1854,-2564,-2834,73,-391,48,423,336,355,0
240863,10,10,1456,1568,-3036,-2684,-3408,-39,-184,129,101,342,336,0
244175,11,11,931,1643,-3695,-2771,-3795,-165,-179,160,344,370,332,0
247517,12,12,1156,2468,-4577,-2404,-3854,-293,-134,-28,133,404,334,0
250862,13,13,856,2262,-5395,-2347,-3863,-422,-116,189,18,436,361,0
254180,15,15,125,1587,-5387,-2000,-4121,-558,400,-188,103,459,397,0
257518,16,16,500,818,-3312,-2283,-4245,-698,-102,-83,-26,455,438,0
260864,18,17,218,1231,-2765,-3392,-4369,-842,-504,110,-173,470,432,0
264182,19,19,443,706,-3937,-4285,-3779,-967,7,168,-143,458,444,0
267540,21,20,668,1231,-5543,-2784,-2454,-1051,292,125,358,446,432,0
270864,22,22,0,0,-4341,-1270,-1699,-1112,134,111,530,455,443,0
274185,23,23,837,650,-3833,379,-1265,-1159,949,83,192,411,421,0
277541,24,24,1718,668,-1011,1969,-598,-1185,715,-108,217,364,420,0
280864,25,26,2450,575,-72,4156,-165,-1198,97,229,791,341,425,0
284188,27,27,1943,331,1331,5591,364,-1194,221,-171,344,368,438,0
287541,28,28,1925,1175,1807,5505,199,-1195,325,262,231,369,409,0
290865,29,30,2431,1156,4020,4330,-559,-1220,453,-91,590,342,394,0
294191,30,31,0,1475,6496,1933,-812,-1253,-127,-133,379,595,435,0
297542,30,32,0,1493,6969,-1305,-2725,-1345,-361,62,235,854,450,0
300877,31,34,3800,1850,4089,-2807,-3524,-1463,-659,270,319,313,415,0
304195,32,35,3800,2281,-379,-3178,-4398,-1608,-55,-121,191,327,408,0
307542,33,36,2918,2150,-1998,-3276,-3613,-1728,-478,289,-88,438,431,0
310864,35,37,1887,1643,-2402,-2405,-4270,-1869,455,-209,-101,477,458,0
314198,37,39,1156,856,-3055,-1160,-4494,-2018,397,-32,-152,502,470,0
317542,38,41,500,50,-315,-995,-4832,-2178,-728,-556,-236,521,497,0
320867,40,42,518,556,-2685,-3128,-3341,-2293,-826,67,-388,520,486,0
324201,42,44,0,275,-7879,-4234,-3067,-2405,-537,-87,-122,534,485,0
327542,43,46,387,462,-10946,-5846,-3292,-2528,239,80,107,527,475,0
330870,45,47,762,237,-9612,-6188,-3612,-2658,678,470,274,491,487,0
334204,47,49,1137,443,-5724,-3988,-3178,-2753,190,85,-63,487,476,0
337542,48,50,1793,1437,-4251,-1853,-2184,-2797,57,5,134,482,469,0
340874,50,52,1025,237,-5043,-1398,-2299,-2815,-142,-74,-157,507,517,0
344207,52,54,1287,1043,-4750,-1872,-2831,-2815,-117,281,354,509,490,0
347543,53,55,1568,1343,-2314,-2433,-3011,-2802,279,231,332,494,474,0
350876,55,57,2056,800,-114,-3350,-2373,-2758,723,-258,478,452,487,0
354211,56,58,2337,1531,2196,-1282,-156,-2642,141,-367,577,453,464,0
357597,58,60,1587,687,3405,772,1519,-2474,-846,517,196,451,467,0
360880,59,61,1343,1550,2339,2197,1268,-2306,-23,487,607,464,421,0
364214,61,63,650,1606,3521,2685,1110,-2138,7,125,206,485,418,0
367570,62,64,1006,1606,3526,4165,646,-1982,-727,123,-279,482,418,0
370883,64,65,781,1231,1045,4458,493,-1848,-20,449,-116,478,438,0
374218,65,67,987,875,1443,4837,533,-1755,1043,523,285,467,441,0
377576,67,68,893,987,4595,6935,992,-1671,716,200,40,472,451,0
380896,68,70,2206,1437,6654,6948,1289,-1591,101,184,-16,460,469,0
384221,70,71,2000,1475,7858,6866,1561,-1523,76,-163,151,455,467,0
387576,71,73,2656,668,9938,3898,555,-1501,411,-1151,61,436,510,0
390889,72,75,2881,1325,11223,-758,-182,-1518,-103,-617,562,440,475,0
394224,74,76,2337,2731,11152,-2786,-2814,-1612,-1085,-607,394,453,400,0
397577,75,77,2131,2356,5349,-5557,-2347,-1668,-1551,-360,579,480,436,0
400892,77,78,2112,2412,-2611,-7283,-3079,-1739,-831,-259,462,481,449,0
404227,79,80,950,1775,-6744,-7259,-3929,-1776,474,271,31,513,437,0
407577,80,81,893,3050,-5247,-4397,-2871,-1756,-231,-292,709,516,385,0
410895,82,82,256,2168,-893,-2543,-1428,-1663,-126,155,462,534,432,0
414230,84,83,443,3031,-1182,789,-617,-1570,478,333,114,524,386,0
417577,85,84,612,1981,-1638,2666,-1104,-1471,-555,-48,17,515,458,0
420899,87,86,912,1418,-1755,2494,906,-1302,-132,-73,654,499,488,0
424233,88,88,1475,1231,-251,1722,329,-1141,-475,-89,572,469,498,0
427577,90,89,2262,1568,-2859,797,367,-1025,679,386,351,457,510,0
430902,91,91,2543,1381,86,1703,1605,-879,61,64,61,458,520,0
434236,93,93,2150,1550,1360,2053,1713,-722,-413,-39,37,463,511,0
437578,95,94,1118,1606,-3987,1733,1510,-562,-186,-661,-254,518,508,0
440905,96,96,1100,1568,-8738,-173,2138,-396,-373,41,-53,535,510,0
444239,98,98,612,1475,-8550,-2329,248,-320,-477,136,286,545,499,0
447578,100,99,0,856,-7982,-2683,73,-246,526,331,285,546,506,0
450908,102,101,0,837,-5178,-2842,-116,-161,768,376,-46,522,491,0
454243,103,103,837,1812,165,-693,1413,-23,-384,-16,-89,491,455,0
457578,105,104,687,1943,-485,-701,2565,130,-845,185,-340,483,432,0
460912,106,105,500,1943,-4768,-2104,2450,212,-331,132,556,509,448,0
464246,108,107,743,1718,-3737,-1405,2262,235,681,-172,227,480,444,0
467604,110,108,1550,1550,1878,-2547,2194,264,1518,-95,299,437,469,0
470915,111,110,3087,1512,7809,-4231,1774,285,373,-415,-251,397,497,0
474249,112,112,2975,1362,9391,-5713,1893,324,162,232,557,419,505,0
477604,113,114,2637,912,9775,-4755,-21,308,-1148,-111,537,453,529,0
480918,115,115,2450,1568,6976,-4379,-1618,240,344,29,718,447,494,0
484253,116,116,2375,2637,5511,-3068,-2848,120,-487,-143,192,467,453,0
487604,118,118,2112,2750,1572,-1369,-4096,-47,-1904,466,343,481,447,0
490922,119,119,1981,2506,-5673,930,-3514,-205,-922,410,596,488,460,0
494256,121,120,1118,2787,-8326,3079,-4603,-367,495,345,346,488,415,0
497604,122,122,1081,2075,-9174,3587,-4500,-502,-318,148,58,506,453,0
500924,124,123,1512,2131,-11873,4353,-5212,-576,-452,184,-249,483,466,0
504259,126,125,1006,1962,-14093,3613,-3650,-617,-375,-2048,373,510,475,0
507605,127,126,1025,1587,-13342,3292,-2923,-612,-46,151,-395,509,495,0
510927,129,128,650,500,-14725,2615,-3114,-587,171,-249,296,513,537,0
514262,131,130,1550,1512,-16232,1292,-2435,-573,293,-530,748,511,513,0
517605,132,132,3143,1512,-12600,-49,-911,-557,1756,-959,1505,426,513,0
520931,133,133,2656,1062,-2989,-1605,804,-513,1259,-644,955,452,537,0
524266,134,135,3800,1081,6653,-2321,2352,-405,-57,-270,88,346,536,0
527618,135,137,3800,631,7435,-1566,3310,-330,-116,-625,-531,302,560,0
530934,136,139,0,406,5735,-1829,4623,-195,626,-341,-445,856,556,0
534268,137,141,3706,1081,7214,-3875,5289,-42,524,-105,468,444,536,0
537605,139,142,1456,312,8995,-5277,4678,54,723,361,182,506,519,0
540937,141,144,1043,293,9829,-4442,4268,133,-355,36,4,528,520,0
544272,142,146,1212,87,9721,-2844,4199,217,233,378,248,519,515,0
547630,144,148,1343,31,11454,-1904,4876,303,-44,-73,278,512,518,0
550940,146,149,875,556,13058,-1988,4619,440,-41,138,-321,521,490,0
554275,148,151,537,425,14556,-1900,3904,559,-327,2,-609,539,481,0
557633,149,152,350,762,13168,-1984,3528,673,339,247,-261,549,479,0
560943,151,154,1550,1193,13892,-2046,3545,740,-264,309,14,527,498,0
564278,153,156,1231,875,14256,-2457,3406,766,-341,-236,0,528,515,0
567634,155,157,668,968,11530,-2512,2799,777,182,10,210,558,510,0
570947,157,159,162,1062,10807,-1592,1762,761,-429,436,420,585,505,0
574281,159,161,950,1831,8049,1172,-1203,655,-762,-111,59,543,464,0
577638,160,162,350,2937,2897,3019,-3953,476,-1114,-382,451,575,405,0
580950,162,163,218,1868,-4483,3325,-4603,273,-1449,-163,35,552,448,0
584284,164,164,0,3800,-11984,3737,-5329,107,-704,-70,32,569,301,0
587654,166,164,556,3800,-14673,4555,-5068,0,-263,316,-163,518,307,0
590953,167,166,518,3800,-15743,4782,-4583,-54,-848,249,-349,520,356,0
594287,169,167,0,0,-17267,4285,-3157,-24,57,-131,-106,534,876,0
597642,171,168,106,0,-17101,3989,-3146,-13,186,-38,173,526,638,0
600957,172,169,706,1887,-16114,3675,-2104,64,177,-116,633,510,495,0
604291,174,171,1306,3762,-14336,1761,-959,175,260,-85,94,492,425,0
607643,175,172,2900,2712,-13148,-162,-1259,298,738,-158,283,423,481,0
610959,177,174,2787,1850,-8949,-206,-1713,359,385,-364,1141,429,527,0
614294,178,175,2937,1475,-3188,-1666,-28,449,362,-372,916,421,547,0
617643,179,177,2300,1081,1826,-2489,-333,536,1126,-151,395,471,568,0
620963,180,179,3537,950,6470,-2257,75,615,-974,279,-452,421,575,0
624297,182,181,1212,668,2952,-227,843,670,-77,-745,48,529,574,0
627643,184,183,406,556,2027,-1340,2034,708,1719,-456,17,530,538,0
630966,185,185,950,1212,9012,-4316,949,664,169,323,-174,501,503,0
634300,187,186,0,368,9512,-5368,299,570,-115,214,215,541,532,0
637643,189,188,575,893,8770,-4470,633,445,-281,222,972,505,504,0
640969,190,190,500,1531,7943,-4874,1549,329,-1744,248,-147,509,454,0
644303,192,191,462,2206,85,-6129,1769,238,-851,594,-84,511,434,0
647687,194,192,2356,3800,-5183,-4743,1645,156,446,623,12,500,442,0
650972,195,194,1868,0,-5179,-2564,2799,112,338,541,236,526,792,0
654308,197,195,2581,1662,-3884,-2861,2845,48,713,976,783,488,569,0
657665,198,197,3537,1793,1544,-2260,3151,3,1488,-377,821,453,562,0
660975,200,199,2075,800,8138,-2423,2738,-33,-111,-155,314,515,599,0
664310,201,201,0,1043,9245,-3520,2377,-69,-126,344,-111,698,586,0
667668,203,203,1775,1662,7634,-923,1291,-139,1097,279,248,547,553,0
670979,204,205,2975,1343,9528,1631,710,-224,-973,-6,267,453,524,0
674313,206,206,2206,2506,7576,2617,-806,-336,-489,174,90,478,462,0
677669,207,208,2262,2375,3805,2438,-1504,-438,-1124,274,252,491,469,0
680982,209,209,1625,3518,-3067,2560,-3117,-498,-754,-24,257,509,408,0
684316,211,210,1793,0,-8099,1565,-3929,-497,-115,192,631,516,636,0
687669,212,211,1381,0,-8793,1386,-5223,-517,-286,217,-139,538,873,0
690985,214,212,1156,3800,-8366,1090,-5337,-517,568,-27,68,534,395,0
694319,216,213,1081,0,-4478,-97,-3927,-481,-308,241,170,568,878,0
697669,217,215,1587,0,-4823,-182,-3314,-442,-775,130,-154,557,883,0
700988,219,216,2187,3293,-6238,1439,-4390,-480,63,341,504,509,498,0
704323,221,218,2131,1118,-9503,2270,-2604,-463,178,-124,270,512,614,0
707669,222,220,2262,2056,-7522,906,-1775,-453,1039,-367,261,521,564,0
710991,224,222,2056,537,-2068,168,-872,-450,-509,627,299,516,629,0
714326,226,224,687,293,2167,-194,34,-410,109,-57,115,547,600,0
717670,228,226,725,725,2244,-85,255,-348,168,466,361,529,561,0
720995,229,228,1456,1287,4430,1098,713,-325,-48,-135,384,506,531,0
724329,231,230,1156,1793,5849,1350,1479,-269,339,252,474,506,488,0
727670,233,232,931,1456,7221,1697,848,-244,-656,108,316,518,506,0
730998,235,233,706,1325,5194,1658,2163,-203,-527,-27,159,530,513,0
734332,236,235,462,1250,-868,1394,2132,-200,347,-469,-187,527,501,0
737670,238,236,1137,2506,-1832,45,2012,-167,634,-215,-504,533,492,0
741002,240,238,931,1531,-2633,-1081,731,-153,-110,508,-96,544,544,0
744335,242,240,1381,1006,-2188,-605,58,-171,-1559,-265,678,520,556,0
747691,243,242,2056,800,-7474,-1414,-442,-234,687,-24,599,484,567,0
751004,245,244,2468,1006,-5641,-2279,-1266,-328,547,356,828,462,556,0
754339,246,246,2543,1137,-3103,-697,-2680,-464,42,169,415,458,549,0
757695,248,248,2393,518,-3553,-274,-2519,-630,281,960,378,466,566,0
761007,249,250,2075,518,-2305,639,-2299,-791,171,621,412,453,536,0
764342,251,251,2337,312,289,2868,-2713,-974,-118,-76,67,455,547,0
767695,252,253,2018,312,-990,2566,-2487,-1137,-651,-120,-185,472,547,0
771011,254,255,1231,481,-2983,2142,-2338,-1284,248,302,93,498,522,0
774345,255,257,1418,612,-3958,2360,-2414,-1400,126,82,324,488,515,0
777696,257,258,1643,631,-4061,2458,-1599,-1472,1229,-312,641,476,514,0
781014,258,260,2675,1006,-1151,1774,-422,-1460,815,-610,702,467,524,0
784348,260,262,2337,650,8367,1017,1137,-1378,-127,-64,-382,485,543,0
787695,262,264,1962,387,9804,1602,247,-1273,-553,564,437,489,541,0
791017,263,265,2356,818,7611,2312,1093,-1116,312,97,305,484,534,0
794352,265,267,1943,856,11697,1525,1613,-902,-810,-182,104,506,532,0
797696,266,269,1343,1550,10288,8,1970,-674,-895,-695,939,538,479,0
801020,268,270,1475,2318,6858,-1753,2888,-461,-872,-330,41,531,454,0
804355,270,272,781,2000,2523,-6097,5130,-197,-657,-133,372,510,413,0
807696,272,273,1062,2262,430,-7905,4051,66,799,-365,696,495,415,0
811024,273,274,1456,2018,-185,-8948,3507,257,445,268,295,474,428,0
814358,275,276,1156,1775,4056,-5763,2836,401,-874,389,-97,490,441,0
817696,276,277,518,1606,1703,-3000,3173,527,-945,-317,-620,524,450,0
821027,278,279,837,1100,-6772,-4937,3306,630,269,204,160,491,461,0
824385,280,280,687,1306,-6867,-5366,3664,736,566,590,599,499,466,0
827717,281,282,1812,1925,-4463,-3291,3351,819,-499,777,208,497,475,0
831030,283,283,1212,1025,-4260,-1178,2712,857,-18,-183,195,513,523,0
834388,285,285,1981,1062,-3993,-1154,2313,903,1098,-421,92,472,521,0
837721,286,287,2581,837,35,-1669,1922,895,282,454,187,456,533,0
841033,288,289,1850,1006,1633,99,754,852,-2,311,358,479,508,0
844391,289,290,2112,1081,2179,718,127,793,783,379,194,481,520,0
847749,291,292,1625,256,4561,996,910,799,-149,326,259,477,534,0
851037,292,294,1587,368,4504,1941,482,812,-244,250,245,479,512,0
854395,294,296,1362,406,3470,2720,526,842,-350,255,21,491,510,0
857722,296,297,837,556,2398,2236,338,893,-503,120,-124,503,502,0
861039,297,299,875,162,1491,2295,260,984,-470,-8,93,501,507,0
867722,300,302,743,743,-2756,1120,205,1155,842,-68,11,524,492,0
871043,302,304,1512,856,-749,1806,1376,1283,-582,234,-128,497,500,0
874402,304,306,1681,781,-1684,3656,2012,1424,-718,335,247,488,504,0
877722,305,307,1868,1118,-4922,4588,2272,1568,422,-268,230,494,502,0
881046,307,309,856,631,-4770,4460,3273,1745,725,-239,13,532,512,0
884404,309,311,631,1231,-1811,3360,3215,1896,-108,117,214,544,480,0
887722,311,312,275,1606,-3905,3421,2627,1991,356,319,416,563,476,0
891049,312,314,668,1606,-4082,5081,1967,2017,354,119,482,542,460,0
894405,314,315,0,1925,-1510,5904,2460,2086,-233,281,138,540,417,0
897723,316,316,443,1943,-1733,6414,2193,2121,-1285,-27,31,496,416,0
901053,318,318,387,1981,-4783,4671,3223,2171,-1295,-531,364,499,398,0
904409,319,319,1025,2131,-11049,1980,3588,2221,468,502,607,465,406,0
907744,321,320,725,1812,-7155,3187,4000,2256,1709,-89,600,465,423,0
911055,322,322,1793,1062,-1993,3590,2313,2168,1077,-293,592,424,463,0
914443,323,323,3631,1662,8276,-899,2817,2130,715,151,672,384,489,0
921059,326,327,2187,706,15732,-909,-660,1982,-243,-727,-1,461,524,0
924413,327,328,2637,1231,11292,-3932,-408,1870,24,-556,402,453,512,0
927749,328,330,2543,1662,8218,-5885,-142,1763,-876,-8,195,458,473,0
931062,330,331,2112,2731,4062,-3564,-2716,1563,-443,-19,388,481,432,0
934413,332,332,1325,3387,141,-3212,-3659,1344,-1380,-146,298,523,413,0
937748,333,334,0,3537,-4782,-3664,-4545,1117,-438,176,239,580,359,0
941065,335,335,0,0,-7566,1729,-8274,786,739,-432,493,570,647,0
944414,337,336,237,0,-6506,3984,-9539,428,-320,19,-44,535,871,0
947748,339,337,0,0,-8479,4791,-11079,59,-974,9,-46,533,874,0
951069,340,338,575,3612,-12485,6127,-11279,-297,-655,-208,-437,517,387,0
954414,342,339,1193,3800,-16090,6205,-10951,-668,742,-53,-121,484,393,0
957748,343,340,1287,1981,-13518,6155,-10638,-1015,871,476,246,479,490,0
961072,345,342,2112,1850,-10153,6445,-9149,-1317,-437,-34,63,465,527,0
964414,346,344,2150,1418,-11170,5295,-8391,-1590,882,-416,946,479,550,0
967749,348,346,2225,1381,-6493,4590,-7619,-1836,-10,317,510,459,536,0
971075,349,348,3031,1437,-590,5429,-7276,-2078,211,-90,312,432,549,0
974415,351,349,2581,1325,1765,6131,-7012,-2303,420,-75,420,456,555,0
977749,352,351,2637,875,4737,5606,-6578,-2552,245,264,-520,453,563,0
981079,354,353,893,312,5989,4180,-4924,-2768,189,-268,-357,504,551,0
984436,355,355,350,50,7313,2940,-5063,-2998,-155,123,-157,533,549,0
987770,357,357,931,631,8779,1377,-5713,-3278,852,-734,284,502,518,0
991081,359,359,125,575,8146,-1132,-6306,-3576,-271,-169,32,529,521,0
994439,360,360,837,1325,5801,-3262,-5559,-3832,146,-100,258,507,481,0
997773,362,362,950,968,7444,-2393,-5892,-4077,198,392,-119,485,484,0
1001084,364,363,218,762,11411,-1305,-4664,-4300,-387,-415,-318,508,495,0
1004439,365,365,1812,1362,9404,-2734,-5565,-4542,454,-308,11,481,505,0
1007774,367,367,1850,706,8852,-4036,-4936,-4797,701,-203,45,479,540,0
1011088,368,369,1250,331,12879,-4977,-5332,-5076,-265,-238,-316,511,544,0
1014439,370,371,800,631,11429,-5404,-5848,-5384,-208,-831,-460,535,528,0
1017774,372,372,481,968,8118,-6056,-5503,-5628,-971,77,-219,552,526,0
1021091,374,374,125,1531,2513,-6538,-5362,-5884,-802,117,123,555,480,0
1024440,375,375,706,2693,-591,-6421,-5426,-6125,-465,223,444,540,434,0
1027774,377,377,518,2656,-2597,-7021,-5083,-6263,-598,245,192,504,390,0
1031094,379,378,87,2712,-8670,-7730,-4089,-6378,-969,33,145,527,403,0
1034441,380,379,406,2937,-13639,-8053,-3111,-6471,-759,14,-156,526,407,0
1037775,382,380,312,2731,-17886,-8398,-2540,-6465,-318,79,-258,515,418,0
1041097,384,381,0,2543,-21829,-8794,-2144,-6418,879,693,367,526,428,0
1044440,385,383,1212,1437,-17041,-8056,-1912,-6336,1925,82,1052,467,487,0
1047802,387,385,2806,1606,-7493,-6413,-672,-6098,86,-113,427,412,508,0
1051100,388,386,2600,1493,-5486,-3583,1634,-5749,69,163,939,423,514,0
1054441,389,388,2675,1512,-4533,-2361,2623,-5321,824,49,1204,435,513,0
1057788,390,389,3800,1943,-1002,-2267,4290,-4834,1784,-42,907,383,506,0
1061104,391,391,0,368,9870,-1265,4985,-4336,391,301,59,857,574,0
1064462,392,393,0,800,13137,-34,5399,-3835,430,-230,-159,857,551,0
1067788,393,395,3800,518,13292,721,6263,-3353,490,482,-151,363,566,0
1071107,395,397,1231,0,14425,3035,7475,-2858,-174,-58,-298,518,537,0
1074465,396,398,1943,1268,13188,3641,6604,-2413,-430,169,-81,480,484,0
1077798,398,400,743,1681,10205,3383,5965,-1999,58,466,300,528,446,0
1081110,400,401,106,1531,10797,4949,6082,-1590,-825,488,-101,546,454,0
1084466,401,403,556,1456,9175,5611,5731,-1206,-269,205,124,538,458,0
1087799,403,404,950,1512,7955,5272,4898,-899,523,174,623,501,455,0
1091113,405,406,500,1231,8414,5273,5640,-564,-259,25,-34,525,470,0
1094466,406,408,2356,1625,7709,5398,6333,-188,-571,329,-631,532,539,0
1097799,408,409,1587,1925,5265,6779,6249,204,-114,306,-313,557,523,0
1101117,410,411,1512,1287,4920,9431,3094,474,394,-282,-358,561,557,0
1104466,412,413,1343,1625,6685,7911,1897,717,-505,-479,-354,570,539,0
1107799,414,415,1250,1775,4693,5833,1698,916,-254,175,3,559,515,0
1111119,416,417,200,1868,-279,5895,989,1121,-1219,-442,-316,615,526,0
1114494,418,418,50,2168,-7338,5274,396,1288,-841,-142,-394,593,480,0
1117800,420,420,143,2131,-10546,4824,1000,1486,-255,418,-150,572,466,0
1121123,422,421,0,1981,-10863,6755,1279,1708,-512,248,-315,569,474,0
1124467,423,423,68,1025,-10802,6993,2252,1951,306,9,-155,576,525,0
1127800,425,425,500,706,-12184,7252,1814,2175,224,-49,-147,537,526,0
1131126,427,427,256,481,-16798,6622,1895,2404,-105,-377,316,550,538,0
1134467,429,428,875,912,-17830,5781,3271,2665,899,-240,374,517,531,0
1137801,430,430,2262,1250,-15598,4556,3229,2893,1368,-336,577,473,527,0
1141129,432,432,2525,1306,-7618,3598,4804,3141,-110,73,366,459,524,0
1144467,433,434,3387,856,-2103,2641,5927,3405,623,-138,734,429,548,0
1147800,435,436,1493,406,1122,939,4347,3608,-27,-892,608,514,556,0
1151132,435,437,3800,1062,-1504,-2417,4359,3804,-266,-1147,585,304,537,0
1154504,436,439,3800,1531,-3857,-5202,5042,3983,769,-1010,-31,215,512,0
1157825,436,441,0,1343,-3774,-6622,4144,4061,-136,-437,-260,848,506,0
1161136,437,442,3800,575,-4416,-7499,4353,4115,229,-316,208,268,505,0
1164504,438,444,3800,856,-2304,-8571,4656,4127,-15,387,-29,375,490,0
1167828,439,445,0,1006,-1940,-7744,4124,4100,-128,318,185,804,482,0
1171139,441,447,2750,1456,-2909,-8067,3837,4051,386,41,-162,501,458,0
1174492,442,448,1737,1212,-3023,-7987,3637,3969,362,-430,114,539,471,0
1177828,444,450,1531,631,-1561,-8504,4065,3862,-344,118,104,550,502,0
1181142,446,452,1006,556,1271,-8898,4285,3790,-700,108,-340,562,490,0
1184493,448,453,1606,1475,142,-8820,3593,3716,559,176,-457,572,499,0
1187834,450,455,1531,518,1626,-8444,2465,3603,-761,-220,-621,576,550,0
1191145,452,457,856,518,-118,-9768,2804,3511,688,183,-202,596,534,0
1194493,454,459,1643,762,-168,-9654,2262,3429,856,753,357,554,521,0
1197834,456,460,2206,1268,4019,-6933,1405,3297,420,543,146,524,510,0
1201148,457,462,2975,743,7363,-4614,1532,3147,429,69,418,483,522,0
1204493,459,464,2356,0,9955,-3677,879,2979,-289,103,287,486,550,0
1207835,460,466,2450,0,10410,-3815,61,2884,-1198,-15,-497,481,535,0
1211151,462,467,2168,0,5875,-6889,-716,2802,-510,287,-94,496,542,0
1214493,464,469,1568,106,4138,-8032,-1260,2710,-182,362,112,512,510,0
1217834,465,471,1943,481,3965,-7431,-663,2658,-54,501,369,508,490,0
1221155,467,472,1418,893,3614,-6186,-1160,2610,-1102,1150,272,520,468,0
1224493,469,474,837,1493,1571,-2439,-2433,2502,-745,730,275,551,436,0
1227835,471,475,1006,1962,-3142,1315,-2935,2371,-306,534,530,572,457,0
1231158,473,477,987,2187,-7025,4258,-2992,2207,-549,-17,73,573,445,0
1234514,474,478,537,1625,-8843,5417,-2656,2067,13,-254,353,597,475,0
1237835,476,480,781,1456,-10142,6282,-1127,1973,-119,-402,-54,584,484,0
1241161,478,481,500,1118,-8286,5530,-1104,1836,932,-595,620,583,502,0
1244519,480,483,1756,1437,-4352,3287,-1229,1697,163,232,499,516,485,0
1247863,482,484,1643,1418,-3179,2314,-1611,1496,133,642,122,480,460,0
1251165,483,486,1812,1868,-455,2942,-771,1287,-316,695,489,471,420,0
1254518,485,487,1887,2131,-1462,2926,-1147,1115,-345,444,296,467,422,0
1257835,486,488,1662,2318,-4212,3344,-1466,933,-166,451,-80,479,412,0
1261168,488,490,1193,1981,-6359,6085,-1058,742,167,639,247,488,414,0
1264518,490,491,1062,2375,-4665,7070,-320,603,309,82,354,495,409,0
1267860,491,492,1062,1718,-1031,6559,900,495,548,100,6,495,444,0
1271171,493,494,1568,2243,3196,5818,1552,398,31,111,320,510,458,0
1274519,494,496,2300,1475,5028,5921,1521,317,486,-366,618,487,499,0
1277861,496,497,2656,800,7147,4291,1411,241,414,-150,488,452,535,0
1281174,497,499,3312,462,11905,-329,1406,171,133,89,427,433,553,0
1284519,499,501,3293,650,12824,-3434,1038,77,245,-299,-109,434,543,0
1287862,500,503,1775,1268,10409,-5470,-745,-80,208,138,-65,515,494,0
1291177,501,504,3575,2562,8192,-5568,-929,-221,-16,-136,222,435,441,0
1294520,503,506,2431,931,8015,-6320,-2102,-364,-767,-76,18,450,482,0
1297862,504,507,2225,1475,3636,-7447,-1339,-493,-795,-29,142,477,469,0
1301180,506,508,1437,1868,-4156,-7137,-3013,-658,-1285,629,114,503,448,0
1304520,507,510,1231,1962,-8495,-4995,-3490,-811,510,394,481,530,443,0
1307862,509,511,912,1718,-7542,-2726,-2712,-944,690,101,350,531,456,0
1311183,511,513,856,968,-7864,-698,-2223,-1041,-468,117,-225,534,496,0
1314568,513,515,1381,1343,-11559,-1306,-1750,-1097,666,-498,15,536,506,0
1317862,514,516,2693,1175,-8603,-854,616,-1055,-257,-265,204,466,515,0
1321187,516,518,2881,1025,-5774,2445,2878,-926,740,-57,436,456,523,0
1324544,517,520,2450,368,-1828,4935,4372,-769,217,-181,458,495,558,0
1327862,518,522,2918,406,1147,4772,5297,-567,-105,43,525,470,540,0
1331190,520,523,3125,706,3950,4606,4859,-339,265,467,133,459,540,0
1334544,521,525,3050,1175,5804,4860,4210,-116,215,298,-104,479,515,0
1337863,523,527,1493,406,7953,5170,3704,92,293,241,38,504,498,0
1341193,525,528,2300,687,8543,4077,3471,284,-151,275,142,461,483,0
1344545,526,530,2150,912,7770,3777,3182,419,-405,401,5,469,471,0
1347864,528,531,1193,1587,7008,4138,2450,530,-407,596,-44,504,435,0
1351197,529,533,1793,1118,6260,3840,1901,627,305,-60,7,488,460,0
1354545,531,534,1137,968,7921,2983,2781,765,940,-2,383,507,468,0
1357887,533,536,800,800,11562,3621,2105,855,-449,-458,-141,525,477,0
1361199,534,537,1775,1718,8571,2595,882,918,-672,-352,-472,515,470,0
1364545,536,539,1400,1137,3224,1793,-765,940,-470,-260,-199,535,501,0
1367892,538,541,893,1512,2034,2135,-1236,934,133,-169,-106,562,481,0
1371203,540,542,368,1175,3935,2833,-1303,904,-1067,556,120,574,499,0
1374545,542,544,931,1793,343,3909,-1780,820,-734,114,-169,544,466,0
1377891,543,545,1550,2618,-3679,3234,-2928,680,-436,-423,135,527,438,0
1381206,545,546,2131,2787,-7321,1180,-1857,574,684,-341,461,480,429,0
1384546,546,548,2356,2712,-6088,-1167,-2445,454,29,-196,652,454,403,0
1387892,548,549,1887,1981,-3308,-2708,-1149,374,-434,-88,43,463,442,0
1391209,550,550,1156,1718,-3819,-2412,-1211,304,-1366,-375,-293,518,472,0
1394568,551,552,593,1081,-10472,-1587,-868,300,808,-72,547,532,490,0
1397893,553,554,443,800,-9833,-1105,-357,318,222,220,367,540,505,0
1401212,555,555,0,612,-5966,-276,-6,383,-127,-145,148,550,515,0
1404569,556,557,875,893,-8224,-554,-276,416,68,-474,190,547,530,0
1407892,558,559,1662,1531,-9804,-2789,567,528,536,-315,-178,505,496,0
1411215,560,560,1100,1137,-6922,-4242,315,647,83,106,-158,519,517,0
1414569,561,562,2750,762,-4114,-4200,303,741,144,224,322,447,537,0
1421219,564,566,2393,368,5615,-2535,1196,939,310,49,472,466,542,0
1424569,566,568,1381,818,7723,-1925,1716,973,-548,254,104,520,518,0
1427892,568,569,0,0,7471,-2331,1963,944,-795,51,-433,541,521,0
1431222,570,571,0,875,5459,-2533,1503,855,-827,763,-112,553,473,0
1434570,571,572,237,1325,1126,-71,1939,750,-193,83,929,523,449,0
1437892,573,574,706,1868,-1575,1714,1891,657,280,205,1060,498,420,0
1441225,575,575,1400,1587,-1314,2713,2402,601,585,349,647,461,435,0
1444570,576,577,1287,1475,2151,4800,2835,573,-157,289,35,467,441,0
1447894,578,578,537,818,3747,6829,3550,576,-383,277,-503,491,476,0
1451229,579,580,1887,1306,799,7273,3341,581,992,-738,594,477,492,0
1454572,580,582,3087,743,2625,5565,1782,560,914,-760,768,429,522,0
1457897,582,583,2168,275,10489,288,626,520,-222,-389,768,462,547,0
1461232,583,585,3237,1006,9708,-2729,-1752,378,-397,-563,269,421,508,0
1464571,584,586,2843,2600,5841,-5396,-3438,205,-354,-617,590,458,439,0
1467900,586,588,2243,2150,483,-7983,-4033,52,-1143,55,155,474,447,0
1471235,588,589,1268,2168,-3611,-8257,-5387,-92,-436,400,-55,512,432,0
1474570,589,590,387,2431,-4284,-7033,-5435,-223,922,380,-125,543,418,0
1481238,593,593,275,1043,-1072,-3501,-5465,-441,-197,-193,132,533,492,0
1484595,594,595,762,537,-2581,-5046,-4871,-501,-657,-164,-564,523,519,0
1487908,596,597,1043,368,-7119,-5982,-4483,-583,-386,-18,-290,492,512,0
1491242,598,598,331,387,-9603,-6049,-4347,-643,-901,290,281,530,527,0
1494598,599,600,2150,1137,-11681,-5271,-2205,-676,402,331,550,479,517,0
1497910,601,602,2281,1175,-8393,-3730,-719,-660,1282,117,720,456,499,0
1501245,602,603,3331,987,-2523,-1932,1327,-592,475,74,658,416,525,0
1504615,603,605,3800,893,623,1084,3117,-483,-281,333,278,403,530,0
1507914,605,607,0,200,2244,4360,4339,-347,585,-160,168,646,551,0
1511247,606,609,0,518,3473,5049,5052,-181,372,170,-47,661,534,0
1514632,607,610,0,387,4813,5598,4546,-57,4,252,230,592,515,0
1517917,609,612,1887,575,5693,6525,3807,52,279,291,469,467,489,0
1521251,610,614,2075,1306,6616,7375,3423,149,-203,175,347,457,450,0
1524605,612,615,1700,1343,6283,6869,3052,209,-233,622,17,477,448,0
1527920,613,616,1475,1512,5778,7735,3201,271,-315,-263,-96,489,439,0
1531254,615,618,593,1156,3216,5836,3670,332,554,-640,262,520,442,0
1534605,617,619,331,1081,2635,3797,2930,363,787,148,131,534,462,0
1537928,619,621,1812,2450,6607,3243,2395,391,-240,177,-526,545,479,0
1541257,620,623,1662,1625,5878,4695,1364,373,-406,-152,-321,553,523,0
1544605,622,624,2281,1475,2809,4540,869,341,-11,-192,645,520,531,0
1547926,624,626,2337,1718,3002,-364,127,270,-178,-502,667,517,518,0
1551261,625,628,3031,2000,4183,-4421,153,186,-732,-297,671,480,487,0
1554605,627,629,2900,2581,3681,-6432,-1651,23,-876,-790,697,487,472,0
1557929,628,630,2281,312,-2330,-9142,-2702,-165,-806,-853,409,536,609,0
1561263,630,631,1250,3800,-5310,-10306,-2760,-307,-420,-29,-234,545,313,0
1564618,632,632,912,3800,-7572,-9586,-1286,-366,-1375,-349,-347,563,300,0
1567932,634,633,1081,3800,-10312,-8135,-120,-315,118,578,-83,538,331,0
1571267,636,634,368,0,-5919,-6247,-45,-209,662,523,-294,576,874,0
1574605,637,635,612,0,-3339,-4747,-1014,-115,-1187,163,-425,563,746,0
1577935,639,637,1100,2300,-7951,-6006,-803,27,-52,109,99,537,505,0
1581270,641,639,875,1868,-10271,-7471,-777,173,636,23,611,533,528,0
1584606,643,641,1512,1681,-9299,-8183,-730,293,163,177,668,529,552,0
1587939,644,643,2412,2206,-8021,-8040,717,486,822,340,640,497,540,0
1591273,646,644,2956,800,-5430,-6529,2056,703,441,116,330,452,599,0
1594631,647,646,2525,1231,-541,-4750,3113,940,1148,935,771,491,576,0
1597943,648,648,3800,1250,4739,241,3852,1196,670,364,298,390,575,0
1601276,650,650,0,800,6085,3886,4503,1406,-61,359,485,860,583,0
1604632,651,652,0,575,6025,5682,5311,1594,-50,263,250,860,553,0
1607945,652,654,2637,1737,3625,6767,5216,1716,-774,447,190,459,475,0
1611279,654,655,2018,1943,1758,8839,5584,1793,-554,694,87,508,480,0
1614632,655,657,1043,2018,263,10145,5421,1827,1015,155,778,544,460,0
1617948,657,658,1437,2225,3653,9699,4912,1822,425,563,552,523,465,0
1621283,659,660,837,2281,5036,9186,3737,1797,-323,160,116,539,462,0
1624633,661,661,500,2187,5292,8716,3921,1801,-446,-37,-227,557,467,0
1627952,662,663,1831,2768,4308,7958,4738,1842,375,-936,-185,528,462,0
1631286,664,664,2225,2281,3943,5048,4306,1881,580,-220,531,507,504,0
1634632,666,666,2637,1362,10034,496,3842,1901,908,213,682,485,553,0
1637955,667,668,2450,1100,18631,-4303,2088,1852,108,351,152,495,551,0
1641289,669,670,1887,1306,19819,-4389,1194,1797,-642,268,-391,525,556,0
1644633,671,671,1287,1906,15422,-3395,468,1737,-444,-564,-657,557,524,0
1647958,673,673,368,1231,11552,-2841,362,1706,411,-436,127,590,544,0
1651292,675,675,162,781,12367,-4303,401,1691,-182,96,389,571,522,0
1654633,676,676,0,2037,11152,-5096,2009,1750,-204,-281,-71,584,471,0
1657961,678,678,743,2431,6212,-4228,2423,1821,-270,-326,133,540,450,0
1661296,680,679,293,2318,1751,-3709,3638,1986,-434,210,-288,548,456,0
1664634,682,681,462,2487,-1387,-3887,3489,2180,-660,136,-534,539,447,0
1667964,684,682,0,1643,-7263,-4168,3749,2383,-295,438,-213,552,492,0
1671299,685,684,1325,2487,-8691,-4555,4353,2559,-454,623,264,523,477,0
1674634,687,686,1962,2000,-7930,-3572,4857,2715,-234,74,351,489,503,0
1677968,689,687,800,1587,-6688,-2173,5062,2874,-75,-436,180,535,525,0
1681302,691,689,1568,1793,-8994,-1865,5350,3073,-493,-199,144,510,514,0
1684658,692,691,1137,1175,-12392,-1701,4398,3236,-313,76,130,533,547,0
1687971,694,693,500,518,-12990,1063,2913,3351,292,-151,-530,551,566,0
1691305,696,695,125,743,-11520,2812,2014,3437,-298,270,45,571,570,0
1694662,698,696,0,0,-12561,3559,409,3427,898,-75,-210,529,560,0
1697974,700,698,0,500,-9853,2489,118,3367,346,76,319,530,525,0
1701308,701,700,0,668,-7857,1266,-609,3250,-77,453,286,526,500,0
1704667,703,702,218,1343,-8168,1008,-447,3116,-701,166,128,508,464,0
1707978,704,703,50,1493,-8719,1063,-284,2966,-523,-51,-221,517,456,0
1711312,706,704,0,1531,-10967,1502,-792,2776,680,-44,-409,505,454,0
1714667,708,706,312,1137,-11327,2820,-2064,2548,370,144,-64,487,475,0
1717981,709,708,1437,1531,-7105,2512,-2157,2306,130,176,70,485,496,0
1721315,711,709,518,631,-4741,2174,-2761,2051,113,-707,-120,518,544,0
1724671,712,711,1343,387,-5458,933,-2964,1805,457,-321,19,490,557,0
1727984,714,713,1493,1006,-6501,1460,-2590,1607,94,278,250,482,524,0
1731318,716,715,1568,1137,-5397,3819,-3472,1376,301,246,66,478,517,0
1734671,717,716,2056,1025,-5040,4724,-4098,1100,614,416,109,452,523,0
1737987,719,718,1212,0,-2106,5982,-3417,858,296,324,295,467,551,0
1741321,720,720,1962,50,-864,7436,-3857,618,323,106,193,427,529,0
1744671,721,722,2018,293,1289,7155,-3980,428,244,-258,595,440,516,0
1747990,723,723,1906,200,4917,4402,-3378,285,407,-312,875,430,521,0
1751324,724,725,1943,0,7352,2817,-3051,175,-58,-248,672,428,524,0
1754671,725,727,2206,462,6921,1325,-1230,126,575,-83,366,430,491,0
1757993,727,728,2600,1081,6237,950,490,128,1857,-390,545,409,474,0
1761327,728,730,2956,1193,9746,1063,1404,109,722,321,223,420,482,0
1764671,729,732,2675,931,15015,1544,1846,91,-428,155,16,451,496,0
1767996,731,733,2525,425,16280,2600,3169,77,343,-242,-175,459,539,0
1771331,732,735,2187,612,15359,1683,2638,50,-1175,-206,-761,477,513,0
1774672,734,736,1812,1775,13051,754,2727,18,-1784,450,-210,497,467,0
1777999,736,738,1118,2731,2071,79,3653,-3,-840,626,1401,534,416,0
1781334,737,739,1043,2693,-2074,588,4138,-25,-1921,-114,328,538,418,0
1784693,739,740,612,3200,-9018,-1011,3181,-84,-907,-204,759,519,365,0
1788003,741,741,968,3012,-13390,-1699,2682,-167,201,-172,559,500,375,0
1791338,742,742,950,2037,-11290,-2698,1453,-259,-692,338,165,485,427,0
1794693,744,743,856,1943,-12420,-3825,-45,-352,-126,-297,-501,490,448,0
1798006,745,745,781,1306,-12695,-5168,1881,-356,767,-64,-149,494,466,0
1801340,747,747,743,1493,-8309,-4516,1974,-307,-454,558,-4,496,472,0
1804727,749,748,1475,2037,-12470,-2440,685,-289,1322,-85,353,499,485,0
1808009,750,750,1643,1625,-12890,-1156,-153,-275,760,29,379,490,491,0
1811343,752,752,1981,1043,-6690,-1135,451,-247,314,132,318,472,538,0
1814697,753,753,2731,1006,-3641,-1484,1516,-191,839,667,523,448,540,0
1818012,755,755,2262,350,1845,3059,-304,-176,607,-275,570,457,559,0
1821347,756,757,2450,668,2345,3834,443,-97,14,-306,-24,463,542,0
1824697,758,759,2656,481,2413,4049,-230,-37,99,203,-132,452,552,0
1828015,759,761,1831,0,3831,4677,-872,21,-45,-73,-388,466,548,0
1831350,761,762,987,0,3391,4544,-1768,58,106,-32,-15,495,547,0
1834697,762,764,1606,143,2526,3793,-2885,49,341,89,137,478,524,0
1838019,764,766,1175,0,1962,3422,-2500,80,-559,478,-84,485,529,0
1841353,766,768,1175,50,1094,3125,-2132,141,-149,508,461,501,513,0
1844698,767,769,1062,331,2054,3815,-1058,215,-490,-321,-67,507,514,0
1848022,769,771,1100,443,724,4334,-1299,295,520,249,529,489,492,0
1851356,771,773,2000,1531,-646,5886,-56,417,-342,-226,-390,487,480,0
1854698,772,774,1418,1100,-902,4972,110,526,73,-590,-570,518,503,0
1858025,774,776,687,425,-156,2950,38,623,133,-193,-77,541,523,0
1861359,776,778,556,593,1018,3242,261,669,-274,236,7,548,514,0
1864698,778,780,518,893,1466,2714,1401,698,-411,332,158,550,498,0
1868028,779,781,1212,912,2956,2340,1126,689,30,-338,302,513,497,0
1871363,781,783,106,837,1326,324,1978,693,-358,-123,516,530,459,0
1874720,783,784,12,1456,-1639,-2589,2194,663,233,-209,608,519,426,0
1878032,784,786,818,1756,-2047,-4926,1190,618,-118,-5,32,492,426,0
1881366,786,787,912,1325,-3043,-4999,722,555,234,-162,-118,471,433,0
1884723,787,788,800,1137,-3157,-4700,589,459,1074,-168,137,493,459,0
1888035,789,790,1081,687,103,-5305,378,342,776,-509,536,462,467,0
1891370,790,792,1475,631,1445,-7336,1925,302,793,211,751,441,470,0
1894723,792,793,3012,875,8185,-4836,4236,351,797,100,696,401,499,0
1898038,793,795,3087,556,14558,-3480,5222,469,727,-438,186,413,516,0
1901372,794,796,2393,856,13944,-3892,5446,640,803,-583,91,450,500,0
1904724,796,798,2168,612,15856,-4244,5688,759,797,-68,96,462,513,0
1908041,797,800,2487,1587,16524,-4375,4852,849,-1517,765,-155,461,461,0
1911375,798,801,2750,2637,9486,-1645,3650,942,-703,37,908,463,421,0
1914724,800,802,1887,2600,2149,1651,-13,946,-566,343,601,493,423,0
1918044,802,803,893,2787,866,2768,-1046,900,-419,93,451,516,383,0
1921379,803,804,1662,2825,1108,3260,-2140,785,-1285,820,165,475,397,0
1924724,805,806,1906,2768,-5830,3758,-4321,660,-221,221,171,462,400,0
1928047,806,807,1737,2225,-6683,3360,-5051,488,-274,-139,-8,471,429,0
1931382,807,808,1887,1981,-7623,2098,-4373,359,227,156,-121,479,458,0
1934724,809,810,1287,1643,-7163,598,-2650,303,-688,121,-259,495,460,0
1938051,811,811,1287,2600,-10749,-338,-1806,302,808,-173,342,525,455,0
1941385,813,812,1550,2112,-8610,-1146,-1808,336,228,10,321,511,497,0
1944724,814,814,2225,1887,-3659,1174,-894,386,-1609,307,-329,475,493,0
1948054,816,816,1887,1906,-7151,1995,883,480,-772,86,192,493,492,0
1951412,817,817,2150,1400,-8513,2003,1409,557,1729,-460,82,495,535,0
1954746,819,819,2450,650,-1592,-1314,1243,636,762,-372,322,463,559,0
1958057,820,821,3406,1043,-261,-1804,1930,699,427,-675,241,428,538,0
1961415,821,823,2825,106,-323,-2833,3708,811,440,-611,439,417,530,0
1964749,823,824,2656,1287,1606,-5398,4754,958,302,-400,1686,426,483,0
1968060,824,826,2131,1812,1945,-6737,6039,1139,-1193,-122,891,454,439,0
1971419,826,827,1343,2525,-1758,-7897,5953,1281,-543,430,142,496,417,0
1974749,827,828,1475,2037,-6255,-7406,3999,1371,740,448,708,489,443,0
1978063,829,830,1587,1568,-1709,-5379,3966,1433,640,491,830,467,452,0
1981423,830,831,1906,2225,1582,-3483,4277,1498,-349,349,724,466,433,0
1984750,832,833,0,387,4723,-944,4376,1598,24,233,433,669,621,0
1988067,833,834,3425,2393,7061,-114,4469,1715,333,577,248,475,514,0
1991425,835,836,2993,1925,9276,1349,4926,1850,-344,233,522,498,539,0
1994750,836,838,2731,1775,11395,2506,5586,2013,-508,404,293,528,547,0
1998070,838,840,2431,1006,11475,3883,5116,2113,-341,16,-390,528,572,0
2001429,840,842,2093,1625,10455,3441,4676,2127,-1004,331,-847,546,539,0
2004778,842,843,1250,1737,9384,2146,2666,2047,-521,605,-328,561,519,0
2008073,844,845,1062,1268,8888,1398,1318,1918,613,-102,-95,555,528,0
2014751,847,848,1568,1343,-1089,-2667,1672,1666,-357,125,397,528,524,0
2018077,849,850,1025,725,-2847,-2309,1937,1613,419,-78,409,541,541,0
2021433,850,852,1418,1081,-2239,-2409,2128,1680,-475,99,-444,536,522,0
2024750,852,854,837,743,-4873,-1942,1801,1769,-40,232,-2,567,540,0
2028080,854,856,1231,856,-3567,77,2647,1918,-703,323,-90,560,548,0
2031438,856,858,1981,1156,-3367,1172,2771,2140,-341,-20,56,520,532,0
2034772,858,859,1831,1137,-5816,56,4959,2453,-868,110,-54,528,549,0
2038083,860,861,837,537,-8082,-1052,4702,2736,-12,169,132,565,565,0
2041441,861,863,1343,931,-7691,-1040,3506,2929,452,369,-148,554,544,0
2044775,863,865,1831,893,-1718,-824,3927,3108,810,214,-21,528,546,0
2048086,865,867,1587,912,-760,-1154,4466,3304,-21,88,136,525,529,0
2051441,867,869,387,875,-2756,-645,3670,3447,-432,121,447,547,489,0
2054776,869,870,0,912,-6048,2672,3577,3531,-242,205,553,567,487,0
2058089,870,872,425,1418,-7735,3910,3297,3590,70,-82,491,529,460,0
2061441,872,873,631,1831,-8912,2599,2746,3637,284,130,128,518,438,0
2064776,874,874,781,1643,-6067,457,3195,3676,158,-297,-242,494,448,0
2068093,875,876,1156,1062,-3412,309,4682,3707,1425,826,1499,490,479,0
2071471,877,878,1850,1493,5446,4885,7715,3799,386,533,224,495,498,0
2074776,879,879,2075,1025,4364,8163,3663,3725,1620,-1314,576,467,523,0
2078095,880,881,2768,293,10220,3590,3707,3655,181,-452,272,446,562,0
2081442,881,883,3106,406,11306,-474,2930,3621,165,-4,162,444,556,0
2084777,883,885,2281,818,8272,-2261,-54,3496,1037,-251,119,472,518,0
2088099,884,886,2975,1175,9295,-3985,-372,3351,-393,-300,106,451,515,0
2091442,886,888,2168,1550,9326,-6629,-672,3193,-996,411,-61,494,495,0
2094777,887,889,912,1287,3297,-6143,-1655,3001,-573,423,-38,531,479,0
2098102,889,891,181,1531,-735,-4108,213,2854,526,-84,450,554,450,0
2101443,891,892,368,1568,35,-3969,1725,2733,558,-352,217,544,464,0
2104777,893,894,87,1437,-2347,-5858,1881,2632,-1564,156,-393,543,455,0
2108105,894,895,1362,1868,-8574,-6006,1581,2536,-86,-235,99,491,448,0
2111443,896,897,1381,706,-8897,-6275,2841,2541,337,43,273,490,510,0
2114777,897,899,1400,781,-2475,-6625,3175,2599,199,-382,212,489,490,0
2118108,899,900,2581,1400,-1384,-5703,3843,2693,425,44,183,456,503,0
2121464,900,902,2918,1250,-1165,-3341,4660,2787,362,187,692,454,511,0
2124802,902,904,2675,1100,2009,971,5018,2883,-313,587,688,451,503,0
2128112,903,905,2937,1250,2951,4749,5130,2977,759,22,463,453,511,0
2131468,905,907,2918,1437,7068,7121,5107,3080,263,-2,383,454,501,0
2134802,906,908,2168,2112,10217,10019,4267,3131,-147,-46,224,494,465,0
2138115,908,910,987,1437,9271,11249,2250,3115,-52,326,107,515,459,0
2141467,909,911,537,2206,9250,12230,1047,2992,-525,168,-231,539,418,0
2144802,911,913,1100,1306,7742,12748,483,2860,409,-57,308,509,466,0
2148118,913,914,312,931,7210,11552,298,2760,825,-166,407,535,486,0
2151468,914,916,762,931,8876,10304,-821,2612,570,-290,-17,527,486,0
2154802,916,917,1193,1381,13766,7653,-1526,2425,-2048,-123,-498,488,462,0
2158121,918,919,0,1400,5531,6547,-362,2299,-1631,370,-357,540,445,0
2161468,920,920,631,3087,-2596,6254,-915,2158,-358,293,215,544,413,0
2164803,921,921,1606,2825,-8401,5748,-1239,2016,-475,29,426,508,443,0
2168124,923,923,1306,1775,-10111,3886,-647,1910,753,-25,323,508,483,0
2171469,925,924,1025,2300,-8651,3151,-402,1798,2,222,-106,523,471,0
2174803,926,926,968,1718,-9761,4888,-1833,1594,-177,-330,-230,542,502,0
2178127,928,928,856,1512,-10690,4814,-2104,1288,-747,-443,-625,532,513,0
2181469,930,929,743,1175,-14905,2771,-873,1146,740,212,-433,538,531,0
2184803,932,931,0,68,-13072,3302,-533,1013,186,141,-232,563,544,0
2188131,934,933,425,387,-13914,3950,47,923,249,89,-133,525,527,0
2191470,935,935,293,425,-14800,4346,294,934,713,-249,654,532,525,0
2194804,937,936,0,725,-12921,3943,-381,934,1455,-896,842,532,509,0
2198134,939,938,312,106,-10668,1939,1090,989,883,-621,1207,515,526,0
2201490,940,940,1756,706,-6429,879,1992,1103,-267,-257,540,438,494,0
2204854,941,942,3762,1475,-4401,-223,3378,1202,589,-373,724,377,483,0
2208137,943,943,237,1062,-1198,-1343,3905,1270,1317,-347,335,565,505,0
2211494,944,945,0,331,4047,-1662,4364,1347,228,112,-222,856,544,0
2214827,944,946,0,443,6792,-1321,5456,1469,-245,-369,-121,857,554,0
2218140,946,948,3800,556,6266,-2434,6180,1573,316,-32,-193,350,532,0
2221507,946,950,3800,406,4620,-2387,7284,1701,70,-201,58,348,540,0
2224840,948,952,3800,1100,7393,-1987,8787,1856,162,-59,361,322,503,0
2228143,948,953,0,0,9253,-2098,9426,2005,790,-23,128,858,527,0
2231494,950,955,0,12,10623,-1803,10319,2170,476,168,-135,859,519,0
2234827,951,957,0,31,12199,-3,10610,2342,267,125,107,714,502,0
2238147,952,958,2843,293,13112,837,10611,2514,213,-288,-261,448,488,0
2241495,954,960,1662,350,13040,544,10801,2718,-112,241,-335,511,485,0
2244828,956,962,425,462,14646,922,10635,2980,-13,287,-82,561,463,0
2248150,957,963,1043,762,14320,861,10088,3262,324,76,-239,544,463,0
2251494,959,965,1587,1231,15434,-85,9841,3555,111,-231,129,557,480,0
2254828,961,966,1118,1231,11183,-833,8936,3825,-819,-126,274,566,480,0
2258153,963,968,912,1231,4771,-909,7730,4092,121,-370,326,577,480,0
2261495,965,969,1137,2843,4148,270,6526,4344,-278,-357,327,565,410,0
2264828,967,970,1081,2431,1799,325,5480,4526,-809,-118,348,552,432,0
2268156,969,971,800,3706,-4174,-101,5119,4715,-818,-337,247,567,380,0
2271523,970,973,368,2843,-7209,-13,4015,4879,100,-328,250,576,396,0
2274829,972,974,725,1850,-9816,-1763,4104,5027,-1192,-297,-286,541,449,0
2278159,974,975,481,2037,-13100,-2828,4420,5178,-411,-312,-377,538,439,0
2281517,976,977,518,1606,-15674,-3330,5441,5405,-225,-51,-34,536,462,0
2284853,978,978,143,1793,-15525,-4745,6557,5676,495,437,-246,540,452,0
2288163,979,980,687,2318,-13256,-4077,6419,5904,-606,185,-382,527,440,0
2291520,981,981,987,2093,-14084,-4047,6080,6111,93,-181,102,511,452,0
2294852,983,982,1193,1850,-15826,-4227,4914,6263,733,-224,-50,514,495,0
2298166,985,984,1550,1306,-16750,-3755,5830,6436,67,-122,470,511,524,0
2301520,986,986,2543,987,-17613,-4663,5116,6607,2047,-144,1003,458,541,0
2304857,988,988,2187,743,-4469,-6506,6052,6763,1028,-159,674,461,538,0
2308169,989,989,3518,931,3604,-8576,5967,6887,577,59,899,406,544,0
2311533,990,991,3800,893,7853,-8696,3243,6883,-67,544,724,339,546,0
2314874,991,993,3800,1287,8692,-6855,2796,6848,-76,657,532,316,509,0
2318172,992,994,0,912,6810,-6946,1236,6750,-588,534,663,857,487,0
2321521,993,996,0,2093,5402,-7052,725,6602,-706,591,1206,859,424,0
2324862,994,997,0,1250,1678,-6060,-39,6408,1292,525,325,860,469,0
2328175,995,998,3800,2543,3019,-5071,751,6204,226,429,427,372,416,0
2331534,996,1000,3800,2093,5329,-5212,328,5939,-695,472,220,396,424,0
2334862,997,1001,3500,2806,1827,-4572,-668,5624,-185,775,277,429,402,0
2338179,999,1002,1400,1250,1520,-2940,-522,5285,-556,232,339,525,485,0
2341521,1000,1004,1587,1850,-773,-1553,-215,4947,-647,233,244,573,495,0
2344862,1002,1005,2543,2318,-4492,-586,-13,4615,4,333,46,522,486,0
2348182,1004,1007,1100,1606,-3267,1054,1321,4319,-517,385,-267,583,508,0
2351521,1006,1008,1718,1493,-2415,3127,1121,4021,461,359,-253,550,530,0
2354863,1008,1010,781,1231,-2559,2849,1030,3738,128,352,-342,600,544,0
2358185,1010,1012,1700,1231,-2269,2885,485,3446,416,916,517,551,528,0
2361543,1011,1014,312,1025,237,5090,-1579,3117,-133,213,300,595,509,0
2364863,1013,1015,1025,1137,2005,5044,-2715,2791,-239,85,-190,541,503,0
2368188,1015,1017,631,593,2707,3258,-2164,2519,-730,269,-399,562,532,0
2371546,1017,1019,912,0,-1633,2181,-2861,2259,722,-409,240,531,555,0
2374863,1019,1021,781,387,-4509,699,-2404,2024,1009,-313,-54,538,527,0
2378191,1020,1023,1437,368,-2880,473,-753,1875,71,170,5,503,528,0
2381547,1022,1024,1006,668,-3389,2790,-1205,1709,-1032,218,-569,526,512,0
2384864,1024,1026,1193,1156,-7820,3122,-1309,1530,-565,310,-261,546,516,0
2388195,1026,1028,350,856,-10722,3931,-1123,1325,-58,84,-281,575,516,0
2391547,1028,1030,1081,668,-8085,5406,723,1142,59,244,262,536,526,0
2394864,1029,1031,1137,837,-6148,5941,1490,988,-200,-18,-103,549,533,0
2398198,1031,1033,837,200,-5636,4293,1392,842,371,-263,19,549,551,0
2401548,1033,1035,1062,350,-4404,1755,1153,724,153,20,-87,537,543,0
2404917,1035,1037,237,0,-3655,1019,1078,576,816,42,69,539,521,0
2408202,1037,1038,0,31,-1735,1973,1559,465,545,73,57,567,518,0
2411547,1038,1040,0,725,-113,3395,2092,341,-278,86,14,554,481,0
2414890,1040,1042,462,87,24,3030,2113,220,-344,175,217,511,499,0
2418204,1042,1044,143,518,-7,3007,1424,163,-111,-37,-179,512,476,0
2421548,1044,1045,443,87,2488,2583,598,95,52,-46,-384,496,499,0
2424890,1045,1047,293,275,2817,2208,460,71,-54,32,-235,504,473,0
2428207,1047,1048,2037,1906,699,1940,513,64,107,15,176,501,492,0
2431548,1049,1050,1793,1100,870,2403,-516,49,383,-390,279,514,535,0
2434891,1050,1052,2037,575,3432,1267,-843,0,-149,-443,105,501,547,0
2438211,1052,1054,2431,968,3690,-1679,-1668,-62,-123,-245,382,480,542,0
2441569,1053,1055,2393,912,5605,-5184,-3650,-155,-29,21,402,498,545,0
2444891,1055,1057,2506,762,7402,-7122,-4522,-280,381,-121,115,476,537,0
2448214,1057,1059,2543,1156,8923,-7573,-3965,-398,368,326,218,490,516,0
2451573,1058,1060,1306,650,9295,-5882,-3101,-494,-633,153,-17,510,513,0
2454891,1060,1062,1025,1081,4524,-5595,-1564,-584,-190,573,517,525,490,0
2458218,1062,1064,650,1643,702,-3596,147,-615,51,683,835,545,460,0
2461573,1063,1065,781,1681,-706,-410,2145,-580,900,104,818,538,458,0
2464891,1065,1066,950,1193,1143,-99,3486,-486,996,345,-96,513,484,0
2468220,1067,1068,893,593,4202,193,4255,-304,110,-71,171,516,516,0
2471600,1068,1070,2356,1418,5262,326,4988,-63,-967,-161,423,484,502,0
2474892,1070,1071,2131,1531,127,380,5818,185,-191,-58,233,480,496,0
2478224,1071,1073,2393,1212,-144,-234,4536,417,1370,452,211,482,513,0
2481573,1073,1075,2618,575,9302,2152,4991,648,369,-714,204,470,547,0
2484915,1075,1077,1793,1025,9022,3105,4238,804,-2048,-861,907,498,507,0
2488228,1076,1078,2131,2843,-1409,901,1897,901,-2048,-516,1283,496,426,0
2491573,1078,1079,1418,3425,-10868,-2483,557,959,-968,96,19,534,411,0
2494919,1080,1080,68,1531,-14492,-3175,-598,975,-16,-11,-86,548,470,0
2498230,1081,1082,875,2075,-15169,-2868,-1489,906,941,493,268,505,441,0
2501574,1083,1083,1306,1400,-6937,-874,-2808,772,299,98,409,482,477,0
2504919,1084,1084,837,1437,-2752,-440,-3018,634,-669,37,-176,507,475,0
2508233,1086,1086,706,1606,-5086,-1544,-3183,499,-356,278,-237,514,466,0
2511574,1088,1088,481,1512,-6733,-2412,-2311,393,366,585,285,510,455,0
2514920,1089,1089,968,1662,-4531,-292,-3052,249,716,460,545,500,463,0
2518236,1091,1091,1681,2262,-3721,1655,-2564,103,924,45,-36,488,473,0
2521574,1093,1092,2000,1175,1193,3237,-1895,-21,1094,-408,248,471,531,0
2524920,1094,1094,2337,743,6103,4092,-1020,-98,-78,190,82,469,554,0
2528239,1096,1096,1793,650,6317,6163,-1576,-166,-738,261,281,482,543,0
2531597,1097,1098,1737,837,4455,6897,-3815,-299,-312,-556,128,501,533,0
2534920,1099,1100,1493,743,4311,5048,-4029,-441,305,-249,54,514,538,0
2538243,1101,1101,1287,462,4405,4314,-4103,-553,29,-193,35,525,553,0
2541597,1102,1103,1418,462,1474,3826,-4826,-678,132,-108,30,488,523,0
2544921,1104,1105,1550,0,890,3115,-4289,-760,-128,-73,-218,465,553,0
2548247,1105,1107,1643,87,243,3171,-4189,-776,-222,102,-32,476,527,0
2551598,1107,1109,1100,275,-850,3938,-3535,-746,-308,-277,-227,489,501,0
2554921,1109,1110,443,218,-3672,3284,-3073,-718,728,-193,604,524,520,0
2558249,1110,1112,1006,462,-1716,4073,-2937,-713,146,-237,391,494,491,0
2561598,1112,1114,1681,1381,237,4619,-1706,-717,-290,240,227,488,472,0
2564922,1113,1115,1831,1006,-120,5829,-605,-740,752,-524,121,496,508,0
2568252,1115,1117,1231,743,1055,3482,-629,-827,789,-578,-276,512,506,0
2571598,1117,1119,1400,1081,2617,1037,-1202,-974,-850,-530,-371,503,488,0
2574921,1118,1120,2187,1793,-1785,-27,236,-1099,-1014,-271,13,477,466,0
2578255,1120,1121,1962,2262,-6025,-2702,1867,-1197,-486,-173,469,473,441,0
2581599,1122,1123,1231,2056,-8036,-7461,3486,-1270,532,-33,715,512,452,0
2584925,1123,1124,1043,1587,-4355,-9404,4455,-1272,742,423,566,480,435,0
2588259,1124,1126,1700,1700,-1600,-11167,4707,-1281,222,358,142,461,429,0
2591599,1126,1127,1006,950,1977,-11083,4201,-1282,-231,217,-269,482,469,0
2594928,1128,1129,500,575,1415,-10546,4563,-1199,268,-665,-353,509,489,0
2598262,1129,1130,537,68,588,-10708,5338,-1049,958,286,664,507,516,0
2601599,1131,1132,1081,500,6439,-8707,4493,-890,80,170,491,478,493,0
2604931,1133,1134,556,350,7011,-6759,5883,-660,-334,480,464,490,485,0
2608265,1134,1135,2187,987,5656,-4138,6052,-383,1424,342,422,461,509,0
2611624,1136,1137,2150,537,13321,356,5828,-107,1326,674,204,463,533,0
2614934,1137,1139,2337,912,16982,3396,5411,161,-1105,65,283,453,513,0
2618268,1139,1140,2562,1475,10521,5659,2875,323,217,285,644,457,483,0
2621627,1140,1142,1643,2656,6183,7392,1767,474,-1549,-266,55,506,420,0
2624937,1142,1143,987,2825,1542,6464,949,583,-686,135,283,525,411,0
2628271,1144,1144,575,1700,198,5437,1102,677,-1146,182,-337,533,457,0
2631627,1145,1145,575,2562,-7181,4524,496,724,-475,45,295,517,411,0
2634940,1147,1146,1006,2806,-8705,4545,630,793,375,-105,365,494,414,0
2638275,1148,1148,856,2225,-8837,4371,2054,977,-370,-162,129,502,429,0
2641632,1150,1149,706,2262,-10229,4730,2634,1185,-1052,-152,-710,510,443,0
2644944,1152,1150,481,1981,-16184,3945,2943,1405,37,-489,-239,506,458,0
2648278,1153,1152,781,1643,-16619,2771,3300,1659,416,-182,243,506,476,0
2651633,1155,1154,1681,1625,-13169,2029,3552,1904,37,-26,909,488,507,0
2654947,1157,1155,1868,1268,-11728,1175,4270,2168,537,7,1077,462,526,0
2658281,1158,1157,2806,781,-8693,-752,4484,2419,1447,-38,636,428,552,0
2661633,1159,1159,3387,481,897,-1766,4918,2669,867,-142,126,413,568,0
2664950,1161,1161,2543,481,6138,-1510,5395,2929,529,-206,119,442,552,0
2668284,1162,1163,1831,893,8491,-1603,5043,3140,321,-56,-31,496,546,0
2671662,1163,1165,1718,143,9372,-3702,4671,3305,27,152,-481,476,528,0
2674954,1165,1166,1362,500,10584,-4353,4057,3451,-557,-102,-128,479,509,0
2678288,1166,1168,968,556,8563,-4247,4948,3644,43,-22,554,500,490,0
2681634,1168,1169,537,1437,7147,-5621,4836,3787,-129,-279,233,523,459,0
2684956,1170,1171,537,1493,7219,-7349,3785,3847,-77,552,10,507,440,0
2688291,1171,1172,837,1081,5539,-7509,3961,3862,-94,869,322,491,462,0
2691634,1173,1174,950,1193,3793,-4681,2948,3815,-671,732,369,485,456,0
2694960,1175,1175,1118,1756,1006,-1869,1617,3718,-233,316,242,518,484,0
2698294,1176,1177,1625,875,1791,-770,984,3618,-472,-325,-388,491,515,0
2701634,1178,1179,1193,668,-791,-2201,943,3505,-268,30,-401,514,526,0
2704963,1180,1180,818,875,-2820,-1615,-330,3328,249,-41,-115,534,531,0
2708297,1181,1182,912,837,-2661,-613,-1255,3148,58,139,-122,529,517,0
2711634,1183,1184,1118,1418,-2146,-130,-461,2950,-115,534,329,518,486,0
2714966,1185,1185,1418,1681,-2557,1645,-2605,2679,171,-282,216,502,488,0
2718300,1186,1187,987,350,-2297,1169,-3465,2389,326,-487,-337,495,513,0
2721659,1188,1189,1081,0,-2016,55,-2888,2129,-218,2,-451,490,535,0
2724969,1190,1191,256,0,-3614,1266,-2893,1949,-383,-183,-407,518,517,0
2728303,1191,1192,687,0,-5119,1269,-2134,1827,-325,-106,62,495,520,0
2731660,1193,1194,593,0,-8009,-359,-1671,1745,185,363,275,500,518,0
2734972,1195,1196,443,387,-8144,103,-1968,1649,-618,-33,5,524,495,0
2738307,1196,1197,1025,481,-9691,725,-1365,1591,285,24,260,477,490,0
2741660,1198,1199,1812,950,-9142,1958,-774,1547,690,266,195,465,495,0
2744975,1199,1200,2300,1118,-4195,3109,485,1498,1030,-277,411,455,502,0
2748310,1201,1202,3256,350,539,3887,2670,1500,842,-324,560,404,527,0
2751660,1202,1204,3481,256,6631,3774,4031,1534,-538,598,1219,392,532,0
2754980,1203,1206,443,650,9356,3428,4206,1562,170,116,1000,570,511,0
2758313,1204,1207,0,1193,11658,2830,3639,1565,-1003,43,-142,862,482,0
2761661,1205,1208,1700,2225,6663,2496,2516,1510,86,-554,1518,477,401,0
2764982,1207,1209,1793,2900,4826,-788,2942,1462,-800,-585,1282,456,365,0
2768316,1208,1210,1437,3350,498,-3712,5414,1477,-932,17,596,491,357,0
2771661,1210,1211,837,3256,-8030,-4319,3420,1415,473,586,230,507,362,0
2774985,1212,1212,1325,968,-8028,-1966,1656,1310,1073,578,594,497,500,0
2778319,1213,1214,1250,1343,-2308,-565,2079,1229,-501,357,343,485,464,0
2781661,1215,1215,931,2056,-1757,-1582,385,1114,-532,-279,-256,502,442,0
2784988,1216,1216,1456,2037,-5630,-3605,170,964,366,-311,-203,516,485,0
2788323,1218,1218,1343,1887,-3893,-1048,1458,859,-93,495,-59,522,493,0
2791661,1220,1220,1437,1381,870,1101,616,760,-234,127,245,517,520,0
2794991,1221,1222,2000,912,990,937,-645,616,167,-613,-16,487,529,0
2798326,1223,1223,2037,631,2582,-1468,-679,503,444,-444,215,485,560,0
2801662,1225,1225,1306,1381,2624,-2354,-1386,409,181,149,394,524,520,0
2804995,1226,1227,1925,1025,2594,-1413,-1449,333,-198,141,143,491,523,0
2808329,1228,1229,687,500,2467,-493,-3139,205,578,-103,-299,511,521,0
2811686,1229,1230,1400,593,3541,-742,-3242,114,56,478,0,489,516,0
2814998,1231,1232,1606,406,3208,398,-2902,63,-288,336,88,478,526,0
2818332,1232,1234,1643,200,691,266,-2325,4,-408,35,-61,476,521,0
2821690,1234,1236,1306,781,-1228,-187,-1611,35,-593,-189,-148,494,490,0
2825001,1236,1237,387,687,-2872,-683,-1487,97,-793,11,-342,527,495,0
2828335,1237,1239,1400,1287,-5714,-1725,-1296,147,248,301,-142,519,493,0
2831691,1239,1240,1362,1175,-7295,-1947,-1258,198,367,-254,-326,521,515,0
2835004,1241,1242,1268,631,-5965,-2399,-398,252,-484,51,401,510,528,0
2838339,1243,1244,1925,968,-7602,-1874,-526,288,96,474,648,491,510,0
2841695,1244,1246,2637,912,-6872,-256,-834,324,784,-229,616,453,513,0
2845007,1246,1248,1981,800,-1311,1339,162,371,-1,237,889,472,519,0
2848342,1247,1249,2862,781,3072,3657,1566,444,-236,57,900,441,520,0
2851698,1248,1251,3350,443,6137,6147,2765,516,-465,-124,13,373,480,0
2855011,1250,1252,1062,1118,4129,8476,3242,534,-415,312,182,511,460,0
2858345,1251,1254,2412,1756,3494,10810,6246,603,-1254,-465,182,423,426,0
2861698,1252,1255,1868,2206,-2217,8688,6917,688,-183,-499,126,468,402,0
2865014,1254,1256,1006,2168,-5596,5852,7717,815,747,326,302,498,404,0
2868349,1255,1257,1175,1493,-1753,3995,7603,974,456,201,534,489,440,0
2871699,1257,1259,1475,462,2144,3397,7036,1102,836,56,559,473,495,0
2875018,1259,1261,2918,1793,4635,1964,6762,1144,1334,-6,271,502,514,0
2878351,1260,1262,2525,781,12828,56,5178,1199,63,-706,-11,507,568,0
2881699,1262,1264,2093,818,13600,-1652,3685,1262,-1431,395,-33,530,566,0
2885020,1263,1266,3068,837,9361,-2454,1377,1240,-305,504,153,494,565,0
2888355,1265,1268,2206,1268,5950,-727,655,1249,-589,-322,270,524,526,0
2891700,1267,1270,2318,1418,2993,-1913,328,1254,-906,-389,442,518,518,0
2895024,1268,1271,2018,1156,-1360,-4212,-1454,1163,132,125,-465,520,518,0
2898358,1270,1273,1381,968,-3366,-4729,-1298,1103,27,-153,-550,538,512,0
2901700,1272,1275,912,1250,-1917,-4393,-301,1114,49,-72,-121,563,497,0
2905027,1274,1276,537,575,-2144,-3977,441,1149,-42,22,-615,567,533,0
2908362,1276,1278,293,743,-3212,-4143,-283,1183,-438,47,-63,564,508,0
2911700,1278,1280,743,406,-2843,-4456,-165,1223,-724,281,374,540,526,0
2915030,1279,1282,1381,912,-5190,-4589,635,1341,-1283,244,-59,522,499,0
2918364,1281,1283,1343,856,-12460,-5713,391,1455,238,-645,349,538,532,0
2921722,1283,1285,1268,781,-10732,-6241,209,1552,2047,-144,968,542,536,0
2925033,1285,1287,1568,837,-328,-4479,1050,1657,783,-117,389,526,533,0
2928367,1286,1289,1812,781,5745,-3410,2182,1776,-63,105,266,513,536,0
2931725,1288,1290,1737,1118,6167,-4565,1885,1881,-400,-1,42,517,518,0
2935036,1290,1292,2075,1493,4525,-5175,129,1926,-550,912,-121,499,498,0
2938371,1291,1294,2431,1587,3310,-1114,-219,1958,-869,806,716,480,493,0
2941725,1293,1295,1587,1531,2451,1907,13,1971,-286,309,671,483,454,0
2945039,1295,1296,631,2000,-1066,2584,-1123,1953,519,479,844,534,429,0
2948374,1296,1298,1175,1756,48,4871,-508,1963,-137,816,370,489,426,0
2951725,1298,1299,950,2093,-167,6438,-429,1944,-560,334,0,501,424,0
2955044,1299,1300,1193,1700,-1889,6182,-1714,1842,-288,-49,-85,488,445,0
2958378,1301,1302,1175,1700,-2747,5363,-674,1734,-306,-280,-92,489,445,0
2961756,1303,1304,1775,1643,-4145,4122,538,1650,78,-527,-48,499,490,0
2965046,1304,1305,2131,893,-4155,3916,1637,1506,835,-696,652,480,530,0
2968380,1306,1307,2187,837,6875,-223,1487,1336,660,-236,542,477,533,0
2971726,1307,1309,2787,612,11131,-3036,-988,1064,441,-789,471,461,545,0
2975049,1309,1311,2075,593,13169,-6663,-169,821,145,-157,-105,483,546,0
2978383,1310,1312,2393,575,9557,-8886,292,610,-497,-654,-178,482,547,0
2981726,1312,1314,1362,1156,5409,-8551,-984,368,-866,406,-179,537,516,0
2985053,1314,1316,0,725,2690,-7852,-1291,166,144,11,-288,566,493,0
2988387,1316,1317,387,875,2096,-5973,304,61,-498,669,197,543,485,0
2991727,1317,1319,106,912,887,-4133,555,35,-77,48,-33,558,483,0
2995055,1319,1321,612,875,-188,-4220,537,31,-642,-190,180,515,485,0
2998390,1321,1322,312,368,-5061,-4467,691,43,-273,18,309,531,512,0
