Time, Rlegs, Llegs, DCL, DCR, GyroX, GyroY, GyroZ, GyroZAvg, AccelX, AccelY, AccelZ, LBEMF, RBEMF, SteerOut
2569,386,391,0,0,-125,-80,245,244,7,-23,225,49,49,0
5924,386,391,0,0,-127,-82,245,244,9,-21,226,49,49,0
9237,386,391,0,0,-126,-82,247,244,10,-23,222,49,49,0
12571,386,391,0,0,-125,-80,245,244,8,-24,229,49,49,0
15925,386,391,0,0,-124,-81,244,244,9,-19,222,49,49,0
19240,386,391,0,0,-127,-81,245,244,7,-21,227,49,49,0
22575,386,391,0,0,-125,-80,245,244,9,-19,230,49,49,0
25925,386,391,0,0,-126,-78,243,244,9,-22,225,49,49,0
29244,386,391,0,0,-125,-82,245,244,9,-22,225,49,49,0
32578,386,391,0,0,-127,-78,245,244,7,-19,228,49,49,0
35925,386,391,0,0,-127,-79,247,244,6,-23,227,49,49,0
39247,386,391,0,0,-130,-80,245,244,8,-23,226,49,49,0
42581,386,391,0,0,-126,-80,244,244,8,-19,233,49,49,0
45926,386,391,0,0,-128,-77,243,244,11,-21,225,49,49,0
49250,386,391,0,0,-129,-80,243,244,8,-24,225,49,49,0
52584,386,391,0,0,-127,-79,246,244,7,-21,223,49,49,0
55925,386,391,0,0,-127,-80,244,244,8,-22,221,49,49,0
59254,386,391,0,0,-126,-81,245,244,7,-23,228,49,49,0
62588,386,391,0,0,-124,-81,246,244,6,-20,227,49,49,0
65926,386,391,0,0,-123,-82,245,244,8,-21,223,50,49,0
69256,386,391,0,0,-125,-82,246,244,8,-19,230,49,49,0
72591,386,391,0,0,-126,-83,245,244,8,-21,231,49,49,0
75926,386,391,0,0,-125,-80,246,244,5,-20,229,49,49,0
79259,386,391,0,0,-126,-81,245,244,10,-24,227,49,49,0
82594,386,391,0,0,-126,-81,246,244,9,-24,234,49,50,0
85928,386,391,0,0,-125,-76,244,244,6,-19,231,50,49,0
89264,386,391,0,0,-125,-79,246,244,9,-22,221,49,50,0
92597,386,391,0,0,-128,-78,245,244,9,-20,225,49,49,0
95952,386,391,0,0,-126,-77,243,244,8,-22,227,49,49,0
99266,386,391,0,0,-129,-78,242,244,9,-24,228,49,49,0
102600,386,391,0,0,-127,-80,244,244,12,-20,225,49,49,0
105952,0,0,0,0,-128,-81,243,244,5,-20,226,49,49,0
109269,0,0,0,0,-125,-80,242,244,10,-25,226,49,49,0
112604,0,0,0,0,-127,-84,245,244,9,-23,224,49,49,0
115953,0,0,0,0,-126,-80,244,244,7,-22,228,49,49,0
119272,0,0,0,0,-127,-81,246,244,9,-20,226,49,49,0
122607,0,0,0,0,-127,-82,246,244,6,-19,225,49,49,0
125953,0,0,0,0,-126,-80,246,244,9,-21,232,49,49,0
129275,0,0,0,0,-125,-80,244,244,7,-21,231,49,49,0
132610,0,0,0,0,-128,-80,247,244,8,-21,228,49,49,0
135952,0,0,0,0,-128,-80,245,244,6,-21,230,49,49,0
139279,0,0,0,0,-123,-79,247,244,8,-22,227,49,49,0
142613,0,0,0,0,-123,-79,245,244,8,-21,231,49,49,0
145953,0,0,0,0,-126,-79,246,244,4,-17,232,49,49,0
149283,0,0,0,0,-124,-80,245,244,7,-20,228,49,49,0
152616,0,0,0,0,-126,-83,249,245,10,-20,225,49,49,0
155954,0,0,0,0,-127,-81,243,245,9,-21,226,49,49,0
159285,0,0,0,0,-125,-82,246,245,9,-22,226,49,49,0
162620,0,0,0,0,-126,-77,246,245,10,-18,228,49,49,0
165954,0,0,0,0,-129,-79,244,245,9,-23,228,49,49,0
169289,0,0,0,0,-125,-79,242,244,8,-19,231,49,49,0
172623,0,0,0,0,-127,-78,243,244,8,-17,229,49,49,0
175978,0,0,0,0,-127,-82,242,244,10,-22,227,49,49,0
179293,0,0,0,0,-126,-82,244,244,9,-20,229,49,49,0
182626,0,0,0,0,-126,-81,245,244,7,-24,228,49,49,0
185981,0,0,0,0,-126,-80,243,244,10,-20,226,49,49,0
189295,0,0,0,0,-126,-82,246,244,7,-17,226,49,49,0
192629,0,0,0,0,-123,-82,245,244,9,-19,234,49,49,0
195982,0,0,0,0,-125,-79,246,244,5,-19,229,49,49,0
199298,0,0,0,0,-127,-81,248,244,7,-22,223,49,49,0
202850,0,0,0,0,-123,-77,246,244,6,-18,228,49,49,0
205990,0,0,518,162,-127,-79,247,245,-2,-92,231,87,106,0
209301,0,0,50,387,-173,-190,242,244,-67,23,209,128,110,0
212635,0,0,143,425,-399,-84,243,244,52,-38,217,123,108,0
215993,1,1,181,331,-220,11,341,248,12,-14,232,121,113,0
219304,1,1,350,312,-106,26,387,252,-23,-47,217,112,114,0
222639,1,1,668,518,-322,21,421,258,3,-49,250,111,119,0
225994,2,2,387,425,-478,-40,389,262,31,-22,257,126,124,0
229307,2,2,443,368,-501,-215,320,264,45,-35,263,123,127,0
232643,2,2,931,537,-326,-392,202,263,-4,-2,269,113,134,0
235994,2,3,668,200,-271,-435,88,258,7,24,269,127,136,0
239311,3,3,556,500,-155,-479,27,251,27,42,294,133,136,0
242645,3,3,856,312,-4,-689,-134,239,1,9,273,117,146,0
249314,4,4,743,425,-69,-892,-633,192,21,61,235,139,156,0
252648,4,5,1100,106,-88,-625,-906,156,64,18,251,120,157,0
255994,5,5,837,237,368,-449,-1183,111,68,-71,93,134,166,0
259317,5,6,575,0,1123,-1029,-1382,60,-149,-9,110,148,168,0
262651,5,6,987,256,433,-1409,-1423,8,-85,62,179,142,165,0
265995,6,7,106,87,16,-1617,-1438,-43,42,-2,221,179,164,0
269321,6,7,481,162,233,-2066,-1608,-101,98,90,255,159,160,0
272655,7,7,612,575,785,-2423,-1792,-165,-110,71,164,152,154,0
275995,7,8,743,162,276,-2177,-1548,-221,-49,135,179,145,160,0
279324,7,9,987,518,-3,-1621,-1474,-275,-91,72,215,148,157,0
282658,8,9,518,256,-105,-467,-1048,-315,-107,158,211,157,155,0
286017,8,9,1418,575,-1049,556,-511,-339,-131,4,154,125,154,0
289327,9,10,1081,312,-2351,1059,241,-339,-223,-82,123,127,152,0
292661,9,10,1343,800,-3649,1031,1099,-312,86,-31,303,129,142,0
296020,9,11,1325,575,-3530,772,1686,-267,251,5,409,130,138,0
299330,10,11,1156,800,-2709,259,2228,-205,112,161,283,139,142,0
302664,10,11,1268,443,-1488,-24,2443,-136,11,221,110,133,161,0
306020,11,12,1231,312,-627,506,2404,-69,-41,195,122,135,168,0
309334,11,12,1268,706,-582,840,2074,-12,-29,231,179,149,163,0
312667,11,13,1325,556,-1053,525,1686,32,-253,129,160,146,155,0
316020,12,13,1100,837,-2250,-27,1305,65,-18,262,206,158,156,0
319336,12,14,1287,425,-2460,-111,881,85,246,279,164,148,162,0
322671,13,14,1062,425,-672,436,1018,107,101,193,175,160,178,0
326020,13,15,1081,162,66,755,1052,127,84,14,99,159,176,0
329340,14,15,987,350,671,507,1135,150,264,-132,140,174,192,0
332674,14,16,687,0,2524,223,1587,187,-94,-13,55,190,195,0
336021,15,17,575,162,2569,758,1843,235,-327,-139,297,196,186,0
339343,16,17,818,481,734,454,1671,281,-161,-154,302,183,185,0
342677,16,18,687,687,-1208,-1587,1525,325,391,67,209,190,174,0
346021,17,18,668,181,-167,-1119,1741,379,120,197,147,191,201,0
349346,17,19,781,87,525,-85,1722,437,282,19,260,185,190,0
352681,18,19,837,237,1952,120,1849,507,97,-51,365,182,198,0
356022,18,20,1193,425,2095,120,1903,586,-294,-68,150,179,188,0
359349,19,21,706,143,717,-127,1584,664,63,-73,268,189,187,0
362683,20,21,725,425,205,-226,1302,742,174,-34,266,188,188,0
366022,20,22,950,256,818,-118,770,809,334,-81,283,176,181,0
369352,21,22,650,256,1114,-108,349,864,-278,-67,202,192,197,0
372687,21,23,668,181,55,-309,3,910,113,-312,193,191,185,0
376043,22,23,462,293,690,-933,-162,955,487,-118,517,202,195,0
379356,23,24,1156,443,3160,-238,36,1012,-281,-209,369,181,187,0
382691,23,25,818,425,1740,758,274,1069,193,-345,533,183,188,0
386047,24,25,875,368,1311,549,274,1123,299,-225,640,180,191,0
389359,24,26,837,237,2426,230,643,1176,71,-146,509,185,185,0
392693,25,26,650,256,2558,356,261,1200,-86,-219,428,179,184,0
396046,25,27,1231,425,1955,259,-294,1184,127,-274,480,164,175,0
399362,26,27,593,312,2265,-466,-606,1130,6,-172,361,182,181,0
402696,26,28,875,537,2368,-1726,-1007,1046,-95,-34,163,183,169,0
406047,27,28,237,406,2034,-2151,-1501,930,-81,76,135,201,176,0
409365,27,29,950,481,1738,-2037,-1899,794,-83,108,66,179,172,0
412700,28,29,425,312,898,-1310,-2432,643,-89,102,-26,191,181,0
416047,29,30,556,406,-2,-695,-3155,479,-4,74,122,184,176,0
419368,29,30,500,143,-266,-281,-3645,313,28,135,118,187,190,0
422703,30,31,462,331,-196,-9,-3825,153,-8,97,65,189,180,0
426047,30,32,500,31,-209,5,-4249,-7,67,-21,41,187,180,0
429372,31,32,500,500,-68,-224,-4526,-180,-24,-53,39,187,171,0
432706,31,33,612,181,169,-860,-4602,-357,11,-38,48,181,172,0
436048,32,33,443,406,368,-1199,-4649,-537,-190,-5,35,190,176,0
439375,33,34,0,31,-116,-1488,-4871,-739,-61,-40,23,201,180,0
442709,33,34,275,331,-934,-1642,-5056,-955,-63,7,38,199,180,0
446048,34,35,0,0,-658,-1587,-5310,-1173,176,201,-39,207,182,0
449378,34,35,387,143,239,-1367,-5359,-1388,158,142,45,193,190,0
452736,35,36,481,443,954,-553,-5069,-1601,-177,151,105,201,187,0
456069,36,36,0,612,13,-54,-4703,-1802,-291,136,304,218,178,0
459381,36,37,406,762,-1207,126,-4183,-1990,-201,273,269,205,170,0
462739,37,37,143,706,-2402,603,-3805,-2169,-243,184,136,203,173,0
466072,38,38,87,706,-3254,878,-3090,-2315,-77,131,169,206,173,0
469384,38,39,143,312,-3277,902,-2047,-2419,262,-60,315,203,178,0
472743,39,39,162,518,-1401,766,-844,-2470,241,113,447,202,183,0
476073,40,40,218,575,489,669,-467,-2495,-97,-171,237,199,180,0
479388,40,40,181,106,1302,-182,591,-2477,-241,-52,359,201,205,0
482746,41,41,368,218,963,-149,1355,-2430,85,-149,378,191,199,0
486073,41,42,425,0,1650,73,2256,-2360,-52,-162,395,188,199,0
489391,42,42,200,181,2173,495,3225,-2268,-54,-181,526,200,201,0
492750,43,43,406,350,2090,907,2919,-2185,-30,-224,490,189,192,0
496073,43,43,387,162,862,672,3103,-2108,-87,-290,460,190,202,0
499394,44,44,687,575,-335,413,3777,-1999,14,-10,392,174,180,0
502752,44,45,612,125,1064,1087,3629,-1876,152,-157,203,178,188,0
506073,45,45,481,406,2059,1220,3268,-1755,-26,-208,96,185,189,0
509398,45,46,856,331,2221,499,3443,-1616,-8,-137,4,181,193,0
512755,46,46,200,162,2114,465,3272,-1467,-190,-127,70,200,202,0
516074,46,47,406,218,1976,141,3339,-1303,-170,-96,150,195,189,0
519401,47,47,237,87,1401,-350,2881,-1137,44,-200,196,188,196,0
522756,48,48,143,406,1243,-907,2469,-961,-206,-56,123,193,179,0
526074,48,49,481,162,516,-1105,2023,-784,-437,-22,41,175,176,0
529404,49,49,181,575,-2001,-1268,1478,-618,-124,-89,132,191,170,0
532760,49,50,556,462,-3761,-1747,1140,-450,-73,-82,199,187,176,0
536095,50,50,0,256,-4292,-2205,714,-286,-71,-74,223,201,187,0
539407,50,51,631,462,-4780,-2985,311,-133,59,-122,256,183,176,0
542764,51,51,162,200,-3935,-3595,261,20,117,-74,366,192,190,0
546099,52,52,312,425,-2979,-3851,140,176,104,-81,312,184,178,0
549410,52,52,162,293,-2107,-3708,-22,334,-202,38,145,192,185,0
552764,53,53,87,593,-2523,-3044,17,500,-306,142,-1,196,169,0
556099,53,53,106,575,-3608,-2022,218,674,-19,179,183,195,170,0
559414,54,54,12,837,-4338,-1290,-117,829,-44,214,269,200,156,0
562765,54,54,312,743,-4426,-1132,-285,967,108,294,240,184,161,0
566099,55,55,425,781,-4231,-567,-546,1081,30,251,127,178,159,0
569417,56,55,406,781,-4055,-124,-676,1179,19,154,248,179,159,0
572765,56,56,312,987,-3731,-448,-813,1250,-96,159,173,184,148,0
576128,57,56,500,1418,-3801,-1049,-480,1299,-216,235,107,184,151,0
579420,57,57,312,1043,-4356,-1315,-357,1314,-129,177,130,194,155,0
582766,58,57,162,1306,-4745,-1500,-10,1328,358,185,377,202,157,0
586100,58,57,387,1193,-3846,-1059,485,1325,222,313,399,190,163,0
589423,59,58,200,912,-1759,542,1381,1326,36,311,255,200,178,0
592765,59,59,462,518,-1730,2445,1156,1291,200,199,343,186,183,0
596101,60,59,368,875,-1300,3405,1374,1234,302,101,292,191,180,0
599426,61,60,537,1231,960,3313,2365,1216,177,129,181,182,161,0
602765,61,60,462,1156,628,2892,2733,1205,-241,-173,195,186,165,0
606100,62,61,143,1212,-1152,1562,3459,1195,33,-272,197,203,162,0
609429,62,61,218,1100,-1064,-445,4223,1213,68,200,97,199,168,0
612787,63,62,425,593,493,-512,4759,1260,296,21,85,188,195,0
616121,64,62,368,593,1208,253,5480,1324,139,-86,163,191,211,0
619433,64,63,293,368,3150,908,5261,1386,213,-21,173,195,207,0
622790,65,64,275,500,4021,290,5537,1454,18,-134,226,196,200,0
626125,65,64,443,368,4357,-147,5156,1526,126,-402,81,187,207,0
629436,66,65,462,387,4460,-1336,4158,1578,368,-322,103,186,206,0
632791,66,66,1118,143,6208,-2399,3445,1623,356,-112,-7,167,219,0
636126,67,66,537,0,7273,-2917,3195,1676,-67,-19,119,182,232,0
639439,67,67,725,0,6517,-2830,2467,1718,-151,-64,191,175,222,0
642791,68,68,556,0,5574,-2749,1737,1750,-306,156,231,168,202,0
646126,68,69,987,0,4654,-2186,1112,1775,-574,298,419,161,199,0
649442,69,69,575,0,1633,-499,-732,1744,-264,158,554,167,199,0
652791,69,70,950,312,462,96,-2050,1675,-229,-176,557,163,181,0
656126,70,70,218,406,252,-314,-2855,1587,19,-11,398,186,176,0
659446,70,71,837,706,545,-476,-3726,1470,-223,127,252,169,160,0
662792,71,71,331,331,-208,-228,-4295,1329,-161,-14,253,180,180,0
666126,71,72,612,481,-1084,-226,-4594,1189,-195,48,209,181,172,0
669448,72,72,87,293,-1848,-344,-4553,1056,-208,78,198,193,182,0
672792,73,73,87,406,-2716,119,-4722,925,29,158,199,193,176,0
676126,73,73,368,425,-2950,668,-4453,807,132,150,234,178,175,0
679451,74,74,275,500,-1987,1392,-4024,707,-24,91,182,183,171,0
682792,74,74,575,668,-1805,1689,-4319,587,-94,185,67,183,178,0
686126,75,75,275,481,-2494,1807,-4239,465,-62,218,185,183,172,0
689455,75,75,256,481,-3101,1917,-4185,335,24,100,106,184,172,0
692814,76,76,125,556,-3429,1746,-4031,194,177,89,125,191,168,0
696127,76,76,537,518,-2890,1786,-4213,19,103,84,-51,185,186,0
699458,77,77,125,106,-2072,2368,-4421,-154,11,-41,-21,191,192,0
702813,78,78,237,312,-1847,2406,-4199,-328,-290,1,-65,198,194,0
706150,78,78,87,0,-2815,2015,-4264,-536,-56,-43,-59,206,211,0
709461,79,79,0,31,-3845,1963,-4163,-751,73,-175,-41,211,209,0
712817,80,80,106,106,-3627,2225,-3633,-973,104,-118,106,205,205,0
716150,80,80,256,106,-2882,2196,-3392,-1211,236,-85,214,197,205,0
719465,81,81,312,331,-1058,2096,-3436,-1467,281,-67,218,194,193,0
722817,81,82,537,0,788,1991,-3204,-1738,299,-107,299,182,206,0
726151,82,82,293,0,2999,1824,-2686,-1986,175,0,274,195,214,0
729468,82,83,518,0,5231,1588,-2358,-2233,-30,-46,147,183,206,0
732817,83,83,331,162,5535,1441,-1877,-2453,210,-186,150,193,202,0
736151,84,84,387,12,6571,1390,-1417,-2627,516,-142,279,190,210,0
739472,84,85,237,0,9074,1314,-801,-2760,-135,-371,281,198,197,0
742818,85,85,87,406,8396,162,-63,-2862,-1071,-243,450,206,189,0
746151,85,86,500,181,3085,-1271,730,-2916,115,-501,624,184,185,0
749475,86,87,162,500,-485,-3151,1756,-2915,-64,-195,769,202,184,0
752818,87,87,556,725,-2012,-2448,1920,-2890,203,-369,819,181,172,0
756151,87,87,556,781,-2239,-2099,1642,-2816,395,-91,533,181,169,0
759477,88,88,762,612,-483,-1378,1616,-2701,-172,56,412,170,178,0
762847,88,89,818,481,-603,-454,833,-2586,-78,-127,318,173,175,0
766151,89,89,368,293,-1226,-535,306,-2460,139,-237,248,181,185,0
769480,89,90,537,162,-988,-1906,-396,-2338,-310,-44,120,172,176,0
772818,90,90,312,275,-1772,-2111,-665,-2215,71,-68,201,184,186,0
776152,90,91,837,218,-820,-2280,-921,-2102,134,-127,263,172,189,0
779484,91,91,462,68,925,-3339,-1712,-2008,110,-69,259,176,197,0
782839,91,92,743,237,1925,-3867,-1704,-1922,165,31,93,177,188,0
786176,92,93,87,0,2933,-3352,-1732,-1850,-351,62,58,196,189,0
789487,92,93,537,425,1162,-3035,-2057,-1780,-282,126,131,188,178,0
792843,93,94,275,50,-527,-2858,-2717,-1732,-72,134,-3,186,182,0
796180,93,94,612,312,-1200,-2303,-2594,-1682,-59,135,66,184,184,0
799490,94,95,68,218,-1451,-1417,-2256,-1627,-86,73,86,197,173,0
802844,95,95,0,481,-1962,-974,-2139,-1562,-31,-3,95,203,175,0
806180,95,96,50,331,-2767,-928,-1846,-1482,-53,141,91,198,167,0
809493,96,96,31,612,-3686,-557,-1484,-1397,-51,246,102,199,168,0
812844,97,97,106,687,-4002,36,-1260,-1303,0,204,127,195,164,0
816185,97,97,50,668,-3794,348,-1167,-1209,-17,80,62,198,165,0
819497,98,98,0,462,-3855,147,-979,-1126,-60,154,148,187,160,0
822844,98,98,387,668,-3778,278,-860,-1047,159,142,164,180,165,0
826186,99,99,406,1062,-2537,358,-736,-963,0,102,138,189,154,0
829500,99,99,425,912,-2093,-91,-454,-877,78,255,236,188,162,0
832845,100,100,181,818,-2002,-20,-291,-802,79,243,332,201,167,0
836186,100,100,350,950,-1577,101,-242,-736,17,202,328,192,160,0
839503,101,101,368,1025,-1161,-433,-131,-681,-3,231,337,191,156,0
842844,102,101,162,1343,-1263,-722,18,-637,64,314,336,202,155,0
846186,102,101,350,1081,-897,-300,264,-603,-47,294,210,192,169,0
849506,103,102,0,968,-1094,198,435,-588,-177,109,98,211,175,0
852845,103,103,87,762,-2060,146,793,-586,97,266,277,206,170,0
856186,104,103,125,1100,-1936,552,1221,-602,71,160,189,204,168,0
859509,105,104,0,556,-1235,1431,2201,-594,-73,124,138,203,181,0
862866,105,104,200,743,-1453,1948,2672,-562,86,5,185,200,187,0
866186,106,105,0,800,-1486,2317,3342,-508,331,-18,287,212,184,0
869513,107,105,331,668,447,1817,3749,-416,509,-200,392,193,191,0
872869,107,106,500,612,2526,996,4213,-294,380,-173,412,184,194,0
876186,108,107,256,368,4257,77,4361,-146,473,-277,409,181,191,0
879515,108,107,537,725,6218,-1531,4553,16,143,-33,205,182,188,0
882870,109,108,350,593,5716,-2033,4114,174,-157,189,-19,192,195,0
886187,109,108,500,368,3830,-1334,3701,343,-243,184,288,184,207,0
889519,110,109,200,106,1492,31,1725,450,410,-78,324,187,208,0
892870,110,110,593,0,1991,-786,744,527,223,-143,175,166,199,0
896211,111,110,368,312,2638,-1901,-587,573,326,-7,300,178,197,0
899522,111,111,425,31,3445,-2568,-1441,613,155,-231,278,175,196,0
902870,112,111,237,331,3183,-2122,-1789,638,224,-160,229,185,196,0
906213,112,112,462,0,3454,-1507,-2713,624,135,-84,177,173,202,0
909525,113,113,350,162,3869,-429,-2940,599,-109,-3,202,179,189,0
912871,113,113,687,218,3438,265,-3441,549,-308,-80,253,177,202,0
916213,114,114,68,293,2441,367,-3347,491,-155,-111,245,194,182,0
919529,115,114,443,687,1526,-64,-3333,426,-205,50,181,190,177,0
922871,115,115,50,725,883,134,-3092,366,-329,-19,181,195,159,0
926214,116,115,237,1081,157,604,-2872,307,-252,-96,155,185,156,0
929531,116,116,331,856,-439,315,-2595,253,-304,-96,232,180,152,0
932871,117,116,331,1231,-915,-466,-1965,214,-213,77,236,180,148,0
936214,117,117,518,1025,-903,-595,-1751,174,-291,-110,200,170,143,0
939535,118,117,575,1418,-1468,-703,-1468,137,-156,23,236,167,138,0
942893,118,117,537,1175,-1142,-933,-1675,92,-212,72,158,169,151,0
946214,119,118,462,1212,-1240,-945,-1962,35,-232,111,173,173,149,0
949539,119,118,293,1006,-1690,-622,-2102,-30,-139,116,145,182,160,0
952896,120,119,143,875,-2020,-383,-2292,-110,-218,0,157,203,180,0
956214,120,119,387,1156,-2902,-430,-2278,-195,-234,60,99,206,181,0
959542,121,120,0,931,-3962,-826,-2111,-286,-143,33,110,218,177,0
962896,122,121,0,575,-4319,-1046,-1690,-377,79,-75,172,215,196,0
966214,122,121,143,68,-4202,-1218,-1315,-487,174,-156,-33,203,223,0
969544,123,122,50,125,-2855,-846,-1065,-603,-15,138,-84,208,220,0
972896,124,123,31,0,-2686,-509,-609,-727,-51,-108,133,209,227,0
976215,124,123,87,0,-3187,-609,108,-841,122,-171,55,206,241,0
979548,125,124,0,12,-2035,-873,451,-958,-118,79,45,212,226,0
982896,126,125,0,0,-1940,-341,414,-1081,202,15,154,210,219,0
986239,126,126,125,0,-1299,81,1092,-1190,131,35,134,204,214,0
989552,127,126,0,0,-699,266,1181,-1281,30,-85,41,210,220,0
992897,128,127,0,12,-977,385,1421,-1353,214,91,254,210,210,0
996242,128,128,237,200,-442,1013,2087,-1341,278,68,51,198,200,0
999554,129,128,31,162,72,1602,2626,-1282,392,-89,295,193,202,0
1002897,129,129,1193,368,1476,1387,2447,-1188,769,-330,620,147,191,0
1006243,130,129,912,68,2721,-103,1509,-1095,-328,-258,861,146,207,0
1009557,130,130,1475,481,-1118,-943,662,-1019,121,-249,939,132,185,0
1012898,130,131,1681,218,-3090,-970,-467,-949,497,-190,701,127,189,0
1016244,131,131,1306,237,-2656,-224,-888,-885,488,-178,608,131,188,0
1019561,131,132,1681,425,439,495,-1011,-809,322,-133,588,127,178,0
1022918,132,132,725,237,2029,1021,-851,-731,92,-107,409,162,188,0
1026244,132,133,1118,462,1655,1619,-213,-633,-46,-34,261,157,176,0
1029564,133,133,743,106,931,1459,231,-529,-264,-115,185,161,195,0
1032920,133,134,706,443,-374,944,713,-417,-321,-214,143,179,177,0
1036244,134,134,0,106,-2661,-261,1428,-291,-78,33,80,212,195,0
1039567,134,135,256,256,-2864,-951,1398,-186,-38,26,-39,203,187,0
1042920,135,136,0,0,-3064,-1794,857,-105,205,-15,135,203,192,0
1046244,136,136,200,50,-2729,-2680,1036,-27,-8,16,167,190,198,0
1049570,136,137,406,50,-1703,-3099,987,56,53,151,37,179,182,0
1052921,137,137,968,87,-832,-2940,985,148,176,90,57,149,196,0
1056243,137,138,1250,312,518,-2721,927,242,36,155,133,150,184,0
1059573,137,138,1137,218,1990,-2728,684,335,-29,198,225,156,189,0
1062921,138,139,818,743,2027,-2351,266,415,-16,389,274,173,161,0
1066244,139,139,500,818,2355,-1656,153,486,-258,199,299,174,157,0
1069576,139,140,893,1025,1534,-1374,-161,533,-72,187,357,169,146,0
1072921,140,140,181,1100,1150,-1156,-486,559,-109,315,404,191,142,0
1076245,140,141,462,1081,458,-804,-511,577,-191,332,245,202,153,0
1079579,141,141,0,987,-290,-443,-932,566,-211,225,89,216,158,0
1082922,141,142,462,800,-925,230,-1084,529,-419,64,46,202,168,0
1086249,142,142,593,1231,-2692,662,-1149,479,-249,295,228,195,161,0
1089583,143,143,218,950,-3657,1566,-1162,430,32,349,203,199,160,0
1092922,143,143,556,1325,-4101,1888,-462,381,-130,165,132,197,156,0
1096252,144,143,143,1043,-4270,2545,-29,344,-14,143,149,203,171,0
1099586,144,144,762,912,-3997,2634,628,319,10,57,107,186,178,0
1102922,145,145,575,1062,-3773,2915,1036,286,375,-144,2,196,170,0
1106255,146,145,331,1006,-3441,3032,1980,266,-131,279,69,193,173,0
1109589,146,146,462,856,-2916,3491,2326,262,-90,277,17,202,181,0
1112947,147,146,0,668,-2437,3588,2419,290,-25,-27,102,216,191,0
1116258,147,147,406,631,-1589,2475,2263,340,274,-163,277,205,193,0
1119593,148,147,87,406,-441,1467,2359,429,122,-239,105,206,205,0
1122950,149,148,87,143,392,293,2287,528,252,-205,195,206,219,0
1126261,149,149,668,50,2064,-1608,2268,630,394,-338,378,191,224,0
1129596,150,150,312,0,4085,-2662,2282,728,169,-109,287,194,236,0
1132954,151,150,331,12,5174,-3663,1611,785,101,-29,179,193,226,0
1136274,151,151,237,0,5267,-3721,1342,820,176,93,219,201,229,0
1139599,152,152,50,0,5665,-2879,592,816,183,-26,272,195,226,0
1142956,152,153,612,0,6460,-2204,-80,769,-52,103,208,181,227,0
1146267,153,153,256,0,6249,-1293,275,734,-191,230,127,184,234,0
1149602,153,154,725,0,5390,-367,-312,698,26,295,194,175,222,0
1152956,154,155,162,0,5143,1318,-446,651,-26,338,190,189,216,0
1156271,154,155,781,0,3881,2842,156,625,-278,119,89,172,222,0
1159605,155,156,293,0,702,2615,-49,593,-61,-60,225,182,211,0
1162956,155,157,987,162,-933,1759,58,566,50,-42,270,161,173,0
1166274,156,157,312,481,-1523,501,188,550,24,-128,240,181,156,0
1169608,156,157,1043,1175,-1388,-218,239,549,206,-177,317,158,135,0
1172956,157,158,781,818,-35,-1274,561,562,281,-167,440,156,138,0
1176278,157,158,1250,931,1406,-2334,998,598,-21,-11,286,147,148,0
1179611,158,159,500,500,454,-1966,1135,649,7,87,286,171,155,0
1182956,158,159,987,687,-778,-1563,1511,712,67,44,268,161,161,0
1186281,159,160,425,293,-1492,-1138,1852,799,159,182,174,175,166,0
1189615,159,160,1043,593,-1928,-481,1508,880,198,278,289,158,166,0
1192957,160,161,687,443,-1380,49,1243,955,284,125,327,161,158,0
1196284,160,161,1025,1081,74,495,502,1007,89,304,158,159,140,0
1199619,161,161,1081,1625,-164,1788,-705,999,-35,60,32,169,140,0
1202958,161,162,1081,1062,-870,2690,-1827,943,-41,-133,162,169,154,0
1206287,162,162,912,1400,-919,2233,-2869,834,-144,31,262,178,152,0
1209621,162,163,893,912,-1681,1959,-3545,691,-287,-34,60,179,162,0
1212957,163,163,931,987,-2704,1815,-3820,510,181,6,251,177,174,0
1216290,163,164,950,556,-1241,717,-3256,335,303,-28,414,176,181,0
1219625,164,164,743,425,275,52,-2191,191,-183,215,174,187,204,0
1222983,164,165,950,518,430,-360,-1455,75,-154,184,148,192,199,0
1226294,165,166,706,387,-371,-614,7,1,86,90,83,189,190,0
1229628,166,166,612,762,486,-859,713,-47,130,-80,409,194,186,0
1232983,166,167,387,350,1590,-814,1753,-63,-493,31,37,206,192,0
1236296,167,167,331,687,496,-662,2367,-60,-215,-89,42,209,190,0
1239631,167,168,1006,668,-1102,-833,3237,-9,41,-81,165,189,191,0
1242983,168,169,425,462,-1544,-1124,3738,64,126,-144,169,204,186,0
1246300,169,169,481,650,59,-967,3960,170,104,94,58,201,192,0
1249634,169,170,800,87,1576,20,4068,299,-94,-252,212,184,206,0
1252984,170,170,406,462,3088,568,4681,437,-127,-9,177,205,202,0
1256304,171,171,575,818,2708,1025,4687,593,39,-53,368,196,183,0
1259637,171,171,668,725,2689,1740,4600,751,-70,43,169,191,188,0
1262984,172,172,181,593,2915,2363,4950,901,-194,99,165,207,185,0
1266306,172,173,425,443,2257,3243,4777,1052,-331,-47,400,194,177,0
1269640,173,173,406,968,225,3305,4023,1175,-55,-209,642,195,165,0
1272984,173,174,556,650,-1132,2536,3389,1275,-241,-60,317,187,166,0
1276309,174,174,537,1025,-2548,2179,2622,1350,102,5,395,188,162,0
1279643,175,175,331,650,-2257,2263,2030,1396,306,-129,433,183,166,0
1282985,175,175,593,800,-1107,1853,2002,1427,80,-101,370,185,174,0
1286313,176,176,575,743,-570,1261,2197,1460,-244,-31,340,186,177,0
1289647,176,176,500,762,-1220,1211,1518,1461,39,51,331,190,176,0
1292985,177,177,706,612,-1697,1033,792,1428,24,-129,181,179,184,0
1296315,177,177,818,443,-2687,725,226,1387,-80,-35,261,173,193,0
1299650,178,178,500,462,-2606,604,312,1358,248,-112,442,190,192,0
1303008,178,179,593,181,-1179,-44,173,1348,182,19,394,185,191,0
1306319,179,179,256,575,466,-916,-314,1360,-72,-57,89,203,186,0
1309654,179,180,537,31,793,-1344,-543,1400,-2,-59,72,188,199,0
1313009,180,180,425,518,651,-1949,-905,1462,-125,-51,18,194,189,0
1316322,181,181,106,293,-439,-2896,-1531,1525,-146,-50,-58,195,185,0
1319656,181,181,462,481,-1774,-3127,-1684,1591,-19,82,-36,192,191,0
1323042,182,182,218,687,-2372,-3143,-2069,1629,78,49,83,215,190,0
1326325,183,183,68,368,-1894,-3533,-2436,1621,53,47,108,207,191,0
1329659,183,183,237,725,-1590,-3818,-2527,1587,112,-8,96,214,188,0
1333018,184,184,0,293,-1026,-4138,-2420,1512,113,-23,80,221,195,0
1336328,185,184,0,462,-312,-4270,-2338,1416,-38,-67,35,213,202,0
1339663,185,185,0,181,-694,-4145,-2244,1291,8,-14,-63,215,201,0
1343019,186,186,0,331,-665,-4066,-2454,1141,-149,67,-21,220,193,0
1346332,187,186,0,481,-1662,-3556,-1997,977,-234,231,122,213,201,0
1349666,187,187,0,368,-3132,-2723,-1719,807,-91,228,182,212,191,0
1353022,188,187,0,987,-3819,-1931,-1679,630,64,271,269,216,174,0
1356335,188,188,143,425,-3227,-980,-1211,465,-147,343,269,203,188,0
1359669,189,189,87,668,-3374,-16,-908,291,1713,124,1757,206,175,0
1363023,190,189,0,800,143,1087,-171,139,-631,79,82,214,184,0
1366338,190,190,0,668,-522,1480,561,13,9,153,363,217,175,0
1369673,191,190,0,668,-303,2602,1386,-98,-376,96,63,218,191,0
1373022,192,191,0,575,-1366,3004,2048,-183,-46,105,343,225,180,0
1376341,193,191,0,650,-956,2971,2396,-234,249,273,34,212,192,0
1379676,193,192,0,256,-296,3436,2690,-256,502,-18,39,203,197,0
1383023,194,193,0,31,1167,3673,2849,-249,390,-163,266,202,209,0
1386344,194,193,537,0,2830,2620,2341,-239,285,-281,155,169,219,0
1389679,195,194,443,0,4551,409,1327,-260,122,-340,98,158,210,0
1393023,195,195,856,0,4820,-2001,696,-307,172,-375,142,152,202,0
1396349,196,195,218,0,3573,-4011,389,-342,-367,-116,109,170,207,0
1399682,196,196,537,162,865,-4854,82,-364,-198,-43,97,169,189,0
1403023,197,197,443,0,-574,-4276,-597,-390,34,167,254,158,192,0
1406351,197,197,1212,293,-1216,-2013,-895,-428,395,-44,411,133,182,0
1409686,197,198,1118,0,-1095,-1359,-592,-452,247,-51,538,138,186,0
1413024,198,198,950,237,-308,-1426,-236,-449,115,47,493,147,185,0
1416354,198,199,1081,143,649,-1413,218,-425,35,-49,421,140,174,0
1419688,199,199,987,425,999,-1562,174,-392,129,3,393,145,175,0
1423044,199,200,912,350,1730,-1575,113,-340,-5,96,401,149,163,0
1426357,199,200,1400,668,1607,-957,-434,-301,-312,130,312,139,162,0
1429692,200,201,481,406,268,-595,-469,-251,-208,129,239,172,160,0
1433048,200,201,875,631,-1485,-53,-797,-200,-10,125,218,167,164,0
1436360,201,202,500,425,-1983,418,-1123,-156,-5,73,213,171,159,0
1439695,201,202,1250,725,-1903,265,-1173,-117,-103,181,148,147,159,0
1443049,202,203,762,650,-2562,275,-1552,-93,99,154,185,173,163,0
1446364,202,203,987,556,-2986,462,-1804,-79,109,148,186,161,168,0
1449698,203,203,2000,1737,-2508,235,-2041,-66,198,198,-18,168,182,0
1453049,203,204,1062,387,-1687,318,-2594,-85,103,122,2,218,238,0
1456367,204,205,912,200,-1269,629,-3061,-127,72,326,127,226,248,0
1459701,205,206,800,0,-1248,612,-3036,-169,28,136,37,216,247,0
1463049,206,207,500,0,-1427,560,-3290,-234,93,227,120,232,245,0
1466370,206,208,1006,87,-1164,744,-3410,-312,109,95,20,221,254,0
1469704,207,208,725,0,-896,736,-3531,-417,91,191,92,220,249,0
1473049,208,209,650,50,-990,797,-3709,-551,128,62,39,224,240,0
1476374,209,210,818,0,-846,800,-3888,-715,-103,140,-44,215,238,0
1479708,209,211,575,0,-1359,787,-4121,-908,47,49,52,228,232,0
1483049,210,211,425,0,-1650,765,-4084,-1111,78,71,63,236,244,0
1486376,211,212,481,0,-1071,346,-3960,-1319,89,41,125,217,236,0
1489711,211,213,687,0,-156,403,-3600,-1520,352,-25,336,222,227,0
1493049,212,214,181,50,1794,869,-2610,-1675,-6,-203,202,233,208,0
1496380,213,214,481,387,3763,662,-1954,-1777,440,-69,389,217,206,0
1499715,214,215,500,237,6887,842,-1954,-1860,-164,-260,-153,216,198,0
1503071,214,215,931,518,6521,998,-1271,-1912,586,169,330,193,199,0
1506383,215,216,593,312,9232,1844,-493,-1930,-2048,-1719,1940,211,210,0
1509717,216,217,481,0,2041,-1159,-925,-1940,-278,-101,732,217,220,0
1513074,216,218,143,0,3871,-569,-1334,-1954,297,548,458,225,226,0
1516386,217,218,0,0,5494,2020,-916,-1964,-173,159,209,225,222,0
1519720,218,219,162,0,4257,3609,-837,-1983,-11,-130,-17,208,210,0
1523075,218,220,425,12,3727,3277,-1594,-2039,-510,-13,-19,210,200,0
1526390,219,220,0,31,692,3197,-1442,-2090,-97,272,68,217,199,0
1529724,220,221,556,312,-963,4217,-1201,-2131,278,57,54,203,184,0
1533075,220,221,425,125,747,4417,-712,-2140,-28,8,84,194,194,0
1536392,221,222,50,350,1696,3960,-611,-2144,-482,-143,-29,214,182,0
1539727,221,223,181,425,-821,3265,453,-2105,-6,-362,103,207,178,0
1543076,222,223,106,1062,-2488,1098,877,-2043,-264,-219,84,211,144,0
1546396,223,223,0,1006,-4672,-585,879,-1978,-285,-100,98,216,147,0
1549731,223,224,331,1062,-5944,-1319,1003,-1899,78,-91,85,199,144,0
1553075,224,224,0,893,-5514,-1659,1263,-1803,-59,37,113,205,153,0
1556399,225,225,162,743,-5274,-1896,1314,-1698,166,145,182,192,161,0
1559734,225,225,500,818,-4447,-1967,1527,-1569,341,86,276,190,173,0
1563076,226,226,0,668,-2505,-2456,2034,-1410,74,75,304,211,165,0
1566402,226,226,0,593,-644,-2642,2294,-1243,-72,167,370,202,169,0
1569737,227,227,181,893,-513,-2272,2610,-1059,46,104,376,191,153,0
1573076,227,227,762,1362,-246,-2174,2774,-866,134,168,529,186,154,0
1576405,228,227,275,1193,1154,-1679,2774,-669,-97,297,450,196,163,0
1579764,229,228,0,1231,626,-1045,2721,-468,-260,300,205,214,161,0
1583097,229,229,12,875,-1274,-355,2214,-277,-139,256,310,210,164,0
1586409,230,229,0,1118,-1630,-15,1977,-87,-88,233,265,214,167,0
1589767,231,229,143,1268,-1996,214,1528,88,52,214,101,203,175,0
1593101,231,230,256,875,-2110,936,1495,258,-218,30,-7,197,180,0
1596411,232,231,0,781,-2708,1138,1837,428,1,-42,100,217,185,0
1599770,232,231,31,668,-2728,618,2099,575,110,2,68,209,191,0
1603101,233,232,68,631,-1935,-164,2718,721,138,-34,4,207,193,0
1606415,234,232,0,556,-1633,-41,3063,878,175,102,-14,209,197,0
1609774,234,233,237,687,-1042,620,3338,1022,112,234,83,198,190,0
1613101,235,234,0,612,-387,893,2948,1130,466,65,183,213,194,0
1616418,236,234,293,556,1457,439,2893,1249,196,-167,340,195,197,0
1619777,236,235,668,631,2570,52,2773,1377,22,-33,230,175,193,0
1623101,237,235,256,462,1849,200,2322,1479,-54,-12,196,181,202,0
1626421,237,236,593,875,1140,33,1951,1566,99,-136,321,179,180,0
1629780,238,237,500,800,1055,-546,1454,1661,106,-225,291,184,184,0
1633102,238,237,762,781,1436,-1655,782,1730,185,-73,476,170,185,0
1636424,239,238,593,631,1882,-2195,434,1782,46,-5,431,166,180,0
1639784,239,238,875,800,1947,-2004,75,1806,-55,-11,452,151,171,0
1643101,240,239,856,931,1235,-1281,-154,1820,9,29,456,152,164,0
1646427,240,239,556,800,692,-901,-124,1802,-67,109,427,168,171,0
1649785,241,240,631,743,189,-568,-42,1774,2,200,408,164,174,0
1653102,241,240,500,631,-426,5,-409,1733,-242,-37,428,171,180,0
1656431,241,241,1025,856,-1829,146,-920,1673,109,-29,459,159,168,0
1659789,242,241,818,781,-1455,197,-937,1605,378,171,222,170,188,0
1663123,242,242,950,312,-130,603,-1478,1517,-366,60,228,163,197,0
1666434,243,243,650,50,-1587,443,-1631,1419,92,1,274,179,211,0
1669792,243,243,706,162,-1807,112,-1610,1305,274,190,73,176,205,0
1673126,244,244,500,368,740,133,-1523,1186,74,55,-68,187,194,0
1676437,245,244,293,406,1014,507,-2181,1036,119,32,-9,182,192,0
1679793,245,245,350,275,532,962,-2028,886,-86,157,89,195,199,0
1683127,246,246,0,0,525,644,-2385,725,21,-74,41,204,202,0
1686440,246,246,387,293,264,-218,-2509,561,3,122,-74,193,198,0
1689793,247,247,0,237,7,-287,-2355,418,99,22,-59,198,185,0
1693127,248,247,50,500,796,149,-2402,281,48,-92,24,195,187,0
1696443,248,248,50,275,940,-9,-2291,162,-340,-111,21,195,183,0
1699794,249,249,87,406,-674,-510,-2473,38,-260,-60,87,206,189,0
1703128,249,249,443,762,-2919,-911,-2240,-88,-77,-29,87,203,186,0
1706447,250,250,31,293,-3005,-1082,-1962,-215,-9,45,70,209,195,0
1709794,251,250,12,481,-2639,-1034,-2003,-363,93,16,-115,210,201,0
1713128,251,251,143,162,-2076,-672,-2084,-524,-149,-11,-58,203,202,0
1716451,252,252,0,31,-2807,-672,-2184,-696,-38,-89,45,213,209,0
1719794,253,252,68,143,-3013,-812,-2058,-853,-72,-71,54,207,219,0
1723128,253,253,387,0,-3275,-793,-1905,-1003,-160,-40,216,190,213,0
1726453,254,254,87,0,-4139,-1059,-1869,-1148,-29,-141,403,206,212,0
1729795,254,254,368,0,-4052,-1200,-1839,-1278,165,38,481,191,221,0
1733129,255,255,537,0,-2005,-576,-1835,-1396,505,-133,685,182,213,0
1736456,255,256,725,0,2086,789,-586,-1460,-1459,-256,2047,172,213,0
1739794,256,256,818,0,211,1491,-365,-1496,648,-355,848,167,222,0
1743129,256,257,1212,0,3797,1421,529,-1493,-30,-139,511,162,213,0
1746460,257,258,443,0,3391,1437,744,-1472,78,-100,321,187,199,0
1749818,258,258,293,425,3856,1548,971,-1437,122,-41,226,195,188,0
1753151,258,259,350,162,4377,1151,533,-1416,-42,-199,74,192,186,0
1756463,259,259,87,387,4619,578,637,-1395,-91,37,64,206,190,0
1759819,259,260,481,68,4280,843,548,-1365,81,66,124,191,197,0
1763153,260,261,31,0,4008,1823,563,-1319,-65,15,123,199,193,0
1766466,261,261,293,181,3420,2331,594,-1271,-154,54,-12,185,191,0
1769820,261,262,143,0,2006,2750,563,-1207,-102,12,-24,193,192,0
1773153,262,262,0,125,868,3467,671,-1135,-80,6,43,201,194,0
1776469,262,263,237,50,521,3334,701,-1063,25,122,145,188,182,0
1779820,263,263,256,537,614,2771,613,-996,-69,-83,163,187,172,0
1783154,263,264,800,181,-157,1263,953,-898,-139,-91,316,158,175,0
1786472,264,264,725,612,-1489,67,1066,-801,-115,-49,390,162,168,0
1789820,264,265,687,593,-1837,-1004,837,-701,-211,49,267,164,153,0
1793155,265,265,743,837,-2467,-2000,409,-609,-4,127,258,161,156,0
1796476,265,266,837,518,-2779,-2734,10,-536,-17,135,166,156,157,0
1799820,266,266,818,668,-3064,-3324,-398,-473,24,173,187,157,165,0
1803155,266,267,818,743,-2428,-4067,-570,-419,59,218,177,173,161,0
1806479,267,267,556,556,-2198,-4266,-930,-371,-28,356,218,171,171,0
1809820,267,268,762,537,-2088,-3803,-1269,-341,58,182,304,176,172,0
1813155,268,268,143,537,-2119,-2973,-1652,-331,-203,272,373,193,172,0
1816482,268,269,668,781,-2410,-2439,-1634,-319,209,342,446,181,159,0
1819821,269,269,293,743,-1415,-1048,-1501,-301,-38,158,347,185,161,0
1823155,269,270,743,856,-1048,280,-1166,-269,-158,242,266,187,165,0
1826485,270,270,0,800,-1415,1120,-1388,-248,-53,249,239,211,168,0
1829842,271,271,0,781,-1310,1688,-1226,-227,-316,225,-20,219,169,0
1833178,271,271,256,837,-2657,2551,-1008,-200,-266,171,-119,213,182,0
1836488,272,272,0,687,-4602,2873,-714,-165,82,94,-59,222,174,0
1839845,273,272,0,706,-4874,2809,-273,-116,103,-20,-5,224,189,0
1843178,273,273,0,481,-4456,2162,385,-86,-111,-53,-25,212,185,0
1846492,274,273,0,556,-3809,1597,1134,-39,392,-87,201,217,197,0
1849845,275,274,12,593,-981,743,1868,2,233,-28,258,210,195,0
1853178,275,275,312,256,787,130,2005,41,-16,-314,97,194,197,0
1856495,276,275,68,181,847,46,2646,93,588,-315,261,207,217,0
1859847,276,276,500,12,2852,-262,2975,170,324,-327,384,184,210,0
1863179,277,277,368,0,5977,-610,2947,242,280,-246,311,191,212,0
1866499,277,277,462,0,6686,-849,3090,321,284,-197,128,186,211,0
1869846,278,278,387,0,7478,-1251,3006,398,120,-110,86,190,218,0
1873179,279,279,443,0,6814,-1466,2758,465,-103,-186,184,187,211,0
1876501,279,279,350,0,5066,-1809,1727,502,-188,-217,182,192,217,0
1879846,280,280,218,162,3892,-2348,1463,527,54,188,331,199,202,0
1883208,280,281,443,87,2891,-2200,312,514,-337,89,318,190,193,0
1886504,281,281,87,0,1612,-1803,-639,475,-341,106,460,193,209,0
1889847,281,282,950,0,-84,-1616,-1636,394,19,25,482,163,200,0
1893180,282,283,481,0,586,-1253,-1905,301,31,48,447,172,185,0
1896509,282,283,893,331,1402,-1106,-2239,205,-84,34,388,166,180,0
1899847,283,284,462,200,1932,-1007,-2544,113,-7,-22,342,173,171,0
1903180,283,284,1118,575,2529,-807,-2486,35,-205,-17,290,154,167,0
1906511,284,285,406,293,1968,-896,-2494,-29,-192,-79,237,176,166,0
1909868,284,285,762,668,1109,-1122,-2405,-87,-219,141,101,173,162,0
1913180,285,285,162,762,-616,-382,-2555,-138,-107,-64,26,189,157,0
1916515,285,286,650,687,-1778,-128,-2769,-184,-57,-89,159,179,161,0
1919871,286,287,12,368,-1586,-425,-2484,-210,-308,-64,-39,197,162,0
1923205,287,287,293,762,-3300,-1244,-2531,-238,-151,31,50,182,157,0
1926518,287,287,87,593,-4530,-1283,-2392,-266,31,47,128,193,166,0
1929871,288,288,125,537,-4243,-1207,-2336,-303,115,43,145,191,169,0
1933208,288,288,275,406,-3688,-1366,-1742,-314,3,140,155,183,176,0
1936520,289,289,143,687,-3206,-1254,-1391,-319,-121,127,99,190,161,0
1939872,289,289,368,556,-3497,-1033,-1229,-326,34,30,69,178,168,0
1943213,290,290,143,593,-3562,-431,-1382,-347,226,80,175,190,166,0
1946524,290,290,912,987,-2497,615,-1651,-390,282,61,138,178,174,0
1949872,291,291,387,481,-1456,1414,-1521,-450,-12,43,90,190,185,0
1953214,292,291,350,762,-1469,2035,-1693,-538,-172,113,121,192,186,0
1956527,292,292,500,275,-2225,1747,-1952,-657,371,6,182,184,196,0
1959872,293,293,556,200,-1536,1219,-2023,-783,305,121,210,181,200,0
1963215,293,293,593,31,653,1188,-2000,-928,-39,139,132,179,209,0
1966530,294,294,406,162,1303,1260,-1899,-1081,-332,49,130,189,202,0
1969873,294,295,762,275,248,1106,-1816,-1229,-102,61,225,186,196,0
1973215,295,295,200,181,-752,1149,-1572,-1375,-85,41,91,200,201,0
1976533,295,296,837,368,-758,919,-1295,-1510,104,66,152,182,191,0
1979873,296,296,350,387,53,1128,-857,-1623,376,-90,296,192,190,0
1983214,297,297,575,181,2202,1058,83,-1674,18,-148,273,180,201,0
1986537,297,298,537,218,2615,402,561,-1702,-274,-62,322,198,199,0
1989894,298,298,256,293,1635,349,844,-1685,-465,106,441,197,195,0
1993215,298,299,781,650,-844,1135,912,-1637,105,32,390,185,176,0
1996540,299,299,462,406,14,1844,1415,-1542,356,100,340,186,189,0
1999898,299,300,1100,631,1715,2429,1663,-1430,-170,-279,498,168,177,0
2003215,300,300,800,1062,1084,1804,1640,-1309,130,-207,476,184,170,0
2006543,300,301,987,593,1299,1249,1761,-1174,434,6,433,174,179,0
2009898,301,302,781,406,2577,1393,2088,-1031,-142,-181,300,175,179,0
2013215,301,302,837,537,2627,1914,1881,-895,-395,-227,248,172,172,0
2016546,302,303,781,687,1130,1672,1447,-774,21,-183,326,175,164,0
2019899,303,303,725,462,767,1571,1007,-663,-1,-186,306,162,176,0
2023239,303,304,893,406,1080,1636,1061,-543,-168,-129,240,169,179,0
2026549,303,304,968,425,695,1607,1015,-434,-197,-226,245,165,178,0
2029899,304,305,875,350,-201,865,956,-325,-124,17,184,170,182,0
2033241,305,305,931,443,-819,419,879,-223,-93,-38,40,167,193,0
2036552,305,306,912,256,-1340,-132,1024,-118,-48,-149,122,168,187,0
2039898,305,306,1193,481,-1643,-1341,1022,-31,-175,-184,145,169,191,0
2043241,306,307,743,275,-2095,-2486,798,36,-101,-6,58,177,186,0
2046555,307,307,575,500,-2903,-3150,654,95,-540,-31,-277,186,190,0
2049899,307,308,218,256,-6173,-2520,587,156,-183,-75,-150,205,187,0
2053241,308,309,12,331,-8272,-2616,410,221,343,86,114,216,183,0
2056559,309,309,143,162,-6470,-3221,513,284,255,172,80,209,192,0
2059899,309,310,162,106,-4473,-2375,647,357,-82,-17,-52,208,195,0
2063242,310,310,0,0,-3909,-2304,859,445,94,-126,138,214,209,0
2066562,310,311,312,106,-3280,-2833,486,524,75,13,204,200,195,0
2069928,311,312,500,631,-2196,-2884,700,608,-83,214,87,200,177,0
2073242,312,312,0,500,-2464,-1503,903,696,-183,-16,89,215,184,0
2076566,312,313,387,668,-2693,-1296,726,775,111,348,435,206,175,0
2079920,313,313,331,537,-2111,-390,418,837,39,284,402,193,182,0
2083243,314,314,481,500,-979,1001,516,894,336,-19,169,185,184,0
2086568,314,314,387,443,849,1376,1039,953,-331,13,12,190,187,0
2089924,315,315,275,725,827,722,1021,982,-160,114,134,196,172,0
2093242,315,315,743,1025,-620,-243,1678,1017,24,51,335,187,172,0
2096572,316,316,200,762,-1623,-1112,2265,1062,-6,-1,404,200,170,0
2099925,316,316,800,968,-1346,-2343,3166,1132,196,221,250,184,175,0
2103243,317,317,312,725,-1260,-2793,3051,1183,65,136,231,194,172,0
2106575,317,317,818,743,-772,-2933,3107,1228,212,252,375,183,187,0
2109924,318,318,781,650,970,-2663,2951,1269,40,264,471,185,192,0
2113267,319,319,612,181,2014,-1414,2508,1293,66,230,326,178,201,0
2116579,319,319,706,462,3073,-328,2574,1308,-155,140,296,189,202,0
2119925,320,320,368,256,2095,823,2330,1322,119,186,403,191,197,0
2123272,320,321,968,293,2562,1148,2232,1346,32,12,360,175,195,0
2126582,321,321,387,181,2872,1102,2005,1378,257,36,332,190,201,0
2129926,321,322,950,12,4192,685,1516,1392,166,-22,264,176,210,0
2133271,322,322,425,0,4867,193,991,1391,278,-19,350,191,216,0
2136584,322,323,1025,0,5637,-71,358,1372,285,-49,253,159,206,0
2139925,323,324,1025,0,6115,-351,-250,1337,193,-149,158,159,201,0
2143271,323,324,1081,0,5550,-1129,-711,1283,-532,-81,291,156,205,0
2146587,324,325,706,31,2569,-1716,-1115,1216,62,-33,340,176,196,0
2149925,324,326,1062,0,503,-1556,-2035,1128,32,-42,359,157,190,0
2153272,325,326,1062,368,132,-834,-2457,1030,291,-141,247,157,178,0
2156591,325,327,1325,218,659,-106,-2599,931,285,-167,328,143,170,0
2159949,326,327,1250,387,1212,241,-2394,843,104,-127,313,147,177,0
2163271,326,328,1212,143,1163,177,-2276,756,141,0,281,149,174,0
2166594,327,328,1287,593,1143,163,-2293,664,96,-9,271,145,166,0
2169948,327,329,1062,425,1178,-26,-2517,559,153,0,277,157,159,0
2173272,327,329,1512,781,1036,-98,-2948,451,42,23,251,149,156,0
2176597,328,329,950,781,1365,-433,-3486,321,118,91,275,163,156,0
2179949,328,330,1287,856,1707,-1106,-3883,171,-36,99,207,161,152,0
2183272,329,330,762,875,1545,-1230,-4319,13,-140,14,264,173,151,0
2186600,329,331,1437,912,1002,-1237,-3903,-121,-157,-14,287,153,149,0
2189950,330,331,1100,1475,-183,-1545,-3756,-254,-121,88,225,171,135,0
2193272,330,331,1250,1306,-448,-1448,-3086,-383,11,108,201,163,144,0
2196604,331,332,1362,1493,38,-1541,-2728,-500,86,113,165,170,147,0
2199950,331,332,1250,1268,753,-1540,-2636,-635,-158,68,250,176,159,0
2203272,332,333,931,1268,555,-1892,-2460,-783,-187,24,205,193,159,0
2206607,333,333,312,1193,-339,-2324,-2547,-961,-174,-62,162,210,163,0
2209950,333,334,537,912,-369,-2747,-2663,-1140,-123,-195,187,214,178,0
2213277,334,334,331,1100,-279,-3452,-2009,-1300,113,168,248,225,184,0
2216611,335,335,0,931,12,-3454,-1526,-1440,-104,282,123,238,177,0
2219951,335,335,425,1100,-95,-2675,-1421,-1562,-96,-56,242,220,184,0
2223280,336,336,293,931,106,-3057,-1163,-1679,-78,75,160,211,177,0
2226613,337,336,218,1212,-66,-2917,-1248,-1791,-114,113,155,215,178,0
2229951,337,337,537,1268,-332,-2633,-732,-1884,-112,-35,173,214,175,0
2233283,338,337,68,1325,-567,-2839,-494,-1962,-285,-5,108,223,172,0
2236617,339,338,0,1456,-1351,-2967,-579,-2027,-214,48,109,228,165,0
2239974,339,339,218,950,-2020,-2652,-314,-2068,-172,88,152,215,176,0
2243285,340,339,200,1193,-2345,-2128,131,-2075,-26,99,208,216,179,0
2246620,341,340,0,781,-2087,-1565,558,-2050,-12,78,200,222,185,0
2249978,341,340,368,950,-1384,-894,907,-1999,418,-97,343,207,192,0
2253289,342,341,481,968,506,-815,1692,-1912,178,11,246,201,191,0
2256624,343,341,181,893,2169,-587,2078,-1783,-74,-72,-30,201,195,0
2259978,343,342,256,743,2597,-975,2917,-1615,54,60,145,203,193,0
2263292,344,343,0,631,2831,-1082,3018,-1440,42,246,224,208,183,0
2266626,345,343,593,968,3667,-803,3215,-1264,9,236,54,185,181,0
2269984,345,344,500,818,4777,-188,3310,-1090,-427,278,207,190,189,0
2273295,346,344,443,818,3670,990,2714,-933,-329,60,360,177,189,0
2276629,346,345,518,837,2479,2632,2338,-781,-219,467,309,189,188,0
2279985,347,345,31,706,1801,4484,2371,-615,-257,-42,42,199,195,0
2283299,347,346,481,575,1100,5331,1622,-456,-86,-35,54,191,202,0
2286632,348,347,106,218,232,5047,1030,-302,-162,38,266,195,205,0
2289985,348,347,762,518,-754,5452,946,-138,53,-60,9,176,205,0
2293301,349,348,106,31,-960,5787,983,14,-150,-58,-32,195,215,0
2296635,350,349,425,368,-2254,6139,877,159,-79,117,117,194,197,0
2299985,350,349,87,106,-3415,6131,891,283,-18,96,-20,196,211,0
2303304,351,350,0,425,-4082,5377,737,391,131,-21,225,206,194,0
2306639,351,351,406,481,-3809,3883,1182,511,-218,-93,327,179,175,0
2309985,352,351,406,987,-4290,1898,1180,625,-157,-98,318,179,164,0
2313307,352,351,462,1043,-5195,522,1557,753,-629,-104,590,176,161,0
2316642,353,352,237,1025,-6008,-913,1012,868,-345,-146,602,188,162,0
2319986,353,353,593,1025,-8590,-1346,-17,930,329,0,99,195,172,0
2323311,354,353,350,818,-6627,-2122,-183,972,159,77,195,192,183,0
2326646,355,354,331,462,-4905,-2915,-231,1009,471,122,147,193,202,0
2329985,355,354,87,200,-1708,-2793,-663,1025,123,55,162,206,216,0
2333314,356,355,0,368,-158,-2669,-1218,1026,-71,64,79,213,207,0
2336648,357,356,106,293,-86,-2915,-1400,1005,-286,95,98,205,195,0
2339986,357,356,218,556,-1660,-2940,-1229,982,41,198,327,199,197,0
2343317,358,357,0,743,-1727,-2081,-869,973,10,218,355,216,187,0
2346651,358,357,31,743,-1146,-1256,-708,960,-61,213,311,209,187,0
2350010,359,358,31,837,-1690,-424,-40,955,23,232,239,209,182,0
2353320,360,359,0,593,-2366,208,487,953,92,244,262,214,179,0
2356655,360,359,200,856,-2201,877,1160,961,93,242,200,200,181,0
2360012,361,360,125,893,-1908,1523,1826,965,136,169,188,204,179,0
2363323,362,360,0,406,-1373,2103,2584,981,156,55,196,204,205,0
2366658,362,361,200,668,-461,2496,3224,990,134,118,195,200,191,0
2370012,363,361,31,706,405,2660,3945,1019,92,86,134,193,189,0
2373327,363,362,650,593,969,2936,4329,1054,-290,-410,865,176,195,0
2376662,364,363,556,593,377,2911,4651,1096,311,-451,730,181,195,0
2380012,364,363,1006,500,627,2145,4604,1155,613,-255,111,157,200,0
2383330,365,364,612,331,3129,665,4769,1231,284,-52,210,165,196,0
2386664,365,365,762,143,4137,-508,4418,1295,31,8,163,157,206,0
2390012,366,365,556,143,4029,-1593,3731,1361,-33,6,-25,168,206,0
2393333,366,366,612,0,3314,-1958,2926,1420,-45,-98,-5,165,198,0
2396667,367,366,781,275,2342,-2045,1993,1453,30,-132,155,156,199,0
2400013,367,367,837,0,608,-2686,718,1445,96,-128,242,153,201,0
2403337,367,368,1231,0,74,-3264,-61,1415,-41,63,253,148,198,0
2406671,368,368,631,87,-198,-3384,-1109,1353,-110,139,283,164,193,0
2410013,368,369,1100,143,-779,-2362,-2521,1251,-73,119,1274,155,190,0
2413340,369,369,893,425,296,466,-3817,1095,18,16,332,166,191,0
2416675,369,370,1250,106,538,1379,-4426,920,426,-51,246,147,192,0
2420013,370,371,950,443,1189,846,-4872,719,148,39,217,163,174,0
2423343,370,371,1250,443,1788,883,-4664,541,-20,-89,203,147,174,0
2426677,371,372,1081,518,1497,92,-5222,379,-42,42,137,156,186,0
2430013,371,372,593,162,1461,-1102,-4990,228,-179,39,97,182,189,0
2433347,372,373,125,481,1023,-1671,-5015,79,-158,4,77,207,172,0
2436681,372,373,293,575,960,-1844,-5079,-58,-191,192,5,198,167,0
2440038,373,374,331,743,-381,-1208,-4702,-167,-71,48,40,196,158,0
2443349,374,374,106,706,-1174,-977,-4541,-265,-218,173,149,192,160,0
2446684,374,375,593,800,-1884,-982,-3930,-350,-143,156,67,195,168,0
2450042,375,375,537,931,-3080,-877,-3572,-434,-118,154,81,198,177,0
2453353,375,376,518,518,-3731,-576,-3205,-512,194,14,225,199,183,0
2456687,376,376,312,800,-3137,-501,-2807,-599,-87,188,279,210,184,0
2460042,377,377,312,443,-2768,-187,-2152,-681,-138,85,197,194,187,0
2463356,377,377,743,762,-2895,-36,-1918,-777,-39,37,207,187,186,0
2466690,378,378,218,387,-2766,-63,-1338,-876,-204,117,290,199,190,0
2470047,378,378,781,856,-2835,-253,-1186,-994,-76,82,304,185,181,0
2473359,379,379,462,556,-2493,-54,-1025,-1127,57,52,354,202,197,0
2476694,379,380,837,162,-1959,346,-831,-1276,148,-60,276,182,202,0
2480050,380,380,725,350,-763,618,-988,-1442,222,0,251,188,208,0
2483362,381,381,556,50,-682,733,-812,-1613,-33,207,130,181,208,0
2486696,381,382,443,0,-1530,830,-552,-1774,318,-189,161,203,215,0
2490051,382,382,350,50,1140,328,-414,-1936,495,-7,331,208,224,0
2493365,382,383,762,0,3389,406,-146,-2078,-361,105,22,186,215,0
2496700,383,384,443,181,2304,1105,-201,-2201,-227,-8,67,203,201,0
2500051,384,384,218,256,936,1610,-53,-2294,413,-53,494,199,197,0
2503368,384,385,781,312,3284,1709,187,-2351,251,37,265,185,194,0
2506703,385,385,462,200,4978,1894,582,-2355,217,-28,357,192,206,0
2510051,385,386,706,0,5286,3067,1202,-2316,69,-171,485,179,206,0
2513372,386,387,518,143,5070,3527,1524,-2233,-29,-144,266,189,193,0
2516706,386,387,687,0,4596,3187,1589,-2105,-91,-41,229,180,213,0
2520051,387,388,481,0,4401,2586,1487,-1939,-527,-278,624,191,210,0
2523375,388,389,218,0,3566,1330,1292,-1761,32,109,198,189,219,0
2526709,388,389,575,0,4749,1693,1397,-1565,-254,26,326,186,216,0
2530051,389,390,31,0,4185,1963,1199,-1381,-268,-134,115,199,234,0
2533378,389,391,706,0,2529,2097,896,-1190,-219,-153,32,179,224,0
2536712,390,392,50,0,1458,1564,455,-1020,-214,-41,63,198,228,0
2540052,390,392,912,0,-711,1184,421,-850,-223,-9,195,168,210,0
2543381,391,393,368,0,-2558,449,104,-688,43,-142,153,181,180,0
2546716,391,393,800,500,-2836,-1057,-286,-550,-171,-81,212,174,158,0
2550073,392,394,500,818,-3179,-2007,-169,-414,-118,11,172,190,141,0
2553385,392,394,650,781,-3611,-2635,-470,-305,-169,-35,69,182,143,0
2556719,393,395,406,950,-3895,-3236,-882,-221,-88,-3,114,195,150,0
2560076,394,395,162,612,-3494,-3629,-1001,-153,-102,178,177,192,152,0
2563388,394,395,593,856,-3449,-3597,-1213,-103,-69,166,188,185,155,0
2566723,395,396,406,593,-3388,-3117,-1333,-77,32,250,141,179,153,0
2570077,395,396,762,1043,-2894,-2514,-1465,-63,-138,207,254,186,155,0
2573391,396,397,256,593,-3307,-2027,-1419,-65,-164,219,297,197,163,0
2576725,396,397,500,1025,-3773,-1284,-1384,-72,29,237,254,200,156,0
2580077,397,398,425,950,-4281,-645,-1129,-75,-72,263,336,204,160,0
2583394,398,398,181,1025,-4184,133,-746,-72,180,55,479,201,156,0
2586729,398,399,575,1325,-3362,629,241,-34,209,209,472,196,156,0
2590077,399,399,68,950,-1752,1274,1357,33,-180,149,247,207,160,0
2593397,399,399,743,1193,-2314,1727,2292,122,-297,22,75,187,163,0
2596732,400,400,31,893,-3796,1415,3163,234,103,-1,36,209,163,0
2600077,401,400,0,950,-3872,1111,3591,350,267,15,28,217,176,0
2603400,401,401,462,556,-3140,1031,3895,478,322,-25,61,202,197,0
2606735,402,402,143,443,-1058,1109,4471,620,102,65,51,203,187,0
2610077,403,402,218,706,-14,780,4418,752,141,66,-21,199,189,0
2613404,403,403,87,500,176,1134,4606,878,-129,5,344,206,184,0
2616739,404,403,125,368,1538,1951,5022,997,369,223,85,204,207,0
2620078,404,404,762,312,2855,2293,4843,1101,40,79,67,186,210,0
2623407,405,405,143,12,3264,2638,5101,1211,144,75,76,203,210,0
2626742,406,405,575,181,2727,3064,4481,1304,-454,-170,458,196,217,0
2630128,406,406,425,181,-1449,2552,3170,1363,-191,-17,425,191,204,0
2633410,407,407,237,200,1073,1721,2324,1392,-277,-297,355,185,187,0
2636745,407,407,575,368,185,926,1508,1401,299,-246,497,167,178,0
2640102,408,408,481,218,311,301,576,1391,341,-558,589,172,186,0
2643413,408,408,987,500,963,-738,22,1378,-24,-43,413,161,187,0
2646747,409,409,781,331,510,-126,-949,1335,-89,125,127,156,180,0
2650102,409,409,1268,537,-443,1375,-1739,1278,330,-155,366,146,185,0
2653416,409,410,1418,368,447,1585,-1995,1224,201,-319,496,138,178,0
2656751,410,410,1043,687,1880,1016,-1507,1182,9,-34,233,158,177,0
2660103,410,411,1175,443,1412,1154,-1733,1143,82,-231,156,151,174,0
2663419,411,411,1231,631,872,731,-2159,1103,135,-272,395,148,180,0
2666755,411,412,1362,387,998,-460,-1899,1075,-54,-65,318,141,177,0
2670103,412,412,968,743,334,-307,-2026,1049,-33,-28,134,162,174,0
2673423,412,413,706,500,-704,479,-1963,1030,-82,-49,76,176,171,0
2676757,413,413,706,893,-1326,1526,-1748,1021,-56,93,231,176,166,0
2680104,413,414,631,368,-1063,1847,-1714,1012,-3,8,98,180,178,0
2683427,414,414,706,687,-751,2015,-1176,1018,-125,-97,217,176,177,0
2686760,414,415,893,518,-771,1662,-1195,1016,74,-40,204,166,170,0
2690103,415,415,837,781,-549,624,-752,1016,-112,-131,108,169,172,0
2693430,415,416,2281,1756,-103,-633,-265,1000,26,-48,12,169,181,0
2696763,416,417,781,650,-443,-1932,222,965,147,2,91,233,224,0
2700105,417,417,1006,650,294,-2513,383,905,63,-138,43,221,240,0
2703432,417,418,1268,275,1773,-2899,1061,839,19,88,13,207,244,0
2706767,418,419,1025,293,2344,-2851,1671,779,-322,-8,38,220,243,0
2710104,419,420,593,106,326,-3161,2018,721,-123,84,34,227,237,0
2713436,419,421,1250,162,-1245,-3459,2145,648,65,71,175,208,234,0
2716794,420,421,1118,556,-1782,-3254,2164,578,383,120,1,215,229,0
2720128,421,422,725,50,-441,-2860,2131,500,373,120,153,220,240,0
2723440,421,423,1156,293,1128,-2000,2331,416,202,49,409,213,227,0
2726797,422,424,668,0,1616,-1063,3009,359,8,-41,430,223,239,0
2730129,423,424,612,31,-149,-1043,3156,298,-496,-254,764,226,241,0
2733442,424,425,931,68,-1243,-1039,3106,255,603,-190,538,225,239,0
2736800,424,426,762,0,1235,-1462,3629,269,611,-57,326,218,236,0
2740129,425,427,725,0,4835,-543,4047,323,-387,-164,527,220,227,0
2743445,426,427,631,31,4625,-93,4064,403,-100,19,446,209,225,0
2746804,426,428,912,275,3743,8,4305,520,-477,-17,366,210,212,0
2750130,427,429,631,425,2340,255,4099,647,-41,-54,245,225,204,0
2753448,428,429,500,200,3040,723,4528,818,601,47,216,216,216,0
2756807,428,430,500,0,6165,1070,5105,1032,-747,-9,73,222,225,0
2760130,429,431,87,0,3401,1242,4627,1239,-593,-68,8,228,215,0
2763452,430,431,162,0,-56,1665,4017,1412,470,-107,-31,224,223,0
2766810,430,432,425,0,2653,1244,3793,1584,-72,31,23,210,219,0
2770130,431,433,462,0,2557,1272,3580,1764,-125,30,235,208,208,0
2773455,432,433,443,0,1895,1274,3005,1917,383,79,231,193,213,0
2776813,432,434,987,0,2539,776,1996,2043,-232,36,298,180,202,0
2780130,433,435,931,256,2230,808,1928,2164,-469,118,160,183,187,0
2783458,433,435,1043,387,196,94,1277,2259,-132,-44,213,177,180,0
2786813,434,436,1043,668,-999,-2090,226,2319,-130,246,153,177,165,0
2790130,434,436,1381,706,-963,-2366,-165,2351,-316,-167,41,159,163,0
2793462,435,437,1156,893,-1787,-1780,-468,2374,-2,177,199,171,153,0
2796817,435,437,1362,968,-1502,-2426,-1719,2343,-174,234,184,160,149,0
2800152,436,437,1175,1268,-1665,-2389,-2149,2285,-215,291,263,170,149,0
2803464,436,438,1287,968,-2019,-2144,-2551,2198,-251,166,205,164,149,0
2806821,437,438,1043,1250,-3544,-2654,-2996,2092,-170,135,236,177,150,0
2810155,437,439,1156,800,-3950,-3075,-2837,1971,-128,351,259,171,158,0
2813468,438,439,1025,1175,-4122,-3503,-2605,1837,-73,372,250,178,154,0
2816849,438,439,1625,1625,-4239,-3734,-2445,1697,-147,389,214,172,156,0
2820155,439,440,1137,1231,-4944,-3952,-2421,1555,-90,336,280,182,161,0
2823471,440,440,1512,1493,-5430,-3526,-1692,1434,244,323,500,178,163,0
2826821,440,441,1137,1025,-4464,-2463,-273,1359,18,380,319,182,172,0
2830155,441,441,1268,1062,-4350,-1748,376,1298,-164,324,42,175,186,0
2833475,441,442,837,762,-5270,-872,276,1213,117,181,215,198,186,0
2836822,442,443,537,818,-5576,69,788,1139,130,160,204,214,183,0
2840156,443,443,743,893,-5388,101,1059,1075,99,-320,-19,203,195,0
2843477,443,444,462,387,-4919,186,1151,997,265,-83,-37,218,206,0
2846822,444,444,200,612,-3734,322,1569,920,-6,-21,-5,232,210,0
2850156,445,445,50,68,-3669,299,1683,845,-71,-164,-79,224,223,0
2853480,445,446,368,368,-4110,-488,1921,771,1183,113,725,223,207,0
2856822,446,447,350,443,31,-185,2594,724,11,366,188,224,203,0
2860157,447,447,12,181,1027,403,3084,679,-107,23,-1,226,217,0
2863483,447,448,631,181,1085,1160,3153,618,500,8,201,209,217,0
2866822,448,449,331,0,3440,2140,3088,570,309,53,102,209,218,0
2870156,449,449,312,12,4850,3041,3409,551,408,-64,26,210,226,0
2873487,449,450,556,0,6420,3374,3351,537,-65,15,45,197,215,0
2876844,450,451,237,0,6150,3487,2957,517,76,-54,67,214,213,0
2880178,451,451,275,31,6089,3017,2947,516,235,-6,-1,199,212,0
2883490,451,452,443,0,6907,2976,2799,541,-222,194,-186,190,202,0
2886847,452,453,725,0,7084,3590,2777,567,428,-56,253,175,199,0
2890181,452,453,987,0,7830,2979,2486,605,468,-198,169,161,204,0
2893493,453,454,1100,106,9843,1519,2304,670,-702,7,164,155,192,0
2896847,453,454,987,68,6988,109,1450,720,-1932,-508,613,161,194,0
2900182,454,455,1043,575,-1565,-1160,-687,713,88,-517,1056,158,167,0
2903496,454,455,1043,668,-5158,-1916,-1673,715,296,-40,636,158,162,0
2906847,454,456,1606,875,-3950,-729,-3026,688,280,39,392,144,151,0
2910182,455,456,987,631,-2771,556,-3695,652,144,-12,310,161,164,0
2913500,455,457,1475,650,-1099,490,-3259,644,364,6,436,151,163,0
2916848,456,457,743,612,796,459,-2144,665,-132,28,235,174,165,0
2920182,456,458,1175,837,847,398,-1916,687,-370,10,154,167,153,0
2923503,457,458,425,931,-437,231,-1744,709,-251,-64,310,191,148,0
2926848,457,458,725,1287,-1771,190,-1692,731,-277,-86,279,191,145,0
2930183,458,459,331,725,-2115,-363,-1387,741,7,-53,108,196,159,0
2933506,459,459,687,1006,-1767,-905,-1212,712,27,105,26,177,160,0
2936848,459,460,912,800,-1971,-703,-1468,654,106,70,106,181,171,0
2940183,460,460,387,368,-1834,-575,-1575,596,191,183,91,193,194,0
2943509,460,461,1118,575,-1003,-468,-1840,514,-21,42,94,183,196,0
2946849,461,462,500,0,-931,-362,-1891,422,-16,112,45,200,212,0
2950183,462,462,443,87,-1119,-152,-1550,337,73,164,109,203,222,0
2953513,462,463,368,0,-803,291,-1622,238,188,215,104,207,219,0
2956870,463,464,387,0,-91,753,-1461,139,95,145,31,206,214,0
2960205,463,464,818,125,274,1197,-1624,29,8,51,67,199,220,0
2963516,464,465,312,12,187,1431,-1851,-109,-67,-91,28,210,210,0
2966874,465,466,12,200,194,1063,-1981,-268,4,13,-14,226,200,0
2970207,466,466,0,68,406,1056,-2008,-429,-183,-112,83,227,207,0
2973520,466,467,0,350,497,1388,-2207,-594,-334,-154,-64,227,192,0
2976874,467,468,0,200,-1284,1091,-1990,-763,126,-240,140,229,200,0
2980207,468,468,0,125,-1599,647,-1600,-918,329,-252,423,216,204,0
2983522,468,469,275,462,-118,219,-1076,-1044,55,-89,277,212,186,0
2986874,469,469,0,518,733,-354,-413,-1149,-48,-16,314,221,183,0
2990208,470,470,0,818,587,-195,123,-1232,-88,-86,516,212,167,0
2993526,470,470,500,781,393,79,1026,-1287,171,-103,584,184,169,0
2996874,471,471,425,856,258,-91,930,-1336,-62,-95,571,188,165,0
3000207,471,471,1062,1118,-648,2,931,-1379,65,-268,560,170,167,0
