Time, Rlegs, Llegs, DCL, DCR, GyroX, GyroY, GyroZ, GyroZAvg, AccelX, AccelY, AccelZ, LBEMF, RBEMF, SteerOut
3167,1026,1046,3218,0,-123,-74,241,241,-22,-31,227,87,87,0
6501,1026,1046,3237,0,-121,-75,242,241,-25,-27,225,86,86,0
9818,1026,1046,3218,0,-121,-76,243,241,-18,-32,230,87,87,0
13167,1026,1046,3218,0,-125,-74,241,241,-23,-30,228,87,87,0
16501,1026,1046,3237,0,-124,-77,240,241,-22,-28,220,86,87,0
19820,1026,1046,3218,0,-121,-78,241,241,-21,-32,224,87,86,0
23167,1026,1046,3237,0,-122,-78,241,241,-24,-27,222,86,87,0
26502,1026,1046,3237,0,-125,-78,241,241,-21,-32,225,86,87,0
29824,1026,1046,3218,0,-124,-79,241,241,-23,-28,230,87,86,0
33168,1026,1046,3218,0,-123,-79,242,241,-19,-32,223,87,87,0
36503,1026,1046,3218,0,-122,-80,240,241,-23,-29,228,87,87,0
39826,1026,1046,3218,0,-122,-79,243,241,-24,-28,226,87,87,0
43168,1026,1046,3218,0,-120,-78,239,241,-21,-30,231,87,87,0
46502,1026,1046,3218,0,-125,-77,241,241,-27,-27,221,87,87,0
49830,1026,1046,3218,0,-127,-75,241,241,-23,-32,226,87,87,0
53168,1026,1046,3218,0,-119,-76,243,241,-24,-26,227,87,87,0
56502,1026,1046,3218,0,-124,-76,243,241,-21,-29,230,87,86,0
59833,1026,1046,3218,0,-120,-75,242,241,-22,-32,221,87,87,0
63168,1026,1046,3218,0,-123,-77,241,241,-22,-29,226,87,87,0
66503,1026,1046,3218,0,-122,-78,242,241,-22,-29,228,87,87,0
69836,1026,1046,3218,0,-123,-78,242,241,-22,-28,227,87,87,0
73189,1026,1046,3218,0,-124,-75,241,241,-24,-31,223,87,87,0
76526,1026,1046,3218,0,-121,-77,242,241,-22,-27,221,87,86,0
79839,1026,1046,3218,0,-122,-74,243,241,-24,-31,223,87,87,0
83193,1026,1046,3218,0,-123,-73,241,241,-24,-30,225,87,87,0
86526,1026,1046,3218,0,-121,-73,244,241,-22,-33,229,87,87,0
89843,1026,1046,3218,0,-121,-76,244,241,-24,-29,227,87,87,0
93193,1026,1046,3218,0,-121,-78,243,241,-20,-30,227,87,87,0
96527,1026,1046,3218,0,-119,-79,243,241,-25,-26,228,87,86,0
99846,1026,1046,3237,0,-122,-78,243,241,-23,-29,225,86,87,0
103259,0,0,818,818,-124,-77,243,241,-24,-29,228,87,87,0
106527,0,0,818,818,-121,-79,243,241,-25,-26,227,87,87,0
109849,0,0,818,818,-122,-76,240,241,-22,-24,221,87,87,0
113194,0,0,818,818,-122,-79,240,241,-20,-29,229,87,87,0
116527,0,0,818,818,-123,-78,241,241,-23,-31,222,87,87,0
119853,0,0,818,818,-126,-77,241,241,-23,-27,221,87,87,0
123194,0,0,837,837,-123,-76,243,241,-23,-29,227,86,86,0
126527,0,0,837,818,-126,-78,238,241,-21,-27,227,86,87,0
129855,0,0,818,818,-122,-77,240,241,-25,-27,228,87,87,0
133194,0,0,818,818,-125,-79,242,241,-23,-30,224,87,87,0
136527,0,0,818,818,-123,-78,242,241,-19,-29,227,87,87,0
139859,0,0,818,818,-123,-76,243,241,-19,-29,225,87,87,0
143195,0,0,818,818,-123,-78,244,241,-21,-32,226,87,87,0
146527,0,0,818,818,-122,-78,242,241,-24,-27,226,87,87,0
149862,0,0,818,818,-124,-79,241,241,-22,-28,229,87,87,0
153216,0,0,818,818,-124,-77,240,241,-27,-29,229,87,87,0
156530,0,0,818,837,-123,-79,242,241,-21,-30,228,87,86,0
159865,0,0,818,818,-122,-76,244,241,-21,-31,224,87,87,0
163219,0,0,837,818,-122,-76,243,241,-22,-27,230,86,87,0
166552,0,0,818,818,-124,-77,243,242,-21,-27,224,87,87,0
169868,0,0,818,818,-124,-76,242,242,-21,-27,227,87,87,0
173219,0,0,837,818,-121,-77,244,242,-24,-28,222,86,87,0
176556,0,0,818,837,-120,-75,243,242,-21,-29,221,87,86,0
179871,0,0,818,818,-121,-76,243,242,-24,-27,226,87,87,0
183220,0,0,818,837,-121,-77,242,242,-21,-27,229,87,86,0
186561,0,0,837,818,-122,-76,241,242,-23,-28,229,86,87,0
189874,0,0,818,818,-123,-77,242,242,-21,-28,225,87,87,0
193220,0,0,818,837,-124,-74,241,242,-25,-28,228,87,86,0
196562,0,0,818,818,-121,-74,244,242,-18,-33,222,87,87,0
199878,0,0,818,818,-125,-76,243,242,-26,-28,225,87,87,0
203223,0,0,2618,2618,-123,-76,243,242,-26,-37,223,87,87,0
206565,1,0,237,856,-175,-213,259,242,-106,-31,225,214,197,0
209882,2,1,518,800,-539,-212,213,241,-57,9,236,215,200,0
213223,2,1,631,762,-656,193,259,242,-5,-25,223,225,234,0
216565,3,2,781,818,-506,392,358,245,-59,-162,278,217,231,0
219885,3,3,950,762,-726,334,318,248,-19,-65,325,224,234,0
223224,4,3,875,687,-979,118,377,252,83,-106,294,228,254,0
226565,4,4,1175,537,-737,-71,251,252,-17,-87,357,228,262,0
229887,5,5,856,443,-643,-252,104,248,-67,-88,340,245,267,0
233245,6,5,706,556,-1273,-1069,-213,234,-131,-7,323,249,273,0
236565,6,6,1343,481,-1634,-1702,-478,211,129,-10,487,231,277,0
239890,7,7,1512,687,-1741,-2242,-766,180,58,34,399,222,266,0
243248,7,8,1925,556,-1124,-2599,-947,143,62,2,320,216,273,0
246566,8,9,2000,443,-879,-2403,-1110,101,-65,36,293,212,279,0
249894,9,9,2037,706,-1121,-1875,-1203,55,260,-62,326,210,281,0
253250,9,10,2262,631,553,-2186,-899,20,221,-254,276,214,285,0
256566,10,11,1756,987,1841,-3201,-954,-17,-389,96,31,241,266,0
259897,10,12,2018,968,458,-3585,-848,-51,14,237,116,243,267,0
263277,11,12,1906,1625,-41,-3281,-840,-85,-68,305,174,285,284,0
266566,12,13,1362,1550,113,-3486,-1208,-130,-25,235,168,314,288,0
269900,13,14,1156,1531,-39,-3705,-1284,-178,-391,266,126,325,289,0
273249,14,15,1568,1568,-2601,-3464,-1729,-239,-192,358,116,303,287,0
276592,15,16,1287,1512,-3922,-2621,-1482,-293,-107,293,201,318,290,0
279904,16,17,1081,1268,-4502,-2642,-1556,-349,-229,401,200,329,303,0
283250,17,17,1062,1868,-5246,-2478,-1924,-417,-47,363,137,346,303,0
286592,18,18,1062,1681,-5376,-2496,-1959,-486,-575,344,-109,346,313,0
289908,19,19,762,1456,-7439,-1944,-1610,-544,423,387,257,362,325,0
293250,20,20,518,1456,-7107,-1611,-524,-568,369,231,347,375,325,0
296592,21,21,312,1062,-5386,-465,120,-572,134,121,56,366,326,0
299910,23,22,631,912,-4870,86,1126,-544,381,147,180,349,334,0
303250,24,23,631,1081,-2134,1499,2435,-475,684,268,203,333,325,0
306593,25,25,612,387,1311,2791,3899,-361,569,-59,243,334,346,0
309913,26,25,500,537,3491,3194,4512,-228,179,90,-20,340,354,0
313271,27,27,593,312,5173,3369,4674,-90,385,-52,94,351,366,0
316593,28,28,762,312,6501,3175,4811,53,137,76,5,342,366,0
319916,29,29,987,518,7565,2695,3827,164,356,-97,229,330,355,0
323275,30,30,1343,781,8716,2419,2149,220,386,71,-102,311,341,0
326593,31,31,1812,1175,10031,1900,1349,253,673,-149,40,306,340,0
329919,32,32,1381,781,11839,151,435,254,-293,405,-78,329,361,0
333275,33,33,612,462,9899,35,835,273,-307,-5,-51,370,378,0
336594,34,35,387,687,8024,-34,746,293,-601,332,-110,382,350,0
339923,35,36,481,912,4515,-45,1419,344,-726,-17,23,377,338,0
343275,36,37,762,1231,-704,-1126,798,384,-211,-183,85,378,337,0
346593,38,38,87,1062,-3759,-1510,1229,446,-403,86,93,398,346,0
349926,39,39,293,668,-5754,-805,1567,525,274,15,310,387,367,0
353275,40,40,218,406,-4862,-848,2127,626,-515,0,-231,391,381,0
356646,41,41,181,87,-7579,-741,2455,740,-261,114,-165,389,394,0
359929,42,43,0,0,-10539,-610,2116,834,83,-165,-37,393,385,0
363276,44,44,0,331,-9976,-978,2956,956,-29,-151,95,384,365,0
366621,45,45,106,575,-8715,-1510,3761,1100,1408,-852,1302,377,352,0
369932,46,46,706,687,-91,-2307,4681,1273,808,-569,1054,345,346,0
373276,47,47,1962,706,8371,-3966,6094,1501,-1,139,240,278,345,0
376622,48,48,2056,518,8662,-3397,6127,1733,-76,38,-57,273,355,0
379935,49,49,1475,425,6793,-1752,6065,1976,-412,-149,98,320,360,0
383276,50,50,387,556,3390,1036,5904,2207,-1004,528,48,362,353,0
386622,51,52,0,312,30,3873,4516,2397,321,222,558,385,350,0
389938,52,53,537,762,-21,5290,3389,2563,-586,338,216,374,346,0
393276,53,54,1718,1306,-1661,6676,2866,2714,-360,155,506,327,333,0
396623,54,55,2150,1550,-3129,5350,2735,2849,-281,-255,628,304,320,0
399942,55,56,1943,2037,-6029,2300,2106,2932,-285,-324,589,315,310,0
403300,56,56,1531,1906,-8629,-2405,957,2958,-72,216,443,337,317,0
406623,57,57,1400,1606,-8062,-3848,82,2925,87,605,-107,344,333,0
409945,58,59,1306,518,-6764,-3333,-92,2846,229,22,-93,349,375,0
413300,59,60,1381,312,-5754,600,518,2741,512,-426,248,361,402,0
416623,60,61,743,368,-4476,-404,1700,2653,-553,346,-154,395,399,0
419948,62,63,12,143,-5996,-68,1463,2552,-322,-10,-100,398,391,0
423300,63,64,125,68,-3645,-564,-88,2399,-145,-452,42,392,379,0
426624,64,65,256,181,-2142,-2377,-490,2264,1037,-81,586,385,373,0
429951,65,66,331,31,-2043,-3550,842,2224,1847,62,1210,381,381,0
433300,67,67,425,218,3623,-585,2155,2249,282,265,279,360,371,0
436623,68,69,500,0,4323,1983,2270,2306,-108,-115,141,356,375,0
439954,69,70,762,31,4024,1472,2601,2361,508,-108,221,342,381,0
443301,70,71,1175,125,6471,-180,3035,2433,-25,191,208,336,376,0
446624,71,72,1118,106,7392,-465,2526,2467,-352,-127,-3,323,361,0
449958,72,73,2131,987,7542,-1683,2127,2509,150,200,-112,305,350,0
453301,73,74,968,987,8266,-2001,1691,2523,166,-14,87,367,350,0
456627,74,75,462,950,9186,-1776,994,2505,-371,-277,-276,394,352,0
459961,75,76,387,875,7642,-1948,1480,2485,-308,163,146,398,356,0
463302,76,78,500,668,4773,-2133,2023,2472,-7,-85,51,392,351,0
466631,78,79,556,668,4280,-2149,2208,2475,-496,208,102,373,351,0
469965,79,80,1137,856,1851,-2628,2572,2463,-457,126,81,358,357,0
473302,80,81,1175,706,-1683,-3351,2241,2415,-392,221,-91,356,365,0
476633,81,82,1006,556,-4061,-3545,2070,2333,-110,231,66,365,373,0
479968,82,83,800,668,-4414,-4202,2071,2208,11,296,231,376,367,0
483326,83,85,0,0,-4529,-2738,2327,2089,-300,373,67,404,370,0
486636,85,86,0,31,-5053,-2017,2385,1974,1064,-530,714,395,365,0
489970,86,87,31,368,-3055,-2373,2973,1882,-90,330,586,381,347,0
493328,87,88,518,1062,-1829,223,1557,1790,320,-174,679,371,326,0
496639,88,89,987,1081,-330,1661,1805,1740,77,-44,586,346,325,0
499974,89,90,950,1081,1058,4862,1302,1692,256,108,734,348,325,0
503329,90,91,1437,818,3608,8037,265,1614,149,-131,561,322,339,0
506643,91,92,1268,818,6344,9232,316,1558,165,217,622,331,339,0
509978,92,93,1268,856,9333,9683,257,1537,215,95,205,331,337,0
513335,93,94,1981,1006,9198,9936,-492,1519,-537,84,116,313,349,0
516646,94,95,1475,1568,6951,8859,287,1530,-1083,-979,39,340,319,0
519981,95,96,1025,2150,-1129,6201,518,1530,-284,-523,585,364,288,0
523335,96,97,1850,2168,-6278,1333,345,1488,-59,-512,246,336,303,0
526649,97,98,1812,2018,-5144,-1703,1280,1482,451,130,761,338,311,0
529983,98,99,1381,2393,-1339,-2649,1563,1534,24,-93,137,361,307,0
533335,100,99,818,2075,-3334,-6137,2216,1619,211,220,86,375,324,0
536652,101,100,593,1568,-2207,-6674,2696,1677,-338,-299,-52,387,351,0
539986,102,102,293,1006,-3485,-7978,2514,1688,270,223,-82,403,365,0
543336,103,103,0,387,-4715,-7467,3517,1727,66,-100,-157,423,394,0
546655,105,104,0,818,-4038,-7460,4394,1783,351,-524,278,406,371,0
549990,106,105,387,1175,-672,-7687,4379,1825,-435,217,-14,378,352,0
553336,107,106,612,950,-2859,-5233,5141,1906,-1,114,294,366,364,0
556658,108,107,743,743,-2636,-3058,5420,2009,876,-154,261,359,375,0
559993,109,109,668,87,2212,-1643,6123,2148,277,153,314,363,394,0
563336,110,110,537,0,7571,-1535,5063,2275,-662,267,-67,370,399,0
566662,112,111,68,50,6244,-636,3092,2325,-770,264,-189,379,396,0
569996,113,113,331,387,3709,-27,1932,2323,-327,-201,457,365,378,0
573367,114,114,1475,1175,5068,200,-155,2249,63,128,141,340,356,0
576665,115,115,1212,1418,6161,963,-1249,2129,203,228,93,354,343,0
579999,116,116,1043,1625,8105,2687,-3480,1951,58,331,-223,363,332,0
583336,117,117,1700,1775,8089,4533,-5148,1725,-240,231,83,328,324,0
586668,118,118,1925,2056,7346,4309,-6437,1459,-181,-60,287,316,309,0
590002,119,119,1756,2075,6190,2886,-7746,1144,-250,-463,483,325,308,0
593361,120,119,1662,2768,2825,110,-8340,809,-513,57,295,346,303,0
596671,121,120,875,2862,-486,-262,-8865,439,-639,300,192,388,298,0
600006,123,121,368,1887,-4512,-343,-8940,111,-259,-65,111,415,350,0
603363,124,122,0,781,-8300,487,-7900,-191,-332,206,-95,421,409,0
606674,125,123,0,2093,-8714,1157,-6490,-435,-12,246,75,407,319,0
610009,126,124,68,1981,-8295,774,-4851,-595,-39,87,-180,395,325,0
613363,128,125,0,1568,-9472,-151,-4821,-755,-185,24,-239,393,347,0
616678,129,126,31,1437,-9520,-1164,-4277,-897,417,-2,-110,381,354,0
620012,130,127,12,1306,-8132,-2463,-3183,-981,121,-242,67,382,361,0
623362,131,128,706,1662,-6860,-3438,-1498,-1037,332,-246,764,361,358,0
626681,132,129,968,1775,-4146,-4513,-828,-1079,431,-15,648,347,352,0
630015,133,130,1175,1812,-1835,-4101,163,-1084,311,519,455,336,350,0
633363,134,131,1700,1381,1858,-1566,227,-1117,504,112,519,308,373,0
636684,135,133,2150,1512,4661,-90,98,-1163,188,322,772,304,370,0
640018,136,134,1643,1081,6520,780,352,-1221,-335,71,449,331,393,0
643364,137,135,1606,1250,5329,1872,-349,-1316,-443,401,189,333,384,0
646688,138,137,1175,1062,4114,3972,37,-1394,-547,113,-51,356,394,0
650022,139,138,781,575,2142,7194,1257,-1464,138,-168,252,377,404,0
653364,141,139,575,893,-828,7210,1525,-1554,1065,-324,435,388,403,0
656690,142,140,612,875,935,5673,1286,-1651,-240,-114,247,386,404,0
660025,143,142,181,1681,1229,3151,1179,-1775,-207,3,151,409,361,0
663364,144,143,106,1700,-4982,937,691,-1922,-147,-471,347,413,344,0
666694,146,144,162,1062,-6134,-2232,1112,-2079,7,447,-227,390,374,0
670028,147,145,0,425,-5013,-1842,1920,-2177,-149,459,-243,385,392,0
673365,148,146,743,443,-2158,1551,2160,-2206,6,-303,89,359,407,0
676697,149,148,743,200,-1772,1976,2250,-2196,-220,-168,157,359,404,0
680032,150,149,518,0,-2243,660,1507,-2144,-221,16,-174,371,424,0
683389,151,151,518,0,-2285,128,1056,-2072,234,159,-79,371,401,0
686700,152,152,706,162,-106,-405,1270,-1924,110,-116,134,361,390,0
690035,154,153,368,31,1173,-474,1853,-1705,-269,164,-38,363,397,0
693393,155,154,556,87,-245,-623,1695,-1451,420,1,397,353,394,0
696704,156,156,1062,0,1594,-1088,1190,-1172,431,-152,168,326,395,0
700038,157,157,1868,162,3722,-2658,821,-886,277,-88,522,303,394,0
703393,158,158,1868,725,6239,-3561,766,-585,440,115,418,319,380,0
706706,159,159,2075,668,8606,-4054,175,-300,675,10,236,308,383,0
710041,160,161,2206,893,11025,-3948,183,-47,1,409,130,317,371,0
713397,161,162,1493,650,11371,-2385,77,157,-122,-204,158,339,368,0
716710,162,163,1231,1381,10094,-1672,1460,354,-390,566,134,353,329,0
720044,163,164,1100,1512,7551,219,2591,586,73,-77,320,360,322,0
723401,164,165,1362,1456,7062,-185,2952,812,-458,65,-20,362,341,0
726713,165,166,1062,931,3918,-1290,3468,1020,-101,43,102,378,369,0
730047,166,167,237,500,1542,-2198,3965,1190,-699,43,125,402,372,0
733401,168,168,12,350,-1780,-1268,3301,1319,-335,243,227,398,380,0
736716,169,170,12,331,-2923,-67,3611,1427,334,-64,-24,398,381,0
740050,170,171,106,12,-2299,603,4661,1566,-471,-174,-219,393,382,0
743402,171,172,350,143,-3786,-25,4528,1704,-227,-185,-91,380,375,0
746720,173,173,0,331,-4166,-1446,4537,1835,-25,170,221,393,365,0
750054,174,174,256,368,-4270,-1018,4760,1995,-265,-202,43,369,363,0
753402,175,175,781,612,-4313,-1094,5087,2152,494,-41,78,357,366,0
756722,176,177,687,0,-1570,-1255,4768,2262,-745,149,-24,346,370,0
760057,177,178,1400,856,-2894,480,3939,2338,-575,431,423,344,357,0
763402,178,179,1006,1362,-4623,2981,2186,2366,391,-79,861,365,330,0
766726,179,180,1325,1550,-1653,4420,-293,2320,-275,311,643,348,320,0
770060,180,181,2037,2131,2094,5499,-1856,2240,-948,-408,1023,310,289,0
773402,181,181,2450,2581,-155,3608,-3329,2101,-1193,-615,888,288,281,0
776729,182,182,2018,2731,-4381,973,-3722,1925,-979,-437,776,311,273,0
780063,183,183,1568,1737,-8099,-3262,-3087,1761,-349,66,515,351,342,0
783402,184,183,631,0,-8252,-5985,-3140,1593,300,-37,371,401,713,0
786732,186,184,687,2750,-7353,-7736,-2746,1460,178,419,-150,398,304,0
790067,187,185,406,1231,-4796,-6715,-2390,1352,-501,156,-65,397,385,0
793424,188,187,0,162,-6266,-5456,-3347,1208,-533,263,-23,404,406,0
796735,189,188,0,406,-8474,-5029,-3858,1029,-165,464,-89,400,393,0
800070,190,189,275,856,-8372,-5008,-3164,877,175,96,-112,384,369,0
803427,192,190,406,1156,-7416,-5196,-2710,756,-12,-15,-80,377,369,0
806738,193,191,556,856,-7764,-5172,-1665,678,924,263,498,369,385,0
810074,194,193,912,518,-3295,-3650,151,659,180,298,345,350,387,0
813427,195,194,1118,500,-2166,-2077,942,683,368,315,-9,339,388,0
816742,196,195,950,275,-548,-560,97,680,1175,232,308,348,400,0
820077,197,197,1193,275,5708,961,950,707,230,368,547,335,400,0
823428,198,198,2412,968,8472,2275,1289,702,30,125,160,338,415,0
826745,199,199,1737,837,8690,3688,793,646,766,195,136,374,422,0
830079,200,201,1643,818,11676,4640,863,580,424,70,84,379,423,0
833428,202,202,1681,687,13264,5273,610,491,-355,-16,-303,377,430,0
836748,203,203,968,800,12687,5280,-1020,335,-194,-223,-172,415,424,0
840083,204,205,1175,312,11890,4088,-911,204,-365,-267,-248,404,434,0
843429,206,206,912,800,10200,2849,-415,78,-1010,123,-117,402,408,0
846751,207,208,1081,950,6309,2380,-586,-85,-101,-43,117,393,400,0
850086,208,209,1081,893,1913,1412,-768,-251,498,225,-4,393,387,0
853428,209,210,912,387,1527,1226,477,-377,24,304,71,398,410,0
856754,211,212,781,387,2283,1632,381,-514,120,-160,-24,389,410,0
860089,212,213,368,275,1092,1247,1279,-633,-728,79,10,411,400,0
863429,213,214,218,143,-1089,1829,1049,-750,-386,508,29,419,407,0
866759,215,216,181,481,-3039,2296,881,-845,259,-163,188,405,389,0
870092,216,217,0,106,-2744,2140,2729,-828,-72,-62,-60,415,393,0
873450,217,218,0,200,-3248,776,2378,-745,-115,265,231,424,388,0
876761,219,219,0,406,-2725,1638,1184,-650,-326,190,92,410,377,0
880096,220,220,12,443,-3298,3827,573,-528,-968,-40,82,398,375,0
883481,221,222,1212,1793,-6129,4820,128,-407,-317,-415,597,370,323,0
886764,222,223,1756,2187,-7082,3661,-583,-329,-452,-235,806,341,318,0
890100,223,223,1812,2075,-7985,1181,-667,-252,-334,-63,831,338,324,0
893454,224,224,2281,1906,-7706,-1008,-241,-174,-274,-179,749,313,333,0
896768,225,225,1850,1925,-6658,-3048,239,-91,-167,-205,740,336,332,0
900102,226,226,1231,1681,-6250,-5418,1448,57,-131,-42,383,369,345,0
903454,228,228,462,1212,-6712,-5600,2156,245,-51,174,35,410,370,0
906770,229,229,68,1193,-6663,-5614,2241,414,-64,212,267,431,371,0
910105,230,230,256,950,-6652,-3506,1919,559,231,143,312,421,384,0
913454,232,231,31,931,-5522,-1630,2648,694,259,234,479,417,385,0
916774,233,233,0,143,-3919,-891,2846,778,266,68,567,408,391,0
920108,234,234,0,125,-807,-160,3837,868,342,-47,21,402,392,0
923454,236,235,87,143,685,986,5122,1025,353,124,-111,378,391,0
926777,237,236,331,312,2484,2195,5577,1170,144,10,285,365,382,0
930111,238,238,837,312,4467,2980,5122,1290,452,-90,57,354,382,0
933455,239,239,1062,368,5813,2940,4823,1416,85,-157,127,342,379,0
936780,240,240,1156,0,6518,2206,3891,1510,-267,-248,-208,337,400,0
940114,241,241,1343,218,4396,343,2765,1578,7,-424,100,327,387,0
943455,242,243,1550,0,3795,-1370,2032,1673,-238,43,122,316,384,0
946783,243,244,1887,556,2825,-2385,1382,1745,157,179,78,318,373,0
950118,244,245,2393,762,3697,-2992,1539,1806,106,-138,258,291,362,0
953455,245,246,2075,912,4149,-2225,1041,1857,-27,-236,356,308,354,0
956787,245,247,2768,968,3712,-3082,1833,1938,668,79,470,287,351,0
960146,246,248,2337,1062,3582,-4512,1071,1956,-202,-148,67,326,362,0
963476,247,249,2037,1100,2659,-6147,1158,1981,-86,266,121,342,360,0
966790,248,251,1887,1212,1810,-7253,608,1960,390,162,157,350,354,0
970148,250,252,1662,931,1402,-5867,-561,1909,-52,149,292,346,353,0
973479,251,253,1681,725,985,-4937,-1397,1838,130,207,602,345,364,0
976793,252,254,1475,406,1745,-4329,-1900,1694,228,439,326,352,377,0
980151,253,255,1381,368,2831,-3365,-1254,1580,62,315,211,357,379,0
983480,254,256,1325,500,2469,-2748,-1833,1486,-174,56,4,360,372,0
986796,255,257,893,875,1938,-2220,-1890,1409,159,274,12,383,352,0
990156,256,258,856,1137,2702,-510,-892,1377,-511,316,-63,385,338,0
993481,258,259,106,1081,-312,916,-1328,1354,388,89,164,409,341,0
996799,259,261,200,875,-2703,928,-1576,1325,1379,68,637,404,352,0
1000157,260,262,818,462,1191,2764,-1614,1282,-385,-606,264,371,358,0
1003481,261,263,1325,387,-855,3498,-532,1258,179,-169,465,344,362,0
1006803,262,264,1193,518,218,3465,-685,1192,574,29,125,351,355,0
1010161,263,265,1793,1025,3792,3769,-573,1106,-637,340,208,355,364,0
1013481,265,266,1118,837,1483,4839,-896,1008,35,177,282,375,374,0
1016806,266,267,1006,1100,1726,5989,-1346,906,-366,149,-19,381,360,0
1020163,267,268,800,1812,124,6615,-1960,762,-477,330,391,392,322,0
1023481,268,269,1043,1850,-2411,6777,-1782,618,-124,-152,191,379,320,0
1026809,270,270,556,2093,-4790,5228,-1105,463,-143,-154,212,405,307,0
1030164,271,271,500,2168,-5879,2324,-609,284,-139,165,318,408,319,0
1033481,272,272,593,1718,-6461,1544,116,114,416,334,85,403,343,0
1036812,273,273,743,1493,-4878,2054,8,-45,158,324,273,395,355,0
1040171,275,275,162,425,-946,2154,565,-178,-356,76,-119,390,376,0
1050172,278,278,0,387,-2021,2001,380,-404,-12,-81,-169,411,378,0
1053507,280,279,0,293,-1341,1223,68,-445,395,333,220,389,383,0
1056818,281,281,87,0,119,1759,-246,-500,339,25,315,378,388,0
1060172,282,282,687,350,1762,3548,1064,-500,-48,-18,-104,362,380,0
1063506,283,283,725,143,2207,4308,-186,-563,211,-43,260,360,391,0
1066823,284,284,987,0,2250,4687,-315,-606,-336,-261,466,330,385,0
1070172,285,286,1643,762,1083,3376,-584,-660,561,-658,802,331,362,0
1073507,286,287,1775,1437,-1696,1932,-774,-704,83,-460,943,324,326,0
1076825,287,288,2037,2056,1073,141,-906,-714,804,-500,777,310,309,0
1080173,288,288,1906,2318,4614,-2142,-1534,-719,-80,-333,606,317,295,0
1083507,289,289,1400,3031,4988,-2912,-2951,-752,-736,-265,179,344,257,0
1086828,290,289,687,3800,2468,-3135,-4319,-847,-1166,-57,-226,382,224,0
1090173,291,290,350,2506,-3745,-2825,-5240,-954,-333,8,-32,416,317,0
1093508,293,291,125,1737,-6176,-3249,-5681,-1072,325,-71,30,412,358,0
1096832,294,293,200,912,-7086,-4143,-5125,-1205,557,330,-25,408,386,0
1100201,295,294,462,162,-3802,-3466,-4091,-1291,-415,150,-248,390,422,0
1103508,296,295,0,368,-4118,-3233,-4148,-1371,218,-17,-40,405,395,0
1106835,298,297,68,0,-4199,-3232,-4300,-1455,-279,56,120,379,401,0
1110174,299,298,593,275,-2934,-3960,-3754,-1556,448,32,388,367,400,0
1113508,300,299,818,406,-1585,-4082,-3187,-1634,-433,147,10,355,393,0
1116839,301,301,800,650,-2480,-3398,-2560,-1696,212,129,203,356,380,0
1120194,302,302,875,443,-737,-2620,-2488,-1746,796,-143,124,352,375,0
1123529,303,303,931,387,3000,-1896,-2232,-1774,4,51,81,349,378,0
1126841,304,304,837,0,5550,-1302,-1927,-1773,167,-140,-21,354,400,0
1130198,305,305,818,368,7131,-1524,-1237,-1756,268,-95,89,355,379,0
1133532,306,307,1043,68,8558,-2198,-952,-1751,-197,-402,33,363,399,0
1136844,308,308,293,181,8838,-2400,-1452,-1777,-323,190,-99,387,393,0
1140198,309,309,406,912,7205,-1129,-1252,-1820,-209,376,328,397,370,0
1143532,310,310,368,1212,5897,1100,-849,-1847,-594,272,239,399,354,0
1146847,312,311,612,1662,3210,2950,-764,-1888,-532,260,184,386,330,0
1150199,313,312,200,1718,-482,3970,-655,-1920,-466,64,532,392,327,0
1153533,314,313,425,2281,-3643,4561,-298,-1952,-470,-129,573,380,297,0
1156850,315,314,575,2262,-6868,2003,-269,-1973,-626,-77,476,372,298,0
1160199,316,315,893,1962,-10183,-362,-79,-1977,372,95,446,371,330,0
1163533,317,316,481,1343,-9039,-1890,793,-1945,-326,82,-102,373,343,0
1166854,318,317,500,668,-8043,-1481,3037,-1883,128,274,-729,372,379,0
1170199,320,318,218,425,-9721,-55,2658,-1794,156,321,-490,371,392,0
1173534,321,319,0,500,-11247,753,902,-1756,117,-205,170,387,388,0
1176857,322,321,125,218,-11014,-275,-162,-1743,546,-317,417,376,387,0
1180199,323,322,537,106,-8340,-609,910,-1691,1270,-79,675,354,393,0
1183534,324,323,1287,200,-997,-7,2155,-1595,1058,-45,782,314,388,0
1186860,325,325,1268,87,4395,1279,2959,-1454,678,-311,825,315,394,0
1190200,326,326,1118,0,9043,259,2939,-1270,382,-250,295,323,415,0
1193565,327,327,1868,406,11063,-694,3354,-1031,57,223,267,319,397,0
1196863,328,328,1512,518,11942,68,2961,-774,-373,237,-123,338,391,0
1200221,329,330,1531,125,9501,671,1699,-544,451,0,62,337,396,0
1203556,330,331,1475,593,10194,-849,1676,-331,319,-24,94,340,371,0
1206866,331,332,1793,593,10511,-1913,881,-176,-660,312,-158,323,371,0
1210224,332,333,1043,1006,9670,-3035,367,-35,-255,452,-243,363,349,0
1213558,333,334,781,1812,6648,-2948,595,117,-735,208,20,393,322,0
1216870,335,335,256,2168,1454,-1312,601,253,-363,106,322,405,303,0
1220224,336,336,781,2131,-827,-1261,-97,350,-544,-448,515,377,305,0
1223557,337,337,968,2206,-2985,-1619,-929,401,-368,353,443,367,301,0
1226873,338,338,593,1568,-6695,-577,-1926,418,-621,41,-181,367,315,0
1230224,339,339,518,1700,-10827,957,-2931,397,156,-231,-96,371,308,0
1233558,340,340,162,1587,-12701,1189,-3415,350,21,-217,251,390,314,0
1236876,342,341,50,1043,-11454,770,-2779,302,119,173,267,380,343,0
1240225,343,342,706,800,-10004,1550,-2689,248,292,-206,816,361,372,0
1243558,344,343,1193,856,-9726,1933,-2510,215,276,-417,423,335,369,0
1246879,345,344,1287,1118,-6636,1934,-1339,212,861,-383,611,330,355,0
1250225,346,345,1718,1043,-1845,1483,96,241,477,-177,471,307,359,0
1253559,347,346,1831,987,1290,1791,1422,310,208,101,583,301,362,0
1256883,348,347,2018,1062,4031,1951,1401,374,329,-103,126,311,378,0
1260226,349,349,1381,725,5015,1600,2142,450,-465,-264,501,345,380,0
1263559,350,350,1156,968,2354,696,2151,526,-451,-212,-2,357,367,0
1266886,351,351,893,593,-3285,-477,2104,594,376,-97,-121,371,387,0
1270226,352,352,912,1362,-3903,-635,1372,612,-196,90,140,386,362,0
1273559,353,353,950,1362,-3769,37,793,542,298,561,162,384,362,0
1276889,355,355,443,1137,-3167,696,1601,509,167,-53,342,411,374,0
1280247,356,356,537,687,-1726,199,3078,577,-119,-77,-12,390,382,0
1283559,357,357,331,837,-2204,-1634,3012,676,199,155,61,401,374,0
1286892,358,358,143,687,-2011,-2593,2114,714,189,174,153,407,378,0
1290251,360,359,50,687,-985,-1403,2841,735,-384,84,-282,396,378,0
1293584,361,361,200,912,-1679,-1061,2749,729,40,-55,49,388,350,0
1296895,362,362,200,1137,-2628,-2760,2473,714,17,27,-130,388,354,0
1300251,363,363,237,293,-1447,-2871,2329,682,11,308,-108,386,383,0
1303587,365,364,0,462,-613,-1773,1599,640,751,222,27,387,374,0
1306899,366,365,31,50,864,-487,2015,649,98,161,140,381,396,0
1310251,367,367,537,0,2520,283,1784,653,227,-4,452,354,395,0
1313592,368,368,762,0,4458,798,1431,670,-31,54,172,342,389,0
1316902,369,369,1231,0,5181,1370,1764,714,151,348,220,317,387,0
1320251,370,370,2018,612,6059,2258,1880,754,469,31,410,311,386,0
1323593,371,372,2168,237,8870,2044,1343,777,984,-109,501,303,390,0
1326905,372,373,2318,481,14190,-149,1791,836,-913,69,277,295,377,0
1330252,373,374,2243,1212,11900,-1501,793,890,85,-57,422,299,338,0
1333593,374,375,2093,1793,9679,-2959,622,969,-210,191,36,307,307,0
1336908,375,376,2262,2206,5036,-4428,232,1068,-2048,-103,563,314,285,0
1340252,376,376,1737,2881,-2657,-4351,-2112,1109,-1131,12,414,342,281,0
1343593,377,377,1737,3443,-8731,-3792,-3444,1088,-71,-75,784,342,251,0
1346912,378,377,1981,0,-9335,-2088,-4268,1039,13,269,460,345,568,0
1350252,379,378,650,0,-7460,-153,-3531,1007,-4,119,283,380,859,0
1353593,380,378,631,0,-6258,1459,-3272,947,287,511,30,381,861,0
1356914,381,379,1250,2675,-5514,2880,-3539,833,96,33,79,348,304,0
1360252,382,380,781,987,-5589,2145,-3130,691,-432,-30,128,373,394,0
1363594,383,382,500,575,-6859,456,-1986,585,581,-74,200,388,400,0
1366918,384,383,668,143,-5375,-243,-2489,440,-3,51,71,379,423,0
1370274,386,384,556,593,-6188,329,-2075,308,115,199,414,385,415,0
1373594,387,386,1006,368,-5205,228,-1439,197,862,-237,355,361,411,0
1376921,388,387,931,0,-1203,15,-668,134,-24,469,62,349,420,0
1380277,389,388,1587,856,-558,1022,-929,80,-382,44,159,350,405,0
1383594,390,390,1212,256,-752,2106,-478,15,264,-147,-9,370,421,0
1386924,391,391,1287,0,71,2316,72,-78,378,-171,165,366,438,0
1390277,392,392,725,350,2324,813,542,-155,482,-96,423,396,416,0
1393595,394,394,743,331,4681,243,850,-195,-125,20,-173,379,401,0
1396928,395,395,593,387,4037,-657,387,-272,554,207,49,387,398,0
1400277,396,397,593,237,5449,54,686,-336,-110,106,-85,403,406,0
1403620,397,398,368,87,5860,968,1878,-355,-149,119,-36,415,414,0
1406930,399,399,0,481,5534,163,1259,-388,339,-107,155,436,393,0
1410306,400,401,0,0,6557,-663,689,-416,67,101,-39,415,399,0
1413620,401,402,0,0,8220,-513,461,-465,370,-63,-89,412,394,0
1416934,403,403,162,31,8683,-600,883,-493,-433,57,-16,390,381,0
1420278,404,404,256,1100,4252,-985,1060,-505,-1183,101,328,385,340,0
1423621,405,405,312,1250,-2562,-1855,761,-536,-313,42,432,382,332,0
1426937,406,406,518,1362,-7131,-2364,803,-570,-540,329,127,371,326,0
1430278,407,407,518,1118,-8481,-1177,522,-595,1008,-194,2047,371,339,0
1433621,408,408,781,1025,-4621,1948,202,-645,-619,-1100,64,357,344,0
1436941,409,409,837,875,-3746,1403,1047,-637,613,-229,50,354,352,0
1440299,411,411,575,556,-2376,1292,1113,-622,-387,341,424,352,353,0
1443621,412,412,2112,1400,-2363,3408,-509,-645,956,-324,671,338,376,0
1446943,413,413,1793,893,2670,481,-973,-609,190,-436,449,355,403,0
1450300,414,414,2431,1100,4036,-2731,-1720,-555,-667,17,449,337,408,0
1453622,415,415,2262,1306,-473,-5548,-2247,-492,444,124,633,346,397,0
1456946,416,417,1437,1643,1196,-5834,-2557,-462,-192,724,201,390,363,0
1460304,417,418,762,1325,479,-3233,-1376,-403,41,384,241,426,380,0
1463622,419,419,743,1550,-1280,-1779,-840,-318,374,352,314,411,368,0
1466950,420,420,1306,1362,-2057,-1290,-322,-231,228,186,11,381,378,0
1470303,421,421,1381,1981,-4166,-1040,-583,-187,63,192,107,393,361,0
1473622,422,423,987,631,-6468,-805,-1478,-155,344,-157,222,394,397,0
1476953,424,424,350,443,-6233,-573,-1871,-149,249,335,2,412,407,0
1480304,425,425,818,237,-5070,-1250,-1585,-153,-497,48,40,387,418,0
1483622,426,427,518,0,-8082,-2140,-1287,-173,-486,12,56,403,420,0
1486956,427,428,350,537,-10553,-3104,-1317,-185,977,257,233,412,386,0
1490304,429,429,162,275,-5416,-2356,-653,-190,272,74,296,406,400,0
1493647,430,431,612,50,-1375,353,-179,-198,-97,123,-5,382,396,0
1496959,431,432,987,218,-4150,1240,629,-195,457,-141,201,362,387,0
1500304,432,433,800,181,-1787,720,496,-206,121,-314,36,372,389,0
1503678,433,434,1643,781,-640,25,1347,-176,-128,232,53,363,393,0
1506962,435,436,1700,368,2216,-9,637,-178,513,-158,82,360,399,0
1510305,436,437,1325,537,4443,-688,430,-223,297,222,218,364,390,0
1513650,437,438,1175,668,6368,-273,567,-245,250,6,331,372,383,0
1516966,438,439,1418,856,8353,-543,705,-244,38,133,-72,359,373,0
1520305,439,441,1456,687,7433,-862,930,-230,1,117,224,357,366,0
1523650,440,442,1418,1118,7676,-729,1247,-218,-157,156,111,375,359,0
1526969,442,443,1025,1212,4441,895,1914,-192,-182,469,306,396,354,0
1530328,443,444,500,1343,3459,2329,1404,-172,112,233,252,408,347,0
1533650,444,445,462,1343,3475,2737,1006,-165,31,416,471,410,347,0
1536972,446,446,162,818,4653,4311,677,-160,-302,406,112,406,355,0
1540328,447,447,0,556,4189,4825,187,-161,462,-431,-184,404,369,0
1543652,448,448,50,725,4513,3988,619,-174,10,-412,-291,396,360,0
1546975,449,450,181,762,3993,1785,1821,-152,-784,74,-141,389,358,0
1550328,451,451,106,612,1130,1285,1274,-96,-212,187,-119,393,366,0
1553651,452,452,162,837,-1868,1708,507,-50,147,-18,-93,390,354,0
1556979,453,453,218,781,-1255,1857,367,14,-540,-139,362,387,357,0
1560328,454,454,725,1287,-2942,1249,775,109,-200,-328,391,360,330,0
1563652,455,455,1418,1606,-3471,811,393,201,-406,-266,717,323,313,0
1566982,456,456,2431,2018,-1718,-809,54,245,-450,-186,929,289,311,0
1570329,457,457,2337,1868,-2002,-2693,-480,257,507,-78,1146,294,319,0
1573652,458,458,2450,1868,-675,-4443,-955,237,386,-44,912,288,319,0
1576985,458,459,2506,1850,672,-3941,-1616,205,90,350,814,301,320,0
1580328,459,460,2581,1625,940,-2254,-2048,187,98,120,685,313,348,0
1583654,460,461,2318,1250,894,-898,-3380,140,-423,341,454,327,368,0
1586988,461,462,1493,1062,-818,140,-3349,85,-698,358,121,371,378,0
1590329,463,463,781,1100,-3174,580,-3801,6,94,-15,154,393,376,0
1593657,464,464,687,893,-4705,459,-3486,-61,-13,478,-72,398,387,0
1596991,465,466,950,725,-3625,887,-3390,-146,-19,38,24,380,392,0
1600330,466,467,443,443,-3117,474,-3904,-263,390,-273,-16,407,391,0
1603661,468,468,387,368,-2098,631,-2620,-364,283,241,299,394,395,0
1606994,469,470,631,31,152,1719,-2834,-468,-1015,-418,-229,381,397,0
1610330,470,471,687,312,-3848,1414,-2547,-590,-164,141,-133,378,382,0
1613663,471,472,687,425,-5458,1556,-1523,-658,76,123,-93,378,376,0
1616998,472,473,650,368,-3841,2149,-1615,-721,64,-141,-18,380,379,0
1620354,474,475,387,181,-3507,1421,-1852,-797,-126,-42,173,378,373,0
1623666,475,476,181,0,-2320,454,-1673,-871,423,-400,286,389,387,0
1627001,476,477,556,68,934,-515,-970,-931,40,-45,57,369,379,0
1630357,477,478,1212,556,1328,-454,-952,-999,23,62,111,370,389,0
1633670,478,480,1025,537,2742,36,-1428,-1104,-16,4,-160,380,390,0
1637004,480,481,950,368,1843,459,-1104,-1182,-360,254,-36,384,383,0
1640363,481,482,443,537,527,1020,-1047,-1246,138,-12,55,395,374,0
1643673,482,483,668,462,820,367,-1220,-1306,-12,149,-219,383,378,0
1647007,483,484,387,481,1391,519,-997,-1343,-27,-6,40,398,377,0
1650364,485,486,275,162,1923,68,-1253,-1401,373,-99,121,404,394,0
1653677,486,487,481,31,3088,-173,-1507,-1505,85,71,-74,393,401,0
1657011,487,488,218,387,3935,69,-1465,-1591,183,-66,155,407,382,0
1660364,488,489,0,0,4859,-217,-1893,-1666,159,-125,26,418,390,0
1663680,490,491,0,12,4772,-361,-1375,-1720,-173,66,-65,402,366,0
1667014,491,492,0,0,3579,-69,-1513,-1792,172,-70,-39,383,370,0
1670363,492,493,0,200,2687,-510,-1659,-1856,-407,62,17,383,356,0
1673683,493,494,50,481,194,-553,-2198,-1926,-401,88,157,380,341,0
1677018,494,495,293,856,-3274,-646,-2356,-1985,1057,87,403,367,321,0
1680364,496,496,275,1287,-2942,-620,-2412,-2030,-1083,77,346,368,314,0
1683686,497,497,331,1100,-5466,-564,-2958,-2072,-327,216,99,365,324,0
1687020,498,498,312,537,-10507,-796,-3225,-2109,519,-272,-12,350,338,0
1690364,499,499,1775,1268,-8189,-1007,-2717,-2088,926,223,913,308,335,0
1693689,500,500,2056,931,-3015,441,-1581,-2033,1039,93,1185,293,353,0
1697023,501,501,2450,762,3128,577,-667,-1935,902,92,1083,288,362,0
1700364,501,502,2468,725,5831,324,143,-1822,-358,140,460,287,364,0
1703692,502,503,2112,762,4751,52,1069,-1682,-349,-90,455,306,362,0
1707027,503,505,1906,950,1415,-1531,1543,-1512,-316,102,188,317,352,0
1710365,504,506,1606,950,-504,-3169,1695,-1377,233,67,53,349,352,0
1713695,505,507,1193,575,1209,-3977,771,-1265,-159,381,-177,371,372,0
1717030,507,508,706,556,1060,-3577,314,-1175,190,-186,-151,397,373,0
1720393,508,509,781,87,701,-3590,464,-1113,-450,35,-264,373,394,0
1723698,509,511,293,0,-1631,-3672,650,-1042,-54,-274,231,383,384,0
1727033,510,512,368,0,-1319,-4033,797,-960,-425,-71,-132,379,381,0
1730391,511,513,162,481,-2921,-4140,1061,-874,-361,-200,-19,406,357,0
1733702,513,514,143,743,-4213,-4090,1778,-788,234,120,264,391,343,0
1737036,514,515,143,631,-2179,-3553,2160,-691,396,-28,28,391,349,0
1740391,515,516,500,406,-307,-3177,2296,-575,244,-28,43,372,361,0
1743705,516,517,743,293,873,-3303,2628,-458,-359,-86,-32,359,367,0
1747040,517,519,837,368,-53,-2732,2130,-359,-163,163,321,354,363,0
1750391,518,520,1175,0,-330,-1279,2449,-244,418,-77,-27,336,372,0
1753708,519,521,1250,256,1500,-451,1702,-160,-236,180,269,352,373,0
1757042,520,522,1081,368,1832,872,1248,-82,275,184,736,361,367,0
1760391,522,523,1100,856,2574,2522,1008,-3,73,223,453,360,357,0
1763712,523,524,1006,1081,3555,4136,723,64,-50,387,517,365,345,0
1767046,524,525,893,1118,3755,5442,-43,122,-186,380,338,371,343,0
1770391,525,526,1212,1043,2968,6853,-534,148,-251,289,362,354,347,0
1773715,526,527,1156,1268,1772,7175,-942,166,-302,-151,162,357,335,0
1777049,527,528,856,1437,505,5564,-23,217,-424,-247,240,373,326,0
1780392,529,529,387,1831,-1531,3460,450,300,-256,-350,99,398,321,0
1783718,530,530,68,1325,-4095,189,1732,428,52,-48,78,395,328,0
1787052,531,531,68,781,-4818,-1259,1364,546,694,70,193,395,357,0
1790392,532,533,668,0,-1497,-794,1502,685,-97,187,-99,363,387,0
1793721,533,534,650,68,-868,2682,618,805,-172,62,-201,364,379,0
1797055,535,535,200,0,-2879,3386,176,896,359,-250,224,388,391,0
1800393,536,536,181,312,-1629,2871,-119,941,186,-40,-102,373,366,0
1803724,537,537,256,293,-927,1403,-164,957,-65,-164,-172,369,367,0
1807058,538,539,406,0,-1622,-23,-340,942,-15,79,207,361,373,0
1810417,539,540,443,0,-2580,-324,267,917,962,46,217,359,374,0
1813728,540,541,1812,725,1352,172,281,878,323,-128,761,322,364,0
1817062,541,542,1700,631,4568,-425,1302,865,207,-263,287,328,369,0
1820420,542,543,1081,893,6297,-2962,851,868,-421,-448,176,361,355,0
1823731,543,544,1268,1118,3663,-4072,194,864,-932,158,82,351,343,0
1827065,544,545,1231,1212,185,-5178,851,876,75,-232,544,353,338,0
1830421,546,546,931,1512,909,-6493,1228,894,-374,222,377,353,322,0
1833734,547,547,1193,1756,-2504,-5541,1695,922,205,309,603,355,325,0
1837068,548,548,1006,1400,-3469,-4036,1241,928,86,245,346,365,344,0
1840426,549,550,968,593,-3283,-2103,1363,915,1009,371,571,367,371,0
1843737,550,551,856,650,-1033,-773,1867,906,-706,404,493,373,368,0
1847072,551,552,481,218,-2329,1051,1698,887,68,151,208,373,371,0
1850429,553,553,87,143,-2400,2103,1681,858,457,-98,311,378,375,0
1853740,554,554,143,181,-681,1447,2478,868,-280,2,-75,375,373,0
1857074,555,555,368,218,-1617,627,2637,874,48,-274,93,363,371,0
1860429,556,557,631,312,-1868,-239,2464,898,521,49,46,365,366,0
1863743,557,558,837,350,824,359,2841,948,692,74,-5,354,364,0
1867078,558,559,987,275,2744,1595,2992,1010,-129,-157,129,346,368,0
1870430,559,560,1193,500,1910,2796,3126,1085,-989,-335,-54,335,356,0
1873747,560,561,2075,50,2514,2085,3917,1209,787,-306,505,288,380,0
1877081,561,563,2412,556,3754,1482,3896,1347,-407,101,467,290,373,0
1880430,562,564,2450,218,2094,2395,3922,1499,-100,-23,154,288,375,0
1883750,563,565,2056,331,1009,4012,3612,1613,581,-77,153,309,369,0
1887084,564,566,2487,800,2189,4813,4093,1727,-372,86,168,302,344,0
1890430,565,567,1606,1981,1551,3669,3770,1790,-457,-63,571,349,297,0
1893753,566,568,1512,2056,-2097,995,3446,1855,-549,-268,431,354,293,0
1897087,567,569,1231,2168,-3951,-1346,3723,1925,94,109,635,369,303,0
1900431,568,569,1137,1850,-4077,-3659,3530,2016,176,59,651,374,320,0
1903756,569,570,668,1775,-2657,-5091,4102,2138,-230,301,289,399,324,0
1907090,571,571,350,1287,-2060,-5180,3393,2248,335,233,54,412,346,0
1910431,572,573,237,837,-316,-4535,3308,2357,-834,636,-42,402,354,0
1913760,573,574,256,687,-2858,-1407,1949,2428,-289,307,210,401,362,0
1917094,574,575,256,593,-3945,-1048,834,2446,-74,-13,228,401,367,0
1920452,576,576,293,687,-3940,-1399,579,2455,219,204,161,383,362,0
1923763,577,577,106,687,312,-308,982,2445,389,4,450,393,362,0
1927097,578,578,575,443,2472,60,1133,2454,-298,-317,-203,368,375,0
1930455,579,579,762,387,545,-244,2090,2513,-62,-111,-94,358,378,0
1933766,580,581,1175,87,-131,383,2021,2550,715,290,646,336,378,0
1937100,581,582,1231,143,3982,2426,1817,2568,752,-27,262,333,375,0
1940456,582,583,2075,893,5862,3717,1945,2576,336,-297,-43,324,371,0
1943769,583,584,2300,856,5038,4349,2757,2623,51,-67,612,312,373,0
1947103,584,585,2712,1062,5866,3935,2187,2649,211,-126,591,290,362,0
1950456,585,586,2656,1662,5754,3111,975,2621,-138,-10,581,293,330,0
1953772,586,587,2562,1662,5114,712,-435,2555,-244,141,359,298,330,0
1957107,587,588,2712,2000,3712,-41,-2014,2439,-458,153,522,306,312,0
1960456,587,589,2900,2412,2502,-622,-3827,2242,-256,238,508,312,306,0
1963775,588,590,2506,2131,1670,-1104,-5662,1983,-129,-77,292,333,321,0
1967110,590,591,2018,1962,1588,-1144,-6604,1699,-1047,367,270,359,330,0
1970456,591,592,912,987,-589,-558,-6838,1397,-30,-108,14,382,362,0
1973778,592,593,706,687,-1656,-1333,-6134,1112,496,67,-28,393,378,0
1977113,593,594,875,331,-1294,-751,-5622,838,-172,-92,158,384,397,0
1980457,594,595,481,200,-2442,-807,-5228,553,-308,-256,-12,405,404,0
1983782,596,597,12,0,-5822,-1774,-5222,268,-568,213,-238,414,400,0
1987116,597,598,31,87,-8282,-1747,-4849,-5,202,336,-11,413,394,0
1990457,599,599,12,575,-6883,-680,-4664,-264,186,10,-142,414,384,0
1993785,600,601,218,237,-4914,136,-4175,-522,-373,75,80,403,386,0
1997119,601,602,143,0,-4182,-177,-4326,-775,909,-125,443,391,384,0
2000457,602,603,331,556,-741,-1059,-4173,-1014,138,-187,202,417,389,0
2003788,604,604,275,612,688,-1245,-2893,-1220,60,70,8,404,386,0
2007122,605,606,612,481,1623,-432,-2861,-1420,460,-182,113,386,393,0
2010481,606,607,687,87,2920,-129,-3045,-1643,-187,196,-23,382,398,0
2013791,607,608,481,593,2394,903,-2605,-1831,-275,211,121,393,371,0
2017126,609,609,12,912,1284,2101,-2474,-2011,195,282,332,418,354,0
2020482,610,610,537,987,692,3861,-2075,-2137,-35,184,106,390,366,0
2023794,611,611,237,968,831,4949,-1509,-2210,257,1,106,406,367,0
2027129,613,613,237,181,2093,4179,-1156,-2265,315,-240,221,406,393,0
2030510,614,614,331,537,4436,2866,-817,-2321,23,-207,-27,381,370,0
2033798,615,615,218,781,6443,-530,-29,-2357,-359,21,220,371,341,0
2037132,616,616,406,1193,5009,-2838,1083,-2389,-467,-7,177,361,319,0
2040483,617,617,668,1287,2638,-3499,2768,-2365,-334,516,-231,363,330,0
2043801,618,618,537,1175,-1233,-1892,3297,-2319,-27,427,-96,370,336,0
2047135,619,619,687,593,-3051,232,2248,-2310,204,248,276,362,367,0
2050483,620,620,893,443,-2379,1479,1630,-2345,382,33,324,351,375,0
2053804,622,622,893,0,803,1857,1336,-2371,-196,155,-8,351,384,0
2057138,623,623,725,162,1603,1777,338,-2391,-170,29,67,344,374,0
2060483,624,624,1268,687,768,2251,-929,-2407,-298,-446,197,315,346,0
2063808,624,625,2450,1812,-473,1609,-2445,-2420,-52,-838,1251,336,354,0
2067142,625,626,2356,2168,-891,-910,-2711,-2385,250,-747,1348,357,351,0
2070483,626,627,3331,2450,-48,-2788,-4342,-2344,-760,-665,1012,305,336,0
2073810,627,628,3800,2600,-2602,-3389,-5077,-2296,-99,-1101,743,267,328,0
2077145,628,629,3800,3106,-2733,-4132,-4396,-2220,229,-241,881,240,301,0
2080483,628,630,0,350,7,-3014,-4754,-2177,-175,-13,327,848,448,0
2083814,629,630,0,0,571,-2234,-4776,-2150,-366,135,258,853,723,0
2087172,630,631,0,0,-504,-2754,-5294,-2153,286,281,-14,860,637,0
2090504,631,632,2525,2900,-945,-2415,-6336,-2187,245,292,334,380,344,0
2093817,632,633,1943,1118,-729,-1636,-5828,-2218,-449,60,-150,391,419,0
2097175,633,635,1925,818,-3964,-1937,-5548,-2246,-114,370,39,392,419,0
2100508,635,636,875,1137,-5273,-2114,-5091,-2274,294,98,244,432,402,0
2103820,636,637,931,706,-5266,-1387,-5095,-2298,68,17,-223,429,425,0
2107178,638,639,800,387,-5684,-769,-4548,-2310,-256,235,199,420,426,0
2110509,639,640,743,12,-6651,-1028,-3578,-2331,-322,341,165,423,446,0
2113823,640,642,893,0,-8540,-2073,-2945,-2334,70,168,-346,415,432,0
2117182,642,643,856,387,-9592,-1614,-2503,-2317,379,258,-156,417,426,0
2120509,643,645,706,0,-9087,-478,-2143,-2303,213,160,285,409,421,0
2123826,644,646,1475,218,-9332,-139,-1648,-2277,64,-147,80,404,439,0
2127186,646,647,668,518,-10041,-871,-941,-2241,358,41,97,431,423,0
2130509,647,649,837,125,-9036,-1067,341,-2184,153,190,228,422,428,0
2133830,648,650,1793,275,-6665,-920,633,-2128,432,-77,118,371,420,0
2137188,649,652,1437,50,-4369,-812,1633,-2051,-5,55,-55,390,416,0
2140509,651,653,781,0,-3843,-1029,1698,-1997,712,166,320,409,421,0
2143833,652,654,1437,650,-2678,-941,2313,-1959,229,62,237,390,400,0
2147193,653,655,1193,725,-620,-928,2219,-1976,320,78,96,403,396,0
2150510,655,657,650,143,1586,-1959,1604,-2029,28,-7,173,416,411,0
2153837,656,658,743,368,1128,-979,1578,-2050,-114,-121,-219,411,399,0
2157192,657,660,200,0,494,-443,2004,-2038,267,37,-9,420,396,0
2160510,659,661,0,0,2295,-234,1071,-2046,154,124,221,424,388,0
2163839,660,662,50,0,2730,-578,636,-2037,105,-63,103,412,405,0
2167197,661,663,443,143,3232,-357,746,-1985,113,56,-114,407,391,0
2170531,663,665,481,0,3913,-974,575,-1890,-43,69,133,389,384,0
2173842,664,666,312,0,4411,-1417,361,-1794,136,-34,41,398,385,0
2177200,665,667,743,181,5875,-688,761,-1635,215,300,170,375,373,0
2180535,666,668,856,106,6901,676,443,-1462,-152,128,13,369,377,0
2183846,668,669,1081,481,5907,1899,-377,-1337,517,322,73,357,357,0
2187200,669,671,1587,593,7765,3122,-702,-1210,300,318,264,334,355,0
2190534,670,672,1325,481,9571,5527,-1392,-1104,202,228,52,348,361,0
2193849,671,673,1400,650,10980,6682,-2122,-1005,101,150,174,344,352,0
2197201,672,674,1718,912,11023,7835,-2805,-895,191,289,-24,343,354,0
2200535,673,675,1343,837,9981,8363,-3437,-820,-1301,-6,-99,363,358,0
2203852,674,676,1118,818,2587,6318,-3066,-743,-439,-179,582,375,359,0
2207201,675,677,1100,1531,-190,4833,-2367,-657,-220,91,399,376,321,0
2210535,676,678,1081,1531,-1369,208,-1786,-554,-472,-16,685,377,321,0
2213856,678,679,875,1512,-1511,-788,-2215,-481,-253,57,290,372,322,0
2217201,679,680,237,968,-3264,-2382,-399,-382,-887,76,417,402,347,0
2220536,680,681,312,987,-6480,-2335,586,-271,226,175,386,398,346,0
2223859,681,682,668,912,-5286,-2099,1921,-133,234,-187,628,379,350,0
2227201,682,683,743,931,-480,-1771,2714,18,146,-247,311,375,349,0
2230536,684,685,518,668,2099,-1167,4224,201,-595,-138,175,371,347,0
2233862,685,686,762,1062,812,-2010,4355,367,-469,-583,335,358,342,0
2237201,686,687,875,931,-661,-3030,4561,499,-306,78,438,352,333,0
2240536,687,688,687,987,-2303,-1975,2163,546,-128,16,447,362,330,0
2243865,688,689,612,725,-3656,-1897,1267,535,-207,44,459,366,344,0
2247250,689,690,1625,1493,-4660,-1929,-101,479,-211,-99,712,348,339,0
2250557,690,691,1625,1175,-4506,-1895,-931,377,-21,128,548,348,356,0
2253868,691,692,1625,1137,-3681,-1317,-659,287,285,234,615,348,358,0
2257226,692,693,2075,1137,-282,-722,380,249,166,407,398,324,358,0
2260560,693,694,2018,931,2361,2276,1520,247,-4,402,323,327,369,0
2263871,694,695,2000,706,3009,4261,2405,260,-293,-59,-6,328,381,0
2267226,695,697,1700,1025,1805,5087,3038,321,-497,88,-213,360,364,0
2270561,696,698,893,912,-831,5417,3943,425,-72,-317,-166,403,370,0
2273874,698,699,350,687,-787,4752,3950,525,550,7,-4,416,382,0
2277226,699,700,556,518,599,4398,3387,613,126,-15,183,405,391,0
2280561,700,701,612,143,3768,3046,2837,690,615,15,112,382,391,0
2283878,702,703,162,0,6673,3112,2421,742,189,171,99,390,394,0
2287227,703,704,181,0,8776,3362,2375,802,-148,-224,-145,389,390,0
2290561,704,705,256,50,7101,2378,1961,875,10,-10,-370,385,380,0
2293881,705,707,200,0,6516,2146,2207,966,241,-230,201,388,384,0
2297227,706,708,612,68,8505,1348,2624,1092,32,-273,-130,382,379,0
2300562,708,709,31,31,6564,205,2403,1233,-488,202,-33,397,381,0
2303885,709,710,275,87,3972,925,1890,1380,18,123,202,384,378,0
2307227,710,711,425,631,2951,1753,841,1514,244,-220,155,376,349,0
2310561,711,712,1081,1793,2563,621,-385,1597,-389,-325,315,361,307,0
2313887,712,713,931,2300,1,-579,-718,1649,-821,-552,175,369,280,0
2317228,713,714,837,2393,-4542,-1155,-694,1683,-87,-426,248,374,275,0
2320562,715,714,837,893,-4524,-2668,-1150,1716,27,-658,351,358,371,0
2323890,716,715,1381,3800,-3538,-4829,-1801,1672,-443,-351,242,329,192,0
2327261,716,715,2206,3800,-4662,-5739,-2022,1591,-289,-210,13,317,187,0
2330575,718,716,1418,3800,-6957,-5973,-2232,1461,-296,-58,56,343,208,0
2333894,718,716,1212,0,-7079,-6601,-2714,1292,227,3,118,370,854,0
2337249,720,717,706,0,-5869,-6746,-2966,1067,-125,239,-307,381,641,0
2340613,721,718,275,1643,-6251,-5805,-3293,828,58,82,-126,400,375,0
2343897,722,719,50,1475,-6978,-6157,-3317,582,463,-145,-68,396,368,0
2347252,723,721,387,1231,-6288,-6362,-2899,423,-37,101,241,394,381,0
2350586,725,722,0,1006,-6178,-6542,-2312,312,-130,253,-22,402,393,0
2353900,726,723,181,837,-7465,-6709,-1365,272,-106,163,-149,389,402,0
2357253,727,725,368,0,-6912,-6804,-1996,239,-74,298,329,379,435,0
2360586,728,726,556,0,-5977,-6963,-1580,210,1082,236,888,369,436,0
2363903,729,727,781,481,-2069,-5049,-673,177,996,551,715,357,405,0
2367253,730,729,1306,368,2125,-1582,1330,171,684,441,389,329,395,0
2370586,731,730,1625,275,6908,2961,2627,178,448,334,550,312,400,0
2373906,732,731,2131,1006,9678,4506,3237,184,-688,-227,85,305,381,0
2377254,733,732,2112,725,7946,4047,3499,171,41,278,508,322,412,0
2380587,734,734,2000,650,8211,4367,3338,151,257,207,160,328,400,0
2383910,735,735,1943,706,11127,5562,3808,165,-736,363,559,331,397,0
2387253,736,736,1606,1906,7815,3161,3668,191,-1077,-497,827,349,333,0
2390587,737,737,1793,2300,-184,-2373,1549,163,-651,18,565,339,312,0
2393913,738,738,1568,1925,-4008,-4117,1425,134,-18,299,286,351,332,0
2397253,740,739,856,2056,-5461,-2522,1261,112,-364,325,-15,389,341,0
2400587,741,740,368,1943,-6802,825,936,72,365,-45,560,415,347,0
2403916,742,741,50,1587,-5209,655,591,8,-33,112,254,412,346,0
2407254,744,742,0,1231,-5697,797,938,-36,-450,372,-299,413,365,0
2410588,745,743,143,1043,-8755,2011,1604,-45,140,-219,-14,391,375,0
2413919,746,745,293,500,-9751,688,1720,-18,601,3,337,383,388,0
2417275,747,746,593,275,-4248,51,1964,55,-239,58,141,367,400,0
2420612,748,747,593,387,-4846,720,1794,133,431,-38,-13,367,394,0
2423922,749,749,631,181,-5698,1956,225,162,782,169,309,365,389,0
2427279,750,750,1100,31,-1638,2727,372,209,326,-18,168,356,413,0
2430615,752,751,556,0,3180,2438,165,271,-697,141,-124,353,407,0
2433926,753,752,1718,593,894,2262,-916,305,347,-170,497,343,403,0
2437279,754,754,1793,125,1896,1967,-1798,319,771,-231,384,323,412,0
2440619,755,755,1943,443,5651,-191,-2758,318,-105,-223,310,315,395,0
2443929,755,756,2318,387,6124,-2283,-3445,303,179,276,122,311,398,0
2447279,757,758,1287,331,7441,-3213,-4763,257,270,126,-29,350,385,0
2450621,758,759,706,593,9844,-2291,-4812,210,-299,-41,-213,381,371,0
2453932,759,760,406,706,8673,-2179,-4608,157,-226,-242,-318,413,381,0
2457280,760,761,631,462,6336,-2592,-3690,113,657,174,159,401,394,0
2460621,762,763,668,12,8243,-2120,-3680,41,-535,-246,-73,383,402,0
2463936,763,764,556,668,5756,-4176,-2356,30,-606,-89,156,389,367,0
2467280,764,765,0,668,1740,-5156,-3126,-17,-774,-238,336,401,347,0
2470621,765,766,0,706,-6520,-4859,-4031,-122,236,217,298,407,345,0
2473938,767,767,0,425,-6544,-3852,-3296,-267,1396,149,-226,402,360,0
2477280,768,768,87,612,-3459,-2204,-2666,-432,-593,-113,-532,394,366,0
2480622,769,769,275,893,-3826,-464,-2156,-601,124,110,245,384,351,0
2483943,770,770,275,1100,-5002,227,-2313,-783,197,-9,369,384,340,0
2487281,771,771,687,1531,-5008,1131,-1209,-925,-112,91,233,362,317,0
2490622,772,772,1100,1287,-4838,250,-1067,-1077,419,-94,399,340,330,0
2493945,773,773,1193,1175,-2485,-243,-825,-1217,588,693,169,335,336,0
2497302,774,775,1943,818,523,122,-185,-1272,-42,195,589,315,359,0
2500623,775,776,2168,781,313,846,-22,-1317,12,286,363,303,361,0
2503948,776,777,2487,781,-486,711,-339,-1367,225,317,306,286,361,0
2507305,777,778,2787,1193,448,2131,216,-1389,427,291,657,286,355,0
2510622,778,779,2393,1381,2382,2665,747,-1384,-55,440,534,307,345,0
2513951,779,780,2225,1550,2175,3107,511,-1398,376,373,648,316,336,0
2517305,780,781,1400,1681,3710,3662,659,-1427,-89,178,474,360,329,0
2520623,780,782,2900,1981,4488,3507,585,-1463,157,-48,493,296,313,0
2523955,781,783,2412,2525,3807,1360,4,-1524,-969,247,658,322,300,0
2527305,782,783,1906,2393,-1417,-819,-802,-1605,-442,183,364,345,303,0
2530648,783,784,1793,2187,-5617,-3408,-1059,-1645,-85,450,356,351,314,0
2533958,784,785,1943,1700,-5484,-4131,-1194,-1694,86,467,106,343,340,0
2537306,786,786,1437,950,-5493,-4086,-274,-1708,-546,500,-19,354,380,0
2540649,787,787,856,987,-7999,-3406,-323,-1689,284,125,130,385,378,0
2543961,788,789,387,425,-8884,-2424,333,-1623,-17,246,-109,410,392,0
2547306,790,790,68,556,-9344,-1682,12,-1536,44,-119,-329,411,385,0
2550649,791,791,181,368,-8796,-3617,586,-1410,881,365,471,405,395,0
2553964,792,793,500,0,-2874,-2819,1357,-1219,-28,194,376,388,402,0
2557337,793,794,1512,668,-1884,-673,1092,-1034,-221,-79,44,370,399,0
2560649,794,795,1268,725,-3763,597,-4,-891,547,-192,-130,383,396,0
2563967,796,797,1587,743,-2157,545,-9,-776,389,424,437,366,395,0
2567307,797,798,1175,31,1797,1368,-279,-669,530,242,237,372,417,0
2570650,798,799,1043,275,4564,3099,-1156,-632,430,259,-6,379,404,0
2573970,799,801,1118,275,5795,4271,-1055,-567,520,69,272,375,404,0
2577328,800,802,1568,237,8853,4955,-1221,-479,106,67,-90,367,406,0
2580650,801,803,1400,575,9097,5574,-1814,-433,-380,13,-264,376,388,0
2583974,803,804,893,575,6751,4669,-2330,-422,-490,-34,-26,403,388,0
2587331,804,806,687,387,4519,3904,-2696,-439,-319,-37,-41,398,382,0
2590650,805,807,406,162,2325,3099,-2664,-450,81,253,203,393,374,0
2593978,806,808,500,256,2470,2986,-2531,-492,207,113,274,388,369,0
2597332,808,809,68,181,3407,3742,-1937,-519,-657,26,-146,395,373,0
2600650,809,810,200,256,673,4453,-1817,-550,-215,-123,38,388,369,0
2603980,810,811,12,350,-1304,4662,-1460,-590,117,-77,-270,398,364,0
2607332,811,813,350,481,-1366,4572,-468,-604,-94,18,133,396,357,0
2610674,813,814,143,406,-1217,3873,-231,-600,47,-332,225,391,361,0
2613984,814,815,0,406,-1800,2526,-162,-612,-390,-213,35,400,361,0
2617332,815,816,556,500,-2589,1397,272,-627,-17,-342,322,369,356,0
2620675,816,817,1100,837,-1704,-533,715,-620,261,-169,405,360,358,0
2623986,817,818,1100,631,165,-1191,1705,-588,-569,-64,326,360,369,0
2627332,818,819,1156,893,-176,-2145,1901,-547,-65,279,333,357,355,0
2630678,819,821,1643,781,-858,-2765,1701,-494,44,-117,294,331,345,0
2633990,820,822,1418,800,-529,-4049,2043,-405,383,-420,649,343,344,0
2637333,821,823,1643,1493,-46,-5216,1777,-316,-619,405,393,347,323,0
2640678,822,824,2000,1081,-3486,-3908,76,-276,85,252,546,328,345,0
2643993,824,825,912,1212,-4576,-1524,977,-237,-108,133,651,370,338,0
2647333,825,826,218,1400,-6657,-998,-47,-229,99,457,1038,407,328,0
2650707,826,827,0,1212,-5088,-389,-1266,-279,6,378,600,416,334,0
2653997,828,828,0,856,-3916,118,-2221,-348,-121,262,21,413,337,0
2657355,829,829,0,1325,-4019,210,-2377,-441,-286,79,-142,406,328,0
2660679,830,830,50,1081,-5910,-437,-2305,-555,642,-484,-66,396,341,0
2664000,831,831,631,706,-3437,-674,-677,-611,656,386,211,365,361,0
2667356,832,832,762,650,696,1706,1417,-566,80,411,31,358,364,0
2670678,833,833,706,818,2807,3749,1454,-521,832,-249,109,361,355,0
2674002,835,834,762,837,5182,4771,2072,-447,782,-387,429,358,354,0
2677357,836,835,593,575,8297,4559,3071,-315,-228,-586,-28,351,368,0
2680679,837,837,800,256,5231,3773,2502,-204,-802,-543,337,340,369,0
2684006,838,838,1925,1268,176,2945,683,-144,526,-437,399,348,383,0
2687357,839,839,1850,1550,-1057,464,-822,-113,483,-439,789,368,384,0
2690680,840,840,1718,1437,1815,-2585,-2005,-103,-500,-376,648,375,390,0
2694009,841,841,1606,1437,-34,-5137,-3373,-124,567,-83,404,381,390,0
2697357,842,843,1737,912,819,-6283,-3079,-137,-138,189,338,374,402,0
2700681,844,844,1325,687,1398,-4962,-2687,-142,-84,154,132,380,414,0
2704012,845,845,1306,950,1214,-3543,-2674,-165,-183,-14,223,381,400,0
2707357,846,847,912,462,859,-2987,-1989,-171,-147,148,-99,418,426,0
2710681,848,848,143,143,-266,-2335,-2523,-204,40,-88,-120,443,443,0
2714015,849,849,12,293,-1082,-2902,-3016,-284,204,-230,-28,430,415,0
2717358,850,851,0,0,-2151,-3790,-2700,-361,-100,-125,90,431,439,0
2720684,852,852,0,0,-3397,-3739,-1911,-415,-465,-84,-20,417,419,0
2724018,853,854,106,31,-4819,-4304,-1150,-460,170,-62,-33,409,413,0
2727358,854,855,87,0,-5818,-5847,-1842,-540,-161,-9,-89,410,415,0
2730687,856,856,68,125,-5503,-5667,-2085,-658,-20,245,-120,395,392,0
2734022,857,857,0,181,-3184,-3914,-1715,-771,206,-17,212,401,389,0
2737357,858,859,687,237,-1950,-2530,-994,-855,-27,5,279,378,386,0
2740691,859,860,368,0,-1230,-2348,-853,-946,378,-208,182,379,386,0
2744025,860,861,1212,631,-51,-3388,-711,-1024,190,-49,69,370,385,0
2747382,862,862,837,650,1143,-4012,-785,-1050,-490,117,43,374,384,0
2750694,863,864,1025,368,-243,-3529,-1069,-1114,-39,78,190,364,383,0
2754028,864,865,1062,856,-709,-2282,-984,-1144,-117,340,174,362,357,0
2757385,865,866,931,1175,247,375,58,-1102,-45,278,480,369,340,0
2760697,866,867,800,1231,-201,1239,514,-1017,106,199,405,376,337,0
2764032,867,868,1381,1362,-627,2548,835,-916,-81,292,212,361,346,0
2767390,868,869,1306,1587,-256,3954,1366,-802,63,305,518,365,334,0
2770700,870,870,668,1531,422,4473,1643,-729,3,211,237,383,337,0
2774034,871,871,743,1343,517,4866,2124,-707,-109,195,236,379,347,0
2777392,872,872,162,1043,-162,5715,2846,-664,-260,114,17,390,343,0
2780703,873,873,106,1100,-1344,6162,3344,-624,52,346,124,393,340,0
2784038,875,874,181,1081,-1317,6218,3657,-606,-95,218,-18,389,341,0
2787392,876,875,200,837,-1553,6168,3616,-571,135,85,-354,388,370,0
2790706,877,877,125,350,-1847,6133,3606,-479,122,139,44,392,380,0
2794041,878,878,275,256,-1830,6956,3085,-357,-121,87,-151,384,385,0
2797392,879,879,443,425,-646,7793,2311,-222,-90,-129,-60,375,376,0
2800710,880,880,350,181,-992,6378,1316,-76,-44,-295,215,380,389,0
2804044,882,881,293,218,-1338,4512,2176,87,-132,39,-119,367,387,0
2807392,883,883,1343,162,-173,2357,3210,272,1051,-473,682,331,394,0
2810713,884,884,1268,0,3521,89,2124,422,305,-642,471,335,408,0
2814047,885,885,1400,406,6694,-2189,2675,567,515,-327,350,328,381,0
2817393,886,886,1493,856,9282,-3920,3451,754,216,216,42,339,373,0
2820716,887,887,1137,1006,9365,-3937,2614,930,-74,70,85,358,365,0
2824051,888,889,912,631,7874,-4859,2659,1097,-81,-139,49,370,369,0
2827392,889,890,687,1812,6432,-5410,2593,1238,-308,-60,-60,382,306,0
2830719,890,891,687,2262,5210,-5474,1277,1314,19,-331,56,382,282,0
2834054,892,891,575,1793,5007,-4727,1,1372,-90,-197,60,388,323,0
2837393,893,892,0,1437,4248,-5905,-516,1421,-189,124,143,400,338,0
2840722,894,893,237,837,-1758,-4683,-919,1445,-1012,-120,793,386,370,0
2844058,895,895,293,275,-6417,-4941,-236,1469,231,-49,712,383,384,0
2847393,896,896,143,650,-4930,-6400,867,1523,1238,577,480,391,364,0
2850726,898,897,256,875,-958,-2473,-1262,1506,-120,416,-69,369,352,0
2854061,899,898,1081,725,438,1434,-56,1528,-142,-14,833,341,360,0
2857419,900,899,912,687,2614,3677,1507,1609,340,-547,643,334,362,0
2860729,901,900,1418,631,2889,3154,1100,1674,-344,-348,737,323,365,0
2864063,902,901,1606,706,2346,2577,1360,1715,-335,99,696,313,361,0
2867447,902,903,2262,1193,164,3705,524,1715,428,-70,724,314,355,0
2870732,904,904,1756,1156,2330,3678,647,1709,114,-532,528,341,357,0
2874066,905,905,1456,1418,1584,1048,432,1680,-1099,-21,583,357,343,0
2877419,906,906,1193,1887,-3398,-384,359,1640,-292,-66,549,355,318,0
2880735,907,907,1306,1662,-3927,-2316,236,1581,226,160,475,349,330,0
2884070,908,908,1100,2075,-2027,-3343,-448,1478,-318,-47,-41,360,324,0
2887420,909,909,743,1718,-4756,-4027,544,1390,-294,19,140,395,343,0
2890738,910,910,556,1437,-6806,-5075,534,1293,254,112,-77,405,358,0
2894074,912,911,0,1250,-6306,-5780,490,1195,-44,434,54,424,368,0
2897420,913,912,462,1137,-5440,-4846,808,1108,-46,-19,246,394,374,0
2900742,914,913,31,818,-4501,-4900,913,1040,-277,100,-85,397,371,0
2904076,915,914,12,1175,-5570,-5447,747,991,-192,295,-50,398,352,0
2907420,917,915,237,1268,-5709,-6147,1375,993,482,-172,248,370,347,0
2910746,918,916,406,1137,-2732,-5330,1949,986,-113,96,221,361,354,0
2914080,919,918,537,1100,-2734,-4681,2416,961,309,421,11,354,356,0
2917421,920,919,856,818,-2237,-3472,1336,936,214,468,41,353,371,0
2920748,921,920,837,537,-691,-2111,1231,891,788,138,392,354,386,0
2924083,922,921,1006,537,4633,-2036,1435,828,116,148,107,345,386,0
2927421,923,923,931,106,6689,-1335,1177,783,-209,196,56,349,393,0
2930751,924,924,1437,593,6707,-812,725,723,191,10,57,342,387,0
2934086,925,925,1081,406,8120,-732,589,660,96,-9,56,361,397,0
2937421,927,926,650,518,10538,-336,-212,614,-49,128,41,368,391,0
2940755,928,927,687,706,11324,146,-983,583,72,205,-141,366,381,0
2944089,929,929,818,331,11942,480,-1862,541,227,-52,98,359,385,0
2947445,930,930,875,256,13680,438,-2207,501,29,60,-330,372,405,0
2950758,931,931,631,350,13487,987,-2535,429,-216,108,-302,385,400,0
2954092,932,933,800,350,12528,758,-2892,311,-403,80,-218,376,400,0
2957449,934,934,481,556,8961,-238,-2002,288,-811,-97,-126,377,373,0
2960761,935,935,556,237,4536,-1190,-2016,227,-398,-25,312,369,386,0
2964095,936,936,293,575,1031,-2351,-1072,146,-1149,185,269,367,352,0
2967454,937,937,687,1325,-5588,-2453,-857,85,360,315,32,362,328,0
2970764,938,938,500,856,-5784,-1899,-722,20,-117,428,-114,372,353,0
2974099,939,939,425,818,-6167,-767,453,18,-310,500,-85,376,355,0
2977457,940,940,350,1062,-8776,692,344,8,-68,-261,103,380,342,0
2980767,942,941,256,1231,-9358,1451,246,3,-247,-201,-132,369,333,0
2984102,943,943,537,1212,-10902,1513,627,11,-417,-186,49,354,334,0
2987458,944,943,537,687,-14128,1614,921,32,211,32,-253,354,362,0
2990770,945,945,312,162,-14142,2354,808,72,-12,132,-79,366,374,0
2994105,946,946,406,406,-13497,3598,747,78,85,87,-127,381,381,0
2997457,947,947,1006,612,-12366,4936,355,72,1069,-9,710,365,386,0
3000774,948,949,1812,368,-6649,4208,405,70,510,-327,857,322,399,0
