Time, Rlegs, Llegs, DCL, DCR, GyroX, GyroY, GyroZ, GyroZAvg, AccelX, AccelY, AccelZ, LBEMF, RBEMF, SteerOut
772,907,945,1268,0,-123,-78,244,242,-29,-1,225,80,81,0
4124,907,945,1250,0,-125,-77,243,242,-31,-3,228,81,81,0
7460,907,945,1268,0,-123,-77,243,242,-30,-7,228,80,80,0
10776,907,945,1268,0,-122,-75,241,242,-28,-7,229,80,80,0
14124,907,945,1250,0,-124,-76,241,242,-32,-7,227,81,81,0
17465,907,945,1268,0,-122,-75,241,242,-29,-7,229,80,81,0
20779,907,945,1268,0,-120,-76,243,242,-29,-7,221,80,81,0
24124,907,945,1268,0,-124,-74,243,242,-27,-10,226,80,80,0
27465,907,945,1268,0,-122,-75,243,242,-31,-5,230,80,80,0
30782,907,945,1250,0,-122,-77,243,242,-27,-10,229,81,81,0
34125,907,945,1268,0,-122,-76,242,242,-28,-10,223,80,80,0
37466,907,945,1268,0,-123,-76,240,242,-27,-9,226,80,81,0
40785,907,945,1268,0,-123,-76,242,242,-29,-8,223,80,80,0
44125,907,945,1250,0,-123,-78,241,242,-29,-7,227,81,80,0
47467,907,945,1250,0,-122,-79,243,242,-29,-3,223,81,80,0
50788,907,945,1268,0,-124,-78,242,242,-31,-8,223,80,80,0
54125,907,945,1268,0,-123,-78,243,242,-28,-8,232,80,80,0
57466,907,945,1268,0,-123,-79,243,242,-31,-5,227,80,81,0
60791,907,945,1268,0,-126,-80,241,242,-30,-6,228,80,80,0
64146,907,945,1250,0,-125,-78,242,242,-31,-5,227,81,81,0
67467,907,945,1268,0,-121,-79,242,242,-31,-10,227,80,80,0
70795,907,945,1250,0,-120,-78,243,242,-29,-7,227,81,80,0
74150,907,945,1268,0,-121,-79,243,242,-24,-12,226,80,80,0
77467,907,945,1250,0,-123,-79,244,242,-28,-6,228,81,81,0
80798,907,945,1268,0,-122,-78,242,242,-29,-6,230,80,80,0
84151,907,945,1268,0,-124,-76,243,242,-26,-5,225,80,81,0
87468,907,945,1268,0,-121,-77,245,242,-27,-7,224,80,80,0
90801,907,945,1268,0,-123,-76,242,242,-27,-9,227,80,80,0
94150,907,945,1250,0,-122,-74,244,242,-29,-8,228,81,80,0
97491,907,945,1250,0,-123,-75,242,242,-28,-8,231,81,80,0
100804,907,945,1250,0,-120,-76,243,242,-31,-8,226,81,81,0
104151,0,0,0,0,-125,-73,243,242,-28,-10,227,81,80,0
107493,0,0,0,0,-123,-77,243,242,-30,-5,225,80,80,0
110807,0,0,0,0,-123,-76,246,242,-29,-8,227,81,81,0
114151,0,0,0,0,-123,-77,243,242,-28,-6,224,80,80,0
117494,0,0,0,0,-123,-78,242,242,-30,-11,230,80,80,0
120811,0,0,0,0,-125,-79,244,242,-27,-7,229,80,81,0
124151,0,0,0,0,-124,-78,244,242,-25,-8,224,80,80,0
127494,0,0,0,0,-122,-78,240,242,-27,-8,225,81,80,0
130814,0,0,0,0,-124,-78,241,242,-26,-7,228,81,80,0
134151,0,0,0,0,-123,-79,243,242,-26,-6,228,80,80,0
137494,0,0,0,0,-122,-78,242,242,-32,-5,228,81,80,0
140818,0,0,0,0,-124,-77,242,242,-27,-4,223,80,80,0
144152,0,0,0,0,-123,-77,242,242,-32,-7,228,80,80,0
147494,0,0,0,0,-124,-77,242,242,-32,-4,231,80,80,0
150820,0,0,0,0,-124,-78,243,242,-26,-8,225,80,80,0
154176,0,0,0,0,-123,-78,244,242,-28,-8,225,80,80,0
157494,0,0,0,0,-122,-76,242,242,-32,-5,227,81,80,0
160823,0,0,0,0,-124,-74,242,242,-26,-4,230,80,80,0
164176,0,0,0,0,-123,-75,245,242,-29,-2,231,81,81,0
167495,0,0,0,0,-120,-75,240,242,-27,-6,220,80,80,0
170827,0,0,0,0,-122,-76,242,242,-30,-11,224,80,80,0
174177,0,0,0,0,-123,-77,240,242,-27,-9,224,80,80,0
177495,0,0,0,0,-123,-77,242,242,-28,-10,227,81,80,0
180831,0,0,0,0,-121,-77,242,242,-29,-6,229,80,80,0
184177,0,0,0,0,-123,-77,243,242,-29,-9,226,81,80,0
187520,0,0,0,0,-122,-78,242,242,-27,-8,226,81,80,0
190833,0,0,0,0,-124,-79,242,242,-28,-6,230,81,81,0
194177,0,0,0,0,-125,-77,241,242,-30,-3,226,80,81,0
197522,0,0,0,0,-125,-80,243,242,-25,-9,228,80,80,0
200837,0,0,0,0,-122,-80,243,242,-31,-7,230,80,80,0
204180,0,0,2187,2168,-125,-79,241,242,-65,-20,219,80,81,0
207526,1,0,68,593,-170,-129,243,242,-82,-15,180,193,181,0
210839,1,0,368,687,-393,-111,308,244,-7,8,185,193,192,0
214180,1,1,687,425,-314,34,244,244,-28,10,207,192,206,0
217527,2,1,443,537,-284,4,282,245,-37,25,293,205,216,0
220843,2,2,856,593,-312,-129,28,238,26,62,188,199,213,0
224181,3,3,706,293,-165,-4,-173,225,29,83,224,207,229,0
227526,4,3,518,331,-31,138,-354,207,-102,63,323,217,243,0
230846,4,4,631,443,-39,662,-655,179,28,111,250,227,237,0
234204,5,5,481,256,194,871,-971,141,27,50,312,235,247,0
237527,5,5,912,387,357,812,-1334,92,-67,76,239,228,256,0
240849,6,6,406,293,-408,704,-1655,32,-65,94,296,238,244,0
244204,7,7,893,425,-977,230,-1695,-27,-186,-29,370,212,237,0
247527,7,7,818,725,-1403,-773,-1429,-80,-61,6,371,232,237,0
250853,8,8,912,931,-951,-1692,-1309,-128,-24,154,330,227,226,0
254204,8,8,1775,1456,-811,-1717,-882,-163,-52,-63,353,197,214,0
257528,9,9,1662,1362,-761,-1394,-315,-181,-20,-163,334,203,219,0
260855,9,10,1962,1625,-511,-1255,9,-188,-49,-208,322,203,205,0
264205,10,10,1775,1887,-675,-1472,186,-190,-167,70,216,213,207,0
267528,11,11,1156,1625,-1015,-1531,369,-186,-276,39,239,246,221,0
270859,11,11,500,1662,-1883,-2307,664,-173,-68,229,178,281,219,0
274232,12,12,1250,2037,-2386,-3094,245,-172,-124,276,223,274,232,0
277528,13,12,1006,1718,-2949,-3350,-35,-181,-352,131,109,271,249,0
280862,14,13,537,1756,-3932,-2389,769,-165,-337,184,34,296,247,0
284206,15,14,312,1906,-5863,-997,1465,-126,-708,323,-92,324,255,0
287531,16,15,0,1362,-7877,64,1096,-100,260,207,88,337,268,0
290865,17,15,181,1512,-7798,-328,1833,-50,540,-87,287,315,276,0
294206,18,16,312,1100,-5227,-1010,1513,-10,425,-226,9,324,314,0
297535,19,17,668,800,-2205,-2552,1497,28,-102,-67,200,305,330,0
300868,20,18,762,500,-720,-2789,1470,66,233,61,160,300,330,0
304206,20,19,1100,706,17,-2848,2505,137,87,-2,374,298,335,0
307537,21,20,1006,1062,2083,-2691,3079,226,475,40,180,303,316,0
310871,22,22,856,875,5783,-2436,4570,361,59,0,180,309,324,0
314230,23,23,818,406,6652,-1607,4933,508,279,111,66,311,333,0
317541,24,24,706,256,6010,-808,4576,641,-496,231,112,317,341,0
320875,25,25,668,1006,3012,553,4016,759,-219,-39,324,319,317,0
324230,26,26,875,837,2174,757,3632,864,594,247,225,308,310,0
327543,27,27,987,706,4035,2143,3292,966,-34,3,262,302,317,0
330878,28,28,1250,1287,3739,1858,2419,1047,-317,50,337,288,302,0
334234,29,28,1906,1212,1631,651,1471,1104,286,-32,481,253,306,0
337547,29,29,2206,1362,1879,-976,535,1141,-246,217,431,253,298,0
340881,30,30,1962,1250,11,-2317,-1269,1131,235,-16,394,266,304,0
344239,31,31,1718,1137,-38,-2826,-2362,1099,-6,208,320,281,312,0
347550,32,32,1475,1418,611,-2665,-3301,1048,-205,226,139,294,297,0
350885,33,33,1587,1156,-718,-1763,-4716,953,78,-7,158,288,311,0
354239,34,34,1006,762,-1412,-1803,-5312,832,-154,245,98,319,332,0
357553,35,35,518,593,-2377,-1623,-5534,700,-171,26,36,345,341,0
360887,36,36,312,518,-3905,-1676,-5238,564,-112,-27,-89,356,345,0
364240,37,37,406,837,-4920,-2243,-4999,418,264,-86,192,351,328,0
367557,38,38,462,875,-4017,-2696,-4906,264,75,-120,-114,348,326,0
370891,39,39,518,556,-3550,-2701,-4721,111,-373,77,-122,345,343,0
374240,40,41,425,87,-4408,-2596,-5295,-65,-272,-33,-250,350,352,0
377559,41,42,312,162,-5914,-2410,-4898,-239,65,203,91,356,348,0
380894,43,43,0,0,-5657,-1882,-4145,-376,516,43,276,363,354,0
384241,44,44,87,87,-3454,-230,-2941,-467,-40,252,25,335,335,0
387563,44,45,1268,331,-3322,2292,-1771,-547,348,-121,179,288,322,0
390897,45,46,1718,350,-2159,4287,-579,-610,463,-154,164,264,321,0
394241,46,47,1493,312,-877,4223,851,-618,60,-15,544,276,323,0
397566,47,48,950,106,-449,4169,1199,-638,395,218,485,289,318,0
400900,48,49,950,0,1619,4407,1605,-635,382,90,72,289,325,0
404242,49,50,912,0,4609,4299,1773,-626,103,20,87,291,327,0
407569,50,51,668,0,6093,4282,1338,-631,-228,331,115,304,324,0
410903,51,52,1306,368,6698,5223,307,-699,-402,238,255,286,304,0
414241,51,53,1400,687,5188,5965,-73,-798,-61,230,321,281,287,0
417572,52,54,1231,968,4269,6888,-494,-956,-86,30,193,307,289,0
420907,53,54,518,1437,2894,7998,-34,-1111,-775,-306,-223,345,280,0
424266,54,55,312,2000,-857,5799,-1039,-1287,-694,-446,575,356,250,0
427575,56,56,0,1850,-5792,2714,-1087,-1446,-531,-61,559,363,258,0
430910,57,57,31,1512,-9492,-705,-508,-1576,416,-171,271,355,276,0
434266,58,58,443,1212,-8099,-2853,17,-1678,213,-234,271,333,292,0
437579,59,58,537,1418,-6367,-4920,692,-1732,222,31,258,328,297,0
440913,60,60,293,837,-3976,-5475,2164,-1710,-721,704,-221,341,328,0
444267,61,61,0,87,-5474,-2562,2040,-1663,725,-428,395,361,352,0
447583,62,62,200,0,-4393,-2364,2440,-1547,1197,-97,963,346,364,0
450917,63,63,593,0,4729,-1488,2970,-1381,581,63,428,325,359,0
454267,64,64,462,0,7556,-423,3453,-1170,-384,92,-461,330,362,0
457586,65,65,537,0,6604,1229,4307,-888,676,-275,41,326,357,0
460920,66,66,743,87,9109,1038,3964,-598,406,-150,184,315,350,0
464268,67,68,668,0,11447,399,3862,-304,-65,59,431,319,349,0
467589,68,69,818,0,9570,148,3504,-31,-411,-155,270,311,342,0
470923,69,70,968,106,3507,-632,1142,160,-9,-229,439,303,333,0
474268,70,71,1137,1100,1294,-876,-755,290,-126,-281,452,294,280,0
477592,71,71,1231,1756,102,-1519,-2356,364,-246,-191,700,289,261,0
480926,71,72,1793,1775,-1840,-2268,-4438,390,136,-22,601,275,260,0
487595,73,74,1700,1700,-1870,-1911,-6876,273,-80,154,659,282,266,0
490929,74,74,1775,1681,-1210,-1358,-7189,141,722,195,505,278,283,0
494268,75,75,1587,1493,-458,-884,-7065,-24,24,355,341,304,309,0
497598,76,76,856,912,-806,-346,-6884,-221,-148,414,-50,327,324,0
500932,77,77,368,893,-3020,323,-6332,-445,125,71,181,353,325,0
504269,78,78,950,1062,-3683,755,-6488,-686,480,121,-170,338,332,0
507601,79,79,1025,743,-1924,1612,-6868,-950,-89,158,88,334,349,0
510935,80,81,537,87,-1478,1941,-6564,-1211,-131,-324,-202,344,368,0
517604,82,83,593,125,-1760,184,-5519,-1603,-417,-204,-246,357,366,0
520939,83,84,293,0,-3062,272,-5363,-1768,143,372,139,356,377,0
524297,84,85,500,162,-3745,1304,-5088,-1912,225,-3,-25,345,347,0
527607,86,86,87,68,-3111,1772,-4486,-2051,179,5,-96,335,336,0
530942,87,87,443,312,-813,1708,-4707,-2165,293,-8,176,332,323,0
534297,88,88,237,181,959,1904,-4563,-2274,197,133,157,327,330,0
537611,89,89,125,256,2122,2315,-3487,-2367,-32,-213,107,333,326,0
540945,90,90,500,218,2581,2130,-3086,-2464,152,-196,-136,329,328,0
544302,91,92,200,0,3130,1164,-3452,-2594,42,-24,86,329,334,0
547614,92,93,237,218,3273,793,-3504,-2771,189,99,-29,327,328,0
550948,93,94,125,218,4146,1454,-3090,-2931,44,133,80,333,328,0
554306,94,95,293,181,4515,2135,-2882,-3097,-228,-84,-18,324,314,0
557618,95,96,575,668,3848,1907,-1831,-3247,-337,-280,233,326,305,0
560951,96,96,293,1737,803,-1037,-1372,-3398,-771,-503,140,341,264,0
564306,97,97,518,1700,-1950,-4609,-924,-3562,-695,-228,376,329,266,0
567621,98,98,387,1475,-5460,-7018,280,-3677,425,80,178,336,278,0
570956,99,99,425,1193,-6209,-8009,601,-3779,674,109,435,334,293,0
574306,100,100,181,1006,-2202,-7778,1317,-3847,-224,250,243,347,303,0
577624,101,101,12,650,-1661,-6317,1534,-3835,-66,354,18,356,322,0
580959,102,102,31,668,-3077,-4761,1086,-3777,-686,362,-26,355,321,0
584307,103,103,0,293,-5883,-2758,1230,-3665,101,-33,162,359,341,0
587627,104,104,218,443,-7044,-2607,1456,-3481,513,324,766,345,333,0
590961,105,105,481,518,-2653,-302,1840,-3239,218,395,532,331,329,0
594306,107,106,68,425,-155,2058,2446,-2947,46,186,242,335,332,0
597630,108,107,106,237,484,3653,3157,-2624,91,-15,15,333,342,0
600964,109,108,631,312,2380,4697,3978,-2279,876,149,372,321,338,0
604307,109,109,893,237,6248,4934,3527,-1954,-912,-301,576,307,342,0
607633,110,110,1268,293,4803,2937,2531,-1677,-198,-385,471,287,339,0
610967,111,111,1156,856,1734,1228,1121,-1439,763,-197,376,293,309,0
617636,113,113,1362,1193,2336,-2363,-566,-1003,-229,-439,897,282,291,0
620971,114,114,1306,1156,-2369,-4255,-2249,-905,-2,125,510,285,293,0
624328,115,115,1231,1006,-3234,-3961,-2468,-810,209,-40,590,289,301,0
627639,116,116,1081,893,-2817,-2428,-1853,-700,-247,163,488,299,309,0
630974,116,117,1681,1062,-2298,-1067,-1630,-592,-33,100,259,283,316,0
634331,117,118,1437,537,-3670,-159,-1536,-500,153,192,124,296,328,0
637643,118,119,1381,406,-3999,170,-2887,-443,296,-202,33,299,335,0
640977,119,120,1250,256,-1980,-1197,-2709,-385,-29,154,126,306,343,0
644332,120,121,987,162,-2289,-1540,-2988,-369,-118,20,-119,320,348,0
647646,121,122,668,106,-3402,-1955,-2316,-345,-247,98,-2,337,351,0
650980,122,123,650,87,-4666,-2435,-2452,-314,169,-61,102,338,352,0
654333,123,124,462,125,-5234,-2251,-2455,-281,424,133,221,348,350,0
657649,124,126,406,125,-4397,-2424,-2101,-250,-10,128,121,351,350,0
660983,126,127,237,87,-4455,-1845,-1729,-214,-165,180,-245,360,352,0
664333,127,128,0,0,-4914,-1172,-1782,-213,-100,53,-44,367,336,0
667652,128,129,0,12,-6340,-479,-1499,-217,126,38,-88,362,323,0
670987,129,130,0,312,-5200,639,-906,-216,17,79,243,355,307,0
674333,130,131,143,218,-4647,1777,-307,-234,144,-277,-47,332,312,0
677655,131,132,425,12,-4015,1977,879,-226,253,-407,265,317,323,0
680991,132,133,687,0,-2348,1128,1826,-210,236,-253,67,303,326,0
684332,133,134,781,181,-1300,859,2180,-190,151,-101,201,298,314,0
687659,134,135,800,31,-839,831,2832,-135,481,7,8,297,322,0
690994,135,136,1025,0,715,1321,3034,-79,16,395,34,301,324,0
694333,135,137,800,200,1154,2730,2958,-32,-135,197,-27,313,313,0
697662,136,138,1193,462,-196,3742,2926,1,-78,33,7,309,316,0
700997,138,139,462,575,-396,3796,3028,19,280,-43,-71,332,310,0
704354,138,140,612,406,774,3074,2856,10,144,50,117,340,319,0
707665,140,140,593,687,1820,2329,2812,-26,165,-22,-41,341,320,0
714358,142,143,275,162,3073,2667,3103,-26,232,73,-37,342,332,0
717668,143,144,293,125,3383,2776,3134,36,-99,-78,146,341,334,0
721003,144,145,143,0,3317,2393,2983,95,83,-63,-47,349,342,0
724358,145,146,143,818,3288,1667,3359,217,-224,-378,80,349,297,0
727671,146,147,143,762,300,-1141,3571,399,-598,-339,169,349,300,0
731006,147,148,256,1212,-2513,-3383,3728,593,305,-298,228,343,292,0
734358,148,148,593,706,-2036,-4692,4127,780,1185,-50,508,323,317,0
737675,149,150,612,31,5410,-4189,5302,996,1237,-341,1356,322,337,0
741009,150,151,706,350,10351,-4134,6929,1261,-252,-237,160,317,336,0
744359,151,152,500,106,10104,-3978,7353,1581,-230,166,-34,328,333,0
747678,152,153,781,162,8519,-2837,6834,1879,596,-526,39,313,330,0
751012,153,154,1043,256,10308,-3694,6745,2183,145,-356,192,299,325,0
754359,154,155,1043,556,10761,-5134,6621,2462,-618,184,-111,299,309,0
757682,155,156,1343,818,6956,-4995,5314,2705,-1,91,359,283,295,0
761015,156,156,1268,1418,5804,-5267,4101,2910,-1058,542,261,287,279,0
764359,156,157,1587,1625,1668,-3952,1859,3034,-774,237,883,286,268,0
767684,157,158,1925,2131,-4373,-1939,-1838,3030,-6,414,802,270,243,0
771019,158,159,2337,2375,-3611,-468,-3405,2980,-25,177,749,248,230,0
774359,159,159,2506,2487,-1156,1125,-4338,2891,-300,114,714,239,240,0
777688,159,160,2712,2412,1301,1058,-5057,2761,-235,77,747,244,244,0
781022,160,160,2112,2750,1363,931,-4324,2636,-846,-8,431,276,242,0
784380,161,161,1550,2637,-1755,1114,-4113,2480,87,-65,475,306,248,0
787691,162,162,1362,1775,-1595,-53,-3424,2316,218,268,191,316,294,0
791049,163,162,1475,2056,-785,-71,-2820,2159,-196,245,51,310,295,0
794380,164,163,1343,1793,-958,64,-3060,1975,160,215,203,317,309,0
797694,165,164,1362,1512,-1121,-226,-3317,1777,-207,233,257,316,324,0
801052,166,165,1137,1343,-26,-1841,-2841,1596,128,377,112,328,333,0
804385,167,166,612,1193,-320,-1918,-2743,1418,169,-244,-45,339,324,0
807697,168,168,350,743,-44,-3102,-3137,1226,83,-223,289,353,348,0
811055,169,169,612,181,2761,-474,-3244,1035,-1193,-191,205,339,362,0
814385,170,170,518,0,73,-1188,-2019,884,17,41,324,344,392,0
817700,171,171,837,31,-750,-3040,-463,778,242,25,-43,327,370,0
821059,172,172,912,125,3073,-4283,-1276,641,-247,54,-311,323,365,0
824385,173,173,1025,256,3614,-3882,-1328,502,-252,245,310,317,358,0
827704,174,175,593,50,3435,-2859,-1913,349,200,-17,74,324,353,0
831062,175,176,800,200,4387,-2884,-974,214,-127,-97,122,329,345,0
834385,176,177,256,0,4895,-3557,-417,89,-91,-18,-236,342,343,0
837707,177,178,406,12,4816,-4305,-1341,-68,-357,129,108,334,339,0
841065,178,179,443,406,2984,-3729,-1494,-244,-187,191,142,349,335,0
844385,179,180,331,612,1408,-2057,-1666,-462,-186,460,136,355,324,0
847710,180,181,425,968,183,160,-1064,-712,-219,97,309,350,305,0
851067,182,182,31,1006,-1777,895,-1196,-979,-601,458,102,355,303,0
854386,183,183,50,950,-4348,2044,-1201,-1230,-182,227,220,354,306,0
857713,184,184,31,1100,-6383,3611,-828,-1467,-210,379,153,355,298,0
861068,185,185,368,1493,-7220,4382,-836,-1700,88,48,152,353,293,0
864386,186,186,125,950,-7121,3894,-856,-1892,-145,231,27,350,306,0
867716,187,186,106,762,-7663,4211,-258,-2029,99,159,-110,351,332,0
874435,189,189,312,537,-7815,2361,1346,-1973,-74,117,-230,354,342,0
877720,190,190,50,218,-7840,2661,1416,-1822,-28,301,-133,352,343,0
881076,192,191,143,443,-8558,3401,1214,-1649,-163,44,-282,347,347,0
884411,193,192,162,462,-9395,3888,331,-1480,390,-37,55,346,346,0
887723,194,193,0,87,-7749,4029,124,-1341,-210,-383,-104,345,350,0
891076,195,194,537,331,-6476,3411,107,-1210,536,-782,473,326,353,0
897726,196,197,2337,0,6599,-1352,1625,-965,724,-451,1034,230,363,0
901076,197,198,2543,0,10700,-2169,1961,-808,-56,-127,147,235,358,0
904411,198,199,2431,0,9161,-2615,2612,-622,1068,27,470,241,355,0
907729,198,200,3575,1193,10866,-2007,3223,-433,583,293,309,246,341,0
911076,199,201,2525,1043,11142,-592,3107,-250,12,372,81,302,349,0
914412,200,202,1737,1250,10516,557,4098,-24,-545,-119,-214,344,338,0
917733,202,203,1156,1531,7172,516,4512,217,-309,78,448,375,323,0
921077,203,204,1287,1737,5392,-735,4179,411,-721,-120,382,352,312,0
924412,204,205,1793,1737,-254,-2275,3873,547,-435,112,351,325,312,0
927735,205,206,1718,1343,-6626,-2084,2940,678,169,-31,119,329,333,0
931078,206,207,1175,1175,-7135,-3707,3793,838,79,551,375,358,342,0
934412,207,208,1381,1081,-6781,-2686,3436,1006,201,186,320,347,347,0
937739,208,209,1962,912,-3715,-2179,3501,1145,259,196,97,316,356,0
941078,209,211,1456,387,-2668,-1246,3051,1254,344,363,265,343,368,0
944412,210,212,987,68,-2105,-581,2708,1380,-600,261,267,351,368,0
947742,211,213,856,462,-3197,-415,2991,1520,-37,107,493,358,347,0
951098,212,214,1287,650,-2708,-1042,2798,1660,624,-38,284,335,337,0
954433,213,215,1325,612,-344,-1215,2905,1784,249,248,-135,333,339,0
957745,214,216,762,68,4066,-813,2218,1891,127,114,-36,347,352,0
961102,216,217,462,0,4794,-953,1865,1986,-97,-18,6,347,358,0
964437,217,218,443,12,5169,-1954,1753,2067,131,-116,-30,348,355,0
967748,218,220,237,0,5290,-2710,1365,2136,-868,234,-128,359,354,0
971103,219,221,368,31,1802,-1499,996,2194,-577,74,170,352,338,0
974437,220,222,762,200,-273,1137,296,2211,-181,177,197,331,329,0
977752,221,223,575,556,-1857,2622,-104,2194,-148,105,372,341,310,0
981103,222,224,1025,1062,-2643,2409,-570,2134,-333,330,178,334,300,0
984437,223,225,1081,743,-4157,3203,-1382,2046,-133,338,37,331,317,0
987755,224,226,725,856,-4875,4969,-2673,1925,-159,116,123,350,311,0
991103,225,226,443,1100,-6117,5423,-2846,1826,-291,244,-86,365,314,0
994438,226,227,556,1043,-6285,5493,-2785,1735,25,57,-46,359,317,0
997758,228,229,218,650,-6512,5588,-2591,1650,151,-73,-133,361,338,0
1001104,229,230,12,0,-6451,4894,-1891,1592,387,-54,-19,372,358,0
1004438,230,231,0,0,-4808,5417,-2203,1473,-305,531,-389,375,360,0
1007761,231,232,181,125,-4638,6754,-3420,1304,494,-404,428,363,350,0
1011103,232,233,668,50,-2905,5144,-3209,1122,672,-293,202,337,354,0
1014438,233,234,706,87,104,3523,-3792,903,291,-81,306,335,352,0
1017764,234,235,762,31,3867,3458,-2953,714,-133,-242,138,330,353,0
1021104,235,236,743,68,3836,1740,-2791,499,1142,-342,342,331,351,0
1024438,236,238,1343,0,7422,134,-2300,286,981,-486,624,299,351,0
1027767,237,239,1493,0,11881,-51,-916,126,-524,-686,12,291,347,0
1031125,238,240,2318,0,8440,-1214,-75,3,-54,-874,534,247,346,0
1034460,239,241,2037,406,5676,-1493,1411,-44,184,-901,1162,262,317,0
1037771,239,242,2768,1512,6007,-1915,1985,-100,246,-1162,1098,239,258,0
1041128,240,242,2506,2150,6856,-3633,2641,-125,-496,-761,847,253,240,0
1044462,241,243,1625,2037,6236,-5850,2896,-144,-582,-532,269,300,246,0
1047774,242,244,1306,1943,1814,-7400,2896,-149,-704,-274,96,317,267,0
1051129,243,244,950,1306,-1275,-8363,1762,-178,-59,-75,305,338,303,0
1054462,244,245,875,1118,-2307,-9250,1846,-214,-26,401,88,342,313,0
1057777,245,246,968,575,-3222,-8342,1269,-262,363,538,178,337,342,0
1061129,246,247,1606,612,-2799,-7308,956,-323,162,268,220,303,340,0
1064462,247,248,1512,837,-1916,-7286,694,-370,547,569,245,308,328,0
1067780,248,249,1268,1006,2664,-6410,710,-407,-335,370,49,321,319,0
1071130,249,250,1306,1193,2184,-5542,660,-441,79,239,201,335,325,0
1074463,250,251,1250,968,1911,-6063,152,-479,-106,311,288,322,321,0
1077783,251,252,1025,1043,873,-6370,151,-505,142,225,343,334,317,0
1081130,252,254,1381,500,1423,-6662,151,-510,-67,285,12,331,346,0
1084491,253,255,837,0,1585,-5864,-343,-517,482,282,199,343,361,0
1087788,254,256,443,31,2745,-5693,-125,-503,-219,181,204,348,338,0
1091130,255,257,612,462,1751,-4863,-74,-462,-17,413,-58,339,315,0
1094463,256,258,425,650,2138,-3324,-1006,-410,-290,243,-107,349,305,0
1097790,257,259,218,425,-301,-2215,-1062,-354,-326,306,98,360,317,0
1101131,259,260,0,593,-2238,-1549,-1138,-303,-133,132,198,356,308,0
1104463,260,260,0,593,-3397,-886,-697,-244,36,176,46,360,324,0
1107794,261,262,0,725,-4012,-337,-487,-200,-195,65,172,366,317,0
1111151,262,263,0,275,-5659,100,-464,-146,-41,81,-46,363,325,0
1114464,263,264,0,256,-6813,871,-216,-45,34,142,221,358,326,0
1117796,264,265,87,312,-7466,1489,-143,49,-104,15,-107,351,323,0
1121154,265,266,931,912,-8092,1694,145,172,-172,190,-25,323,308,0
1124488,266,266,931,1025,-8474,1768,541,282,-42,18,-80,323,318,0
1127799,267,268,725,1081,-9359,1967,1225,407,-181,38,-12,334,315,0
1131155,268,268,500,875,-9502,2014,1527,527,118,-84,-40,346,326,0
1134491,269,270,406,518,-8920,1407,1535,603,64,249,-36,351,329,0
1137803,270,270,350,1193,-7272,1341,1444,651,-47,131,-58,354,309,0
1141156,272,271,31,1193,-7083,1404,1365,649,115,329,82,355,309,0
1144492,273,272,256,1437,-5739,1636,1114,622,-110,-36,12,343,296,0
1147807,274,273,312,1456,-4893,1150,954,569,-154,19,-95,340,295,0
1151156,275,274,687,1400,-4789,608,962,509,526,312,394,320,298,0
1151156,275,274,687,1400,-4789,608,962,509,526,312,394,320,298,0
1154497,276,275,743,1418,-297,938,934,448,110,398,224,317,297,0
1157809,277,276,631,1250,584,1236,794,417,-116,86,8,321,304,0
1161156,278,277,443,1231,362,752,390,372,-64,358,-132,331,305,0
1164498,279,278,368,1025,2535,978,541,349,513,474,597,335,316,0
1167812,280,279,687,818,5965,2149,615,339,27,357,253,318,327,0
1171156,281,280,650,687,6012,2897,661,338,-7,302,249,320,334,0
1174498,282,281,1062,537,5744,4263,572,333,151,418,316,298,342,0
1177816,282,282,1475,312,6985,5963,659,333,215,283,225,292,354,0
1181157,283,283,1137,106,8606,6402,495,344,-403,505,-56,310,365,0
1184498,284,285,1118,0,7543,6511,7,339,41,128,-4,311,371,0
1187819,285,286,1175,0,7985,7183,-496,319,-20,268,45,308,374,0
1191157,286,287,1718,0,8550,7249,-986,299,121,-94,-94,281,382,0
1194498,287,288,1437,0,9159,6308,-1630,252,-207,168,-56,296,376,0
1197822,288,290,1175,0,7811,5104,-1537,206,-733,-203,-195,310,371,0
1201178,289,290,1118,931,2969,3921,-2157,170,-298,67,316,313,307,0
1204499,290,291,1568,1493,-2022,2156,-2108,138,-41,79,527,289,277,0
1207825,291,292,1325,1587,-3588,1329,-1783,118,-299,395,359,302,272,0
1211181,292,293,1212,1006,-3281,760,-1540,91,-348,221,-103,308,303,0
1214498,293,294,1362,837,-610,672,88,109,-621,221,234,300,312,0
1217828,294,295,1043,650,-1247,249,302,133,-96,56,298,317,322,0
1221181,295,296,668,612,-2093,134,543,157,-114,-130,380,337,324,0
1224499,296,297,743,368,-2910,-80,750,185,179,-149,267,333,337,0
1227831,297,298,631,0,-1626,149,1678,233,645,-238,570,322,341,0
1231182,298,299,931,331,1719,-42,2791,303,45,-223,250,306,322,0
1234524,298,300,1662,500,4154,-455,3925,387,475,-118,382,283,313,0
1237835,299,301,1475,537,6239,-1284,3965,463,219,-106,347,293,311,0
1241182,300,302,1212,912,7418,-1075,3960,539,-666,-14,118,307,291,0
1244525,301,303,1250,931,7054,1333,2387,569,-56,-87,374,305,290,0
1247838,302,304,1081,818,6800,2535,2380,600,-439,-156,299,314,296,0
1251182,303,305,818,800,5574,2473,2069,630,-337,-247,478,328,297,0
1254525,304,306,668,668,3794,1445,985,631,170,168,170,336,304,0
1257841,305,306,368,725,4820,493,260,609,-1034,-20,65,336,301,0
1261210,306,307,1100,1381,979,355,67,582,-507,96,147,330,299,0
1264525,307,308,500,706,-5040,239,-478,542,200,10,-10,346,319,0
1267845,308,309,368,912,-4705,-1161,-976,500,-234,31,297,353,308,0
1271183,310,310,293,1137,-5741,-1792,-1319,442,11,-27,26,357,312,0
1274525,311,311,125,818,-7120,-3009,-1371,380,472,-251,51,350,313,0
1277848,312,312,125,781,-5998,-3847,-1438,314,2,76,5,350,315,0
1281204,313,313,387,687,-5737,-4395,-1888,237,118,137,65,352,336,0
1284526,314,314,368,950,-5470,-4663,-2164,149,-9,242,-162,353,322,0
1287851,315,315,31,500,-5417,-4057,-1683,81,-258,72,-13,355,330,0
1291207,316,316,387,818,-5657,-4112,-1915,21,-231,111,-172,352,329,0
1294526,317,317,368,800,-7180,-4128,-1795,-19,-106,188,-3,353,330,0
1297854,318,318,293,762,-7732,-4007,-2097,-54,155,174,-144,355,330,0
1301208,319,319,312,856,-7688,-3731,-2210,-72,47,154,-140,354,325,0
1304527,320,320,387,500,-6648,-3719,-2317,-96,57,-108,-126,350,344,0
1307857,322,322,125,387,-6158,-4192,-1945,-89,424,226,307,348,350,0
1311208,323,323,312,125,-3768,-3026,-1224,-62,786,-134,718,338,348,0
1314527,324,324,706,68,1861,115,-26,-7,86,193,366,317,351,0
1317860,325,325,706,162,2848,2665,908,69,675,120,295,317,346,0
1321208,326,326,1156,218,5048,5188,1055,99,484,-27,359,293,343,0
1324550,326,327,1906,350,8595,5097,1767,145,257,-138,427,269,336,0
1327863,327,328,2131,275,11674,2569,712,150,-390,-251,59,257,340,0
1331208,328,329,2056,312,10306,-528,199,133,714,-3,241,263,340,0
1334554,329,330,2056,556,13202,-3374,-324,70,317,38,349,263,327,0
1337867,329,331,2337,1081,12181,-3756,-996,-47,-789,196,122,264,299,0
1341209,330,332,1643,1250,7966,-4181,-1428,-215,-178,177,177,301,290,0
1344555,331,333,1156,1700,4874,-2658,-774,-363,-787,391,189,327,266,0
1347870,332,334,1043,1400,-377,-1165,216,-480,-738,196,558,333,282,0
1351210,333,334,1531,1250,-5199,-272,122,-550,552,-114,644,307,306,0
1354556,334,335,1287,1118,-6445,-928,182,-619,-341,307,-147,320,313,0
1357873,335,336,1137,1175,-9450,-49,-275,-692,534,333,83,328,310,0
1361231,336,338,1212,350,-8876,1457,-1469,-769,84,-354,-115,324,338,0
1364556,337,339,818,256,-7178,996,-935,-806,-156,-133,-4,345,343,0
1367876,338,340,350,0,-7568,-137,-1559,-857,-235,119,150,353,346,0
1371232,340,341,68,0,-8574,-300,-1196,-880,-330,169,-202,352,342,0
1377880,342,343,162,368,-8316,-530,-839,-874,645,89,285,347,320,0
1381233,343,344,537,368,-4357,70,-252,-839,499,193,462,327,320,0
1384557,344,345,218,50,-667,1528,93,-791,89,38,177,328,321,0
1387883,345,346,556,87,922,2413,602,-714,5,-430,252,310,319,0
1391233,346,347,1025,12,2333,2130,907,-618,137,-23,72,285,323,0
1394557,346,348,1587,106,5943,2848,953,-535,537,-17,261,271,318,0
1397886,347,349,1306,143,8771,3883,1807,-419,201,-128,198,286,316,0
1401233,348,350,668,237,10986,3909,2411,-287,60,48,-2,320,311,0
1404556,349,351,631,912,12521,4220,2297,-150,-191,-187,-104,339,292,0
1407889,350,352,312,1118,11251,2674,2914,9,-1462,-513,103,356,281,0
1411233,351,352,368,1868,3597,402,3980,206,-1537,-182,431,353,257,0
1414558,352,353,556,1775,-6808,-1932,5041,424,-26,-85,472,343,262,0
1417892,354,354,593,1756,-9759,-3109,5019,619,435,178,393,341,263,0
1421234,355,355,256,1175,-6739,-3571,4327,755,99,65,590,343,294,0
1424561,356,356,312,725,-2384,-3939,3364,832,232,231,449,340,318,0
1427895,357,357,312,556,65,-3915,1978,861,-243,135,335,340,327,0
1431234,358,358,237,593,380,-3127,2039,869,-969,594,-225,344,325,0
1434565,359,359,143,650,-4760,588,2060,911,-360,139,-62,349,322,0
1437899,360,360,125,500,-6432,1074,950,935,-101,41,-47,350,330,0
1441234,361,361,68,368,-5659,892,605,964,-9,78,-31,351,335,0
1444567,362,362,125,275,-5309,453,-183,989,196,-233,-196,348,340,0
1447902,363,363,181,275,-4767,313,134,1038,1091,-31,249,345,340,0
1451258,364,364,387,87,572,-231,475,1077,414,8,463,334,350,0
1454571,365,365,518,0,3955,74,1311,1111,-451,348,-20,327,355,0
1457905,366,366,331,12,2819,1151,729,1130,130,132,-117,337,354,0
1461262,367,367,500,87,1592,2983,-142,1120,243,-47,125,328,350,0
1464574,368,368,762,350,3565,3494,-291,1120,323,-175,124,314,336,0
1467909,369,370,668,462,5360,3292,559,1183,-134,347,148,319,330,0
1471297,370,371,1437,368,5953,4181,-14,1212,129,349,35,296,337,0
1474577,371,372,1306,275,5879,5198,199,1267,-329,123,200,287,326,0
1477912,372,373,1231,856,4233,4225,-58,1302,37,-88,233,291,311,0
1481267,373,374,2150,1268,3069,3281,-221,1336,-113,-110,571,258,289,0
1484580,374,374,2037,1381,1655,880,-185,1356,-199,-30,603,248,283,0
1487915,374,375,2318,1662,1025,-1484,484,1379,70,-91,559,249,268,0
1491268,375,376,2168,1268,658,-3131,543,1393,-108,190,471,273,305,0
1494583,376,377,1737,1006,-828,-5194,977,1405,-320,102,233,296,319,0
1497918,377,378,931,612,-2635,-5352,973,1407,17,310,208,323,324,0
1501268,378,379,1081,706,-3171,-4115,1114,1412,252,382,131,331,335,0
1504587,379,380,743,537,-1203,-2258,935,1385,208,76,332,349,344,0
1507921,380,381,350,0,183,-2002,1202,1347,-106,-13,51,353,367,0
1511268,381,382,331,0,206,-1765,1305,1316,-159,-187,-95,354,356,0
1514590,382,383,256,0,-1702,-3031,2046,1289,298,-217,249,342,346,0
1517924,383,384,368,387,-1206,-3273,2761,1251,594,-22,412,336,319,0
1521269,384,385,481,650,2355,-2588,2602,1174,230,-213,191,330,305,0
1524593,385,386,593,312,4273,-572,3106,1115,390,-43,220,324,323,0
1527927,386,387,743,237,5853,1081,3469,1088,-398,-270,376,316,327,0
1531269,387,388,575,425,5941,2393,3183,1082,-486,42,548,325,317,0
1534596,388,389,500,443,3524,4874,1689,1073,-130,15,417,329,316,0
1537931,389,390,500,612,4783,7656,776,1034,-497,-59,46,329,307,0
1541269,390,391,837,818,5818,9126,246,977,-816,-100,62,311,296,0
1544600,391,392,1100,1531,2218,9653,-497,932,-306,-508,92,314,275,0
1547934,392,393,706,1831,137,7977,275,921,-49,-581,42,335,259,0
1551270,393,393,500,2375,-544,4866,-277,919,-371,-416,317,346,246,0
1554603,394,394,537,2375,-2719,867,-968,884,322,-8,191,344,246,0
1557937,395,395,331,2000,-1088,-12,-1289,829,-459,30,146,355,266,0
1561295,396,395,462,2337,-165,-421,-1448,743,-34,-199,606,348,264,0
1564606,398,396,293,2562,-2773,-982,-1495,673,-478,-352,150,341,252,0
1567940,399,397,668,2018,-4789,-1991,-2275,607,-312,-18,-1,337,281,0
1571295,400,398,387,2243,-7368,-2526,-1824,559,-377,21,-59,336,269,0
1574609,401,398,218,2131,-9072,-2534,-1078,508,128,-111,63,345,291,0
1577943,402,399,162,1925,-9373,-3613,-412,495,54,149,-48,348,302,0
1581295,403,400,87,1100,-8933,-4366,152,494,111,229,-103,350,344,0
1584613,404,401,31,650,-8946,-4119,388,508,-337,-216,-198,353,368,0
1587947,405,403,68,500,-11130,-4465,279,523,1065,-35,463,351,376,0
1591296,406,404,668,0,-8151,-4615,1587,579,944,227,783,319,397,0
1594615,407,405,518,0,-2221,-2405,2762,650,300,252,204,327,389,0
1597951,408,407,443,87,-1582,-99,3283,735,822,177,21,331,382,0
1601296,409,408,968,0,-952,3282,2990,798,1034,-246,644,303,375,0
1604619,410,409,1306,12,5881,3205,4203,899,536,103,272,285,370,0
1607954,410,410,2018,0,9183,2491,3506,974,52,-37,220,263,382,0
1611296,411,411,2131,162,8885,856,2425,1021,348,-5,458,257,362,0
1614622,412,412,1700,668,10780,-526,1835,1040,3,-147,-4,330,385,0
1617956,413,414,2131,406,11146,-1906,701,1021,-2,46,141,307,383,0
1621296,414,415,1531,875,9612,-3634,-721,935,-664,45,-244,339,358,0
1624625,415,416,1643,1550,4920,-4449,-1353,806,59,313,59,333,322,0
1627960,416,417,1268,1718,1944,-5262,-1530,677,-66,292,-124,353,313,0
1631297,417,418,668,1587,764,-4483,-1166,544,-188,232,-125,385,320,0
1634628,419,419,31,1325,-694,-3949,854,462,57,-96,248,403,334,0
1637963,420,420,162,1568,-955,-5029,1093,397,-875,192,181,396,321,0
1641321,421,421,1006,1962,-5323,-4944,972,374,-167,386,275,351,300,0
1644631,422,422,912,1718,-8629,-4098,-276,341,106,154,300,356,313,0
1647966,423,423,612,1343,-10614,-2013,95,337,942,304,514,372,333,0
1651324,424,424,500,575,-6961,251,2021,415,559,363,659,361,357,0
1654635,426,425,350,387,-1564,968,3127,505,-457,522,-90,353,367,0
1657970,427,426,443,331,-2711,1478,2637,596,191,-43,244,348,370,0
1661326,428,428,537,275,-4215,1289,1927,686,-127,38,97,343,357,0
1664638,429,429,387,256,-4326,1966,2152,794,449,35,-51,351,358,0
1667972,430,430,406,200,-1613,2204,1850,897,393,-32,167,350,361,0
1671330,431,431,425,218,486,1983,2059,1008,111,-44,364,349,360,0
1674642,432,432,668,125,2443,942,2228,1148,65,-176,-73,336,365,0
1677976,433,433,987,143,1916,-64,2066,1270,110,145,21,319,364,0
1681333,434,434,968,256,3487,-669,2114,1370,146,-41,-39,320,358,0
1684644,435,436,1325,350,4528,-136,2106,1448,-222,178,126,318,354,0
1687979,436,437,781,68,4134,720,2158,1511,-159,151,68,331,353,0
1691334,437,438,1137,1175,3095,1397,2068,1564,-225,404,311,328,310,0
1694647,438,439,1156,1137,1434,1679,2213,1624,-15,319,161,327,312,0
1697982,439,440,575,687,1393,3014,2833,1663,-208,427,284,342,320,0
1701334,440,441,668,1212,-134,4317,2674,1660,-153,295,172,353,308,0
1704651,441,442,575,931,-456,4555,2140,1625,423,333,193,358,323,0
1711334,444,444,462,425,2950,3788,2905,1559,-309,39,-177,348,350,0
1714654,445,445,837,312,2108,3001,3340,1554,104,-363,-25,344,356,0
1717988,446,446,293,556,1195,2712,4000,1603,-669,123,-272,357,343,0
1721335,447,447,12,725,-1750,2625,3571,1657,-394,-354,28,370,332,0
1724657,448,448,312,462,-844,1093,3384,1741,998,-437,450,354,346,0
1727991,449,449,743,368,3500,-385,3004,1858,241,-173,519,331,351,0
1731335,450,450,556,293,6701,-589,1755,1955,-876,-513,329,341,355,0
1734660,451,452,1043,368,2055,1455,-136,1998,-424,-369,1878,315,335,0
1737995,452,453,1418,875,-2403,2716,-1119,2000,805,-643,1477,295,324,0
1741335,453,453,2187,1156,3058,5503,-766,1949,-508,-510,192,254,309,0
1744663,453,454,2506,1137,2795,3755,-961,1885,442,-435,285,253,310,0
1747998,454,455,2918,856,2963,2189,-974,1824,-343,-531,576,231,325,0
1751356,455,456,2993,987,3378,666,-750,1809,150,-306,429,227,318,0
1754667,455,457,1943,1400,4252,-87,-1052,1773,-372,51,366,301,298,0
1758002,456,458,2356,1512,3385,-539,-2203,1641,-2,-61,240,279,292,0
1761359,457,459,1718,1718,3740,-2517,-2865,1454,105,21,260,313,281,0
1764670,458,460,1587,1625,3898,-4125,-2755,1286,-494,-80,-55,320,286,0
1768004,459,460,1718,2075,2061,-4973,-2969,1133,-430,59,10,313,278,0
1771360,460,461,1531,1850,-1132,-5242,-3337,961,-290,167,-53,323,290,0
1778008,462,463,575,1793,-2790,-4442,-4038,597,61,-51,-64,374,293,0
1781360,464,464,106,1268,-3449,-2416,-5990,341,422,-63,292,383,321,0
1784677,465,465,162,893,-1432,-940,-6063,86,-757,-87,2,380,341,0
1788011,466,466,612,500,-3943,-1206,-5452,-149,-60,-213,-240,356,362,0
1791361,467,467,443,312,-8197,-3180,-4501,-355,273,-73,223,348,355,0
1794680,468,469,687,50,-7443,-3305,-4905,-576,-159,106,-272,335,353,0
1798015,469,470,556,68,-7845,-1610,-4714,-788,-415,276,-107,342,352,0
1801361,470,471,181,481,-9724,653,-4655,-1003,548,81,-180,362,330,0
1804683,471,472,237,143,-8999,896,-4577,-1234,406,1,185,359,348,0
1808017,472,473,0,0,-6828,193,-4544,-1460,126,-228,187,359,341,0
1811361,474,474,87,237,-5470,-723,-4298,-1661,-107,-95,-97,351,343,0
1814686,474,475,556,12,-5874,-1853,-4477,-1869,275,-14,162,326,339,0
1818021,475,476,743,31,-5055,-2184,-4544,-2102,299,306,-193,316,338,0
1821361,476,477,481,181,-3369,-1114,-3974,-2331,-203,246,-163,330,330,0
1824689,478,478,12,218,-3309,823,-3902,-2578,-152,143,-85,339,328,0
1828024,479,479,631,575,-4492,734,-4541,-2831,-13,-68,-40,339,326,0
1831362,480,480,950,500,-4249,-524,-4859,-3089,224,79,9,306,330,0
1834693,480,482,1512,312,-1991,-108,-3931,-3306,619,-66,435,292,340,0
1838027,481,483,1475,387,1827,227,-3666,-3475,394,192,561,294,336,0
1841386,482,484,1681,612,3891,971,-2630,-3553,233,330,508,283,308,0
1844696,483,484,1400,1081,4313,2049,-1936,-3578,130,520,290,298,299,0
1848030,484,485,1250,1306,5285,3075,-1131,-3590,-248,308,246,306,287,0
1851386,485,486,743,1193,3278,3759,-657,-3580,-196,570,277,333,293,0
1854699,486,487,443,1250,2088,4305,-196,-3556,-312,522,-68,349,290,0
1858033,487,488,237,1062,1248,5607,-224,-3540,94,331,411,360,300,0
1861415,488,489,425,1175,1209,5623,-301,-3516,39,87,88,364,308,0
1864702,490,490,0,518,1108,5551,-79,-3450,-323,30,-322,373,327,0
1868036,491,491,200,406,-256,5682,531,-3344,146,-172,84,360,333,0
1871387,492,492,256,481,-1347,5714,1559,-3209,344,124,168,357,345,0
1874705,493,493,12,125,-759,5198,1159,-3080,-49,-315,116,354,348,0
1878040,494,494,1025,443,494,3898,162,-2970,2047,-2048,2005,316,347,0
1881388,495,495,1400,668,6351,4427,3181,-2756,-1635,-573,512,296,335,0
1884708,496,496,1325,331,968,171,3167,-2530,664,-126,752,284,337,0
1888043,497,497,2018,1325,3266,-1498,2105,-2277,171,-388,721,263,300,0
1891387,497,498,2543,1306,1614,-3463,578,-2070,-652,-477,141,251,301,0
1894712,498,499,2393,1418,-1712,-5971,404,-1887,364,-278,652,261,297,0
1898046,499,500,1531,931,-240,-7422,530,-1730,-219,400,381,307,323,0
1901388,500,501,1081,1100,-815,-5484,429,-1563,261,396,199,331,314,0
1904716,501,502,1231,950,-1067,-2316,848,-1389,559,218,503,323,322,0
1908050,502,503,2000,706,1092,-1004,1392,-1200,202,214,270,282,335,0
1911387,503,504,1643,781,2229,-917,1199,-1020,-294,205,215,301,331,0
1914718,504,505,1212,968,431,-1077,1011,-846,-41,223,26,324,321,0
1918076,505,506,1043,1100,-561,-1282,863,-685,183,49,249,333,314,0
1921409,506,507,1100,837,319,-1705,648,-525,-27,-40,-70,330,328,0
1924721,507,508,1081,556,398,-1790,38,-381,129,50,-122,331,343,0
1928080,508,509,837,256,-223,-2830,-60,-259,-597,186,37,344,359,0
1931413,509,510,537,0,-2579,-3630,-829,-163,205,58,104,343,364,0
1934725,510,512,612,0,-2561,-3900,-902,-49,-25,274,-116,339,358,0
1938082,511,513,425,312,-1641,-3356,-802,76,95,191,43,349,323,0
1941413,512,514,518,500,57,-2562,-1447,154,-211,219,97,344,313,0
1944728,513,515,162,106,-1269,-2046,-1799,212,30,57,11,347,318,0
1948086,514,516,162,31,-1972,-2360,-1663,243,-211,-99,-3,347,322,0
1951414,515,517,406,0,-1656,-3058,-1123,268,-78,-36,221,334,324,0
1954731,516,518,725,0,-2716,-2713,-953,274,499,153,486,317,324,0
1958088,517,519,1662,87,-1911,-84,-891,266,998,11,381,267,319,0
1961413,518,520,2018,68,2951,2531,832,298,183,183,448,248,320,0
1964734,519,520,1925,612,4053,4909,1841,363,67,102,486,253,307,0
1968092,519,521,2375,912,4362,6550,2253,443,66,314,308,262,308,0
1971414,520,522,1793,1025,5138,8550,2144,512,-78,172,104,293,302,0
1974737,521,523,1175,1081,5984,9691,2356,569,-271,472,315,326,299,0
1978095,522,524,1006,1400,5677,10261,1476,567,-650,-256,257,335,282,0
1981414,523,525,706,1831,2722,8632,1107,565,-1031,-581,210,351,259,0
1984740,524,526,331,1662,-3185,5872,886,588,-943,-358,292,371,268,0
1988096,526,526,0,1850,-7886,3429,1589,538,488,-87,130,373,274,0
1991414,527,527,181,1850,-8031,-1266,1311,480,-7,-227,270,363,274,0
1994743,528,528,350,1362,-6663,-3666,1844,472,-234,105,15,354,300,0
1998101,529,529,931,462,-7581,-3474,2431,530,295,181,-281,323,348,0
2001435,530,530,293,387,-6412,-1370,3150,615,205,93,-281,357,352,0
2004747,531,531,237,481,-6574,-460,2517,678,-336,-205,-253,358,345,0
2008104,532,532,143,762,-6979,-1907,2437,740,445,-104,462,363,330,0
2011439,533,533,518,556,-3289,-2147,2012,777,303,344,345,343,341,0
2014750,534,535,950,406,-623,-297,3266,835,519,-56,416,320,349,0
2018105,535,536,743,0,2812,904,4452,937,124,67,152,331,359,0
2021439,536,537,1062,125,5147,2323,3334,1009,921,-459,400,314,348,0
2024754,537,538,1081,0,9204,948,2909,1073,247,-193,592,313,357,0
2028105,538,539,1400,0,10657,-630,2606,1135,-575,9,494,296,359,0
2031439,539,540,1156,387,5676,-2025,230,1141,60,-160,304,309,334,0
2034757,540,541,1043,1062,2993,-3601,-343,1132,356,-112,167,315,298,0
2038105,541,542,1268,1943,4061,-4121,-1828,1101,-682,9,649,305,253,0
2041440,542,542,1137,2243,1542,-3944,-2168,1061,-791,11,454,312,253,0
2044760,543,543,1231,2375,-2048,-3709,-3122,988,-459,174,603,307,246,0
2048106,544,544,1287,2000,-3305,-2823,-2884,944,228,754,373,304,266,0
2051439,545,545,1156,1287,-1356,128,-3195,900,697,292,294,311,304,0
2054763,546,546,837,893,374,1028,-2711,867,-546,243,22,328,325,0
2058106,547,547,1025,800,-1274,1376,-3012,808,-293,-31,91,334,346,0
2061440,548,548,537,725,-4910,851,-2847,749,-154,161,56,344,334,0
2064767,549,549,593,800,-7012,1050,-3091,680,162,-9,143,341,330,0
2068106,550,550,687,800,-6811,828,-3262,552,65,84,-44,352,346,0
2071468,551,551,406,12,-5973,895,-3320,391,166,175,24,350,371,0
2074769,552,552,200,0,-6066,623,-3477,212,-379,-82,-182,345,367,0
2078127,553,554,218,0,-8309,366,-3139,47,-130,318,170,344,362,0
2081462,554,555,275,0,-7808,372,-2873,-116,698,15,68,341,354,0
2084772,555,556,200,68,-5369,1188,-2406,-237,-590,66,-317,345,336,0
2088131,556,557,406,162,-6027,2110,-2500,-350,172,-77,73,334,331,0
2091465,557,558,931,237,-6509,2924,-1798,-434,151,-209,125,306,327,0
2094775,558,559,1587,87,-5231,3466,-733,-506,344,-502,126,271,335,0
2098131,559,560,2300,31,-3596,2517,698,-525,695,-421,509,233,338,0
2101465,560,561,2431,68,-715,1838,1622,-532,574,-470,211,226,336,0
2104779,560,562,2937,68,1512,1844,2951,-516,1161,-419,329,215,336,0
2108131,561,563,3068,537,3766,160,3165,-515,1261,-778,641,225,328,0
2111466,561,564,1437,218,8077,-848,2411,-519,391,-53,208,328,345,0
2114782,562,565,2431,462,7915,-500,2381,-521,48,-669,166,275,332,0
2118131,563,566,1793,593,6291,-659,4001,-458,338,-87,-50,309,325,0
2121466,564,567,1512,556,7206,-1174,4941,-406,212,-471,-182,324,327,0
2124785,565,568,1081,631,8907,-2135,5465,-374,-32,23,-93,347,323,0
2128131,566,569,687,987,8009,-2047,5775,-298,-375,-104,233,368,304,0
2131466,568,570,31,987,5401,-2610,5142,-228,-459,-9,105,387,304,0
2134788,569,571,181,968,2694,-3842,5083,-151,581,-118,129,379,305,0
2138132,570,572,143,968,3464,-5247,5250,5,7,147,-25,381,305,0
2141466,571,573,275,650,4647,-5017,5123,176,-61,293,167,374,322,0
2144791,572,574,612,481,3262,-4554,4798,383,-135,222,60,354,329,0
2148132,573,575,668,462,2407,-2164,4508,592,42,322,-64,351,330,0
2151467,575,576,275,518,3306,-975,4029,815,-290,239,219,356,327,0
2154796,576,577,143,331,1847,270,3563,1016,-586,-37,30,363,337,0
2158132,577,578,331,481,54,-72,2255,1187,279,-43,222,353,329,0
2161467,578,579,650,481,838,-279,1610,1322,413,385,317,336,329,0
2164798,579,580,743,331,3635,1310,1313,1457,-125,573,334,331,337,0
2168153,580,581,593,350,4955,3414,-579,1528,-884,-215,359,339,336,0
2171490,581,582,1306,856,1465,2998,-1528,1577,385,-238,719,301,309,0
2174802,582,583,1606,1212,2848,1057,-2667,1595,-407,-320,669,285,290,0
2178157,583,584,1137,1831,3107,-1590,-3795,1580,-535,-6,517,312,259,0
2181490,584,584,1118,2412,1988,-1777,-5168,1528,-368,-180,463,313,244,0
2184804,585,585,1550,2656,373,-1428,-6662,1417,-693,-688,578,306,231,0
2188158,585,585,1550,2600,-940,-2914,-6842,1293,-145,188,603,306,250,0
2191491,586,586,1756,2206,-1127,-2465,-7312,1140,174,158,542,295,271,0
2194808,587,587,1587,2037,-50,-1513,-7297,990,-324,-120,343,304,280,0
2198157,588,588,1193,1493,-1998,-2579,-6511,843,-730,65,88,325,309,0
2201491,589,588,912,1756,-5610,-2479,-5828,684,-486,427,-27,340,311,0
2204811,590,590,1006,1475,-9312,-2278,-5978,475,661,132,233,335,326,0
2208158,591,590,968,1325,-6776,-1172,-4311,290,302,296,21,337,334,0
2211491,592,592,931,931,-5274,-581,-3476,89,363,-25,65,339,339,0
2214814,593,593,612,631,-4969,-231,-2488,-87,-142,226,-49,339,338,0
2218158,594,594,800,968,-7050,-1233,-1016,-194,-182,-70,-29,329,320,0
2221492,595,595,612,875,-8524,-2408,46,-267,163,327,-2,339,325,0
2224817,597,596,518,631,-8271,-3106,296,-383,-430,-82,-259,344,338,0
2228159,598,597,106,256,-9904,-2412,204,-531,-74,239,11,350,358,0
2231492,599,598,125,143,-9876,-1599,437,-688,190,-167,146,349,364,0
2234821,600,599,462,368,-9264,-1442,1253,-829,227,258,-140,331,352,0
2238159,601,600,1006,368,-7266,-206,1712,-936,108,-106,3,302,352,0
2241492,602,601,1475,387,-6345,433,2339,-1022,-121,-24,107,277,351,0
2244824,602,602,1456,87,-6615,1354,3006,-1092,205,-224,175,278,351,0
2248208,603,604,2056,537,-5308,1944,3591,-1140,145,-90,123,279,344,0
2251516,604,605,1756,31,-3083,2034,4309,-1155,996,-394,505,279,355,0
2254827,605,606,2056,0,1206,1604,4374,-1160,875,-95,737,263,358,0
2258183,606,607,2318,256,5913,1403,3857,-1165,610,-179,484,265,359,0
2261519,606,608,2262,406,7055,1228,3851,-1156,405,-184,539,268,335,0
2264830,607,609,2225,856,6807,395,3572,-1115,188,-336,169,270,311,0
2268183,608,610,1831,987,6179,-1542,3060,-1069,415,-273,-53,307,320,0
2271519,609,611,1512,706,7230,-2303,3073,-1014,221,-200,252,324,335,0
2274834,610,612,1006,181,8546,-3245,3174,-897,192,-4,-41,335,347,0
2278184,611,613,706,612,7999,-4029,3243,-748,-300,79,35,367,340,0
2281526,612,614,143,987,6281,-4933,2925,-573,-464,76,301,397,320,0
2284836,614,615,0,1043,1892,-4372,1233,-416,-206,476,291,387,315,0
2288184,615,616,275,1062,-1186,-3525,-115,-258,-63,205,268,372,314,0
2291526,616,617,556,837,-2008,-2457,-1360,-93,-56,421,166,357,326,0
2294839,617,618,743,631,-2373,-1053,-1676,68,101,225,449,347,337,0
2298184,618,619,931,350,352,970,-697,275,54,-9,400,337,352,0
2301526,619,620,1081,368,1662,818,-598,484,40,5,186,329,351,0
2304843,620,622,931,387,2644,145,-1161,651,328,43,168,337,350,0
2308185,621,623,725,106,4674,746,-724,811,354,275,-36,348,349,0
2311526,622,624,518,143,6620,1726,-376,986,29,200,45,359,347,0
2314847,623,625,650,200,5782,2830,-608,1101,183,140,-110,352,344,0
2318185,625,626,1362,1250,5317,4371,-1306,1169,-58,-96,317,348,338,0
2321526,626,627,987,1081,5715,4684,-1171,1210,-340,249,27,368,347,0
2324850,627,628,875,1231,3533,4273,-2309,1170,-75,33,112,374,339,0
2328206,628,629,1231,1493,275,2929,-2725,1083,-261,-130,281,355,325,0
2331526,629,630,1662,1925,-1310,1014,-3199,974,-254,-386,505,332,302,0
2334853,630,631,1812,1962,-2676,-2700,-3257,866,-211,133,495,324,300,0
2338209,631,632,1568,1868,-3918,-4516,-3129,755,-372,410,437,337,305,0
2341527,632,633,1493,1550,-4779,-4436,-1904,656,-202,341,323,341,322,0
2344855,633,634,1250,1400,-6340,-4221,-1404,559,202,320,443,354,330,0
2348210,634,635,1118,1306,-5755,-3337,284,494,68,255,322,361,335,0
2351527,636,636,518,931,-4753,-1794,885,428,70,524,54,377,355,0
2354859,637,637,293,237,-3635,403,1017,348,530,-10,421,372,375,0
2358210,638,638,275,106,-2250,378,1368,256,-540,-372,-20,373,382,0
2361551,639,640,200,87,-5142,-548,1953,180,-385,-167,186,377,367,0
2364862,640,641,368,181,-6754,-1722,2461,136,340,-384,48,368,362,0
2368210,642,642,425,293,-4603,-2062,2297,88,899,125,159,349,356,0
2371553,643,643,500,31,1766,-342,3432,83,30,6,533,329,354,0
2374865,643,644,1643,50,4761,1452,4426,126,-47,-172,175,284,353,0
2378210,644,645,2018,31,3605,2130,5441,200,830,-265,591,264,354,0
2381553,645,646,2018,50,6336,1660,5767,281,689,-604,373,264,353,0
2384868,646,648,1962,0,8454,-427,5145,341,72,-412,115,267,351,0
2388210,647,649,1531,0,8272,-1857,3425,356,27,22,137,290,342,0
2391553,648,650,1700,706,8601,-1019,3229,419,-682,284,40,298,319,0
2394871,649,651,1043,1062,6641,929,3928,545,-727,178,163,333,316,0
2398211,650,651,31,1512,2393,1412,4503,728,-709,-108,333,387,292,0
2401554,651,652,0,1306,-1004,333,4235,913,-124,166,70,397,303,0
2404875,652,653,125,1231,-3558,-837,3147,1033,208,-22,404,382,307,0
2408233,654,654,87,837,-2290,-1371,2516,1130,291,310,26,368,328,0
2411554,655,655,368,706,-623,-702,2485,1244,374,98,316,353,335,0
2414878,656,656,293,650,1943,208,2699,1351,-150,50,143,357,338,0
2418236,657,657,68,856,956,191,2121,1429,-429,271,107,369,327,0
2421554,658,658,125,856,-1186,868,2101,1514,-208,222,-202,366,327,0
2424881,659,660,125,800,-2018,2221,2271,1626,-281,140,48,366,330,0
2428236,660,661,0,200,-2030,1822,1625,1713,432,-471,79,382,344,0
2431554,662,662,0,68,-314,-418,1378,1828,429,-279,111,362,351,0
2434884,663,663,406,0,1370,-2294,1709,1967,95,-150,71,349,356,0
2438236,664,664,293,0,3018,-2557,1068,2100,7,77,219,339,362,0
2441554,665,665,687,0,3414,-2813,801,2227,535,-358,738,318,364,0
2444888,666,666,593,0,6032,-3675,1384,2368,409,-199,445,323,357,0
2448237,667,668,837,0,7979,-4356,2725,2513,-27,305,468,310,348,0
2451579,668,669,687,125,7603,-3432,2850,2646,-434,424,275,318,332,0
2454891,668,669,1250,912,6554,-1555,2761,2723,115,-70,532,304,306,0
2458268,669,670,1587,1587,6121,-59,1445,2741,12,-27,429,304,288,0
2461582,670,671,1475,762,5841,-1416,1511,2756,-601,-28,314,294,316,0
2464895,671,672,1193,1193,3928,-2076,658,2734,-301,20,232,309,293,0
2468237,672,673,1100,1587,545,-2360,-267,2664,-332,352,147,330,288,0
2471582,673,674,331,1456,-1146,-1001,-725,2565,55,264,237,355,279,0
2474897,674,675,293,1025,-1961,351,-1609,2443,141,23,294,357,302,0
2478238,675,676,800,1118,-1556,347,-1452,2290,-480,84,216,346,313,0
2481582,676,677,818,1081,-1666,99,-1361,2109,-436,-97,-67,345,315,0
2484900,678,678,0,631,-4261,-631,-1599,1889,-147,-109,-52,357,323,0
2488259,679,679,237,668,-6782,-1153,-1631,1658,-92,-21,150,360,337,0
2491584,680,680,181,331,-6687,-1147,-2224,1428,-230,-134,-50,363,355,0
2494903,681,681,0,0,-7383,-445,-1272,1281,201,149,86,367,360,0
2498260,682,682,0,181,-6225,-126,-940,1151,-89,117,-119,360,346,0
2501584,683,683,0,162,-7203,326,-819,1002,-137,127,75,358,331,0
2504908,684,684,0,368,-6960,649,-1143,826,359,-88,158,351,320,0
2508261,685,685,293,406,-5800,595,-767,670,33,-134,193,324,318,0
2511584,686,686,1100,443,-5256,383,-920,543,159,-305,387,281,316,0
2514910,687,687,1062,406,-4062,393,-327,454,592,-294,643,283,318,0
2518261,688,688,1606,275,935,318,251,384,392,153,485,254,325,0
2521584,689,689,1550,331,3748,1264,467,314,-4,28,344,257,322,0
2524914,689,690,1662,312,4444,1312,548,265,-154,9,169,267,323,0
2528261,690,691,1100,368,4390,1718,185,205,133,198,110,297,320,0
2531584,691,692,1212,781,4729,2116,-78,132,-104,332,172,308,315,0
2534916,692,693,1156,856,4581,2558,-577,63,-298,239,189,311,311,0
2538262,693,694,837,1306,2835,2993,-166,15,-836,-41,155,328,287,0
2541585,694,695,387,1737,-434,2926,290,-29,-1116,-31,74,352,264,0
2544920,695,696,218,2150,-5307,1834,639,-42,-257,181,419,361,258,0
2548261,696,696,293,2056,-8079,-685,817,-42,107,71,135,357,263,0
2551588,697,697,537,1943,-7844,-2445,1732,-31,-105,191,246,344,269,0
2554923,698,698,912,1625,-7673,-3272,2122,-50,186,170,391,324,286,0
2558262,700,699,406,1287,-6326,-2735,3040,-44,-189,361,124,335,304,0
2561591,700,700,575,1193,-5459,-2279,3141,-32,-110,-209,-252,342,309,0
2564926,702,701,106,1550,-7180,-2784,3202,22,577,374,100,351,306,0
2568263,703,702,162,631,-4227,-1922,2909,66,151,236,528,346,337,0
2571595,704,703,218,387,-1140,212,2824,134,221,216,365,343,350,0
2574929,705,704,631,181,55,1264,2971,235,278,-28,184,321,361,0
2578286,706,705,725,50,2396,2824,2499,336,720,-35,135,316,368,0
2581598,707,706,893,218,5787,3225,2585,467,489,-231,250,307,359,0
2584932,708,707,1006,31,9048,2552,2713,597,8,-178,217,301,369,0
2588290,708,709,2056,0,8407,2070,2038,703,330,-557,171,261,361,0
2591601,709,710,2206,0,9336,1104,1365,796,395,-569,349,253,359,0
2594936,710,711,2300,0,9797,-408,1402,890,649,-649,178,248,362,0
2598290,711,712,2075,12,11491,-1779,1373,1003,388,-41,122,260,354,0
2601604,711,713,2318,387,11461,-1370,486,1058,70,27,-62,265,336,0
2604939,712,714,2056,1025,10744,-1267,-207,1081,130,-286,254,279,302,0
2608296,713,715,1118,1156,8358,-2021,-196,1100,-341,-46,52,329,295,0
2611607,714,716,1156,1231,6036,-3600,-117,1132,-687,-187,154,327,291,0
2614942,715,717,1231,1643,2467,-5444,87,1159,-349,214,208,323,285,0
2618297,716,717,1512,1906,-5144,-5860,-1205,1150,-549,299,315,308,271,0
2621611,717,718,1250,1906,-7914,-5012,-2607,1079,137,361,480,322,271,0
2624945,718,719,1156,1718,-7996,-3664,-3672,956,115,412,243,327,281,0
2628296,719,720,968,1362,-6687,-2502,-4102,813,-63,341,138,337,300,0
2631614,720,721,1156,1062,-5634,-2468,-4347,660,-298,157,-160,327,316,0
2634948,721,722,912,725,-5994,-3189,-4082,527,89,40,116,340,334,0
2638297,722,723,631,556,-4767,-4166,-2836,441,213,101,332,338,326,0
2641617,723,724,443,687,-3584,-3731,-2121,393,620,147,452,348,319,0
2644951,724,725,312,500,-3147,-2268,-1924,338,805,240,450,355,329,0
2648296,725,726,912,237,855,245,-320,319,591,-38,502,323,343,0
2651620,726,727,837,350,4713,1109,1488,345,24,-138,215,327,337,0
2654955,727,728,837,593,6357,1687,2099,385,-68,-140,55,327,324,0
2658297,728,729,1212,556,5152,2257,1804,387,382,40,342,307,326,0
2661623,729,730,950,443,7627,3148,2092,386,334,81,220,321,332,0
2664958,730,731,687,368,10581,3725,3171,391,-675,193,129,335,336,0
2668297,731,732,612,518,8203,4738,2637,375,-229,326,172,339,328,0
2671627,732,733,1212,800,6734,5867,2093,340,-307,242,60,324,330,0
2674961,733,734,725,575,5899,8315,1968,311,-505,225,30,334,326,0
2678298,734,735,687,1268,2552,9211,2169,290,-268,-63,112,352,305,0
2681630,735,736,575,2037,1347,9150,2863,287,-746,-322,329,358,264,0
2684965,737,737,181,1831,-2873,5806,4031,335,-487,-471,516,363,259,0
2688322,738,737,106,2375,-5402,1964,4335,389,-501,-33,333,367,262,0
2691633,739,738,293,2056,-8074,-718,5014,461,410,-188,409,357,279,0
2694967,740,739,650,1793,-7158,-3480,6158,590,-47,280,-97,338,293,0
2698323,741,740,762,1381,-6562,-3488,6413,748,-347,247,-153,332,315,0
2701636,742,741,781,1250,-6930,-2467,6545,909,-381,121,-508,331,322,0
2704971,743,742,443,1231,-8811,-2099,5289,1031,414,342,-109,349,323,0
2708323,744,743,143,1175,-6815,-2247,4667,1162,-236,181,-185,363,324,0
2711639,745,744,50,762,-6107,-2877,4115,1297,-245,-95,-24,368,346,0
2714974,746,745,143,743,-6638,-3998,3461,1411,-61,-86,-22,363,347,0
2718324,747,746,200,575,-6115,-3838,2696,1499,611,-12,228,360,356,0
2721643,749,747,50,331,-3743,-3657,2138,1563,996,-26,860,352,369,0
2724977,750,749,781,0,3732,-2492,2210,1670,61,298,258,329,371,0
2728324,751,750,837,0,4514,-281,2190,1820,41,176,-62,310,374,0
2731646,752,751,687,256,1859,2930,788,1959,371,-516,-49,318,357,0
2734980,752,752,1325,556,4485,1538,757,2111,257,-336,241,300,341,0
2738324,753,753,1418,462,5516,155,1585,2296,310,294,201,295,346,0
2741649,754,754,1681,312,6350,1549,1442,2469,20,-7,73,283,356,0
2744983,755,755,2075,331,5675,2438,1546,2606,-93,-27,93,262,355,0
2748325,756,756,2468,650,5353,1374,2184,2740,-254,-157,257,241,338,0
2751653,756,757,2900,1118,5094,-1283,1327,2842,-742,36,317,234,313,0
2754987,757,758,3125,1793,1991,-1090,1444,2897,-299,57,464,222,277,0
2758325,758,759,3443,2018,-96,-1356,1372,2893,-352,-8,391,205,265,0
2761655,758,760,0,1287,-2230,-1119,719,2850,-581,147,623,527,304,0
2764990,758,760,0,1400,-3259,-1495,-783,2769,19,157,517,848,314,0
2768325,759,761,0,1268,-2088,-2113,-1857,2646,-120,185,218,513,321,0
2771659,760,762,3800,1568,-1389,-2811,-2880,2457,42,-89,39,214,305,0
2774993,760,763,3500,968,-691,-5048,-2421,2299,-131,175,55,250,337,0
2778349,761,764,2562,537,-839,-5966,-2392,2159,-181,323,121,283,343,0
2781662,762,765,1925,781,-1127,-6033,-2273,2026,-208,333,-28,317,330,0
2784996,763,766,987,912,-1118,-5197,-1916,1898,807,-165,363,367,323,0
2788353,764,767,893,1118,2502,-4840,-2076,1744,317,116,281,372,312,0
2791665,765,768,1062,1137,4784,-3699,-1335,1576,106,355,190,363,311,0
2795000,767,769,818,893,4739,-2218,-1386,1398,-243,-1,30,360,308,0
2798358,768,770,518,1156,2570,-645,-2031,1178,-468,254,-70,376,310,0
2801668,769,771,31,800,-8,599,-2530,906,6,101,250,386,313,0
2805003,770,772,331,518,-917,2056,-2709,621,-361,60,-37,370,328,0
2808362,771,773,443,556,-2469,3047,-2863,327,-459,253,211,364,326,0
2811672,772,774,500,481,-3525,4101,-3297,59,-172,-223,26,361,330,0
2815006,774,775,1025,800,-5984,4759,-3156,-185,-52,251,68,350,330,0
2818362,775,776,800,518,-6781,5698,-2642,-396,346,-34,231,346,345,0
2821675,776,777,818,668,-6121,6118,-2013,-567,461,177,316,345,337,0
2825009,777,778,912,687,-3192,5848,-2133,-718,353,-34,320,340,336,0
2828363,778,779,781,818,-831,5028,-2381,-859,275,234,254,347,329,0
2831678,779,780,743,1081,816,5030,-2554,-1008,256,101,33,349,315,0
2835013,780,781,593,1250,3152,5041,-2760,-1163,-604,-121,-249,357,306,0
2838363,781,782,256,1343,-119,5550,-2299,-1259,-81,141,86,375,301,0
2841681,782,783,350,1193,-561,5902,-3130,-1381,166,143,325,370,309,0
2845015,784,784,0,1325,891,6280,-2918,-1521,-74,419,19,397,302,0
2848391,785,785,181,1868,698,5853,-2015,-1629,-488,-173,358,377,287,0
2851684,786,786,200,1212,-1142,4617,-706,-1700,-214,-83,798,360,306,0
2855019,787,787,293,1231,-1918,2418,1348,-1726,152,-297,717,355,305,0
2858363,788,788,575,1606,-139,-702,1845,-1710,-239,0,-63,356,301,0
2861688,789,789,143,1006,-450,-2466,2542,-1675,-152,-89,1,363,317,0
2865022,790,790,237,462,-2192,-3609,2892,-1628,584,-336,391,358,346,0
2868363,792,791,256,481,-1659,-3528,3167,-1551,613,69,242,357,361,0
2871691,793,792,500,106,314,-3629,3127,-1429,108,-112,526,344,365,0
2875026,794,793,912,0,3013,-2494,3710,-1255,-259,110,423,322,371,0
2878363,795,794,1231,387,3087,-1998,3807,-1046,744,-285,337,305,366,0
2881694,796,796,1512,331,5697,-2294,3725,-854,65,7,472,308,355,0
2885029,796,797,1268,87,7036,-3076,3848,-659,-172,-30,208,305,352,0
2888385,797,798,1287,668,6339,-3549,3804,-469,91,501,86,320,337,0
2891697,798,799,1512,1231,5078,-2631,2609,-328,-184,15,479,308,307,0
2895031,799,800,1306,968,4336,-1420,2026,-200,-91,486,322,303,305,0
2898388,800,801,1700,1006,3751,-693,1177,-121,-83,342,277,298,319,0
2901700,801,802,1512,1212,2802,330,-11,-78,-369,-202,249,308,308,0
2905035,802,803,1568,1643,1060,904,-1312,-56,-683,143,112,305,301,0
2908389,803,804,893,1306,-1404,1176,-2719,-62,-256,146,279,341,303,0
2911704,804,804,443,1250,-2258,1684,-3742,-94,-134,-94,13,365,322,0
2915038,805,806,256,687,-3222,1639,-2673,-88,-333,338,-34,375,352,0
2918389,806,807,50,0,-4169,1740,-2050,-49,245,-315,52,369,365,0
2921707,808,808,0,200,-4697,1579,-1525,1,111,171,-80,369,345,0
2925041,809,809,0,50,-4066,1340,-1190,46,148,44,147,354,337,0
2928389,810,810,462,387,-3538,1383,-1112,74,-109,61,33,331,335,0
2931710,811,811,425,181,-3334,1383,-833,115,321,26,198,317,330,0
2935044,812,812,256,256,-957,1370,-902,161,38,106,98,326,326,0
2938389,813,813,781,218,695,2203,-43,240,278,-88,333,298,328,0
2941713,814,814,856,256,3192,2123,-19,325,-523,-12,-10,310,326,0
2945048,814,815,687,200,2801,920,-469,383,-220,-23,214,319,329,0
2948390,816,816,31,350,802,1609,-681,459,-600,-239,329,338,321,0
2951716,817,817,406,518,-1682,1351,-1176,514,-309,-395,416,334,312,0
2955051,818,818,781,1025,-3786,-448,-1754,522,-196,57,307,331,302,0
2958389,819,819,481,743,-4270,-559,-2474,466,165,55,328,331,317,0
2961719,820,820,256,818,-2997,68,-2507,346,55,46,385,343,313,0
2965054,821,821,406,1118,-2071,-448,-2640,206,125,-263,610,335,297,0
2968410,822,822,200,1418,-1529,-1405,-2607,45,-188,151,416,346,281,0
2971723,823,823,275,1550,-2249,-1955,-1706,-98,-155,-22,392,342,274,0
2975057,824,823,237,1812,-3465,-2838,-1064,-230,-359,167,208,344,276,0
2978415,825,824,125,1362,-4671,-2529,-449,-342,191,327,238,350,300,0
2981726,826,825,125,1268,-4044,-1649,-331,-468,70,278,125,350,305,0
2985060,827,826,181,1212,-3204,-447,386,-575,193,-88,109,347,308,0
2988414,828,827,256,706,-2401,-928,615,-672,113,-238,-105,343,335,0
2991729,829,828,87,818,-1224,-1593,1203,-755,234,1,-53,350,327,0
2995063,830,829,106,987,355,-3015,658,-853,-59,-156,-62,349,318,0
2998415,831,830,256,725,152,-3680,1034,-902,190,232,48,341,332,0
