Time, Rlegs, Llegs, DCL, DCR, GyroX, GyroY, GyroZ, GyroZAvg, AccelX, AccelY, AccelZ, LBEMF, RBEMF, SteerOut
1800,296,264,0,0,-127,-80,246,245,-17,0,225,33,33,0
5117,296,264,0,0,-127,-80,247,245,-17,0,226,33,34,0
8451,296,264,0,0,-126,-82,247,245,-16,0,227,33,33,0
11805,296,264,0,0,-128,-81,247,245,-19,0,227,33,33,0
15121,296,264,0,0,-128,-81,247,245,-18,1,223,33,33,0
18454,296,264,0,0,-132,-82,245,245,-16,-3,229,33,33,0
21806,296,264,0,0,-130,-81,244,245,-19,0,224,33,33,0
25123,296,264,0,0,-132,-82,245,245,-17,-3,229,34,33,0
28458,296,264,0,0,-129,-82,243,245,-19,-3,224,33,33,0
31807,296,264,0,0,-126,-81,245,245,-21,1,225,33,33,0
35126,296,264,0,0,-126,-85,245,245,-19,-5,227,33,33,0
38461,296,264,0,0,-125,-81,245,245,-18,0,234,33,33,0
41807,296,264,0,0,-126,-80,245,245,-15,-1,227,34,33,0
45129,296,264,0,0,-128,-80,248,245,-19,-2,233,33,33,0
48464,296,264,0,0,-128,-82,247,245,-16,-4,226,33,33,0
51807,296,264,0,0,-131,-80,246,245,-21,-5,224,34,33,0
55133,296,264,0,0,-130,-80,245,245,-14,-3,229,34,33,0
58467,296,264,0,0,-130,-84,241,245,-14,-1,228,34,34,0
61807,296,264,0,0,-129,-83,246,245,-16,-3,227,33,33,0
65136,296,264,0,0,-127,-79,245,245,-15,-2,230,33,33,0
68470,296,264,0,0,-127,-82,248,245,-20,-3,227,34,33,0
71808,296,264,0,0,-128,-81,247,245,-19,0,232,33,33,0
75140,296,264,0,0,-126,-80,248,245,-18,-5,228,34,33,0
78473,296,264,0,0,-126,-81,246,245,-15,-4,228,33,33,0
81808,296,264,0,0,-127,-78,246,245,-14,-3,224,33,33,0
85142,296,264,0,0,-128,-82,246,245,-18,-1,224,33,33,0
88477,296,264,0,0,-130,-82,247,245,-16,0,223,33,33,0
91832,296,264,0,0,-130,-82,246,245,-20,-5,226,33,33,0
95146,296,264,0,0,-129,-83,246,245,-18,-1,227,33,33,0
98480,296,264,0,0,-129,-84,245,245,-19,-3,227,33,33,0
101834,296,264,0,0,-126,-82,245,245,-19,-2,223,33,33,0
105150,0,0,0,0,-126,-80,246,245,-17,-3,226,33,33,0
108484,0,0,0,0,-126,-80,247,245,-20,-4,226,33,33,0
111834,0,0,0,0,-128,-81,247,245,-18,-4,230,34,33,0
115152,0,0,0,0,-126,-80,248,245,-19,0,225,33,34,0
118486,0,0,0,0,-132,-81,245,245,-18,-1,227,33,34,0
121834,0,0,0,0,-130,-78,246,245,-18,0,230,34,33,0
125155,0,0,0,0,-130,-83,243,245,-20,-3,231,34,33,0
128489,0,0,0,0,-130,-83,244,245,-17,-2,230,33,33,0
131834,0,0,0,0,-129,-81,245,245,-19,-2,225,33,33,0
135158,0,0,0,0,-128,-80,246,245,-18,0,228,33,33,0
138493,0,0,0,0,-124,-82,246,245,-16,-1,227,33,33,0
141835,0,0,0,0,-128,-82,248,245,-17,-1,231,34,33,0
145162,0,0,0,0,-127,-80,248,246,-20,0,227,33,33,0
148496,0,0,0,0,-127,-81,248,246,-16,-4,226,33,33,0
151835,0,0,0,0,-129,-80,246,246,-21,0,226,33,33,0
155165,0,0,0,0,-128,-81,248,246,-17,0,226,34,33,0
158499,0,0,0,0,-130,-80,247,246,-17,0,227,33,33,0
161835,0,0,0,0,-128,-80,247,246,-19,-1,229,33,33,0
165168,0,0,0,0,-130,-80,244,246,-15,0,230,33,33,0
168503,0,0,0,0,-129,-83,245,246,-18,-3,229,33,33,0
171836,0,0,0,0,-129,-82,245,246,-18,-2,223,34,33,0
175172,0,0,0,0,-127,-80,245,246,-17,-1,224,34,34,0
178505,0,0,0,0,-127,-82,245,246,-18,0,224,33,33,0
181859,0,0,0,0,-127,-80,246,246,-18,0,235,33,33,0
185175,0,0,0,0,-128,-80,247,246,-15,-3,231,33,33,0
188509,0,0,0,0,-126,-82,248,246,-20,-3,225,34,33,0
191863,0,0,0,0,-128,-81,247,246,-18,-1,231,33,33,0
195177,0,0,0,0,-130,-81,245,246,-17,-1,226,33,33,0
198512,0,0,0,0,-127,-83,245,246,-18,-2,225,33,33,0
201864,0,0,0,0,-130,-81,244,245,-19,0,228,33,33,0
205181,0,0,968,968,-130,-80,244,245,-16,-53,218,33,33,0
208515,0,0,0,50,-197,-149,252,246,-49,-100,243,88,82,0
211871,0,1,481,162,-195,-148,311,248,-5,-14,225,75,76,0
215185,1,1,87,181,-68,-118,373,252,-85,-45,205,80,75,0
218518,1,1,368,181,-285,-108,379,256,-4,-11,241,65,75,0
221876,1,1,500,275,-241,-118,351,259,-30,-37,234,74,86,0
225187,1,1,331,218,-262,-198,326,262,-11,-6,238,83,89,0
228521,1,2,687,612,-229,-314,171,259,1,-17,236,80,84,0
231875,2,2,143,181,-101,-406,80,254,-50,18,234,93,91,0
235191,2,2,593,612,-213,-486,-70,244,-43,22,206,85,84,0
238525,2,2,612,481,-265,-614,-279,228,-21,30,235,84,91,0
241875,2,3,650,387,-215,-731,-407,207,-64,30,214,98,96,0
245194,3,3,275,331,-335,-824,-581,182,-43,7,235,102,99,0
248528,3,3,237,331,-356,-878,-758,150,6,65,222,104,99,0
251876,3,3,762,518,-282,-882,-949,113,-110,39,226,92,105,0
255197,3,4,443,106,-575,-938,-1113,70,10,69,233,109,111,0
258531,4,4,406,500,-656,-933,-1253,23,-8,54,248,111,106,0
261876,4,4,593,387,-798,-776,-1362,-26,7,33,223,101,112,0
265200,4,5,406,12,-984,-730,-1406,-78,45,31,220,111,116,0
268534,5,5,293,350,-830,-838,-1414,-129,164,-25,238,117,114,0
271876,5,5,368,237,-386,-844,-1265,-177,-34,-34,212,113,120,0
275203,5,6,762,200,-580,-734,-1225,-223,-17,8,210,108,122,0
278538,6,6,31,162,-737,-628,-1199,-268,17,-40,176,131,124,0
281877,6,6,706,593,-637,-527,-1142,-311,-164,1,243,111,117,0
285206,6,7,537,218,-920,-438,-1206,-356,-25,32,206,120,121,0
288541,7,7,12,368,-924,-222,-1317,-405,-59,118,160,140,121,0
291898,7,7,406,406,-877,191,-1614,-463,96,142,162,119,119,0
295210,8,8,387,425,-654,697,-1916,-531,22,54,168,120,118,0
298544,8,8,218,406,-912,1027,-1987,-601,-18,86,184,129,119,0
301902,8,9,350,200,-922,1237,-2055,-673,8,77,218,122,114,0
305213,9,9,293,650,-1029,1448,-2018,-743,-29,54,238,125,106,0
308547,9,9,350,462,-1167,1499,-2038,-815,3,58,188,122,116,0
311902,9,10,650,575,-1353,1613,-1973,-884,-2,26,209,122,110,0
315216,10,10,68,650,-1481,1707,-1976,-954,-46,41,250,137,106,0
318550,10,10,237,668,-1621,1759,-1827,-1020,-77,53,233,128,105,0
321901,11,11,87,762,-1536,1990,-1666,-1084,-232,-26,237,136,100,0
325219,11,11,12,725,-1304,2538,-1513,-1143,-20,3,216,140,102,0
328554,11,11,125,743,-1420,2799,-1257,-1194,221,-129,331,134,101,0
331902,12,11,0,912,-1288,2373,-917,-1232,-144,-76,112,142,108,0
335222,12,12,162,706,-1861,1996,-591,-1256,1,-377,195,132,103,0
338557,13,12,106,1325,-1686,210,-122,-1263,-53,-346,277,135,86,0
341902,13,12,181,1043,-1024,-1053,323,-1250,32,-153,134,131,101,0
345225,13,13,237,687,-350,-1712,679,-1220,-42,-123,171,128,104,0
348560,14,13,87,1062,21,-2290,840,-1181,-173,-14,85,136,100,0
351903,14,13,181,781,715,-1988,518,-1147,-120,-117,11,131,115,0
355229,15,13,0,1268,746,-1972,438,-1110,52,-192,146,142,105,0
358563,15,14,106,987,614,-2500,6,-1080,-146,-131,194,135,104,0
361903,15,14,181,950,9,-2467,114,-1041,109,153,227,131,106,0
365232,16,14,68,1268,101,-1673,-95,-1005,47,28,244,137,105,0
368566,16,15,237,1025,215,-1552,36,-962,-8,73,252,128,102,0
371924,17,15,87,1381,-540,-1228,7,-917,172,40,347,144,107,0
375236,17,15,275,1250,-768,-1096,343,-862,130,-10,352,134,114,0
378570,17,16,781,1287,-569,-1476,694,-801,159,113,429,123,112,0
381928,18,16,275,1268,-460,-1611,1190,-726,79,196,447,134,113,0
385238,18,16,987,1587,-219,-1442,1544,-640,261,92,432,112,112,0
388573,18,17,912,1118,841,-1361,2037,-541,135,50,380,116,121,0
391928,19,17,368,1137,1370,-1344,2231,-433,-45,92,235,129,120,0
395241,19,18,1081,1325,1431,-1334,2263,-321,-76,240,145,107,126,0
398576,20,18,518,950,936,-755,2307,-199,-125,295,193,121,130,0
401928,20,18,818,1418,380,-117,2119,-73,-4,132,207,121,121,0
405245,20,19,781,931,40,-10,2346,62,-27,246,164,123,131,0
408579,21,19,425,1287,514,-38,2410,201,27,150,226,142,128,0
411928,21,20,725,668,632,-421,2450,341,176,44,230,126,145,0
415248,22,20,406,706,1423,-1124,2412,480,-210,-82,196,127,143,0
418583,22,21,575,668,1421,-1345,1772,597,429,105,68,134,145,0
421928,22,21,368,593,1511,-1534,1215,697,183,10,-9,145,149,0
425251,23,21,106,893,2260,-1230,858,780,-838,-41,499,159,149,0
428586,23,22,368,725,-251,-1060,44,834,223,-42,120,145,142,0
431930,24,22,237,987,863,-824,363,893,-100,169,177,152,144,0
435255,24,23,537,631,288,-800,-420,919,126,250,39,136,147,0
438589,25,23,312,837,679,-381,-591,929,87,215,86,148,152,0
441929,25,24,500,275,1122,205,-788,923,51,114,152,138,166,0
445257,26,25,31,200,852,440,-1389,883,-1092,-176,722,147,154,0
448592,26,25,575,650,-2614,1651,-2243,803,362,-145,247,134,146,0
451978,26,25,762,612,-594,1604,-2281,710,-279,-101,183,132,156,0
455261,27,26,312,50,-1343,1470,-3062,589,140,-108,358,140,170,0
458619,27,27,518,0,-425,511,-3373,467,170,92,207,129,159,0
461951,28,27,406,331,-154,-92,-3209,353,-84,116,147,135,155,0
465264,28,28,425,31,-542,178,-3413,246,-73,88,158,134,155,0
468623,29,28,0,106,-942,285,-3369,137,-87,29,125,142,151,0
471954,29,29,406,293,-1435,266,-3182,41,-221,-26,243,135,141,0
475267,29,29,387,406,-2435,826,-3505,-69,94,17,201,136,135,0
478626,30,29,293,950,-2617,1254,-3647,-183,27,-116,248,141,122,0
481954,30,30,406,406,-1773,909,-3363,-299,-64,-105,118,135,135,0
485270,31,30,50,425,-2197,460,-2288,-392,-161,-47,138,138,134,0
488629,31,31,537,556,-3171,538,-2038,-493,-33,-97,183,128,127,0
491954,32,31,106,537,-3316,163,-1191,-578,15,61,181,135,128,0
495273,32,31,275,818,-3609,-88,-795,-667,80,7,109,142,129,0
498632,32,32,406,368,-3404,62,-402,-749,-162,27,17,135,137,0
501955,33,32,0,200,-3333,-262,-79,-822,99,-97,80,145,146,0
505277,33,33,593,312,-3004,-642,548,-877,424,-39,239,125,140,0
508635,34,33,0,68,-976,-729,1104,-909,250,-75,206,141,153,0
511955,34,34,500,218,369,-950,1875,-924,44,-120,255,130,145,0
515280,34,34,593,106,154,-1043,2324,-926,-152,-212,448,125,151,0
518638,35,35,0,0,-1542,-1139,2480,-926,-100,-183,462,149,142,0
521955,35,35,518,312,-2632,-1322,2475,-924,322,-99,488,129,140,0
525283,36,35,50,256,-1503,-929,2352,-905,371,-131,446,138,143,0
528638,36,36,668,181,306,-615,2321,-871,350,-146,372,121,147,0
531955,36,37,612,0,1538,-423,2437,-822,32,-128,309,124,146,0
535287,37,37,406,331,914,-264,2684,-739,-110,-35,273,143,147,0
538642,37,37,556,143,-39,-365,2727,-665,116,-130,284,135,157,0
541976,38,38,68,0,515,-498,3060,-556,335,-16,170,145,164,0
545289,38,39,725,0,2207,-314,2994,-444,-32,-41,123,126,157,0
548646,39,39,87,0,2220,-202,2851,-331,-86,-45,146,144,161,0
551980,39,40,462,0,2000,-276,2806,-200,106,3,214,140,156,0
555293,39,40,518,0,2802,-423,2942,-38,26,-41,167,137,151,0
558646,40,41,350,0,3124,-594,2998,126,-61,-2,156,146,152,0
561980,40,41,612,0,2989,-715,2847,311,-97,37,159,132,156,0
565296,41,42,0,0,2516,-824,2735,502,-111,-16,158,154,153,0
568646,41,42,593,0,2036,-832,2647,685,-162,27,158,133,152,0
571980,42,43,68,0,1373,-717,2487,869,-145,77,168,145,148,0
575299,42,43,668,68,330,-496,2292,1046,-83,60,180,129,145,0
578646,42,43,556,125,-168,-334,2073,1210,-9,-53,218,135,142,0
581981,43,44,425,162,-277,-447,1926,1380,103,37,261,142,140,0
585302,43,44,743,68,-35,-766,1507,1541,76,-19,273,125,145,0
588647,44,45,293,0,329,-1122,1232,1685,48,-17,222,133,138,0
591982,44,45,931,125,176,-1412,941,1786,32,44,266,115,142,0
595305,44,46,856,0,104,-1376,361,1861,139,30,236,119,141,0
598646,45,46,650,12,670,-1170,65,1900,43,76,188,130,148,0
601982,45,47,837,0,747,-1052,-395,1912,123,59,263,120,142,0
605309,46,47,668,125,786,-1049,-932,1896,42,56,268,129,142,0
608647,46,47,856,87,618,-931,-1330,1857,130,72,253,119,144,0
611981,46,48,762,0,1056,-890,-1633,1789,19,117,223,124,147,0
615312,47,48,575,0,1193,-876,-2003,1692,-139,131,244,134,150,0
618669,47,49,912,0,301,-706,-2370,1559,-54,181,216,124,143,0
622003,48,49,387,0,-301,-522,-2663,1403,-9,102,164,136,145,0
625315,48,50,650,0,-522,-289,-2896,1235,3,163,233,122,133,0
628672,48,50,1156,162,-900,-7,-2924,1066,-7,113,216,111,132,0
632007,49,51,481,87,-1082,353,-2786,906,4,159,167,131,120,0
635318,49,51,837,162,-1242,1135,-2350,760,3,122,151,112,116,0
638672,50,51,706,406,-1391,1664,-1981,622,150,51,171,119,119,0
642008,50,52,256,181,-928,2297,-1368,495,159,77,231,143,115,0
645321,50,52,893,687,90,3133,-606,391,158,66,261,125,104,0
648673,51,52,200,612,1205,3734,-160,290,19,84,269,146,108,0
652007,51,53,406,425,1847,4504,265,205,-97,104,202,135,102,0
655325,52,53,500,800,2146,5375,411,129,-190,-2,108,130,98,0
658673,52,53,181,1006,1874,5485,303,51,-743,-624,139,147,87,0
662007,53,53,181,1475,-867,3463,33,-39,-763,-470,240,147,78,0
665328,53,53,12,1193,-5675,-32,-340,-144,-226,-120,116,156,93,0
668673,54,54,0,1006,-7378,-1338,-468,-247,127,-27,140,147,87,0
672007,54,54,162,1287,-6143,-1325,-409,-345,182,11,207,148,88,0
675331,54,54,200,818,-4143,-1134,-505,-444,106,110,330,146,113,0
678673,55,55,106,1025,-2727,-684,-370,-533,241,137,232,151,102,0
682008,55,55,368,1025,-1155,142,-20,-606,-24,101,226,137,102,0
685334,56,55,0,987,-507,375,692,-649,-61,-134,290,146,104,0
688673,56,55,462,1325,-1089,-201,1278,-669,-58,-126,274,132,102,0
692008,57,56,125,987,-1735,-756,1870,-658,-55,-37,271,134,104,0
695337,57,56,350,1268,-2560,-1303,2688,-612,235,157,228,138,105,0
698695,57,57,518,556,-2405,-1305,3184,-542,309,164,236,129,127,0
702030,58,57,406,1137,-1382,-889,4031,-427,193,114,166,143,120,0
705341,58,57,425,931,-757,-259,4466,-290,128,51,159,142,131,0
708699,59,58,256,1006,-236,-275,4949,-123,47,-7,130,151,127,0
712031,59,58,425,762,-207,-545,5149,66,19,15,105,142,140,0
715344,60,59,87,350,-422,-813,5430,278,154,-2,96,144,146,0
718699,60,59,406,668,-243,-796,5639,505,-38,42,52,143,145,0
722031,61,60,31,331,210,-684,5711,746,-28,35,104,147,147,0
725347,61,60,256,706,-166,-1125,5068,978,345,75,208,151,143,0
728698,61,61,500,50,435,-1566,4856,1213,326,18,199,138,162,0
732032,62,61,31,0,2531,-1539,5137,1464,326,49,133,147,172,0
735350,62,62,706,0,5295,-649,4987,1712,561,74,160,127,176,0
738699,63,62,0,0,6154,-363,4307,1933,4,23,108,149,176,0
742032,63,63,575,0,6446,101,3570,2118,-204,-282,64,134,165,0
745354,64,63,668,0,5377,-290,4113,2309,-221,116,138,129,165,0
748700,64,64,818,312,3939,-184,3012,2445,-281,89,410,121,148,0
752032,64,64,1006,200,1579,-351,1930,2525,-389,-81,424,111,154,0
755357,65,65,631,106,-534,-1730,726,2552,104,120,557,115,143,0
758699,65,65,968,293,-292,-2084,-174,2539,380,119,701,113,149,0
762033,65,66,1006,31,1459,-1395,-989,2495,132,100,578,111,147,0
765360,66,66,987,481,3182,-414,-1764,2430,-125,-5,484,112,139,0
768700,66,67,800,200,2834,-61,-2547,2350,-164,28,551,122,138,0
772033,66,67,1081,575,2250,179,-3182,2261,-231,3,340,123,134,0
775363,67,67,218,443,624,295,-3728,2159,-195,44,185,153,141,0
778721,67,68,500,481,-445,862,-4081,2044,215,-12,130,154,139,0
782034,68,68,106,425,-162,1408,-4102,1932,69,-22,174,159,142,0
785367,68,69,687,256,783,1259,-4045,1817,-44,-119,143,136,143,0
788724,69,69,237,68,675,407,-3537,1707,16,-40,243,144,153,0
792057,69,70,631,68,1233,204,-3351,1581,-218,11,108,123,137,0
795370,70,70,537,481,944,10,-2919,1450,-106,-96,85,128,131,0
798725,70,71,293,312,1031,-408,-2342,1318,-153,-61,128,141,124,0
802060,70,71,593,706,1185,-579,-1648,1183,-250,-130,113,141,119,0
805373,71,71,0,687,1105,-615,-1168,1047,-390,-223,79,162,120,0
808725,71,72,0,612,182,-905,-1058,887,-167,-136,42,158,108,0
812065,72,72,0,1025,-735,-1055,-713,726,-103,-172,74,159,102,0
815376,72,72,125,1006,-1028,-977,-466,556,-263,-189,74,150,103,0
818725,73,73,12,1043,-1884,-1019,-432,382,-366,-140,35,156,101,0
822067,73,73,275,950,-3128,-935,-521,196,-125,-143,95,142,106,0
825380,74,73,0,950,-3489,-912,-183,14,-113,-149,115,151,106,0
828726,74,73,368,1287,-3681,-1135,80,-161,3,-51,210,137,104,0
832067,75,74,0,950,-3267,-994,417,-306,-189,-16,131,158,106,0
835382,75,74,0,1081,-3277,-786,555,-441,-15,-56,246,151,99,0
838726,76,74,0,1137,-3413,-817,1147,-565,-15,11,293,147,112,0
842067,76,75,106,800,-3495,-824,1604,-671,144,-30,316,135,114,0
845385,76,75,518,1212,-2696,-883,2178,-738,314,-61,466,129,108,0
848726,77,75,0,950,-1251,-932,2385,-775,294,75,383,147,122,0
852068,77,76,162,668,-319,-743,3091,-807,229,83,384,132,121,0
855389,78,76,68,931,27,-533,2748,-815,318,92,389,137,123,0
858727,78,77,0,443,157,-626,2279,-804,185,32,397,144,133,0
862067,78,77,350,800,-141,-814,1976,-765,20,-5,282,138,130,0
865392,79,77,0,518,-915,-884,1922,-699,198,-88,254,147,145,0
868747,79,78,462,743,-1278,-1383,1990,-606,207,71,229,140,141,0
872068,80,78,0,687,-1442,-1696,1748,-496,273,74,210,157,144,0
875395,80,79,537,875,-1339,-1926,1765,-362,274,130,302,136,134,0
878751,81,79,12,537,-849,-2059,1764,-207,140,41,222,148,152,0
882068,81,80,293,293,-615,-2432,1994,-28,216,79,253,133,149,0
885398,82,80,312,593,-357,-2709,2025,161,127,39,191,132,149,0
888751,82,81,293,387,-63,-2879,2173,358,81,114,177,133,144,0
892068,82,81,687,556,257,-3038,2369,558,35,79,123,128,151,0
895401,83,82,0,200,632,-3282,2633,751,154,110,137,150,154,0
898752,83,82,687,462,1159,-3366,2881,946,-20,96,55,128,156,0
902094,84,83,237,275,1556,-3207,2952,1129,-36,44,56,136,150,0
905405,84,83,331,275,1262,-2980,2723,1287,-10,91,115,131,150,0
908752,84,84,687,350,1292,-2586,2507,1417,136,72,204,128,146,0
912094,85,84,181,125,2108,-2130,2414,1529,155,14,243,139,158,0
915408,85,85,968,237,3203,-1874,2819,1650,-51,114,225,113,152,0
918752,86,85,368,275,2580,-1097,2264,1743,-431,174,255,129,150,0
922095,86,86,668,443,464,749,1237,1797,-133,149,344,129,141,0
925411,86,86,950,537,349,1969,273,1819,-161,170,323,114,136,0
928753,87,86,350,650,301,3275,-355,1824,154,136,307,130,130,0
932094,87,87,987,650,1434,4073,-984,1799,-46,79,272,112,130,0
935414,87,87,950,481,1636,4090,-1330,1755,-15,63,190,114,139,0
938752,88,88,593,518,1513,3712,-1661,1690,10,37,99,133,137,0
942095,88,88,875,312,1206,3197,-2103,1607,-61,163,118,118,148,0
945417,89,89,800,387,822,3273,-2460,1494,14,135,127,122,144,0
948773,89,89,837,256,742,3267,-2636,1361,-25,81,154,120,151,0
952095,89,89,1025,350,720,2773,-2974,1200,34,117,234,118,154,0
955421,90,90,500,0,819,2573,-3108,1029,42,160,221,130,157,0
958778,90,91,1137,143,1384,2522,-3536,822,86,103,198,112,149,0
962095,90,91,912,50,2106,2261,-3585,624,-228,203,136,124,154,0
965424,91,91,237,68,304,2575,-3751,435,3,220,13,144,153,0
968778,91,92,950,87,68,3087,-4160,244,113,-106,-46,122,152,0
972095,92,93,125,0,269,1884,-3965,60,-591,135,139,150,151,0
975427,92,93,143,0,-3434,2377,-3882,-123,96,298,175,149,142,0
978778,93,93,0,293,-3261,3355,-3978,-302,308,-89,108,164,141,0
982120,93,94,50,106,-2191,2421,-3319,-461,-352,-129,177,154,135,0
985430,94,94,0,537,-3700,1366,-2945,-608,288,56,189,157,128,0
988778,94,95,181,256,-3806,1415,-2848,-759,245,-4,383,147,127,0
992120,95,95,0,443,-1751,1081,-1182,-859,197,-132,500,158,117,0
995433,95,95,0,781,-1851,188,-1149,-963,-17,86,374,161,115,0
998778,96,96,0,481,-2664,-51,-4,-1037,-209,-11,246,173,115,0
1002124,96,96,0,1006,-3751,182,852,-1093,345,-366,718,166,103,0
1005437,97,96,0,950,-2414,-310,1834,-1126,554,-168,850,179,106,0
1008778,97,97,0,687,165,-124,2394,-1143,-138,-231,493,165,104,0
1012124,98,97,0,1062,-221,407,2239,-1158,-627,-230,385,171,100,0
1015440,98,97,0,762,-3546,562,1865,-1178,-133,-288,399,162,116,0
1018779,99,98,0,500,-4275,134,1615,-1203,108,-108,228,166,130,0
1022125,99,98,0,275,-3390,-607,2269,-1221,136,-41,184,154,142,0
1025443,100,99,0,143,-1811,-423,2536,-1212,-8,57,158,159,133,0
1028801,100,99,0,612,-565,56,2666,-1167,149,-7,153,147,124,0
1032125,101,99,0,481,225,391,2801,-1088,-253,0,10,148,131,0
1035447,101,100,200,537,-1320,-323,2716,-992,-379,-257,-2,138,136,0
1038802,102,100,0,368,-2793,-1502,2840,-873,106,53,120,141,145,0
1042125,102,101,368,500,-1884,-1389,2436,-755,124,-247,144,129,138,0
1045450,102,101,387,181,-1119,-1383,2604,-622,288,-171,120,128,155,0
1048802,103,102,275,237,-653,-1898,2861,-467,332,-47,183,134,152,0
1052125,103,102,593,12,1175,-1912,2896,-299,160,-69,183,117,164,0
1055453,104,103,518,0,1757,-1721,2966,-124,123,128,147,121,151,0
1058802,104,103,556,256,1710,-1352,2797,55,-44,47,245,119,151,0
1062126,104,104,743,0,1277,-743,2408,227,278,-137,158,109,150,0
1065456,104,104,1043,368,1671,-1267,2555,418,77,23,234,109,145,0
1068802,105,105,575,125,1194,-1364,2031,593,234,13,246,118,142,0
1072127,105,105,1193,425,1336,-1029,1479,757,201,-59,287,101,142,0
1075459,106,105,1043,368,1656,-1162,1089,921,246,93,281,109,145,0
1078803,106,106,537,68,2203,-1217,688,1066,0,59,258,120,145,0
1082128,106,106,1100,406,2419,-1115,-37,1186,-59,133,234,106,143,0
1085462,107,107,500,143,2364,-1036,-652,1290,62,33,182,122,141,0
1088803,107,107,837,462,2668,-1086,-971,1364,-46,109,244,120,140,0
1092131,107,108,893,106,2694,-766,-1641,1404,-119,239,271,117,143,0
1095466,108,108,87,31,2335,-266,-2270,1422,-30,128,225,144,147,0
1098803,108,109,575,162,2191,418,-2260,1389,-55,126,192,134,140,0
1102134,109,109,12,87,1747,908,-2132,1358,-275,68,251,148,144,0
1105469,109,109,575,387,811,559,-2295,1286,-60,35,186,134,144,0
1108803,110,110,237,87,739,-29,-1968,1198,-60,-32,192,136,144,0
1112138,110,110,537,443,1118,-163,-1690,1088,-147,-89,224,136,141,0
1115472,110,111,556,162,791,-262,-1499,966,19,-57,230,135,140,0
1118828,111,111,125,237,1043,-244,-1388,853,-173,-106,265,150,144,0
1122141,111,112,518,143,243,-231,-1828,738,-268,-189,330,129,133,0
1125475,112,112,387,518,-766,-547,-2152,620,-287,-239,192,136,129,0
1128832,112,112,481,462,-1793,-1331,-2125,483,181,-53,249,131,132,0
1132145,112,113,368,50,-731,-1547,-2053,339,-108,12,296,137,138,0
1135478,113,113,125,387,-213,-911,-2122,190,-278,-12,178,150,136,0
1138837,113,114,350,12,-1226,-817,-2287,31,-49,-39,226,138,140,0
1142148,114,114,162,387,-1467,-533,-2171,-121,-79,3,227,148,136,0
1145481,114,115,256,162,-1519,-339,-2276,-281,-83,-37,185,143,132,0
1148838,115,115,0,125,-1463,-498,-2335,-430,28,-43,160,156,134,0
1152151,115,115,162,500,-1456,-799,-2116,-578,-156,-66,63,148,130,0
1155485,116,116,0,143,-2028,-1099,-2106,-733,-150,-37,-25,153,133,0
1158838,116,116,68,593,-2813,-1271,-2121,-890,128,-24,152,153,125,0
1162154,117,117,0,237,-2228,-964,-1560,-1031,22,18,201,157,128,0
1165488,117,117,0,293,-2046,-767,-1245,-1157,21,17,140,153,125,0
1168839,118,117,0,612,-2183,-610,-966,-1263,209,58,220,151,124,0
1172157,118,118,0,162,-1047,210,-501,-1358,211,60,82,148,132,0
1175491,118,118,31,106,221,724,-250,-1430,38,-60,99,139,135,0
1178838,119,119,0,143,724,735,-228,-1483,-47,-84,124,143,133,0
1182160,119,119,181,125,530,428,-395,-1529,-71,-72,98,131,134,0
1185494,120,119,31,462,577,347,-506,-1567,25,-15,101,139,132,0
1188839,120,120,200,31,912,552,-420,-1579,118,-77,182,130,139,0
1192163,121,120,162,50,2113,798,-369,-1570,80,-39,169,132,138,0
1195498,121,121,0,218,2624,527,6,-1539,-185,-25,282,142,129,0
1198871,121,121,612,650,1329,378,-49,-1489,20,37,265,132,130,0
1202166,122,121,0,593,345,429,381,-1407,-601,-95,830,150,133,0
1205501,122,122,125,293,-231,60,597,-1317,127,53,621,142,133,0
1208839,123,122,0,762,-128,44,1173,-1214,73,66,628,150,124,0
1212170,123,123,293,406,-691,68,1637,-1091,184,90,377,133,127,0
1215504,123,123,837,762,-574,-258,1967,-968,11,65,394,120,124,0
1218840,124,123,275,631,-745,-599,2102,-850,147,109,385,134,131,0
1222173,124,124,481,218,-531,-1369,2220,-733,51,-11,337,123,137,0
1225507,125,124,481,443,-263,-2110,2394,-615,202,-50,280,123,141,0
1228865,125,125,331,106,703,-2348,2262,-487,302,16,145,131,143,0
1232177,125,125,762,406,2548,-2359,2034,-357,-44,37,93,124,143,0
1235510,126,126,87,106,2190,-2066,1897,-231,27,36,65,144,143,0
1238865,126,126,725,275,1976,-1753,1274,-127,164,-66,160,126,150,0
1242179,127,127,12,31,2321,-1143,1320,-19,134,39,97,148,147,0
1245513,127,127,256,0,2934,-1154,1778,107,-173,102,118,135,154,0
1248865,128,128,387,50,3026,-1019,1656,226,-593,64,185,128,146,0
1252182,128,128,237,181,583,93,1303,338,80,76,229,136,139,0
1255517,128,129,856,631,747,925,902,439,192,81,195,119,131,0
1258865,129,129,31,293,1903,1628,622,525,-224,-10,272,147,133,0
1262185,129,129,668,612,1115,2197,70,593,-166,73,261,129,132,0
1265521,129,130,743,275,463,2146,-585,641,-78,-71,186,125,134,0
1268866,130,130,650,537,69,1923,-1030,657,103,97,217,130,136,0
1272189,130,131,931,181,157,2038,-1573,647,80,40,145,115,139,0
1275523,131,131,443,87,296,2034,-1859,619,35,93,136,125,144,0
1278866,131,131,781,462,284,1945,-2249,565,92,77,94,123,140,0
1282192,131,132,987,237,123,1523,-2767,486,-119,-13,213,120,144,0
1285526,132,132,518,200,-695,765,-2778,406,-75,-37,233,129,146,0
1288866,132,133,762,68,-1484,-119,-3024,324,51,-25,297,116,137,0
1292195,132,133,1062,387,-1181,-899,-2988,247,102,19,360,116,136,0
1295529,133,134,387,106,-354,-1365,-2967,167,-121,7,284,136,135,0
1298866,133,134,500,200,-248,-1696,-2937,87,-248,-1,134,130,130,0
1302198,134,134,237,556,-1327,-1670,-2919,-4,-207,-16,127,144,127,0
1305533,134,135,200,312,-1851,-1222,-2670,-86,-249,34,147,146,124,0
1308891,135,135,50,537,-2861,-700,-2570,-178,-121,42,264,154,128,0
1312201,135,136,181,218,-2592,-486,-2272,-268,183,71,275,147,129,0
1315536,136,136,50,293,-1236,81,-1785,-360,74,58,305,138,125,0
1318894,136,136,537,687,-686,634,-936,-440,-159,-33,228,128,120,0
1322205,136,137,575,275,-1369,838,-339,-512,-130,-44,157,126,126,0
1325539,137,137,200,631,-2100,392,109,-575,92,92,339,146,123,0
1328895,137,137,425,481,-2599,-85,545,-627,278,214,289,134,131,0
1332208,138,138,106,162,-2082,414,927,-673,255,228,211,135,132,0
1335543,138,138,593,575,-841,1667,1171,-707,-90,46,256,125,126,0
1338900,138,139,593,425,-1110,2236,1280,-731,-208,-59,284,125,118,0
1342211,139,139,331,950,-2245,2021,1258,-751,-18,-115,318,139,106,0
1345545,139,139,518,1006,-2432,1527,1616,-740,-62,-132,412,129,103,0
1348903,140,140,106,575,-2802,684,1522,-734,60,-150,310,135,110,0
1352215,140,140,575,1006,-2522,-256,1955,-728,67,-121,281,126,103,0
1355549,140,140,518,706,-2058,-465,2281,-708,213,-67,239,129,119,0
1358904,141,141,293,631,-1740,-597,2524,-670,106,-32,125,141,123,0
1362218,141,141,556,593,-1152,-464,3019,-604,25,43,88,127,125,0
1365552,142,141,612,931,-1401,-160,3259,-522,27,50,161,132,131,0
1368903,142,142,406,387,-1338,222,3456,-416,33,-19,193,143,144,0
1372222,142,142,406,462,-978,321,3674,-283,-93,-5,252,143,140,0
1375556,143,143,218,706,-968,43,3576,-139,-49,30,272,153,127,0
1378905,143,143,462,518,-969,-90,3426,16,-81,122,216,140,137,0
1382224,144,144,331,650,-927,-314,3125,172,52,75,234,147,130,0
1385558,144,144,443,556,-1077,-501,2398,317,27,65,191,141,135,0
1388904,145,144,218,950,-1094,-364,1806,460,238,22,223,153,130,0
1392228,145,145,462,575,-319,-512,1421,591,265,42,274,140,134,0
1395561,146,145,162,500,508,-799,1264,725,145,48,235,140,138,0
1398904,146,146,500,593,779,-1034,847,845,19,49,201,138,133,0
1402230,146,146,518,425,378,-1080,365,949,67,48,268,137,142,0
1405565,147,147,331,462,-48,-1069,-19,1041,246,32,282,147,140,0
1408905,147,147,537,368,544,-1014,-293,1123,197,93,203,136,145,0
1412234,148,147,293,631,1257,-690,-513,1190,219,22,197,149,147,0
1415568,148,148,518,143,1833,-597,-534,1254,243,-14,243,137,157,0
1418926,149,149,0,0,2587,-556,-586,1306,108,25,212,151,154,0
1422237,149,149,406,218,3179,-505,-804,1337,162,89,179,143,153,0
1425571,150,149,425,68,3775,-254,-976,1336,170,-4,96,142,161,0
1428929,150,150,350,125,4885,-160,-1254,1307,91,-39,97,146,158,0
1432240,150,151,387,0,5619,-442,-1466,1258,21,14,81,144,160,0
1435575,151,151,143,143,5901,-674,-1655,1189,-15,-27,72,157,157,0
1438930,151,152,331,0,5848,-945,-1885,1101,-29,5,26,147,151,0
1442244,152,152,0,0,5819,-1240,-1755,1010,-123,108,5,163,160,0
1445578,152,153,256,0,5090,-929,-1678,917,-111,144,170,151,156,0
1448930,153,153,0,0,4414,-510,-2036,815,-198,14,160,160,162,0
1452246,153,154,275,0,3212,-335,-2354,690,-445,132,132,142,153,0
1455581,154,154,0,0,946,30,-2311,571,-256,64,197,143,154,0
1458931,154,155,537,0,-758,207,-2062,445,-291,-85,354,128,147,0
1462249,155,155,481,12,-1615,-405,-1558,325,-83,-113,354,131,140,0
1465585,155,155,12,256,-1068,-942,-1316,205,-5,-7,357,140,127,0
1468930,155,156,537,350,-123,-687,-1012,79,-127,107,282,128,122,0
1472253,156,156,0,143,348,-375,-1220,-60,-224,-14,161,153,133,0
1475587,156,157,237,331,-176,-370,-1011,-199,-182,-159,218,144,123,0
1478931,157,157,0,331,-716,-546,-918,-343,-232,7,202,156,123,0
1482256,157,157,0,443,-1131,-367,-1123,-490,-239,-64,217,143,117,0
1485590,158,158,68,575,-1917,-158,-1701,-650,-78,-147,265,137,110,0
1488931,158,158,87,368,-2091,-395,-1983,-810,-202,-154,329,136,121,0
1492259,158,158,481,668,-2132,-557,-1900,-944,-97,-54,199,131,121,0
1495594,159,159,0,368,-2216,-475,-1814,-1057,-27,-5,137,154,121,0
1498931,159,159,0,406,-2415,-187,-1395,-1145,-96,21,242,147,119,0
1502262,160,159,0,631,-2321,98,-858,-1211,-243,-160,80,155,123,0
1505597,160,160,0,162,-2408,-113,-610,-1257,-53,-108,191,146,132,0
1508952,161,160,31,425,-2460,-348,-438,-1282,49,3,376,139,134,0
1512265,161,161,87,106,-2290,-242,111,-1278,-11,-13,260,136,135,0
1515600,161,161,162,162,-1845,-109,889,-1241,75,11,284,132,132,0
1518956,162,161,68,631,-981,350,1675,-1173,19,-67,278,137,123,0
1522269,162,162,256,162,-566,378,2127,-1089,-86,-102,201,127,132,0
1525603,163,162,162,537,-785,93,2445,-995,-80,-86,235,132,128,0
1528956,163,163,181,256,-1242,-517,2790,-882,-11,-66,197,131,127,0
1532272,163,163,725,743,-1432,-980,2888,-762,68,15,197,126,125,0
1535606,164,164,0,406,-1131,-1144,3044,-627,52,-38,159,152,143,0
1538956,164,164,500,425,-798,-1075,3314,-478,64,-10,206,138,142,0
1542275,165,164,0,312,-658,-1037,3481,-317,-38,23,206,153,148,0
1545609,165,165,200,50,-836,-1169,3563,-147,55,78,195,138,146,0
1548957,166,165,200,312,-917,-1254,3720,23,66,27,171,138,148,0
1552278,166,166,275,31,-649,-1292,3671,190,182,26,212,134,147,0
1555614,166,166,668,331,170,-1232,3697,369,116,32,226,129,147,0
1558957,167,167,87,0,1029,-1211,3827,562,134,18,263,144,149,0
1562282,167,167,387,0,1543,-1340,3946,758,-67,122,249,128,153,0
1565616,168,168,162,12,1661,-1270,3899,944,-8,-81,236,140,148,0
1568957,168,168,331,143,1489,-798,3566,1104,-7,84,290,131,141,0
1572285,168,169,612,275,1526,-218,3176,1245,-1,42,281,132,134,0
1575619,169,169,256,87,1591,240,2841,1365,-70,117,270,135,144,0
1578957,169,169,743,500,1728,550,2623,1485,-94,167,246,125,138,0
1582288,170,170,181,50,1606,783,2517,1595,71,117,242,139,146,0
1585646,170,170,743,650,1830,1067,2395,1699,-14,121,244,125,130,0
1588979,170,171,687,293,1714,1455,2193,1803,-80,62,191,128,133,0
1592291,171,171,162,275,1267,1557,2011,1919,1,110,191,140,134,0
1595649,171,172,706,462,1015,1789,1818,2037,-30,-1,169,127,124,0
1598982,172,172,0,387,552,2199,1622,2147,70,-11,110,150,128,0
1602294,172,172,612,668,356,2198,1484,2251,4,67,151,132,129,0
1605652,173,173,0,387,514,2309,1252,2333,36,65,237,153,128,0
1608982,173,173,537,650,845,2590,1000,2391,-3,112,183,136,130,0
1612297,174,174,687,275,784,2683,465,2425,-223,-69,242,128,134,0
1615656,174,174,443,406,-330,2342,251,2446,-308,-32,258,133,135,0
1618982,174,174,500,462,-2354,1804,-297,2434,-92,61,266,130,132,0
1622301,175,175,0,181,-2914,1724,-482,2391,-194,42,159,145,131,0
1625659,175,175,387,350,-3510,1868,-539,2322,242,-31,350,136,138,0
1628983,176,176,0,0,-2128,1782,-446,2241,73,-66,125,146,147,0
1632304,176,176,500,125,-1071,514,-204,2158,-328,-103,80,130,150,0
1635662,176,177,462,0,-2529,-337,243,2079,-183,-13,85,132,144,0
1638983,177,177,50,0,-4155,-418,261,1997,108,-80,141,138,141,0
1642307,177,177,650,368,-3269,-1066,613,1921,98,15,261,122,137,0
1645665,178,178,0,0,-2087,-1824,505,1833,-40,-40,254,148,141,0
1648984,178,178,425,462,-1907,-2237,169,1730,66,113,175,134,132,0
1652310,178,179,518,68,-1600,-1815,-29,1617,-51,72,293,129,137,0
1655666,179,179,0,50,-1786,-1478,-209,1494,-22,34,342,147,138,0
1658983,179,180,368,181,-2292,-1223,-522,1363,126,93,314,137,131,0
1662313,180,180,0,106,-1957,-889,-695,1226,69,93,292,152,135,0
1665670,180,181,312,293,-1881,-398,-819,1081,44,33,307,140,125,0
1669005,181,181,0,218,-2142,-183,-791,933,99,-15,316,149,129,0
1672317,181,181,0,143,-1906,-297,-587,793,-3,-3,211,151,133,0
1675674,182,182,0,237,-1965,-526,-294,672,17,1,213,149,128,0
1679008,182,182,0,218,-1967,-136,277,582,-184,-84,131,145,129,0
1682320,182,182,50,368,-2735,-39,558,510,-7,-24,223,138,121,0
1685675,183,183,0,293,-3277,-91,682,450,-25,-29,202,147,125,0
1689008,183,183,12,181,-3540,-114,964,401,33,94,180,140,131,0
1692323,184,184,0,256,-3144,402,1050,359,214,123,164,143,127,0
1695675,184,184,87,106,-2011,1367,1274,330,68,-9,144,136,135,0
1699009,185,184,143,668,-746,1944,1738,322,-30,-104,159,141,129,0
1702326,185,185,0,387,-1181,1618,2117,331,-122,-143,246,154,128,0
1705675,186,185,0,631,-1858,785,2328,353,202,-138,321,151,131,0
1709009,186,186,50,275,-61,-97,2762,393,308,-69,228,146,134,0
1712330,186,186,218,50,1157,-379,2841,443,56,-121,165,137,146,0
1715675,187,187,143,162,1328,-866,2710,496,264,-73,162,141,140,0
1719009,187,187,293,162,1710,-1406,2185,550,59,37,195,133,140,0
1722333,188,187,143,462,1732,-1130,1903,602,-16,67,87,141,140,0
1725675,188,188,331,237,1125,-855,1609,661,-93,-150,189,131,136,0
1729010,188,188,668,537,-343,-1713,1341,718,99,65,331,129,136,0
1732336,189,189,218,293,-315,-1386,1274,775,-61,139,215,137,133,0
1735675,189,189,856,500,-535,-783,1063,822,218,-11,215,119,138,0
1739009,190,189,368,500,-283,-618,1003,860,371,80,402,129,138,0
1742340,190,190,593,125,676,-438,1159,888,219,2,350,117,142,0
1745697,190,190,1043,537,1451,-338,1172,917,159,3,305,109,136,0
1749032,191,191,293,162,1769,-362,1187,935,293,88,309,133,140,0
1752342,191,191,837,425,2512,-300,1007,950,221,53,266,120,142,0
1755700,192,192,368,31,3108,-230,754,969,226,20,214,129,147,0
1759035,192,192,162,50,3709,-116,-16,969,138,10,166,140,146,0
1762345,192,193,725,162,4008,-322,-329,965,101,-4,319,126,140,0
1765701,193,193,218,162,4038,-435,-921,953,-107,15,159,137,140,0
1769034,193,193,762,500,2810,-510,-1368,932,32,29,298,124,138,0
1772349,194,194,256,12,2468,-430,-1797,901,-2,25,207,135,148,0
1775700,194,194,650,537,2097,-270,-2229,856,50,23,206,130,136,0
1779035,194,195,725,143,1473,-209,-2630,792,-124,-27,256,126,141,0
1782352,195,195,275,181,853,-236,-2585,721,-87,-59,254,142,147,0
1785701,195,196,556,0,129,-493,-2544,633,55,34,245,127,142,0
1789035,196,196,518,331,730,-556,-2393,540,-104,-49,221,129,139,0
1792355,196,197,275,106,303,-375,-2085,454,45,66,131,142,135,0
1795701,196,197,293,31,-99,207,-2159,356,15,26,167,141,139,0
1799036,197,197,406,556,-661,640,-2365,250,-91,-103,232,135,127,0
1802358,197,198,743,237,-271,583,-2140,143,87,-65,388,117,128,0
1805701,198,198,575,668,617,497,-2268,18,-8,-109,294,126,121,0
1809036,198,199,687,500,748,309,-2454,-124,-162,-288,317,120,114,0
1812361,198,199,687,537,473,-226,-2387,-271,-219,-208,318,120,112,0
1815702,199,199,237,893,-69,-715,-2346,-431,-325,-123,265,144,109,0
1819037,199,199,200,856,-1163,-533,-1962,-581,-224,-101,139,146,111,0
1822365,200,200,0,481,-1812,-227,-2203,-735,7,-151,159,154,115,0
1825723,200,200,125,687,-2130,-174,-2354,-876,-80,-93,213,150,120,0
1829057,201,201,0,218,-2723,-212,-2052,-1000,77,75,122,152,129,0
1832368,201,201,237,518,-2495,543,-2225,-1120,-29,-14,177,144,129,0
1835723,202,201,12,293,-2362,946,-2253,-1232,130,-75,275,140,141,0
1839059,202,202,0,0,-2407,243,-2068,-1337,47,-112,179,143,146,0
1842371,202,202,462,293,-2205,-380,-1666,-1422,187,-16,171,132,141,0
1845727,203,203,0,143,-1511,-251,-1511,-1500,128,-119,322,149,133,0
1849060,203,203,462,556,-781,-316,-1265,-1576,-81,-71,210,132,127,0
1852374,204,204,106,162,-801,-546,-1163,-1649,91,-53,253,135,132,0
1855727,204,204,31,237,-720,-806,-1031,-1719,-12,-13,252,139,128,0
1859060,204,204,350,612,-805,-901,-516,-1766,10,-47,269,138,124,0
1862377,205,205,0,368,-635,-940,-129,-1794,87,58,234,151,121,0
1865727,205,205,893,968,-129,-1102,203,-1787,-55,-21,206,165,161,0
1869060,206,206,0,537,-240,-1436,692,-1755,37,-19,280,198,168,0
1872381,207,206,87,706,-135,-1361,1121,-1691,-44,42,223,192,175,0
1875727,207,207,312,237,-165,-1301,1270,-1609,264,-8,168,180,184,0
1879060,208,207,143,481,1092,-1223,1355,-1510,267,26,116,189,187,0
1882384,208,208,556,0,2580,-977,1653,-1389,-15,-7,207,167,202,0
1885728,209,209,162,0,3082,-1112,1869,-1248,-191,28,238,172,198,0
1889061,210,210,425,0,2537,-1962,2331,-1095,-65,9,236,158,195,0
1892387,210,210,256,0,2115,-2429,2644,-933,13,2,203,167,190,0
1895727,211,211,218,312,1944,-2492,2838,-769,134,50,173,169,164,0
1899062,211,211,368,106,2658,-2445,3140,-606,42,103,114,161,175,0
1902390,212,212,200,200,3117,-2597,3516,-428,62,107,221,170,170,0
1905729,212,213,387,0,3201,-2865,3872,-234,-49,57,275,160,168,0
1909061,213,213,0,68,2136,-3054,4020,-41,-417,89,293,166,161,0
1912394,213,214,800,537,212,-2874,3746,146,-271,161,348,138,152,0
1915749,214,214,256,106,-1521,-2291,2953,315,61,201,231,151,159,0
1919085,214,215,800,406,-2154,-1425,2453,466,144,82,181,138,143,0
1922397,215,215,612,350,-1362,-1078,1908,599,3,125,238,132,146,0
1925753,215,215,1137,818,-664,-649,950,690,-68,149,253,120,137,0
1929089,215,216,1175,425,-855,-401,238,766,-88,94,234,118,142,0
1932400,216,216,518,275,-1237,-456,-459,826,-2,75,247,137,150,0
1935753,216,217,1081,368,-1211,-502,-1279,850,128,181,249,123,145,0
1939089,217,217,650,106,-341,36,-1794,863,42,130,221,130,159,0
1942403,217,218,968,256,-147,481,-2304,862,31,163,213,129,151,0
1945782,217,218,1268,200,-271,723,-2952,834,41,150,213,121,162,0
1949095,218,219,781,87,-998,920,-3210,786,143,131,246,131,152,0
1952407,218,219,1100,31,-1132,1244,-3055,737,155,148,222,114,155,0
1955753,218,220,1400,200,-1017,1729,-2921,686,299,35,286,114,146,0
1959095,219,220,725,50,-299,1897,-2349,649,75,215,275,134,154,0
1962409,219,221,968,0,-670,2168,-2047,617,69,154,172,121,146,0
1965754,220,221,912,87,-1003,2391,-1820,576,94,69,62,124,152,0
1969095,220,222,818,0,-1073,2137,-1623,529,-55,88,91,129,147,0
1972413,221,222,987,256,-1621,1909,-1811,467,13,169,71,136,143,0
1975754,221,222,350,256,-1881,1824,-2166,377,164,-21,-1,154,143,0
1979095,222,223,12,12,-1010,1019,-2373,268,-68,-57,-22,156,140,0
1982416,222,223,237,537,-1564,474,-2086,163,-132,-2,184,160,128,0
1985754,223,224,0,368,-2540,416,-1559,72,-88,27,157,166,121,0
1989096,223,224,0,650,-3569,441,-1250,-18,-146,24,86,175,122,0
1992420,224,224,0,650,-4043,-13,-969,-106,168,106,213,171,122,0
1995776,224,225,0,481,-3225,-264,-750,-203,-167,71,200,170,115,0
1999097,225,225,0,856,-2574,17,-165,-290,148,86,557,175,111,0
2002422,225,225,0,725,-848,1236,539,-362,-292,-96,232,168,118,0
2005779,226,226,0,856,-1658,508,1341,-418,-19,-119,133,182,111,0
2009096,226,226,0,668,-3028,-195,2037,-465,111,34,333,175,121,0
2012425,227,227,0,293,-1467,-24,2359,-512,-70,87,522,184,125,0
2015779,228,227,0,687,-501,1067,2374,-563,-291,17,395,170,120,0
2019097,228,227,0,556,-812,1819,2187,-612,-47,-130,368,168,127,0
2022429,229,228,0,368,-679,1761,2141,-637,84,-242,414,153,121,0
2025779,229,228,125,631,-338,375,2331,-641,96,-413,249,134,123,0
2029150,229,229,875,593,-586,-1438,2777,-614,109,-100,285,118,133,0
2032432,230,229,312,518,-814,-2043,2801,-556,155,-68,295,132,137,0
2035780,230,229,518,275,-223,-2015,2739,-478,208,-149,291,121,150,0
2039122,230,230,743,275,273,-2029,2650,-381,196,-122,175,125,150,0
2042435,231,230,143,50,784,-1823,2757,-255,64,18,157,141,162,0
2045780,231,231,950,200,950,-1073,2591,-118,187,-30,169,114,154,0
2049123,232,231,293,31,802,-887,2309,25,143,-69,174,133,163,0
2052439,232,232,518,87,1024,-957,2080,183,268,-75,131,121,144,0
2055780,232,232,800,331,1614,-837,1651,335,114,12,143,122,147,0
2059123,233,233,200,31,2167,-635,1030,462,154,13,232,138,147,0
2062442,233,233,987,275,2468,-543,617,573,162,14,185,112,150,0
2065781,234,234,443,0,2969,-330,-211,640,102,4,195,125,154,0
2069123,234,234,762,143,2839,-205,-591,685,218,10,211,124,157,0
2072445,234,235,950,0,3162,-92,-974,711,32,44,125,114,149,0
2075802,235,235,537,237,3625,-272,-1383,719,-14,31,111,136,152,0
2079124,235,236,650,68,3047,-585,-1905,716,-62,176,60,130,145,0
2082448,236,236,612,0,3092,-288,-2227,714,-64,72,106,132,161,0
2085806,236,237,818,0,3264,-320,-2069,724,-34,10,203,121,151,0
2089124,236,237,931,0,3319,-894,-1908,729,-138,109,166,115,153,0
2092452,237,238,762,0,2791,-1476,-1622,727,-135,189,117,124,151,0
2095806,237,238,837,0,2557,-1457,-1402,722,-201,174,140,120,154,0
2099124,237,239,1118,0,1980,-1195,-1358,710,-302,231,111,121,149,0
2102454,238,239,556,12,516,-806,-1564,685,-203,234,209,135,148,0
2105805,238,239,950,68,-1048,64,-1790,634,-126,160,228,114,145,0
2109124,239,240,1100,0,-1136,136,-1740,563,128,81,382,106,149,0
2112457,239,240,1006,106,-212,-329,-1535,473,86,90,439,119,151,0
2115807,239,241,1193,12,1135,-971,-1795,353,35,160,348,109,140,0
2119148,240,241,593,125,1673,-1080,-1458,234,-238,270,308,125,134,0
2122461,240,242,968,312,1238,-201,-1078,126,-330,227,175,121,124,0
2125806,240,242,875,256,-213,1155,-667,37,8,57,237,126,127,0
2129152,241,242,518,350,-800,1202,-553,-46,74,43,320,129,122,0
2132464,241,243,1175,368,-1039,700,-355,-130,22,134,337,110,121,0
2135807,242,243,575,237,-1063,323,-705,-239,97,-7,207,126,128,0
2139153,242,243,912,706,-1334,-202,-566,-344,-10,-36,195,124,119,0
2142467,242,244,856,368,-1098,-274,-301,-439,-147,110,144,127,121,0
2145807,243,244,293,462,-2025,443,-629,-542,-49,80,237,141,116,0
2149153,243,245,800,443,-2336,778,-681,-649,-89,159,161,130,117,0
2152470,244,245,406,275,-2741,984,-907,-758,-21,98,91,135,126,0
2155828,244,245,818,556,-2852,1275,-1327,-872,38,114,125,129,127,0
2159153,244,246,856,162,-2520,1188,-1420,-981,31,63,90,127,132,0
2162474,245,246,87,143,-2232,1391,-1461,-1079,-192,-117,-50,152,133,0
2165830,245,247,593,181,-2674,1372,-1007,-1142,-244,-158,-119,141,131,0
2169153,246,247,0,125,-3198,892,-887,-1189,-44,65,-9,168,134,0
2172477,246,247,162,387,-2620,909,-994,-1214,-157,-142,60,164,136,0
2175831,247,248,0,106,-2384,739,-874,-1223,206,-167,345,171,135,0
2179153,247,248,0,237,-2002,915,-142,-1197,111,75,50,158,128,0
2182480,248,249,0,575,-1642,507,134,-1149,351,-161,567,160,126,0
2185831,248,249,218,125,498,492,726,-1067,-83,-106,189,145,134,0
2189153,249,249,68,406,761,232,1141,-962,161,-85,349,153,135,0
2192484,249,250,331,200,1497,33,1757,-842,-56,-49,245,139,130,0
2195831,250,250,218,593,1645,-65,2002,-720,-175,-74,205,153,133,0
2199154,250,251,237,106,1029,66,2394,-595,85,-62,317,152,143,0
2202487,251,251,0,0,1006,98,2632,-469,-7,-71,257,153,150,0
2205831,251,252,556,0,1331,-99,2864,-337,96,-68,241,135,154,0
2209155,252,252,218,0,1519,-426,2864,-198,-127,-20,272,137,155,0
2212490,252,253,406,0,896,-775,2519,-64,-139,-55,281,143,157,0
2215831,252,253,556,0,-671,-1194,2225,59,180,-57,319,135,164,0
2219159,253,254,331,0,-505,-1349,1817,164,139,-56,236,147,167,0
2222493,253,254,593,0,110,-1351,1534,268,111,-61,230,133,170,0
2225832,254,255,12,0,310,-1105,1089,348,36,40,219,148,169,0
2229162,254,255,556,0,133,-701,802,407,-10,1,328,135,174,0
2232497,255,256,68,0,-125,-335,338,438,-182,-101,336,145,166,0
2235832,255,256,293,0,515,-137,218,462,-321,53,319,149,166,0
2239165,256,257,0,0,-284,820,145,478,114,104,379,149,147,0
2242499,256,257,218,162,-226,1757,80,502,143,-40,296,153,140,0
2245856,256,258,462,31,664,2248,-196,514,172,8,267,140,131,0
2249169,257,258,0,125,1401,2656,-235,516,-346,-17,258,151,126,0
2252502,257,258,631,406,545,3194,-164,530,99,28,139,131,127,0
2255860,258,259,0,68,528,3442,-160,547,-78,-39,143,150,129,0
2259172,258,259,518,331,387,3226,-229,568,-116,77,141,137,131,0
2262506,259,260,143,0,243,3073,-556,592,-56,67,191,141,136,0
2265863,259,260,612,162,1010,2818,-649,616,-255,80,201,132,140,0
2269175,259,261,706,0,976,2655,-734,639,-309,-157,313,127,140,0
2272509,260,261,387,0,563,1896,-924,641,-92,-163,252,128,139,0
2275866,260,261,950,125,122,53,-1033,637,-285,-221,243,114,142,0
2279178,261,262,650,125,-231,-1207,-811,642,-111,-98,256,122,134,0
2282512,261,262,275,125,-835,-1805,-491,654,63,-130,213,142,134,0
2285866,261,263,331,0,-724,-2765,-302,649,-184,-53,194,139,127,0
2289181,262,263,106,312,-1785,-3298,-571,627,-243,67,141,151,124,0
2292516,262,263,162,143,-3227,-3396,-737,582,10,170,150,148,133,0
2295866,263,264,0,256,-3499,-2715,-912,518,10,52,178,157,127,0
2299184,263,264,218,200,-3788,-2221,-1246,424,54,217,236,145,130,0
2302518,264,265,0,0,-3787,-1333,-1299,321,165,155,287,141,128,0
2305866,264,265,593,331,-3065,175,-1094,212,167,132,393,125,123,0
2309187,264,265,256,181,-2451,683,-1077,96,104,105,306,143,131,0
2312522,265,266,0,68,-1856,901,-1028,-25,340,46,501,151,121,0
2315867,265,266,631,425,-579,1116,-345,-125,127,-128,380,123,118,0
2319190,266,266,237,537,-521,763,273,-196,-50,-155,311,128,112,0
2322525,266,267,856,650,-977,47,722,-242,127,-221,381,111,106,0
2325867,266,267,706,612,-1223,-613,1511,-252,85,-152,320,119,108,0
2329194,267,267,181,612,-1083,-1121,1923,-240,145,-80,340,131,108,0
2332528,267,268,725,556,-654,-1433,2195,-205,49,18,248,118,111,0
2335867,268,268,181,575,-471,-1190,2608,-149,-79,73,117,131,110,0
2339197,268,268,425,762,-613,-988,2656,-76,-220,-82,114,134,116,0
2342531,268,269,406,256,-650,-1100,2959,8,155,-23,92,135,127,0
2345867,269,269,0,256,-663,-1400,3026,98,169,-78,48,151,127,0
2349200,269,269,331,387,-534,-1459,3186,195,-225,-28,7,139,136,0
2352535,270,270,0,0,-1455,-1561,3452,309,177,9,140,151,141,0
2355892,270,270,350,537,-943,-1370,3416,423,252,64,261,138,128,0
2359203,271,271,87,387,31,-1419,3221,529,102,67,160,136,120,0
2362537,271,271,425,837,710,-1615,3237,635,-25,154,142,142,120,0
2365893,271,271,368,425,907,-1296,3049,738,102,48,239,145,142,0
2369206,272,272,162,612,1120,-1099,2933,847,0,193,325,156,132,0
2372541,272,272,462,537,1321,-427,2260,938,-80,251,380,140,136,0
2375893,273,273,0,312,1184,719,1505,1008,35,179,342,149,132,0
2379209,273,273,631,650,1526,1063,777,1061,132,86,350,131,130,0
2382544,274,273,293,631,2251,990,105,1096,34,-27,350,133,131,0
2385893,274,274,706,800,3103,-238,-318,1112,33,12,293,127,122,0
2389213,274,274,687,612,3052,-1109,-411,1114,-77,108,296,128,132,0
2392547,275,275,31,256,2472,-1466,-672,1103,4,211,285,147,135,0
2395893,275,275,556,331,2048,-1065,-895,1093,196,6,193,135,147,0
2399216,276,276,0,50,2393,-1166,-719,1093,95,121,173,154,146,0
2402550,276,276,443,425,2314,-1061,-564,1104,114,154,172,141,142,0
2405894,277,277,68,50,2600,-545,-413,1130,64,95,173,145,146,0
2409219,277,277,556,406,2746,-458,-167,1165,197,50,137,135,143,0
2412554,278,277,575,237,3033,-594,123,1204,142,96,104,134,152,0
2415894,278,278,500,200,3116,-692,348,1248,167,-64,83,138,154,0
2419222,278,279,518,162,3063,-577,440,1294,89,30,92,137,156,0
2422557,279,279,0,0,2854,-261,596,1323,123,66,77,151,152,0
2425894,279,279,650,275,3056,-158,574,1333,69,111,81,130,150,0
2429225,280,280,106,0,3073,-114,400,1323,-88,71,82,143,159,0
2432560,280,280,706,68,2403,22,18,1276,-100,65,181,127,161,0
2435894,280,281,537,0,1194,153,-267,1208,-1,87,221,136,156,0
2439229,281,281,425,162,891,64,-418,1126,62,31,201,142,156,0
2442563,281,282,706,0,1020,-169,-724,1022,-88,16,208,127,150,0
2445921,282,282,256,293,400,-427,-857,912,12,-14,188,143,141,0
2449233,282,283,443,87,152,-637,-1230,781,99,33,310,133,136,0
2452566,283,283,462,181,726,-757,-1126,651,-160,34,310,132,131,0
2455923,283,284,387,312,230,-638,-1312,511,-73,-35,342,136,124,0
2459235,283,284,350,256,-108,-370,-1581,354,-146,4,283,138,127,0
2462569,284,284,143,687,-961,150,-1926,187,145,91,340,149,120,0
2465928,284,285,406,406,-211,1179,-2083,21,-180,-47,298,135,119,0
2469239,285,285,68,406,-366,1152,-2295,-151,-44,-4,320,137,119,0
2472573,285,285,406,631,-45,938,-2516,-325,-311,14,98,135,123,0
2475931,286,286,0,293,-1462,657,-2711,-501,-325,77,22,148,125,0
2479241,286,286,50,668,-2898,650,-2665,-655,-272,-130,117,154,121,0
2482577,286,287,106,293,-3847,382,-2218,-772,23,-151,212,151,125,0
2485931,287,287,0,237,-3429,161,-1991,-858,23,19,106,143,128,0
2489245,287,287,331,481,-2758,11,-1522,-909,58,-87,214,139,131,0
2492579,288,288,0,68,-1732,-223,-858,-926,59,-83,185,150,137,0
2495932,288,288,425,368,-583,-461,-526,-929,-147,-114,191,134,137,0
2499248,289,289,0,106,-517,-716,33,-907,-159,-43,158,148,135,0
2502582,289,289,0,106,-745,-852,527,-863,-171,-36,90,144,135,0
2505932,290,289,0,518,-1699,-767,748,-817,-122,-74,99,143,129,0
2509252,290,290,0,218,-1420,-639,1095,-765,360,15,395,149,129,0
2512585,290,290,0,275,43,-87,1562,-704,148,66,364,143,126,0
2515932,291,291,0,162,1685,267,1818,-642,-17,11,288,149,132,0
2519255,291,291,50,218,1784,576,1984,-583,30,-45,312,138,129,0
2522589,292,291,0,556,1988,805,1930,-534,-215,-32,203,142,127,0
2525933,292,292,143,256,1032,965,1636,-497,-1,-27,287,133,127,0
2529257,293,292,275,537,565,1113,1404,-471,-27,-29,287,134,136,0
2532592,293,293,31,50,490,1138,1186,-452,107,13,350,147,146,0
2535933,293,293,593,387,1022,1102,1202,-427,34,22,327,133,144,0
2539261,294,294,143,387,1917,984,1157,-392,149,-115,270,141,144,0
2542595,294,294,500,218,2168,997,837,-357,42,-37,312,122,137,0
2545933,295,294,125,500,1823,705,874,-317,-167,-29,200,142,138,0
2549264,295,295,200,275,855,345,865,-267,-174,70,209,138,134,0
2552598,296,295,706,556,5,519,620,-221,-75,124,221,127,135,0
2555954,296,296,87,200,-117,654,539,-166,-142,63,310,144,138,0
2559267,296,296,706,556,16,710,394,-118,42,64,335,127,135,0
2562601,297,297,181,537,243,463,140,-73,-9,-93,275,139,136,0
2565958,297,297,818,575,617,-194,355,-12,22,-79,243,121,134,0
2569270,297,297,837,593,895,-866,532,64,-41,-186,199,120,133,0
2572605,298,298,312,425,555,-1293,452,143,-8,-93,170,132,126,0
2575958,298,298,912,743,-89,-1469,212,221,-17,-111,243,116,125,0
2579273,299,299,331,200,-362,-1686,-114,296,125,-138,210,131,138,0
2582608,299,299,781,687,-219,-2251,-685,360,-136,137,211,123,128,0
2585959,299,299,650,612,-516,-2080,-861,416,-93,-70,315,130,132,0
2589277,300,300,106,387,-1041,-1981,-1586,436,-25,-21,238,143,128,0
2592611,300,300,668,800,-1149,-1645,-2216,429,-21,60,210,129,122,0
2595959,301,301,0,387,-1219,-1256,-2675,393,-113,69,176,149,128,0
2599280,301,301,368,706,-1373,-1179,-2828,331,62,6,223,145,127,0
2602614,302,301,200,537,-1148,-1650,-3069,252,-75,104,153,138,136,0
2605959,302,302,631,593,-1336,-1662,-3164,152,-23,18,123,131,133,0
2609283,302,302,575,406,-1358,-1394,-3029,41,-44,92,154,134,143,0
2612617,303,303,50,312,-1453,-1251,-3069,-78,-55,145,220,154,140,0
2615959,303,303,368,275,-1711,-1063,-3127,-210,-122,218,209,137,142,0
2619287,304,303,350,668,-2127,-599,-3169,-357,-57,137,176,138,137,0
2622621,304,304,443,312,-2372,88,-3191,-514,-109,218,235,133,140,0
2625959,304,304,350,237,-2493,803,-3253,-678,78,-69,244,138,144,0
2629289,305,305,181,387,-2120,886,-3619,-851,-119,168,95,147,136,0
2632624,305,305,387,181,-2985,1147,-3025,-997,52,170,115,136,147,0
2635980,306,306,143,275,-2613,999,-2816,-1129,-344,-60,147,149,142,0
2639293,306,306,350,256,-3056,212,-2134,-1232,-44,112,214,138,143,0
2642627,307,307,0,31,-3955,57,-1388,-1313,97,80,205,145,139,0
2645984,307,307,218,462,-3614,211,-1110,-1384,70,156,174,145,132,0
2649296,308,307,0,350,-3216,267,-724,-1433,-88,145,145,149,138,0
2652630,308,308,0,181,-3261,425,-357,-1471,-110,28,121,152,131,0
2655984,309,308,0,481,-3855,419,-61,-1500,-155,13,166,150,131,0
2659299,309,309,0,275,-4296,240,462,-1505,-176,-139,114,156,126,0
2662634,310,309,87,743,-4466,-759,990,-1491,32,3,303,152,117,0
2665985,310,309,0,575,-3396,-672,1295,-1463,196,87,466,155,126,0
2669302,310,310,0,425,-1889,256,1878,-1409,26,40,430,149,118,0
2672637,311,310,0,743,-1263,1192,2069,-1355,-236,30,358,157,117,0
2675985,311,311,0,443,-1887,1607,2458,-1295,192,-291,574,148,117,0
2679305,312,311,0,912,-1464,1334,2526,-1230,33,-135,520,146,108,0
2682640,312,311,143,687,-403,159,2374,-1163,-218,-152,307,133,120,0
2685985,313,311,0,650,-1024,-708,2532,-1080,60,-47,249,135,122,0
2689309,313,312,237,612,-842,-1086,2546,-979,45,-10,217,128,124,0
2692643,313,312,668,893,-503,-1122,2425,-876,-91,79,160,129,133,0
2695986,314,313,181,406,-1127,-656,2120,-760,44,105,145,139,143,0
2699312,314,313,256,50,-1219,87,2128,-625,67,-12,96,135,162,0
2702646,315,314,68,237,-507,580,2098,-476,153,22,60,145,152,0
2705986,315,314,293,293,-59,417,1913,-327,64,-33,77,133,149,0
2709315,315,315,725,462,41,-47,1500,-185,71,-107,86,126,140,0
2712674,316,315,256,162,-9,-381,1434,-41,91,-12,110,135,156,0
2716007,316,316,593,87,39,-320,1469,99,187,-90,133,117,144,0
2719319,317,316,668,425,305,-592,1352,237,282,-28,218,113,142,0
2722676,317,317,668,50,1246,-798,1203,372,227,-94,235,113,146,0
2726010,317,317,1212,387,1811,-757,1323,513,323,-42,268,100,144,0
2729321,318,317,687,256,2635,-644,1192,650,408,-93,206,112,151,0
2732679,318,318,1137,387,3677,-706,1044,784,274,-188,207,104,144,0
2736011,318,318,1062,256,3715,-1037,893,925,190,-60,235,108,151,0
2739325,319,319,406,87,3430,-1262,453,1033,214,-50,237,127,144,0
2742683,319,319,968,293,4539,-1169,95,1124,78,2,223,113,149,0
2746011,319,320,875,12,4515,-1253,-290,1182,-46,108,203,118,148,0
2749328,320,320,612,406,3656,-1453,-837,1199,-24,197,257,132,143,0
2752686,320,321,725,68,2969,-1155,-1718,1180,15,271,291,126,145,0
2756011,321,321,687,406,3171,-436,-1998,1140,-314,239,371,128,143,0
2759332,321,321,518,462,2680,-106,-2287,1080,-97,280,349,137,140,0
2762689,321,322,987,462,2190,72,-2576,1002,-100,299,232,128,140,0
2766012,322,322,425,368,1569,336,-2676,904,-250,211,217,142,145,0
2769334,322,323,406,125,564,731,-2766,786,-75,72,256,143,142,0
2772693,323,323,200,443,799,747,-2566,665,6,84,128,154,141,0
2776040,323,324,387,162,1233,704,-2435,531,-80,-3,123,152,148,0
2779338,324,324,0,125,1437,796,-2322,393,21,-116,80,163,150,0
2782694,324,325,125,50,1562,419,-1888,258,-59,-59,65,150,138,0
2786012,325,325,143,387,1499,53,-1568,130,-237,-80,116,149,136,0
2789341,325,325,87,387,1080,-207,-1552,7,-73,-59,197,152,136,0
2792699,326,326,0,237,1079,37,-1969,-133,-125,-68,104,148,128,0
2796033,326,326,312,575,871,259,-2143,-279,-135,-251,110,140,126,0
2799344,326,327,237,312,1113,-42,-2058,-419,-410,-113,153,144,124,0
2802702,327,327,143,725,-927,-607,-2159,-553,-229,-147,189,149,118,0
2806036,327,327,162,743,-2250,-617,-1899,-679,-134,-90,209,148,117,0
2809347,328,328,0,575,-2635,-435,-1727,-798,-244,-41,280,155,110,0
2812702,328,328,275,856,-3518,-278,-1339,-900,-29,-102,361,142,111,0
2816037,329,328,0,668,-3171,-331,-897,-975,-16,-64,352,150,121,0
2819351,329,329,425,781,-2768,-545,-272,-1028,-35,-102,406,134,115,0
2822703,330,329,0,650,-1402,-943,494,-1059,-121,-79,266,144,122,0
2826037,330,329,200,687,-1488,-1225,862,-1074,-207,-95,106,130,120,0
2829353,330,330,631,668,-1903,-1341,1106,-1077,-171,24,118,123,121,0
2832703,331,330,0,518,-3019,-1177,869,-1091,339,3,246,144,129,0
2836038,331,331,650,556,-2355,-868,848,-1102,106,113,239,122,127,0
2839357,332,331,275,518,-1968,-300,785,-1110,-12,92,195,126,129,0
2842703,332,331,368,612,-1999,254,613,-1119,76,166,259,121,124,0
2846037,332,332,743,687,-1870,1108,416,-1120,45,115,251,117,120,0
2849360,333,332,125,593,-1720,1780,143,-1118,24,6,240,134,125,0
2852704,333,333,687,687,-1607,1728,86,-1107,-65,-42,188,120,120,0
2856038,333,333,743,650,-1906,1340,103,-1077,-20,3,181,117,122,0
2859363,334,333,500,968,-2056,1234,-87,-1026,-19,3,160,138,129,0
2862704,334,334,650,125,-271,1016,-550,-981,373,-114,31,130,158,0
2866038,335,334,50,0,2203,949,-655,-930,173,-53,81,146,169,0
2869367,335,335,462,12,3228,998,-529,-866,-128,88,156,140,164,0
2872704,336,335,125,0,3157,632,50,-781,-59,61,221,142,171,0
2876038,336,336,368,275,2891,-41,629,-675,-110,-191,245,145,150,0
2879369,336,336,500,443,2401,-474,440,-581,-243,12,375,138,141,0
2882729,337,337,218,800,719,-225,72,-503,203,-150,329,153,122,0
2886060,337,337,537,725,657,-635,-16,-431,213,-21,342,136,126,0
2889373,338,337,0,612,856,-577,-179,-377,2,91,294,151,132,0
2892729,338,338,593,462,608,-135,-120,-332,60,-97,285,133,140,0
2896063,339,338,162,293,696,-277,306,-274,120,-19,188,140,149,0
2899377,339,339,612,368,1043,-214,338,-202,212,-56,118,132,145,0
2902729,339,339,425,125,2017,-10,145,-130,63,-118,83,142,158,0
2906064,340,340,181,275,2535,-254,366,-54,-134,-52,77,155,150,0
2909379,340,340,368,181,2212,-539,-88,9,-6,-52,189,145,155,0
2912729,341,341,0,106,1748,-1236,-297,59,46,-89,222,154,143,0
2916064,341,341,537,387,1469,-2123,-556,96,-189,31,163,136,144,0
2919382,342,342,31,237,128,-2647,-567,120,-109,77,310,147,136,0
2922729,342,342,612,668,-1433,-2630,-825,122,62,2,387,132,129,0
2926064,343,343,181,143,-1335,-2796,-1136,95,244,-36,367,139,141,0
2929386,343,343,368,500,-83,-3241,-1133,44,7,20,212,145,138,0
2932730,343,343,556,275,646,-3702,-1331,-23,-202,-61,23,135,150,0
2932730,343,343,556,275,646,-3702,-1331,-23,-202,-61,23,135,150,0
2936064,344,344,0,106,-112,-4334,-1314,-99,-341,61,65,150,143,0
2939389,344,344,537,406,-2193,-4224,-1368,-169,60,175,229,136,143,0
2942730,345,345,0,181,-2694,-3257,-1980,-257,174,160,352,157,147,0
2946064,345,345,462,68,-1493,-2147,-1844,-339,278,38,454,132,153,0
2949392,346,346,312,0,-342,-1237,-1159,-395,56,25,368,124,145,0
2952730,346,346,856,181,314,-327,-505,-423,-177,16,189,111,147,0
2956065,346,347,837,0,-30,169,-504,-444,-77,66,232,112,145,0
2959395,347,347,256,0,-220,294,-608,-465,-31,56,261,127,142,0
2962751,347,347,593,368,-412,357,-736,-491,2,172,242,125,137,0
2966088,347,348,631,0,-378,559,-849,-515,67,134,199,123,142,0
2969399,348,348,443,293,-85,908,-1008,-530,-26,202,152,133,141,0
2972755,348,349,575,50,-203,1214,-1164,-545,-173,57,214,126,138,0
2976088,349,349,218,143,-1190,892,-1379,-572,-193,48,139,129,133,0
2979401,349,350,387,575,-2242,284,-1495,-620,-162,126,137,136,126,0
2982755,349,350,481,87,-3374,-147,-1269,-680,-86,118,57,131,136,0
2986088,350,350,237,537,-3545,-168,-1267,-733,81,-21,132,144,128,0
2989405,350,351,350,256,-3177,-514,-937,-764,8,152,168,138,127,0
2992756,351,351,31,237,-2649,-565,-774,-788,194,209,142,139,128,0
2996088,351,351,556,593,-1946,26,-965,-813,70,70,160,127,125,0
