Time, Rlegs, Llegs, DCL, DCR, GyroX, GyroY, GyroZ, GyroZAvg, AccelX, AccelY, AccelZ, LBEMF, RBEMF, SteerOut
2190,135,142,0,0,-130,-79,244,246,1,-2,226,26,26,0
5522,135,142,0,0,-130,-80,245,246,-4,-6,223,26,26,0
8877,135,142,0,0,-128,-81,246,246,-2,-3,223,26,26,0
12190,135,142,0,0,-130,-81,248,246,-1,-5,224,26,26,0
15525,135,142,0,0,-128,-79,246,246,0,-7,228,26,27,0
18877,135,142,0,0,-129,-83,247,246,0,-5,229,26,26,0
22212,135,142,0,0,-129,-80,248,246,1,-4,230,26,26,0
25528,135,142,0,0,-127,-80,246,246,-1,-4,231,26,26,0
28881,135,142,0,0,-130,-79,246,246,0,-7,228,27,26,0
32215,135,142,0,0,-128,-79,247,246,-1,-4,228,26,26,0
35531,135,142,0,0,-129,-77,246,246,-2,-5,229,26,27,0
38881,135,142,0,0,-128,-83,246,246,0,-9,229,27,26,0
42216,135,142,0,0,-126,-79,245,246,-2,-8,226,26,26,0
45534,135,142,0,0,-127,-82,246,246,-4,-3,228,27,26,0
48882,135,142,0,0,-124,-81,244,246,0,-6,228,26,27,0
52216,135,142,0,0,-127,-83,246,246,-3,-4,224,27,26,0
55538,135,142,0,0,-128,-80,246,246,-2,-4,227,27,26,0
58881,135,142,0,0,-130,-84,247,246,2,-6,223,26,26,0
62217,135,142,0,0,-129,-83,247,246,-1,-5,222,27,26,0
65541,135,142,0,0,-129,-79,247,246,0,-4,226,26,26,0
68882,135,142,0,0,-127,-78,250,246,-2,-4,228,26,26,0
72217,135,142,0,0,-128,-80,247,246,0,-5,229,26,26,0
75544,135,142,0,0,-128,-77,245,246,-2,-3,228,26,26,0
78882,135,142,0,0,-129,-80,246,246,2,-2,228,26,26,0
82217,135,142,0,0,-129,-82,244,246,-4,-1,232,27,26,0
85547,135,142,0,0,-131,-80,245,246,-2,-5,226,27,27,0
88882,135,142,0,0,-132,-83,246,246,-1,-1,229,26,26,0
92237,135,142,0,0,-128,-81,247,246,-2,-3,229,26,26,0
95550,135,142,0,0,-130,-82,247,246,-2,-4,227,27,26,0
98904,135,142,0,0,-127,-81,248,246,0,-5,221,26,26,0
102238,135,142,0,0,-129,-82,246,246,-2,-2,229,26,26,0
105554,0,0,0,0,-126,-82,247,246,1,-7,224,27,26,0
108907,0,0,0,0,-126,-81,245,246,0,-1,225,26,27,0
112242,0,0,0,0,-130,-84,245,246,-1,-6,227,27,27,0
115557,0,0,0,0,-130,-81,244,246,-3,-3,229,26,26,0
118907,0,0,0,0,-128,-80,244,246,0,-6,222,26,26,0
122242,0,0,0,0,-128,-81,245,246,1,-2,235,27,27,0
125561,0,0,0,0,-127,-81,244,246,0,-4,227,26,26,0
128908,0,0,0,0,-130,-81,247,245,-3,-3,227,26,26,0
132242,0,0,0,0,-128,-80,247,246,-1,-2,232,26,26,0
135564,0,0,0,0,-128,-82,248,246,0,-2,226,26,26,0
138908,0,0,0,0,-129,-80,249,246,-3,-1,227,27,26,0
142242,0,0,0,0,-127,-79,248,246,0,-1,228,27,26,0
145567,0,0,0,0,-128,-81,246,246,-3,-3,223,26,26,0
148908,0,0,0,0,-128,-81,247,246,-1,-5,230,26,26,0
152242,0,0,0,0,-126,-81,246,246,0,-5,226,26,26,0
155570,0,0,0,0,-131,-82,243,246,0,-8,226,26,26,0
158909,0,0,0,0,-130,-80,243,246,0,-3,228,26,27,0
162243,0,0,0,0,-128,-79,246,246,0,-2,224,26,27,0
165574,0,0,0,0,-129,-79,246,246,0,-3,225,26,27,0
168910,0,0,0,0,-129,-80,245,246,-3,-7,229,26,26,0
172243,0,0,0,0,-129,-79,245,245,0,-2,232,27,26,0
175576,0,0,0,0,-128,-81,246,245,0,-5,229,27,27,0
178930,0,0,0,0,-130,-82,246,245,0,-6,225,26,27,0
182266,0,0,0,0,-128,-80,245,245,-2,-3,227,26,26,0
185580,0,0,0,0,-127,-82,244,245,-2,-4,232,26,26,0
188933,0,0,0,0,-128,-83,245,245,-2,-4,221,27,26,0
192267,0,0,0,0,-130,-82,246,245,-1,-4,227,27,26,0
195583,0,0,0,0,-130,-82,245,245,0,-3,227,26,26,0
198933,0,0,0,0,-130,-82,245,245,0,-7,233,26,26,0
202267,0,0,0,0,-128,-83,245,245,-2,-3,230,27,26,0
205586,0,0,556,575,-129,-81,247,245,-3,-1,218,27,26,0
208937,0,0,0,0,-142,-128,246,245,-51,1,208,67,60,0
212270,0,0,0,0,-316,-165,228,245,27,-20,230,61,58,0
215589,0,0,406,350,-138,-257,191,243,29,-16,222,51,54,0
218937,0,0,237,181,62,-384,213,242,-67,9,217,60,63,0
222270,0,1,143,0,-150,-426,194,240,-8,21,225,65,70,0
225592,1,1,0,0,-162,-344,190,239,26,7,233,62,66,0
228937,1,1,425,143,75,-261,241,238,-41,5,221,50,65,0
232270,1,1,218,31,57,-203,179,236,-65,2,206,61,71,0
235596,1,1,237,68,-271,-152,90,232,6,9,231,60,69,0
238938,1,1,612,406,-145,-56,59,226,0,9,248,56,67,0
242271,1,2,331,0,-3,-7,63,220,-26,6,234,71,78,0
245598,2,2,293,0,2,-12,-55,210,8,15,236,73,76,0
248938,2,2,200,0,143,53,-113,199,48,15,259,62,73,0
252271,2,2,631,293,492,167,-103,188,-12,36,246,55,73,0
255602,2,2,312,87,576,321,-130,176,-16,5,217,72,84,0
258959,2,3,368,0,440,426,-200,162,12,24,222,69,81,0
262272,2,3,687,218,495,546,-192,149,45,33,234,68,77,0
265605,3,3,162,87,799,758,-154,136,-1,38,219,80,84,0
268962,3,3,275,68,772,840,-168,124,4,22,229,74,85,0
272296,3,4,481,0,725,885,-184,110,6,42,243,63,83,0
275608,3,4,593,106,893,957,-160,97,-23,59,233,73,83,0
278963,3,4,275,50,828,1074,-164,85,-22,-6,199,90,86,0
282300,4,4,12,125,665,1129,-103,74,-55,-47,266,88,82,0
285611,4,5,631,593,242,805,63,68,10,-48,290,71,73,0
288963,4,5,368,68,-100,495,153,65,-46,-48,248,85,85,0
292303,4,5,237,162,-616,351,328,68,107,-18,251,92,80,0
295614,5,5,0,162,-340,351,469,75,63,-80,263,93,80,0
298963,5,5,462,500,3,215,582,85,35,-41,235,80,78,0
302305,5,6,331,31,222,210,729,100,-82,-27,208,87,87,0
305618,5,6,275,256,-62,266,954,123,-53,-45,185,90,75,0
308964,6,6,256,631,-375,178,1143,151,-42,-55,211,91,71,0
312305,6,6,312,350,-622,29,1264,182,14,-24,231,88,86,0
315621,6,7,368,68,-755,-117,1339,217,22,-17,248,85,85,0
318964,6,7,350,293,-584,-143,1422,254,15,7,241,86,73,0
322305,7,7,237,593,-401,-151,1348,290,-24,32,226,92,73,0
325624,7,7,312,350,-478,-1,1249,322,-78,40,189,88,86,0
328964,7,7,650,687,-525,226,1310,357,-61,-17,251,81,79,0
332306,7,8,443,368,-369,312,1562,400,-20,-30,278,92,80,0
335627,8,8,31,556,-111,-53,1599,443,-90,-23,238,98,70,0
338985,8,8,518,631,-150,-271,1532,485,-101,-7,196,72,66,0
342306,8,8,781,893,-314,-361,1490,529,-76,-17,211,74,68,0
345630,8,8,481,650,-522,-567,1475,573,-19,8,252,90,81,0
348988,9,9,12,443,-433,-681,1393,614,-1,62,242,99,76,0
352306,9,9,387,556,-309,-638,1286,656,-40,80,227,79,70,0
355634,9,9,706,837,-298,-519,1186,697,-47,66,232,78,71,0
358989,9,9,331,537,-370,-568,1122,735,7,85,228,98,87,0
362306,10,10,31,275,-316,-505,1043,772,-2,127,223,98,85,0
365637,10,10,368,443,81,-5,1214,816,-92,79,250,80,76,0
368989,10,10,612,818,201,465,1100,856,-39,115,209,83,72,0
372306,10,10,275,537,137,794,844,888,-69,80,229,101,87,0
375640,11,10,0,650,-91,961,837,919,-53,58,212,101,81,0
378990,11,11,462,500,-357,828,903,953,-48,38,211,75,73,0
382332,11,11,518,800,-660,489,1019,990,-7,53,202,88,73,0
385644,12,11,237,537,-852,68,1109,1030,-33,48,192,103,87,0
388990,12,11,12,537,-1224,-232,966,1063,-28,61,211,99,87,0
392332,12,12,612,537,-1690,-338,782,1086,72,77,190,83,87,0
395647,12,12,368,500,-1564,-54,658,1101,58,39,162,96,89,0
398990,13,12,0,406,-1281,20,500,1107,19,40,188,118,94,0
402333,13,12,0,481,-1417,110,375,1104,48,-6,201,109,90,0
405650,13,13,293,537,-1454,278,431,1099,74,-7,187,100,87,0
408990,14,13,0,462,-1217,206,349,1087,94,37,212,112,91,0
412333,14,13,0,312,-961,193,480,1072,137,-10,201,106,99,0
415653,14,14,0,143,-141,-26,526,1053,-22,-41,192,101,92,0
418990,15,14,0,537,-223,-265,581,1032,-3,31,198,104,87,0
422333,15,14,0,368,-624,-231,575,1008,66,-21,183,110,96,0
425657,15,14,0,275,-505,-226,525,980,49,56,184,107,101,0
429012,16,15,0,125,-489,-8,499,953,66,21,181,112,93,0
432334,16,15,0,518,-513,191,431,928,68,-5,179,117,88,0
435659,16,15,0,312,-191,398,559,904,184,-31,282,118,99,0
439015,17,16,0,68,387,619,744,879,102,-45,252,131,96,0
442333,17,16,0,331,511,679,767,853,78,-95,281,131,82,0
445662,18,16,0,687,573,815,837,831,-22,-107,241,134,79,0
449016,18,16,0,425,193,910,802,809,-98,-140,246,141,93,0
452334,18,17,0,125,-519,702,653,784,-31,-127,297,142,93,0
455666,19,17,0,593,-984,392,554,758,15,-80,293,154,89,0
459016,19,17,0,293,-874,160,373,729,-101,-92,253,148,105,0
462358,20,17,0,387,-711,127,214,699,-42,-140,195,155,100,0
465669,20,18,0,481,-529,91,178,669,-2,-42,139,145,95,0
469016,21,18,0,406,-607,253,52,638,-69,-133,201,150,99,0
472362,21,18,0,462,-851,358,6,600,-67,-78,154,140,96,0
475673,22,19,0,237,-1159,392,-90,563,-35,-185,165,144,92,0
479016,22,19,0,631,-1301,48,-163,532,-60,-166,168,135,87,0
482363,23,19,0,425,-1342,-273,-237,498,-48,-122,181,139,98,0
485676,23,19,0,481,-1548,-447,-211,463,-185,-185,95,134,95,0
489016,24,20,0,743,-2054,-655,-212,425,239,-94,300,131,81,0
492363,24,20,0,631,-1564,-543,-123,386,263,-106,388,125,87,0
495678,24,20,0,556,144,-115,33,357,140,-102,396,118,91,0
499017,25,21,0,443,647,-24,169,338,-36,-155,343,114,81,0
502363,25,21,0,875,463,-270,384,330,67,-145,353,100,74,0
505682,25,21,0,725,647,-278,595,333,50,-179,303,90,82,0
509040,25,21,0,612,904,-232,670,342,-17,-189,248,74,88,0
512362,26,21,0,1062,674,-303,664,349,-33,-155,265,67,80,0
515685,26,22,31,706,99,-340,657,359,-18,-156,287,55,83,0
519040,26,22,181,706,-234,-298,589,362,-58,-122,275,47,83,0
522363,26,22,162,668,-682,-270,397,358,4,-84,278,48,85,0
525688,26,23,368,650,-945,-78,293,349,-49,-73,289,53,86,0
529041,26,23,125,612,-1100,8,211,338,-54,-75,298,66,88,0
532363,26,23,200,556,-1266,-6,188,327,-46,-72,284,62,91,0
535692,26,23,481,837,-1359,-43,211,318,-31,-79,278,63,92,0
539041,27,24,0,293,-1429,-151,67,307,-15,-68,242,78,105,0
542363,27,24,87,331,-1523,-160,-360,278,-40,-70,216,68,103,0
545694,27,24,237,275,-1531,-138,-423,242,50,-77,204,60,106,0
549041,27,25,387,275,-1282,-317,-641,198,7,-12,182,68,106,0
552363,27,25,125,143,-1109,-507,-1149,135,81,9,119,82,113,0
555698,28,25,0,31,-592,-187,-1074,77,-15,43,66,86,119,0
559041,28,26,181,181,-581,-117,-1098,22,-169,-202,18,79,111,0
562367,28,26,200,12,-1209,-883,-966,-24,285,-34,206,78,120,0
565702,28,27,181,200,453,-744,-802,-61,100,-2,186,79,110,0
569042,28,27,181,0,1493,-678,-464,-82,-26,-38,127,79,105,0
572370,29,27,125,275,1348,-1294,-201,-94,153,34,150,82,106,0
575704,29,27,143,275,1993,-1262,-127,-100,-4,23,135,81,106,0
579042,29,28,387,368,1880,-1053,-68,-102,-28,-3,132,79,96,0
582373,29,28,256,331,1237,-1055,94,-96,-3,49,209,86,98,0
585708,30,28,0,406,673,-1011,18,-91,-43,78,230,92,94,0
589065,30,29,125,406,241,-765,36,-82,-72,62,250,77,78,0
592376,30,29,668,818,-322,-317,285,-67,2,56,340,64,72,0
595711,30,29,462,706,-596,-386,415,-47,97,21,402,75,78,0
599070,30,29,350,612,-408,-575,596,-25,-52,117,326,81,83,0
602379,31,29,50,706,-870,-171,818,0,50,79,388,81,78,0
605714,31,30,743,706,-1146,81,1130,29,109,45,421,60,78,0
609069,31,30,462,631,-780,-84,1392,61,219,171,286,75,82,0
612383,31,30,350,331,-242,597,1264,81,479,171,153,81,98,0
615717,31,31,425,0,2619,1875,922,89,142,-66,-12,77,107,0
619075,32,31,537,0,3528,2169,893,96,-239,-53,118,71,116,0
622386,32,31,462,0,2321,936,776,100,-380,1,201,75,123,0
625721,32,32,387,0,568,-52,690,103,-199,-139,131,79,112,0
629075,32,32,368,68,-1091,-1202,638,111,145,-104,157,80,96,0
632389,33,32,143,575,-618,-1846,28,103,-13,-108,80,92,85,0
635723,33,33,125,143,-307,-2749,-191,90,-30,-177,39,93,92,0
639076,33,33,518,162,-608,-3754,-44,83,105,187,162,72,91,0
642392,33,33,706,462,97,-3320,186,82,-70,173,277,78,91,0
645726,34,33,275,275,-358,-2470,658,100,19,131,502,85,101,0
649076,34,34,500,68,-749,-1393,1126,147,116,52,594,73,96,0
652395,34,34,800,218,-84,-204,1777,216,76,11,531,57,88,0
655730,34,34,987,537,164,-67,2358,309,47,-14,413,63,87,0
659076,34,34,762,331,404,-132,2597,426,-3,-46,334,75,98,0
662398,35,35,331,0,630,-1008,2641,543,-46,80,216,82,101,0
665733,35,35,425,143,551,-1621,2376,651,-213,83,-43,77,92,0
669076,35,35,612,406,-683,-1947,1940,742,150,102,99,83,94,0
672402,35,36,275,0,87,-1030,2130,834,251,101,201,101,104,0
675736,36,36,125,0,1156,-546,2457,925,-69,43,136,93,109,0
679077,36,36,556,0,972,-767,2318,1004,-198,165,51,70,108,0
682405,36,37,687,0,-664,-468,1748,1062,-70,212,49,79,101,0
685739,36,37,425,31,-821,253,1351,1106,152,88,155,93,98,0
689077,37,37,181,0,182,488,1658,1155,159,62,150,90,102,0
692408,37,37,518,125,1256,406,1518,1202,-75,132,94,72,93,0
695742,37,38,856,0,830,648,1026,1233,-46,124,147,70,100,0
699077,37,38,575,0,531,788,812,1250,28,34,266,85,104,0
702412,38,38,706,331,863,720,918,1265,-160,66,227,83,103,0
705746,38,39,668,12,237,894,802,1272,-75,74,194,85,104,0
709103,38,39,706,0,-421,1084,725,1269,-89,59,217,83,111,0
712414,38,39,725,0,-396,1345,539,1250,-98,81,210,82,110,0
715749,39,40,912,0,-491,1545,458,1221,-90,74,202,88,106,0
719103,39,40,443,0,-629,1815,346,1193,5,105,218,97,108,0
722418,39,40,912,68,-371,2265,78,1166,47,33,316,72,101,0
725752,39,41,1025,0,166,2004,-93,1135,127,-18,323,66,98,0
729103,40,41,762,68,1060,1297,-258,1103,-185,-55,197,80,101,0
732421,40,41,481,87,1298,122,-726,1059,-77,59,156,95,100,0
735755,40,42,781,0,1573,-42,-1064,1006,17,40,232,79,98,0
739103,40,42,875,31,1195,-140,-1109,970,-201,-40,188,90,103,0
742424,41,42,87,125,-277,-493,-1603,926,-190,65,220,116,98,0
745759,41,43,387,0,-1708,-111,-1549,879,319,67,477,100,94,0
749104,41,43,875,275,-1238,1260,-1449,828,447,7,462,90,90,0
752427,42,43,162,106,848,2148,-1144,772,101,-244,321,112,99,0
755762,42,43,368,68,879,1334,-945,707,-142,-266,246,101,101,0
759104,42,44,481,0,-30,396,-977,621,41,-181,270,95,100,0
762430,43,44,443,87,-91,103,-975,517,-19,-317,204,97,100,0
765765,43,44,218,0,-110,-763,-975,405,-36,-299,185,109,105,0
769104,43,45,387,0,-567,-1507,-1034,290,-37,-111,67,100,102,0
772435,44,45,256,12,-987,-1689,-1324,174,-138,-20,26,107,104,0
775769,44,45,12,0,-1696,-1777,-1534,66,-288,-64,73,120,110,0
779105,44,46,143,0,-2154,-2130,-1675,-52,-75,-117,247,113,108,0
782437,45,46,0,0,-1683,-2120,-1632,-180,-10,-148,97,116,108,0
785772,45,46,162,0,-1784,-1727,-1739,-307,-38,-51,25,112,112,0
789129,45,47,256,0,-1962,-1782,-1143,-397,213,94,287,107,106,0
792440,46,47,0,0,-722,-925,-557,-457,109,62,377,117,100,0
795775,46,47,31,0,-366,-213,346,-498,-103,-38,317,103,98,0
799133,46,47,406,312,-460,-124,513,-529,189,-24,476,99,88,0
802443,47,48,0,0,158,-170,1157,-525,131,18,475,113,94,0
805778,47,48,0,106,759,192,1340,-508,-6,-52,340,109,83,0
809133,47,48,556,387,804,399,1527,-489,-77,-131,350,91,84,0
812446,48,49,0,0,-73,38,1447,-469,12,-93,264,105,91,0
815781,48,49,0,68,-301,-243,1516,-444,-58,-82,221,106,85,0
819138,48,49,650,537,-268,-337,1588,-412,-153,38,226,86,76,0
822450,48,49,443,312,-531,-393,1446,-381,168,-8,237,97,88,0
825784,49,49,0,237,-226,-573,1297,-351,15,27,190,113,92,0
829141,49,50,368,181,168,-670,1046,-321,-163,88,125,96,90,0
832453,49,50,425,237,-538,-335,731,-295,-65,69,163,93,87,0
835787,50,50,87,275,-816,-128,712,-265,-5,61,196,95,85,0
839141,50,51,293,87,-752,-21,837,-216,51,54,253,84,79,0
842457,50,51,725,406,-525,-135,830,-157,-31,42,221,77,78,0
845790,50,51,387,350,-549,-223,827,-96,39,33,208,95,81,0
849142,51,51,12,256,-247,-202,844,-20,161,79,203,99,86,0
852459,51,51,331,293,776,266,1173,64,-36,125,128,82,84,0
855794,51,52,668,331,900,698,1227,148,-92,108,160,80,82,0
859142,51,52,406,293,421,878,1250,223,63,-9,253,94,84,0
862462,52,52,68,331,339,1080,1609,303,87,44,232,96,82,0
865797,52,52,462,443,110,865,1546,381,-149,-92,315,75,76,0
869142,52,53,781,331,-1333,-46,1106,446,-72,13,227,74,82,0
872466,52,53,556,331,-2461,-506,807,502,285,127,244,86,82,0
875800,53,53,312,331,-1717,-30,887,562,249,80,314,83,82,0
879142,53,53,762,593,-692,308,1164,640,171,-8,330,75,84,0
882469,53,53,650,518,-579,-10,1091,722,-131,3,134,81,88,0
885803,53,54,481,181,-802,-381,1239,813,-26,-5,310,90,90,0
889143,54,54,331,350,-684,-437,1176,901,71,48,298,82,81,0
892472,54,54,687,612,-397,-53,1192,992,116,51,321,79,83,0
895806,54,55,462,425,349,47,1281,1068,-28,33,212,91,93,0
899164,54,55,331,256,567,90,1389,1129,-118,-1,215,98,86,0
902475,55,55,143,368,-224,-59,1369,1161,84,20,206,92,80,0
905810,55,55,762,537,-68,-78,1209,1183,33,-21,175,75,87,0
909167,55,55,556,350,672,126,1431,1191,-109,-14,92,86,97,0
912478,55,56,481,143,124,234,1694,1202,-104,-39,97,90,92,0
915813,56,56,200,256,-682,250,1761,1210,58,-15,139,89,86,0
919168,56,56,762,406,-759,198,1679,1217,110,-16,159,75,94,0
922482,56,57,612,0,525,417,1772,1225,192,-73,108,83,103,0
925817,56,57,612,0,1144,255,1840,1233,266,-228,167,83,100,0
929168,57,57,443,0,1700,-39,1611,1238,36,-31,7,76,100,0
932485,57,57,818,368,1160,36,1418,1242,-33,-105,179,72,96,0
935820,57,58,612,0,-24,-159,1222,1247,72,-80,160,83,102,0
939169,57,58,500,106,-193,-658,959,1254,85,-18,191,89,94,0
942488,58,58,0,162,14,-682,651,1252,-31,40,156,100,91,0
945822,58,59,350,125,363,-507,702,1248,187,-24,351,97,93,0
949168,58,59,275,162,1013,-965,703,1244,-126,33,277,101,91,0
952492,59,59,612,537,711,-1136,510,1234,-206,52,275,104,92,0
955826,59,59,87,406,-32,-1035,658,1228,58,96,318,116,99,0
959169,59,60,331,0,1,-872,614,1211,50,106,294,103,111,0
962495,60,60,12,0,234,-323,611,1192,-92,147,239,104,109,0
965829,60,61,275,368,165,340,664,1173,17,110,214,106,101,0
969169,60,61,293,12,249,796,626,1143,-22,56,190,105,104,0
972498,61,61,87,31,188,930,434,1108,-37,80,177,116,103,0
975833,61,61,0,87,-76,899,275,1082,-7,14,197,123,100,0
979190,61,62,218,106,-318,849,60,1059,-54,-66,193,109,99,0
982501,62,62,0,68,-254,579,108,1034,16,-88,215,111,101,0
985835,62,62,0,106,-253,305,119,1002,11,-78,176,111,99,0
989193,62,63,387,200,-348,35,-93,965,34,-72,196,100,94,0
992504,63,63,0,68,-169,-287,-218,919,13,-78,222,109,101,0
995838,63,63,0,68,-97,-403,-401,870,-32,-106,201,120,101,0
999194,63,63,181,518,-263,-494,-718,810,-136,-63,165,111,93,0
1002508,64,64,0,143,-1332,-507,-1005,739,8,-61,305,117,97,0
1005842,64,64,0,106,-1560,-32,-1125,660,46,-75,299,119,99,0
1009194,64,64,0,200,-1371,806,-1144,582,110,-62,447,111,94,0
1012510,65,65,0,275,-652,1976,-902,516,95,-128,439,110,90,0
1015846,65,65,0,256,-187,2334,-434,457,-49,-186,378,105,91,0
1019195,65,65,256,218,-272,2318,26,405,-50,-196,327,91,93,0
1022514,66,65,518,612,-807,2007,75,353,84,-170,312,93,88,0
1025848,66,66,50,181,-659,1808,-188,294,1,-187,306,102,95,0
1029195,66,66,293,125,-722,1561,-315,229,37,-188,310,89,98,0
1032517,66,66,331,125,-767,1034,-281,163,115,-122,278,87,98,0
1035851,67,67,106,143,-447,819,-123,109,20,-161,221,99,97,0
1039195,67,67,31,50,-507,557,165,69,-2,-67,184,103,102,0
1042520,67,67,331,50,-840,416,422,44,120,-86,168,87,102,0
1045854,67,67,575,500,-521,279,596,33,186,-78,136,90,94,0
1049195,68,68,50,50,171,109,550,30,36,-39,71,102,102,0
1052523,68,68,368,87,458,-398,450,22,100,-106,128,85,100,0
1055858,68,68,293,275,747,-828,475,15,43,-42,210,89,90,0
1059195,68,69,443,256,1002,-1035,466,13,-12,-55,187,97,91,0
1062526,69,69,0,200,1018,-1245,707,15,-14,-88,172,111,94,0
1065885,69,69,331,237,949,-1579,788,20,5,-107,182,87,92,0
1069216,69,69,575,725,964,-1966,959,31,3,-45,209,90,82,0
1072530,70,70,0,293,932,-2058,870,38,-2,-82,231,105,89,0
1075888,70,70,312,368,724,-2261,962,48,-106,-98,241,88,85,0
1079220,70,70,537,593,150,-2684,1129,70,-60,-60,263,87,84,0
1082533,70,70,331,481,-351,-2977,1257,101,75,-15,324,98,90,0
1085890,71,71,87,331,-49,-3011,1450,144,-43,-5,314,95,82,0
1089220,71,71,406,443,53,-2926,1833,198,-22,0,307,78,76,0
1092536,71,71,612,631,45,-2952,2101,260,48,15,327,83,82,0
1095894,72,71,0,518,312,-2983,2437,339,40,29,323,103,88,0
1099221,72,72,68,312,483,-2879,2748,432,-30,5,268,96,83,0
1102539,72,72,425,443,252,-2855,2886,534,-4,38,254,77,76,0
1105897,72,72,481,612,90,-2915,3028,651,-12,140,167,90,83,0
1109221,73,72,0,406,-101,-2909,2907,774,-118,111,141,105,94,0
1112542,73,73,31,218,-430,-2752,2798,896,-54,90,132,98,88,0
1115902,73,73,725,650,-876,-2519,2568,1012,3,34,139,77,81,0
1119221,73,73,556,406,-1234,-2370,2435,1117,101,90,188,86,94,0
1122546,74,73,12,312,-818,-2102,2278,1201,80,125,156,99,99,0
1125903,74,74,556,125,-791,-1715,2045,1264,-36,118,192,70,93,0
1129221,74,74,950,743,-1080,-959,1277,1302,175,78,275,65,76,0
1132549,74,74,631,575,-313,-652,795,1333,89,75,237,82,85,0
1135904,75,74,200,650,190,-374,293,1352,38,109,236,89,81,0
1139221,75,75,575,443,344,57,-565,1343,-9,95,298,69,76,0
1142552,75,75,1118,875,420,132,-981,1316,144,72,274,56,69,0
1145908,75,75,706,293,966,208,-1418,1267,330,98,192,78,100,0
1149243,75,75,762,275,2956,524,-1808,1197,137,89,145,75,101,0
1152555,76,76,575,87,3458,517,-1743,1124,-155,139,182,69,95,0
1155912,76,76,1137,556,2658,427,-1721,1053,-238,77,189,55,86,0
1159247,76,76,781,518,705,149,-1556,990,-91,67,200,74,88,0
1162559,76,76,818,650,-254,-141,-1165,939,111,111,248,72,81,0
1165912,76,77,875,518,-63,-203,-1016,893,83,138,293,69,72,0
1169246,77,77,818,818,462,-497,-631,851,50,186,310,72,72,0
1172562,77,77,537,668,858,-688,-560,809,25,106,304,87,80,0
1175913,77,77,837,650,952,-845,-487,763,-73,130,288,71,81,0
1179247,77,77,725,687,235,-801,-455,722,-91,174,187,77,79,0
1182565,78,78,443,425,-393,-25,-614,673,443,54,241,92,93,0
1185913,78,78,331,181,1186,1170,-957,608,444,114,246,98,106,0
1189248,78,78,725,293,3632,2210,-785,544,-251,97,46,77,100,0
1192568,78,79,725,125,2509,2295,-1459,453,-185,109,11,77,93,0
1195913,79,79,237,462,827,2412,-2224,326,96,7,126,103,91,0
1199247,79,79,443,200,583,2312,-2297,189,41,104,50,92,105,0
1202571,79,80,950,293,870,2443,-2513,34,137,75,76,86,105,0
1205913,80,80,481,31,1190,2562,-3039,-146,122,111,56,95,119,0
1209248,80,80,256,31,1823,2725,-3164,-335,-14,120,48,107,119,0
1212574,80,81,575,0,1436,2916,-3096,-526,-109,133,67,90,108,0
1215913,80,81,687,331,580,2963,-3100,-714,-222,104,73,100,103,0
1219248,81,81,312,350,-976,2403,-2643,-884,21,71,274,104,102,0
1222578,81,82,612,106,-689,1483,-2152,-1032,116,-93,299,88,99,0
1225934,81,82,818,593,388,473,-1546,-1156,121,146,341,93,89,0
1229270,82,82,0,425,1484,-271,-1079,-1261,15,-30,217,127,98,0
1232581,82,83,0,406,1801,-676,-1045,-1357,-836,2,405,136,99,0
1235938,82,83,31,556,640,-372,-1975,-1459,-765,-55,49,135,91,0
1239273,83,83,0,537,-4405,-1046,-1975,-1546,90,65,343,145,92,0
1242584,83,83,0,425,-3541,-269,-2223,-1624,213,-67,341,140,98,0
1245939,84,84,0,218,-1517,365,-2075,-1671,-19,-142,287,142,93,0
1249273,84,84,0,687,-739,-102,-1650,-1692,-5,-224,415,132,84,0
1252587,85,84,0,462,27,-477,-889,-1676,-179,-233,335,140,96,0
1255939,85,84,0,500,-230,-755,-234,-1627,-77,-148,314,127,94,0
1259273,86,85,0,237,-747,-468,292,-1563,5,-133,322,120,92,0
1262590,86,85,0,687,-708,36,667,-1488,-26,-133,344,117,84,0
1265939,86,85,162,443,-935,274,627,-1420,-12,-147,349,96,97,0
1269274,86,86,293,237,-968,457,629,-1364,61,-108,333,89,92,0
1272594,87,86,218,687,-519,575,502,-1317,-37,-143,289,93,84,0
1275939,87,86,275,462,-144,445,568,-1279,-100,-149,254,90,96,0
1279274,87,86,275,443,-24,391,265,-1253,-96,-73,228,90,97,0
1282598,88,87,0,293,-211,745,127,-1234,-86,-79,217,93,89,0
1285940,88,87,218,500,-598,1038,46,-1219,11,-112,238,93,94,0
1289274,88,87,275,312,-717,1132,-67,-1202,-13,-15,212,90,104,0
1292600,88,88,237,12,-574,1290,108,-1168,159,-80,260,92,104,0
1295940,89,88,106,293,149,1457,247,-1136,-232,-225,38,99,105,0
1299274,89,88,106,143,-365,443,830,-1064,-349,1,140,99,113,0
1302603,89,89,200,0,-2142,707,853,-968,119,50,222,94,105,0
1305961,89,89,462,350,-2060,1199,846,-870,273,-192,130,96,102,0
1309295,90,89,0,237,-1295,395,1179,-755,-235,-80,136,107,108,0
1312606,90,90,143,0,-2333,-12,1229,-621,47,90,110,97,113,0
1315965,90,90,143,0,-2825,495,1590,-473,260,42,165,97,110,0
1319298,91,90,87,275,-1472,740,1782,-320,13,-136,272,100,106,0
1322610,91,91,87,0,-1543,-227,1560,-175,100,-49,272,100,107,0
1325994,91,91,425,218,-1168,-885,1504,-45,101,154,104,93,104,0
1329298,92,91,0,181,-124,-286,1758,76,-6,37,180,102,106,0
1332613,92,92,0,12,-372,-395,1602,174,-352,-23,54,109,99,0
1335966,92,92,125,181,-2389,-838,1423,253,-376,120,-84,93,90,0
1339298,92,92,481,518,-5178,-97,1205,323,-56,41,34,90,88,0
1342616,93,92,0,443,-5773,185,1017,416,266,153,360,106,92,0
1345965,93,93,31,125,-5053,-225,598,497,551,28,386,98,93,0
1349298,93,93,200,293,-2221,-907,55,568,244,81,379,89,84,0
1352619,93,93,537,650,-592,-1259,-60,631,-10,88,335,87,81,0
1355965,94,93,181,537,-587,-1423,-274,674,-48,-28,284,90,87,0
1359299,94,94,481,218,-1175,-1455,-33,701,-9,9,310,74,88,0
1362622,94,94,500,500,-1563,-1265,227,715,42,24,343,73,73,0
1365965,94,94,706,875,-1999,-1241,234,713,-4,182,229,78,69,0
1369298,95,94,143,575,-2252,-603,187,698,203,113,331,92,85,0
1372626,95,95,368,368,-1265,-242,197,685,33,115,309,80,80,0
1375966,95,95,518,575,-743,-9,79,668,4,120,299,72,69,0
1379299,95,95,706,950,-568,207,182,658,-93,83,307,78,65,0
1382629,96,95,200,687,-1002,114,214,647,-84,59,302,89,79,0
1385966,96,95,331,631,-1348,27,305,648,7,77,275,82,82,0
1389299,96,96,575,368,-1053,123,566,662,-16,79,207,69,80,0
1392633,96,96,837,725,-1195,141,708,682,66,-11,236,71,77,0
1395988,96,96,556,650,-1116,57,924,713,157,-1,245,86,81,0
1399323,97,96,237,518,-593,119,1150,746,183,53,226,87,88,0
1402635,97,97,500,87,-59,470,1198,776,49,55,189,73,95,0
1405991,97,97,631,406,-18,566,1150,786,101,-3,175,82,94,0
1409327,97,97,462,293,-85,381,1089,793,148,-37,148,91,100,0
1412639,98,97,181,237,11,214,1173,803,158,-146,158,90,103,0
1415991,98,98,668,368,167,-313,1298,807,98,-115,110,80,96,0
1419331,98,98,500,425,521,-1314,1059,802,-17,11,144,89,93,0
1422642,98,98,312,256,-173,-1236,1034,784,104,25,211,99,102,0
1425992,99,99,0,162,-65,-936,1037,761,227,39,204,101,91,0
1429333,99,99,762,556,161,-987,828,738,-34,122,155,75,86,0
1432645,99,99,706,368,169,-457,732,714,151,-80,241,78,96,0
1435992,99,99,556,368,298,-97,831,685,13,-120,205,86,96,0
1439334,100,100,425,143,-67,-121,956,665,47,-77,224,77,92,0
1442649,100,100,1081,518,-388,-65,1164,657,83,-112,231,58,88,0
1445992,100,100,762,331,-251,-237,1262,658,173,-106,285,75,98,0
1449334,100,101,762,68,451,-521,1535,675,107,-109,306,75,96,0
1452651,100,101,1268,556,651,-511,1714,710,84,-124,281,69,91,0
1455992,101,101,593,275,839,-585,1856,766,7,-96,232,89,106,0
1459333,101,101,856,275,871,-713,1992,830,-58,-56,210,75,106,0
1462655,101,102,781,12,571,-466,2118,905,-90,8,131,79,104,0
1465992,102,102,31,275,-24,-52,2236,976,69,4,163,119,106,0
1469334,102,102,0,162,-286,420,2553,1048,-126,63,94,131,112,0
1472658,102,103,0,0,-382,416,2404,1116,-35,61,65,131,112,0
1476014,103,103,0,143,-673,393,1958,1171,30,60,81,140,113,0
1479334,103,103,0,50,-538,491,1601,1215,-97,75,62,132,118,0
1482661,104,104,0,0,-1031,648,1520,1260,-41,-20,32,128,119,0
1486018,104,104,331,0,-1302,913,1673,1307,117,-27,77,103,122,0
1489334,104,105,425,0,-625,799,1560,1349,116,41,152,98,116,0
1492664,105,105,0,0,-4,694,1291,1380,117,82,172,113,114,0
1496018,105,105,50,0,164,534,1078,1396,357,-101,307,102,117,0
1499335,105,106,593,0,1782,-156,699,1396,212,17,376,89,112,0
1502667,106,106,68,0,2581,-349,416,1380,42,-43,307,101,114,0
1506018,106,106,106,0,2536,-343,556,1361,38,20,289,99,113,0
1509360,106,107,368,0,2092,219,593,1342,-15,29,287,85,114,0
1512671,106,107,575,0,1935,575,670,1327,55,25,357,90,121,0
1516018,107,107,0,0,1916,953,555,1311,117,-232,799,111,117,0
1519361,107,108,200,0,2106,1213,624,1293,184,-98,527,94,118,0
1522674,107,108,575,0,2308,1361,563,1270,-73,-150,224,90,123,0
1526018,108,109,0,0,1581,1251,849,1264,-148,-163,162,110,115,0
1529361,108,109,106,0,35,-286,923,1260,115,-142,137,99,115,0
1532677,108,109,443,0,347,-457,1288,1268,-27,-61,116,81,112,0
1536018,108,110,387,0,463,-271,1350,1285,43,-135,170,100,102,0
1539361,109,110,0,0,526,-523,1278,1302,-20,-164,113,115,104,0
1542681,109,110,50,0,195,-907,1229,1314,-52,-140,80,102,103,0
1546020,109,111,537,0,-377,-1099,1007,1316,-18,-88,104,92,90,0
1549361,110,111,0,87,-757,-1126,866,1306,-65,-32,106,111,84,0
1552684,110,111,106,162,-983,-970,458,1281,28,-50,244,99,80,0
1556040,110,111,518,462,-799,-608,-8,1233,0,-17,186,93,80,0
1559361,111,111,12,387,-378,-635,-70,1177,118,70,340,104,84,0
1562686,111,112,0,12,326,-643,-243,1112,59,120,472,107,88,0
1566043,111,112,275,387,966,-97,-399,1037,-232,-9,237,90,68,0
1569361,111,112,556,668,-267,81,-425,957,-146,-7,226,91,69,0
1572690,112,112,12,500,-1054,38,-483,872,29,30,304,104,78,0
1576072,112,113,556,481,-610,364,-515,777,-8,-54,252,86,74,0
1579362,112,113,425,500,-303,109,-455,687,70,-67,265,93,73,0
1582693,113,113,0,368,83,-386,-302,617,81,-70,262,101,80,0
1586044,113,113,106,275,882,-830,-34,566,30,-142,238,94,85,0
1589362,113,113,631,631,1387,-1884,641,538,100,-70,221,82,82,0
1592696,113,114,425,368,1814,-2444,1237,524,24,-10,226,93,80,0
1596044,114,114,0,537,2064,-2440,1733,530,-43,-44,229,110,71,0
1599386,114,114,125,537,1721,-2525,2139,556,-14,-95,170,93,71,0
1602699,114,114,518,781,1473,-2878,2626,605,-23,-22,200,88,74,0
1606045,114,115,237,293,1120,-3162,3152,681,-298,183,203,103,84,0
1609390,115,115,0,425,-93,-2880,3213,769,-120,136,263,110,77,0
1612702,115,115,125,593,-943,-2285,2922,843,16,69,240,93,68,0
1616044,115,115,631,912,-1277,-1855,2578,905,70,3,261,82,67,0
1619391,116,115,31,575,-1267,-1620,2172,952,111,98,206,98,85,0
1622706,116,116,293,275,-775,-1531,1805,991,136,76,253,84,85,0
1626045,116,116,518,481,-398,-1574,1317,1012,71,32,226,72,74,0
1629391,116,116,650,781,20,-1918,1316,1036,97,77,227,81,74,0
1632709,117,116,443,481,26,-2046,1104,1044,7,138,227,92,90,0
1636067,117,117,237,275,-49,-1698,827,1041,106,151,206,87,85,0
1639391,117,117,518,331,178,-1414,803,1026,86,182,182,72,82,0
1642712,117,117,650,668,281,-982,768,1008,103,178,187,81,80,0
1646068,118,117,106,481,402,-320,624,987,109,151,212,94,90,0
1649391,118,117,387,612,918,-138,570,967,74,107,187,79,83,0
1652715,118,118,650,312,883,-18,501,951,50,87,221,65,83,0
1656068,118,118,668,593,828,-363,606,943,25,89,190,80,84,0
1659392,118,118,518,462,695,-676,814,954,83,114,168,88,91,0
1662718,119,118,237,612,690,-851,905,982,68,148,191,87,83,0
1666068,119,119,818,650,740,-851,1008,1016,76,138,155,72,81,0
1669392,119,119,668,537,965,-768,1092,1058,82,150,167,80,87,0
1672722,119,119,481,387,1206,-707,1142,1106,58,169,162,90,95,0
1676069,120,119,237,481,1365,-587,1157,1155,33,162,169,87,90,0
1679391,120,120,687,500,1399,-546,1111,1205,46,150,152,79,89,0
1682725,120,120,668,462,1449,-503,1195,1258,91,126,161,80,91,0
1686070,120,120,556,331,1530,-296,1255,1312,197,76,131,86,98,0
1689394,121,121,237,125,1803,-121,1267,1361,155,65,232,87,93,0
1692728,121,121,762,593,2251,157,1155,1398,-2,40,267,75,84,0
1696069,121,121,762,181,2093,371,1006,1410,66,28,200,75,106,0
1699397,121,121,631,125,1789,256,997,1402,-125,54,260,82,109,0
1702731,122,122,968,200,1383,88,860,1375,-128,146,291,85,110,0
1706070,122,122,312,275,1273,-21,476,1323,-66,44,319,104,106,0
1709400,122,122,650,406,1310,158,-8,1240,-83,70,308,86,99,0
1712734,122,123,837,500,1467,349,-636,1122,-179,80,231,92,94,0
1716070,123,123,181,537,1029,616,-1576,972,-264,62,259,111,92,0
1719403,123,123,350,331,249,769,-2213,812,-299,19,243,102,103,0
1722739,123,124,312,443,-658,932,-2682,648,-274,150,164,104,97,0
1726094,124,124,275,481,-2328,1441,-3514,470,-220,199,95,106,95,0
1729406,124,124,462,275,-2984,1707,-3945,290,26,67,179,96,106,0
1732741,124,125,481,256,-2330,1599,-3984,125,157,58,182,95,107,0
1736098,125,125,237,237,-404,1149,-3806,-35,67,56,84,108,108,0
1739410,125,125,0,87,626,919,-3601,-182,30,-15,67,121,116,0
1742744,125,125,143,256,1585,474,-3142,-306,-27,-23,90,113,107,0
1746103,126,126,0,237,1111,793,-2553,-410,-314,-243,794,119,92,0
1749413,126,126,218,443,518,1437,-2451,-511,6,-173,53,109,97,0
1752747,126,126,256,312,-62,1082,-1852,-588,153,53,34,107,104,0
1756104,127,127,0,200,781,1329,-1241,-645,27,38,187,118,94,0
1759417,127,127,125,593,872,1655,-816,-686,-17,-17,250,114,89,0
1762750,127,127,143,500,867,1759,-877,-733,-22,-19,159,113,94,0
1766104,128,128,0,200,455,1822,-781,-782,-51,-17,162,126,94,0
1769419,128,128,0,312,89,2090,-633,-830,-51,-57,191,117,88,0
1772754,128,128,125,612,-335,2192,-370,-874,-60,-100,189,114,88,0
1776104,129,128,0,387,-1120,2077,-358,-919,-206,-148,185,118,100,0
1779423,129,129,0,275,-2099,1598,-382,-966,114,-117,214,109,90,0
1782757,130,129,312,668,-2173,1105,-320,-1013,130,-146,220,104,85,0
1786104,130,129,0,350,-1632,426,-189,-1053,-22,-204,239,108,102,0
1789426,130,129,106,312,-1960,-204,-169,-1096,55,-182,245,99,104,0
1792760,130,130,87,125,-2013,-636,-39,-1136,74,-134,221,100,98,0
1796104,131,130,50,443,-1415,-556,418,-1163,-6,-120,220,102,97,0
1799429,131,130,181,275,-1429,-344,748,-1176,-24,-148,200,95,106,0
1802763,131,131,218,0,-1618,-156,1148,-1171,150,-128,253,93,105,0
1806104,132,131,125,387,-958,23,1723,-1148,143,-102,276,98,100,0
1809433,132,131,12,218,-448,-50,1889,-1116,76,-101,271,104,109,0
1812766,132,132,237,0,-324,-288,1974,-1069,118,-87,272,92,110,0
1816105,132,132,218,50,104,-483,1959,-1008,65,-72,248,93,102,0
1819435,133,132,31,406,234,-557,1848,-930,16,-27,261,103,99,0
1822770,133,133,237,0,71,-609,1681,-829,-16,13,224,92,105,0
1826106,133,133,481,237,-111,-502,1584,-710,0,34,193,90,103,0
1829438,134,133,0,181,-291,-214,1618,-576,-61,54,192,103,106,0
1832773,134,134,0,0,-713,80,1658,-414,-19,5,208,109,108,0
1836131,134,134,237,0,-1089,352,1618,-240,76,24,268,87,102,0
1839442,134,134,556,350,-750,497,1669,-63,21,18,270,86,97,0
1842776,135,135,0,50,-509,484,1663,107,19,8,275,100,97,0
1846131,135,135,462,125,-364,153,1587,269,-33,-30,231,75,93,0
1849446,135,135,481,143,-339,-233,1516,414,-7,-42,188,74,92,0
1852780,135,135,762,462,-288,-722,1656,546,-6,-60,116,75,91,0
1856132,136,136,68,50,145,-1563,1997,685,16,-100,51,96,97,0
1859448,136,136,256,181,489,-2226,1944,803,-45,2,120,86,90,0
1862782,136,136,462,256,327,-2249,1988,904,-62,113,202,75,86,0
1866131,136,136,593,575,236,-1833,1840,987,-94,75,223,84,85,0
1869452,137,137,0,162,119,-1507,1659,1067,-63,147,272,101,91,0
1872786,137,137,106,350,396,-978,1528,1139,-128,198,277,94,81,0
1876132,137,137,500,443,156,30,1377,1201,-155,137,289,73,76,0
1879454,137,137,631,668,-263,470,1250,1252,-116,113,291,82,80,0
1882789,138,138,125,275,-540,679,1068,1297,-110,120,265,93,85,0
1886132,138,138,368,575,-797,943,1047,1341,-121,87,298,80,69,0
1889458,138,138,912,931,-918,892,1073,1385,-22,46,330,67,66,0
1892792,138,138,668,650,-702,516,1090,1425,-51,69,320,80,81,0
1896133,138,138,443,575,-427,39,1089,1464,-89,78,328,92,85,0
1899461,139,139,331,331,-289,-120,1103,1500,-43,85,295,82,82,0
1902796,139,139,1006,743,-268,-113,1054,1520,21,103,282,62,76,0
1906132,139,139,743,237,-46,129,726,1519,55,36,275,76,103,0
1909465,139,139,556,293,838,613,857,1510,147,139,223,86,100,0
1912798,140,140,312,87,2156,1370,1123,1491,-20,74,138,83,95,0
1916157,140,140,893,650,2476,1784,1003,1463,-182,104,130,68,81,0
1919467,140,140,650,481,1510,1523,863,1429,-157,-57,154,81,90,0
1922802,140,141,481,500,230,925,881,1395,-111,-10,138,90,89,0
1926157,141,141,0,200,-1365,602,1019,1369,-125,-16,-16,110,89,0
1929471,141,141,218,500,-2674,583,1041,1349,84,11,3,104,89,0
1932805,141,141,218,143,-2747,494,934,1329,107,-17,44,104,108,0
1936162,142,142,0,0,-2328,128,715,1301,21,-1,25,116,108,0
1939474,142,142,0,0,-2397,-49,689,1270,-65,-61,-12,116,108,0
1942808,142,142,218,181,-2792,-274,527,1236,65,-29,25,104,106,0
1946166,143,143,0,0,-1949,-369,483,1199,141,-40,149,108,106,0
1949477,143,143,0,0,-746,-404,664,1168,95,9,169,109,106,0
1952811,143,143,387,181,82,-481,634,1138,136,18,198,100,111,0
1956170,144,144,0,0,1188,-458,416,1104,178,-128,184,110,111,0
1959480,144,144,125,0,1918,-476,487,1067,144,112,264,98,111,0
1962814,144,144,668,237,2398,-16,390,1017,-186,33,252,85,108,0
1966170,144,145,275,106,933,216,184,962,-219,-51,494,106,99,0
1969483,145,145,0,256,-1157,-176,-131,896,-256,43,529,119,91,0
1972818,145,145,0,87,-2315,-685,-123,835,230,-37,637,107,100,0
1976170,145,146,500,0,-1111,-510,-57,781,311,41,508,94,106,0
1979486,146,146,87,0,700,-9,13,734,79,-60,279,100,108,0
1982821,146,146,312,0,1732,529,389,703,-139,-95,201,88,108,0
1986170,146,147,893,12,1253,1012,1325,705,52,-217,149,73,104,0
1989490,146,147,481,0,886,1019,1746,726,46,-140,57,95,106,0
1992824,147,147,0,0,861,890,1956,755,136,-167,116,106,105,0
1996170,147,147,443,143,970,525,2251,791,-43,-188,151,81,97,0
1999493,147,148,687,87,725,181,2380,832,32,-158,122,84,100,0
2002827,148,148,50,12,614,-328,2486,875,213,-92,117,102,104,0
2006171,148,148,293,87,1623,-517,2532,920,77,-109,149,89,100,0
2009496,148,149,743,87,1668,-824,2767,974,-102,-157,239,81,100,0
2012830,148,149,462,12,1607,-991,2776,1038,95,-25,190,96,104,0
2016171,149,149,0,50,2024,-1013,2897,1101,133,-61,139,107,102,0
2019499,149,150,275,0,2688,-841,2839,1155,-317,-132,226,90,99,0
2022834,149,150,668,31,1377,-732,2054,1188,-598,-38,262,85,103,0
2026172,150,150,0,50,-1439,-819,1507,1208,205,-34,336,106,102,0
2029502,150,151,31,0,-666,-740,1052,1213,113,-71,358,103,94,0
2032837,150,151,725,143,754,-508,488,1197,-185,-45,393,82,97,0
2036195,150,151,462,50,828,-209,-21,1164,-128,-41,345,96,102,0
2039506,151,151,0,87,379,-428,-328,1124,-89,-47,272,113,100,0
2042841,151,152,68,0,273,-832,-363,1090,-178,-28,257,101,96,0
2046196,151,152,462,237,-362,-1074,-519,1053,-39,3,243,96,92,0
2049509,152,152,0,125,-531,-851,-725,1014,-61,-10,195,111,98,0
2052844,152,153,0,0,-253,-576,-576,980,-61,-74,199,105,92,0
2056196,152,153,575,368,-335,-649,-460,945,1,-28,205,90,85,0
2059512,152,153,312,293,-227,-675,-484,910,3,28,223,104,89,0
2062847,153,153,0,181,8,-501,-247,890,-21,-10,232,107,95,0
2066196,153,154,312,106,-52,-560,-155,870,-20,-9,213,88,83,0
2069516,153,154,612,462,-320,-767,-46,856,40,44,260,88,80,0
2072850,154,154,0,350,-337,-801,230,857,43,64,277,108,86,0
2076197,154,154,593,462,-97,-760,257,870,57,13,264,84,91,0
2079518,154,155,462,162,-18,-763,339,884,78,26,259,91,91,0
2082853,154,155,312,387,103,-704,452,900,93,34,271,99,79,0
2086197,155,155,0,481,317,-657,523,916,23,5,239,102,74,0
2089522,155,155,593,687,223,-738,483,919,-18,13,243,84,79,0
2092857,155,155,387,556,205,-711,552,895,23,7,248,95,86,0
2096197,156,156,0,312,350,-629,560,858,-15,28,239,109,83,0
2099525,156,156,68,518,335,-482,408,809,-59,9,226,96,72,0
2102859,156,156,612,800,306,-330,440,753,-34,-20,228,83,73,0
2106197,156,156,256,556,412,-221,431,692,-61,4,228,102,86,0
2109528,157,157,0,481,484,-117,445,628,-63,-20,237,105,74,0
2112862,157,157,275,631,585,-80,433,562,-29,-38,254,85,66,0
2116218,157,157,537,856,819,-341,464,490,-37,-16,269,87,70,0
2119531,158,157,0,725,908,-596,479,419,-39,19,275,102,77,0
2122866,158,157,0,781,1042,-791,464,343,-80,9,209,100,74,0
2126222,158,157,350,856,918,-1014,437,267,-81,-8,214,81,70,0
2129534,158,158,537,875,507,-1093,312,213,-43,11,235,87,69,0
2132869,159,158,0,893,363,-1155,123,170,-85,-3,209,100,68,0
2136222,159,158,87,912,94,-1127,-81,134,-49,1,182,95,67,0
2139538,159,158,668,1306,-189,-1011,-376,107,-56,4,226,80,62,0
2142872,159,158,443,1100,-249,-993,-583,90,-9,-8,243,92,73,0
2146222,160,159,0,837,-249,-1011,-687,79,-28,25,217,101,71,0
2149541,160,159,312,1006,-346,-938,-751,66,-112,0,186,83,62,0
2152875,160,159,650,1250,-786,-984,-867,56,-1,34,199,81,65,0
2156222,160,159,387,950,-1093,-950,-876,51,122,32,197,95,81,0
2159545,161,159,0,931,-1090,-787,-968,39,2,25,231,100,82,0
2162878,161,160,462,743,-896,-612,-847,27,82,37,223,75,76,0
2166223,161,160,818,1156,-225,-868,-456,27,-40,86,244,72,70,0
2169547,161,160,481,987,-81,-944,-286,26,-90,106,211,90,79,0
2172882,162,160,162,1025,-136,-832,80,34,14,88,220,91,77,0
2176224,162,161,537,743,-291,-749,565,53,-101,167,242,71,76,0
2179551,162,161,1006,1156,-699,-482,895,73,-41,137,256,62,70,0
2182885,162,161,631,1006,-845,-324,1074,99,41,126,283,82,78,0
2186224,162,161,762,950,-633,-252,1203,126,32,106,247,75,81,0
2189555,163,161,481,987,-530,-407,1233,150,-6,136,263,74,79,0
2192912,163,162,968,950,-365,-581,1207,172,-109,206,223,64,81,0
2196244,163,162,687,968,-547,-496,1095,191,-213,156,166,79,80,0
2199557,163,162,912,1381,-1190,-407,841,200,-234,111,161,88,79,0
2202914,164,162,256,987,-2514,-325,784,207,-217,45,88,107,100,0
2206248,164,163,425,706,-3403,-426,935,223,131,202,237,98,99,0
2209561,164,163,650,837,-2840,-139,1334,251,107,187,226,86,92,0
2212918,164,163,743,818,-1481,338,2088,303,-68,122,175,97,109,0
2216249,165,164,162,443,-1119,489,2358,363,17,129,164,112,113,0
2219563,165,164,462,443,-668,474,2679,433,56,163,120,96,113,0
2222922,165,164,668,781,152,379,3007,512,19,132,81,101,111,0
2226248,166,165,0,181,154,518,3255,599,-182,-36,1,121,127,0
2229566,166,165,312,0,-113,628,2575,665,265,6,81,104,142,0
2232925,166,166,256,0,693,670,2865,741,142,186,178,107,138,0
2236249,167,166,0,0,1772,1039,2840,820,-114,48,-32,126,144,0
2239570,167,167,87,0,1395,857,2965,909,-28,-71,-48,116,137,0
2242928,167,167,162,0,1963,918,2570,992,1,102,-25,112,140,0
2246249,168,167,50,68,1932,1526,2514,1082,-210,49,95,118,133,0
2249573,168,168,293,0,1318,1976,1858,1158,132,-73,18,105,124,0
2252931,168,168,293,200,2424,1442,1721,1234,-203,4,98,105,110,0
2256250,169,169,0,143,1793,839,1227,1295,-436,-96,200,109,97,0
2259576,169,169,500,706,-39,-133,859,1349,-96,-99,318,94,83,0
2262932,169,169,200,462,-970,-959,-97,1374,-348,-174,370,110,96,0
2266250,170,169,0,556,-2401,-1332,-936,1375,-175,-111,483,120,91,0
2269579,170,170,181,631,-3253,-1434,-1799,1345,204,-60,503,111,87,0
2272936,170,170,162,593,-1713,-1017,-1996,1297,201,-100,656,112,89,0
2276271,171,170,0,443,-285,-808,-2233,1236,-16,-159,650,125,97,0
2279583,171,171,0,256,235,-904,-2117,1167,-186,-144,508,119,91,0
2282941,172,171,0,725,-180,-652,-1587,1100,-149,-109,401,115,82,0
2286275,172,171,0,556,-901,-199,-1077,1038,-128,1,480,120,91,0
2289587,172,171,31,275,-1067,650,-312,995,378,-146,297,103,106,0
2292941,172,172,518,143,932,272,935,987,349,-322,89,93,113,0
2296275,173,172,68,50,2396,-1072,1381,991,-485,-88,-91,101,118,0
2299589,173,172,162,106,234,-1819,1350,996,25,-64,156,96,115,0
2302941,173,173,200,68,-1760,-1381,937,991,123,-72,157,94,101,0
2306275,174,173,68,387,-971,-1517,450,979,-134,38,136,101,100,0
2309592,174,173,87,200,-926,-1267,-270,946,11,19,160,100,110,0
2312941,174,174,275,0,-1189,-999,33,918,-62,-47,202,90,116,0
2316276,174,174,593,200,-835,-1136,152,881,-88,-82,241,89,110,0
2319595,175,174,0,218,-1028,-1429,10,816,288,73,365,108,109,0
2322941,175,175,181,87,-39,-1152,406,755,63,-1,264,95,100,0
2326275,175,175,443,256,182,-1349,441,685,-140,19,113,92,102,0
2329599,176,175,0,181,-431,-1563,-81,588,163,48,285,102,106,0
2332941,176,176,50,12,-285,-1257,98,490,65,-27,359,97,99,0
2336276,176,176,350,200,28,-1184,452,423,-14,-32,313,81,89,0
2339602,176,176,518,425,28,-1487,451,348,-67,55,217,88,93,0
2342942,177,177,0,12,-176,-1474,396,271,63,48,325,107,99,0
2346276,177,177,218,312,24,-1177,771,203,-91,106,291,88,83,0
2349605,177,177,368,312,-134,-1093,896,151,14,87,216,80,83,0
2352962,177,177,462,406,158,-1222,796,97,-13,130,273,91,94,0
2356297,178,178,0,143,274,-999,906,67,-111,121,265,100,92,0
2359608,178,178,406,331,131,-737,976,44,-39,71,262,78,82,0
2362966,178,178,650,781,248,-749,1059,39,-77,52,229,81,74,0
2366300,178,178,425,612,140,-743,1171,48,-96,109,222,93,83,0
2369611,179,179,0,518,-299,-664,1140,87,-15,133,209,101,88,0
2372966,179,179,462,350,-25,-234,1165,153,45,173,170,75,81,0
2376301,179,179,687,781,721,246,1377,252,-24,165,170,79,74,0
2379614,179,179,425,631,910,544,1438,359,-120,136,143,93,82,0
2382967,180,179,125,612,565,738,1444,474,-37,134,170,93,83,0
2386302,180,180,387,406,528,966,1671,592,-12,149,182,79,78,0
2389618,180,180,762,818,769,1180,1835,699,-58,116,153,75,72,0
2392967,180,180,237,668,668,1337,2008,796,-105,143,126,103,80,0
2396302,181,180,0,650,222,1548,2156,873,21,111,176,100,81,0
2399621,181,181,368,425,238,1600,2325,916,21,124,209,80,77,0
2402967,181,181,650,837,622,1685,2441,950,-144,0,235,81,71,0
2406302,181,181,368,837,-92,1435,2434,983,-337,-57,196,96,71,0
2409625,182,181,12,800,-2154,747,2230,1024,-244,-16,210,99,73,0
2412968,182,181,481,725,-4304,-32,1753,1065,421,52,360,74,77,0
2416302,182,182,631,593,-2971,-420,1745,1127,295,80,344,82,84,0
2419627,182,182,462,537,-953,-675,1619,1177,110,61,322,91,87,0
2422968,183,182,406,631,997,-557,1816,1229,-137,208,187,78,82,0
2426303,183,182,631,687,559,-22,1761,1284,-269,96,166,66,79,0
2429630,183,183,706,987,-854,171,1329,1313,-135,133,279,78,79,0
2432968,183,183,406,537,-1751,137,814,1324,273,154,302,94,87,0
2436324,184,183,237,631,-132,435,997,1358,277,130,348,87,82,0
2439634,184,183,481,612,1571,481,1233,1393,-23,123,229,74,83,0
2442989,184,183,500,781,1740,300,1011,1411,-42,79,109,89,90,0
2446326,184,184,331,425,1114,256,1027,1429,-234,29,74,98,93,0
2449637,185,184,406,1025,-419,66,859,1443,-45,123,116,99,82,0
2452993,185,184,350,668,-1741,22,815,1445,62,171,104,102,101,0
2456326,185,185,312,350,-1336,-36,1163,1453,-9,198,145,104,102,0
2459640,186,185,0,518,-1256,-193,1253,1467,-16,208,164,105,93,0
2462993,186,185,331,800,-1418,-2,1407,1483,-57,140,133,103,94,0
2466327,186,185,387,593,-1653,188,1486,1499,53,134,237,100,105,0
2469643,186,186,256,368,-1347,261,1640,1517,61,189,207,107,101,0
2472993,187,186,218,706,-619,497,1824,1538,104,172,222,109,99,0
2476326,187,187,406,275,-8,900,1869,1560,66,132,206,99,106,0
2479646,187,187,331,125,246,1129,1831,1581,247,20,107,103,114,0
2482994,188,187,12,68,1162,1073,2061,1602,240,33,107,104,117,0
2486326,188,188,537,87,2027,1063,2164,1625,-17,-14,42,92,116,0
2489650,188,188,256,0,2086,1029,2229,1650,-79,17,-8,107,121,0
2492995,189,188,0,68,2034,1151,2197,1666,63,42,0,122,117,0
2496327,189,189,181,181,2619,1071,2164,1676,-11,68,90,111,111,0
2499653,189,189,181,68,2241,1170,2089,1679,-159,84,157,111,117,0
2502994,190,189,0,0,1253,1395,1647,1663,-33,-10,273,122,122,0
2506327,190,190,0,0,435,1494,1116,1625,-5,-14,314,111,120,0
2509656,190,190,275,0,126,1636,831,1575,-161,-107,437,106,123,0
2512995,191,191,0,0,-581,1466,502,1515,-108,-138,418,121,117,0
2516328,191,191,0,0,-1216,922,163,1450,26,-171,367,118,117,0
2519659,192,191,0,31,-1577,630,-295,1386,-63,-91,362,116,119,0
2523016,192,192,0,0,-1308,706,-862,1305,65,-155,253,125,108,0
2526352,192,192,0,68,-884,791,-1318,1213,-211,-195,194,120,101,0
2529662,193,192,0,143,-1398,806,-1872,1097,-212,-157,265,131,97,0
2533019,193,193,0,125,-2592,1044,-2137,976,69,-102,304,129,98,0
2536355,194,193,0,87,-2296,1287,-2479,857,96,-85,289,127,100,0
2539666,194,193,0,106,-1687,1463,-2770,745,-45,-172,240,132,99,0
2543020,194,193,0,462,-1856,1247,-2699,629,-63,-175,219,128,96,0
2546356,195,194,0,68,-2293,897,-2502,512,-51,-136,175,135,101,0
2549669,195,194,0,31,-2727,654,-2323,408,33,-91,195,129,103,0
2553019,196,194,0,162,-2545,775,-1927,316,110,-150,279,131,96,0
2556362,196,195,0,143,-1799,977,-1456,244,278,-74,295,128,97,0
2559672,196,195,0,31,-281,1095,-1027,186,174,-109,302,120,103,0
2563020,197,195,0,31,675,946,-1050,117,-138,-216,184,116,103,0
2566361,197,196,0,143,-163,578,-599,59,-19,-189,254,103,97,0
2569675,197,196,0,68,-517,56,-1,15,224,-159,263,92,101,0
2573020,198,196,0,87,649,-664,278,-22,145,-127,185,80,100,0
2576362,198,197,162,87,1169,-924,524,-57,8,-94,48,75,95,0
2579678,198,197,162,87,909,-995,729,-91,15,-83,118,75,95,0
2583020,198,197,162,143,525,-1141,712,-127,12,-45,147,75,92,0
2586362,198,197,106,143,235,-1295,724,-162,67,-49,202,78,92,0
2589682,199,198,68,537,177,-1292,702,-204,150,33,239,80,87,0
2593020,199,198,31,181,783,-1280,792,-247,57,-7,266,82,90,0
2596363,199,198,256,350,938,-1395,854,-290,-31,64,203,70,81,0
2599685,199,198,181,425,325,-1485,692,-337,157,86,291,74,77,0
2603041,199,199,350,218,183,-1510,684,-383,209,94,357,81,88,0
2606362,200,199,0,162,666,-1490,620,-429,120,132,372,89,91,0
2609688,200,199,87,293,929,-1382,439,-467,44,74,319,79,84,0
2613046,200,199,650,687,629,-1271,310,-492,-4,58,283,65,79,0
2616362,200,199,443,612,158,-1270,219,-511,32,38,245,76,83,0
2619692,200,200,256,218,-96,-1264,152,-522,12,11,229,86,88,0
2623046,201,200,12,425,-335,-1228,92,-524,-40,49,186,83,77,0
2626363,201,200,631,650,-739,-1159,41,-514,-67,55,187,66,81,0
2629694,201,200,518,481,-1175,-1009,130,-483,8,58,171,72,90,0
2633046,201,201,293,106,-1251,-731,97,-439,29,54,186,84,94,0
2636387,202,201,31,275,-1054,-514,86,-377,10,81,159,82,85,0
2639698,202,201,537,537,-754,-164,35,-310,57,69,170,71,87,0
2643047,202,201,537,293,-48,-36,3,-232,100,11,257,71,100,0
2646389,202,202,518,50,613,-261,79,-143,-44,-18,256,72,97,0
2649701,202,202,593,218,1083,-868,290,-50,-47,24,256,68,88,0
2653046,202,202,800,537,1244,-1176,363,39,-138,63,237,73,87,0
2656389,203,203,256,143,920,-1379,403,124,-62,72,255,86,92,0
2659704,203,203,593,406,871,-1517,567,202,-62,105,242,68,78,0
2663047,203,203,537,406,744,-1391,743,271,-81,100,220,71,78,0
2666389,203,203,668,631,450,-1063,741,326,-41,146,269,80,82,0
2669707,204,203,200,500,347,-762,692,381,-173,166,233,89,89,0
2673046,204,204,518,425,-15,-730,728,422,-165,186,254,72,77,0
2676390,204,204,556,481,-589,-655,605,441,-76,154,257,70,74,0
2679711,204,204,762,556,-959,-526,463,447,-14,102,294,75,86,0
2683068,204,204,612,406,-653,-468,474,445,-11,145,245,83,94,0
2686390,205,205,350,143,-336,-423,493,438,-56,174,212,81,92,0
2689714,205,205,593,256,-308,-90,382,427,45,170,251,68,86,0
2693071,205,205,800,256,75,299,312,415,79,151,248,73,102,0
2696390,205,206,575,0,588,513,229,400,12,123,155,85,104,0
2699717,206,206,1943,1175,897,739,21,376,8,130,174,81,106,0
2703073,206,206,500,293,970,928,-339,338,7,100,156,142,153,0
2706390,206,207,781,106,892,1036,-493,301,-57,134,168,127,147,0
2709720,207,207,593,87,888,1159,-605,261,72,247,163,121,148,0
2713072,207,208,931,125,1088,1210,-909,213,-213,-2,79,119,146,0
2716391,208,208,256,0,1058,848,-1324,158,-159,-144,121,139,159,0
2719723,208,209,612,0,1952,76,-1610,98,134,-48,164,120,149,0
2723072,208,209,931,12,2688,-97,-1951,30,-124,239,16,119,152,0
2726415,209,210,200,0,2273,74,-2069,-38,-79,25,134,142,144,0
2729726,209,210,481,0,1199,50,-2107,-107,16,126,109,127,155,0
2733073,210,211,350,0,854,410,-2029,-171,99,154,58,134,143,0
2736418,210,211,481,0,1055,1163,-1928,-236,-111,52,68,127,145,0
2739730,211,212,0,0,314,1523,-1657,-291,-93,-7,77,137,131,0
2743073,211,212,181,0,-337,1210,-1516,-341,36,-84,268,127,131,0
2746420,211,213,575,0,-163,490,-1225,-380,103,-32,317,122,122,0
2749733,212,213,0,12,-78,-298,-1076,-414,3,24,135,141,120,0
2753073,212,213,200,87,16,-343,-1304,-457,47,13,187,126,116,0
2756419,213,214,0,0,756,-165,-935,-495,33,42,250,131,113,0
2759736,213,214,350,0,1119,35,-596,-525,49,32,276,118,121,0
2763074,214,215,31,0,1136,24,-386,-550,-11,-15,293,119,119,0
2766419,214,215,31,0,1414,-86,-153,-572,-234,-80,123,119,123,0
2769739,214,215,706,0,1784,-348,364,-584,-1611,-573,1485,99,132,0
2773096,215,216,31,0,-859,-910,134,-603,-18,-149,439,119,137,0
2776419,215,216,0,0,184,-1376,291,-616,-293,-121,266,123,144,0
2779742,215,217,350,0,-1243,-825,69,-636,12,-46,214,102,138,0
2783097,216,217,200,0,-957,-401,-138,-659,-23,-132,90,110,143,0
2786420,216,218,256,0,-580,-108,4,-674,-172,-70,113,107,132,0
2789746,216,218,500,0,-801,311,-260,-697,-163,-131,198,94,130,0
2793097,216,218,762,0,-985,394,-314,-722,-21,-142,238,96,119,0
2796420,217,219,200,0,-408,489,-107,-737,-80,-146,208,110,111,0
2799749,217,219,462,0,267,332,221,-740,-197,-240,205,96,100,0
2803097,217,219,800,518,46,-181,282,-738,-126,-190,205,94,77,0
2806420,218,219,200,575,-239,-596,248,-731,-84,-135,245,110,74,0
2809752,218,220,425,143,-281,-1000,98,-718,-92,-132,279,98,81,0
2813097,218,220,462,425,-391,-1289,78,-700,-86,-103,255,96,66,0
2816421,219,220,312,650,-344,-1441,-48,-682,-7,-53,243,104,70,0
2819755,219,220,350,443,-242,-1306,75,-652,3,-89,236,102,81,0
2823127,219,221,687,256,512,-1363,-13,-611,15,-150,220,95,86,0
2826424,220,221,218,406,1311,-2086,-61,-562,-132,-57,145,104,78,0
2829758,220,221,87,406,1086,-2697,-167,-507,-97,46,209,111,78,0
2833098,220,221,462,331,829,-2288,179,-436,142,88,317,91,82,0
2836428,220,221,706,668,959,-2067,71,-368,108,60,300,94,80,0
2839762,221,222,106,256,1939,-1292,257,-297,164,323,305,110,86,0
2843098,221,222,350,500,3018,196,996,-205,-257,150,317,97,73,0
2846431,221,222,368,593,2027,916,1135,-118,-350,2,271,96,68,0
2849765,222,222,275,987,-439,179,1225,-33,-169,-31,198,101,63,0
2853122,222,223,312,350,-1589,-441,1268,44,-1,104,170,99,81,0
2856434,222,223,443,406,-1409,-588,1193,115,116,105,273,92,78,0
2859769,222,223,368,612,-204,-463,1506,203,64,127,167,96,67,0
2863125,223,223,331,1006,165,-480,1648,284,-174,50,114,98,62,0
2866438,223,223,462,687,-197,-753,1754,357,-56,99,108,91,79,0
2869772,223,223,462,743,-786,-780,1845,427,-23,112,146,91,76,0
2873129,224,224,106,575,-784,-685,2026,495,4,111,189,94,69,0
2876441,224,224,462,1062,-331,-711,2135,550,51,181,235,91,59,0
2879774,224,224,518,837,347,-574,2335,619,19,144,212,88,71,0
2883132,224,224,481,725,806,-484,2493,688,-60,151,198,90,77,0
2886443,225,224,162,818,790,-397,2567,766,-144,194,194,91,72,0
2889778,225,225,537,781,145,-9,2702,855,-99,195,228,87,74,0
2893132,225,225,556,706,-131,297,2789,942,-70,178,213,86,78,0
2896446,225,225,593,687,-373,421,2680,1034,-85,175,207,84,79,0
2899781,226,225,293,631,-533,523,2743,1129,-50,146,270,84,82,0
2903132,226,226,575,537,-390,460,2861,1222,-49,117,188,85,87,0
2906450,226,226,537,593,-358,340,2988,1309,-151,64,130,87,84,0
2909784,226,226,556,631,-522,266,2824,1388,9,162,227,86,82,0
2913133,227,226,556,875,-635,334,2810,1468,-129,157,189,86,85,0
2916453,227,227,537,462,-860,323,2691,1549,-27,164,163,87,91,0
2919787,227,227,650,425,-815,197,2532,1626,-41,178,156,81,93,0
2923133,227,227,593,518,-1108,196,2331,1700,-44,158,129,84,88,0
2926456,228,227,500,781,-1479,229,2210,1767,14,132,140,89,90,0
2929791,228,228,406,350,-1341,103,1982,1829,118,174,196,94,97,0
2933133,228,228,537,387,-844,-78,1819,1888,-10,165,172,87,95,0
2936460,228,228,481,331,-456,-122,1715,1947,-23,173,131,90,98,0
2939794,229,228,350,818,-611,-44,1526,1989,16,134,100,97,88,0
2943133,229,229,443,331,-676,-26,1374,2030,-62,167,118,92,98,0
2946462,229,229,406,256,-921,105,1282,2062,16,197,122,94,102,0
2949797,230,229,687,575,-1011,291,1054,2063,79,106,121,100,106,0
2953133,230,230,143,68,-707,432,971,2058,207,140,230,113,117,0
2956466,230,230,612,0,-417,768,1057,2053,190,-39,135,88,122,0
2959800,230,231,650,106,713,973,1593,2063,211,-7,156,86,115,0
2963159,231,231,425,12,1924,1355,1977,2088,108,11,155,98,120,0
2966469,231,231,537,0,2386,1580,2327,2113,87,32,136,92,124,0
2969804,231,232,575,0,2149,2834,2604,2143,78,57,117,90,116,0
2973160,232,232,537,200,1946,3701,2721,2173,-24,-25,191,92,110,0
2976472,232,232,368,181,1246,4157,2857,2205,-352,-124,295,101,111,0
2979806,232,233,631,0,-1975,3529,2622,2224,-141,-120,400,87,105,0
2983159,232,233,950,537,-3068,2956,2318,2229,261,-90,329,86,92,0
2986475,233,233,275,350,-2012,2393,2068,2221,-309,-541,1109,106,102,0
2989810,233,233,256,293,-1129,2148,1429,2188,-248,-355,613,107,105,0
2993160,233,234,368,181,-1084,2744,818,2133,-82,56,65,101,95,0
2996478,234,234,181,668,-1918,2310,70,2051,-35,-33,121,111,85,0
2999813,234,234,143,462,-3157,2245,-487,1948,-34,-24,138,113,96,0
