Time, Rlegs, Llegs, DCL, DCR, GyroX, GyroY, GyroZ, GyroZAvg, AccelX, AccelY, AccelZ, LBEMF, RBEMF, SteerOut
3138,1172,1169,0,0,-123,-74,243,241,0,-2,232,93,93,0
6460,1172,1169,0,0,-120,-76,243,241,-1,-6,231,93,92,0
9804,1172,1169,0,0,-118,-72,243,241,-2,-5,224,93,92,0
13139,1172,1169,0,0,-121,-78,242,241,-2,-7,235,93,92,0
16463,1172,1169,0,0,-119,-78,241,241,-1,-1,234,93,92,0
19804,1172,1169,0,0,-121,-76,242,241,-2,-4,231,93,92,0
23139,1172,1169,0,0,-122,-76,240,241,-3,-5,231,93,93,0
26466,1172,1169,0,0,-120,-77,240,241,-4,-8,225,92,93,0
29804,1172,1169,0,0,-119,-77,241,241,-4,-6,230,93,93,0
33139,1172,1169,0,0,-122,-76,240,241,0,-9,226,93,93,0
36469,1172,1169,0,0,-120,-77,240,241,-2,-6,227,93,93,0
39826,1172,1169,0,0,-122,-77,243,241,-3,-1,231,92,92,0
43139,1172,1169,0,0,-120,-75,242,241,-4,-5,228,92,93,0
46472,1172,1169,0,0,-120,-76,243,241,-1,-9,227,92,92,0
49826,1172,1169,0,0,-120,-76,245,241,-5,-3,230,93,92,0
53160,1172,1169,0,0,-120,-74,242,241,0,-9,229,93,93,0
56477,1172,1169,0,0,-124,-77,242,241,-4,-6,231,93,92,0
59829,1172,1169,0,0,-122,-74,238,241,-2,0,232,93,93,0
63164,1172,1169,0,0,-124,-75,241,241,-3,-3,229,93,93,0
66479,1172,1169,0,0,-120,-74,240,241,-3,-4,229,92,92,0
69829,1172,1169,0,0,-121,-75,237,241,-1,-3,232,93,92,0
73164,1172,1169,0,0,-122,-76,240,241,0,-9,230,93,92,0
76482,1172,1169,0,0,-118,-76,240,241,-2,-8,227,93,92,0
79830,1172,1169,0,0,-122,-77,240,241,0,-6,233,93,92,0
83164,1172,1169,0,0,-123,-77,239,241,0,-7,226,92,93,0
86485,1172,1169,0,0,-120,-75,240,240,-1,-5,235,93,93,0
89830,1172,1169,0,0,-121,-76,241,240,0,-4,229,93,93,0
93164,1172,1169,0,0,-122,-78,245,241,-1,-10,234,93,92,0
96489,1172,1169,0,0,-122,-77,242,241,-3,-6,227,92,92,0
99830,1172,1169,0,0,-120,-78,241,241,0,-7,233,92,92,0
103165,0,0,0,0,-121,-78,243,241,-5,-4,238,93,93,0
106492,0,0,0,0,-121,-77,240,241,-2,-6,231,92,92,0
109831,0,0,0,0,-121,-77,239,241,-6,-7,228,92,92,0
113165,0,0,0,0,-120,-77,243,241,0,-6,230,92,92,0
116495,0,0,0,0,-121,-74,240,241,-8,-4,229,93,92,0
119831,0,0,0,0,-121,-75,240,240,-1,-8,227,93,93,0
123166,0,0,0,0,-125,-74,241,240,-6,-1,230,93,93,0
126499,0,0,0,0,-121,-75,238,240,-1,-8,229,93,93,0
129852,0,0,0,0,-121,-73,241,240,-3,-7,231,93,92,0
133188,0,0,0,0,-121,-74,237,240,-2,-3,230,93,93,0
136502,0,0,0,0,-120,-72,239,240,-2,-6,231,93,92,0
139855,0,0,0,0,-122,-75,239,240,-6,-6,231,92,92,0
143189,0,0,0,0,-122,-75,240,240,-3,-8,227,92,93,0
146504,0,0,0,0,-121,-79,242,240,-7,-3,221,93,93,0
149856,0,0,0,0,-122,-76,240,240,0,-4,231,93,92,0
153189,0,0,0,0,-121,-78,242,240,-3,-4,227,92,92,0
156508,0,0,0,0,-120,-78,244,240,-4,-6,229,93,92,0
159856,0,0,0,0,-123,-77,243,240,-1,-5,229,92,93,0
163189,0,0,0,0,-119,-78,243,240,-3,-7,228,93,92,0
166512,0,0,0,0,-117,-80,242,240,-4,-3,230,93,93,0
169856,0,0,0,0,-121,-74,242,240,-3,-6,228,93,93,0
173190,0,0,0,0,-119,-76,241,240,-2,-8,228,92,92,0
176514,0,0,0,0,-122,-75,244,240,-2,-6,232,93,93,0
179856,0,0,0,0,-123,-75,239,240,-1,-7,226,93,93,0
183190,0,0,0,0,-123,-73,239,240,-4,-5,226,92,92,0
186517,0,0,0,0,-120,-73,239,240,-1,0,225,92,92,0
189857,0,0,0,0,-121,-76,241,240,-1,-4,230,92,92,0
193190,0,0,0,0,-119,-75,240,240,-4,-9,230,93,92,0
196520,0,0,0,0,-122,-75,243,241,-1,-8,232,92,92,0
199858,0,0,0,0,-122,-70,243,240,-2,-6,232,92,93,0
203426,0,0,0,0,-121,-75,240,240,-3,-7,223,93,93,0
206524,1,0,0,0,-136,-85,248,241,-108,-96,235,306,344,0
209882,1,1,912,1062,-355,-284,415,246,-90,16,246,219,211,0
213193,2,1,481,687,-740,-337,347,249,-63,52,261,242,247,0
216527,2,2,1062,1100,-1256,-625,450,256,18,-76,344,243,241,0
219885,3,2,1025,1437,-1316,-1122,616,268,-100,-69,359,245,239,0
223217,4,3,1100,1268,-1768,-1788,885,288,-25,11,409,241,248,0
226530,4,4,1343,1343,-2037,-2162,1337,322,199,187,504,244,244,0
229885,5,4,1550,1681,-1631,-2201,1608,365,43,171,484,249,258,0
233221,6,5,1287,1250,-687,-1850,1926,417,51,281,494,241,259,0
236534,6,6,1718,1475,287,-1004,2398,485,109,321,511,234,247,0
239885,7,6,1531,1850,1013,-478,2708,562,-108,61,455,260,259,0
243227,8,7,1531,1681,1271,-517,2951,647,-171,309,323,260,268,0
246536,8,8,1737,1662,426,-850,2873,729,-203,243,212,265,269,0
249885,9,9,1137,1362,58,-1341,2982,815,74,111,84,297,285,0
253227,10,10,500,1006,429,-1028,3346,912,-24,394,45,331,304,0
256540,11,10,106,1212,969,235,3746,1021,126,144,24,352,309,0
259886,12,11,987,1850,1595,-976,3331,1118,105,32,88,343,313,0
263228,13,12,668,1343,2465,-1668,3734,1227,86,41,-45,360,340,0
266543,14,13,612,1212,3419,-1816,4509,1360,-11,69,-58,363,347,0
269886,15,14,462,1381,3312,-1865,4519,1494,140,98,26,387,354,0
273227,16,16,556,612,3989,-2829,4517,1628,-106,163,61,382,379,0
276547,18,17,68,575,4905,-2117,4450,1759,-33,349,-147,392,381,0
279886,19,18,425,631,5372,-1201,3678,1866,3,232,76,389,394,0
283228,20,19,350,706,5615,-841,3239,1960,-331,42,-70,393,390,0
286549,21,20,237,575,4438,-868,2911,2044,36,-97,-132,399,397,0
289907,23,22,387,631,4288,-1089,2417,2112,-180,-231,85,386,389,0
293228,24,23,200,1081,4464,-973,1971,2166,-275,-110,-224,396,365,0
296552,25,24,293,1231,4407,-896,1092,2192,-208,24,155,391,357,0
299911,26,25,650,987,3971,-503,232,2192,39,-32,-113,372,370,0
303229,27,26,706,1137,4419,-641,-123,2181,-475,164,-226,385,378,0
306556,29,28,368,743,3651,-269,-296,2164,-829,-120,225,387,383,0
309911,30,29,443,1062,990,6,-559,2139,-291,103,86,383,366,0
313260,31,30,1062,1287,-754,-275,-33,2130,-349,360,424,371,375,0
316559,32,31,1175,1475,-2149,-487,470,2132,-521,404,323,365,365,0
319912,33,32,1118,1643,-4140,188,439,2135,-130,442,430,368,356,0
323229,34,33,1100,1531,-5563,943,53,2122,-47,355,344,369,362,0
326563,36,34,1250,1550,-5660,2174,159,2108,14,433,241,377,377,0
329912,37,36,800,1006,-5954,2822,386,2092,-203,317,157,385,390,0
333255,38,37,650,725,-6959,3105,233,2058,-111,88,-110,393,405,0
336565,39,38,856,818,-8273,3902,408,2020,197,106,176,382,400,0
339912,40,40,518,87,-7033,3515,850,1987,85,-115,160,416,439,0
343255,42,41,0,0,-5620,2378,1045,1944,72,-65,91,408,445,0
346568,43,42,537,50,-6027,2466,625,1879,543,281,346,377,419,0
349913,44,44,1118,0,-3330,2869,340,1798,126,108,232,362,428,0
353254,45,45,1268,687,-124,4304,1567,1757,19,-482,992,354,385,0
356572,46,46,1325,1418,2489,3880,1792,1720,-256,-414,1239,351,346,0
359912,47,47,1587,1981,758,2450,2711,1700,-901,-473,1066,337,316,0
363255,48,48,1531,2225,-2405,352,3030,1678,-123,-592,1209,340,303,0
366575,49,49,1231,1868,-4389,-1447,2993,1667,142,-64,1113,356,322,0
369934,50,50,2037,2281,-2389,-1065,3719,1667,89,-57,856,351,338,0
373256,51,51,1812,1568,-2706,-1175,3690,1641,-94,-183,-17,363,376,0
376578,53,52,931,1400,-2444,-1660,3060,1595,639,121,128,394,385,0
379934,54,53,743,1175,-844,-1934,2848,1543,68,-59,2,420,413,0
383256,55,55,593,462,539,-2846,3359,1509,123,-2,176,428,435,0
386581,57,56,0,312,2189,-2505,3266,1496,-30,120,174,444,443,0
389938,58,58,725,537,2402,-1694,3583,1507,-421,250,-24,421,431,0
393256,59,59,706,275,1886,-1098,2941,1508,411,-124,223,422,445,0
396585,61,60,200,762,7163,-1471,2548,1512,549,-191,162,433,419,0
399938,62,62,668,0,9603,-1923,2614,1532,-794,-46,-348,419,457,0
403256,63,63,500,575,7291,-2173,2815,1586,4,178,-55,428,424,0
406588,65,65,0,125,5367,-1840,1830,1636,271,-435,125,448,432,0
409938,66,66,218,462,5517,-2497,1789,1696,-278,143,-5,427,414,0
413280,67,67,518,893,4802,-1884,1490,1751,85,362,75,427,407,0
416591,69,69,68,950,6145,-393,1538,1817,-153,-70,189,435,404,0
419939,70,70,743,668,5491,-333,1698,1871,-519,193,57,399,403,0
423316,71,71,1193,1268,2701,-634,2245,1927,-363,296,210,396,392,0
426594,72,72,1025,1325,1372,-583,2281,1984,-185,73,9,405,389,0
429939,74,74,556,1025,-172,-636,2534,2062,-353,275,-10,414,389,0
433285,75,75,425,612,-1307,-625,2871,2146,115,-42,179,421,411,0
436598,76,76,631,931,-1326,-1302,2700,2219,152,-128,7,426,410,0
439939,78,78,237,68,-1443,-1321,2302,2283,-57,68,-78,431,440,0
443286,79,79,387,350,-1109,-788,2262,2341,-97,-61,141,423,425,0
446600,81,81,368,556,-1531,-877,2421,2390,190,-125,86,424,414,0
449939,82,82,556,331,-2290,-913,2154,2425,0,-62,-149,414,426,0
453285,83,83,0,50,-2225,-311,1957,2467,-967,363,-7,429,419,0
456604,85,85,0,237,-5618,1627,1650,2508,-357,283,203,442,409,0
459962,86,86,87,218,-7933,4291,676,2480,-179,62,-34,417,410,0
463285,87,87,162,650,-8451,6643,370,2435,-102,-2,66,413,387,0
466607,89,88,387,575,-9977,7466,237,2358,73,-15,21,401,391,0
469963,90,90,218,593,-11071,8113,77,2266,746,-78,433,394,374,0
473286,91,91,800,687,-6527,8025,538,2189,1030,-76,642,363,369,0
476610,92,92,1268,312,-1045,7189,523,2089,720,-219,529,338,389,0
479963,93,93,2037,1456,2188,5664,1516,2021,129,-542,821,335,366,0
483286,94,94,1831,1662,698,1077,2424,2001,-758,-178,407,346,355,0
486614,95,95,1568,1737,-3187,-2702,2649,1995,213,-326,965,360,351,0
489963,96,96,1587,1831,-970,-5323,2217,1959,838,-224,458,375,362,0
493287,98,98,781,931,4723,-6521,3568,1969,865,416,247,402,394,0
496616,99,99,556,856,6041,-5138,3154,1955,244,369,-363,414,398,0
499963,100,100,893,781,5295,-2902,2431,1939,-298,111,-117,412,418,0
503286,101,102,668,350,3046,-1106,2820,1948,103,96,214,424,425,0
506620,103,103,537,481,4181,-1062,1900,1926,431,-40,-61,415,418,0
509963,104,104,387,800,6531,-914,1945,1898,-973,-307,-49,434,412,0
513289,106,106,12,837,1963,-1594,770,1865,-59,-215,323,438,394,0
516624,107,107,425,1512,832,-1851,71,1812,446,-392,556,416,358,0
519964,108,108,762,2037,1330,-378,-1627,1714,-1137,-101,512,398,330,0
523292,109,108,687,2206,-4384,2650,-3301,1563,-844,-48,190,418,353,0
526627,111,109,1212,3556,-6825,3715,-4407,1372,-353,-20,360,390,281,0
529964,112,110,1587,3443,-7597,5869,-6540,1098,634,-277,718,354,287,0
533319,113,111,2431,2937,-388,3697,-6906,811,700,-60,1112,330,335,0
536629,114,112,2243,1475,4701,1420,-7217,506,293,-133,700,356,413,0
539964,115,113,1831,2000,7368,-255,-7287,188,-686,-460,181,362,385,0
543298,116,114,1887,1793,4126,-3738,-5620,-71,-714,163,30,359,396,0
546633,117,115,1606,2412,258,-4564,-4273,-276,-604,70,360,390,379,0
549992,118,117,1043,1568,-904,-5576,-2574,-427,135,22,3,420,408,0
553301,120,118,406,1062,285,-5442,-2507,-581,-129,792,-683,438,435,0
556636,121,120,350,631,-338,-2174,-3421,-755,-235,336,44,441,458,0
559992,122,121,743,593,-614,-429,-2491,-894,358,-128,672,436,460,0
563305,124,123,443,0,-884,-1951,-1114,-981,483,-15,-2,414,479,0
566639,125,124,387,0,131,-2969,-1740,-1056,-189,-36,-175,417,464,0
569997,126,126,856,162,-194,-3425,-1363,-1110,-734,-143,-519,408,445,0
573308,128,127,0,481,-3808,-4074,-1757,-1173,-74,157,-185,442,428,0
576642,129,129,106,218,-3362,-4363,-1378,-1218,363,-74,125,432,442,0
579998,131,130,0,162,-1017,-4299,-646,-1255,-41,240,236,425,429,0
583311,132,132,87,0,-514,-2968,-845,-1298,-172,177,20,417,431,0
586645,133,133,256,143,-1824,-2075,-622,-1365,153,-173,6,408,414,0
589998,135,134,800,1043,-1857,-2544,-125,-1444,479,187,40,401,404,0
593315,136,136,931,687,1249,-2792,-495,-1543,-194,117,-257,394,407,0
596649,137,137,481,743,-468,-2495,39,-1611,-409,477,230,418,404,0
599999,138,138,425,931,-1548,-1086,-408,-1735,-160,319,188,437,410,0
603317,140,140,481,968,-2476,-668,-312,-1843,-215,258,112,418,392,0
606652,141,141,443,800,-2652,-289,168,-1914,-185,419,49,420,401,0
609998,142,142,406,1006,-2024,62,781,-1978,421,159,492,438,406,0
613321,144,143,275,856,146,639,485,-2022,131,267,314,429,414,0
616655,145,145,237,368,2151,441,411,-2070,411,-266,290,431,424,0
619999,146,146,200,575,3823,64,1274,-2054,-60,22,249,444,424,0
623325,148,148,443,462,971,1792,1207,-2019,-254,288,352,415,414,0
626658,149,149,575,612,124,3867,845,-1941,381,254,267,408,406,0
629999,150,150,556,1287,823,4963,1257,-1799,271,29,330,409,370,0
633328,152,151,556,1737,1240,7219,1643,-1610,-427,372,306,409,362,0
636661,153,152,743,1643,-949,8541,1464,-1360,202,-212,612,399,367,0
640000,154,154,2225,1475,-575,6662,2252,-1074,-625,-983,1200,320,360,0
643330,155,155,2525,1718,-2055,1743,2880,-758,673,-765,1398,325,368,0
646665,156,156,2300,1343,-230,-2595,2167,-463,-56,-263,1037,337,388,0
649999,157,157,2562,1175,1688,-5178,2703,-202,-773,-335,775,323,397,0
653333,158,158,2056,706,1583,-7220,2984,23,-109,293,502,350,422,0
656669,159,160,1493,331,1337,-6416,2903,194,261,445,66,396,442,0
660025,160,161,706,481,1375,-4122,2808,361,168,32,236,438,434,0
663337,162,163,537,0,2364,-3247,2459,544,-63,-301,-249,431,447,0
666672,163,164,237,0,2640,-3954,2799,710,-125,-243,-83,447,452,0
670025,165,166,537,275,1674,-5317,2218,814,-33,-264,255,431,429,0
673340,166,167,106,275,2697,-5813,2324,941,-62,-147,-123,432,407,0
676675,168,168,68,368,2527,-6298,1873,1042,210,139,-40,434,402,0
680026,169,170,218,0,3032,-6511,1845,1154,-381,192,99,426,423,0
683343,170,171,293,0,1006,-5260,1364,1240,-302,277,-264,422,432,0
686678,172,172,256,200,-590,-2820,1133,1296,-67,205,87,424,411,0
690026,173,174,106,481,-183,-839,1213,1360,-559,106,441,416,380,0
693346,174,175,125,725,-3568,267,861,1406,-306,87,69,415,367,0
696681,175,176,256,875,-5512,1196,310,1420,-205,370,175,408,359,0
700026,177,177,1175,1568,-5457,3364,472,1450,62,-72,255,381,360,0
703349,178,178,1268,1268,-5901,4297,1062,1482,-223,-74,-93,376,376,0
706684,179,179,650,1118,-6836,4530,1348,1537,117,-176,145,409,384,0
710026,180,181,481,481,-6359,4086,1337,1589,495,-335,-54,434,418,0
713352,182,182,293,443,-4724,2933,2317,1656,-32,165,57,428,420,0
716687,183,184,162,256,-3048,3236,1688,1684,-165,202,157,435,430,0
720027,184,185,312,68,-2930,3787,1217,1707,187,-130,238,443,440,0
723356,186,186,406,500,-3640,4179,483,1709,354,74,-231,422,417,0
726690,187,188,500,256,-2117,4618,1000,1701,4,342,47,417,414,0
730027,188,189,331,462,-188,5452,440,1677,-132,-12,-105,437,414,0
733359,190,190,293,293,-652,5818,-89,1647,-6,-83,-111,423,423,0
736694,191,192,387,0,-1177,5802,-528,1592,-12,-71,201,418,427,0
740051,192,193,31,181,-1545,5152,-711,1518,49,-119,22,437,413,0
743362,194,194,462,650,-1092,3722,-778,1448,453,22,142,414,404,0
746696,195,196,650,687,1132,4216,-745,1354,-136,235,219,404,386,0
750055,196,197,1268,237,1709,5280,-1085,1231,32,-335,28,371,410,0
753365,197,198,3068,1625,2031,4556,-2382,1088,584,-223,426,344,405,0
756700,198,200,2787,931,6012,1564,-2312,932,649,-89,864,359,442,0
760056,199,201,3162,368,10183,-1186,-3013,744,663,-49,677,339,456,0
763368,200,202,2000,443,14343,-4652,-2573,573,339,-169,289,401,452,0
766703,201,204,0,368,14525,-6168,-2277,414,-463,-55,223,855,456,0
770060,202,205,0,162,11499,-6412,-2352,264,-457,158,487,525,467,0
773372,203,207,2562,406,6906,-8086,-2822,88,-927,435,230,387,438,0
776706,205,208,1231,162,4242,-9472,-3802,-99,-1603,797,436,442,451,0
780064,206,210,500,706,-4328,-4128,-5199,-334,-304,-147,832,497,422,0
783375,208,211,443,537,-8067,-561,-5716,-571,172,-54,-64,462,409,0
786710,209,212,593,593,-8356,-479,-6296,-826,-427,301,55,454,406,0
790064,211,213,462,1287,-9772,1561,-6158,-1061,-416,-17,41,461,385,0
793378,212,215,687,893,-10627,3495,-5524,-1269,1173,-586,254,449,390,0
796713,214,216,481,1006,-7104,3227,-4420,-1445,-225,-33,279,444,384,0
800064,215,217,1418,950,-5333,4013,-4177,-1602,510,-595,870,394,387,0
803382,216,218,1906,1287,325,3860,-350,-1623,1233,-455,812,368,369,0
806716,217,219,1850,1625,4530,2663,1560,-1589,-931,-581,482,371,351,0
810064,218,220,2412,2731,3768,1,3511,-1512,-349,-121,751,379,330,0
813385,220,221,1362,2918,535,-3019,4814,-1404,-526,-67,304,419,320,0
816719,221,222,1381,1587,-712,-3834,5696,-1268,211,168,218,418,391,0
820065,222,223,1756,2187,522,-3571,5804,-1159,41,389,129,414,375,0
823388,224,224,1287,2168,-736,-2584,6115,-1020,-359,114,-417,423,376,0
826723,225,226,612,1625,-2774,-1939,6339,-860,-54,325,-58,459,405,0
830065,227,227,575,1325,-3275,-1637,6860,-661,264,-354,162,461,421,0
833391,228,228,537,856,-1811,-2272,6270,-496,746,-499,241,463,446,0
836725,230,230,0,312,-872,-3311,6596,-304,165,66,109,477,459,0
840066,231,231,593,612,2507,-2722,6843,-87,-242,-156,4,455,454,0
843395,233,233,50,462,2879,-4326,5183,90,196,-560,-38,468,446,0
846728,234,234,256,68,2780,-5766,5499,284,173,-288,-218,457,467,0
850086,236,236,237,256,2821,-6647,6641,516,-569,481,-64,442,441,0
853398,237,237,256,762,-435,-5094,5588,714,100,430,-19,457,430,0
856732,239,239,218,800,-1504,-3068,3678,863,769,127,381,459,428,0
860090,240,240,518,293,592,-2895,4030,1063,367,401,133,427,439,0
863401,241,241,1437,725,3828,-2911,4276,1269,75,545,377,399,437,0
866735,242,243,1418,312,6160,-2341,4385,1500,-120,356,-89,400,443,0
870090,244,244,1568,931,4786,-1164,3864,1701,-392,251,153,376,410,0
873404,245,246,1737,1043,1652,-186,3125,1870,-494,14,720,367,404,0
876738,246,247,2112,1025,896,-1,2528,2023,94,356,336,363,405,0
880090,247,248,1775,762,512,915,1516,2158,712,599,115,381,419,0
883407,248,250,1737,500,3219,2865,1042,2310,368,281,96,383,417,0
886742,250,251,1775,743,4708,3647,676,2493,-313,339,112,381,404,0
890091,251,252,1081,968,4618,5042,-554,2655,461,225,129,418,408,0
893411,252,254,575,0,3081,5584,-1177,2814,-210,-5,-1,423,426,0
896744,254,255,387,31,1719,5584,-1373,2964,-9,148,508,433,420,0
900091,255,256,518,537,1216,8570,-1382,3093,-506,96,-179,426,409,0
903413,256,258,875,518,-5553,9226,-895,3204,212,-425,-169,407,394,0
906748,258,259,293,575,-4355,8892,823,3360,-19,-150,-239,438,391,0
910091,259,260,162,1118,-4138,6618,667,3392,-616,-334,312,429,362,0
913416,260,261,50,1550,-9265,4189,1307,3384,-544,-693,98,435,339,0
916751,262,262,0,1250,-12776,883,1654,3326,851,-263,171,423,355,0
920092,263,263,1606,1812,-11683,-1524,2198,3244,573,-18,199,374,363,0
923420,264,264,1700,968,-9572,-2630,2713,3151,649,243,473,369,408,0
926754,265,266,1456,518,-5518,-2002,3164,3068,-327,498,81,382,416,0
930091,266,267,1737,837,-4123,-2110,3278,2980,157,-18,243,383,415,0
933423,268,268,1681,725,-3245,-1658,2602,2863,-183,248,-101,370,421,0
936758,269,270,1212,293,-4253,-2512,1477,2695,503,-434,453,395,428,0
940112,270,271,1587,875,-2152,-3948,1834,2556,214,59,597,391,413,0
943426,271,273,1306,331,3070,-2689,1125,2385,-151,-48,260,406,426,0
946761,273,274,1118,518,3532,-3220,1547,2219,-138,-29,414,416,416,0
950117,274,275,1043,1081,3723,-2746,1106,2092,-24,64,-22,415,397,0
953429,275,276,875,1343,3477,-2453,1618,1971,-535,196,28,424,383,0
956764,277,278,800,1456,637,-2442,1192,1801,-109,-57,361,428,377,0
960117,278,279,1118,1212,335,-1646,1619,1676,353,-215,388,395,374,0
963432,279,280,1437,1550,2063,-886,1955,1623,-106,-143,550,394,372,0
966767,280,281,1568,1193,2541,-701,2589,1578,-144,-297,694,387,391,0
970117,282,282,1793,1343,771,-1167,3274,1546,190,-393,791,359,383,0
973436,283,284,2618,1925,604,-1900,3888,1531,-119,-213,1032,336,373,0
976770,284,285,2768,1025,1128,-2709,4720,1558,627,-109,778,328,405,0
980117,284,286,2862,893,3874,-3888,5191,1622,-131,111,586,339,412,0
983439,285,287,2656,706,4860,-3887,5219,1706,-197,304,385,350,422,0
986773,287,289,2112,293,4342,-3190,4918,1812,20,206,8,379,444,0
990117,288,290,1400,237,3220,-2427,3789,1898,73,124,30,417,447,0
993443,289,292,912,50,3692,-2159,3814,1996,-43,161,154,443,441,0
996777,291,293,912,762,5263,-1894,2919,2105,356,-305,30,443,419,0
1000118,292,294,968,762,5608,-1980,2880,2232,65,-60,-125,440,419,0
1003445,293,296,706,0,5278,-2460,1636,2326,-469,171,-102,432,436,0
1006780,295,297,650,125,5118,-3213,487,2384,183,182,155,435,431,0
1010118,296,299,537,200,6769,-2966,-113,2409,220,6,-41,441,411,0
1013448,298,300,106,425,7403,-1317,926,2412,-461,496,69,448,399,0
1016807,299,301,462,425,6707,1106,528,2407,-785,-249,-153,429,399,0
1020142,300,302,312,800,-1036,2370,-494,2351,-207,97,-175,437,379,0
1023453,302,304,406,1118,-2288,3259,744,2323,-568,54,32,416,362,0
1026810,303,305,762,1175,-2653,3946,870,2281,341,278,333,413,359,0
1030143,304,306,762,1362,-2749,4007,883,2224,476,-338,149,435,371,0
1033455,306,307,537,1475,-2119,2826,2429,2201,137,-119,-211,431,365,0
1036813,307,308,912,1456,-1601,2000,2401,2174,271,134,35,427,382,0
1040143,308,309,537,1343,-1735,1493,3145,2191,18,129,-9,447,388,0
1043458,310,311,443,1118,-852,2089,3323,2248,328,86,-255,436,400,0
1046817,311,312,575,1268,313,1761,3741,2308,128,152,-155,445,392,0
1050144,313,313,368,1100,2124,1406,3053,2368,225,89,109,440,401,0
1053461,314,315,406,387,2808,1333,2479,2397,294,77,-115,438,423,0
1056847,315,316,537,293,4745,1945,1918,2423,-54,354,80,442,439,0
1060143,317,317,406,406,5493,2634,1269,2412,-219,143,164,433,433,0
1063464,318,319,293,256,4702,2968,287,2383,-44,-260,-139,439,425,0
1066824,320,320,293,462,4163,2556,-101,2330,51,-144,-67,423,414,0
1070144,321,322,218,331,4513,1483,-15,2268,-114,-71,28,427,405,0
1073469,322,323,368,912,4064,1054,-630,2168,-98,-601,16,435,390,0
1076826,324,324,293,1343,3238,201,-78,2063,-788,-230,-45,423,367,0
1080144,325,325,293,1981,-1120,-1073,591,1960,-977,-16,262,423,333,0
1083471,326,326,743,2693,-5543,-988,156,1817,130,83,146,420,316,0
1086826,328,327,668,1625,-8476,-193,-84,1652,-66,481,102,408,373,0
1090144,329,328,1231,1250,-8354,-1326,-901,1461,298,-239,450,378,393,0
1093474,330,330,2225,650,-6232,-5625,-135,1303,30,-24,1260,325,409,0
1096831,331,331,2412,1868,-2315,-8034,-189,1179,146,656,1302,331,360,0
1100165,332,332,2525,1925,1381,-5289,-2306,988,-1514,1582,1105,325,357,0
1103478,333,333,2262,1737,-1956,-1402,-4368,760,308,219,544,339,367,0
1106835,334,334,2525,1793,-3173,79,-4390,533,910,615,323,341,380,0
1110169,335,335,2112,1606,3817,825,-3608,369,-47,630,389,363,390,0
1113480,336,336,1475,1156,4439,2028,-3625,240,-170,393,59,375,392,0
1116835,337,338,1231,1156,2204,3046,-3268,142,-57,185,288,404,392,0
1120169,338,339,687,706,18,4433,-2649,30,1067,-577,175,433,416,0
1123484,340,340,612,650,3813,3970,-1693,-38,-528,-94,-182,421,419,0
1126835,341,342,575,125,3686,2206,-2437,-99,-536,276,-118,423,431,0
1130170,342,343,406,0,-1611,2810,-2106,-188,-301,-29,-96,432,439,0
1133487,344,344,481,350,-2121,4660,-1412,-260,-57,-407,-56,412,419,0
1136835,345,346,631,1175,-1315,3475,-649,-307,-100,78,633,420,375,0
1140170,346,347,500,1981,-1380,1539,-306,-393,-633,-251,41,449,354,0
1143490,348,348,368,1850,-4363,-220,1270,-428,-187,54,28,440,361,0
1146835,349,349,1212,2018,-4703,-1543,2312,-454,-27,-190,18,411,368,0
1150170,350,350,1118,1775,-4299,-3302,3510,-448,-81,-105,12,416,381,0
1153494,352,351,856,1718,-4243,-3585,4325,-430,-27,54,-17,414,384,0
1156836,353,353,668,1400,-4110,-4012,5065,-367,427,274,-9,440,401,0
1160170,354,354,368,800,-3028,-3771,4107,-316,156,-97,78,456,433,0
1163497,356,356,518,237,-2909,-3562,3698,-261,-460,167,-37,432,447,0
1166864,357,357,218,518,-3496,-2959,3858,-180,-182,-105,-19,459,443,0
1170171,359,358,218,668,-4667,-4705,2698,-105,380,-467,-4,443,435,0
1173500,360,360,143,593,-4536,-6138,1964,-40,-175,-15,263,447,423,0
1176857,362,361,368,725,-4725,-5669,2054,24,299,43,372,419,416,0
1180192,363,362,518,968,-1565,-2360,1850,101,638,202,501,411,403,0
1183503,364,364,856,1212,-419,-56,1688,156,-348,143,324,409,390,0
1186861,366,365,425,1418,-4278,2560,916,167,141,105,528,416,379,0
1190195,367,366,1025,1137,-4026,5285,912,190,1328,27,1205,384,394,0
1193506,368,367,2993,1906,250,6214,469,207,387,-728,1117,300,374,0
1196861,369,369,3743,1250,3384,4774,1458,281,300,-555,893,260,393,0
1200195,369,370,0,800,4996,1340,2445,362,139,-477,972,793,417,0
1203509,370,371,0,575,5072,-638,4564,510,-176,-79,793,851,429,0
1206861,371,372,0,1043,4090,-1337,6062,772,-6,39,276,855,420,0
1210196,372,374,3087,1250,1682,-264,5928,1094,-85,276,-136,327,393,0
1213512,373,375,1943,218,1402,1715,6029,1419,43,128,45,388,448,0
1216862,374,376,1756,500,2711,1868,5814,1714,41,36,-214,414,449,0
1220196,375,378,1362,293,2076,288,4700,1974,-202,247,74,435,444,0
1223516,377,379,218,312,892,-158,4392,2213,329,-18,175,458,421,0
1226861,378,381,668,387,1559,350,3879,2417,630,-156,-60,450,417,0
1230196,380,382,481,50,4221,946,4440,2609,-81,68,103,444,435,0
1233519,381,383,312,425,4811,-98,4431,2823,-816,-9,-170,453,415,0
1236862,383,385,12,31,2719,-1584,3192,2989,540,77,-41,453,420,0
1240197,384,386,181,0,1990,-719,3161,3132,41,167,-77,444,435,0
1243523,386,387,125,125,4214,911,4463,3292,-71,124,199,447,415,0
1246862,387,389,575,481,4757,1179,4839,3452,51,-83,102,423,396,0
1250197,388,390,1268,1268,2864,573,4996,3569,9,-79,-182,408,376,0
1253526,390,391,912,818,2317,669,5066,3655,-4,270,-12,427,400,0
1256884,391,392,818,1437,2487,1564,5389,3714,-172,390,232,432,383,0
1260220,392,394,1062,912,436,2956,5156,3740,-155,-109,6,419,395,0
1263528,394,395,50,1193,-156,3097,5280,3746,19,204,-28,457,380,0
1266887,395,396,743,1325,924,2798,5389,3786,6,382,164,436,389,0
1270220,396,397,575,1418,1170,3416,5464,3842,0,23,130,445,384,0
1273532,398,398,443,1156,2060,3325,5269,3886,111,-46,-125,436,398,0
1276915,399,400,575,593,3695,2639,5452,3972,24,285,306,440,423,0
1280220,401,401,575,781,4812,2463,4986,4066,388,313,265,424,413,0
1283535,402,403,256,612,6408,2681,4742,4150,-49,214,-300,441,422,0
1286888,403,404,162,537,5808,2812,4361,4229,-1569,-19,186,446,410,0
1290221,405,405,312,1343,-1940,2917,3374,4281,-639,-230,524,422,367,0
1293539,406,406,518,1962,-5067,3004,2232,4322,-494,-458,288,427,350,0
1296888,408,407,50,1906,-6611,1983,1763,4349,-967,-138,-71,436,353,0
1300221,409,408,218,1606,-10528,128,1519,4382,400,-22,94,427,369,0
1303542,410,410,1962,2412,-11341,-254,646,4356,234,-410,212,403,395,0
1306888,411,411,2487,1006,-11536,-2986,713,4302,1318,-101,920,375,454,0
1310221,412,412,2656,1587,-3470,-7339,835,4186,725,396,1172,366,423,0
1313544,414,414,2318,1718,1607,-8239,1098,4031,-703,525,465,384,416,0
1316888,415,415,2731,1418,-435,-9288,1628,3896,269,-152,621,362,432,0
1320221,416,416,3050,1475,465,-8822,2634,3790,686,58,704,345,429,0
1323549,417,418,3800,668,3379,-6657,4599,3752,644,203,744,316,456,0
1326888,418,419,3443,1250,6447,-4273,5982,3792,48,-12,-77,340,441,0
1330222,419,421,0,593,6996,-4140,5961,3841,462,27,81,543,460,0
1333551,420,422,2168,950,6835,-4507,5530,3893,-420,208,136,386,419,0
1336910,421,423,1137,1268,6207,-3760,4960,3909,105,122,205,457,418,0
1340222,423,425,518,743,6327,-2850,4463,3910,822,369,-143,474,430,0
1343554,424,426,743,275,8974,-1171,3455,3918,-1110,341,-398,462,455,0
1346913,426,428,312,237,5505,135,2334,3893,-1034,388,-57,469,441,0
1350246,428,429,0,87,-173,1700,1870,3812,-558,262,11,487,449,0
1353557,429,430,125,818,-1956,3171,1881,3719,156,-129,477,463,410,0
1356914,430,432,706,893,-2694,4421,2533,3642,-266,207,99,448,406,0
1360249,432,433,1325,1437,-3977,5746,2719,3569,-18,40,-57,421,399,0
1363561,433,434,743,1400,-3880,6717,3239,3502,146,177,29,452,401,0
1366914,435,436,443,1362,-3918,7056,3433,3448,-241,-81,85,468,403,0
1370254,436,437,668,912,-4611,6442,3282,3385,106,-236,-212,456,427,0
1373564,438,438,12,668,-3831,5486,3627,3330,639,-162,32,475,440,0
1376914,439,440,650,856,-1063,5118,3964,3283,-209,191,139,457,430,0
1380256,441,442,725,312,-729,5505,3655,3233,25,-166,381,437,443,0
1383567,442,443,312,481,-1887,5328,2823,3151,511,-253,-197,459,434,0
1386942,444,444,350,500,-158,4735,2747,3081,234,102,-415,452,444,0
1390256,445,446,256,200,3143,4845,2849,3022,-266,229,223,457,444,0
1393570,447,447,406,31,2467,5818,2124,2952,-236,-410,321,449,453,0
1396914,448,449,368,237,2761,6040,216,2853,-442,-174,-58,435,426,0
1400255,449,450,368,650,2589,5585,260,2791,-587,-173,36,435,404,0
1403573,451,451,237,1550,1374,4743,520,2753,-330,-415,286,442,372,0
1406915,452,452,1025,2637,-646,2987,-388,2693,-163,-691,152,400,314,0
1410256,453,453,1887,2825,-886,480,-701,2651,-432,-1003,532,354,304,0
1413576,454,454,2450,1062,-422,-3639,-1701,2575,-299,-989,666,345,435,0
1416915,455,454,1737,0,966,-8221,-1369,2507,97,-869,872,383,864,0
1420269,456,455,2450,3800,3814,-11720,-2265,2402,-41,-90,330,345,268,0
1423580,457,456,2037,2356,3103,-13979,-2166,2283,-837,-51,90,367,366,0
1426936,458,457,1700,1156,481,-15932,-2070,2136,-863,-64,-448,401,446,0
1430256,460,458,1175,968,-4796,-15685,-1218,1954,1849,856,10,413,456,0
1433583,461,460,950,950,1210,-11954,-1755,1712,526,865,680,425,441,0
1436940,462,461,1906,1118,2762,-4897,-2092,1461,284,649,903,390,448,0
1440257,464,463,1343,893,6180,-1771,-1563,1239,-236,911,86,404,444,0
1443587,465,464,762,556,3616,918,-785,1060,-333,366,245,413,440,0
1446940,466,466,800,1325,-732,2111,-779,896,-645,50,83,427,399,0
1450257,467,467,575,912,-3987,3539,328,798,575,416,317,439,421,0
1453589,469,468,650,893,-1482,5170,232,732,235,42,52,419,422,0
1456940,470,470,612,500,-822,4975,482,689,-156,-54,286,421,427,0
1460283,471,471,987,387,-1836,5150,774,654,-74,207,54,401,433,0
1463592,473,472,1006,856,-2264,5591,1206,613,150,43,164,384,408,0
1466940,474,474,1400,987,-2408,6020,1091,562,-145,184,95,379,401,0
1470283,475,475,1737,1137,-2102,6629,2205,530,239,134,211,383,415,0
1473597,476,476,1268,1550,-617,6158,2896,513,-345,47,156,408,393,0
1476941,478,477,1250,2112,-922,3636,3266,512,-179,45,351,409,379,0
1480283,479,479,1606,1681,-1317,1663,3815,518,103,47,393,390,386,0
1483599,480,480,1193,1568,-1827,-261,4272,528,-84,-51,184,412,392,0
1486941,481,481,968,1343,-2051,-669,3978,538,444,31,351,440,420,0
1490284,483,483,743,425,1202,-362,3820,569,1003,26,135,436,453,0
1493602,484,484,443,256,4106,-259,3592,596,-390,-56,-103,452,462,0
1496969,486,486,256,556,4120,255,2669,590,-48,153,-35,457,441,0
1500284,487,487,443,68,4183,354,2414,599,525,41,145,447,467,0
1503606,489,488,0,518,6835,175,1621,643,119,-291,13,462,443,0
1506963,490,490,368,181,6539,-1049,1341,677,-445,16,-198,435,445,0
1510284,491,491,68,950,4842,-1236,854,687,40,78,177,451,404,0
1513608,493,493,275,1400,3475,-1048,-81,697,-428,-130,227,440,396,0
1516965,494,494,406,1662,-618,-1177,-871,691,-120,-82,138,433,366,0
1520284,496,495,387,1550,-2714,-1192,-819,719,-411,58,-19,418,372,0
1523612,497,496,443,2093,-4598,-1096,-1398,718,-24,158,159,436,364,0
1526966,498,497,481,1906,-7111,-381,-2092,723,-413,73,92,434,374,0
1530285,500,498,443,1700,-7811,-232,-1787,735,-438,52,126,420,385,0
1533615,501,500,368,1493,-8199,-773,-1766,745,-63,-198,162,424,396,0
1536966,502,501,575,950,-10897,-2095,-1742,728,167,-176,-136,429,425,0
1540285,504,502,462,575,-10589,-1570,-1518,736,20,36,-11,419,445,0
1543619,505,504,556,425,-9978,-816,-1737,747,-383,149,417,414,437,0
1546967,506,505,650,725,-11189,93,-1690,743,80,112,352,425,437,0
1550309,508,507,612,575,-10142,1436,-965,737,997,527,129,411,429,0
1553621,509,508,387,0,-6175,3026,-587,743,748,-57,377,401,451,0
1556967,510,510,575,350,-328,3495,309,743,-68,-77,62,407,419,0
1560313,512,511,0,0,1079,2965,718,758,277,-141,25,428,450,0
1563624,513,512,181,162,2420,1917,637,763,425,19,292,412,429,0
1566967,514,514,856,87,5395,2431,1472,785,-414,-31,-35,376,417,0
1570314,515,515,1268,593,4311,2587,2910,838,-350,-634,440,354,390,0
1573629,516,516,1156,1137,3512,104,3293,907,-478,-409,167,360,361,0
1576968,517,517,1212,1531,568,-3301,4711,985,-224,-410,440,373,356,0
1580312,518,518,2337,1475,1271,-5331,5617,1070,726,-246,718,335,381,0
1583631,519,520,2525,800,3615,-6288,5600,1143,709,-280,716,325,401,0
1586989,520,521,2881,1006,7871,-6935,4278,1157,-1050,505,-56,322,406,0
1590313,521,522,2206,837,6088,-2580,4145,1153,-120,282,581,358,415,0
1593634,523,524,1681,837,3778,938,3420,1136,-793,102,480,386,399,0
1596991,524,525,1025,762,-353,3810,1349,1059,179,496,-94,421,419,0
1600314,525,526,668,1043,1761,5218,1973,1008,459,-172,-97,440,404,0
1603637,527,528,181,650,7086,3862,1274,965,-212,-306,129,450,409,0
1607019,528,529,931,1006,6601,1829,688,911,-130,-316,174,421,401,0
1610313,529,530,762,1137,5341,461,267,868,-270,-19,310,430,394,0
1613640,531,532,181,1212,4133,-297,-273,818,-785,39,196,445,390,0
1616991,532,533,312,1343,427,-1085,-1457,746,-541,130,-312,438,367,0
1620314,534,534,0,1306,-2592,-464,-1446,703,-290,42,209,456,369,0
1623644,535,535,537,1437,-4111,-562,-1251,691,17,-154,597,426,378,0
1626991,536,536,1343,1493,-4596,-2050,-1605,667,4,-127,256,383,375,0
1630315,537,537,1568,1550,-4312,-3003,-1742,656,-92,-183,425,371,372,0
1633647,538,538,2037,1775,-2663,-3667,-1329,680,343,-63,361,367,381,0
1636991,540,540,1512,1025,-894,-4622,-450,721,-115,206,367,379,405,0
1640316,541,541,1212,612,-505,-4092,291,786,472,115,295,395,427,0
1643650,542,542,1006,575,1283,-2582,673,861,667,106,-59,406,429,0
1646992,544,544,725,125,5509,-367,706,931,97,161,276,421,453,0
1650319,545,545,968,500,5213,-39,644,1005,-251,77,331,408,433,0
1653653,546,547,1025,162,4192,-617,1028,1090,-44,-58,106,405,435,0
1656992,548,548,687,912,3115,-1362,932,1149,14,134,-40,423,411,0
1660323,549,550,312,293,2875,-1773,791,1192,183,118,-67,443,428,0
1663656,550,551,87,0,3498,-1360,508,1199,224,-146,-440,433,433,0
1666993,552,552,293,293,4392,-283,1641,1227,-239,9,-309,422,422,0
1670325,553,554,368,0,3307,-328,2610,1289,-521,-35,-4,418,431,0
1673660,554,555,368,0,979,-857,2608,1325,41,-217,-80,418,439,0
1677017,556,556,0,106,1448,-1490,2870,1323,340,-150,60,424,416,0
1680328,557,558,87,162,3464,-1893,2426,1296,-72,-177,291,417,397,0
1683663,558,559,368,593,3064,-1588,2496,1227,-131,621,227,402,374,0
1687020,559,560,800,1437,1247,1279,2065,1116,-488,504,134,395,345,0
1690332,561,561,1250,2243,-739,3376,2544,1021,-618,110,360,377,324,0
1693666,562,562,575,2187,-4349,3494,2506,965,-1081,88,135,413,327,0
1697024,563,563,800,2487,-9293,2422,2337,909,-323,268,309,417,327,0
1700335,564,564,1100,2375,-11117,1576,2783,889,-217,-43,89,401,333,0
1703669,566,565,350,2000,-11442,441,3354,951,-22,120,78,425,353,0
1707026,567,566,800,2206,-9788,-1153,3682,1005,-32,177,111,417,358,0
1710338,568,567,687,1212,-8101,-1348,3357,1070,336,-48,-37,423,411,0
1713672,570,569,0,968,-6957,-562,2165,1116,-281,3,-275,446,424,0
1717054,571,570,537,725,-6423,-805,1626,1159,-122,-97,43,426,432,0
1720341,572,571,443,1100,-6568,-1519,1027,1199,287,-128,219,431,412,0
1723676,574,573,443,256,-5641,-2266,687,1266,367,62,-273,415,441,0
1727026,575,574,50,537,-3141,-1898,178,1317,221,251,351,436,426,0
1730344,577,576,350,293,-1661,883,-517,1340,391,147,706,420,423,0
1733679,578,577,668,818,-1220,3362,-672,1369,510,53,383,403,411,0
1737027,579,578,987,950,3542,5224,-461,1409,81,242,188,386,404,0
1740348,580,580,1156,443,7792,7512,-553,1433,358,221,206,377,415,0
1743683,581,581,1850,481,5559,9261,-815,1422,749,-359,659,361,434,0
1747027,582,582,2543,275,10012,7002,-113,1409,192,-439,402,324,445,0
1750351,583,584,2768,0,9923,4171,-265,1380,244,-391,548,312,449,0
1753685,584,585,2562,0,9585,619,453,1372,299,-414,344,323,451,0
1757027,585,587,2300,612,9528,-2140,-273,1343,-445,53,4,353,411,0
1760354,586,588,1793,631,8419,-2902,-2167,1244,-271,242,167,380,410,0
1763688,587,589,1775,425,7339,-3382,-1318,1173,-372,94,245,381,421,0
1767028,588,591,2281,462,4674,-4061,-2435,1072,453,-152,124,370,419,0
1770357,590,592,1418,443,4818,-5185,-2665,973,-479,253,-196,400,420,0
1773693,591,593,725,0,4140,-6016,-2590,841,-435,317,215,415,427,0
1777028,592,594,1100,631,552,-3812,-3202,659,-70,86,-52,411,404,0
1780360,594,596,950,312,-713,-2456,-3381,472,-415,-340,-6,403,405,0
1783696,595,597,68,500,-1559,-1792,-3776,265,-35,-497,-8,450,395,0
1787054,596,598,0,1081,-4619,-2430,-3992,64,-220,-290,212,459,364,0
1790364,598,599,0,1850,-7309,-1295,-4209,-145,-945,-140,123,440,323,0
1793698,599,600,12,1850,-7904,676,-4608,-353,-48,-704,593,437,323,0
1797053,601,601,50,1962,-6106,716,-5853,-615,147,111,278,435,333,0
1800367,602,602,743,2262,-4830,1275,-6774,-905,-563,-200,-249,420,339,0
1803701,603,603,1156,1756,-5252,612,-4225,-1111,321,-202,522,398,366,0
1807054,604,604,1700,1887,-3627,-3073,-3128,-1295,127,-207,362,385,375,0
1810370,606,605,1662,2056,-2661,-4491,-1489,-1447,-104,510,155,371,366,0
1813705,607,606,1568,2281,-1376,-3937,-434,-1575,194,298,747,376,354,0
1817054,608,608,1550,2281,-258,-4367,-388,-1692,-160,304,200,393,354,0
1820374,609,609,1400,2131,-161,-5025,-149,-1765,-42,361,292,401,362,0
1823708,610,610,1175,1962,1126,-5116,1386,-1772,-240,178,56,413,371,0
1827082,612,611,1175,1325,-683,-4744,1883,-1745,-112,146,161,408,416,0
1830378,613,612,1118,1325,-1375,-4228,2946,-1675,-80,-112,301,411,416,0
1833711,614,614,950,950,-2800,-4354,2895,-1590,700,14,574,420,420,0
1837055,616,615,987,743,288,-3365,3727,-1457,773,-35,147,402,431,0
1840380,617,616,762,800,3182,-3272,5079,-1277,424,-84,-12,414,428,0
1843714,618,618,1025,350,6852,-3286,5425,-1094,-635,139,-31,416,452,0
1847055,620,619,556,650,6045,-816,5540,-903,-207,480,-20,425,436,0
1850383,621,621,612,687,5542,1746,3729,-761,-200,-49,537,422,418,0
1853717,622,622,2168,3031,5916,3571,2533,-678,-118,12,708,408,362,0
1857055,624,623,1381,3631,5269,6137,1286,-630,-353,116,318,434,330,0
1860386,625,624,1268,0,4297,8158,510,-628,-564,165,231,440,716,0
1863721,626,624,818,0,716,8736,-1512,-667,-549,-219,53,464,867,0
1867079,628,625,518,0,-5838,9201,-2843,-688,-304,-199,-223,480,866,0
1870390,629,626,800,3800,-6525,8209,-2486,-725,-142,-201,-408,465,283,0
1873724,631,627,350,3800,-7968,5739,-929,-677,180,47,-113,473,348,0
1877082,632,628,1268,3575,-7853,5812,-745,-617,403,306,-85,440,381,0
1880393,634,629,950,0,-6205,6284,-357,-548,-168,399,74,441,677,0
1883727,635,631,818,2093,-5314,5845,-7,-448,129,-296,581,426,438,0
1887084,636,632,500,2206,-4080,3396,834,-316,-1019,-123,117,459,432,0
1890396,638,633,462,2075,-8301,1453,1380,-155,-574,60,-485,445,439,0
1893730,639,635,275,1812,-12467,703,2377,43,1676,28,126,455,453,0
1897088,641,636,237,856,-5193,2298,2586,255,311,-373,489,441,488,0
1900399,642,638,275,50,-2553,1893,4181,530,-59,-312,408,439,515,0
1903733,643,640,931,312,-2258,-393,4034,839,144,47,221,404,485,0
1907092,645,641,1850,331,2646,-953,4098,1179,447,83,332,355,500,0
1910402,646,643,2300,50,4293,-304,4117,1439,164,-301,260,353,521,0
1913736,647,645,1775,425,4108,-655,4776,1686,395,-521,430,381,501,0
1917092,648,646,1981,1737,3046,-2813,4884,1886,410,-234,283,386,431,0
1920406,649,648,2281,1681,2619,-4354,4725,2047,-90,-161,786,370,418,0
1923741,650,649,2281,1493,2571,-5387,4766,2208,290,-123,385,370,428,0
1927092,652,650,1418,2187,3177,-5708,5264,2377,-532,418,193,416,407,0
1930409,653,652,331,1737,-35,-4868,4194,2465,245,419,378,474,415,0
1933743,655,653,0,1493,558,-3455,3064,2502,502,-112,92,487,428,0
1937120,656,654,200,1437,2563,-2949,2688,2494,-85,335,-57,476,442,0
1940412,658,656,275,893,2831,-1667,2486,2481,-182,191,-6,456,455,0
1943746,659,657,237,1006,2904,-338,1970,2426,289,34,115,458,449,0
1947093,661,659,50,312,5405,13,1403,2311,185,-337,-109,452,470,0
1950415,662,660,293,1043,5171,-722,1171,2178,-254,-283,-122,439,431,0
1953749,664,662,481,1100,1398,-1366,1490,2052,-580,47,100,445,428,0
1957093,665,663,368,1568,-2178,-500,-136,1931,-163,97,306,435,403,0
1960418,666,664,743,1456,-4447,-127,-1519,1804,-623,-161,54,415,409,0
1963752,668,666,1531,1475,-5270,107,-2194,1695,-288,-429,404,394,413,0
1967093,669,667,1981,1681,-5469,-2198,-2734,1594,823,-32,1036,354,402,0
1970421,670,668,1962,1868,-1741,-3195,-2654,1558,378,259,777,355,392,0
1973756,671,670,1737,1512,2423,-3487,-920,1618,-664,52,411,367,411,0
1977094,672,671,1943,950,908,-3452,587,1715,-506,272,60,372,441,0
1980425,673,672,1550,1287,-1352,-2802,1412,1788,208,209,487,393,423,0
1983759,674,674,1325,1306,-49,-2454,3038,1906,194,264,363,405,422,0
1987115,676,675,1062,837,2297,-1736,3417,2024,-170,304,-224,419,447,0
1990428,677,677,1175,368,2475,-624,3179,2123,268,-89,55,413,456,0
1993762,678,678,725,12,1463,-1630,3078,2194,-122,-70,156,415,453,0
1997119,680,680,856,181,823,-2718,2976,2243,-358,224,16,408,444,0
2000431,681,681,912,125,-844,-1707,2377,2243,260,244,98,405,447,0
2003766,682,682,837,237,-1120,-158,2018,2226,-207,62,-248,409,441,0
2007119,684,684,50,143,-2197,-203,2133,2162,-661,265,-60,435,430,0
2010434,685,685,181,350,-4015,271,2217,2105,-248,354,163,428,419,0
2013769,687,687,237,387,-4918,1399,2311,2049,144,-326,139,425,417,0
2017119,688,688,725,631,-5010,1480,2509,1999,-280,136,-50,399,404,0
2020437,689,689,1212,1437,-5860,2452,2774,1936,226,239,153,395,383,0
2023772,690,690,1287,968,-5919,3473,3361,1889,443,-246,141,391,408,0
2027119,692,692,1118,875,-3860,3451,3603,1854,120,134,474,400,413,0
2030440,693,693,912,481,-1421,3215,3147,1803,684,65,575,411,434,0
2033775,694,694,893,631,2347,2553,3349,1743,-10,-84,-76,412,426,0
2037119,695,696,818,612,2476,3074,3541,1723,-138,33,-100,432,427,0
2040444,697,697,631,706,2305,3108,3644,1741,97,98,225,426,422,0
2043778,698,699,462,518,3923,3362,2811,1745,213,-64,-226,435,432,0
2047147,700,700,556,518,4653,3782,2586,1748,125,182,-62,425,427,0
2050447,701,702,106,143,5235,4337,1826,1743,-11,-153,365,449,447,0
2053782,702,703,556,256,1952,4590,1057,1732,-518,-238,449,425,425,0
2057120,704,704,50,312,794,4685,216,1703,-2048,-1056,1177,436,422,0
2060450,705,706,500,481,-7444,5230,-2422,1580,1945,-570,756,412,397,0
2063784,706,707,1475,1737,1824,1867,-2494,1507,-7,-311,905,376,362,0
2067141,707,708,2243,1100,4243,631,-3005,1460,445,-525,533,335,380,0
2070453,708,709,1925,1100,6727,-1094,-2782,1442,-142,-412,672,352,380,0
2073788,710,710,2262,1681,4539,-2116,-2514,1449,-258,53,687,355,370,0
2077145,710,711,2243,1662,1938,-2332,-1936,1471,-220,-117,469,356,371,0
2080456,712,712,2037,1700,-479,-2682,-823,1474,286,214,276,351,369,0
2083791,713,714,1812,1437,1191,-3303,-386,1444,300,-25,38,363,383,0
2087145,714,715,1306,1343,3640,-4097,503,1415,279,194,-46,406,388,0
2090460,715,716,893,743,4730,-4988,723,1343,-72,154,118,428,420,0
2093795,717,718,200,875,4570,-5475,1271,1276,-525,-106,7,449,413,0
2097145,718,719,875,950,1250,-5802,1121,1212,116,-200,-245,429,409,0
2100463,720,720,668,537,-855,-6589,1005,1147,501,366,115,440,431,0
2103798,721,721,462,687,3024,-5488,1384,1097,54,-69,34,429,417,0
2107145,722,723,443,0,3143,-4703,2488,1101,61,-419,-367,430,439,0
2110466,724,724,0,12,2168,-4951,2446,1114,-822,78,-396,446,437,0
2113800,725,726,200,106,-4393,-4674,839,1074,194,255,393,427,416,0
2117145,726,727,200,331,-3656,-2781,949,1034,570,-269,174,427,404,0
2120469,728,728,0,425,-704,-1791,2683,1046,-42,-129,151,436,399,0
2123804,729,730,631,1118,-1023,-2792,2513,1046,-235,493,233,404,362,0
2127146,730,731,950,1043,-3028,-1581,2311,1031,-130,438,-33,387,366,0
2130473,731,732,1662,1381,-3787,966,3949,1050,-227,170,263,371,370,0
2133808,732,733,1212,1493,-5183,2383,4620,1081,-177,137,120,395,364,0
2137146,734,734,462,1775,-6428,2940,4517,1124,-212,460,-112,435,365,0
2140476,735,735,481,1531,-7218,3847,4520,1161,422,487,544,434,378,0
2143835,736,736,612,1287,-3218,3875,4135,1179,1005,-219,552,427,391,0
2147167,738,738,1193,1531,492,2753,4055,1192,12,345,284,396,378,0
2150479,739,739,1231,1062,3379,2829,3208,1205,37,171,52,394,403,0
2153838,740,740,668,1212,3592,3033,3076,1220,137,-85,-103,424,395,0
2157199,742,741,481,1343,4106,2867,2642,1245,42,273,-65,429,399,0
2160483,743,743,162,762,4814,2664,2223,1282,327,127,-86,446,414,0
2163841,744,744,368,387,5256,2267,1449,1320,-13,53,-2,435,434,0
2167171,746,746,0,143,6485,1560,1148,1432,-187,-65,142,442,431,0
2170485,747,747,275,537,6717,1262,636,1530,-320,79,-40,424,410,0
2173845,749,748,462,1231,5676,1350,-106,1620,-665,-238,212,414,389,0
2177171,750,749,443,1625,2580,1654,-662,1687,-781,321,159,415,368,0
2180488,751,750,725,2018,-2055,1757,-1335,1723,-273,114,285,400,347,0
2183847,752,751,1831,2731,-5875,502,-1824,1727,-75,-206,1150,362,330,0
2187172,753,752,2637,2806,-6915,474,-1681,1700,955,-257,1716,319,326,0
2190492,754,753,2562,1756,-1847,-780,-1195,1675,390,-332,1091,323,382,0
2193850,755,754,2975,1943,3542,-3995,-304,1650,299,3,798,317,388,0
2197172,756,755,2206,1756,4480,-5534,-205,1621,-320,133,616,358,398,0
2200496,757,757,1718,1475,3999,-5744,1305,1622,-365,455,-11,384,413,0
2203854,758,758,1400,950,796,-4635,1244,1626,-458,80,191,417,441,0
2207172,760,760,1137,406,-2002,-3604,1468,1640,91,337,116,415,454,0
2210498,761,761,1306,218,-557,-3259,1598,1647,442,84,180,406,464,0
2213855,762,762,1062,256,1206,-2911,1361,1611,304,-230,41,413,456,0
2217173,764,764,856,0,794,-3102,1756,1590,-383,-16,5,408,455,0
2220501,765,765,987,575,428,-3082,1608,1614,-438,40,174,401,423,0
2223859,766,767,800,68,-1423,-1981,1116,1619,14,-4,117,411,434,0
2227193,768,768,0,237,-1836,-800,379,1547,-833,162,-293,441,425,0
2230505,769,770,218,293,-4582,680,312,1478,-175,524,84,426,422,0
2233863,770,771,668,331,-6550,2449,1308,1447,249,-157,75,418,420,0
2237197,772,772,443,762,-6648,2675,1578,1373,-3,-33,-61,414,397,0
2240508,773,773,893,1381,-6481,2040,1658,1280,-78,245,128,412,386,0
2243863,774,775,687,518,-5924,2624,1381,1182,282,-131,-141,423,416,0
2247197,776,776,593,425,-5928,2403,1722,1095,-190,13,-116,428,437,0
2250511,777,777,818,818,-6000,1747,2146,1033,112,-37,65,416,416,0
2253863,778,779,781,0,-3925,1272,2184,974,14,-120,173,418,454,0
2257197,780,780,500,631,-3442,1485,2320,947,-246,13,-69,433,426,0
2260514,781,782,556,200,-4625,1681,1877,909,67,163,57,430,433,0
2263863,783,783,181,575,-3272,1595,1613,877,585,-98,-5,434,413,0
2267226,784,784,537,293,-1080,1864,1694,860,9,9,-84,426,439,0
2270517,785,786,443,0,-102,2297,1622,866,-145,226,225,431,439,0
2273864,787,787,218,143,72,2701,731,853,-44,-2,203,427,431,0
2277198,788,789,406,0,-303,2960,583,851,88,-57,-95,417,427,0
2280520,789,790,275,12,-722,2954,213,861,-172,-216,-7,424,422,0
2283864,791,791,612,743,-1329,2203,771,906,1287,6,938,406,399,0
2287199,792,793,1212,556,3637,1665,1724,1001,1332,-249,834,374,393,0
2290525,793,794,1887,256,12340,1318,2700,1143,713,-174,766,338,409,0
2293864,794,795,2000,650,18516,-86,4274,1329,257,-77,14,353,409,0
2297199,795,797,1437,425,18711,-346,5460,1537,-1456,99,132,383,405,0
2300527,796,798,1268,818,13239,-92,4294,1681,-1686,-166,38,392,384,0
2303885,798,799,912,1100,3751,-1838,3962,1811,-879,345,400,411,385,0
2307220,799,800,1193,631,-834,-2816,2861,1859,190,12,389,396,410,0
2310530,800,802,1962,0,-2328,-3757,2015,1884,1010,58,339,355,428,0
2313889,801,803,2037,687,3735,-5163,1813,1894,-609,631,309,367,407,0
2317220,802,804,1793,725,3470,-3100,614,1864,-240,-159,3,380,405,0
2320534,803,806,2150,406,2039,-804,-1279,1781,-919,155,296,361,406,0
2323889,804,807,1868,575,-1623,947,-2574,1646,-15,-5,345,370,391,0
2327223,806,808,1437,743,-3676,1433,-4146,1466,-847,146,187,377,382,0
2330538,807,809,987,912,-6740,1909,-5199,1269,-418,-238,444,401,373,0
2333889,808,810,762,706,-8638,3177,-5059,1099,124,-272,283,413,384,0
2337223,809,812,1212,631,-8008,3342,-4160,959,203,-499,702,389,372,0
2340540,811,813,1381,518,-6992,2366,-2500,840,626,-682,778,380,378,0
2343890,812,814,1625,1193,-4105,-425,-1514,743,-129,152,143,367,358,0
2347224,813,815,1437,1325,-4978,-1376,-875,664,238,-123,536,377,351,0
2350543,814,816,1775,1775,-1617,-2154,-521,605,372,-248,302,381,349,0
2353890,815,817,1643,1156,699,-3950,-333,540,300,156,426,388,382,0
2357225,817,818,1193,1437,1974,-4202,-510,457,304,151,92,412,383,0
2360547,818,820,1343,556,3469,-3273,-1004,358,174,645,356,404,414,0
2363890,819,821,1381,406,5272,-2593,-1124,250,230,-52,19,402,422,0
2367225,820,822,1118,725,6695,-2742,-658,171,250,130,-58,432,421,0
2370550,822,824,1006,631,6580,-1058,465,135,-450,393,-149,422,410,0
2373890,823,825,1025,856,3987,-493,1094,116,247,-122,244,421,398,0
2377253,825,826,331,425,6511,-678,2123,132,207,-232,32,453,432,0
2380552,826,828,593,0,9020,-1481,2265,180,4,13,84,439,441,0
2383891,827,829,31,293,10015,-1906,770,186,393,-194,405,469,423,0
2387225,829,831,200,237,9150,-2671,418,192,-570,-347,317,444,410,0
2390556,830,832,237,1006,5729,-3879,-313,158,-585,90,79,442,369,0
2393912,832,833,218,1700,60,-2637,-254,97,-878,510,-126,443,348,0
2397248,833,834,425,1756,-3245,-363,-1333,-29,-159,286,255,432,345,0
2400559,834,835,406,1587,-4513,943,-1743,-217,-204,6,12,433,354,0
2403915,836,836,1231,2618,-6956,1270,-1904,-447,-290,194,-123,442,368,0
2407248,837,837,1231,2093,-9353,1401,-2527,-660,-316,-152,102,442,396,0
2410562,839,839,725,1475,-11318,-19,-2194,-852,-335,-99,100,469,413,0
2413915,840,840,1231,1700,-13604,-965,-2026,-1005,2,316,-103,442,417,0
2417249,842,841,481,1362,-12841,-1104,-1966,-1129,511,497,225,466,435,0
2420565,843,843,1156,556,-9718,2137,-2742,-1272,319,365,595,430,462,0
2423916,844,844,2187,500,-8252,3498,-1986,-1353,62,178,322,391,481,0
2427249,845,846,1943,0,-8412,3825,-1134,-1348,-16,386,231,404,494,0
2430569,847,848,1531,293,-8396,4929,-905,-1296,257,156,146,410,460,0
2433916,848,849,1043,575,-6899,5495,-624,-1186,230,173,-101,430,439,0
2437250,850,851,687,87,-4499,6339,-1104,-1058,95,153,-81,433,449,0
2440572,851,852,968,0,-5089,6215,-874,-927,501,221,43,418,457,0
2443916,852,854,931,12,-4017,5548,-494,-813,-125,200,24,420,437,0
2447250,854,855,368,0,-3518,5601,-227,-742,-93,61,-24,434,453,0
2450576,855,856,537,68,-4627,5398,-736,-718,266,159,-45,425,434,0
2453917,856,858,912,0,-5412,4893,-858,-717,525,140,256,421,441,0
2457250,858,859,650,725,-2903,4937,27,-700,375,-173,567,419,399,0
2460579,859,861,1662,631,2707,3978,643,-669,303,-360,287,387,410,0
2463917,860,862,1850,256,5281,3072,418,-640,518,229,453,377,430,0
2467250,861,863,1925,537,7482,3266,1548,-561,426,-49,407,389,431,0
2470581,862,865,1981,237,9775,2775,1530,-478,464,-180,-42,386,431,0
2473938,864,866,1512,706,11794,2295,1235,-419,123,-189,-105,395,406,0
2477274,865,868,1925,425,11252,2923,1169,-397,-33,-210,13,389,421,0
2480585,866,869,1287,237,10479,3122,211,-424,563,45,-193,423,431,0
2483942,868,870,350,256,13373,3423,-225,-497,432,259,46,457,430,0
2487306,869,872,462,425,15555,3802,-629,-588,-13,201,238,462,416,0
2490588,871,873,500,0,13986,4354,-998,-643,-1626,-633,390,460,444,0
2493942,872,874,518,762,4710,1983,-1372,-699,-1810,-517,629,443,398,0
2497277,873,876,818,1418,-3816,82,-1194,-727,-981,-305,657,427,347,0
2500591,875,876,781,2318,-6418,-2412,-1844,-776,-500,-281,259,413,315,0
2503942,876,877,856,1981,-8007,-3345,-2702,-819,-725,-388,172,425,349,0
2507284,877,878,725,1775,-10572,-4718,-2404,-840,703,-392,179,432,360,0
2510594,879,880,856,856,-7812,-7682,-2583,-861,1147,-15,781,409,393,0
2513942,880,881,1531,1006,-2056,-7707,-1651,-834,1102,259,509,394,406,0
2517284,881,882,1418,443,3344,-5816,-798,-790,-78,58,359,400,436,0
2520597,882,884,1662,31,2969,-5497,202,-720,-145,-88,107,387,442,0
2523943,884,885,1756,500,2758,-5687,564,-641,-55,131,192,382,433,0
2527285,885,887,1287,106,3872,-4744,487,-540,406,37,269,407,438,0
2530601,886,888,1400,387,5188,-4295,1423,-434,55,302,81,401,423,0
2533943,887,889,1681,500,5558,-4296,1327,-357,-437,117,6,402,433,0
2537284,889,891,1156,218,5543,-4328,678,-307,345,-34,181,414,432,0
2540604,890,892,1062,256,4947,-4218,149,-283,14,149,56,419,430,0
2543943,892,894,350,350,3968,-3009,21,-248,311,322,176,435,403,0
2547285,893,895,800,237,6508,-1029,-444,-235,-433,-90,-148,411,409,0
2550607,894,896,425,481,4589,417,-153,-224,-1213,-79,-445,431,396,0
2553965,896,898,0,181,-1839,326,-22,-218,-376,358,95,442,396,0
2557285,897,899,68,237,-4043,1759,547,-178,-91,42,272,434,393,0
2560610,898,900,387,668,-4596,3289,1367,-108,-169,-41,85,417,370,0
2563968,900,901,387,893,-5704,3383,1197,-71,-113,215,107,417,374,0
2567285,901,902,275,1043,-5077,4111,940,-62,43,48,33,423,366,0
2570613,902,903,762,1568,-5091,4513,1694,-22,85,-114,118,419,360,0
2573968,904,905,687,743,-5341,4497,2456,5,-172,8,-77,407,388,0
2577285,905,906,912,1306,-5746,4242,2677,41,133,-56,295,411,374,0
2580616,906,907,818,1531,-4780,3251,3346,107,163,-1135,336,416,362,0
2583968,908,908,1231,1081,-5418,1471,4227,202,306,-309,-72,378,386,0
2587310,909,909,3125,856,-4187,33,3339,300,2046,-2048,490,293,414,0
2590620,909,911,2150,293,4872,-3713,1039,340,-153,-1363,95,361,428,0
2593969,910,912,0,0,1650,-2510,3403,466,-95,-1324,211,850,451,0
2597339,910,914,0,0,-1019,-1366,5749,677,183,-1378,120,848,447,0
2600623,911,915,3800,443,99,-1745,9459,1015,-247,-819,199,218,415,0
2603981,912,916,3800,987,-1489,-2240,9570,1351,-1062,302,770,290,386,0
2607312,912,917,3218,1193,-4987,-1329,7855,1654,368,482,418,347,375,0
2610626,914,918,1137,1456,-1978,1275,5714,1917,619,340,1088,442,361,0
2613969,915,919,1812,2187,4284,1905,4205,2124,406,420,1062,422,338,0
2617311,916,920,1362,2506,7373,1909,2499,2283,-1426,-137,483,446,321,0
2620629,918,921,406,2412,2785,1282,1285,2375,-1323,123,96,481,326,0
2623969,919,922,1137,1268,-2690,354,-148,2395,-365,335,375,463,408,0
2627311,921,922,743,0,-4591,217,-1072,2355,422,-19,384,468,867,0
2630633,922,923,1775,3800,-59,-1824,-2796,2250,132,12,464,413,259,0
2634003,923,924,2600,3800,2611,-3544,-3196,2135,-23,397,795,385,241,0
2637324,924,924,3050,3800,4714,-4445,-4139,1961,-122,203,332,361,242,0
2640636,925,925,2243,0,4889,-5741,-3988,1795,-757,340,211,404,865,0
2643994,926,925,0,0,1970,-6032,-4371,1637,332,33,420,545,865,0
2647312,927,926,0,0,2503,-7188,-3999,1508,514,623,27,620,870,0
2650639,928,927,3406,3800,4354,-5327,-5969,1320,599,45,146,358,302,0
2653994,929,928,3012,2375,6964,-3616,-6409,1134,-513,-86,117,373,423,0
2657313,931,930,2187,1100,6686,-5181,-5066,981,-561,-31,19,401,475,0
2660642,932,931,1512,1156,2367,-7001,-5224,818,-417,370,-82,437,472,0
2663994,934,933,368,1362,1220,-5384,-5083,642,197,181,-186,482,445,0
2667313,935,934,443,1118,1025,-3964,-6031,411,63,208,173,478,458,0
2670646,937,936,0,856,1369,-2894,-4413,236,-677,268,5,494,456,0
2673995,938,937,200,1306,-2633,-3107,-3138,108,-436,65,-135,491,448,0
2677338,940,939,462,631,-5659,-2732,-3562,-55,115,236,-228,461,468,0
2680649,941,940,950,875,-6688,-1381,-3860,-253,51,156,237,457,477,0
2683995,943,942,706,631,-5663,-1055,-3113,-433,-306,-146,368,454,474,0
2687341,944,943,1193,1606,-6809,-1891,-2405,-613,-272,-41,-46,444,438,0
2690652,946,945,387,1118,-7754,-1844,-2362,-819,540,289,-215,471,448,0
2693995,947,946,481,1493,-6932,-264,-1353,-966,-173,129,82,466,428,0
2697341,949,948,462,1418,-7076,-250,-1612,-1049,-28,192,390,467,432,0
2700655,950,949,462,1737,-7643,16,-1305,-1196,6,60,146,467,415,0
2703996,952,950,218,1700,-7587,481,-1006,-1407,-79,243,-90,464,417,0
2707369,953,952,668,1643,-7249,906,-993,-1733,-180,422,10,451,415,0
2710658,955,953,12,1587,-6250,261,-1139,-2068,384,98,204,470,418,0
2714017,956,954,593,1400,-4562,131,-704,-2336,294,-299,-74,439,428,0
2717342,958,956,200,462,-2550,-5,-621,-2534,52,-269,-159,444,462,0
2720662,959,957,612,331,36,-1728,-895,-2693,-48,-568,312,422,469,0
2724019,960,959,893,481,-433,-2486,27,-2770,-152,-255,159,423,461,0
2727342,962,960,293,950,63,-3020,-1254,-2849,567,-661,111,439,436,0
2730666,963,962,631,537,1862,-5836,-2006,-2908,620,-280,428,421,442,0
2734019,964,963,1156,743,4001,-7640,-1011,-2906,-57,122,294,414,452,0
2737343,965,965,968,443,5857,-7122,-1012,-2850,-46,129,-127,424,452,0
2740668,967,966,912,781,6986,-7087,-1074,-2784,-682,82,-105,411,434,0
2744019,968,968,1306,1137,4171,-6129,-645,-2674,-628,1049,-252,406,415,0
2747342,969,969,1306,687,929,-2501,-2138,-2617,619,295,408,406,439,0
2750672,971,970,2131,443,2087,-199,-2560,-2560,1142,-39,545,362,452,0
2754020,972,972,2112,312,5878,-238,-1305,-2476,-149,600,581,363,459,0
2757342,973,973,1925,612,5347,1900,-1213,-2327,-557,309,638,373,443,0
2760674,974,975,2018,1006,2600,2733,-1115,-2162,183,108,166,368,406,0
2764020,975,976,1756,1118,1090,2479,-2013,-2066,390,408,355,376,394,0
2767343,976,977,1550,1343,2509,3509,-2472,-1980,670,557,-149,387,382,0
2770677,977,978,1587,912,6455,6573,-1516,-1869,-474,474,-124,385,405,0
2774020,979,980,912,987,3443,6846,-1153,-1716,-330,150,454,405,385,0
2777347,980,981,1156,743,-425,5795,-1491,-1625,-174,71,90,392,398,0
2780681,981,982,781,537,-1896,5589,-1504,-1574,61,497,244,412,409,0
2784021,983,983,593,1381,-1588,6653,-1084,-1497,-540,140,-7,422,380,0
2787350,984,985,612,1362,-3989,6962,-1167,-1412,-588,-12,-444,421,381,0
2790684,985,986,800,1775,-7469,6243,-1524,-1363,-202,193,-34,433,365,0
2794020,987,987,237,1568,-8591,6451,-1180,-1325,-125,86,197,447,376,0
2797353,988,988,875,1700,-8736,6644,-206,-1257,245,-151,-96,429,385,0
2800688,990,989,1512,1887,-7142,6722,906,-1187,205,-197,197,395,375,0
2804045,991,990,1268,1700,-5454,6001,499,-1121,986,275,716,392,385,0
2807357,992,992,1493,1625,-2952,4570,1526,-1032,330,324,287,396,389,0
2810691,993,993,1625,1531,941,3900,1209,-963,634,-360,479,389,394,0
2814048,994,994,2281,1662,5412,2297,1661,-880,398,-914,73,354,387,0
2817372,995,995,2525,1362,6220,718,2352,-771,-133,-509,-7,352,414,0
2820694,996,997,2600,612,4391,634,3009,-655,600,-1057,-211,348,454,0
2824049,998,998,2412,387,5768,574,3626,-522,-414,-896,401,342,450,0
2827362,999,1000,2375,125,3424,235,3585,-382,-373,-819,765,344,448,0
2830697,1000,1001,2056,912,317,-796,5365,-215,-509,-1026,445,361,406,0
2834054,1001,1002,1831,1756,-13,-2067,7193,48,-892,-635,663,389,377,0
2837365,1002,1003,1512,1850,-4482,-3837,7427,342,-53,-314,694,406,372,0
2840700,1004,1004,425,1831,-8545,-4790,6195,568,-198,-425,678,448,373,0
2844054,1005,1006,1006,2131,-8879,-5712,5161,761,1285,35,1063,438,362,0
2847368,1006,1006,1400,2562,-3023,-6651,4833,945,-85,679,741,417,355,0
2850704,1008,1008,1943,1868,900,-6236,3627,1079,-844,565,565,388,376,0
2854054,1009,1009,2281,2375,156,-6197,2796,1233,-314,63,819,370,365,0
2857372,1010,1010,2412,2206,-860,-7672,1768,1368,-536,90,719,363,374,0
2860706,1011,1011,2056,2881,-2152,-7030,1345,1451,-77,555,106,382,354,0
2864055,1012,1012,1756,2562,-1989,-5903,-583,1471,-288,564,54,414,371,0
2867375,1013,1013,2487,2056,-2923,-3221,-3082,1409,56,332,387,375,398,0
2870709,1015,1014,2450,1662,209,-2705,-3839,1352,-185,135,186,377,419,0
2874055,1016,1015,1962,1550,379,-2652,-4439,1291,0,295,-13,381,419,0
2877378,1017,1017,1625,1043,810,-3209,-4717,1191,47,125,205,399,430,0
2880712,1018,1018,1793,706,-637,-3906,-4987,1071,107,226,91,390,448,0
2884056,1019,1020,1606,612,-1283,-3567,-5562,944,285,615,66,400,437,0
2887381,1021,1021,1118,162,1430,-2164,-4903,837,312,118,84,410,461,0
2890716,1022,1023,631,387,2440,-1354,-4784,722,-478,-349,-452,436,449,0
2894055,1024,1024,200,368,-1350,-2940,-4839,607,512,383,491,459,450,0
2897384,1025,1026,537,68,302,-2663,-4380,518,-395,-79,398,441,450,0
2900719,1026,1027,1100,875,-2437,-2981,-4118,426,44,158,-168,433,429,0
2904056,1028,1028,575,1025,-1904,-1940,-3430,325,164,81,-277,445,421,0
2907388,1029,1030,743,931,-1341,-1759,-2799,209,6,210,176,452,426,0
2910723,1031,1031,125,650,-1766,-1666,-3156,95,150,-331,100,469,441,0
2914081,1032,1033,1025,143,-2702,-2638,-3376,-57,361,26,-238,421,452,0
2917392,1033,1034,800,293,-1893,-2418,-3204,-195,-30,-161,-143,449,460,0
2920725,1035,1036,593,593,-1867,-2999,-2512,-325,136,302,235,444,444,0
2924082,1036,1037,368,725,-1314,-2996,-2460,-476,-199,-205,-87,456,421,0
2927394,1038,1038,387,1212,-2327,-3431,-2285,-641,59,308,-118,450,406,0
2930729,1039,1040,237,1137,-1411,-3328,-2125,-821,598,352,255,458,410,0
2934082,1041,1041,237,331,778,-3055,-1672,-985,260,212,322,442,437,0
2937398,1042,1042,368,406,1978,-2701,-1906,-1212,133,-276,47,435,433,0
2940732,1044,1044,406,143,741,-2793,-1477,-1483,-442,364,-58,433,431,0
2944082,1045,1045,537,350,-395,-2292,-1312,-1756,-7,160,101,426,436,0
2947402,1046,1046,537,481,-559,-2559,-1328,-1992,-42,33,-212,426,429,0
2950736,1048,1048,0,181,-1125,-2541,-1544,-2201,-391,312,-262,456,429,0
2954083,1049,1049,1325,1568,-1866,-2093,-2170,-2420,238,-261,23,437,424,0
2957404,1050,1051,1006,1100,-1965,-2733,-1846,-2591,433,-213,65,454,433,0
2960738,1052,1052,743,762,-1909,-3095,-2078,-2743,127,158,221,452,451,0
2964083,1053,1054,1868,706,-368,-2826,-1711,-2852,40,662,338,408,454,0
2967407,1055,1055,1831,143,1234,-39,-2118,-2960,323,621,564,394,484,0
2970741,1056,1057,2375,368,1065,2275,-2423,-3018,705,515,393,365,472,0
2974083,1057,1058,2543,443,3183,3623,-1656,-2973,454,330,586,372,468,0
2977410,1058,1060,2300,612,4564,4386,-1215,-2891,-334,390,147,385,443,0
2980745,1059,1061,2112,331,2656,5054,-782,-2777,-20,427,146,395,458,0
2984083,1061,1063,1662,593,2210,4936,-1181,-2666,246,27,-212,397,422,0
2987413,1062,1064,1812,368,3331,5592,-1386,-2554,307,364,-213,389,434,0
2990748,1063,1065,1250,293,5237,7118,-1095,-2414,-592,417,195,419,438,0
2994084,1065,1067,706,556,4304,7439,-1017,-2293,-207,241,242,432,408,0
2997417,1066,1068,1081,687,534,7646,-1504,-2190,-296,132,-213,412,401,0
3000751,1067,1069,500,706,-3321,7114,-1397,-2083,-129,471,75,443,400,0
