Time, Rlegs, Llegs, DCL, DCR, GyroX, GyroY, GyroZ, GyroZAvg, AccelX, AccelY, AccelZ, LBEMF, RBEMF, SteerOut
3172,781,784,0,0,-123,-77,244,243,-5,4,222,77,77,0
6524,781,784,0,0,-123,-78,245,243,-7,1,230,76,76,0
9841,781,784,0,0,-125,-79,241,243,-7,2,229,76,77,0
13175,781,784,0,0,-123,-82,243,243,-7,2,228,77,77,0
16525,781,784,0,0,-124,-81,244,243,-11,0,228,76,76,0
19844,781,784,0,0,-126,-78,242,243,-4,-2,229,76,76,0
23179,781,784,0,0,-126,-78,243,243,-7,3,223,76,76,0
26525,781,784,0,0,-126,-77,243,243,-6,0,229,76,76,0
29847,781,784,0,0,-124,-80,241,243,-9,2,231,77,77,0
33182,781,784,0,0,-123,-76,243,243,-2,0,228,77,76,0
36525,781,784,0,0,-128,-79,244,243,-9,0,222,76,76,0
39850,781,784,0,0,-127,-80,246,243,-4,2,237,77,77,0
43185,781,784,0,0,-126,-81,244,243,-8,4,230,77,77,0
46525,781,784,0,0,-124,-81,243,243,-2,1,232,76,76,0
49854,781,784,0,0,-124,-80,245,243,-7,5,230,76,76,0
53189,781,784,0,0,-123,-79,243,243,-7,5,230,77,76,0
56526,781,784,0,0,-129,-78,244,243,-7,1,229,77,76,0
59857,781,784,0,0,-127,-77,242,243,-7,2,223,77,77,0
63191,781,784,0,0,-122,-79,243,243,-8,4,227,76,76,0
66526,781,784,0,0,-122,-81,243,243,-3,0,232,76,76,0
69860,781,784,0,0,-123,-77,245,243,-6,1,227,77,76,0
73195,781,784,0,0,-124,-76,244,243,-10,5,225,76,77,0
76529,781,784,0,0,-124,-79,243,243,-8,5,232,76,76,0
79863,781,784,0,0,-123,-80,245,243,-9,0,229,77,76,0
83198,781,784,0,0,-122,-80,244,243,-7,1,225,77,76,0
86551,781,784,0,0,-124,-78,243,243,-4,2,231,77,76,0
89866,781,784,0,0,-124,-76,246,243,-8,0,231,77,76,0
93201,781,784,0,0,-125,-78,245,243,-3,-1,227,76,77,0
96552,781,784,0,0,-125,-77,242,243,-3,2,235,77,77,0
99870,781,784,0,0,-123,-78,243,243,-9,2,229,77,77,0
103204,0,0,0,0,-125,-79,243,243,-6,-2,229,77,76,0
106551,0,0,725,725,-122,-79,243,243,-7,2,233,76,76,0
109873,0,0,725,725,-124,-77,246,243,-5,1,226,76,76,0
113207,0,0,725,706,-121,-78,244,243,-3,3,227,76,77,0
116553,0,0,743,706,-123,-79,243,243,-8,1,229,75,77,0
119876,0,0,706,706,-123,-80,246,243,-4,2,228,77,77,0
123210,0,0,706,725,-127,-79,242,243,-7,4,229,77,76,0
126552,0,0,706,725,-126,-79,243,243,-4,1,231,77,76,0
129880,0,0,706,706,-123,-79,244,243,-4,2,229,77,77,0
133214,0,0,725,725,-124,-76,243,243,-6,1,232,76,76,0
136553,0,0,743,725,-123,-80,242,243,-9,3,227,75,76,0
139882,0,0,706,706,-124,-79,243,243,-5,3,225,77,77,0
143218,0,0,725,725,-122,-76,243,243,-6,2,226,76,76,0
146553,0,0,706,706,-124,-81,244,243,-8,1,229,77,77,0
149886,0,0,706,725,-126,-77,244,243,-9,1,225,77,76,0
153220,0,0,725,725,-127,-79,244,243,-4,0,226,76,76,0
156555,0,0,725,706,-124,-77,246,243,-5,1,229,76,77,0
159889,0,0,706,725,-126,-79,245,243,-4,2,229,77,76,0
163224,0,0,725,725,-124,-79,245,243,-6,4,229,76,76,0
166578,0,0,725,706,-126,-79,245,243,-9,2,224,76,77,0
169892,0,0,706,725,-125,-77,245,243,-7,3,232,77,76,0
173227,0,0,706,725,-122,-81,241,243,-3,3,225,77,76,0
176581,0,0,706,725,-125,-82,245,243,-8,1,228,77,76,0
179895,0,0,706,725,-124,-78,245,243,-7,1,230,77,76,0
183230,0,0,725,725,-126,-82,243,243,-6,2,229,76,76,0
186582,0,0,725,725,-123,-80,244,243,-6,5,226,76,76,0
189898,0,0,706,725,-125,-78,242,243,-6,1,225,77,76,0
193233,0,0,706,706,-124,-79,245,243,-7,2,229,77,77,0
196586,0,0,743,725,-125,-80,242,243,-4,1,233,75,76,0
199902,0,0,725,725,-126,-77,243,243,-6,3,226,76,76,0
203236,0,0,3687,3687,-123,-79,247,243,-4,0,226,0,0,0
206593,1,0,125,612,-185,-130,256,244,-67,-7,232,190,180,0
209905,1,0,406,725,-485,-318,259,244,-106,93,222,191,190,0
213239,2,1,650,518,-990,-495,352,248,-77,21,208,194,201,0
216593,2,1,350,893,-1107,-670,592,258,-193,60,257,210,197,0
219908,3,2,462,1025,-1484,-830,991,282,-152,59,335,204,190,0
223243,3,2,481,1175,-1763,-1270,1440,319,-78,141,316,219,198,0
226594,4,3,387,1118,-1751,-1442,1719,365,-74,149,273,224,201,0
229911,4,3,612,1343,-1771,-1241,2207,427,-88,187,338,228,205,0
233246,5,4,500,1418,-1653,-519,2582,500,-188,180,283,234,201,0
236593,6,5,931,968,-2097,-193,2699,576,55,121,237,211,225,0
239915,6,5,668,987,-2022,209,2384,643,-50,172,290,224,223,0
243249,7,6,800,1212,-1722,697,2345,709,443,99,414,217,211,0
246594,7,6,1400,1212,-524,-317,2303,773,287,-110,302,201,227,0
249918,8,7,1268,1212,537,-1480,2389,841,-12,140,247,208,227,0
253252,8,8,1681,950,-16,-1191,2588,914,7,50,358,202,241,0
256595,9,8,1531,1043,-255,-1323,2564,986,352,-26,415,210,252,0
259921,10,9,1531,987,961,-2189,1702,1032,75,171,239,210,255,0
263255,10,10,1381,706,2280,-2157,1541,1072,-59,67,79,218,254,0
266594,11,11,1175,743,2024,-1829,1343,1107,96,102,199,245,268,0
269925,12,12,612,218,2014,-1407,1083,1133,-76,37,0,259,280,0
273258,12,12,800,500,431,-626,774,1149,-34,-50,-54,265,281,0
276615,13,13,443,331,773,-206,936,1171,-47,174,107,301,307,0
279927,14,14,162,350,805,-151,1366,1206,84,-227,-45,316,306,0
283262,15,15,293,312,801,-773,1408,1242,92,17,-23,309,308,0
286619,16,16,181,50,1277,-714,1065,1268,217,-229,99,315,322,0
289931,17,17,312,181,2276,-1127,989,1291,7,-55,-13,308,315,0
293265,18,18,143,275,2963,-1671,983,1314,-67,-138,-82,317,310,0
296620,19,19,462,518,2862,-2122,974,1337,35,115,108,316,313,0
299934,20,20,0,162,3625,-1935,592,1348,-61,158,-1,325,316,0
303268,21,21,0,350,3467,-1370,407,1353,-164,88,31,326,306,0
306620,22,22,481,912,3326,-944,-342,1335,-171,185,-14,315,292,0
309937,23,23,275,1231,2341,384,-1241,1289,-821,162,99,324,273,0
313272,24,24,0,1400,-1564,1684,-2890,1190,-617,-50,503,324,248,0
316620,25,24,481,1962,-4561,2221,-3536,1072,-243,90,317,313,250,0
319941,26,25,612,2075,-6230,1233,-4485,921,-196,102,214,306,244,0
323275,27,26,350,1625,-9211,431,-4575,759,350,45,681,304,252,0
326620,28,26,1175,2131,-6744,775,-3158,629,602,-10,992,276,257,0
329944,29,27,1493,1850,-2195,1894,-562,567,-187,492,588,275,272,0
333278,29,28,875,1643,-4156,3809,-91,510,-187,641,173,292,267,0
336621,30,29,1850,1775,-8080,6497,-476,426,551,-46,780,256,276,0
339946,31,30,2618,1568,-6252,4945,2441,422,1110,-200,1068,215,287,0
343281,31,31,2768,1756,587,1733,3667,452,249,-69,614,225,295,0
346621,32,32,2843,1250,3635,-1169,4149,507,62,17,482,221,306,0
349950,33,32,1625,1400,4346,-4695,3686,549,1069,-56,131,286,314,0
353284,34,34,2075,1287,7118,-6604,3594,590,232,639,-235,278,320,0
356642,35,34,912,818,7466,-5463,1885,574,91,274,48,324,345,0
359953,36,36,631,800,8535,-2356,2998,587,-248,409,372,339,330,0
363288,37,37,1418,1175,8410,-1816,3453,615,548,-116,190,313,326,0
366646,38,38,1118,312,9320,-3305,3189,661,-43,491,-175,313,356,0
369956,39,39,687,237,9427,-4047,2759,699,-362,66,114,336,360,0
373290,40,40,162,481,6041,-2285,2551,737,-465,348,122,364,347,0
376646,41,41,125,537,1293,-453,1426,748,541,41,299,366,344,0
379959,42,42,0,31,4452,1678,2528,802,-86,-9,-189,368,354,0
383294,43,43,162,275,3367,1492,2548,853,-1052,222,-13,347,341,0
386646,44,44,293,650,-1412,2096,2179,878,-62,143,101,340,321,0
389963,45,45,368,668,-3847,4197,2187,902,40,135,169,336,320,0
393298,46,46,143,425,-3605,4964,2434,945,-195,36,74,332,317,0
396647,48,47,0,593,-3947,5886,2050,978,-416,183,-87,337,308,0
399966,49,48,0,500,-5843,7280,2019,1011,382,-28,75,336,313,0
403300,50,49,0,143,-4415,7058,2015,1043,144,-183,-131,334,332,0
406647,51,50,106,593,-3085,6154,2601,1106,-211,-309,24,318,308,0
409969,52,51,143,856,-3610,4634,2835,1182,-697,-196,31,316,294,0
413303,52,52,837,987,-7562,3027,3340,1297,-25,-150,198,295,287,0
416647,53,53,1025,968,-8628,2261,3713,1452,426,-22,-215,302,305,0
419972,54,54,687,368,-5774,3237,4497,1683,313,24,-155,320,337,0
423306,55,55,481,312,-4455,3874,4430,1932,-204,-7,52,331,340,0
426648,56,56,462,181,-5043,3859,3888,2193,-44,-289,118,332,347,0
429975,57,58,725,0,-4477,2933,3635,2450,239,-108,170,318,347,0
433335,58,59,1118,0,-3928,2383,3870,2669,434,-308,255,297,344,0
436648,59,60,1193,0,-2136,1528,3619,2800,496,-33,404,293,343,0
439979,60,61,1212,106,1068,467,2873,2893,404,-84,418,292,335,0
443337,61,62,950,312,3885,-183,2417,2983,314,-13,631,306,324,0
446672,62,63,518,818,6533,-696,2320,2979,-380,-270,269,329,297,0
449982,63,64,275,1362,5966,-2438,2143,2932,-801,-306,263,342,268,0
453339,64,64,162,1775,1132,-3622,1777,2858,-603,-358,171,346,260,0
456672,65,65,237,2037,-2924,-3517,1661,2794,-780,-316,297,342,246,0
459985,66,66,593,2337,-5180,-4236,1558,2731,206,-679,577,323,230,0
463343,67,66,481,1981,-3265,-4812,1301,2712,-60,-152,345,329,265,0
466672,68,67,575,0,-1253,-4283,507,2635,17,-289,260,324,388,0
469988,69,67,875,3387,-498,-2600,-1121,2492,34,-28,792,308,206,0
473346,70,68,1325,2093,-941,-1840,-1297,2351,-258,28,733,284,275,0
476672,71,69,1362,875,-1682,-1446,-592,2247,119,262,657,282,340,0
479991,72,70,1531,743,-599,-2001,1194,2204,404,252,477,273,347,0
483381,73,71,1868,1437,1576,-2235,2096,2225,372,319,782,273,328,0
486673,74,72,1381,1306,4276,-1752,2392,2221,442,204,214,283,319,0
489994,74,73,1812,818,7096,-1400,2449,2218,413,9,204,276,345,0
493352,75,74,1981,650,9841,-893,1838,2207,-90,289,38,283,370,0
496673,76,76,1325,237,10151,-1131,1894,2198,-431,491,195,302,360,0
499999,77,77,1231,612,7050,-723,1693,2175,24,118,189,307,340,0
503356,78,78,1756,1043,6457,-887,1541,2159,166,188,208,295,333,0
506673,79,79,1100,1062,5885,-1771,1761,2151,-126,-77,170,330,332,0
510002,80,80,256,725,4613,-3868,1538,2136,-693,-163,43,359,334,0
513356,82,81,0,837,49,-3842,771,2079,202,140,3,379,344,0
516674,83,82,181,331,-2391,-3246,169,1996,711,-76,-291,363,371,0
520004,84,84,0,0,3979,-1429,1738,1946,-480,164,-47,361,370,0
523361,85,85,87,0,1404,-888,2170,1897,-474,-207,114,351,367,0
526695,86,86,0,0,-2945,-1605,1766,1812,-387,246,-11,340,347,0
530007,87,87,106,181,-5715,-95,2086,1739,-74,225,275,334,330,0
533364,88,88,50,650,-5809,1212,2456,1694,-632,175,-14,337,305,0
536698,89,89,0,987,-6574,1778,3546,1691,-73,53,-18,341,287,0
540010,90,90,87,1100,-7532,1849,3786,1689,-218,266,-125,335,281,0
543365,91,91,350,593,-8305,2687,3722,1692,158,42,68,321,308,0
546699,92,92,518,518,-7646,2919,4057,1729,-24,111,43,312,312,0
550014,93,93,537,593,-8113,3408,4470,1793,77,-13,-90,311,308,0
553364,94,94,837,668,-6684,2810,4256,1853,388,-202,182,295,304,0
556699,95,95,1193,593,-4639,2100,4424,1925,713,-82,495,293,325,0
560017,96,96,1325,331,243,911,3815,1988,84,158,402,286,339,0
563365,97,97,1625,275,1497,479,3528,2047,873,-95,634,270,342,0
566699,98,98,1700,293,4815,-73,3019,2092,607,39,249,266,341,0
570020,98,99,1793,256,9085,-609,3238,2153,435,-18,257,277,343,0
573365,99,100,1662,181,11123,-1273,2617,2219,64,184,83,284,347,0
576700,100,101,1306,68,10900,-1622,2449,2330,-172,517,-58,303,353,0
580023,101,102,818,143,9367,-1291,2049,2435,-57,43,-156,329,349,0
583365,102,103,537,256,8682,-1403,2673,2537,-461,-31,378,344,343,0
586700,103,104,406,650,7178,-1347,1948,2561,136,209,303,351,322,0
590027,105,106,518,856,6726,-1930,1763,2550,121,-100,294,345,311,0
593366,106,106,350,1437,6938,-2226,1944,2536,-693,296,394,336,278,0
596700,107,107,687,1493,3769,-1904,1567,2509,-811,120,326,318,275,0
600030,108,108,387,1662,-2786,-608,597,2470,-1001,125,137,334,266,0
603387,109,109,87,1850,-8706,131,-593,2392,-93,-292,192,350,256,0
606722,110,109,237,2300,-10658,268,-1234,2301,-333,107,-10,342,248,0
610033,111,110,125,1962,-12082,1175,-2496,2175,-648,-179,117,348,266,0
613390,112,111,0,1418,-13825,881,-3017,2025,478,309,-75,356,295,0
616725,113,112,350,1400,-13899,1801,-3068,1881,760,196,616,336,296,0
620036,114,113,612,1118,-8729,4183,-4220,1725,302,75,243,322,311,0
623390,115,114,1137,1006,-6445,5080,-4397,1583,870,-385,639,294,317,0
626725,116,115,2018,818,-2980,3460,-4398,1391,524,-44,952,249,329,0
630039,116,116,2243,1043,1796,411,-2514,1244,794,-96,1114,253,317,0
633391,117,117,2131,1118,6417,-1438,-856,1163,370,24,690,259,313,0
636726,118,118,1868,856,8745,-2544,563,1115,87,470,180,273,327,0
640043,119,119,1381,725,9518,-901,742,1061,598,641,74,299,334,0
643391,120,120,837,443,12074,1499,964,981,-3,112,-23,328,349,0
646726,121,121,725,593,12507,3133,58,864,-566,-302,231,334,341,0
650046,122,122,575,762,8149,747,-193,742,-880,-87,-96,342,332,0
653391,123,123,612,968,1948,-384,329,625,-160,78,169,340,321,0
656725,124,124,818,556,284,-128,-487,470,106,-99,-199,329,343,0
660049,125,125,1118,462,280,1540,-704,315,-850,-60,134,313,348,0
663391,126,126,518,181,-3808,342,-1134,142,-393,-126,2,328,346,0
666726,127,128,275,181,-7340,-128,-1230,-15,-78,396,30,341,330,0
670052,128,129,125,237,-7574,1755,-431,-139,-436,-123,16,349,327,0
673392,130,130,0,462,-8981,2470,-413,-246,-142,3,-109,354,315,0
676726,131,131,0,537,-12159,1843,-121,-351,421,-187,15,350,311,0
680056,132,132,0,931,-9521,1992,836,-407,-54,-8,-52,347,306,0
683413,133,133,106,275,-9962,1855,805,-458,112,-74,-13,334,325,0
686748,134,134,181,87,-10020,1410,507,-506,-93,-68,-227,330,335,0
690058,135,135,556,0,-10301,1679,726,-567,325,-264,-9,310,342,0
693417,136,136,687,200,-9058,1889,1032,-596,7,-414,-23,303,329,0
696778,136,137,2093,500,-9330,1434,834,-625,226,95,154,261,330,0
700062,137,138,1456,106,-6820,711,415,-672,381,-136,426,279,335,0
703417,138,139,1700,425,-3745,622,1529,-674,804,-144,487,282,334,0
706750,139,140,1531,425,13,-702,1541,-644,893,-314,627,291,334,0
710065,140,141,1943,0,4424,-1049,1872,-567,422,-313,170,253,344,0
713417,140,142,2675,68,5230,-850,2539,-449,418,-422,184,246,353,0
716751,141,143,3012,31,7484,-637,3474,-263,87,-450,-8,228,355,0
720068,142,144,1681,0,7277,-335,4523,-27,-121,-274,80,299,358,0
723418,142,145,0,0,4628,-384,5125,228,52,-528,245,845,375,0
726751,142,146,0,237,3698,-175,5222,523,253,-382,432,841,344,0
730071,142,147,3800,1381,4811,-556,5239,824,-205,-290,572,120,283,0
733430,142,148,3800,1531,4165,-1049,4914,1115,-317,65,436,119,273,0
736763,143,149,3800,1568,1273,-1426,3941,1317,-375,-133,226,145,271,0
740074,143,150,0,725,-2172,-2165,3588,1456,-22,-142,331,846,316,0
743418,144,150,0,1250,-3411,-2982,3332,1542,-408,-298,287,847,304,0
746751,144,151,0,1268,-5641,-3690,2792,1607,314,-76,345,849,303,0
750078,145,152,3800,2450,-4851,-3293,2557,1656,35,-36,381,256,240,0
753418,146,153,3800,1662,-4459,-3413,2893,1745,89,92,133,280,282,0
756752,147,154,3518,1231,-3472,-3832,3256,1853,315,10,401,295,305,0
760082,148,155,0,481,-1395,-5065,3315,1946,283,82,325,586,345,0
763418,149,156,2337,556,413,-5790,2702,2046,205,138,209,358,341,0
766751,150,157,2018,518,2107,-5870,2398,2143,-6,218,-53,377,345,0
770084,151,158,1287,462,2921,-5798,2077,2243,-212,-134,104,416,348,0
773440,152,159,1175,462,2110,-7123,2365,2355,79,-15,430,422,348,0
776776,154,160,706,275,2601,-7999,2315,2441,252,211,71,431,358,0
780087,155,161,706,443,4455,-7796,2720,2539,101,581,17,431,349,0
783443,157,162,743,931,5727,-6416,2665,2626,370,334,344,413,323,0
786779,158,163,1156,800,7386,-4269,3191,2700,-570,314,348,391,330,0
790090,159,164,1193,950,5175,-2122,3508,2784,-437,480,647,389,322,0
793444,161,166,1550,631,2988,-163,2538,2848,-282,344,503,354,323,0
796779,162,166,1512,1043,1805,2033,1052,2858,-331,481,133,356,317,0
800094,163,168,1531,425,1118,4191,117,2829,-87,521,329,355,334,0
803444,164,169,1606,237,1015,6027,-935,2774,32,111,89,334,327,0
806785,165,170,1662,218,448,6115,-2146,2694,-143,78,88,331,328,0
810098,166,171,1456,237,-892,6344,-2941,2554,397,344,-214,342,327,0
813444,167,172,762,387,-916,6871,-3146,2408,-536,-293,-63,379,319,0
816786,169,173,575,518,-416,7966,-2752,2263,109,-407,-62,373,312,0
820100,170,174,200,537,-511,6269,-3608,2071,-152,-93,-387,377,311,0
823444,171,175,781,406,-918,4970,-4347,1827,392,-21,-131,362,318,0
826785,172,176,218,368,-290,2878,-3808,1566,-822,4,-81,376,304,0
830103,173,176,350,1212,-2757,1573,-2946,1314,-649,-234,326,369,275,0
833444,174,177,218,1081,-6610,-464,-2366,1077,428,66,438,376,282,0
836786,176,178,162,1250,-7178,-1642,-765,889,126,-216,41,363,273,0
840107,177,179,762,1156,-4114,-2720,629,755,862,-48,324,348,295,0
843466,178,180,631,950,261,-3135,1852,690,-204,143,-161,355,306,0
846786,179,181,593,762,972,-3133,1905,638,374,126,42,357,316,0
850110,180,182,800,706,3209,-2868,1328,575,167,311,249,346,319,0
853466,181,183,1325,537,4657,-1616,1572,537,-144,314,323,318,328,0
856786,182,184,1175,537,5411,-747,1394,501,-290,149,336,326,328,0
860113,183,185,1268,293,6267,-315,1147,446,255,368,470,321,341,0
863469,184,186,1175,200,8603,64,988,375,-78,94,159,326,346,0
866787,185,187,931,181,8703,-143,593,290,-1311,-191,103,339,347,0
870116,186,188,575,237,1657,-296,-151,201,-29,-144,-8,358,344,0
873498,188,189,368,1062,-2041,-244,47,127,342,190,118,367,314,0
876787,189,190,0,593,-1256,859,-1258,23,678,190,148,381,323,0
880119,190,191,0,856,739,533,-1763,-105,-428,-38,213,375,309,0
883470,191,192,575,1156,-726,104,-1523,-225,-101,-92,147,356,309,0
886812,192,193,518,1118,-2640,-1211,-1419,-354,-485,-25,214,343,295,0
890123,193,194,331,1306,-4334,-1037,-878,-465,-350,353,-194,353,285,0
893471,194,195,575,1418,-6786,-395,-1031,-597,292,-45,392,356,295,0
896813,196,196,0,706,-8486,-790,-633,-726,213,-7,402,360,317,0
900126,197,197,200,687,-6396,-1749,-153,-810,612,-271,846,344,318,0
903470,198,198,818,856,-3335,-1876,812,-818,194,331,618,327,325,0
906845,199,199,2356,1887,-650,205,1923,-761,261,190,541,295,320,0
910129,200,200,1962,968,1195,1250,2918,-641,234,-17,385,300,353,0
913471,201,201,2187,987,1185,659,3718,-458,352,-173,565,304,368,0
916813,202,203,2187,368,2611,-580,4249,-233,283,121,192,304,385,0
920132,203,204,1981,31,4561,-596,3284,-32,-126,101,218,315,387,0
923471,204,205,1737,537,5029,-1618,3015,147,-589,-18,-51,328,376,0
926814,205,206,1681,462,4681,-3359,2052,324,381,129,-72,331,380,0
930135,206,208,2075,293,4740,-4472,1237,499,-351,331,-245,310,373,0
933492,207,209,1756,0,4167,-3877,-144,613,-161,140,-128,327,391,0
936814,208,210,1868,406,615,-4008,-1454,660,-478,276,29,321,367,0
940138,209,211,1756,500,-2597,-3986,-2823,645,-103,307,222,327,362,0
943496,210,212,1287,331,-3852,-3370,-3215,569,-256,449,-237,335,354,0
946814,211,213,1250,518,-5340,-317,-3857,429,-175,454,108,337,344,0
950142,212,214,612,500,-6556,1050,-4375,234,-179,293,52,355,329,0
953496,213,216,443,1062,-7938,2349,-4465,35,-71,299,50,380,299,0
956814,215,216,68,893,-9564,4047,-3780,-124,141,53,34,368,308,0
960146,216,217,0,1081,-9151,4426,-3372,-278,-237,372,-106,376,298,0
963497,217,218,162,875,-9824,4686,-2957,-414,232,66,164,363,309,0
966815,218,219,0,631,-7601,4035,-2581,-531,835,-227,658,372,322,0
970148,219,220,443,537,-4362,2868,-2505,-640,746,-2,363,348,327,0
973496,220,222,1193,0,-1002,2433,-2194,-727,327,-386,388,308,343,0
976839,221,223,1568,0,1848,2761,-1090,-756,33,-363,-226,288,340,0
980151,222,224,1456,275,3248,1890,-985,-788,136,-114,123,311,342,0
983496,223,225,837,237,4027,1216,-19,-750,203,-182,22,344,344,0
986842,224,226,931,218,6335,558,-386,-707,6,-176,223,339,345,0
990154,225,227,1043,68,7135,457,484,-644,-86,52,-25,333,353,0
993497,226,228,1437,31,7950,-62,-622,-619,270,64,180,312,355,0
996842,227,229,1718,162,9044,23,234,-584,-67,-288,154,297,348,0
1000159,228,230,2150,143,9017,1487,688,-531,-87,-268,-5,274,349,0
1003497,229,231,1850,143,6382,1556,1159,-475,-351,-319,532,290,349,0
1006843,230,232,1400,687,2548,168,781,-445,-877,-481,424,314,320,0
1010161,231,233,1081,1231,-2276,-574,1906,-411,-833,110,383,331,291,0
1013519,232,234,818,1343,-4462,-369,1234,-433,-345,38,331,345,285,0
1016843,233,235,781,1400,-5395,-569,1215,-486,479,-335,621,345,280,0
1020165,234,236,631,1400,-3598,-1467,675,-581,-200,158,644,353,280,0
1023521,235,237,443,1268,-3908,-1968,332,-704,-181,-308,364,363,287,0
1026843,236,238,200,1250,-6165,-4346,-487,-821,485,-20,510,376,288,0
1030167,238,239,237,1456,-5752,-4620,757,-892,555,223,577,358,293,0
1033521,239,240,631,837,-1410,-3910,1650,-904,98,-152,634,337,310,0
1036844,240,240,762,1212,1119,-3980,3602,-831,59,101,235,330,306,0
1040170,241,241,818,1062,2099,-4401,4242,-694,-61,-60,595,327,314,0
1043521,242,242,800,1137,2229,-4590,5544,-475,226,111,305,328,310,0
1046844,243,243,1025,931,3516,-4949,6830,-173,150,130,314,316,321,0
1050174,244,244,837,725,4467,-5113,7357,156,589,-23,54,328,334,0
1053521,245,246,800,312,5967,-4829,7867,523,174,208,231,330,340,0
1056845,246,247,856,443,6818,-2699,6281,856,-56,96,5,327,333,0
1060177,247,248,931,387,6174,-1035,4852,1147,-296,264,408,323,336,0
1063522,248,249,462,462,5744,45,3695,1380,-340,-111,-162,348,332,0
1066846,249,250,687,387,4782,66,3255,1587,-142,175,-98,336,336,0
1070180,250,251,856,256,4460,233,2726,1765,-346,299,43,327,343,0
1073521,251,252,912,350,2914,1566,2324,1918,-108,319,247,324,338,0
1076849,252,253,968,293,591,2311,766,2021,-159,-183,-68,321,341,0
1080183,253,254,931,181,-370,2173,297,2098,-141,160,13,323,347,0
1083550,254,255,800,162,-1976,2139,-789,2108,-352,-159,-65,329,347,0
1086852,255,256,425,0,-4396,1575,-1697,2086,278,-55,141,333,343,0
1090186,256,257,387,293,-3914,1073,-2165,2018,-362,-83,246,335,324,0
1093522,257,258,368,781,-4237,827,-2031,1967,31,-32,424,336,298,0
1096856,258,259,312,875,-4241,-606,-1665,1900,324,-13,533,339,293,0
1100190,259,260,443,1006,-3270,-553,-830,1893,-317,135,289,332,286,0
1103546,260,261,443,1118,-4714,-704,-557,1869,-46,-72,203,332,280,0
1106858,261,262,725,968,-6523,-877,615,1866,57,162,255,317,288,0
1110193,262,263,762,1043,-5788,52,1909,1890,229,-40,142,315,300,0
1113550,263,264,1306,837,-5266,372,1907,1925,112,10,271,286,295,0
1116862,264,264,1418,1043,-4156,-314,2172,1933,562,-30,414,280,300,0
1120196,265,265,1718,1418,-646,-268,3049,1990,267,-90,450,281,297,0
1123555,266,266,1812,762,1682,-758,3351,2057,342,-204,134,276,332,0
1126865,267,268,1700,237,4109,-1383,3426,2143,206,-127,187,282,344,0
1130199,268,269,1287,162,6289,-1251,3024,2227,237,-87,-147,304,348,0
1133556,269,270,1043,106,7735,-1686,2768,2329,-186,27,51,317,351,0
1136868,270,271,650,68,6711,-1464,2324,2378,261,119,-182,338,353,0
1140203,271,272,387,125,7618,-665,2097,2392,100,38,12,352,350,0
1143556,272,273,143,143,8287,-570,2287,2350,78,102,61,365,349,0
1146872,273,274,218,200,8382,-19,1484,2264,-66,190,135,361,346,0
1150206,274,275,256,350,8052,305,789,2116,-33,-81,259,359,338,0
1153556,275,276,425,987,7741,1246,328,1913,-192,140,105,350,304,0
1156874,277,277,350,1268,6422,1885,-763,1659,-387,-5,246,336,287,0
1160210,278,278,537,1531,4577,2404,-1344,1371,-1134,-100,151,342,273,0
1163556,279,279,162,1887,-408,2497,-2016,1112,-679,-222,445,346,254,0
1166878,280,280,200,1906,-6601,1081,-2370,886,-454,-57,186,344,253,0
1170212,281,280,200,2393,-9291,554,-2441,694,-280,-101,81,344,243,0
1173557,282,281,162,2037,-10507,237,-1983,531,-80,305,-288,346,262,0
1176881,283,282,162,1400,-9995,1304,-2029,382,564,36,262,346,296,0
1180215,284,283,443,762,-7532,1439,-2240,239,208,-246,-122,331,330,0
1183557,285,284,687,406,-6725,534,-2682,132,-161,114,50,318,349,0
1186884,286,285,856,293,-9197,-472,-1860,64,90,-33,177,309,355,0
1190219,287,286,1512,443,-9579,-496,-923,60,862,-256,572,276,349,0
1193557,288,287,2318,368,-5876,-1946,-589,95,651,11,914,233,353,0
1196887,288,288,2675,312,-94,-3007,379,174,809,200,781,230,356,0
1200222,289,290,2600,368,3726,-3603,1139,273,725,249,622,234,353,0
1203557,290,291,2468,293,7206,-3692,1879,384,941,301,394,241,341,0
1206891,290,292,2618,500,11615,-2907,1917,470,480,291,271,249,330,0
1210225,291,293,2037,425,13575,-1680,2182,555,-566,-723,-86,280,334,0
1213582,292,294,1175,631,12846,-1600,1283,576,-1191,697,274,326,323,0
1216894,293,295,856,800,6533,421,471,531,-182,432,572,343,314,0
1220228,294,296,1325,462,5762,1058,205,478,-87,168,279,318,332,0
1223583,295,297,1362,331,5851,1865,588,429,-768,500,-109,316,339,0
1226898,296,298,762,293,2260,2847,282,342,-1118,303,-248,331,324,0
1230232,297,299,1025,537,-3605,3188,-576,219,-149,138,96,317,311,0
1233584,298,300,1062,912,-4629,3228,64,114,-701,-188,-41,315,291,0
1236901,299,301,818,1306,-7766,2793,463,34,-185,101,33,328,270,0
1240234,300,301,725,1775,-8948,2025,625,-32,-298,-167,-11,333,261,0
1243583,301,302,443,1662,-10965,2037,808,-79,188,-154,254,348,267,0
1246903,303,303,425,1681,-7765,1282,1730,-91,-166,-261,262,349,266,0
1250238,304,304,462,931,-5832,964,2363,-88,265,318,150,331,290,0
1253584,304,305,1100,481,-5740,1601,2971,-42,9,-83,202,313,330,0
1256906,306,306,800,50,-3918,1279,2011,-4,410,-106,475,313,337,0
1260241,306,307,1287,12,-292,-272,2065,50,214,-213,342,287,339,0
1263584,307,308,1437,443,2107,-1270,2574,154,138,48,250,296,333,0
1266910,308,309,1212,631,4986,-1312,3134,294,-32,-88,98,308,323,0
1270244,309,310,1025,556,6241,-1565,2728,442,327,128,113,318,327,0
1273584,310,311,893,125,7561,-2347,2417,592,203,185,105,325,350,0
1276913,311,312,856,106,9961,-2108,2267,739,-173,84,76,327,351,0
1280247,312,313,912,200,8383,-2020,1652,853,-481,11,179,324,346,0
1283586,313,314,837,1006,5301,-921,1450,961,-433,29,-96,344,319,0
1286916,315,315,237,1025,2323,-15,2232,1101,-168,-84,355,360,302,0
1290250,316,316,0,912,1198,1004,354,1196,-307,-154,150,362,308,0
1293609,317,317,387,1193,-1585,351,-155,1249,-110,-129,519,352,309,0
1296919,318,318,650,1343,-3484,40,-549,1261,-68,-15,210,336,299,0
1300254,319,319,387,1062,-4539,-288,-1263,1240,-377,-157,352,334,298,0
1303609,320,320,631,1250,-5936,-867,-1443,1183,-473,-125,65,337,304,0
1306922,321,321,331,1268,-9406,-1167,-1490,1101,-348,-63,-70,353,303,0
1310257,322,322,0,912,-12083,-1112,-2279,971,-186,111,-110,356,306,0
1313613,323,323,218,1081,-13198,-452,-2722,826,167,161,-171,359,313,0
1316926,324,324,275,781,-12217,369,-3005,664,99,-73,-51,356,329,0
1320260,325,325,0,181,-11219,167,-2766,537,593,150,296,357,345,0
1323618,327,326,200,368,-8489,798,-2445,446,580,-41,453,344,351,0
1326930,328,328,443,350,-5214,1874,-2541,360,41,287,430,331,352,0
1330264,328,329,1343,425,-3901,3390,-2297,270,549,126,381,301,350,0
1333622,329,330,1568,368,-1309,4512,-1892,202,-66,308,484,289,337,0
1336932,330,331,1943,387,-638,5585,-1738,166,740,4,674,269,336,0
1340267,331,332,2281,275,2595,4683,-1355,122,798,-114,783,251,342,0
1343622,332,333,2487,256,7599,1129,-951,77,782,-88,405,240,343,0
1346936,332,334,2693,387,13706,-687,-1249,19,630,192,111,245,336,0
1350270,333,335,1962,650,16660,-436,-1469,-51,-332,133,-499,284,322,0
1353622,334,336,1456,631,14953,600,-2072,-170,-81,-213,-146,311,323,0
1356938,335,337,950,443,11606,-144,-2141,-311,53,-224,43,338,333,0
1360273,336,338,593,368,11125,-1063,-1920,-464,-391,-487,-162,357,337,0
1363623,338,339,462,237,8404,-2680,-1258,-566,-252,-258,-180,348,344,0
1366943,339,340,293,12,6596,-4316,-1828,-688,-198,-10,107,340,339,0
1370277,340,341,1231,218,5292,-4525,-1946,-829,-947,453,133,306,328,0
1373622,341,342,968,725,468,-1828,-1490,-973,-583,-440,359,304,301,0
1376945,342,343,500,1156,-4558,-3012,-721,-1081,-897,195,59,329,278,0
1380279,343,344,200,837,-7844,-3029,209,-1150,-190,40,243,345,279,0
1383623,344,345,0,856,-8818,-1078,1091,-1187,184,78,331,349,278,0
1386948,345,346,87,875,-5416,-1395,774,-1214,-86,42,433,335,277,0
1390282,346,346,612,1043,-5371,-1435,890,-1232,111,114,72,307,284,0
1393623,347,347,762,1100,-5232,129,2111,-1236,119,103,402,299,281,0
1396951,347,348,1156,1025,-4244,656,1503,-1200,476,157,427,294,285,0
1400286,348,349,1212,1006,-1142,870,1417,-1151,-15,-13,178,291,286,0
1403623,349,350,1100,1362,792,978,2137,-1067,28,58,379,314,284,0
1406954,350,351,968,1287,2408,314,2720,-942,115,-9,531,321,288,0
1410289,351,352,837,1250,3134,-492,2733,-812,-37,105,239,328,290,0
1413647,352,353,950,1100,3969,-736,2861,-676,64,76,93,322,298,0
1416958,353,354,818,781,4971,-756,3137,-506,-25,211,68,329,315,0
1420293,354,355,706,893,5229,-728,2728,-336,555,18,-43,335,325,0
1423648,356,356,181,181,8483,-280,3144,-144,-363,36,64,347,347,0
1426961,357,357,218,0,7607,174,3128,39,-274,-160,81,345,366,0
1430296,358,358,125,106,5343,-145,2804,203,-388,86,99,350,351,0
1433648,359,359,0,368,2667,-735,2481,360,-343,-48,267,357,337,0
1436964,360,360,218,931,1309,-935,2084,497,-228,-9,164,345,307,0
1440299,361,361,256,1137,-131,-1019,1441,601,-169,-5,378,341,294,0
1443648,362,362,350,1137,-1857,-668,186,661,-397,64,275,336,294,0
1446967,363,363,406,1212,-3969,-258,-813,678,-348,-8,345,333,290,0
1450302,364,364,293,1250,-6401,-32,-1723,654,-659,126,-94,339,288,0
1453649,365,365,106,1493,-10239,749,-2411,618,-91,-77,-102,349,275,0
1456971,366,366,237,1268,-10781,1057,-3052,568,-31,194,188,342,287,0
1460305,367,366,462,1381,-9803,2236,-3224,532,433,268,187,330,297,0
1463649,368,368,575,743,-6894,4229,-3730,483,200,175,89,324,315,0
1466974,369,368,575,706,-5377,5278,-3975,419,212,34,158,324,333,0
1470308,370,370,781,481,-3767,5475,-3947,334,-75,158,371,313,345,0
1473649,371,371,725,12,-3265,6450,-3343,287,265,-72,357,318,356,0
1476977,372,372,1437,68,-778,6646,-3724,232,745,-90,694,280,353,0
1480311,373,373,1887,0,3835,5283,-3285,175,884,-111,933,256,367,0
1483649,374,374,1606,0,9994,1742,-4037,72,786,-3,486,271,361,0
1486981,375,375,1625,275,12573,180,-4235,-66,-236,-18,63,270,342,0
1490314,375,376,1381,518,10597,-771,-4366,-237,-1003,-307,264,299,329,0
1493672,376,377,1212,1212,3638,-3253,-2786,-348,-138,-170,290,324,308,0
1496983,378,378,12,500,1225,-3976,-3889,-497,764,-21,-341,356,330,0
1500318,379,380,0,312,3733,-3934,-3511,-673,-788,281,-152,365,340,0
1503675,380,380,200,650,-928,-995,-3368,-825,53,351,270,362,338,0
1506986,381,382,87,556,-2881,448,-4008,-995,280,197,394,351,310,0
1510321,382,383,12,181,-1294,967,-4685,-1208,-386,-436,-279,339,330,0
1513674,383,384,275,218,-3479,-771,-2958,-1385,-1054,-69,-185,325,312,0
1516990,384,385,200,443,-8974,-1129,-1648,-1522,156,132,194,329,316,0
1520324,385,386,181,725,-9771,-189,-927,-1641,-293,30,-26,330,301,0
1523675,386,386,0,987,-10237,-53,-345,-1749,-110,176,-153,340,287,0
1526994,387,387,0,912,-10374,532,85,-1832,124,189,6,340,291,0
1530328,388,388,125,1043,-9721,938,1061,-1897,206,-81,217,333,284,0
1533675,389,389,406,1043,-7621,526,2165,-1927,119,10,191,318,284,0
1536996,390,390,650,856,-6052,-482,2586,-1934,333,-367,187,305,294,0
1540331,391,391,1437,856,-3940,-1620,3168,-1912,-75,-250,142,263,294,0
1543675,392,392,1981,1137,-1708,-3668,3271,-1875,217,119,291,251,296,0
1547000,393,393,2168,837,-194,-3094,3350,-1816,459,17,517,241,312,0
1550334,393,394,2337,556,1339,-2803,3917,-1699,-7,339,282,248,327,0
1553676,394,395,2300,481,1564,-1565,3567,-1562,139,260,214,250,331,0
1557002,395,396,2412,293,2105,-198,2618,-1427,245,-296,370,244,341,0
1560337,395,397,2562,87,2730,517,1941,-1291,514,-120,553,252,352,0
1563675,396,398,2787,218,4749,46,498,-1180,553,-93,186,240,345,0
1567006,397,399,2600,275,5810,230,328,-1069,333,-107,58,250,342,0
1570364,398,400,1756,331,5939,402,-99,-955,26,-6,4,295,339,0
1573697,399,401,1268,462,3829,821,-913,-859,-153,-44,46,321,332,0
1577009,400,402,687,556,2735,887,-943,-766,-139,218,-248,352,327,0
1580367,401,403,368,593,1317,1767,-538,-678,-198,-142,280,367,323,0
1583701,402,404,425,893,1058,1017,300,-552,-59,-49,189,364,307,0
1587012,403,405,143,1006,301,397,-200,-456,-291,64,64,379,301,0
1590370,405,406,87,1043,-453,-106,-450,-344,42,-91,327,366,299,0
1593701,406,407,331,1062,-914,-1004,-416,-224,-185,-81,221,353,298,0
1597015,407,408,462,1118,-1143,-1605,-165,-93,-519,-113,153,346,295,0
1600374,408,409,406,1156,-3941,-1875,-139,-10,-269,73,-217,349,293,0
1603701,409,410,143,1100,-6343,-2025,-436,97,-15,20,72,363,296,0
1607018,410,411,143,575,-5853,-2056,95,209,901,-245,329,363,324,0
1610376,411,412,668,312,-1515,-2115,871,342,355,335,271,335,338,0
1613702,412,413,1587,706,2839,-627,1116,502,-670,-77,109,336,367,0
1617022,413,414,1587,462,1478,-345,2586,729,712,-180,720,336,380,0
1620380,414,415,1981,237,4167,-1496,2676,905,174,-179,660,315,392,0
1623701,415,417,2281,12,6077,-3029,2967,1049,-238,161,358,299,388,0
1627025,416,418,1906,331,4370,-3718,2236,1148,109,135,457,319,371,0
1630383,417,419,1775,237,4833,-3236,1465,1205,718,910,375,326,376,0
1633702,418,420,2187,425,8103,-816,794,1227,127,166,-15,304,366,0
1637028,419,422,2487,0,8577,-152,520,1210,-1070,321,536,288,385,0
1640384,420,423,2468,12,3467,235,-829,1116,192,-6,467,289,372,0
1643702,421,424,2412,0,2610,-184,-2213,966,-241,169,163,292,381,0
1647031,422,425,2487,12,1515,-1034,-3248,766,-353,294,167,288,372,0
1650389,423,426,1868,50,-557,-1343,-4237,531,-90,190,145,304,353,0
1653723,424,427,1362,612,-347,-1682,-5197,264,-375,138,-121,331,323,0
1657035,425,428,1006,1025,-3055,-1105,-5705,-35,-266,464,-47,350,301,0
1660393,426,429,500,950,-4820,-269,-5822,-329,12,-5,120,377,305,0
1663727,428,430,350,912,-6365,344,-5174,-572,-393,214,10,369,307,0
1667038,429,431,12,762,-5047,1141,-5058,-791,-236,-31,-150,387,315,0
1670393,430,432,162,1006,-7920,603,-5353,-974,-153,191,-326,379,302,0
1673727,431,433,218,1118,-10218,1485,-3837,-1104,90,26,1,376,296,0
1677041,432,434,556,1006,-9435,1397,-2975,-1194,584,-253,434,358,302,0
1680393,433,435,875,387,-6267,1442,-2610,-1247,838,-3,705,341,335,0
1683755,434,436,1737,462,-1272,962,-2860,-1307,319,-115,333,312,348,0
1687044,435,437,1700,68,2862,916,-2419,-1366,423,-88,435,298,353,0
1690393,436,439,2281,181,5098,1756,-1548,-1423,242,15,128,283,347,0
1693727,437,440,2093,368,6643,3408,-1088,-1451,193,-9,256,293,337,0
1697048,438,441,1343,0,9168,4108,-119,-1441,245,-110,35,317,343,0
1700393,439,442,1118,331,11100,3635,48,-1426,-659,108,50,345,339,0
1703729,440,443,818,518,7843,2154,-142,-1426,-721,-60,83,361,329,0
1707051,442,444,368,893,4406,1541,78,-1419,-675,-192,339,385,309,0
1710393,443,445,275,1006,1723,1272,-332,-1416,-159,-365,482,374,303,0
1713728,444,446,537,1212,-746,684,-1436,-1463,396,-293,478,360,292,0
1717054,445,447,893,1062,-754,-35,-1663,-1543,-47,-159,275,341,300,0
1720394,446,448,1043,1025,-1307,-189,-2436,-1654,-241,53,221,331,300,0
1723728,447,448,706,1306,-2469,-135,-2384,-1809,-949,-91,110,349,301,0
1727057,448,449,406,1493,-4995,-779,-2324,-1965,-1114,81,-392,365,291,0
1730415,449,450,275,1306,-10120,-445,-2397,-2133,-30,135,-66,372,301,0
1733750,451,451,0,1362,-12396,-72,-2517,-2281,-74,87,8,377,298,0
1737060,452,452,143,931,-13233,143,-2655,-2410,1,332,-482,363,321,0
1740419,453,453,0,706,-13666,444,-2570,-2515,454,52,121,371,333,0
1743753,454,454,443,762,-11435,497,-2237,-2601,765,-65,469,347,330,0
1747063,455,456,743,593,-8751,503,-2136,-2642,538,173,726,331,339,0
1750418,456,457,1625,125,-5740,1212,-2128,-2640,942,-138,685,284,348,0
1753753,457,458,2037,50,764,708,179,-2532,606,-438,1089,264,354,0
1757066,458,459,2056,181,5312,-1134,2278,-2329,548,-147,887,263,347,0
1760419,459,460,2056,500,8046,-2172,3713,-2050,-209,-127,35,263,330,0
1763753,459,461,2150,518,6009,-3320,4111,-1744,678,107,-114,274,329,0
1767070,460,462,1625,556,7849,-2724,3415,-1455,387,-145,45,302,327,0
1770419,461,463,1418,443,9953,-1550,3980,-1169,-186,222,-115,313,333,0
1773754,462,464,781,350,8030,-1568,3320,-907,184,106,84,347,338,0
1777074,464,465,256,218,8540,-1285,3521,-630,663,0,62,375,345,0
1780420,465,466,0,256,11212,-991,4363,-374,-401,-546,-202,381,343,0
1783754,466,467,106,368,8962,-2143,3734,-164,-310,-314,-152,367,337,0
1787076,467,468,50,462,6118,-3274,3254,18,213,34,-8,370,332,0
1790419,468,470,12,387,7715,-3171,3171,207,-837,124,119,355,303,0
1793754,469,470,331,1231,3779,-1537,2736,368,-1544,-360,395,338,274,0
1797080,470,471,312,1718,-3463,-3177,1193,454,-564,7,417,339,248,0
1800420,472,472,0,1700,-7471,-3606,-595,469,-316,280,49,348,249,0
1803754,473,472,0,1887,-10247,-1115,-523,456,-190,36,127,349,255,0
1807082,474,473,0,1118,-11213,35,-965,425,-147,269,3,347,280,0
1810421,475,474,0,1006,-11292,831,-1535,381,155,299,83,344,302,0
1813755,476,475,0,387,-10799,1593,-1498,332,-174,-141,-243,328,319,0
1817086,477,476,12,143,-11743,1081,-1296,302,414,-168,-109,323,332,0
1820442,478,477,237,31,-11227,590,-962,317,-126,-15,-139,311,338,0
1823778,478,478,1081,125,-9651,742,-1496,322,179,33,159,282,333,0
1827089,479,479,1512,462,-5506,269,-1253,359,968,-200,537,276,332,0
1830445,480,480,1850,387,-777,240,54,435,571,162,458,258,336,0
1833778,481,482,1906,0,2511,1539,594,526,701,-90,563,255,341,0
1837092,482,483,1756,500,6283,1879,1032,633,168,-18,2,263,330,0
1840445,482,484,1981,0,9256,2271,882,740,285,-73,58,267,347,0
1843778,483,485,1625,0,9495,1985,896,851,-787,-45,28,286,342,0
1847095,484,486,1343,106,5958,641,-10,931,-202,96,167,301,335,0
1850445,485,487,1137,668,3036,-818,-398,988,92,-147,139,312,305,0
1853779,486,488,687,1006,3743,-1326,431,1068,-746,-55,190,336,287,0
1857099,487,489,425,1156,1826,-908,1021,1167,-492,161,318,350,295,0
1860474,488,490,650,1137,-1719,-1279,-708,1139,57,-173,577,352,294,0
1863779,490,490,106,1231,-3581,-2934,-398,1055,-191,-57,172,349,289,0
1867102,491,491,462,1156,-4672,-3680,-36,938,-412,81,-32,330,293,0
1870445,492,492,481,1512,-7079,-2641,-30,809,-439,-48,-259,345,290,0
1873779,493,493,0,1081,-10840,-2989,260,710,913,195,1425,355,297,0
1877105,494,494,31,1025,-10263,-2591,198,592,326,482,809,353,300,0
1880446,495,495,687,893,-7543,-94,198,494,350,322,398,334,323,0
1883780,496,496,612,537,-5312,1255,509,400,430,242,302,322,326,0
1887108,497,497,856,425,-3123,2210,893,292,450,-107,654,309,332,0
1890446,498,498,1456,462,-743,1815,1445,220,212,25,392,293,346,0
1893811,499,499,1587,518,1537,1510,1735,173,218,-74,560,288,345,0
1897111,500,500,1887,162,3297,696,1566,123,507,-47,240,272,348,0
1900468,500,501,2375,387,5835,-374,1738,91,13,210,288,262,352,0
1903804,501,503,2131,0,6857,-738,1229,93,342,124,48,275,358,0
1907115,502,504,1812,0,6912,-1277,641,131,185,338,16,276,349,0
1910472,503,505,1756,650,8038,-78,-305,138,-10,180,37,295,322,0
1913808,504,506,1662,631,8293,1188,-650,148,-649,142,-226,300,323,0
1917118,505,507,1587,350,5409,1388,-1000,165,-252,-125,-91,304,338,0
1920471,506,508,1231,256,6099,-1540,-1485,165,-561,170,-260,323,343,0
1923807,507,509,1475,425,3567,-2761,-1942,145,-66,256,332,310,334,0
1927121,508,510,1362,387,2046,-2032,-2308,103,476,382,60,316,336,0
1930472,509,511,837,50,4256,-432,-2110,84,3,-60,-12,327,337,0
1933814,510,512,1250,256,3469,-1172,-1943,62,-693,256,-104,305,326,0
1937124,511,513,875,443,-1100,-986,-2303,-11,-264,361,69,309,300,0
1940472,512,514,893,1006,-3574,293,-2126,-96,44,158,114,324,286,0
1943813,513,515,425,875,-3708,586,-1507,-175,-66,-48,219,333,277,0
1947127,514,516,462,875,-4261,-25,-1335,-244,-307,353,103,331,277,0
1950472,515,516,500,1268,-5334,1256,-632,-292,37,202,303,329,272,0
1953814,516,517,556,1250,-4583,1613,-471,-306,-483,224,-68,326,273,0
1957131,517,518,462,1287,-6033,1663,-453,-308,324,309,385,331,271,0
1960473,518,519,687,1268,-4480,2272,98,-319,-102,184,162,319,272,0
1963814,519,520,931,1100,-4387,2131,575,-333,448,109,632,306,281,0
1967134,520,520,1043,1568,-1530,2056,862,-283,-259,111,-14,317,289,0
1970473,521,521,1118,1475,3,2256,1623,-220,116,230,499,313,294,0
1973814,522,522,1118,1287,751,2620,2837,-131,-186,-183,-23,313,304,0
1977138,523,523,1475,1268,-65,1862,2911,-39,-1,37,135,294,305,0
1980494,524,524,668,800,2691,2604,3535,63,347,-109,-10,337,330,0
1983814,525,525,425,631,4505,2739,4456,196,197,-34,202,350,339,0
1987140,526,526,181,331,5232,2122,4280,323,148,7,-195,363,355,0
1990497,527,528,275,125,6181,2853,3185,407,-301,-34,169,358,350,0
1993814,528,529,425,312,5478,3377,2880,469,-252,-348,17,350,340,0
1997143,529,530,406,500,4276,2440,2835,513,-242,-93,139,351,330,0
2000498,530,531,518,500,2824,1022,2705,543,466,29,114,345,330,0
2003815,532,532,143,350,4149,1108,2529,573,55,366,183,347,336,0
2007146,533,533,500,687,4646,1450,2146,586,-668,-59,292,344,318,0
2010498,534,534,125,1081,1022,1420,1415,591,-1113,-144,158,348,297,0
2013839,535,535,87,1100,-5124,1764,742,595,-461,-47,183,350,296,0
2017150,536,536,0,1193,-8657,2265,86,607,-338,-3,119,357,291,0
2020499,537,537,256,1250,-10081,3023,-155,622,-124,-154,194,341,288,0
2023841,538,538,293,1137,-10687,2721,-421,640,342,-187,-40,339,294,0
2027154,539,538,387,1025,-10898,2024,-412,674,1217,-494,529,334,316,0
2030498,540,540,1175,87,-3522,-427,-74,732,1215,-220,992,292,350,0
2033841,541,541,1475,0,3123,-2053,473,819,610,-283,882,276,357,0
2037156,542,542,1418,87,5471,-3849,921,914,-553,-44,325,281,352,0
2040498,543,543,1100,87,5246,-4533,1807,1031,-55,189,474,298,352,0
2043842,544,544,743,237,5110,-4335,1398,1147,322,-6,402,317,344,0
2047159,544,545,1437,181,5037,-2885,2364,1287,507,294,331,296,347,0
2050499,545,546,1887,68,7780,-445,3167,1433,440,169,-97,272,353,0
2053841,546,547,1700,31,8864,1514,3185,1574,-374,-476,125,282,355,0
2057162,547,549,912,162,6280,1596,2214,1663,-742,-205,188,324,348,0
2060520,548,550,406,143,60,4,470,1693,-197,-270,345,351,333,0
2063842,549,551,331,87,-538,-947,-717,1685,193,-34,193,355,336,0
2067166,551,552,312,125,682,34,-996,1650,-775,-225,111,356,334,0
2070551,552,553,50,200,-3655,333,-1100,1598,-425,-375,-71,353,329,0
2073842,553,554,0,331,-6002,-1501,-1280,1531,58,-411,98,346,306,0
2077169,554,555,50,218,-5971,-2682,-990,1449,-256,-219,-156,337,312,0
2080524,555,556,0,237,-6896,-2946,-66,1359,143,-144,285,341,311,0
2083843,556,557,106,312,-6501,-3443,477,1283,264,73,233,334,307,0
2087172,557,558,518,387,-4943,-4161,808,1197,164,97,337,312,303,0
2090525,558,559,593,500,-2839,-3545,1122,1093,37,2,-151,308,297,0
2093842,559,560,537,425,-1576,-3273,1703,1013,429,-52,274,311,301,0
2097176,560,561,875,706,1020,-3181,2065,978,59,61,279,293,302,0
2100525,561,562,781,481,2525,-1957,2242,958,-81,152,437,298,298,0
2103867,562,562,668,1006,3500,-828,2650,952,130,177,344,304,286,0
2107178,562,563,1606,1662,4906,-112,3060,963,-282,182,359,287,268,0
2110524,563,564,1137,1493,4135,139,3408,991,-497,424,433,312,277,0
2113870,564,565,1081,1381,2895,542,3472,1032,202,283,379,315,283,0
2117182,565,566,893,1193,3521,1363,3293,1091,-145,405,299,325,293,0
2120525,566,567,1118,781,3254,2188,3045,1163,-57,101,186,313,315,0
2123871,567,568,875,575,3136,2569,2485,1238,171,91,51,326,326,0
2127185,568,569,743,331,3248,2421,2304,1314,226,-389,-107,333,339,0
2130525,569,570,650,443,3479,1721,2104,1393,-95,-13,-15,338,333,0
2133870,570,571,612,706,2708,1962,1717,1460,-568,-221,70,340,319,0
2137188,571,572,556,950,-441,1923,387,1474,-579,-215,98,343,306,0
2140546,573,573,293,1043,-4282,1198,-386,1447,167,-319,177,341,301,0
2143871,574,574,256,1025,-4727,-128,-628,1399,95,42,215,341,300,0
2147192,575,575,312,762,-4535,-320,-663,1322,-298,40,224,338,314,0
2150549,576,576,518,800,-6080,448,-1857,1220,-176,175,36,327,312,0
2153871,577,577,143,725,-7355,1336,-1868,1088,-209,-28,-55,347,316,0
2157194,578,578,237,462,-8568,1570,-2021,926,-376,66,-331,342,330,0
2160549,579,579,312,462,-10826,2379,-2146,759,649,-344,469,338,330,0
2163872,580,580,275,275,-7351,1337,-1683,637,1408,-535,1256,340,340,0
2167198,581,581,575,293,-1368,-1058,-1371,580,150,-298,350,324,339,0
2170549,582,582,1118,331,-1131,-3881,-597,584,541,-29,602,295,337,0
2173872,583,583,1193,331,2921,-3607,-120,611,228,-349,584,291,337,0
2177201,584,584,1437,275,5220,-4319,1119,680,421,-134,341,280,342,0
2180549,585,585,1006,218,7387,-5268,2548,800,331,151,359,303,345,0
2183872,586,586,593,275,9149,-4611,3081,927,176,249,-27,325,342,0
2187205,587,588,987,256,8822,-3863,3864,1050,182,220,56,320,343,0
2190549,588,589,1100,68,8302,-2676,3954,1159,192,170,-18,298,337,0
2193873,588,590,1475,125,8583,-2040,3950,1257,310,249,20,294,334,0
2197208,589,591,1081,31,9489,-1024,3953,1345,90,43,-74,315,339,0
2200550,590,592,1006,0,9975,-1308,3860,1413,-713,120,-24,319,341,0
2203876,591,593,1231,143,6813,-1442,3787,1466,-739,169,207,307,333,0
2207210,592,594,1306,200,3624,-984,2425,1472,-79,525,253,303,330,0
2210550,593,595,1100,237,3263,2122,713,1412,-515,337,90,314,328,0
2213879,594,596,650,0,1980,3588,-495,1301,-685,72,112,321,325,0
2217214,595,597,687,593,-1836,4451,-2170,1126,-385,102,177,319,292,0
2220550,596,598,331,1306,-4460,4823,-2908,927,-87,-219,587,338,254,0
2223883,597,598,125,1456,-4958,4922,-2299,752,-995,-202,68,349,262,0
2227217,598,599,218,1606,-7277,3917,-1964,596,-292,-437,-44,344,254,0
2230576,600,600,0,1625,-10113,1806,-64,516,-195,-189,-90,346,253,0
2233886,601,601,31,1212,-10384,-278,1368,487,-225,-187,114,338,275,0
2237220,602,602,275,950,-10544,-1918,2794,508,-135,37,-85,325,289,0
2240578,603,602,350,1156,-10045,-2569,4163,585,-209,-165,-63,321,294,0
2243889,604,603,218,500,-10230,-3208,4837,724,1062,164,305,312,313,0
2247223,604,604,1212,406,-7086,-2509,4525,877,554,-284,336,275,318,0
2250578,605,606,1812,0,-4105,-2974,3954,1020,195,56,581,260,345,0
2253893,606,607,1643,0,-2624,-3088,3355,1146,441,110,210,269,349,0
2257227,607,608,1625,893,-161,-3506,3533,1314,458,-132,421,270,309,0
2260584,608,609,1418,312,4088,-4114,2743,1459,390,112,426,281,324,0
2263896,609,610,1962,200,5946,-4359,2676,1605,-98,184,351,268,330,0
2267230,609,611,2056,500,5449,-4226,2151,1740,-26,193,-197,263,330,0
2270584,610,612,1887,368,4364,-3883,1818,1849,-30,150,32,288,337,0
2273898,611,613,987,50,3843,-3643,1401,1936,-178,390,313,320,338,0
2277233,612,614,968,106,3215,-3828,1219,1992,58,259,294,321,335,0
2280584,613,615,1400,575,2008,-2995,1420,2040,9,85,181,314,326,0
2283902,614,616,1193,800,2143,-1834,827,2031,-90,36,312,323,312,0
2287236,615,617,1006,725,1526,-1222,475,1967,-98,29,363,317,300,0
2290584,616,618,1268,1531,-47,-762,203,1877,49,1,284,319,273,0
2293905,617,619,1006,1212,-776,150,-118,1752,-185,218,404,333,290,0
2297239,618,619,800,1362,-1744,1044,-274,1620,-303,-28,453,328,282,0
2300585,619,620,931,1625,-4690,2043,-108,1493,-314,-173,354,337,284,0
2303908,620,621,931,1437,-6139,1707,467,1384,-321,-82,-24,337,294,0
2307243,621,622,481,912,-7505,2150,669,1285,-111,104,-3,345,306,0
2310584,622,623,668,856,-9237,2799,246,1174,323,274,28,351,325,0
2313911,624,624,275,668,-8153,4096,-723,1076,580,21,31,356,335,0
2317246,625,625,1231,1362,-6248,4195,-890,1025,-348,-290,142,355,348,0
2320586,626,627,1100,500,-7403,2218,-695,1019,276,196,347,362,378,0
2323914,627,628,1043,443,-5315,2220,-250,1079,177,232,511,365,381,0
2327250,628,629,1268,443,-3672,3681,106,1173,-211,160,-67,353,381,0
2330585,629,630,2506,481,-3696,5242,-1281,1205,787,-204,767,287,379,0
2333918,630,632,2862,106,-301,2921,-894,1239,921,131,877,268,383,0
2337253,631,633,2468,256,4822,1268,-1471,1195,830,212,368,289,375,0
2340611,631,634,2131,256,9284,678,-2283,1081,456,230,139,323,375,0
2343921,632,635,2825,443,11970,700,-2972,900,442,-31,33,286,365,0
2347255,633,636,2000,500,13246,-715,-3422,663,-336,118,-164,330,362,0
2350612,634,637,1643,331,10458,-1930,-3959,389,-231,-61,-316,349,371,0
2353925,635,639,1362,12,9912,-2802,-4237,115,140,-146,-345,347,371,0
2357258,637,640,1400,0,10086,-4495,-4939,-162,-211,251,199,345,368,0
2360611,638,641,762,143,8686,-3704,-5106,-427,-683,223,128,363,348,0
2363927,639,642,912,668,5738,-1670,-5104,-697,-319,42,246,355,320,0
2367262,640,643,912,706,2989,-149,-4800,-932,-855,29,101,339,302,0
2370612,641,644,706,1118,-1626,665,-5228,-1179,-982,463,60,350,280,0
2373930,642,645,481,893,-6955,2505,-5771,-1427,-709,41,-180,362,292,0
2377265,643,646,425,950,-11083,3701,-5375,-1652,42,-79,-112,365,305,0
2380612,644,646,518,518,-10919,2771,-4469,-1835,758,-253,57,360,328,0
2383934,646,648,162,31,-8893,1320,-3377,-1979,600,-157,332,363,338,0
2387268,647,649,875,125,-5683,1316,-2375,-2097,-83,45,246,341,349,0
2390612,648,650,1081,0,-4445,1587,-1838,-2181,-138,-65,46,331,360,0
2393937,649,651,893,68,-4799,2228,-648,-2216,551,-222,394,341,353,0
2397271,650,652,968,462,-1805,3347,1277,-2182,341,52,167,337,332,0
2400613,651,653,781,556,878,4439,2691,-2094,564,-160,554,347,327,0
2403940,652,654,537,275,4192,4744,3261,-1984,474,79,227,360,342,0
2407275,653,655,443,181,6750,4445,3476,-1872,-130,233,72,365,347,0
2410613,654,656,518,125,7350,4138,2629,-1804,313,-207,179,361,350,0
2413943,656,658,31,0,8154,4568,2601,-1744,-259,246,27,371,343,0
2417278,657,659,275,31,8230,4996,2420,-1676,-342,-31,209,358,339,0
2420613,658,660,481,425,6551,4667,2167,-1586,-517,-249,376,347,318,0
2423947,659,661,350,762,3548,4093,1670,-1506,-431,-200,555,354,300,0
2427281,660,662,500,1362,228,2700,705,-1462,-205,-259,377,344,282,0
2430637,661,662,631,2000,-1496,2523,-392,-1466,-398,-189,167,337,248,0
2433950,662,663,275,1925,-4191,2185,-1154,-1506,-648,-366,149,356,252,0
2437284,663,664,200,1718,-5777,1932,-1658,-1517,510,-322,417,360,263,0
2440642,664,664,387,1981,-2482,873,-2060,-1554,-924,-803,207,350,265,0
2443953,665,665,406,1850,-290,-488,-2147,-1575,-781,-343,-11,349,272,0
2447287,667,666,575,2018,-4658,-2542,-567,-1521,31,-211,502,340,263,0
2450642,668,667,368,1831,-4244,-3098,-370,-1440,541,-504,355,335,273,0
2453956,669,668,650,1793,-1415,-4422,249,-1325,801,-221,449,320,275,0
2457290,669,668,1643,1925,2230,-5412,873,-1174,581,-109,229,283,284,0
2460650,670,669,1756,1587,4949,-5680,1861,-984,35,-86,452,279,304,0
2463959,671,670,1906,1568,6038,-5818,3358,-725,-163,62,310,271,305,0
2467294,672,671,1962,1400,3072,-6277,5430,-395,-476,-140,273,268,314,0
2470650,673,672,1643,800,638,-6088,6621,-29,893,350,109,285,346,0
2473962,674,673,1512,912,1560,-5128,6598,326,-48,448,104,292,340,0
2477297,675,674,1812,1006,1928,-2753,5621,665,470,386,688,292,335,0
2480650,676,675,2300,1287,4232,-1659,5320,1012,-146,490,538,266,336,0
2483966,676,677,2300,387,4302,-389,3832,1300,-378,187,378,266,352,0
2487300,677,678,1943,406,2963,439,1813,1496,-336,461,203,285,351,0
2490651,678,679,2281,612,899,758,685,1623,-828,-28,-218,283,356,0
2493969,679,680,1775,462,-2163,156,-710,1675,-652,42,368,293,347,0
2497304,680,681,1550,218,-4913,-1315,-1307,1692,196,441,100,289,344,0
2500650,681,682,1343,293,-4511,-788,-1565,1663,-440,483,-43,300,340,0
2503972,682,683,1175,668,-4104,734,-1564,1574,-523,138,-128,309,320,0
2507306,683,684,875,1043,-5652,1201,-1774,1435,737,95,612,325,300,0
2510651,684,685,500,1400,-1335,1555,-1687,1280,-955,36,-83,345,281,0
2513975,685,686,818,1550,-1846,2264,-1324,1130,143,-240,302,328,273,0
2517310,686,686,893,1906,-2891,1023,-679,1027,-80,-131,105,324,270,0
2520651,687,687,1175,1887,-2787,-811,-13,945,-300,-242,442,309,271,0
2523979,688,688,1212,1606,-2196,-2313,403,882,36,69,238,307,286,0
2527313,689,689,1193,1531,-1965,-2927,631,834,8,284,303,308,290,0
2530651,690,690,1381,1531,-1665,-1555,234,789,106,462,195,315,307,0
2533982,691,691,1156,1062,-195,847,225,774,275,220,287,327,332,0
2537316,692,692,931,1343,3095,1933,1066,820,-276,34,496,339,317,0
2540672,693,693,781,1212,3607,1851,1296,896,-639,-38,239,347,324,0
2543985,694,694,1043,987,1994,897,1376,991,160,13,-88,333,336,0
2547320,695,695,1100,725,1980,322,2751,1141,587,-32,48,330,350,0
2550676,696,696,593,443,5708,478,2607,1290,144,24,-262,357,365,0
2553988,697,698,575,0,7820,137,2151,1375,-698,-130,-25,358,380,0
2557322,698,699,462,50,5105,-627,1379,1429,39,-240,130,364,370,0
2560676,700,700,50,350,2552,-944,1488,1468,-117,20,-91,370,354,0
2563992,701,701,181,650,1717,-857,867,1468,159,-81,55,363,338,0
2567326,702,702,237,818,1763,-1101,268,1418,-108,-127,220,358,327,0
2570677,703,703,406,1137,347,-1364,-166,1308,-267,-155,490,349,310,0
2573995,704,704,556,1325,-2489,-1466,-1081,1105,-310,-96,550,341,300,0
2577330,705,705,537,1081,-8312,-1158,-2096,832,-174,27,173,342,313,0
2580676,706,706,387,1062,-10897,-1160,-2312,554,-419,18,-148,350,314,0
2583998,707,707,293,1025,-12838,-945,-2061,314,-143,248,-231,355,316,0
2587332,708,708,312,762,-14312,-575,-2364,74,755,68,219,354,330,0
2590678,709,709,518,725,-10116,625,-2234,-115,798,414,439,343,332,0
2594001,710,710,856,556,-4984,3123,-1917,-232,487,39,427,325,341,0
2597335,712,711,1193,462,-4257,5164,-2018,-316,-148,-84,269,307,346,0
2600677,712,712,1887,462,-5972,5583,-1102,-328,746,-163,648,272,348,0
2604004,713,714,2637,106,-3284,5683,503,-272,693,-42,974,232,351,0
2607338,714,715,2431,0,1517,4350,1329,-181,971,-453,731,243,361,0
2610677,714,716,2075,0,5636,1891,1624,-82,1137,-106,756,278,361,0
2614007,715,717,3500,143,11116,186,1792,29,357,295,162,202,349,0
2617342,716,718,3425,725,14544,323,1345,124,139,191,-18,222,318,0
2620699,716,719,2975,500,12951,1161,850,191,-260,-35,-34,246,330,0
2624010,717,720,1718,631,10800,876,272,221,-114,230,-15,313,323,0
2627345,718,721,1156,293,9895,-417,-1029,189,-243,-244,-286,343,341,0
2630702,719,722,856,162,11361,-1178,163,182,132,-176,117,359,348,0
2634014,720,723,668,106,11813,-3073,-905,134,-636,-424,-209,369,351,0
2637348,722,724,0,68,7938,-4599,-1067,93,-729,-26,-4,395,336,0
2640703,723,725,0,650,3477,-4369,-1139,51,-586,-440,468,383,305,0
2644017,724,726,0,1137,272,-4612,-1540,-30,-679,-245,307,378,279,0
2647352,725,727,0,1493,-3673,-4688,-2560,-150,-1386,222,38,379,260,0
2650704,726,728,0,1493,-9896,-3352,-3572,-305,64,197,192,373,260,0
2654020,728,728,0,1456,-11675,-2091,-3720,-507,-129,23,99,373,278,0
2657354,729,729,0,1081,-10409,-1861,-3399,-695,21,246,94,363,298,0
2660704,730,730,125,800,-10758,-931,-3554,-873,77,238,-116,349,313,0
2664024,731,731,312,800,-11555,-407,-3608,-1029,-191,-3,-21,339,313,0
2667358,732,732,650,987,-12526,-772,-2953,-1168,-99,156,-254,321,303,0
2670732,733,733,893,1343,-12445,-386,-2708,-1279,-157,-41,-202,325,301,0
2674026,734,734,425,425,-13092,-417,-2762,-1374,303,-97,-169,334,334,0
2677361,735,735,650,425,-13786,-31,-2358,-1443,51,9,94,338,350,0
2680704,736,737,837,50,-12935,465,-2580,-1490,383,75,-22,328,354,0
2684030,737,738,537,0,-11953,1415,-2323,-1497,294,-208,163,328,348,0
2687364,738,739,1831,106,-9599,2181,-1686,-1477,1127,-230,530,275,351,0
2690704,739,740,1381,143,-3971,2604,267,-1404,238,-95,589,299,349,0
2694033,740,741,1043,50,-1831,3219,1199,-1293,683,-21,276,317,354,0
2697391,741,742,950,143,295,3345,1029,-1191,307,23,209,322,349,0
2700725,742,743,1212,237,2235,2419,727,-1108,23,15,164,308,344,0
2704037,743,744,1737,443,2840,2099,258,-1037,336,102,133,280,333,0
2707395,744,745,1175,406,4449,2254,455,-989,29,284,115,308,333,0
2710729,745,746,781,650,5106,2945,229,-997,464,-124,101,329,320,0
2714040,746,747,537,575,5960,2732,-54,-1040,-55,9,184,342,324,0
2717398,747,748,631,687,5660,2979,-372,-1103,206,-9,14,337,318,0
2720729,748,749,875,350,6138,3366,-282,-1168,120,37,62,324,336,0
2724042,749,750,762,425,6798,3994,127,-1206,488,-48,169,330,332,0
2727401,750,752,931,200,7506,4294,454,-1218,49,-128,126,321,328,0
2730730,751,752,987,575,6463,4040,991,-1196,239,-214,476,318,324,0
2734046,752,754,893,368,5826,2744,1189,-1126,168,-292,474,323,319,0
2737404,753,754,1175,931,3874,1073,847,-1105,-228,-461,389,308,305,0
2740729,754,755,1606,818,1783,-724,1343,-1035,203,-343,730,287,313,0
2744049,754,756,2225,631,694,-2172,1625,-950,248,-337,815,270,323,0
2747408,755,758,2150,31,2381,-4421,2069,-850,-98,-220,582,274,339,0
2750730,756,758,1793,275,2643,-5803,2266,-731,340,-43,348,293,342,0
2754053,757,760,1475,200,4015,-6164,2550,-572,753,242,219,310,330,0
2757411,758,761,1550,425,6634,-4691,1817,-403,214,283,542,306,318,0
2760730,759,762,1193,425,6255,-3626,1111,-252,-271,186,172,325,318,0
2764055,760,763,856,312,3052,-2671,930,-117,290,-408,-59,343,324,0
2767412,761,764,387,443,1670,-2167,-1089,-40,-904,299,466,368,317,0
2770730,762,765,556,406,-1173,-625,-1265,32,350,-269,376,359,319,0
2774058,764,766,368,143,-106,70,-2159,57,-409,-170,159,353,333,0
2777417,765,767,87,125,-1657,-1558,-2956,49,-166,-314,187,351,317,0
2780752,766,768,237,331,-2737,-2519,-3282,33,-74,-213,-231,343,306,0
2784062,767,769,200,668,-3013,-3173,-2988,13,68,29,87,345,304,0
2787417,768,769,518,762,-3325,-4225,-2831,6,-187,-42,-55,328,299,0
2790755,769,770,218,650,-4480,-4480,-1795,22,225,146,83,344,305,0
2794065,770,771,0,31,-4308,-3605,-1514,28,-106,115,-44,344,322,0
2797421,771,772,87,500,-5715,-2064,-1149,-16,408,-248,228,351,313,0
2800755,772,773,0,387,-3911,-2113,-216,-60,212,65,104,341,303,0
2804069,773,774,312,312,-2621,-1373,1796,-36,337,141,305,323,307,0
2807421,774,775,893,368,-32,-892,2736,26,78,44,176,292,304,0
2810755,775,776,1043,687,577,-822,3300,121,186,224,251,284,287,0
2814071,776,777,1550,1081,1524,-20,4262,240,106,131,166,274,283,0
2817421,777,778,1100,1100,2144,671,5307,399,128,215,424,298,282,0
2820756,778,779,1250,1062,2487,346,5242,564,151,389,262,290,284,0
2824074,778,779,1531,1287,3548,72,5338,742,142,389,410,291,288,0
2827422,779,780,1306,968,5223,4,5027,908,52,297,303,303,305,0
2830756,780,781,1193,893,5940,-191,4387,1041,-559,227,111,309,309,0
2834078,781,782,743,687,3779,625,3770,1145,-583,163,24,333,320,0
2837422,782,783,331,837,336,1371,3061,1210,-344,-60,112,355,312,0
2840757,784,784,0,668,-1129,1049,1860,1231,-299,3,350,362,321,0
2844081,785,785,0,837,-2061,591,102,1207,-57,-96,157,358,312,0
2847450,786,786,500,1287,-3421,-181,-751,1142,79,-164,225,344,302,0
2850757,787,787,275,837,-3008,-374,-1559,1043,-434,-37,240,340,310,0
2854084,788,788,556,875,-4836,-798,-2531,899,-48,46,-8,325,308,0
2857422,789,789,481,987,-6853,-968,-3110,731,-158,-16,224,345,318,0
2860757,790,790,87,556,-8365,-1068,-2687,567,-635,215,-123,350,325,0
2864087,791,791,218,537,-11398,26,-2895,420,4,-374,163,343,326,0
2867444,792,792,612,762,-11522,1020,-2971,292,1379,148,342,338,330,0
2870778,793,793,387,331,-6072,3046,-2432,187,216,314,507,334,337,0
2874090,794,794,481,237,-2520,4114,-2307,149,672,-185,446,329,342,0
2877447,795,796,1212,181,2433,3181,-2614,107,-21,-76,556,306,345,0
2880812,796,797,1512,312,4308,1577,-2486,97,99,-455,49,292,340,0
2884094,797,798,1343,0,4331,-623,-1075,156,-151,-249,284,285,344,0
2887447,798,799,2243,181,3376,-1645,-265,250,325,-219,341,253,347,0
2890781,799,800,2150,237,4346,-1931,324,353,624,-57,379,258,344,0
2894098,799,801,2281,0,5708,-1914,974,472,339,98,-46,251,342,0
2897447,800,802,2637,331,5314,-796,1158,565,490,40,163,248,339,0
2900781,801,803,2450,462,5432,-138,1902,671,281,-118,317,258,332,0
2904100,802,804,2150,500,6785,-596,2611,789,116,-17,40,274,330,0
2907448,802,805,2431,537,6499,-1862,1934,856,-224,-207,-133,275,328,0
2910782,803,806,2262,537,6049,-4416,1686,853,-447,-176,-79,284,328,0
2914104,804,807,2393,575,4025,-7139,-50,766,-493,544,362,277,326,0
2917448,805,808,2187,162,-40,-5418,-1920,602,544,652,327,271,331,0
2920783,806,809,2506,237,3083,-3184,-2571,389,-659,225,434,254,327,0
2924107,806,810,2412,293,2688,-1999,-3109,126,-362,514,567,259,308,0
2927448,807,811,2675,987,-1233,-1386,-5017,-194,-177,592,407,261,287,0
2930782,808,812,1962,818,-2091,35,-5614,-536,-365,263,228,283,280,0
2934110,809,812,1887,1175,-2819,988,-6122,-884,-192,173,202,287,277,0
2937449,810,813,1868,1212,-5557,471,-6581,-1227,-89,382,57,288,275,0
2940783,811,814,1531,856,-6131,616,-6587,-1551,-331,167,26,306,294,0
2944113,812,815,1343,875,-7887,-775,-6482,-1849,-435,103,-229,316,293,0
2947470,813,816,706,968,-9180,-2182,-6510,-2111,-252,157,-119,350,288,0
2950806,814,817,350,875,-10964,-1707,-5618,-2289,50,-205,326,369,293,0
2954116,815,818,668,987,-8847,256,-3443,-2373,802,242,789,369,304,0
2957473,816,819,950,1006,-5510,330,-2170,-2393,425,-256,238,354,303,0
2960806,817,820,1006,706,-2183,1382,-294,-2323,-98,164,137,351,319,0
2964119,818,820,1212,1212,-1133,2220,1540,-2177,-69,-417,-219,340,308,0
2967474,819,822,1718,800,-1334,1417,2407,-2018,114,129,-2,313,314,0
2970807,820,822,1268,931,-94,1210,3025,-1833,76,14,5,337,323,0
2974122,822,824,762,950,496,1506,4373,-1604,-234,57,-56,364,322,0
2977474,823,825,218,406,992,494,3946,-1404,774,-77,303,377,335,0
2980807,824,826,481,275,5094,-666,3418,-1225,-23,115,78,363,342,0
2984126,825,827,706,143,7043,-1339,3230,-1043,-140,-48,38,351,349,0
2987474,826,828,762,87,7374,-1401,3476,-857,107,-112,45,348,352,0
2990807,827,829,518,87,7962,-968,3709,-707,-63,59,-78,359,350,0
2994129,828,830,368,312,9706,-448,3279,-596,-258,105,-118,367,338,0
2997474,830,831,68,556,8215,-914,2933,-515,-437,-5,112,367,325,0
3000808,831,832,0,575,6138,-1125,2605,-464,-226,92,190,381,324,0
