Time, Rlegs, Llegs, DCL, DCR, GyroX, GyroY, GyroZ, GyroZAvg, AccelX, AccelY, AccelZ, LBEMF, RBEMF, SteerOut
979,396,428,0,0,-128,-81,246,245,-1,-5,228,36,36,0
4309,396,428,0,0,-128,-79,245,245,0,-8,233,36,36,0
7646,396,428,0,0,-128,-80,246,245,-1,-8,229,36,36,0
10980,396,428,0,0,-128,-80,244,245,-2,-2,229,36,36,0
14313,396,428,0,0,-127,-80,245,245,-2,-5,233,36,36,0
17668,396,428,0,0,-129,-77,245,245,0,-6,229,36,36,0
20982,396,428,0,0,-128,-78,244,245,1,-6,229,36,36,0
24316,396,428,0,0,-127,-82,243,245,-1,-4,223,36,36,0
27671,396,428,0,0,-126,-81,245,245,0,-5,229,36,36,0
31004,396,428,0,0,-128,-78,246,245,-3,-5,227,36,36,0
34319,396,428,0,0,-127,-82,247,245,0,-3,226,36,36,0
37671,396,428,0,0,-128,-80,244,245,1,-7,223,36,36,0
41008,396,428,0,0,-127,-79,246,245,-1,-3,228,36,36,0
44322,396,428,0,0,-127,-81,245,245,-2,-4,222,36,36,0
47672,396,428,0,0,-128,-81,244,245,0,-5,228,36,36,0
51012,396,428,0,0,-127,-80,245,245,0,-4,230,36,36,0
54326,396,428,0,0,-127,-79,246,245,0,-6,228,36,36,0
57672,396,428,0,0,-129,-81,245,245,1,-4,225,36,36,0
61013,396,428,0,0,-125,-81,246,245,0,-9,224,36,36,0
64329,396,428,0,0,-128,-79,247,245,0,-7,226,36,36,0
67672,396,428,0,0,-129,-79,246,245,1,-7,230,36,36,0
71014,396,428,0,0,-127,-80,247,245,-1,-5,235,37,36,0
74332,396,428,0,0,-125,-82,245,245,-1,-5,228,36,36,0
77672,396,428,0,0,-126,-81,246,245,-2,-4,229,36,36,0
81014,396,428,0,0,-127,-82,243,245,0,-11,229,36,36,0
84335,396,428,0,0,-127,-78,245,245,1,-9,226,36,36,0
87673,396,428,0,0,-126,-80,244,245,1,-7,227,36,36,0
91014,396,428,0,0,-126,-83,245,245,1,-2,231,36,36,0
94339,396,428,0,0,-125,-80,246,245,-1,-4,223,36,36,0
97694,396,428,0,0,-129,-78,245,245,-2,-7,229,36,36,0
101014,396,428,0,0,-127,-79,245,245,0,-9,219,36,36,0
104342,0,0,0,0,-125,-81,245,245,0,-8,224,36,36,0
107697,0,0,0,0,-127,-79,245,245,0,-6,223,36,36,0
111015,0,0,0,0,-128,-80,246,245,0,-3,223,36,36,0
114345,0,0,0,0,-126,-82,244,245,-2,-4,226,36,36,0
117698,0,0,0,0,-127,-80,246,245,1,-2,226,36,36,0
121015,0,0,0,0,-130,-80,246,245,-1,-2,229,36,36,0
124348,0,0,0,0,-127,-80,246,245,0,-2,225,36,36,0
127698,0,0,0,0,-129,-82,245,245,1,-5,224,36,36,0
131017,0,0,0,0,-127,-81,245,245,0,-4,229,36,36,0
134352,0,0,0,0,-128,-81,247,245,0,-11,226,36,36,0
137698,0,0,0,0,-124,-79,243,245,-2,-2,230,36,36,0
141041,0,0,0,0,-128,-80,245,245,0,-8,227,36,36,0
144354,0,0,0,0,-128,-81,244,245,-2,-3,226,36,36,0
147698,0,0,0,0,-128,-81,246,245,1,-10,228,36,36,0
151041,0,0,0,0,-128,-79,245,245,0,-2,230,36,36,0
154358,0,0,0,0,-127,-80,246,245,-1,-2,226,36,36,0
157698,0,0,0,0,-127,-81,246,245,1,-9,226,36,36,0
161041,0,0,0,0,-125,-82,244,245,0,-3,229,37,36,0
164361,0,0,0,0,-128,-79,244,245,0,-3,233,37,36,0
167699,0,0,0,0,-127,-81,246,245,0,-3,227,36,36,0
171043,0,0,0,0,-127,-81,244,245,-1,-6,227,36,36,0
174365,0,0,0,0,-129,-78,244,245,0,-3,226,36,36,0
177699,0,0,0,0,-130,-81,246,245,-2,-7,227,36,36,0
181042,0,0,0,0,-128,-81,246,245,0,-4,227,36,36,0
184367,0,0,0,0,-128,-82,245,245,-1,-7,225,36,36,0
187720,0,0,0,0,-127,-78,243,245,0,-6,228,36,36,0
191042,0,0,0,0,-125,-80,243,245,-1,-4,227,37,36,0
194370,0,0,0,0,-129,-79,246,245,0,-2,230,36,36,0
197724,0,0,0,0,-127,-80,247,245,-3,-10,229,37,36,0
201042,0,0,0,0,-127,-78,245,245,0,-6,224,36,36,0
204375,0,0,912,3800,-126,-81,247,245,-9,-14,221,36,0,0
207727,0,1,0,1006,-139,-132,237,244,-72,57,261,98,191,0
211045,0,1,200,950,-396,-192,253,245,35,49,209,90,210,0
214377,1,2,0,425,-79,-180,362,248,6,15,259,92,222,0
217727,1,3,406,31,-83,-36,554,258,16,8,177,79,227,0
221070,1,4,406,31,25,2,582,269,43,-8,274,79,227,0
224381,1,4,218,12,241,-47,529,277,-38,-67,160,89,228,0
227727,1,5,462,12,-23,-307,390,282,-220,-104,239,92,228,0
231074,2,6,0,87,-929,-500,105,277,-84,-120,232,105,208,0
234384,2,7,556,143,-1402,-1033,-126,266,102,-150,258,87,189,0
237728,2,7,350,350,-798,-1802,149,263,-163,-34,392,98,194,0
241074,2,8,575,218,-1032,-1786,148,260,-137,-82,245,102,185,0
244386,3,9,143,556,-1348,-1925,-132,248,-63,-26,218,109,183,0
247728,3,9,350,612,-1253,-2033,-307,231,-19,-38,222,98,164,0
251074,3,10,556,837,-895,-2268,-479,208,-30,34,180,103,152,0
254390,4,10,0,781,-356,-2466,-643,180,-107,113,165,122,155,0
257728,4,11,500,818,8,-2003,-805,148,-75,237,152,106,153,0
261074,4,11,406,800,51,-787,-837,114,-140,104,176,111,154,0
264393,5,12,50,987,-384,75,-741,83,-210,82,197,114,144,0
267751,5,12,425,1212,-1209,128,-439,62,-199,84,244,110,132,0
271074,5,12,556,1081,-2247,-149,194,60,-191,111,265,103,139,0
274396,5,13,781,1137,-3403,-716,759,76,312,285,290,107,136,0
277751,6,13,368,781,-2515,-266,1045,101,-19,152,287,113,155,0
281075,6,14,1100,856,-1205,589,1898,153,-99,178,259,90,151,0
284399,6,14,837,950,-2176,774,1947,206,181,179,279,104,146,0
287752,7,15,293,931,-2075,723,2283,270,293,101,337,125,139,0
291074,7,15,687,725,-1424,580,2658,345,52,114,304,104,150,0
294402,7,16,1156,518,-1443,-228,2226,407,204,94,323,95,145,0
297752,8,16,650,856,-1150,-575,2154,467,234,124,294,106,143,0
301075,8,17,500,650,-439,-781,2411,534,87,221,242,114,138,0
304405,8,17,931,968,-510,-941,2725,612,139,158,261,107,137,0
307752,9,17,68,800,-545,-1233,2716,689,153,103,190,137,146,0
311076,9,18,762,593,-448,-1619,2592,762,59,165,159,116,141,0
314410,9,18,781,837,-658,-1855,2920,846,89,80,194,115,144,0
317753,10,19,12,481,-752,-1992,3349,943,25,60,148,140,147,0
321078,10,19,631,762,-732,-2270,3511,1041,156,117,192,123,148,0
324413,10,20,575,481,-309,-2379,3761,1141,-95,122,83,126,147,0
327753,11,20,200,256,-530,-2395,3903,1245,233,3,79,146,159,0
331081,11,21,406,368,-65,-2421,4123,1358,209,71,38,135,153,0
334415,12,21,0,0,681,-2393,3963,1469,171,-59,-33,151,177,0
337753,12,22,275,106,765,-2507,4191,1597,83,15,69,142,167,0
341084,13,22,0,0,1441,-2273,3751,1718,-14,53,65,150,178,0
344418,13,23,0,0,1494,-1330,3465,1822,-80,44,46,150,165,0
347777,14,23,0,106,1264,-565,2870,1907,93,11,92,147,167,0
351087,14,24,0,0,1973,-10,2184,1979,-37,3,166,144,166,0
354422,14,25,368,0,3026,1326,1729,2043,-186,118,144,137,160,0
357778,15,25,0,0,2551,2520,1214,2096,121,59,69,153,158,0
361090,15,26,0,0,2862,3344,76,2118,34,-73,-8,146,144,0
364426,16,26,0,387,3369,3477,-716,2121,-68,-52,124,154,136,0
367795,16,26,500,275,3060,4087,-1428,2102,-225,20,52,138,142,0
371093,17,27,50,443,2335,4735,-1268,2086,-583,-142,196,146,141,0
374428,17,27,0,237,-1826,4110,-1220,2062,-252,-101,428,149,152,0
377786,18,28,106,612,-4254,3003,-870,2028,-133,-27,495,143,132,0
381097,18,28,0,631,-4499,2452,-758,1981,21,41,304,154,131,0
384431,18,29,312,293,-4053,2803,-732,1925,364,71,537,148,133,0
387788,19,29,0,387,-2739,3442,-1139,1830,449,-247,495,151,144,0
391100,19,29,256,143,-1038,3058,-516,1754,100,-123,636,135,157,0
394434,20,30,218,162,1209,2129,468,1697,-25,-318,344,137,156,0
397787,20,31,425,237,624,1419,1060,1647,85,-276,322,126,136,0
401103,21,31,425,1043,496,1032,1833,1635,-109,-295,385,126,109,0
404437,21,31,181,800,145,809,2246,1637,218,-444,422,139,122,0
407787,21,32,781,668,305,-339,2281,1633,284,-320,424,123,129,0
411106,22,32,143,537,1021,-1759,2728,1633,-144,-190,206,141,136,0
414441,22,32,293,556,323,-2046,2795,1636,171,-146,180,133,135,0
417787,23,33,256,556,15,-2048,2613,1637,95,-178,296,135,135,0
421109,23,33,200,237,-68,-2416,2960,1638,70,-121,155,138,152,0
424444,23,34,668,312,-122,-2480,3274,1636,76,2,150,129,148,0
427788,24,34,87,162,169,-2281,3358,1631,67,-41,205,144,156,0
431113,24,35,875,68,493,-1916,3796,1632,69,14,174,118,145,0
434448,25,35,743,443,786,-1574,3671,1625,-56,17,263,125,141,0
437788,25,36,762,162,916,-1013,3435,1603,24,56,226,124,140,0
441116,25,36,856,575,1307,-271,2816,1567,-245,24,125,119,134,0
444451,26,36,350,518,1102,271,2243,1506,15,96,130,130,137,0
447788,26,37,1043,575,1151,237,1433,1434,164,-36,251,109,134,0
451119,26,37,1062,350,1455,-93,1000,1357,174,111,189,116,146,0
454454,27,38,331,143,2185,-5,667,1288,223,36,190,139,149,0
457813,27,38,725,0,3304,88,313,1230,77,80,109,118,162,0
461122,28,39,575,87,4330,249,-282,1167,-31,107,72,126,152,0
464457,28,39,218,0,4601,242,-600,1110,-86,71,108,145,161,0
467814,28,40,556,0,4709,185,-503,1092,-146,133,119,127,157,0
471126,29,40,387,12,4093,280,-624,1095,-242,-56,119,136,156,0
474460,29,41,443,0,3460,153,-919,1111,-219,58,168,133,141,0
477814,30,41,406,331,2874,-384,-868,1123,-112,-31,141,135,139,0
481130,30,41,425,350,2144,-1152,-861,1134,-431,108,171,134,138,0
484464,30,42,406,143,258,-1196,-712,1139,-266,79,202,135,133,0
487815,31,42,162,518,-1081,-1065,-860,1136,-29,56,163,148,129,0
491132,31,43,368,218,-1428,-907,-1044,1126,-34,109,181,137,129,0
494466,32,43,368,218,-1367,-559,-1244,1123,26,79,187,137,129,0
497815,32,43,500,481,-1168,-349,-1298,1099,-8,56,175,130,131,0
501135,32,44,500,237,-1027,-90,-1680,1032,108,37,189,130,128,0
504470,33,44,387,687,-586,168,-2129,932,94,64,233,136,120,0
507815,33,45,537,256,-173,440,-2441,798,92,113,220,128,127,0
511139,34,45,368,293,340,580,-2763,642,106,44,165,137,125,0
514473,34,45,481,612,656,904,-2801,483,-153,44,224,131,124,0
517816,34,46,500,237,391,975,-2488,320,-196,-122,234,130,128,0
521142,35,46,350,781,-945,319,-2183,164,-80,-105,258,138,115,0
524476,35,46,500,706,-1558,-140,-1780,27,37,-27,294,130,119,0
527816,36,47,425,256,-1332,-353,-1308,-105,-49,0,274,134,127,0
531145,36,47,537,593,-1657,-448,-964,-238,-147,-121,282,128,125,0
534479,36,47,1006,481,-1901,-302,-532,-359,-47,-97,347,127,131,0
537816,37,48,293,425,-1661,-31,-285,-487,-48,-76,355,149,142,0
541148,37,48,481,312,-1461,189,247,-594,-32,-55,235,139,148,0
544482,38,49,518,443,-1256,384,645,-681,-112,-123,248,137,141,0
547841,38,49,556,256,-1384,582,944,-739,-43,-147,325,135,151,0
551151,39,50,537,406,-1253,919,1252,-770,-135,-181,281,136,143,0
554486,39,50,368,425,-1368,886,1399,-771,-90,-228,207,145,142,0
557844,39,51,1025,200,-1271,533,1383,-759,-81,-200,242,126,138,0
561154,40,51,387,575,-1336,414,1258,-741,-113,-146,308,144,134,0
564489,40,51,518,518,-1616,592,1071,-717,-11,-211,426,137,137,0
567844,41,52,462,612,-1197,878,1083,-675,-113,-273,328,140,132,0
571158,41,52,406,612,-1422,680,915,-627,-89,-218,289,143,132,0
574493,41,53,893,725,-2072,250,732,-589,-78,-139,259,133,126,0
577849,42,53,256,593,-2753,-91,771,-545,77,-106,251,151,133,0
581161,42,53,856,443,-2614,-326,1236,-478,154,-68,270,135,141,0
584495,43,54,312,425,-1824,-647,1777,-395,163,45,218,148,142,0
587853,43,54,500,368,-1409,-833,2211,-299,86,12,228,138,145,0
591164,44,55,518,668,-946,-731,2438,-201,243,69,218,137,129,0
594499,44,55,575,406,200,-735,2498,-96,280,53,237,134,143,0
597853,44,56,950,275,1718,-763,3015,30,72,16,207,130,150,0
601167,45,56,293,106,3110,-418,3929,192,99,102,119,149,159,0
604501,45,57,781,0,3949,-13,4161,362,37,31,52,139,153,0
607853,46,57,237,275,4030,-125,4542,557,-75,-56,46,152,150,0
611170,46,58,368,12,3236,-699,5046,781,-117,-19,17,145,148,0
614505,47,58,218,293,2501,-630,5625,1033,-51,-161,77,153,149,0
617867,47,59,368,275,1846,-935,5977,1306,-28,87,247,153,142,0
621173,48,59,0,350,855,-1611,5682,1571,-147,94,46,161,138,0
624508,48,59,125,293,-1094,-1636,5321,1815,-23,126,107,150,141,0
627853,49,60,87,518,-2644,-1329,4956,2038,162,-6,249,152,129,0
631177,49,60,181,406,-1861,-1400,4434,2233,112,168,350,147,135,0
634511,49,61,406,143,-300,-1309,4333,2409,71,28,316,135,133,0
637854,50,61,350,387,400,-1136,4241,2572,-214,75,254,138,136,0
641180,50,61,575,275,548,-1054,3991,2713,-87,111,181,126,142,0
644514,51,62,537,200,236,-717,3378,2827,-409,170,309,128,146,0
647854,51,62,537,87,-718,-44,2702,2904,-63,147,294,128,152,0
651184,51,63,650,87,-551,689,1913,2944,16,112,366,122,136,0
654517,52,63,537,500,146,787,1419,2959,88,81,331,128,130,0
657875,52,64,706,68,1105,623,1255,2959,10,11,300,119,137,0
661186,53,64,556,500,1657,57,1029,2947,-50,-38,220,127,130,0
664521,53,64,275,481,1347,-382,977,2934,-182,21,95,142,131,0
667879,53,65,293,237,257,-377,1549,2943,-362,75,-66,141,128,0
671189,54,65,12,650,-1657,-281,1275,2950,-132,-47,86,156,122,0
674524,54,65,87,556,-2467,-704,1058,2949,-250,-8,49,152,127,0
677879,55,66,0,575,-3097,-953,1089,2955,-176,60,32,160,126,0
681193,55,66,218,462,-4584,-610,794,2956,73,15,167,145,132,0
684527,56,67,0,50,-4207,-442,616,2952,514,86,254,146,138,0
687880,56,67,350,275,-2349,-200,672,2934,353,106,114,138,142,0
691196,57,68,0,162,559,-30,1083,2912,30,21,171,147,148,0
694531,57,68,31,0,872,-123,958,2873,-222,23,10,155,157,0
697879,58,69,0,0,-521,-119,602,2816,-4,-32,201,151,154,0
701199,58,69,181,237,-1497,-107,553,2755,305,-63,201,155,152,0
704533,58,69,143,162,-372,-241,585,2679,434,50,433,157,156,0
707880,59,70,106,0,1511,-37,800,2581,100,107,306,159,152,0
711202,60,70,0,462,2711,540,491,2467,-27,174,209,159,140,0
714537,60,71,0,218,1999,1075,120,2328,43,3,289,166,137,0
717880,61,71,0,650,989,1463,28,2172,-19,48,335,158,130,0
721205,61,72,0,387,-691,1649,-384,1984,43,75,364,160,128,0
724540,62,72,200,500,-1734,1972,-422,1784,-29,105,416,154,122,0
727880,62,72,50,762,-1632,2282,-272,1598,401,-24,536,146,124,0
731209,62,73,293,237,-514,1979,-59,1430,127,-115,479,133,136,0
734543,63,73,143,462,-424,1213,420,1288,-35,-140,361,141,140,0
737880,63,74,425,312,-1184,355,813,1175,182,-143,340,126,132,0
741212,64,74,443,743,-751,315,1491,1086,185,-191,344,125,125,0
744546,64,74,218,500,-2,356,2165,1021,134,-238,328,137,138,0
747902,64,75,893,331,580,37,2683,980,99,-171,322,117,147,0
751216,65,75,293,237,1152,-430,3259,976,160,-153,332,133,152,0
754549,65,76,500,31,1745,-644,3877,1013,-1,-174,240,122,147,0
757905,65,76,762,331,1665,-914,4216,1085,-45,-181,141,124,147,0
761218,66,77,106,31,616,-1322,4494,1181,-85,-176,166,143,147,0
764553,66,77,762,293,-182,-1827,4591,1285,101,-158,151,124,149,0
767906,67,78,125,0,13,-2424,4492,1394,1,-154,132,142,151,0
771221,67,78,781,125,126,-2808,4097,1491,-70,-44,174,123,158,0
774557,67,79,800,0,-322,-2682,3806,1562,9,-99,221,122,162,0
777905,68,79,556,0,-382,-2492,3470,1630,92,-17,191,135,171,0
781225,68,80,875,0,80,-2387,3240,1699,-46,-43,159,118,164,0
784560,69,80,350,0,228,-2298,2821,1753,40,-44,175,138,172,0
787906,69,81,443,0,495,-2385,2438,1804,29,-11,184,133,162,0
791228,69,81,650,0,1197,-2678,1818,1842,-10,158,34,122,166,0
794562,70,82,312,0,1993,-2371,1306,1861,-78,-61,128,140,156,0
797906,70,82,593,0,2069,-2131,1473,1874,129,92,264,125,164,0
801231,70,83,1006,0,2394,-2103,813,1869,-312,24,197,119,156,0
804565,71,83,537,0,1555,-2022,597,1869,-119,122,240,128,160,0
807907,71,84,781,0,873,-1955,53,1853,339,142,212,115,152,0
811235,72,84,781,0,2691,-1535,-160,1830,-319,141,281,115,153,0
814569,72,85,743,0,2033,-1435,-584,1787,-372,106,304,117,141,0
817907,72,85,1287,0,484,-1451,-751,1748,-222,192,390,104,138,0
821237,73,85,837,331,-624,-1459,-1153,1708,-73,97,263,112,123,0
824596,73,86,687,237,-1108,-1377,-1358,1665,108,352,127,120,112,0
827928,73,86,1100,500,-121,-1112,-1842,1619,-92,197,95,114,114,0
831241,74,86,293,368,454,-779,-1956,1571,-160,136,105,141,121,0
834599,74,87,800,200,-60,-788,-2369,1506,-5,49,51,130,114,0
837932,75,87,275,425,18,-844,-2823,1419,70,-35,64,142,118,0
841244,75,87,275,368,654,-826,-3277,1304,-89,115,66,142,121,0
844602,75,88,725,443,357,-385,-3912,1156,-77,134,46,134,117,0
847932,76,88,181,293,-351,293,-4478,970,115,42,134,147,125,0
851248,76,89,425,68,95,869,-4377,765,188,98,129,134,121,0
854605,77,89,162,462,856,1417,-3860,561,-34,196,178,148,116,0
857932,77,89,425,256,-5,2023,-3513,349,-45,173,104,134,127,0
861250,78,90,556,218,-1736,2712,-3249,126,83,223,124,127,129,0
864608,78,90,500,162,-2028,3413,-2727,-90,66,126,176,130,132,0
867932,78,90,1062,518,-2135,3719,-2283,-301,13,-44,142,124,137,0
871254,79,91,125,106,-1976,3162,-1816,-502,-54,45,227,158,143,0
874612,79,91,781,368,-1566,2860,-1587,-691,-22,43,127,139,145,0
877933,80,92,125,106,-1518,2526,-1181,-856,139,-31,348,158,143,0
881257,80,92,406,106,-439,2083,-1080,-1009,-261,-205,411,143,143,0
884614,81,93,162,256,-1572,1973,-1386,-1161,-232,-154,527,156,135,0
887933,81,93,256,312,-3027,1563,-1531,-1310,103,-315,428,151,132,0
891260,82,93,425,575,-2948,789,-1134,-1434,179,-241,459,142,134,0
894615,82,94,312,275,-1835,36,-686,-1531,149,-231,407,148,134,0
897934,82,94,668,256,-1164,-739,17,-1587,164,-203,424,145,135,0
901263,83,95,125,387,-425,-1481,284,-1619,-327,-97,254,158,128,0
904620,83,95,537,331,-1463,-1501,560,-1648,-96,-125,233,152,131,0
907955,84,95,50,743,-1770,-1507,961,-1643,-49,51,266,162,125,0
911266,84,96,293,331,-799,-797,1067,-1629,13,8,231,149,131,0
914625,85,96,68,687,-1765,-129,1097,-1596,-197,-42,272,161,128,0
917958,85,97,237,350,-1384,459,1482,-1545,-133,-12,231,152,130,0
921270,86,97,68,500,-1379,864,1495,-1480,-171,-43,188,161,122,0
924624,86,97,350,818,-1317,897,1971,-1395,59,-53,191,146,121,0
927959,87,98,0,481,-871,696,2446,-1282,-233,-76,170,150,123,0
931273,87,98,406,856,-2295,398,2669,-1156,-224,-18,101,143,119,0
934624,88,98,0,687,-3632,15,2733,-1013,162,-48,141,151,128,0
937958,88,99,481,631,-3800,-815,3012,-858,176,-4,123,139,131,0
941276,88,99,406,218,-3066,-1290,3109,-687,-8,-6,6,143,153,0
944625,89,100,537,143,-3287,-1135,3135,-501,39,0,54,136,157,0
947959,89,100,537,106,-2645,-885,3016,-304,-2,142,143,136,159,0
951279,90,101,162,312,-2615,-766,3129,-84,28,-52,118,148,140,0
954624,90,101,368,462,-2418,-910,3080,151,13,-83,40,137,132,0
957959,91,101,500,312,-2349,-1209,2984,381,8,107,197,130,140,0
961282,91,102,537,331,-1769,-894,2817,590,217,147,396,128,139,0
964625,91,102,725,387,-393,-639,2900,790,352,193,352,118,136,0
967959,92,103,612,668,1278,-366,3052,987,218,169,409,124,121,0
971285,92,103,725,556,3708,-73,3186,1172,101,206,321,118,127,0
974625,92,103,1231,481,4107,281,2952,1336,34,144,259,107,131,0
977959,93,104,631,575,3465,341,2477,1470,-208,261,129,123,126,0
981289,93,104,687,575,1077,474,2145,1586,-360,188,234,120,126,0
984646,93,105,1156,575,-1143,250,1820,1680,303,180,379,111,126,0
987980,94,105,387,425,-976,-149,1220,1752,365,141,340,136,134,0
991293,94,105,556,218,395,-310,1138,1831,340,30,304,127,145,0
994650,95,106,668,200,1536,-662,923,1908,99,-10,223,121,146,0
997984,95,106,387,87,1808,-1090,539,1960,-26,96,191,136,152,0
1001295,95,107,875,0,1202,-812,437,1995,113,56,80,126,145,0
1004649,96,107,68,143,1181,-725,360,2006,306,-43,163,153,149,0
1007985,96,108,350,0,2094,-1009,-21,1996,204,-5,176,138,149,0
1011299,97,108,350,12,2902,-1095,-45,1977,97,86,55,138,156,0
1014651,97,109,181,0,3007,-946,39,1948,-137,10,45,147,151,0
1017985,97,109,725,0,2533,-325,-287,1906,90,151,172,134,154,0
1021301,98,110,312,0,2804,685,-259,1864,-87,55,114,140,151,0
1024651,98,110,350,0,2372,1399,-230,1810,57,40,186,138,155,0
1027984,99,111,162,0,2887,2423,-284,1755,-21,-183,200,148,151,0
1031305,99,111,312,0,3041,2435,131,1697,-376,-193,297,140,150,0
1034650,100,111,200,293,1271,2129,95,1624,-241,-71,269,154,149,0
1037985,100,112,331,0,-716,1948,182,1546,-293,-99,188,147,150,0
1041308,101,112,425,556,-1470,1880,546,1478,153,-264,331,142,135,0
1044650,101,113,462,293,-1333,1692,492,1399,-120,-60,261,140,133,0
1047986,101,113,950,331,-1222,1795,624,1321,36,-263,393,130,131,0
1051311,102,114,518,725,-1095,1601,565,1241,-140,-349,447,137,126,0
1054651,102,114,781,425,-920,1050,558,1164,47,-326,450,123,126,0
1057985,103,114,762,856,-375,431,438,1080,60,-272,542,124,119,0
1061314,103,115,518,593,261,339,639,1004,-170,-325,320,137,117,0
1064672,103,115,1025,931,389,-72,933,940,9,-304,385,126,115,0
1068007,104,115,500,668,1229,-948,1814,908,66,-133,378,138,129,0
1071317,104,116,1043,162,1836,-1300,2475,895,-47,-199,370,125,140,0
1074675,105,116,218,518,1879,-2076,3321,903,-80,-144,249,153,137,0
1078009,105,117,256,537,1657,-2950,4232,936,-105,64,169,151,120,0
1081321,106,117,387,837,591,-2827,4545,986,-168,29,111,144,120,0
1084676,106,117,162,593,-670,-2880,4629,1053,136,-148,169,156,133,0
1088009,106,118,668,537,-537,-3524,5013,1143,-202,64,231,145,136,0
1091324,107,118,87,762,-1527,-3061,4424,1224,-27,118,177,160,124,0
1094677,107,118,631,950,-2220,-2107,3468,1294,181,14,83,147,114,0
1098010,108,119,200,875,-1551,-1404,2755,1345,103,51,204,154,118,0
1101327,108,119,500,631,-1011,-1052,1864,1374,115,87,194,138,131,0
1104677,109,120,237,500,-594,-619,1255,1397,48,89,185,152,138,0
1108010,109,120,462,368,-298,374,863,1410,194,17,206,140,145,0
1111330,110,121,537,725,549,754,670,1420,170,52,244,136,142,0
1114691,110,121,818,406,1261,363,571,1438,127,52,230,129,143,0
1118010,110,121,893,650,1652,-484,645,1460,132,117,249,125,138,0
1121333,111,122,462,575,2025,-1060,623,1478,56,139,221,132,126,0
1124678,111,122,1025,1231,2382,-1376,481,1502,-2,190,209,118,107,0
1128010,112,122,500,1118,1902,-1045,-506,1494,-19,76,351,130,113,0
1131337,112,123,331,875,1527,-841,-777,1477,300,103,205,139,110,0
1134678,112,123,1062,1250,2098,-851,-882,1458,-220,146,206,116,106,0
1138011,113,123,443,1025,628,-840,-1340,1412,12,118,243,133,118,0
1141340,113,124,1006,856,217,-1298,-1496,1363,-184,71,214,119,111,0
1144677,113,124,987,1212,-805,-1783,-1864,1299,-114,36,200,120,108,0
1148011,114,124,481,1006,-1713,-2976,-1898,1222,226,220,337,131,119,0
1151343,114,125,1156,987,-876,-2644,-1844,1149,67,293,374,111,120,0
1154699,114,125,950,931,-370,-1856,-1525,1082,13,291,343,122,123,0
1158036,115,125,612,781,-122,-852,-1140,1029,82,334,343,140,131,0
1161347,115,126,462,875,-582,676,-1240,973,211,204,369,148,126,0
1164702,116,126,125,762,-289,1978,-906,931,-21,165,279,150,132,0
1168039,116,127,1118,818,-151,2445,-557,893,16,150,222,113,129,0
1171349,116,127,1043,725,288,2405,-597,846,-73,189,284,117,134,0
1174702,117,127,875,706,1376,1831,-598,770,144,14,99,126,135,0
1178043,117,128,1025,743,2974,342,-758,669,9,-47,-35,118,133,0
1181353,118,128,0,687,3238,-789,-966,535,-167,159,-43,157,136,0
1184703,118,129,443,818,2748,-491,-1027,371,-184,80,6,149,129,0
1188044,119,129,0,762,806,-351,-1193,192,-193,112,16,157,132,0
1191356,119,129,218,687,-643,-508,-1447,2,-28,179,53,145,136,0
1194703,120,130,368,650,-1214,41,-1865,-212,27,154,36,137,138,0
1198060,120,130,706,537,-1409,988,-2175,-418,-283,41,26,143,144,0
1201359,120,131,631,725,-2914,1471,-2616,-609,-210,93,58,147,142,0
1204703,121,131,312,500,-4401,1629,-2936,-786,73,46,133,148,154,0
1208045,121,132,837,537,-4334,1467,-3198,-945,49,95,161,136,152,0
1211362,122,132,218,387,-3611,1259,-3405,-1090,44,20,252,153,160,0
1214704,122,133,837,443,-3094,1305,-3165,-1216,275,50,330,136,157,0
1218045,123,133,0,293,-1465,1782,-2889,-1327,50,-194,440,167,165,0
1221366,123,134,0,200,-868,1639,-2698,-1429,-4,-115,287,165,154,0
1224704,124,134,0,443,-599,1547,-2665,-1533,59,-318,181,178,157,0
1228046,124,135,0,87,-287,2364,-1267,-1592,267,-452,192,178,160,0
1231369,125,135,0,200,660,1786,-381,-1619,1097,-658,334,195,170,0
1234725,126,136,0,12,4284,-8,453,-1589,-465,-354,133,196,164,0
1238045,126,136,0,368,4798,-1822,1939,-1504,-471,-150,308,185,161,0
1241372,127,137,0,200,2167,-1486,2394,-1402,67,167,405,200,154,0
1244729,127,137,0,162,1704,-444,2390,-1285,-180,-162,247,191,156,0
1248046,128,138,0,500,-298,-114,2177,-1170,-777,-18,267,191,138,0
1251376,129,138,0,706,-3777,699,1580,-1063,15,12,305,191,127,0
1254729,129,139,0,856,-4993,1625,1571,-954,-84,-109,391,179,119,0
1258046,130,139,0,762,-4352,1068,1674,-844,59,-116,527,174,124,0
1261378,130,139,50,706,-3222,400,1609,-746,-143,-21,425,146,127,0
1264729,131,140,200,706,-2908,53,2072,-646,-8,-131,333,122,127,0
1268071,131,140,987,650,-2321,-794,2386,-533,-121,-101,224,96,130,0
1271382,131,140,912,875,-2641,-1399,2408,-429,-63,93,213,100,134,0
1274729,132,141,237,406,-2909,-1513,2286,-340,-81,33,263,120,143,0
1278072,132,141,650,650,-2893,-1773,1991,-259,307,54,280,114,146,0
1281386,132,142,968,368,-1601,-1944,1443,-196,101,102,263,105,145,0
1284729,132,142,762,500,-594,-1828,1274,-132,52,82,255,116,146,0
1288072,133,143,425,350,-12,-1606,865,-75,36,162,183,118,138,0
1291389,133,143,1156,725,36,-1223,784,-18,-73,126,118,95,134,0
1294730,133,143,706,687,-64,-948,764,42,6,138,149,119,136,0
1298072,134,144,331,500,-158,-799,746,110,-50,122,120,123,130,0
1301391,134,144,856,706,-523,-257,1045,201,-134,112,55,111,135,0
1304730,134,145,331,0,-1284,403,1159,305,178,-133,21,139,158,0
1308073,135,145,350,125,-818,-86,1183,424,339,-68,28,138,166,0
1311394,135,146,387,0,334,-712,1010,547,23,75,-62,136,163,0
1314751,136,146,0,0,995,-788,751,671,-174,74,3,144,172,0
1318073,136,147,481,0,50,-473,861,804,182,24,97,131,163,0
1321398,137,147,0,0,610,-827,392,915,182,43,58,144,164,0
1324755,137,148,556,181,1458,-1313,511,1022,-17,41,123,127,147,0
1328074,137,148,631,68,1377,-1649,428,1119,98,147,130,123,153,0
1331401,138,149,293,0,1579,-1365,465,1217,151,205,227,125,148,0
1334756,138,149,818,87,1979,-1075,248,1264,24,167,272,113,152,0
1338075,138,150,575,0,2184,-928,-93,1273,66,221,266,126,148,0
1341404,139,150,556,0,1868,-805,-244,1252,-135,213,341,127,147,0
1344756,139,151,781,0,843,-680,-398,1179,-195,277,509,115,142,0
1348073,140,151,256,12,-110,132,-668,1083,-31,310,543,127,140,0
1351407,140,151,537,312,393,957,-969,978,105,150,467,128,140,0
1354756,140,152,650,0,1259,1373,-936,881,110,39,389,122,143,0
1358098,141,152,368,0,1960,1328,-969,801,-71,-15,295,137,146,0
1361410,141,153,425,31,1470,976,-927,723,84,77,128,134,139,0
1364771,141,153,725,368,1836,811,-654,650,39,-29,-115,142,145,0
1368102,142,154,0,31,1886,575,-893,572,-14,-121,-85,165,147,0
1371414,142,154,143,0,1310,504,-797,482,-143,8,42,157,152,0
1374756,143,155,181,0,842,720,-827,382,-19,103,84,155,152,0
1378102,143,155,200,0,351,1252,-731,284,-70,24,186,154,153,0
1381418,144,155,87,237,-214,1345,-911,184,-360,-53,192,160,152,0
1384756,144,156,368,237,-636,998,-1107,87,36,-27,330,145,136,0
1388102,145,156,106,387,-552,760,-1205,4,-535,-97,301,159,128,0
1391420,145,157,275,612,-2518,362,-1381,-78,-60,-66,488,150,116,0
1394778,146,157,0,631,-2934,197,-1235,-143,-34,233,313,153,115,0
1398103,146,157,406,762,-1683,1285,-1750,-222,-573,-282,423,143,124,0
1401423,147,158,0,256,-2764,1630,-1847,-304,109,-3,422,151,135,0
1404780,147,158,575,556,-2784,2302,-982,-358,315,-131,578,134,135,0
1408102,148,159,331,312,162,2430,-475,-405,164,-207,377,131,132,0
1411426,148,159,575,556,824,2201,-471,-456,-90,-184,359,134,119,0
1414780,148,159,668,912,435,1696,-9,-494,-70,-258,375,129,116,0
1418103,149,160,143,668,-6,610,291,-516,120,-237,395,141,113,0
1421430,149,160,687,1006,153,-80,190,-534,-49,-276,395,128,111,0
1424780,149,160,537,875,60,-850,746,-537,16,-10,190,136,118,0
1428104,150,161,331,1025,-248,-1243,914,-521,120,-109,179,147,110,0
1431433,150,161,518,950,592,-1178,1208,-499,129,-105,158,137,114,0
1434780,151,161,237,818,1460,-1478,1359,-470,125,-112,136,152,137,0
1438104,151,162,387,406,2221,-1695,1629,-434,-101,-88,-19,144,143,0
1441436,152,162,181,368,1296,-1785,1612,-391,-112,67,44,139,145,0
1444781,152,163,500,575,178,-1655,1551,-340,-37,72,100,138,134,0
1448119,152,163,743,687,-1169,-1524,1422,-288,-45,109,87,133,136,0
1451439,153,163,368,593,-1808,-1293,1149,-239,270,37,132,137,141,0
1454781,153,164,893,387,-1088,-1280,1132,-183,248,2,138,109,136,0
1458108,154,164,875,631,917,-1667,1527,-105,291,-3,125,110,139,0
1461443,154,165,518,350,2082,-2276,1887,-17,-7,38,85,129,138,0
1464781,154,165,1156,481,2345,-2725,2467,90,-135,97,-54,111,131,0
1468111,155,165,650,762,1270,-2892,2509,197,146,172,166,122,132,0
1471445,155,166,425,425,950,-2855,2608,299,-75,243,142,134,134,0
1474782,155,166,1287,762,450,-1944,2283,398,41,264,196,104,132,0
1478114,156,167,687,500,415,-841,1909,483,192,211,245,120,130,0
1481449,156,167,950,537,938,176,1593,558,220,147,298,106,128,0
1484806,156,167,1362,650,1948,879,1720,635,35,201,183,100,138,0
1488118,157,168,687,200,2163,1175,1783,719,-8,134,134,120,146,0
1491452,157,168,1025,537,1499,1364,1908,813,-166,97,157,118,144,0
1494809,157,169,1175,125,507,1009,2301,923,-57,237,280,110,150,0
1498122,158,169,800,50,86,509,1958,1027,564,50,219,114,154,0
1501456,158,170,1587,200,2312,-115,2128,1132,-53,17,125,88,146,0
1504813,158,170,1137,181,1712,245,923,1216,-647,187,433,112,147,0
1508124,159,171,1156,368,-697,1105,-485,1258,40,-151,506,111,137,0
1511458,159,171,1381,350,-506,125,-980,1258,86,-182,442,99,138,0
1514814,159,171,1231,350,1438,-1028,-680,1252,-148,19,343,107,138,0
1518127,160,172,987,537,1636,-1248,-806,1242,-412,77,206,120,128,0
1521461,160,172,725,500,321,-899,-1848,1184,-81,-66,251,134,130,0
1524816,160,173,1118,575,-133,-623,-2367,1101,2,34,213,129,126,0
1528130,161,173,556,500,-163,-448,-2760,1009,-268,-34,162,143,130,0
1531466,161,173,1081,856,-743,-258,-2827,897,-112,46,160,139,135,0
1534816,162,174,331,275,-1283,-237,-2667,785,-124,-61,162,163,150,0
1538133,162,174,968,275,-1519,-396,-2543,668,-124,114,259,145,150,0
1541468,163,175,425,368,-1609,-123,-2524,547,-73,15,287,158,145,0
1544816,163,175,668,125,-1949,691,-2619,414,-192,56,172,145,158,0
1548137,164,176,537,200,-2116,504,-2433,288,-39,-73,138,152,154,0
1551472,164,176,443,162,-1734,-172,-1842,182,-161,-7,207,157,156,0
1554816,165,177,237,237,-1952,-393,-1084,103,-336,-54,71,168,152,0
1558141,165,177,387,200,-3191,-457,-574,49,-321,-109,-48,160,154,0
1561474,166,178,275,0,-4273,-1027,255,22,183,65,171,150,159,0
1564817,166,178,650,143,-2760,-824,965,4,-58,10,317,146,157,0
1568143,167,179,275,0,-2064,-396,1652,-2,-202,37,226,150,154,0
1571478,167,179,631,312,-2182,-46,2039,-15,18,5,279,147,148,0
1574816,168,180,350,0,-2134,-109,2423,-18,11,-25,334,146,152,0
1578146,168,180,668,368,-1806,-233,2490,-22,36,-102,396,145,145,0
1581481,168,180,668,368,-1765,-231,2385,-18,-32,-47,396,145,145,0
1584816,169,181,462,218,-2154,-79,1932,-18,100,-10,376,156,137,0
1588150,169,181,668,443,-1990,97,1618,-17,81,-40,288,145,141,0
1591485,170,182,87,68,-1792,227,1327,-29,159,-20,268,160,145,0
1594842,170,182,687,500,-573,488,1738,-31,101,-7,220,144,138,0
1598153,171,183,0,312,-11,563,2168,-23,-43,-71,215,167,132,0
1601487,171,183,537,593,-261,225,2364,-21,-49,-29,188,152,133,0
1604842,172,183,12,331,-493,-20,2705,2,114,-10,193,164,147,0
1608156,172,184,687,31,193,-138,2994,29,91,-170,156,144,147,0
1611490,173,184,218,256,835,-818,2692,84,65,-162,119,153,151,0
1614843,173,185,518,68,1889,-2011,2276,170,193,34,40,145,153,0
1618159,174,185,106,0,3062,-1942,2299,273,62,73,-12,151,157,0
1621494,174,186,181,31,4306,-1396,2609,376,-84,-53,73,147,139,0
1624843,175,186,181,612,3361,-1595,2611,482,-428,12,124,147,124,0
1628162,175,186,68,650,1480,-2467,2417,616,-150,116,107,153,122,0
1631497,175,187,593,387,-88,-2726,2565,770,-76,191,120,141,120,0
1634843,176,187,68,462,-832,-1896,2550,936,147,237,305,153,132,0
1638166,176,188,331,0,-179,-928,2066,1089,-57,196,283,139,141,0
1641500,177,188,87,462,398,16,2148,1239,-142,301,280,152,132,0
1644843,177,188,218,575,119,1281,2069,1383,-84,281,210,145,126,0
1648169,178,189,237,350,-947,1577,2161,1530,-508,-37,19,144,122,0
1651504,178,189,462,818,-2965,923,1986,1674,267,-80,326,132,113,0
1654844,178,189,668,500,-1204,144,2392,1824,321,22,435,121,130,0
1658172,179,190,518,481,916,18,2696,1966,108,106,306,129,131,0
1661506,179,190,556,368,2223,143,2647,2083,-108,203,119,127,137,0
1664844,180,191,481,125,1068,422,2497,2179,-120,63,-67,131,134,0
1668175,180,191,256,406,-10,496,2105,2237,-8,96,57,143,135,0
1671510,180,192,500,237,-63,493,1870,2265,-25,183,99,130,144,0
1674844,181,192,331,275,-313,1044,1431,2258,109,202,160,139,142,0
1678178,181,192,387,162,252,1339,1310,2235,255,88,198,136,148,0
1681513,182,193,68,0,1397,1441,1206,2197,48,-44,209,137,149,0
1684869,182,193,368,68,2177,1188,935,2149,-16,-69,87,137,153,0
1688182,182,194,350,0,2098,790,717,2096,76,-58,103,138,152,0
1691516,183,194,200,31,2232,671,608,2055,123,-29,136,146,155,0
1694873,183,195,350,0,2191,426,520,2021,-113,-30,99,138,148,0
1698185,184,195,87,200,629,245,308,1989,3,-64,412,160,154,0
1701519,184,196,12,12,-511,188,72,1937,122,5,738,164,148,0
1704878,185,196,0,125,384,611,-481,1854,199,-89,466,166,158,0
1708188,185,197,87,12,1124,1146,-1011,1749,-180,-20,190,160,148,0
1711523,186,197,0,50,197,1579,-1290,1624,-179,-198,45,171,146,0
1714880,186,198,0,237,-2216,1529,-1854,1472,166,-90,232,165,136,0
1718192,187,198,0,87,-1241,1393,-2109,1322,73,-28,226,170,144,0
1721525,187,198,68,350,110,1314,-2194,1183,-47,-18,256,161,146,0
1724881,188,199,0,106,-418,1405,-2328,1038,274,-311,601,170,143,0
1728195,188,199,68,200,-257,1222,-2051,892,-207,-142,160,161,138,0
1731529,189,200,0,387,-923,534,-1828,754,-104,-187,276,169,128,0
1734882,189,200,162,425,-1837,-514,-1072,645,-18,-31,300,156,126,0
1738197,190,200,0,837,-1700,-608,-855,538,29,-9,296,165,120,0
1741533,190,201,0,500,-1448,-274,-694,436,-8,-46,254,157,122,0
1744882,191,201,0,950,-1073,-154,-202,365,-139,-79,162,161,114,0
1748202,191,201,0,837,-1459,-290,132,302,-15,-66,200,154,120,0
1751535,192,202,0,631,-1659,-345,420,251,75,-84,133,155,115,0
1754881,192,202,31,1212,-1213,-313,852,210,-49,-52,155,147,100,0
1758204,193,202,0,1118,-932,-384,1155,184,-62,-99,230,149,105,0
1761538,193,203,181,1062,-1013,-659,1515,157,-135,-121,264,139,108,0
1764882,193,203,181,1100,-1512,-760,1649,124,-117,6,272,139,106,0
1768207,194,203,12,1306,-1889,-564,1727,95,-47,-22,272,148,111,0
1771541,194,204,218,743,-2133,-328,1475,63,3,-9,239,137,125,0
1774882,195,204,106,1062,-2420,-224,1594,47,-310,63,219,143,124,0
1778211,195,204,162,1006,-3200,-58,1531,37,12,88,171,140,127,0
1781545,196,205,387,725,-3569,336,1298,32,306,109,164,136,134,0
1784883,196,205,0,575,-2764,663,1334,33,-69,-74,-129,145,142,0
1788213,196,206,575,350,-2804,0,1096,30,161,22,197,126,138,0
1791548,197,206,143,631,-1969,-549,1407,45,18,76,317,133,139,0
1794904,197,207,518,237,-1476,-1748,2152,89,230,56,324,113,144,0
1798217,197,207,987,725,-1288,-2391,2337,143,407,170,383,104,134,0
1801552,198,207,312,668,60,-2314,2366,201,172,275,140,124,137,0
1804907,198,208,968,275,988,-1031,2860,281,151,174,168,105,142,0
1808221,198,208,1062,425,1493,-534,2984,372,180,95,204,100,150,0
1811555,199,209,631,125,2042,-439,3139,485,168,154,209,107,150,0
1814908,199,209,1175,443,2497,-416,3319,620,106,89,70,94,149,0
1818223,199,210,1193,143,2483,-542,2999,754,128,89,78,93,149,0
1821558,199,210,931,0,2757,-1002,2771,899,239,128,87,107,160,0
1824908,200,211,631,162,2793,-1448,2157,1032,73,195,93,123,148,0
1828227,200,211,931,162,2364,-1083,1616,1151,195,139,74,107,148,0
1831561,200,212,1493,256,2758,-630,906,1252,52,-25,592,93,143,0
1834908,201,212,837,125,2321,-526,509,1332,-213,120,219,112,150,0
1838230,201,212,1025,237,1421,-715,263,1398,307,163,315,102,144,0
1841564,201,213,1531,237,2580,-818,231,1438,334,357,217,91,144,0
1844908,202,213,818,68,4291,-348,-403,1452,215,7,440,113,153,0
1848233,202,214,1418,125,4461,-689,-425,1461,170,-91,720,97,134,0
1851567,202,214,1325,350,3538,-648,-461,1453,-407,80,267,102,138,0
1854908,203,215,481,162,1743,-470,-1128,1413,-202,62,71,131,132,0
1858236,203,215,762,481,942,-564,-1581,1351,16,144,248,132,131,0
1861571,204,215,725,368,325,10,-1896,1265,36,140,170,134,137,0
1864908,204,216,1381,1062,908,652,-2515,1150,-5,87,133,155,156,0
1868240,205,216,518,368,1276,562,-2831,1015,69,252,-1,185,193,0
1871574,205,217,950,331,1458,1233,-3624,850,-278,-140,176,178,195,0
1874930,206,218,500,125,111,1716,-4034,670,-180,-241,166,186,190,0
1878242,206,218,837,143,-973,509,-3676,509,-649,-53,-60,184,189,0
1881577,207,219,387,275,-362,-434,-3083,363,-196,-293,396,192,182,0
1884933,208,220,612,12,834,-905,-2407,240,-403,-327,298,164,180,0
1888245,208,220,837,556,268,-1363,-2242,129,-474,-100,72,168,167,0
1891580,209,221,443,125,-1357,-1801,-1904,28,-289,-21,157,173,174,0
1894934,209,221,818,443,-1603,-2105,-1279,-46,-117,-6,149,169,173,0
1898250,210,222,331,293,-1906,-2194,-956,-119,-11,64,216,179,165,0
1901583,210,222,856,275,-1791,-2114,-267,-195,-213,55,202,167,166,0
1904934,211,223,350,481,-2698,-1579,207,-262,-320,149,134,178,155,0
1908252,211,223,668,443,-4169,-1070,443,-322,-68,100,216,161,157,0
1911586,212,224,537,612,-4605,-744,752,-388,-77,80,202,168,148,0
1914934,212,224,500,500,-4437,-476,1125,-446,65,117,345,170,154,0
1918255,213,225,537,706,-3636,-612,1415,-499,50,20,287,168,143,0
1921590,214,225,125,443,-2868,-735,1633,-552,3,225,100,174,157,0
1924935,214,226,706,162,-2644,-342,1411,-602,160,100,176,159,156,0
1928258,215,226,443,368,-1723,-81,1614,-638,96,135,182,157,161,0
1931593,215,227,706,387,-905,-164,1531,-658,64,121,196,159,144,0
1934934,216,227,181,743,-35,-51,1614,-658,-23,60,117,171,141,0
1938262,216,227,293,706,380,-240,1890,-627,-113,-50,208,165,143,0
1941596,217,228,181,818,1776,54,2196,-574,110,55,290,171,137,0
1944949,217,228,631,743,2141,89,2427,-506,-192,112,72,155,141,0
1948265,218,229,143,593,1583,496,2780,-427,-147,165,128,165,141,0
1951623,218,229,331,575,528,733,2926,-323,33,39,161,155,142,0
1954956,219,230,143,687,559,603,2895,-219,32,96,215,165,136,0
1958268,219,230,350,668,1436,485,2970,-112,43,40,200,154,137,0
1961626,220,231,12,312,2214,337,3150,21,-95,65,164,156,140,0
1964959,220,231,481,706,1868,362,3109,167,-136,-45,141,147,135,0
1968271,221,231,87,462,808,180,2934,318,-112,66,177,152,148,0
1971629,221,232,500,350,-304,-330,2596,478,59,100,171,146,154,0
1974960,221,232,518,275,-489,-345,2252,637,160,155,110,145,158,0
1978274,222,233,0,0,441,59,2021,813,152,81,113,158,158,0
1981634,222,233,650,256,1236,756,1377,982,45,50,109,138,159,0
1984960,223,234,0,0,1391,686,977,1128,27,-115,70,158,158,0
1988278,223,234,631,0,518,644,343,1235,-115,100,118,139,164,0
1991636,224,235,50,50,-607,909,-78,1308,-77,7,171,154,154,0
1994961,224,235,275,0,-1819,820,-315,1368,76,-58,279,142,158,0
1998281,225,236,331,256,-1784,583,-867,1400,58,-70,300,139,143,0
2001638,225,236,162,200,-1401,403,-1350,1398,367,-60,461,148,146,0
2004960,225,237,500,106,62,666,-1599,1378,158,-47,460,146,135,0
2008284,226,237,0,500,778,948,-1840,1329,-26,-80,428,161,130,0
2011642,226,237,0,518,287,1289,-2181,1254,-72,-84,339,157,129,0
2014962,227,238,0,575,-1255,1279,-2356,1167,-16,-94,336,164,126,0
2018287,227,238,0,462,-1759,1188,-2618,1061,-13,-73,295,158,132,0
2021643,228,239,0,162,-2000,1511,-3001,933,120,-51,304,162,132,0
2024962,228,239,31,518,-1602,1894,-3177,789,3,-91,256,155,129,0
2028290,229,239,31,293,-1518,2045,-3463,630,-74,-51,174,163,141,0
2031648,229,240,143,406,-2022,2090,-3679,471,-74,-43,101,157,143,0
2034983,230,240,0,181,-2536,2362,-3837,300,-74,-34,93,169,155,0
2038293,230,241,50,350,-3005,2786,-3951,129,-34,-57,89,162,146,0
2041652,231,241,0,143,-3166,3243,-3999,-45,-16,-41,51,172,157,0
2044986,231,242,50,275,-3189,3311,-3880,-226,59,-25,60,162,150,0
2048297,232,242,0,143,-2873,3407,-3828,-414,97,2,190,172,157,0
2051652,232,243,12,87,-2205,3929,-3651,-604,-43,-51,137,164,144,0
2054987,233,243,0,425,-2279,4056,-3544,-802,36,26,82,170,142,0
2058300,233,244,0,387,-2547,4239,-3413,-1000,41,-34,-15,162,144,0
2061653,234,244,0,425,-1853,4432,-3489,-1199,248,-67,73,157,142,0
2064987,234,245,31,0,532,4342,-3338,-1396,421,-300,375,147,152,0
2068303,235,245,256,256,3176,3714,-2969,-1587,251,-280,277,135,151,0
2071653,235,245,556,181,3712,1428,-2290,-1756,-141,-198,315,119,155,0
2074988,236,246,556,68,2127,-107,-1437,-1893,-216,-220,365,119,145,0
2078307,236,246,368,687,468,-1274,-804,-1999,309,-90,518,129,128,0
2081652,236,247,518,556,994,-1058,-718,-2092,-113,-54,202,121,119,0
2084987,237,247,368,856,1279,-1015,-48,-2156,-382,-26,158,129,119,0
2088310,237,247,406,687,-151,-1643,1033,-2167,278,-109,312,127,128,0
2091653,237,248,818,893,609,-2326,1982,-2136,72,-142,249,121,117,0
2094987,238,248,237,912,818,-3040,2587,-2066,-99,-185,219,136,116,0
2098313,238,248,818,668,198,-3828,3427,-1956,22,-2,264,121,129,0
2101653,238,249,631,556,152,-3802,4257,-1813,43,23,245,131,135,0
2104988,239,249,143,387,-193,-3359,4597,-1643,-113,-22,300,141,144,0
2108316,239,250,856,443,-760,-3005,4860,-1448,155,26,173,119,141,0
2111688,240,250,537,312,240,-2513,5030,-1241,66,70,82,128,156,0
2114988,240,251,762,106,807,-1975,4864,-1032,184,-8,105,116,151,0
2118320,240,251,931,12,1444,-1537,4738,-816,46,72,143,107,156,0
2121678,241,252,875,143,1702,-1246,4332,-607,63,75,162,110,149,0
2125009,241,252,725,12,1689,-1104,3936,-402,3,36,189,118,156,0
2128322,241,253,1043,0,1740,-825,3624,-195,-25,102,208,101,148,0
2131678,242,253,931,143,1850,-521,3126,1,-106,77,142,107,149,0
2135012,242,253,762,143,1816,-351,2783,196,52,13,160,116,149,0
2138325,242,254,1531,143,1905,-395,2391,386,140,130,236,91,149,0
2141678,242,254,1137,162,2630,-181,2032,570,-116,129,306,112,148,0
2145013,243,255,762,0,2101,-53,1744,747,-221,114,316,116,142,0
2148329,243,255,1456,256,1206,-9,1439,917,-43,223,237,95,143,0
2151679,243,256,1043,50,986,548,1036,1071,23,228,153,117,138,0
2155013,244,256,1006,425,1364,498,706,1213,-51,102,341,119,134,0
2158332,244,256,1175,387,1836,-90,352,1338,-156,131,363,110,136,0
2161678,245,257,237,106,1806,-752,-128,1445,-251,94,242,144,135,0
2165014,245,257,593,368,1129,-782,-594,1533,-232,139,142,141,137,0
2168336,245,258,706,50,717,-656,-810,1616,-200,85,120,135,138,0
2171679,246,258,631,237,370,-390,-1430,1676,-3,33,237,139,144,0
2175014,246,259,687,0,354,-203,-1614,1718,-202,-46,211,136,145,0
2178339,247,259,0,0,-356,20,-1896,1731,-109,-67,149,163,148,0
2181680,247,259,312,256,-1601,620,-2582,1695,-146,-13,150,156,143,0
2185014,248,260,0,0,-2134,1317,-2791,1633,-139,-40,172,170,144,0
2188341,248,260,293,0,-2091,1841,-2934,1564,-91,-139,210,157,149,0
2191680,249,261,0,0,-2540,1690,-2939,1473,-290,-177,38,167,144,0
2195030,249,261,462,368,-3682,1027,-2666,1358,-141,-181,10,156,145,0
2198345,250,262,0,12,-4650,57,-2398,1221,-61,-222,116,172,148,0
2201701,250,262,481,0,-4329,-1301,-1944,1079,-35,-129,245,155,152,0
2205037,251,263,0,31,-3697,-2008,-1450,927,-128,-131,116,167,147,0
2208349,251,263,162,12,-3890,-2706,-1188,757,-202,-81,114,156,148,0
2211704,252,263,0,500,-4166,-2914,-526,596,-136,-86,201,166,138,0
2215037,252,264,237,106,-4377,-2532,-47,443,166,260,383,152,143,0
2218351,253,264,125,106,-3450,-1309,294,295,171,158,609,158,143,0
2221705,253,265,331,256,-2378,1277,818,169,257,71,923,147,135,0
2225038,254,265,68,275,-1125,2038,1343,63,174,-118,418,145,134,0
2228355,254,265,443,725,40,1782,1539,-24,51,-117,415,141,126,0
2231705,254,266,293,425,232,735,2326,-74,53,-98,214,149,126,0
2235038,255,266,275,743,-83,-141,2788,-100,-188,-72,121,150,125,0
2238358,255,267,256,275,-993,-540,2980,-105,36,-28,127,151,134,0
2241705,256,267,275,481,-1814,-353,2678,-108,4,324,-11,150,139,0
2245038,256,267,425,462,-1477,812,2733,-97,103,-153,65,142,140,0
2248361,257,268,0,0,-856,778,2732,-75,294,-78,199,152,151,0
2251705,257,268,537,387,286,-418,2028,-67,25,-6,87,136,144,0
2255039,258,269,50,256,444,-1094,1416,-67,-52,35,95,146,135,0
2258364,258,269,706,593,-58,-1336,1038,-67,-61,-112,249,127,133,0
2261705,258,270,537,331,-377,-1656,870,-62,672,-192,502,136,131,0
2265039,259,270,443,706,638,-1929,1488,-27,177,45,394,141,127,0
2268367,259,270,762,706,376,-1747,1575,26,-65,83,246,124,127,0
2271705,260,271,650,387,-372,-813,1735,98,219,-108,327,130,128,0
2275039,260,271,650,800,269,-1050,1740,178,52,-25,256,130,122,0
2278370,260,271,818,818,566,-1596,1674,275,175,31,275,129,129,0
2281727,261,272,312,537,184,-1471,1442,371,217,-111,218,140,128,0
2285064,261,272,706,593,438,-1985,1573,479,-55,162,294,119,125,0
2288373,261,273,1081,687,13,-1798,1331,601,103,133,291,115,120,0
2291731,262,273,406,612,-104,-1359,1234,727,26,102,309,135,124,0
2295064,262,273,1137,650,23,-1280,1163,855,-56,152,325,112,122,0
2298378,263,274,462,650,138,-1040,1018,979,36,186,263,132,122,0
2301731,263,274,443,500,567,-728,817,1088,131,213,214,133,130,0
2305067,263,274,968,781,1303,-526,824,1188,128,4,105,121,131,0
2308380,264,275,106,368,1770,-637,714,1271,41,-30,-139,151,137,0
2311731,264,275,612,237,1504,-973,1011,1348,-50,125,-37,140,144,0
2315072,265,276,12,162,507,-901,942,1415,-44,-14,56,156,148,0
2318383,265,276,87,87,87,-1014,864,1458,-16,102,119,152,152,0
2321731,266,277,106,293,-156,-797,356,1471,249,-46,138,151,141,0
2325073,266,277,218,256,1025,-825,400,1474,36,-87,129,145,143,0
2328386,266,277,331,387,1462,-1099,297,1458,-35,36,242,139,136,0
2331732,267,278,256,462,1198,-835,-83,1413,-45,82,242,143,132,0
2335073,267,278,368,368,1156,-364,-259,1357,-138,47,205,137,137,0
2338389,268,279,181,575,556,-27,-473,1270,-12,89,337,147,126,0
2341732,268,279,387,462,-13,503,-1010,1151,143,132,353,136,132,0
2345074,269,279,125,612,480,720,-1318,1017,24,45,381,134,124,0
2348393,269,280,406,668,717,718,-1485,887,88,-29,408,135,121,0
2351732,269,280,593,575,800,952,-1606,751,11,20,340,125,126,0
2355074,270,281,462,762,569,1188,-1688,613,-82,-56,286,132,116,0
2358396,270,281,481,668,-54,1433,-1666,497,-224,-62,55,131,121,0
2361753,270,281,725,968,-2330,1825,-1321,412,-338,-90,15,142,129,0
2365074,271,282,68,537,-4315,1890,-1360,337,12,-73,155,161,136,0
2368399,271,282,537,425,-5327,1813,-1632,259,221,107,340,152,142,0
2371757,272,283,331,331,-3949,2020,-1620,162,249,95,427,147,147,0
2375074,272,283,462,275,-2960,2128,-1552,64,209,128,388,140,150,0
2378402,273,283,125,537,-2282,2397,-1586,-39,-72,150,204,158,152,0
2381757,273,284,275,275,-2213,3045,-1558,-142,44,-227,200,150,150,0
2385075,274,284,350,593,-1619,2470,-1296,-235,-24,-82,167,146,149,0
2388406,274,285,612,331,-1178,2104,-1457,-325,311,79,89,132,147,0
2391757,275,285,256,256,-48,2710,-1434,-419,-54,-124,62,151,151,0
2395074,275,286,218,312,166,2124,-916,-490,-4,-64,177,153,148,0
2398409,276,286,425,218,455,1431,-742,-551,146,-63,373,142,153,0
2401758,276,287,518,575,1647,902,-456,-602,-100,-62,211,137,134,0
2405100,276,287,556,556,1216,225,-142,-638,-17,-35,225,135,135,0
2408413,277,287,312,1062,1065,-419,181,-658,195,-1,339,148,124,0
2411758,277,288,500,650,2368,-1137,894,-656,-57,-1,285,138,130,0
2415100,278,288,350,743,2761,-1521,1501,-631,-185,-20,212,146,125,0
2418415,278,289,500,781,2168,-1849,2314,-590,-94,21,265,138,123,0
2421758,278,289,425,668,1453,-2169,2956,-528,-67,8,258,142,129,0
2425101,279,289,256,856,955,-2322,3546,-444,-26,28,193,151,135,0
2428418,279,290,425,368,359,-2349,4117,-326,42,85,178,142,145,0
2431758,280,290,237,650,66,-2091,4332,-203,143,63,208,152,146,0
2435101,280,291,425,256,274,-1830,4512,-72,-19,18,217,142,151,0
2438421,281,291,350,50,118,-1681,4502,71,-15,35,172,146,162,0
2441779,281,292,500,12,-488,-1322,4390,216,183,-28,136,138,164,0
2445101,282,292,406,143,-354,-1118,4150,360,205,24,188,135,165,0
2448425,282,293,293,0,-12,-752,3644,506,213,32,222,141,160,0
2451783,282,293,1043,0,1000,-816,3212,647,166,95,200,117,167,0
2455101,283,294,425,0,1208,-830,2910,785,85,93,220,134,165,0
2458428,283,294,481,0,1151,-928,2088,900,216,37,282,131,169,0
2461784,283,295,1118,0,1754,-1232,1574,1002,208,148,223,113,166,0
2465102,284,295,425,0,2412,-982,1089,1088,48,194,131,134,172,0
2468431,284,296,706,0,2417,-358,185,1135,86,98,265,119,159,0
2471783,284,296,950,0,2212,-81,-165,1173,-12,199,290,122,163,0
2475102,285,297,425,0,1709,180,-703,1202,-25,163,284,134,167,0
2478434,285,297,1062,0,1430,434,-1197,1215,190,101,211,116,164,0
2481783,286,298,443,0,1387,438,-1658,1212,-196,163,252,133,162,0
2485126,286,299,612,0,617,798,-2049,1197,-50,83,328,124,145,0
2488438,286,299,1006,87,358,1341,-2596,1165,130,160,238,119,136,0
2491784,287,299,181,256,654,1878,-2874,1115,8,97,153,147,127,0
2495130,287,300,931,68,975,2241,-2978,1068,-9,63,97,123,121,0
2498441,288,300,425,406,1150,2386,-3280,1010,-78,49,122,134,119,0
2501784,288,300,312,293,903,2490,-3626,925,-30,68,159,140,125,0
2505131,288,301,762,350,918,2779,-3802,830,7,3,98,132,122,0
2508444,289,301,50,312,1019,3089,-3956,720,-53,21,77,154,124,0
2511785,289,301,612,200,714,3104,-3866,604,-182,-43,73,140,130,0
2515131,290,302,12,181,-231,3066,-3920,476,8,-52,44,156,131,0
2518448,290,302,256,0,-463,2744,-3829,328,-55,-68,85,143,141,0
2521785,291,303,12,162,-355,2522,-3532,171,-74,-181,124,156,132,0
2525131,291,303,50,106,-1016,1564,-3130,1,-552,-168,116,154,135,0
2528450,292,303,162,518,-3327,325,-2549,-170,-278,-149,173,156,137,0
2531808,292,304,0,106,-4845,-190,-2141,-348,65,-365,273,168,143,0
2535131,293,304,0,312,-4048,-787,-1278,-516,-52,-193,321,177,148,0
2538454,293,305,106,106,-3458,-1381,-112,-655,131,-93,369,159,143,0
2541808,294,305,162,0,-3131,-1576,195,-790,337,-145,594,156,150,0
2545131,294,306,293,87,-1130,-1755,970,-901,131,-94,595,149,144,0
2548457,295,306,0,0,474,-1047,2009,-975,47,-254,487,151,150,0
2551809,295,307,368,293,306,-749,2639,-1022,-44,-126,395,145,133,0
2555131,296,307,50,143,-163,-155,2991,-1043,-243,-224,301,146,141,0
2558460,296,307,350,106,-1530,-170,3205,-1043,25,-201,370,146,143,0
2561809,296,308,575,181,-1419,-505,2876,-1044,-88,-34,213,134,139,0
2565132,297,308,312,50,-1136,-297,2706,-1025,4,5,239,148,146,0
2568463,297,309,518,200,-828,574,2692,-990,-64,-62,212,137,138,0
2571809,298,309,31,125,-980,545,2608,-942,-81,-118,209,147,142,0
2575132,298,309,575,537,-1108,256,2613,-866,-92,-80,193,134,136,0
2578466,298,310,556,68,-1288,157,2586,-780,93,-58,227,135,145,0
2581809,299,310,387,518,-1079,11,2491,-681,109,-49,211,144,137,0
2585136,299,311,650,68,-642,-163,2088,-578,105,40,106,130,145,0
2588470,300,311,256,12,678,563,2177,-458,191,158,91,135,148,0
2591810,300,312,668,200,1875,1430,1863,-336,147,-66,129,129,138,0
2595138,300,312,575,106,2208,1305,1258,-215,-143,-140,188,134,143,0
2598473,301,313,368,443,1622,602,547,-108,-77,-77,203,145,125,0
2601810,301,313,687,593,631,-120,151,-11,-85,-169,223,128,117,0
2605142,302,313,687,950,-398,-1181,-165,86,-23,-140,228,128,114,0
2608476,302,313,818,893,-1721,-2162,-498,183,209,-54,311,121,117,0
2611833,302,314,1137,668,-1254,-2078,-447,288,245,-84,294,112,121,0
2615145,303,314,481,612,-412,-1941,-391,400,246,21,301,131,124,0
2618479,303,315,912,162,1130,-1433,-291,511,-56,54,156,124,132,0
2621837,304,315,406,406,1389,-1018,-235,627,-314,18,55,135,135,0
2625149,304,315,181,575,40,-1035,-623,727,-87,216,88,147,126,0
2628483,304,316,668,762,-218,-457,-346,826,-229,105,81,137,116,0
2631837,305,316,12,481,-59,-295,578,942,97,47,305,156,131,0
2635152,305,317,762,0,373,-384,522,1038,298,-21,212,132,145,0
2638485,306,317,218,12,1685,-482,672,1126,445,-32,128,145,156,0
2641843,306,317,275,0,3549,-632,354,1177,130,-107,-12,142,157,0
2645154,307,318,293,0,4412,-1113,188,1186,-358,88,52,141,165,0
2648489,307,319,87,0,2200,-129,349,1191,232,100,9,152,165,0
2651843,307,319,425,0,3156,390,152,1166,84,111,-6,150,165,0
2655158,308,320,0,0,2979,528,156,1108,-221,78,-20,161,156,0
2658492,308,320,181,0,1754,823,146,1030,-20,118,56,147,152,0
2661844,309,321,181,0,1705,1618,314,946,-46,106,132,147,146,0
2665161,309,321,256,0,1258,2062,228,853,-467,-69,146,143,141,0
2668495,310,321,0,12,-2276,1559,517,780,-417,17,164,161,140,0
2671844,310,322,181,162,-4374,889,393,707,381,-174,614,147,132,0
2675165,311,322,0,87,-2421,-7,1003,654,302,68,661,148,136,0
2678498,311,323,350,0,535,-259,1075,607,11,-41,467,138,130,0
2681844,312,323,0,162,1739,-396,970,555,-291,-127,320,144,132,0
2685167,312,323,0,50,65,-377,1021,506,-124,-141,241,154,138,0
2688501,312,324,87,256,-2680,-44,612,448,169,-133,344,152,127,0
2691859,313,324,0,143,-2244,-23,413,395,122,-162,323,170,133,0
2695170,314,325,0,556,-1368,-174,28,328,47,46,228,173,135,0
2698505,314,325,0,125,-1303,-19,-410,257,-81,-52,190,176,142,0
2701845,315,325,0,462,-995,284,66,220,255,-63,301,183,140,0
2705174,315,326,0,87,-316,248,-122,199,-39,-37,286,172,144,0
2708509,316,326,0,68,-725,93,-196,188,-21,-30,215,173,145,0
2711845,316,327,0,218,-1025,163,9,193,91,-88,221,160,137,0
2715177,317,327,0,181,-1061,249,214,216,38,-61,254,149,139,0
2718511,317,327,181,556,-888,209,279,238,-18,-77,230,139,135,0
2721869,318,328,0,237,-1101,32,378,262,-55,-89,172,135,136,0
2725180,318,328,143,518,-1794,-270,599,290,0,-101,229,141,137,0
2728515,318,329,275,256,-2256,-775,859,324,185,-108,326,134,135,0
2731871,319,329,106,462,-1545,-1240,1161,380,205,-115,359,143,140,0
2735183,319,330,293,162,-561,-1672,1404,435,105,-102,292,133,140,0
2738517,320,330,331,162,177,-1931,1809,473,13,-78,309,131,140,0
2741871,320,330,218,593,-224,-1767,1970,519,-88,-55,320,137,133,0
2745187,320,331,462,368,-710,-1328,1901,557,78,-32,317,124,129,0
2748521,321,331,331,856,-861,-509,1551,594,6,-99,303,131,119,0
2751871,321,331,387,893,-798,-133,1254,628,106,-196,223,128,117,0
2755189,321,332,781,668,-433,-212,1033,649,-52,-149,147,123,113,0
2758524,322,332,106,1118,-568,-630,413,657,-153,-141,184,143,105,0
2761871,322,332,650,893,-765,-1050,-7,652,71,-111,297,130,117,0
2765193,323,333,312,1006,-366,-1267,-561,630,-165,-85,213,132,111,0
2768527,323,333,162,1043,-778,-1390,-1121,585,-197,-16,163,140,109,0
2771872,323,333,837,1287,-1528,-1443,-1439,533,-57,-30,201,120,112,0
2775196,324,334,181,800,-1389,-1350,-1871,459,145,-77,176,147,122,0
2778531,324,334,443,893,531,-1112,-2348,373,18,-105,125,133,125,0
2781872,325,335,218,518,1639,-1305,-2233,272,-244,-50,69,129,129,0
2785199,325,335,518,1043,1118,-1792,-2138,171,-174,30,177,129,117,0
2788533,325,335,725,893,76,-2074,-1810,84,-190,68,245,118,125,0
2791872,326,336,462,612,-770,-2298,-1387,9,-140,210,280,116,124,0
2795202,326,336,1081,987,-1347,-2454,-673,-30,113,260,357,99,120,0
2798538,326,336,1025,575,-1000,-2500,165,-38,315,59,307,102,142,0
2801872,326,337,1268,500,-101,-2625,985,-8,376,112,170,105,146,0
2805206,327,337,725,443,454,-2708,1701,57,-115,187,239,118,149,0
2808541,327,338,931,256,-536,-2895,2151,122,134,164,251,107,143,0
2811898,327,338,1325,443,-1147,-2790,2119,192,15,274,257,102,149,0
2815209,328,339,650,237,-1061,-2708,1992,261,-115,167,174,122,144,0
2818543,328,339,1268,350,-1806,-2300,1569,309,29,78,143,105,138,0
2821901,328,339,1231,593,-2273,-2246,902,331,98,62,214,107,141,0
2825212,329,340,800,293,-2338,-2033,263,330,165,136,261,114,141,0
2828546,329,340,1418,575,-1454,-980,-661,298,119,89,313,97,142,0
2831901,329,341,1287,256,-596,-570,-907,251,146,152,264,104,143,0
2835216,330,341,931,331,91,-346,-933,195,153,322,159,123,139,0
2838550,330,341,1025,668,813,383,-1326,117,-23,168,114,118,137,0
2841909,330,342,875,256,830,956,-1045,41,-105,151,132,126,143,0
2845219,331,342,593,725,312,1315,-959,-45,-96,141,44,141,134,0
2848553,331,343,931,556,-1318,1930,-1263,-146,31,259,65,123,127,0
2851909,332,343,931,406,-1415,2110,-1325,-247,-6,76,117,123,135,0
2855222,332,343,893,687,-927,2072,-999,-326,-88,112,142,125,136,0
2858556,332,344,1400,312,-1649,1908,-1055,-399,20,197,73,122,140,0
2861910,333,344,856,575,-1645,1655,-1313,-472,105,5,201,135,150,0
2865226,333,345,968,181,-802,923,-1173,-521,79,115,233,129,155,0
2868559,334,345,875,443,-584,41,-1415,-565,-90,101,154,134,157,0
2871909,334,346,781,162,-916,84,-1504,-595,60,56,145,139,156,0
2875228,334,346,1156,387,-749,123,-1493,-606,153,97,177,135,160,0
2878563,335,347,425,162,-472,160,-1124,-597,-101,131,208,158,156,0
2881910,335,347,1025,87,-892,408,-931,-567,52,153,198,142,160,0
2885231,336,348,537,218,-1496,736,-840,-520,270,147,297,152,153,0
2888566,336,348,575,31,-418,1385,-186,-456,52,115,235,150,163,0
2891910,337,349,668,275,41,1824,-4,-389,-30,133,282,145,150,0
2895235,337,349,687,125,-114,1978,-56,-335,97,117,226,144,158,0
2898569,338,350,425,237,145,2069,75,-289,-44,160,165,158,152,0
2901910,338,350,593,162,265,2623,249,-260,-87,-87,254,149,156,0
2905238,339,351,350,12,-33,2712,511,-249,182,-70,374,162,148,0
2908573,339,351,331,368,715,2507,978,-250,101,-139,290,163,145,0
2911911,340,351,0,312,1214,2473,1679,-250,38,-155,268,167,148,0
2915242,340,352,481,312,1586,2469,2429,-242,162,-258,292,155,148,0
2918576,341,352,68,275,2050,2210,3355,-203,-154,-131,313,161,150,0
2921932,341,353,556,575,1927,2055,4058,-138,-240,-235,330,151,134,0
2925245,342,353,0,500,436,770,4562,-45,-20,-137,308,170,138,0
2928578,342,354,406,181,-163,-440,4465,66,251,-6,420,159,139,0
2931936,343,354,331,237,901,-124,4523,199,-9,-174,370,147,152,0
2935247,343,355,575,162,1418,255,4135,349,25,-146,357,134,140,0
2938581,343,355,1081,537,1004,164,4631,522,-147,-122,145,123,136,0
2941950,344,355,331,631,-4,-184,4668,697,188,-55,194,155,139,0
2945250,344,356,687,256,-38,-811,4236,870,176,11,209,136,143,0
2948585,345,356,275,50,1234,-711,4106,1031,19,91,211,142,154,0
2951936,345,357,743,143,1997,-14,4544,1203,-50,92,76,133,149,0
2955253,346,357,218,31,1741,566,4310,1378,44,43,-7,145,155,0
2958588,346,358,218,0,992,599,3691,1534,89,19,86,145,142,0
2961936,346,358,537,218,1324,757,3685,1681,-9,-49,61,144,145,0
2965258,347,359,0,0,1522,927,3813,1833,99,-67,-45,157,144,0
2968591,347,359,575,200,1767,744,3978,1998,-2,-4,-99,142,146,0
2971937,348,359,0,162,1837,744,4098,2163,20,23,-22,167,148,0
2975260,348,360,0,0,2107,1029,3900,2329,-30,-24,10,159,152,0
2978594,349,360,0,87,2034,870,3572,2488,56,-27,-34,165,152,0
2981937,349,361,256,0,2293,785,3581,2646,-135,166,-29,143,143,0
2985263,350,361,312,218,2129,1626,3289,2784,12,179,248,140,145,0
2988597,350,362,518,12,2220,2303,2709,2898,13,242,266,129,140,0
2991937,351,362,143,125,2732,2822,1998,2986,-154,154,343,133,134,0
2995266,351,363,556,200,2743,3514,808,3018,-215,119,493,127,130,0
2998601,351,363,725,50,1042,3273,113,3021,38,-72,584,118,138,0
