Time, Rlegs, Llegs, DCL, DCR, GyroX, GyroY, GyroZ, GyroZAvg, AccelX, AccelY, AccelZ, LBEMF, RBEMF, SteerOut
3232,1318,1329,0,0,-122,-77,242,240,-5,-7,228,93,93,0
6546,1318,1329,0,0,-121,-75,242,240,-8,-6,234,93,93,0
9901,1318,1329,0,0,-121,-74,242,240,-7,-3,237,94,94,0
13232,1318,1329,0,0,-120,-77,238,240,-9,-10,229,94,93,0
16549,1318,1329,0,0,-121,-77,239,240,-6,-11,232,94,94,0
19905,1318,1329,0,0,-119,-76,239,240,-5,-8,232,93,94,0
23232,1318,1329,0,0,-117,-73,239,240,-8,-4,232,94,93,0
26552,1318,1329,0,0,-121,-75,239,240,-2,-8,230,93,93,0
29907,1318,1329,0,0,-119,-74,238,240,-6,-5,227,94,94,0
33233,1318,1329,0,0,-121,-76,239,240,-8,-2,231,93,94,0
36555,1318,1329,0,0,-120,-76,240,240,-8,-7,234,93,93,0
39910,1318,1329,0,0,-121,-76,240,240,-9,-5,231,93,93,0
43232,1318,1329,0,0,-121,-75,241,240,-7,-4,228,93,94,0
46559,1318,1329,0,0,-123,-76,241,240,-5,-6,231,94,93,0
49914,1318,1329,0,0,-123,-76,240,240,-5,-11,231,93,93,0
53232,1318,1329,0,0,-122,-77,240,240,-5,-10,228,93,94,0
56561,1318,1329,0,0,-122,-74,243,240,-8,-6,228,93,94,0
59915,1318,1329,0,0,-119,-76,241,240,-6,-9,232,94,94,0
63233,1318,1329,0,0,-121,-74,242,240,-5,-6,224,94,94,0
66565,1318,1329,0,0,-120,-75,240,240,-6,-4,232,94,94,0
69920,1318,1329,0,0,-119,-76,240,240,-9,-4,231,94,94,0
73254,1318,1329,0,0,-119,-76,240,240,-5,-6,230,94,94,0
76568,1318,1329,0,0,-120,-78,240,240,-6,-9,232,94,94,0
79923,1318,1329,0,0,-119,-76,239,240,-2,-6,235,94,93,0
83258,1318,1329,0,0,-120,-77,237,240,-6,-9,232,93,93,0
86571,1318,1329,0,0,-120,-78,240,240,-8,-8,230,94,94,0
89923,1318,1329,0,0,-120,-76,237,240,-6,-8,235,93,93,0
93258,1318,1329,0,0,-120,-76,237,240,-7,-7,232,93,93,0
96575,1318,1329,0,0,-118,-74,239,240,-6,-12,228,94,94,0
99924,1318,1329,0,0,-122,-74,238,239,-9,-5,230,94,94,0
103258,0,0,0,0,-122,-73,242,239,-4,-5,233,94,94,0
106577,0,0,0,0,-120,-80,244,239,-11,-2,225,94,93,0
109924,0,0,0,0,-124,-75,246,240,-4,-3,227,94,94,0
113259,0,0,0,0,-123,-74,245,240,-1,-6,225,94,93,0
116581,0,0,0,0,-121,-76,246,240,-8,-8,232,93,93,0
119924,0,0,0,0,-124,-74,240,240,-5,-5,235,94,93,0
123259,0,0,0,0,-120,-78,240,240,-7,-6,230,94,94,0
126584,0,0,0,0,-118,-75,238,240,-7,-4,228,93,93,0
129924,0,0,0,0,-119,-74,239,240,-6,-7,231,94,93,0
133259,0,0,0,0,-121,-75,237,240,-9,-11,233,94,93,0
136587,0,0,0,0,-118,-73,237,240,-6,-4,233,94,93,0
139925,0,0,0,0,-118,-75,239,240,-6,-6,236,93,94,0
143259,0,0,0,0,-120,-74,239,240,-7,-4,229,93,93,0
146590,0,0,0,0,-122,-77,240,240,-6,-11,231,93,93,0
149925,0,0,0,0,-120,-75,241,240,-6,-7,233,93,93,0
153259,0,0,0,0,-121,-75,245,240,-2,-7,231,94,93,0
156594,0,0,0,0,-120,-79,245,240,-1,-8,226,94,94,0
159946,0,0,0,0,-121,-74,244,240,-11,-3,225,94,94,0
163284,0,0,0,0,-120,-76,241,240,-8,-4,228,93,93,0
166597,0,0,0,0,-120,-76,241,240,-5,-6,229,94,93,0
169950,0,0,0,0,-121,-75,241,240,-9,-6,228,94,93,0
173284,0,0,0,0,-120,-74,238,240,-10,-4,237,94,93,0
176600,0,0,0,0,-122,-75,236,240,-9,-7,227,94,94,0
179950,0,0,0,0,-119,-77,237,240,-5,-8,231,94,94,0
183285,0,0,0,0,-121,-75,237,240,-6,-6,233,93,93,0
186604,0,0,0,0,-121,-73,238,240,-11,-4,230,94,94,0
189950,0,0,0,0,-118,-75,240,240,-9,-5,228,93,94,0
193285,0,0,0,0,-120,-74,243,240,-6,-7,231,93,94,0
196607,0,0,0,0,-119,-76,241,240,-10,-5,232,94,93,0
199951,0,0,0,0,-120,-77,242,240,-3,-10,224,94,94,0
203313,0,0,3800,3800,-122,-74,242,240,-7,-4,228,0,0,0
206610,0,1,0,0,-140,-119,252,241,-136,97,242,636,644,0
209953,1,1,893,1062,-516,-381,333,243,-101,-21,206,266,257,0
213288,1,2,800,800,-1226,-512,250,244,84,-42,381,287,271,0
216613,2,3,1043,950,-1191,-581,624,255,-120,7,275,290,279,0
219954,3,3,1025,1381,-1767,-861,655,268,-27,-139,421,291,272,0
223288,4,4,1325,1287,-1653,-1931,682,282,152,262,450,291,293,0
226616,5,5,1250,1418,-467,-1664,819,300,319,449,293,295,286,0
229975,5,6,1287,1193,1472,-63,1096,327,-77,110,470,300,289,0
233288,6,7,1643,1493,1758,426,1235,358,-160,346,261,281,273,0
236619,7,7,1700,1925,1070,732,1636,402,-186,231,383,278,266,0
239977,8,8,1962,2262,267,706,2390,469,-86,139,541,280,264,0
243312,9,9,1981,2037,99,396,3255,563,-68,139,405,279,276,0
246622,9,9,2318,2262,-5,29,3937,679,136,96,274,277,280,0
249979,10,10,1981,2506,797,-811,4356,807,-123,198,193,311,283,0
253312,11,11,2000,2281,882,-1160,3840,920,-189,412,-11,335,320,0
256625,12,12,1381,2131,694,-1148,3864,1033,-226,327,160,368,328,0
259979,14,13,875,1943,-39,-717,3537,1136,8,97,151,395,354,0
263312,15,14,443,1925,-1615,-35,3915,1251,-292,115,-110,418,355,0
266629,16,15,593,1925,-2505,-502,3220,1344,142,352,66,426,371,0
269980,18,16,106,1081,-1782,-1500,2777,1423,367,19,265,436,416,0
273313,19,18,443,743,16,-2313,3189,1515,284,-1092,-125,434,434,0
276632,20,19,650,650,372,-2633,3191,1607,104,137,28,423,439,0
279980,22,21,425,481,890,-1268,3303,1703,-47,127,217,420,433,0
283313,23,22,481,293,2249,-232,1051,1728,-21,-498,-146,417,443,0
286636,24,23,575,706,3004,-2020,2302,1793,67,121,122,412,421,0
289980,26,25,500,68,2667,-2203,2436,1862,-257,171,-39,416,455,0
293313,27,26,650,612,898,-124,906,1883,6,-21,34,408,426,0
296638,28,28,837,181,2345,-518,1148,1911,429,172,100,398,433,0
299980,29,29,575,743,3523,-1018,957,1933,226,-225,40,428,419,0
303314,31,30,687,1081,2334,-338,528,1942,-161,76,-130,421,416,0
306641,32,32,968,556,2143,-413,694,1956,255,-5,311,422,444,0
309981,33,33,912,425,3463,-98,424,1962,-540,303,141,425,451,0
313314,35,35,1156,293,168,500,126,1958,-462,239,102,412,458,0
316645,36,36,1250,312,-1772,789,108,1951,105,162,370,407,457,0
320002,37,38,1118,125,-1635,1343,-188,1937,96,84,119,430,467,0
323314,39,39,987,481,-537,2509,-160,1913,-498,339,-130,421,448,0
326649,40,41,481,162,-1372,3347,-754,1869,-973,183,366,439,440,0
330005,41,42,293,162,-5737,5325,-2126,1781,171,-183,367,449,440,0
333338,43,44,612,556,-5043,7007,-2472,1678,62,-386,75,416,403,0
336651,44,45,425,950,-4523,6861,-2101,1578,-707,-43,633,426,382,0
340005,45,46,1081,2300,-5540,6191,-2337,1467,-510,-652,197,407,326,0
343343,47,47,1137,2075,-10084,3065,-332,1405,411,-694,572,388,338,0
346655,48,48,1568,1831,-8794,-700,1777,1386,323,-518,983,365,351,0
350005,49,49,2450,1943,-7108,-5098,3566,1396,919,-1060,1284,334,361,0
353347,50,50,1681,1775,187,-7846,5569,1447,1003,-489,828,400,395,0
356657,51,51,3500,2450,6720,-8579,6960,1528,133,160,108,319,375,0
360006,52,52,2543,1700,6119,-7627,7552,1644,-759,78,126,370,415,0
363347,53,54,1493,1531,24,-6933,6913,1739,-96,122,-138,442,424,0
366661,55,55,575,1400,-2066,-6534,5803,1810,70,204,-128,475,431,0
370006,56,57,631,875,-2222,-6327,4774,1837,-19,526,634,488,459,0
373348,58,58,706,706,-2114,-3372,4502,1877,64,-95,590,468,468,0
376664,59,60,706,0,-2266,-2851,4644,1936,523,-339,238,469,495,0
380007,61,62,537,0,284,-3260,4049,1962,650,-96,-184,462,483,0
383348,62,63,875,0,3556,-3912,3565,1974,93,-117,91,444,491,0
386667,64,65,687,293,4704,-3757,3865,1992,-49,274,371,454,459,0
390007,65,66,950,650,5422,-3006,3983,2083,-512,171,-304,440,440,0
393349,67,68,237,575,3738,-1482,3277,2114,273,37,-182,478,444,0
396670,68,69,612,912,3799,-1517,2426,2113,-69,206,356,458,426,0
400059,69,70,1662,1643,3469,-1801,2537,2164,411,33,484,433,418,0
403348,71,72,1512,1156,4669,-1765,2347,2202,-79,248,170,425,428,0
406673,72,73,1250,818,4472,-1016,2864,2261,-382,416,299,439,446,0
410032,73,75,2281,1006,2055,267,2458,2322,511,-67,394,400,436,0
413349,75,76,2300,931,4485,370,2378,2374,-673,530,316,383,440,0
416677,76,77,2131,1775,4888,2370,1080,2395,14,82,408,408,411,0
420032,77,79,1812,1456,4140,3816,-1059,2358,-348,45,404,425,412,0
423349,79,80,1962,1475,2280,4411,-2118,2288,-236,312,201,417,427,0
426680,80,81,1250,950,281,5230,-3675,2179,191,215,78,430,430,0
430032,81,83,1081,575,-516,6314,-4577,2041,-436,-178,-521,439,434,0
433350,83,84,1343,725,-646,6274,-4069,1938,-446,246,-206,425,442,0
436683,84,85,1306,818,-4279,5761,-4438,1865,210,-27,-25,427,437,0
440032,86,87,650,425,-5283,6500,-4223,1811,376,-655,-44,446,442,0
443375,87,89,556,275,-3150,3958,-3582,1764,-703,74,-324,467,450,0
446687,89,90,1062,556,-4095,2295,-4204,1706,-129,266,-280,440,435,0
450060,90,91,2018,1606,-6740,3972,-2904,1626,372,-314,426,414,420,0
453375,91,93,1550,1531,-7222,3598,-1941,1510,-502,-688,344,439,408,0
456689,93,94,462,1268,-11354,92,-1230,1360,456,777,-56,481,422,0
460033,94,95,968,1287,-10951,-164,-1461,1140,688,194,-65,470,437,0
463375,96,97,1475,875,-5463,564,-1211,885,28,30,-45,427,443,0
466693,97,98,1831,537,-5011,483,730,671,-445,161,-27,424,477,0
470033,99,100,1006,275,-5165,548,2044,519,470,-31,290,452,475,0
473376,100,101,575,856,-2844,165,906,366,661,128,98,491,460,0
476696,102,103,0,125,-2275,-628,-783,193,296,-144,201,502,468,0
480055,103,104,31,575,-1579,-1309,124,56,-581,-489,-149,505,460,0
483376,105,106,200,106,-841,-1386,974,-58,1390,-330,2017,480,469,0
486699,106,107,875,612,2139,-1647,1100,-150,1248,112,1386,444,442,0
490058,108,109,875,668,6808,-508,1603,-211,701,-144,719,444,439,0
493376,109,110,1343,912,9211,-30,2657,-249,268,-390,455,419,426,0
496702,111,112,1550,987,10563,-748,3690,-258,378,-291,1040,408,422,0
500058,112,113,2037,2000,10682,-2232,3416,-254,-294,-119,564,397,383,0
503377,113,114,2037,1962,6948,-4112,3915,-207,-1025,-195,242,397,385,0
506706,114,115,2487,2206,188,-6101,3775,-169,188,100,480,389,388,0
510058,115,116,2543,1906,-1433,-7625,3279,-140,149,32,383,386,404,0
513377,117,118,2393,1475,-1387,-8515,3744,-112,517,451,40,394,427,0
516709,118,119,2450,1100,-146,-8336,3698,-73,496,342,453,391,447,0
520058,119,120,2450,1137,2491,-6666,3114,-50,-147,568,145,407,461,0
523401,120,122,1793,593,2970,-4906,2167,-16,371,223,271,442,474,0
526712,122,123,743,631,4340,-3737,1453,61,56,76,532,457,447,0
530059,123,125,1081,725,2891,-3823,2166,195,-197,245,37,455,442,0
533405,125,126,1118,781,2990,-3771,2374,384,83,163,-286,437,439,0
536715,126,128,1212,125,4973,-3681,1926,587,249,-41,-302,432,458,0
540059,128,129,800,350,6405,-4239,1269,754,-174,-228,-231,454,462,0
543405,129,131,462,181,5155,-5087,1363,935,325,195,159,472,455,0
546719,131,132,106,481,5745,-4521,1978,1129,-776,246,-201,475,439,0
550060,132,134,1868,1456,3856,-2596,1703,1294,-302,480,239,422,412,0
553406,134,135,668,1325,1273,-166,2016,1489,-775,-12,65,470,419,0
556721,135,136,800,1906,-1816,869,2075,1644,-395,633,114,479,404,0
560060,137,138,368,1606,-3153,3139,1320,1746,-763,114,-167,486,404,0
563406,138,139,762,1925,-5406,3696,1102,1819,-70,536,292,481,403,0
566725,140,140,162,1606,-5638,4641,1362,1907,213,252,288,497,420,0
570083,141,141,893,1793,-3972,4487,998,1976,355,-227,67,474,426,0
573406,143,143,443,1231,-2992,3887,845,1980,-46,-16,-207,482,440,0
576728,144,144,237,931,-1213,3140,1238,1955,38,8,18,478,441,0
580083,146,146,425,725,-169,1884,575,1944,139,96,80,468,452,0
583406,148,147,0,800,446,1503,615,1988,216,-7,46,484,448,0
586732,149,149,106,293,3132,2511,-272,1976,-791,196,-296,469,459,0
590083,151,150,293,912,2656,4121,-920,1917,-301,116,-141,459,442,0
593406,152,152,368,537,1227,4317,-1732,1828,256,-110,118,455,446,0
596734,153,153,837,687,1204,4033,-2437,1702,229,-292,-37,446,454,0
600084,155,155,762,650,1574,2239,-2386,1544,-456,-120,-174,449,455,0
603406,156,156,968,481,583,1434,-2064,1364,-169,94,-6,454,480,0
606737,158,158,593,500,-276,1313,-2013,1195,3,-146,8,458,463,0
610084,159,159,462,1137,-2773,1416,-1600,1022,-165,165,-95,481,445,0
613407,161,161,406,931,-4378,2251,-1496,858,-127,117,119,468,440,0
616741,163,162,293,350,-4657,2796,-1529,707,-68,186,9,474,471,0
620084,164,164,668,181,-4631,3374,-1689,538,-74,-45,-32,454,480,0
623435,166,165,0,350,-5513,2832,-1382,379,-374,-400,-82,472,462,0
626744,167,167,256,293,-7383,1896,-656,261,-16,17,-157,451,449,0
630084,168,168,87,200,-6899,948,-574,175,322,132,41,460,454,0
633413,170,170,0,0,-4720,624,-447,116,1233,-454,711,452,455,0
636748,171,171,462,162,470,-150,615,68,288,-144,490,440,456,0
640085,173,173,612,612,2340,-2108,735,16,-629,-964,896,416,416,0
643416,174,174,1175,1268,-816,-4414,1446,1,-328,-465,1759,386,381,0
646750,175,175,2093,2075,-3771,-5949,1992,24,5,-538,2047,353,354,0
650108,176,176,2112,2318,-2382,-3535,1686,34,71,11,1608,377,366,0
653419,177,177,2937,2843,-1287,-1299,2514,51,-510,-157,1337,349,354,0
656753,178,178,2206,2281,-3319,917,2702,82,33,356,1001,388,384,0
660112,179,179,2356,2543,-4551,1750,2326,92,103,371,558,396,386,0
663422,181,180,2543,2300,-3448,1612,3026,121,876,134,221,386,399,0
666758,182,182,2018,1343,822,1350,3279,183,554,-59,94,398,450,0
670112,183,183,1793,912,4415,2491,4419,286,-234,80,-378,426,473,0
673436,184,185,931,762,4413,2863,3739,361,-708,305,-161,473,466,0
676760,186,186,387,837,2133,2981,3172,428,5,-272,255,486,462,0
680118,188,188,143,406,1451,2034,1820,459,1320,-233,313,483,469,0
683429,189,189,443,837,5588,1600,1838,478,262,335,-211,483,462,0
686763,191,191,256,275,9374,2425,2422,535,-586,290,-134,477,476,0
690118,192,193,706,406,9046,2985,1595,566,286,-59,183,469,469,0
693432,194,194,556,275,7915,2733,1138,610,-75,-223,111,461,476,0
696766,195,196,575,837,5447,1796,561,656,254,-238,-61,460,446,0
700118,197,197,1400,1643,4405,1520,409,723,-70,343,-316,479,466,0
703436,198,199,762,950,4587,2228,25,800,-469,276,-99,513,487,0
706770,200,200,500,443,4146,2483,-289,866,167,-65,170,511,514,0
710119,202,202,593,200,3727,2443,-199,924,214,-79,167,506,527,0
713438,203,204,668,612,3374,2521,-327,977,-151,-143,-260,518,505,0
716773,205,206,668,518,2509,2173,-175,1021,-153,-75,-315,502,510,0
720119,207,207,631,575,306,1558,241,1076,-297,-287,-344,504,507,0
723442,208,209,0,0,-1930,1246,303,1133,-9,13,86,515,515,0
726776,210,211,0,237,-2367,1316,604,1204,234,385,43,503,468,0
730119,212,212,218,275,83,2437,1216,1286,38,-152,-133,485,482,0
733445,213,214,350,0,-114,2511,1489,1353,50,-410,-215,478,485,0
736779,215,216,0,200,-1771,1596,1546,1419,-115,19,-268,499,470,0
740119,217,217,0,1006,-1423,632,2820,1521,-528,-99,41,486,427,0
743448,218,218,331,1325,-3283,-1472,3275,1604,-512,-685,432,463,410,0
746782,219,220,931,1662,-7023,-4604,4042,1707,-305,-181,80,431,392,0
750120,221,221,1306,1756,-9989,-5808,4841,1814,376,197,-400,436,412,0
753451,222,222,1212,1718,-10297,-5495,5060,1909,666,234,20,441,414,0
756785,224,224,537,1025,-8445,-5275,4351,1993,672,-2,159,461,451,0
760144,225,225,931,668,-6797,-5775,4422,2052,-205,87,-110,456,470,0
763454,227,227,443,556,-6534,-5002,4171,2098,-434,232,-308,482,476,0
766789,228,229,762,593,-7887,-4640,3704,2141,207,-113,163,465,474,0
770146,230,230,781,275,-7428,-4966,3844,2167,110,-427,78,464,491,0
773458,231,232,425,50,-7585,-6249,3448,2172,119,-166,-313,468,472,0
776792,233,233,0,0,-6757,-7569,3229,2135,728,249,89,507,484,0
780146,234,235,143,331,-1351,-8166,3629,2132,898,649,1047,483,457,0
783461,236,236,537,443,4383,-6879,3779,2151,929,363,1177,446,451,0
786796,237,238,818,425,8919,-3942,4296,2228,1021,572,384,431,452,0
790146,239,239,1550,575,9735,2413,2710,2255,806,406,537,392,444,0
793464,240,241,2506,106,12959,4373,4077,2307,-543,-120,910,341,453,0
796798,241,242,2825,1475,12275,4130,5764,2437,-512,173,434,355,411,0
800146,242,243,2375,2150,8297,3250,8211,2658,-739,-55,748,379,375,0
803467,243,244,2937,2806,6421,322,7941,2889,140,83,478,365,356,0
806802,244,245,3237,2412,5513,-2235,7819,3120,-312,567,725,349,377,0
810158,245,246,3800,2468,5702,-4035,4972,3275,386,413,682,333,390,0
813470,246,248,0,1250,6110,-3895,4134,3413,544,329,149,857,439,0
816805,247,249,0,1568,7482,-4700,3133,3517,-1554,327,28,856,422,0
820146,248,250,0,1456,-1986,-3285,-1018,3496,-691,25,437,858,444,0
823473,249,251,2881,1625,-5175,-4025,-2862,3412,-708,302,-46,375,410,0
826808,250,253,1625,1831,-9244,-3774,-5447,3234,-17,251,60,442,399,0
830147,252,254,837,1306,-9237,-1483,-5226,3061,233,30,175,484,427,0
833477,253,255,800,1287,-8236,-398,-4462,2903,-13,105,63,486,428,0
836811,255,257,537,743,-10114,314,-4166,2735,-1031,517,-22,484,441,0
840147,257,258,0,781,-13842,2572,-3974,2564,454,-12,-198,514,455,0
843480,258,260,500,462,-12188,3061,-3819,2396,1103,-503,-269,486,456,0
846815,260,261,931,931,-7431,-37,-3938,2185,-31,18,-121,488,472,0
850171,261,263,1625,350,-7376,-576,-3910,1961,-454,281,84,451,487,0
853483,263,265,2075,837,-8109,1052,-3536,1724,764,73,581,427,477,0
856817,264,266,2525,537,-3153,2123,-848,1546,396,10,633,403,477,0
860175,265,268,2450,593,1960,3231,-374,1376,-199,88,118,423,474,0
863487,267,269,1831,237,1589,2913,-513,1224,724,-75,200,440,493,0
866821,268,271,1775,462,4933,2263,-1522,1038,735,15,415,443,465,0
870177,270,272,2131,575,9413,805,-1500,861,87,-152,-81,424,475,0
873489,271,274,612,12,10388,1798,-736,722,-350,-252,-557,490,474,0
876824,273,275,50,50,10664,2144,-1916,542,368,-333,-11,520,488,0
880181,274,277,68,0,11709,1242,-3112,337,141,24,-58,519,478,0
883493,276,279,256,0,13049,66,-2672,153,-547,317,154,493,466,0
886827,278,280,462,350,12289,-347,-3340,-64,143,-86,56,498,456,0
890184,279,282,612,331,10766,-59,-3846,-302,238,-209,-395,474,441,0
893496,281,283,575,1025,11373,138,-3186,-536,-683,58,-170,476,420,0
896831,282,284,1006,1193,9214,-337,-3354,-725,-546,14,88,468,426,0
900185,284,286,1025,1456,5342,-1165,-3402,-959,-30,116,112,467,412,0
903499,285,287,706,1100,3142,-1445,-3528,-1249,-1199,342,182,484,431,0
906834,287,288,481,1175,-785,-1167,-3052,-1601,-563,-33,-26,480,427,0
910185,289,290,68,1231,-2862,-1567,-2197,-1918,-301,93,-308,502,424,0
913502,290,291,593,987,-5880,-1768,-2312,-2235,-280,226,100,474,437,0
916837,292,293,143,1400,-7072,-1815,-1673,-2442,-170,176,174,498,431,0
920213,293,294,12,668,-7727,-1856,-1115,-2606,-152,67,-144,496,445,0
923506,295,295,125,1043,-8639,-1529,-1181,-2741,107,-1,-267,474,425,0
926841,297,297,387,500,-9031,-835,-685,-2731,153,70,87,460,438,0
930185,298,298,106,387,-7657,-1024,-614,-2661,-117,-149,180,459,444,0
933510,299,300,406,406,-6735,-1852,-1582,-2540,-60,320,224,459,443,0
936843,301,301,293,387,-6354,196,-1328,-2418,533,217,363,449,444,0
940185,302,303,1437,462,-2900,1874,-641,-2299,273,156,630,388,424,0
943512,303,304,2431,1212,1412,2954,-498,-2184,653,-136,1071,351,400,0
946847,304,305,2543,2412,5508,3992,-113,-2063,-1040,217,802,370,361,0
950186,306,306,2281,3218,2370,3285,-337,-1955,-1265,-582,804,384,334,0
953515,307,307,1943,1062,-2678,93,246,-1824,-861,-560,1200,402,449,0
956850,308,307,1775,3631,-6231,-3651,2247,-1631,-49,-126,1109,411,328,0
960207,309,308,1362,2637,-5042,-5664,2165,-1453,998,557,586,449,397,0
963518,311,310,1043,1962,26,-4032,1669,-1375,-243,561,-333,450,433,0
966853,312,311,1550,1587,590,-2102,2055,-1299,-589,-9,-1,439,453,0
970238,314,313,931,1100,-2584,-1540,1627,-1232,-36,72,253,457,464,0
973522,315,314,781,875,-3955,-2110,2179,-1116,531,-64,-283,465,476,0
976856,317,316,0,1212,-157,-2565,2112,-1003,422,-27,-381,499,458,0
980210,318,317,218,875,1921,-3566,2168,-913,-239,213,174,495,476,0
983525,320,319,275,518,1683,-4292,2202,-784,58,-30,567,476,479,0
986859,321,320,687,462,2190,-3783,1603,-636,444,-219,-192,454,482,0
990211,323,322,331,612,2433,-3252,933,-524,-261,-374,-300,473,474,0
993528,325,323,312,781,1042,-4260,476,-405,136,-163,-280,474,465,0
996863,326,325,612,762,1367,-5459,1175,-248,152,389,247,457,465,0
1000211,327,327,968,275,2264,-3912,653,-128,55,244,315,454,491,0
1003532,329,328,987,575,3316,-1738,545,-6,271,362,170,437,475,0
1006866,330,330,1681,200,4732,-579,933,129,432,429,482,416,495,0
1010211,331,332,2281,237,6040,245,746,262,226,139,124,400,493,0
1013535,333,333,1868,387,6423,969,1060,391,-167,385,-71,406,485,0
1016869,334,335,1306,256,4330,1359,1435,504,-577,165,141,436,476,0
1020212,336,337,256,0,1567,503,1369,619,-330,-339,-70,467,469,0
1023537,337,338,706,0,-345,-1115,1707,725,696,109,-286,443,470,0
1026872,338,340,893,125,2964,-605,1638,811,679,481,9,433,458,0
1030212,340,341,837,0,5674,387,1992,910,-181,-29,200,436,475,0
1033541,341,343,443,0,3617,-249,2122,998,-370,117,-176,457,457,0
1036875,343,344,143,12,2055,-488,2168,1085,-139,62,-322,473,448,0
1040233,344,345,912,725,1863,-224,2389,1209,114,-63,-220,432,426,0
1043544,346,347,406,481,3475,-152,3161,1349,-89,-169,-37,459,423,0
1046879,347,348,856,800,3312,-864,3379,1475,-389,292,256,444,431,0
1050237,349,349,12,1550,2640,705,2858,1580,-392,525,97,489,407,0
1053548,350,351,406,1718,645,2295,2643,1666,-670,520,340,468,382,0
1056881,351,352,1006,1793,-2575,5195,1999,1739,-451,397,163,452,394,0
1060237,353,353,762,2206,-4330,7333,1930,1791,-5,408,14,465,388,0
1063550,355,355,706,1831,-3808,8506,2570,1801,101,112,34,468,408,0
1066885,356,356,425,1306,-2584,7761,2288,1805,557,-1,266,467,420,0
1070237,358,357,0,1193,-387,7048,1775,1809,708,-256,235,487,427,0
1073553,359,359,87,912,1901,5636,1903,1804,-39,183,0,470,426,0
1076888,361,360,181,650,4339,4066,1329,1795,-423,27,-57,465,440,0
1080238,362,361,293,800,4320,3359,1492,1773,155,-21,69,459,448,0
1083557,364,363,425,500,4610,3321,1165,1743,-32,227,-100,452,448,0
1086892,365,364,425,875,3432,4654,-31,1675,-106,-216,-186,452,444,0
1090237,366,366,87,1250,1925,5127,-1548,1558,-305,-47,-60,470,408,0
1093560,368,367,762,2450,436,4450,-2153,1440,-999,-388,611,449,375,0
1096895,369,368,631,2918,-5105,2833,-2133,1344,-1148,-588,807,456,350,0
1100238,371,369,1006,3200,-8838,2031,-2281,1258,0,-71,766,436,351,0
1103563,372,369,1662,1906,-9765,4284,-3212,1121,117,-160,1128,401,436,0
1106898,373,370,2768,0,-8442,4661,-2979,1008,820,-19,1634,358,868,0
1110251,374,371,3087,3800,-1583,2937,-1826,934,1357,136,1757,341,349,0
1113567,375,372,1868,0,5105,860,-1243,866,146,-248,710,406,805,0
1116901,376,373,1175,0,5237,-311,-497,827,124,169,446,459,771,0
1120238,377,374,1831,3368,2816,-1522,-1509,746,-184,291,-101,399,365,0
1123570,378,375,1212,0,796,-913,-2426,626,-1225,-543,-144,432,552,0
1126928,380,377,312,837,-3006,-81,-4046,457,-424,-463,24,480,500,0
1130262,381,378,537,1437,-5979,-292,-2941,311,612,-210,314,468,468,0
1133573,383,380,518,968,-3395,-292,-2052,196,-18,-168,-253,453,493,0
1136932,384,381,518,725,-4574,-966,-668,113,-221,-151,-477,469,506,0
1140263,386,383,575,312,-6406,-1914,34,48,140,183,-25,450,512,0
1143577,387,385,1231,950,-5902,-2693,-1231,-58,58,68,149,456,503,0
1146935,389,386,931,1156,-3509,-2565,-1380,-175,-473,199,-70,456,492,0
1150264,390,388,1625,837,-4544,-2206,567,-257,325,-110,203,435,509,0
1153579,392,390,612,1043,-3889,-1702,310,-352,615,269,60,473,482,0
1156938,393,391,875,1418,-3339,-570,462,-427,-104,79,-245,475,478,0
1160264,395,393,518,856,-3044,-952,1634,-459,180,73,-176,478,492,0
1163582,396,395,500,1043,-1551,-1559,1821,-464,229,49,230,479,466,0
1166940,398,396,725,1493,-371,-1925,1919,-465,156,75,57,467,458,0
1170264,399,398,143,537,397,-1127,1982,-483,464,93,-229,483,478,0
1173586,401,399,537,631,1727,-360,2160,-487,-152,-66,-278,462,489,0
1176944,402,401,0,331,2055,-917,1294,-502,420,67,-162,493,489,0
1180264,404,403,68,68,4056,-873,1159,-525,850,-89,321,471,487,0
1183590,405,404,612,312,7640,-429,209,-560,-465,-207,352,458,490,0
1186947,407,406,406,687,6540,677,-736,-630,-530,-93,7,453,454,0
1190264,408,407,837,1531,3506,1014,-124,-670,-203,451,129,446,425,0
1193592,410,409,1831,2750,2314,1388,453,-655,-549,353,527,440,423,0
1196947,411,410,1737,2562,-3087,3294,-245,-614,86,291,578,461,433,0
1200265,413,411,1606,2675,-3271,3577,339,-537,-140,109,721,452,427,0
1203595,414,412,2131,3031,-2359,3942,1462,-424,-58,-106,838,424,408,0
1206951,415,413,3181,3462,-528,3843,2483,-275,276,-305,1240,384,401,0
1210298,417,414,3218,3800,2876,1259,3972,-51,336,60,952,366,334,0
1213598,418,415,1418,0,4866,-530,2941,133,-542,392,153,478,872,0
1216983,419,417,1287,0,-124,-1550,2700,275,-1074,7,-92,476,879,0
1220289,420,418,1775,1812,-4640,-4422,4258,447,363,282,59,450,480,0
1223602,422,420,931,1100,-3221,-4973,3514,572,785,-122,-222,479,502,0
1226955,424,421,0,1193,-1382,-2258,3245,720,-882,-579,-511,513,497,0
1230290,425,423,968,743,-2393,-1519,3987,921,834,-585,191,477,521,0
1233605,427,425,556,556,112,-1854,4981,1203,-194,40,221,483,515,0
1236955,428,427,1100,218,2554,-3229,5906,1479,292,-33,407,454,517,0
1240290,429,428,1400,875,3859,-3633,6413,1744,-125,-493,-32,454,498,0
1243608,431,430,1887,631,4786,-4109,6414,1965,-29,430,103,437,520,0
1246956,432,432,1662,1456,6313,-2637,5540,2137,-176,515,124,465,476,0
1250290,434,433,1456,2318,4689,-1401,5396,2344,-836,-271,821,460,430,0
1253612,435,435,1568,2525,-125,-2706,4667,2533,-1273,52,611,454,419,0
1256956,437,436,1625,2243,-6779,-4173,3524,2626,506,634,536,451,434,0
1260290,438,437,1250,2131,-6019,-4012,3482,2725,-50,451,251,471,440,0
1263614,440,438,1418,2075,-2828,-3343,2589,2791,587,471,680,462,459,0
1266984,441,440,612,1493,1581,-1477,1714,2794,-499,-393,152,506,475,0
1270291,443,442,612,706,-78,-1557,1314,2778,-110,360,-431,490,501,0
1273617,445,443,0,725,-1526,-1961,1233,2757,126,241,-145,509,500,0
1276956,446,445,725,725,-256,-1227,409,2707,422,65,523,484,500,0
1280290,448,446,706,856,2402,-1638,-537,2623,34,-641,316,469,493,0
1283621,449,448,650,443,4727,-3224,-331,2572,-402,76,0,472,499,0
1286978,451,450,481,593,3729,-2543,126,2540,-705,274,-459,481,491,0
1290312,452,451,200,893,1255,-1104,-1691,2481,94,144,-150,496,475,0
1293625,454,453,725,875,-43,-1495,-2523,2425,282,-115,190,467,475,0
1296981,455,455,875,462,2112,-2188,-1849,2371,17,187,245,475,497,0
1300316,457,456,875,537,3907,-934,-2467,2280,-201,42,-354,459,493,0
1303627,458,458,950,462,2959,-813,-2272,2216,-252,79,-98,471,497,0
1306981,460,460,1025,331,1534,-596,-2789,2119,-59,-191,41,467,504,0
1310316,462,461,106,387,729,-1344,-2575,1992,-239,-15,-123,500,501,0
1313630,463,463,593,0,-1411,-1506,-1985,1853,-134,-65,45,474,513,0
1316981,465,465,350,0,-2998,-991,-1682,1676,-137,205,115,462,486,0
1320316,466,466,575,331,-3042,-693,-1225,1546,-126,47,29,450,463,0
1323633,468,468,406,125,-2470,-999,-1398,1418,-549,-67,-281,459,458,0
1326982,469,469,612,575,-8174,993,-1581,1235,-275,192,-61,448,450,0
1330316,470,471,143,425,-9960,3598,-2289,1054,-279,303,84,473,442,0
1333637,472,472,237,612,-10594,5178,-2415,877,-222,264,337,452,432,0
1336982,473,474,537,631,-12958,7159,-2246,682,277,-38,63,452,431,0
1340316,475,475,743,1043,-14052,8255,-2185,458,489,183,366,425,409,0
1343640,476,477,1793,1025,-10701,8490,-1663,222,702,159,1005,394,435,0
1346982,477,478,2412,987,-3682,7955,-1050,-10,914,243,485,377,437,0
1350317,478,479,2300,1531,-464,6432,-1,-211,-286,354,256,383,408,0
1353643,479,480,2881,2075,-736,3401,1004,-353,422,-88,669,368,395,0
1356983,481,482,2618,1718,372,-121,1242,-482,104,-175,421,382,414,0
1360317,482,483,2356,1175,2345,-1116,1304,-587,-169,605,459,396,443,0
1363646,483,484,1962,987,3701,-1207,1213,-660,141,373,175,417,453,0
1367004,485,486,743,87,5143,-453,-13,-769,223,115,-148,467,486,0
1370339,486,488,687,0,8829,-35,886,-822,-286,-229,19,470,475,0
1373650,488,489,0,0,6428,-469,-1259,-915,-52,-405,384,498,487,0
1377007,489,491,743,650,2926,-1732,-1108,-991,413,12,450,467,440,0
1380341,491,492,556,968,4967,-1826,-1584,-1079,-968,-116,-64,461,423,0
1383653,492,493,800,1681,2712,-2549,-1839,-1149,-787,-102,126,464,401,0
1387007,494,495,781,1625,-2546,-3146,-2198,-1201,518,-92,521,449,388,0
1390372,495,496,1981,1831,-3348,-3296,-1954,-1252,-354,-527,156,416,408,0
1393656,496,497,2618,1456,-4402,-4370,-1232,-1294,438,39,356,382,428,0
1397008,497,499,3125,762,-4564,-5274,-682,-1262,244,-330,573,371,465,0
1400341,498,500,3462,631,-3460,-5388,1032,-1151,661,88,694,353,472,0
1403659,499,502,2262,162,-937,-4598,2531,-1015,627,-79,810,417,481,0
1407008,501,503,0,143,2768,-4112,3476,-829,-249,305,596,858,498,0
1410341,502,505,2262,443,3640,-3914,4090,-630,-578,315,443,417,466,0
1413662,503,506,2468,1456,3582,-3865,4456,-404,-396,3,204,422,428,0
1417008,504,508,556,743,347,-3290,3864,-202,15,118,-35,499,425,0
1420342,506,509,406,443,440,-2506,3367,-35,472,404,-106,491,441,0
1423666,508,510,1268,818,1728,-549,2224,86,184,-6,40,461,437,0
1427009,509,512,1081,87,2754,176,2356,198,-813,167,-170,455,460,0
1430342,511,513,312,387,378,179,2151,309,-506,-10,-1,480,444,0
1433669,512,515,725,631,-2685,703,1326,400,-184,82,180,474,431,0
1437009,514,516,556,406,-4995,839,1045,504,-213,26,-104,467,443,0
1440370,515,518,1325,1381,-5460,1624,1141,615,-253,56,-168,467,416,0
1443672,517,519,631,1043,-5941,2682,994,716,-214,320,-39,488,434,0
1447030,518,521,1568,1118,-6121,3860,980,815,-363,51,122,454,430,0
1450342,520,522,1081,1156,-7259,4262,1649,919,93,59,97,464,428,0
1453675,521,523,1100,1137,-6699,4341,2102,1017,-185,-166,-382,463,429,0
1457034,523,525,556,275,-6230,3314,2525,1096,78,-125,-23,492,475,0
1460367,524,526,575,762,-5254,2945,2554,1144,230,48,202,491,449,0
1463678,526,528,575,500,-4800,3496,2203,1175,250,-120,197,491,463,0
1467034,528,529,125,218,-4346,3536,1387,1177,550,54,-22,484,463,0
1470370,529,531,462,0,-173,3305,995,1170,238,76,205,482,475,0
1473682,531,532,125,612,3725,2556,1786,1227,-932,432,-77,484,442,0
1477034,532,534,143,0,1233,3853,878,1226,-100,-11,-33,483,471,0
1480374,534,535,650,368,-412,4221,-411,1253,536,-183,149,456,455,0
1483685,535,537,556,387,-381,3436,-243,1280,-515,50,-130,461,438,0
1487034,537,538,387,781,-922,3927,-249,1322,-3,-105,-272,470,433,0
1490376,538,540,1362,912,-1813,4128,-913,1350,1040,-47,342,433,425,0
1493689,540,541,2468,350,2594,3354,-110,1416,981,-49,742,374,455,0
1497034,541,543,2918,368,6867,2885,54,1478,648,-100,570,350,454,0
1500377,541,544,3200,0,8886,1219,-575,1499,1027,-322,557,351,474,0
1503691,542,546,3800,612,12608,-1586,-95,1517,83,-419,851,304,457,0
1507047,543,547,3800,556,10488,-3757,376,1497,-784,-13,1256,324,444,0
1510376,544,548,0,368,5237,-4771,210,1424,170,532,464,854,470,0
1513694,545,550,0,237,4506,-4040,-145,1311,1206,492,-100,817,461,0
1517035,546,551,3237,293,10213,-1990,489,1199,34,197,-141,372,449,0
1520377,548,553,1212,106,10439,-2144,929,1088,-973,-502,-224,464,443,0
1523697,549,554,1175,87,1494,-3626,-839,941,-1260,81,170,466,444,0
1527035,551,556,931,650,-5521,-1390,-2706,752,1059,401,393,479,414,0
1530376,552,557,1175,800,-466,1743,-3031,587,-480,96,719,466,406,0
1533701,554,558,1043,1381,2507,4423,-3099,417,-1148,-425,80,457,375,0
1537056,555,559,1831,2037,-2879,4872,-4090,222,-194,-3,-97,431,356,0
1540377,557,560,1831,2375,-3250,5966,-3038,86,56,-308,675,440,363,0
1543704,558,561,1925,2093,100,5144,-2289,-18,76,-445,734,435,378,0
1547060,559,562,1793,2356,1819,3837,-2338,-126,387,-244,239,458,380,0
1550378,561,563,1493,2562,3102,4181,-1845,-215,-293,-559,253,458,369,0
1553707,562,564,1793,2993,3588,2932,-2194,-314,-244,-86,835,458,362,0
1557060,564,565,1193,2993,1841,174,-1865,-424,-452,-428,586,474,362,0
1560378,565,566,968,2375,-1996,-2941,-931,-519,-783,-55,278,502,411,0
1563711,567,567,931,2937,-6157,-5677,-711,-620,832,308,-146,488,381,0
1567060,569,569,575,1793,-2211,-5576,-696,-722,940,261,215,492,427,0
1570403,570,570,481,1231,3990,-2839,-158,-795,-1244,-13,166,497,457,0
1573714,572,572,0,518,-1827,-3820,-1197,-876,-595,-461,-133,525,479,0
1577061,574,573,0,893,-4563,-5380,-1430,-952,1094,-236,108,523,475,0
1580404,575,575,425,687,-254,-5992,-1835,-1065,124,-490,-143,484,470,0
1583718,577,577,0,818,914,-7661,-1855,-1150,-826,20,-203,499,463,0
1587061,578,578,350,950,-603,-7958,-1160,-1174,-299,394,-82,488,456,0
1590404,580,580,518,725,-912,-7529,-1561,-1215,253,-134,-31,478,467,0
1593720,581,581,818,462,-1485,-6145,-2313,-1280,304,111,-84,478,497,0
1597062,583,583,762,293,-2118,-4954,-2836,-1340,-268,278,-34,465,490,0
1600404,585,585,1175,443,-2104,-4551,-3563,-1448,116,382,402,443,482,0
1603723,586,586,1568,0,-230,-4851,-2954,-1542,281,363,578,422,507,0
1607083,587,588,1756,0,2458,-3455,-2947,-1616,262,482,76,428,511,0
1610404,589,589,2037,350,2524,-1520,-2913,-1704,195,93,56,397,487,0
1613727,590,591,2168,0,2675,-1471,-3066,-1811,-130,520,491,381,482,0
1617083,591,593,1531,181,2617,-1091,-2934,-1910,45,298,154,415,455,0
1620404,592,594,1362,0,2688,17,-2817,-1993,768,215,138,424,468,0
1623730,594,596,893,275,5709,200,-3317,-2112,160,145,48,433,450,0
1627086,595,597,1343,331,5910,276,-3588,-2253,-536,514,-60,425,447,0
1630405,596,599,1156,0,3202,1802,-3526,-2337,-135,393,206,435,452,0
1633733,598,600,837,256,2880,3385,-3225,-2353,-440,2,82,436,435,0
1637087,599,601,462,687,79,3601,-3004,-2352,-543,4,-133,472,428,0
1640405,601,603,1100,1175,-3372,4228,-2656,-2339,-358,115,-67,447,411,0
1643737,602,604,1175,1643,-5827,4738,-1476,-2257,-145,93,72,459,402,0
1647087,604,605,1006,1793,-7065,4801,-1193,-2199,-117,-114,-98,452,394,0
1650405,605,607,1512,1625,-9567,4358,-661,-2148,46,331,235,441,403,0
1653739,607,608,800,1493,-9113,5321,824,-2050,-48,-99,-262,463,410,0
1657087,608,609,893,1906,-10198,3992,1749,-1937,256,496,77,474,404,0
1660429,610,611,537,1456,-9277,3906,1623,-1818,273,98,353,477,412,0
1663742,611,612,575,1343,-7072,4130,1867,-1701,455,-42,215,476,419,0
1667087,613,613,275,1343,-5938,3527,2491,-1594,188,210,-67,476,419,0
1670433,615,615,312,612,-3478,3214,2391,-1498,-45,173,86,458,442,0
1673746,616,616,856,593,-1015,3665,2714,-1391,291,-236,-224,445,459,0
1677088,617,618,425,593,-340,3313,2060,-1322,-133,-196,-224,468,443,0
1680433,619,619,425,668,-1994,3921,1234,-1246,-102,194,207,468,455,0
1683749,620,620,500,1362,-1976,4139,-147,-1206,-505,-352,-19,464,418,0
1687120,622,622,1643,2000,-4593,2006,-149,-1153,116,65,329,466,447,0
1690433,623,623,1962,2093,-6630,-437,696,-1073,516,90,482,449,442,0
1693752,625,625,2281,1850,-2520,-2116,716,-1015,1175,-65,1274,416,439,0
1697110,626,626,3106,1887,4831,-3642,1673,-913,1093,-280,1129,388,453,0
1700433,627,628,2487,1100,10590,-5678,1580,-792,1000,79,413,421,479,0
1703756,628,629,3800,875,14770,-6585,2092,-638,-414,344,409,367,507,0
1707111,629,631,3031,425,10827,-7266,2443,-450,-457,17,667,408,515,0
1710434,631,633,2225,725,5824,-7312,3417,-251,-1139,333,239,451,499,0
1713758,632,634,1550,275,914,-6324,2332,-86,139,810,1075,462,498,0
1717111,634,636,1118,575,-1193,-1491,1772,59,1142,553,701,469,466,0
1720435,635,637,1381,1006,3283,1598,2355,229,-323,574,122,471,459,0
1723762,637,639,743,650,3890,4064,2078,385,-915,23,-19,489,462,0
1727112,638,640,950,931,-196,4042,1409,517,-774,-231,151,478,447,0
1730434,640,642,893,1287,-4813,4121,662,642,426,493,482,481,428,0
1733766,641,643,762,1625,-3071,7795,-301,745,-838,-382,-306,488,410,0
1737139,643,644,1493,3143,-4762,8999,-331,844,-707,-641,-93,474,370,0
1740434,645,645,837,2562,-8000,7365,157,950,-143,-507,310,493,401,0
1743768,646,647,1100,2487,-8289,3081,1976,1106,-461,-497,471,479,405,0
1747112,648,648,1325,1643,-8881,-922,3342,1293,825,-168,576,467,450,0
1750438,649,649,1812,1118,-6416,-2437,3837,1459,257,469,44,441,478,0
1753772,651,651,2356,1231,829,-948,4067,1624,541,117,327,428,472,0
1757112,652,653,2768,912,4825,131,4632,1789,79,-276,340,390,473,0
1760440,653,654,2787,837,4791,454,3396,1869,-439,2,-335,405,493,0
1763774,654,656,1925,331,4416,-181,3118,1912,303,-153,-299,436,489,0
1767113,656,657,1043,1100,7838,-113,2964,1954,270,-158,129,483,464,0
1770443,657,659,612,556,7500,-54,3040,1991,-764,-593,624,506,477,0
1773777,659,661,556,875,2132,-1110,1617,1963,-623,0,614,493,460,0
1777113,661,662,762,1662,-461,-1297,-207,1882,416,-183,120,482,418,0
1780447,662,663,950,1981,1188,-1068,-2193,1729,-885,-368,336,472,401,0
1783781,664,665,425,1268,-4143,-1685,-2947,1572,-66,-27,-4,484,439,0
1787137,665,666,987,1025,-6493,-1952,-2841,1445,567,-178,-315,485,467,0
1790449,667,668,743,706,-5768,-2333,-2407,1374,-695,439,-574,482,468,0
1793784,668,669,1250,818,-8524,-1411,-3249,1277,840,-54,239,471,478,0
1797140,670,671,1343,856,-6255,-1914,-2717,1171,995,264,977,450,460,0
1800453,671,672,2187,706,-465,-1208,-2623,1066,-332,181,626,421,484,0
1803787,673,674,1868,537,1345,-288,-1453,969,159,147,215,438,477,0
1807146,674,675,2075,856,2372,-1087,-719,897,-729,-229,304,427,476,0
1810456,675,677,1925,725,1233,-2539,-152,827,-864,138,282,435,467,0
1813791,677,679,650,462,-2013,-3537,-75,748,708,380,-131,462,456,0
1817147,679,680,0,0,2203,-2171,-490,626,-643,342,-361,498,482,0
1820459,680,681,275,275,5663,-1030,-277,545,-261,-62,254,482,466,0
1823793,682,683,425,256,2041,266,-97,486,172,-29,138,474,451,0
1827147,683,685,650,143,-288,295,455,427,-370,-230,-29,462,457,0
1830462,685,686,31,87,-412,470,1765,417,-41,136,-286,479,460,0
1833797,686,687,612,687,-815,233,1832,430,-232,-115,-86,448,428,0
1837147,687,689,1193,1606,-2422,-120,2174,477,-103,256,174,458,404,0
1840466,689,690,931,1156,-3003,1635,2190,555,-253,264,22,456,428,0
1843800,690,691,1306,1943,-4396,3665,2421,641,-129,280,255,452,402,0
1847147,692,693,650,1831,-4885,4530,2064,701,-22,150,967,471,392,0
1850469,693,694,1025,1793,-4565,4221,2438,715,337,-379,715,467,410,0
1853803,695,695,1025,1606,-866,1354,2847,700,1305,-438,750,451,420,0
1857147,696,697,1625,893,3167,-446,4151,710,1134,123,798,435,458,0
1860472,698,698,1493,931,9076,-439,4270,716,-345,279,25,426,456,0
1863806,699,700,406,0,11428,1190,3409,678,-362,-115,-496,469,476,0
1867148,701,701,106,481,9033,1052,3060,667,312,-331,-203,485,465,0
1870476,702,703,312,481,6488,-988,3013,664,-417,228,-31,474,449,0
1873810,704,704,143,893,4349,-1052,1906,631,-272,128,220,467,427,0
1877148,705,706,0,1737,1993,-112,1013,568,-53,-206,83,491,382,0
1880479,707,707,200,1362,-203,385,803,542,-469,-184,95,464,402,0
1883813,708,708,781,1325,-3571,371,615,568,222,96,401,449,420,0
1887148,710,710,1193,1156,-3286,888,428,650,478,-221,623,426,428,0
1890482,711,711,1831,1418,-3596,1695,764,766,264,-81,804,408,430,0
1893817,712,712,2375,1250,-3279,1358,945,884,984,-228,1294,379,439,0
1897174,713,714,2750,1287,2135,-756,1181,996,880,-185,1062,375,437,0
1900486,715,715,2131,968,6528,-3599,1501,1145,-588,-102,28,392,454,0
1903819,716,717,1831,462,4461,-4806,2042,1293,-352,184,284,408,465,0
1907174,717,718,1175,725,2081,-4962,1528,1423,-10,391,112,459,467,0
1910488,719,720,443,350,1725,-3398,1187,1506,470,261,-41,473,462,0
1913822,720,721,387,556,4311,-2176,1308,1569,212,242,-48,476,451,0
1917174,722,723,218,12,4837,-1262,1699,1627,-102,45,82,469,464,0
1920492,723,724,593,350,3897,-2071,842,1655,-1048,-671,-52,449,446,0
1923825,725,726,706,275,-978,-2971,471,1685,-104,417,67,443,450,0
1927175,726,727,425,668,-3924,-1325,-212,1687,687,450,232,458,429,0
1930494,728,729,218,181,-1400,1269,647,1711,-848,130,49,453,439,0
1933829,729,730,556,500,-5550,1694,307,1706,-719,-28,-85,451,438,0
1937174,731,731,893,1043,-8145,2687,-98,1648,261,-20,67,442,434,0
1940497,732,733,987,1268,-7064,3556,227,1598,259,252,360,453,422,0
1943832,734,734,781,1062,-5866,4306,852,1556,-2,-241,161,464,433,0
1947175,735,736,987,668,-5589,4325,1299,1529,-100,-68,-374,453,454,0
1950501,737,737,125,556,-5498,3182,1572,1502,217,84,-126,483,460,0
1953835,738,739,200,106,-3066,2997,961,1468,-224,390,186,479,468,0
1957175,740,740,425,593,-1658,3338,1007,1423,-368,26,171,467,458,0
1960504,741,742,406,237,-3524,3588,-48,1332,740,-296,-13,469,462,0
1963838,743,743,0,181,-1325,3614,173,1208,510,170,-205,479,465,0
1967175,744,745,218,0,1718,3703,278,1083,-544,357,9,463,472,0
1970507,746,747,331,462,1145,4348,34,978,59,-212,461,457,450,0
1973842,747,748,650,237,2516,3601,-67,880,222,-634,291,440,446,0
1977200,749,749,781,650,3305,1801,-1116,751,188,-879,-61,433,440,0
1980510,750,751,1006,500,4567,-2244,-1292,651,326,78,655,421,432,0
1983845,751,752,1437,462,7196,-3638,-979,589,265,-656,839,398,434,0
1987203,752,753,1756,1625,11892,-4016,-1071,530,-622,-491,569,412,403,0
1990513,754,755,1100,1456,9692,-5217,-664,490,-809,-195,863,431,396,0
1993848,755,756,987,1606,3899,-5476,-640,457,-86,75,668,437,388,0
1997204,757,757,1062,1362,770,-5133,-141,429,324,-214,581,433,417,0
2000517,758,759,1812,1006,1481,-6483,1697,452,153,315,871,409,436,0
2003851,759,760,1887,1043,2045,-4755,2107,481,320,-116,339,405,434,0
2007209,761,762,1381,500,3479,-3536,2408,509,-396,154,-272,432,463,0
2010520,762,763,668,0,1801,-2585,2627,528,-445,353,90,445,473,0
2013854,763,765,743,668,-1137,-1505,1677,532,120,-106,142,441,429,0
2017212,765,766,612,181,-1203,-1682,2024,559,380,355,-138,448,455,0
2020523,766,767,462,650,1575,-443,2115,584,-74,-320,-179,456,430,0
2023858,768,769,68,181,1826,-820,2792,618,-587,-304,-61,461,439,0
2027213,769,770,462,612,-1090,-2180,2985,685,370,-88,193,456,432,0
2030526,771,772,256,200,-176,-3079,3188,770,75,179,-298,451,438,0
2033861,772,773,387,481,1594,-2452,3607,889,71,48,155,444,423,0
2037213,773,774,743,1493,760,-1854,3655,983,-298,257,349,466,410,0
2040529,775,776,893,1231,-936,-740,2507,1052,-494,321,11,442,408,0
2043864,776,777,987,1212,-3117,1378,2131,1122,-539,575,133,437,409,0
2047213,778,778,856,1681,-4539,4209,2077,1179,-435,153,302,444,400,0
2050533,779,780,1006,1568,-4452,5244,450,1167,447,54,261,452,406,0
2053867,781,781,575,1831,-1074,4557,-652,1106,74,260,236,459,392,0
2057213,782,782,1343,1775,1431,3692,-1120,1022,-67,136,302,434,411,0
2060536,784,783,631,1456,3117,2966,-1665,940,147,-192,137,457,413,0
2063870,785,785,293,1006,2419,2065,-2105,842,-237,-10,-134,459,421,0
2067213,786,786,125,1025,2029,1482,-2492,766,-104,2,-19,484,436,0
2070539,788,787,162,1137,2539,1573,-2365,687,-269,167,80,466,430,0
2073873,789,789,518,1306,-69,2632,-4142,549,-418,-314,290,447,405,0
2077213,791,790,218,2206,-3829,3823,-5883,364,-364,-562,117,463,373,0
2080542,792,791,612,2487,-5392,1749,-4453,227,-1057,-649,828,442,358,0
2083877,794,792,1587,2337,-7192,-1095,-3744,144,1135,-118,314,421,397,0
2087235,795,793,1962,1587,-7918,-1876,-6511,-18,494,-262,264,385,437,0
2090546,796,795,2131,912,-4316,-4606,-7172,-211,2047,-1821,2047,392,473,0
2093880,797,797,1718,762,4779,-4924,-4676,-324,-1063,-324,430,414,481,0
2097238,799,798,1550,987,4366,-5597,-3256,-405,-444,218,71,423,469,0
2100549,800,800,1287,1812,2496,-5314,-2322,-457,80,158,429,437,425,0
2103883,801,801,1400,1156,1112,-5179,-1981,-515,-67,-66,561,431,444,0
2107239,803,803,687,537,-470,-5577,-514,-584,92,508,-6,469,477,0
2110552,805,804,293,0,590,-5409,-441,-664,-140,501,-213,465,484,0
2113886,806,806,331,275,124,-3723,-859,-766,294,-253,-20,447,466,0
2117239,807,807,893,556,885,-3348,-997,-879,-29,47,224,433,451,0
2120555,809,809,368,518,-1056,-2059,-976,-962,-582,278,169,445,437,0
2123890,810,810,331,631,-2711,-700,-1724,-1079,200,68,140,447,431,0
2127239,812,812,0,200,-3017,169,-1223,-1183,447,-307,-307,473,454,0
2130558,813,813,237,31,-4411,-97,-628,-1290,-114,213,59,452,463,0
2133893,814,814,1193,1587,-2874,-6,42,-1382,-506,-80,153,442,421,0
2137240,816,816,631,275,-3746,-941,404,-1469,312,-89,557,456,475,0
2140562,817,817,1250,1175,-3712,-904,158,-1577,333,139,29,439,443,0
2143896,819,819,1118,818,-1696,-29,967,-1661,-337,430,-48,446,446,0
2147240,820,820,1250,1962,-1428,424,1151,-1703,-153,321,301,439,401,0
2150565,822,822,1568,1343,-2600,763,437,-1756,363,121,446,422,418,0
2153899,823,823,1437,1231,-1572,1344,245,-1813,-105,486,228,413,424,0
2157240,824,824,1343,1400,-765,1995,291,-1818,-122,300,129,434,431,0
2160568,826,826,218,687,834,2000,62,-1796,421,-161,41,463,438,0
2163902,827,827,725,518,2870,1105,55,-1759,-156,-61,-237,452,463,0
2167240,829,829,0,462,2028,893,-469,-1722,-715,-137,-217,478,450,0
2170572,830,830,200,575,1052,1056,-1958,-1717,141,-181,422,464,444,0
2173906,831,832,650,1100,1196,910,-2388,-1714,23,-555,461,456,432,0
2177262,833,833,462,556,1190,607,-2534,-1719,-880,118,85,450,445,0
2180574,834,834,800,1175,-3505,423,-3332,-1694,-123,307,168,448,428,0
2183909,836,836,2112,1812,-4884,591,-2521,-1589,499,-415,426,441,441,0
2187265,837,837,2562,2131,-2659,2172,-1770,-1505,481,379,569,417,440,0
2190578,838,839,2656,1400,-1675,7388,-807,-1413,308,121,659,412,463,0
2193912,839,840,3050,1343,-1433,9301,-103,-1213,62,-431,1214,391,466,0
2197266,841,842,1362,1212,11,6799,768,-965,246,-855,943,481,473,0
2200581,841,843,3800,1418,2632,-590,2695,-735,25,-162,972,347,462,0
2203916,843,845,0,1175,4114,-5186,2158,-566,-59,-54,379,859,475,0
2207294,844,846,0,631,3567,-7659,3225,-392,-560,703,-422,861,495,0
2210584,845,848,2243,612,2576,-5468,1197,-293,382,157,-358,441,480,0
2213918,847,849,800,912,3567,-3418,2606,-195,-176,57,-164,502,464,0
2217266,848,851,593,406,3030,-2679,3697,-66,179,348,267,513,475,0
2220587,850,853,650,762,1457,-3595,3480,69,224,-54,142,510,472,0
2223921,852,854,443,518,2774,-4385,3795,218,372,-553,-99,505,469,0
2227266,853,856,406,87,3625,-5989,4820,399,39,-378,-235,507,476,0
2230590,855,857,462,462,1943,-7149,3726,570,-243,298,-275,504,472,0
2233925,857,859,631,743,894,-6314,3442,715,-479,859,36,504,466,0
2237266,858,860,1118,1306,1403,-2250,2999,829,-33,234,676,494,452,0
2240593,860,862,556,1906,-1495,630,2742,913,-173,413,399,508,420,0
2243929,862,863,781,1681,-4855,2682,1862,959,-387,521,273,496,432,0
2247267,863,864,800,1625,-5282,5799,2324,1026,-121,94,-9,495,435,0
2250597,865,866,350,1475,-4062,6368,2602,1078,126,-141,-182,503,427,0
2253955,867,867,200,1287,-2183,5175,2088,1107,297,336,145,511,453,0
2257315,868,869,293,781,-425,4355,834,1119,-129,138,12,507,465,0
2260601,870,870,0,800,772,2977,269,1120,570,-316,247,510,464,0
2263958,872,872,0,0,2043,1964,925,1140,271,0,56,499,498,0
2267291,873,873,368,631,3061,2312,1232,1176,-363,251,-138,487,473,0
2270603,875,875,106,106,3014,3874,-812,1149,-610,78,-275,485,485,0
2273962,876,877,106,612,728,3765,-435,1150,-573,603,-259,501,458,0
2277291,878,878,218,631,-274,3728,-301,1202,148,-29,113,479,457,0
2280606,879,880,368,837,-1564,4958,-1277,1237,447,-154,287,471,430,0
2283965,881,881,1100,1831,-506,4299,-548,1299,1,281,403,447,408,0
2287292,882,882,1681,1943,903,4168,414,1416,-630,248,401,416,402,0
2290610,884,884,1550,1568,-84,1867,113,1498,-79,-508,432,407,422,0
2293969,885,885,2187,1512,-1255,-1673,1425,1598,-372,-222,819,389,425,0
2297292,886,886,2131,1643,-2698,-4534,878,1651,191,216,542,408,434,0
2300613,887,888,1812,1193,-555,-6681,1661,1706,663,372,352,425,442,0
2303972,889,889,1043,1212,3296,-5805,2796,1769,164,430,50,466,457,0
2307292,891,891,0,481,4606,-3924,3641,1799,-395,406,178,491,455,0
2310616,892,892,0,800,1906,-1308,3628,1845,-56,-72,213,482,438,0
2313974,894,894,293,800,1455,-1375,3245,1845,94,-603,-187,465,438,0
2317292,895,895,350,950,-2,-1900,2651,1891,-1248,256,299,462,430,0
2320619,897,896,31,950,-5523,1627,1342,1851,-51,375,114,479,430,0
2323974,898,898,481,725,-5044,3805,1013,1767,-519,-60,-224,455,442,0
2327293,900,899,387,500,-5641,4828,624,1678,-127,-38,153,444,454,0
2330622,901,901,781,331,-9200,6900,377,1571,-202,-32,257,423,447,0
2333979,902,902,1587,893,-7192,7198,820,1446,593,122,903,421,458,0
2337314,903,904,1193,500,-1415,6158,1147,1366,367,-442,285,442,463,0
2340626,905,905,1268,931,2181,4898,1133,1294,-582,-569,-90,422,440,0
2343984,906,907,1606,1493,-853,3237,1778,1255,-258,-132,259,420,410,0
2347318,907,908,1437,1512,-3394,1391,2375,1244,373,-242,322,445,425,0
2350629,909,909,1025,1381,-2982,-131,1075,1219,273,182,97,451,432,0
2353983,910,911,1250,875,-434,90,843,1173,666,-481,551,455,459,0
2357318,912,912,1343,425,3392,1298,2077,1157,-326,-101,326,419,468,0
2360632,913,914,1625,143,4893,2210,2206,1160,185,-542,77,404,467,0
2363983,915,915,1531,350,6329,2182,1884,1193,253,-650,19,409,472,0
2367318,916,917,518,125,6765,1269,1212,1223,-761,-308,348,463,468,0
2370635,917,919,800,687,3881,886,690,1215,-400,-322,120,448,438,0
2373984,919,920,706,987,2305,555,1218,1215,-1077,-617,-197,453,422,0
2377318,920,921,1231,1475,-769,-2699,920,1269,464,-194,486,425,396,0
2380639,921,922,2243,1925,-1244,-3722,567,1300,175,-78,635,402,403,0
2383984,923,924,2112,968,950,-3351,735,1333,-164,-293,448,393,438,0
2387318,924,925,2543,1100,2190,-3180,1589,1422,-442,38,335,386,447,0
2390642,925,927,1793,950,-328,-3913,1599,1489,-375,-42,390,426,439,0
2393984,927,928,1231,1062,-3263,-5257,1304,1517,-233,3,143,456,449,0
2397319,928,930,1493,462,-3477,-7154,2015,1577,919,250,457,442,465,0
2400645,929,931,2168,125,-228,-7005,2058,1596,534,143,350,406,483,0
2403984,931,933,1250,443,3541,-6571,2814,1657,-322,107,203,455,466,0
2407319,932,934,743,237,4347,-6084,3527,1715,-303,377,-16,457,452,0
2410648,934,936,781,443,2285,-5100,3464,1736,498,-45,143,439,441,0
2414005,935,937,1193,406,2553,-4460,3653,1736,126,-258,-174,433,443,0
2417340,937,938,518,537,4236,-4840,2456,1700,-636,-33,139,453,436,0
2420652,938,940,406,162,1654,-4249,2044,1662,172,463,274,459,440,0
2424009,940,941,425,631,1928,-1916,2471,1657,-202,-49,-24,458,431,0
2427343,941,943,275,293,-189,988,1458,1660,-822,199,-190,466,433,0
2430654,943,944,987,1062,-4312,1729,1048,1661,-438,522,69,469,433,0
2434009,944,946,1287,1118,-5552,3521,825,1668,495,99,248,437,414,0
2437344,945,947,781,1137,-5047,5176,1790,1712,-201,191,247,480,429,0
2440657,947,948,612,1156,-4947,6142,1279,1726,-359,-152,-1,473,428,0
2444009,949,950,668,1175,-5693,5614,1351,1733,179,222,-34,470,427,0
2447344,950,951,650,1343,-3321,5706,1748,1752,296,-138,313,471,418,0
2450662,952,953,0,893,-579,5083,1293,1737,-117,-151,63,491,442,0
2454010,953,954,650,781,120,4881,1100,1697,369,-1029,420,471,448,0
2457344,955,955,125,481,3770,4985,2190,1732,-199,-57,82,468,449,0
2460664,956,957,218,668,4751,4509,1539,1753,131,182,-124,479,439,0
2464010,958,958,0,406,5873,5156,1454,1734,-748,387,494,476,453,0
2467344,959,960,0,218,4519,6455,-344,1654,-1003,-436,1,475,447,0
2470668,961,961,350,950,-307,5891,-818,1570,-61,-397,351,456,424,0
2474011,962,963,31,1606,-2453,4985,-653,1512,-1000,-188,189,473,373,0
2477345,964,963,537,2937,-5105,4518,-583,1472,-242,-226,175,446,334,0
2480670,965,965,968,2075,-6780,3593,-1231,1395,-346,-424,63,438,395,0
2484011,967,966,1512,2037,-7543,2273,-1766,1311,889,-336,95,409,397,0
2487345,968,967,1887,762,-1812,-1245,-2809,1206,645,-507,481,389,465,0
2490673,969,969,1606,237,1147,-4110,-2125,1116,-888,-220,273,404,477,0
2494032,970,971,2225,106,-844,-5848,-1419,1022,64,159,491,387,484,0
2497346,971,972,2000,143,-758,-6535,-1349,930,500,-206,175,399,482,0
2500677,973,973,1831,893,516,-6884,-857,863,-279,-65,-459,408,458,0
2504063,974,975,1700,293,735,-6219,-123,796,-230,402,243,406,465,0
2507369,975,977,1643,125,-180,-4177,628,751,83,119,32,409,458,0
2510681,977,978,1437,0,6,-3207,1336,705,555,48,-57,404,466,0
2514035,978,979,1512,200,1592,-3910,1890,654,401,12,92,400,454,0
2517369,979,981,1231,0,2138,-4775,1654,597,35,-43,-10,431,465,0
2520683,981,982,856,537,1204,-4576,1895,542,388,225,512,435,436,0
2524036,982,984,875,12,2688,-2723,2509,544,2047,189,1354,434,448,0
2527369,984,985,668,781,8849,-66,4741,628,-338,101,-36,445,423,0
2530687,985,987,1662,856,6035,592,5383,719,-473,-128,-332,417,428,0
2534036,986,988,1193,1325,3473,96,6261,869,145,-248,39,458,419,0
2537370,988,989,1306,1381,3820,47,7082,1058,-295,-245,509,436,416,0
2540690,989,991,987,1175,1896,554,7306,1261,-381,-265,256,453,411,0
2544036,991,992,687,1925,-637,584,6523,1408,-112,153,454,469,387,0
2547369,992,993,650,1493,559,705,4530,1510,575,535,210,471,410,0
2550693,994,995,0,1550,2524,2804,3803,1587,-188,54,274,507,407,0
2554064,995,996,162,1400,2035,2934,3583,1644,-262,-335,105,498,416,0
2557370,997,997,218,1662,330,994,2882,1694,-14,-26,51,479,402,0
2560696,998,998,650,1831,713,-200,3855,1780,-157,0,74,456,393,0
2564037,1000,1000,593,1812,1198,293,4006,1836,279,184,70,459,394,0
2567370,1001,1001,537,1325,-1357,2080,2424,1864,-763,-76,122,462,420,0
2570700,1003,1002,481,1662,-4652,2332,2286,1890,248,-45,-185,449,402,0
2574058,1004,1004,275,1212,-4106,2148,3005,1995,-332,103,-60,476,426,0
2577370,1006,1005,518,893,-6193,2321,1991,2083,122,24,-7,447,443,0
2580702,1007,1006,818,1456,-7727,1728,1975,2165,979,-100,165,446,428,0
2584058,1009,1008,1062,856,-3528,1333,2462,2260,-87,220,95,433,460,0
2587395,1010,1009,1418,1268,-1915,1581,3119,2396,86,54,49,414,438,0
2590706,1011,1011,2618,1043,-1810,306,2670,2534,1073,-343,823,366,450,0
2594062,1012,1012,2168,1118,2456,-2303,4684,2769,418,88,958,406,462,0
2597397,1013,1014,0,593,7977,-5367,4972,2990,161,-25,160,706,474,0
2600709,1014,1015,3800,556,8099,-5920,6078,3225,-15,426,335,307,476,0
2604062,1015,1017,3518,12,6472,-5348,5044,3424,109,138,249,325,480,0
2607398,1016,1018,2168,425,8397,-4609,4109,3580,213,166,-196,397,458,0
2610712,1017,1020,1381,12,11474,-4541,3759,3701,-716,54,-141,439,464,0
2614063,1019,1021,818,1062,8719,-2711,2680,3765,-417,529,315,469,424,0
2617404,1020,1023,968,781,5398,526,-86,3721,-26,182,103,461,423,0
2620716,1022,1024,125,781,5711,2042,-890,3634,-809,20,193,490,423,0
2624063,1023,1025,500,1306,2347,3888,-2167,3514,-846,26,-7,486,411,0
2627404,1025,1027,368,1362,-5764,7540,-3869,3334,-481,274,-77,477,392,0
2630719,1027,1028,893,1568,-6509,9332,-3854,3135,207,-10,-3,474,406,0
2634063,1028,1029,1100,2487,-4528,9323,-3643,2873,-253,-121,30,463,373,0
2637405,1029,1030,912,2393,-5615,7616,-2750,2619,-655,-814,-11,473,378,0
2640722,1031,1031,968,2412,-6176,4710,-1673,2371,-1235,-683,203,470,393,0
2644063,1032,1032,987,0,-8789,963,-1095,2116,-514,-589,294,485,618,0
2647417,1034,1033,1550,3800,-9273,-2624,248,1895,377,-303,305,439,312,0
2650725,1035,1033,1137,3800,-6848,-3177,49,1693,734,312,365,461,302,0
2654075,1037,1034,800,3800,-3981,-2747,568,1569,-102,-23,-158,464,328,0
2657405,1038,1035,312,0,-3911,-3151,1260,1490,376,65,165,490,873,0
2660728,1040,1037,0,0,-2370,-3171,2190,1446,-439,-69,82,492,707,0
2664084,1041,1038,575,1925,-2410,-3426,2036,1420,-297,255,-388,476,452,0
2667405,1043,1039,443,2150,-1740,-4115,2409,1374,-156,47,-384,467,440,0
2670732,1044,1041,500,1812,-1616,-5166,2967,1342,175,-83,164,480,458,0
2674088,1046,1042,256,1456,-1016,-5730,2442,1343,509,43,273,477,477,0
2677437,1047,1044,1887,2168,-118,-5615,2327,1344,251,22,115,469,502,0
2680734,1049,1046,1643,1868,-942,-5591,2317,1322,431,-72,335,466,518,0
2684088,1050,1047,1887,2487,-13,-4484,2658,1343,484,484,496,469,485,0
2687406,1052,1049,2318,1868,-1273,-754,3109,1379,-309,120,674,430,502,0
2690737,1053,1051,2768,2243,-3821,1956,1737,1356,-295,213,1179,406,482,0
2694088,1054,1052,2506,2487,-4723,3595,2921,1350,876,-28,1065,436,469,0
2697442,1055,1053,3800,2468,-3326,3681,4275,1400,723,-350,1082,359,470,0
2700741,1056,1055,3800,2525,443,1210,4948,1408,905,21,1067,275,467,0
2704101,1057,1056,3800,1812,2466,-1890,5091,1412,-310,-160,133,286,480,0
2707432,1057,1058,0,650,1653,-5045,4678,1368,-429,90,24,853,526,0
2710744,1058,1060,0,668,-729,-6949,3927,1333,490,445,-247,857,541,0
2714089,1060,1061,0,537,382,-5171,2052,1269,782,-254,306,588,532,0
2717432,1061,1063,1887,781,3447,-3413,2129,1218,-571,-14,49,476,503,0
2720747,1063,1065,1400,1118,2729,-3266,1933,1195,-561,259,-164,502,485,0
2724090,1064,1066,931,912,1417,-2925,1119,1232,472,-327,-39,527,496,0
2727460,1066,1068,1587,781,2397,-4989,1196,1297,228,-596,-120,517,528,0
2730751,1068,1070,987,856,2684,-6757,602,1384,467,-141,-151,533,508,0
2734089,1070,1071,1231,1250,3308,-7768,42,1506,-202,-140,-310,520,503,0
2737432,1071,1073,1193,706,1210,-7329,208,1633,224,-40,203,522,516,0
2740754,1073,1075,1662,893,908,-4425,464,1762,-344,424,357,481,490,0
2744111,1075,1076,1868,1962,-373,-2482,1563,1896,-890,518,220,470,449,0
2747432,1076,1078,1118,1662,-4698,369,1870,2007,-74,264,195,510,449,0
2750757,1078,1079,968,1962,-6223,1963,2586,2122,312,431,626,518,449,0
2754114,1080,1081,0,1512,-4699,2572,2443,2191,410,138,260,543,442,0
2757433,1082,1082,0,1062,-3756,2450,1919,2249,397,-58,254,557,482,0
2760760,1083,1084,218,1193,-608,1625,1860,2289,425,46,161,527,475,0
2764115,1085,1085,443,856,1836,1657,1485,2296,-281,98,-23,499,477,0
2767434,1087,1087,218,275,2787,506,1151,2264,-551,99,-220,511,508,0
2770763,1088,1089,518,837,2186,-444,1234,2239,136,100,143,495,478,0
2774115,1090,1090,743,1175,2267,-760,121,2167,40,526,171,483,460,0
2777433,1092,1092,218,1512,1768,2743,-1718,2021,255,44,-174,510,441,0
2780766,1093,1093,518,1287,3369,3143,-2322,1872,210,-78,111,494,453,0
2784115,1095,1095,1025,781,5579,2817,-2082,1734,-399,376,260,467,480,0
2787457,1096,1096,1250,387,8198,2328,-1869,1604,-246,136,-27,455,501,0
2790769,1098,1098,1756,331,5017,3033,-2025,1457,63,-61,145,444,504,0
2794115,1099,1100,1400,162,3172,4075,-2429,1284,216,261,66,447,497,0
2797461,1101,1101,1006,425,2960,4923,-2160,1162,-73,-77,-195,468,499,0
2800773,1102,1103,1250,125,2505,4517,-2455,994,-54,-117,320,455,499,0
2804116,1103,1105,762,0,2666,4020,-2079,796,-520,85,52,472,485,0
2807461,1105,1106,1268,312,869,4089,-2028,578,-323,368,-40,429,464,0
2810776,1106,1108,1193,125,-666,5274,-2315,346,593,65,105,433,458,0
2814116,1108,1109,1118,462,974,5373,-1757,145,288,-101,30,437,456,0
2817461,1109,1111,931,293,266,3926,-1376,-19,-740,99,-492,447,449,0
2820780,1111,1112,631,50,-3993,4030,-1495,-130,-96,669,170,463,462,0
2824138,1112,1114,800,931,-5317,5143,-2209,-266,1381,-463,611,454,415,0
2827462,1113,1115,1137,2525,238,5052,-932,-355,-299,-989,770,461,355,0
2830782,1115,1116,1250,2075,-978,1981,-1013,-422,-1580,-737,1188,439,379,0
2834139,1116,1117,2356,2562,-4540,-1433,866,-432,904,-69,1472,396,369,0
2837463,1117,1118,2525,2843,-1989,-2067,1366,-408,-65,-436,1325,387,354,0
2840786,1118,1119,3012,2656,726,-2062,2715,-325,-978,-102,1143,377,380,0
2844139,1120,1120,2375,2281,-980,-1704,3052,-236,390,135,968,395,400,0
2847463,1121,1121,2187,2187,-1329,-281,4424,-112,322,253,674,421,421,0
2850789,1122,1122,1381,2018,-179,-164,4280,-27,215,249,351,464,430,0
2854140,1124,1124,762,1475,2516,654,4370,50,258,-364,-133,482,444,0
2857463,1125,1125,800,1212,4266,288,4724,117,135,151,-231,480,458,0
2860793,1127,1127,312,518,6250,-57,4296,174,99,-111,199,490,479,0
2864140,1129,1129,350,350,7084,-1134,3375,220,-81,-63,181,488,488,0
2867463,1130,1130,537,425,7242,-886,2300,234,-219,-135,54,478,484,0
2870795,1132,1132,12,650,6634,-1539,2167,255,766,-333,-152,490,456,0
2874140,1133,1133,425,1362,8691,-1664,2764,305,-96,-81,-11,484,434,0
2877464,1135,1135,725,1531,8346,-436,2183,335,-869,133,-2,467,440,0
2880799,1136,1136,1156,1306,4561,-920,810,357,-284,-13,93,460,452,0
2884141,1138,1137,668,1550,1415,-3061,2285,482,-592,166,254,470,439,0
2887468,1139,1139,818,1662,-2066,-2859,2199,623,-204,252,171,478,433,0
2890801,1141,1140,537,1475,-2331,-2506,2820,776,-590,413,-181,477,443,0
2894141,1143,1142,0,818,-3289,-1479,2424,910,202,121,-199,511,478,0
2897470,1144,1143,425,1268,-3230,-306,1235,1012,-331,-67,53,483,454,0
2900806,1146,1145,0,650,-4512,-227,860,1115,-910,-382,70,487,462,0
2904141,1147,1146,800,1531,-8805,-1217,-688,1161,-627,-85,60,438,415,0
2907473,1149,1147,0,1906,-12381,-291,-2361,1164,-189,374,281,479,395,0
2910808,1150,1149,50,1362,-13183,1800,-3790,1110,-134,466,192,462,408,0
2914165,1152,1150,31,950,-13605,5509,-4560,1031,-518,89,-196,463,446,0
2917477,1153,1152,143,725,-16998,7546,-4675,958,-35,-56,-389,457,442,0
2920811,1154,1153,406,368,-18737,8153,-4137,883,798,48,-68,443,461,0
2924168,1156,1155,725,612,-15868,8625,-3274,824,1021,-318,455,426,448,0
2927481,1157,1156,1756,987,-8462,5635,-3069,775,1568,-722,1095,396,453,0
2930814,1158,1158,2993,893,-1383,2013,-3017,749,997,-584,647,346,474,0
2934172,1159,1159,3743,537,3675,2191,-1174,742,598,-476,337,306,477,0
2937483,1160,1161,0,68,5906,3347,689,795,296,-544,875,797,502,0
2940818,1161,1162,856,368,8100,2765,1247,807,-276,-554,259,476,486,0
2944175,1162,1164,2318,575,7777,-391,1237,803,13,351,-206,414,475,0
2947486,1164,1165,1250,875,8798,-1108,867,745,625,18,99,455,459,0
2950821,1165,1167,1625,518,9953,-799,1130,685,61,23,-147,436,463,0
2954175,1167,1169,1231,0,10150,-603,1217,585,-1,409,-177,441,477,0
2957489,1168,1170,1400,0,9921,-668,399,464,147,-104,129,432,485,0
2960825,1169,1172,1381,518,9893,-1182,-103,324,30,-198,136,449,463,0
2964175,1171,1173,931,387,7823,-1082,-571,158,-1214,67,311,457,454,0
2967493,1172,1175,1100,1137,3167,-142,-853,-2,-1055,94,507,464,414,0
2970827,1174,1176,706,1775,-1904,-60,-1554,-156,-965,-529,589,469,380,0
2974206,1175,1177,931,2881,-7387,-2011,-2856,-317,-252,-386,-14,488,352,0
2977496,1177,1178,875,2112,-8931,-2904,-3129,-482,-208,-119,54,475,393,0
2980830,1179,1179,1006,0,-8527,-2927,-3938,-692,-49,102,347,468,513,0
2984176,1180,1180,1925,0,-6990,-2747,-3121,-857,887,-245,709,419,816,0
2987499,1181,1181,2993,2825,-1375,-2596,-2832,-971,1035,307,650,362,371,0
2990835,1182,1182,3331,2018,3628,-516,-1779,-1098,733,62,528,360,430,0
2994188,1183,1183,3800,1193,7158,1985,-857,-1194,77,-29,418,298,474,0
2997502,1184,1185,0,612,7711,2045,91,-1279,-158,-104,394,854,505,0
3000837,1184,1187,0,0,6238,1410,594,-1336,-321,288,497,854,502,0
