Time, Rlegs, Llegs, DCL, DCR, GyroX, GyroY, GyroZ, GyroZAvg, AccelX, AccelY, AccelZ, LBEMF, RBEMF, SteerOut
2198,1156,1166,3781,800,-121,-75,241,240,-8,1,229,92,91,0
5531,1156,1166,3781,781,-121,-74,238,240,-8,3,231,92,92,0
8878,1156,1166,3781,800,-123,-74,241,240,-10,0,230,92,91,0
12200,1156,1166,3781,781,-121,-78,239,240,-7,1,224,92,92,0
15535,1156,1166,3781,781,-122,-73,240,240,-3,0,233,92,92,0
18878,1156,1166,3781,781,-123,-75,241,240,-9,0,232,92,92,0
22203,1156,1166,3781,781,-122,-75,240,240,-11,5,224,92,92,0
25538,1156,1166,3781,781,-122,-75,241,240,-8,2,229,92,92,0
28878,1156,1166,3781,781,-121,-77,240,240,-8,2,231,92,92,0
32207,1156,1166,3781,781,-118,-78,242,240,-10,0,225,92,92,0
35541,1156,1166,3781,781,-122,-75,242,240,-10,1,225,92,92,0
38879,1156,1166,3781,800,-121,-76,242,240,-6,0,228,92,91,0
42210,1156,1166,3781,781,-121,-76,242,240,-7,2,232,92,92,0
45544,1156,1166,3781,800,-121,-73,240,240,-4,0,228,92,91,0
48879,1156,1166,3781,781,-120,-75,239,240,-8,5,228,92,92,0
52213,1156,1166,3781,781,-123,-75,240,240,-8,1,233,92,92,0
55547,1156,1166,3781,781,-122,-76,240,240,-7,0,218,92,92,0
58882,1156,1166,3781,781,-120,-76,239,240,-4,1,226,92,92,0
62216,1156,1166,3781,781,-122,-77,243,240,-7,4,232,92,92,0
65551,1156,1166,3781,781,-120,-75,241,240,-9,0,232,92,92,0
68904,1156,1166,3781,781,-120,-74,242,240,-9,2,230,92,92,0
72220,1156,1166,3781,781,-120,-79,242,240,-10,3,226,92,92,0
75554,1156,1166,3781,781,-120,-77,242,240,-11,4,232,92,92,0
78908,1156,1166,3781,781,-118,-77,242,240,-3,1,230,92,92,0
82223,1156,1166,3781,800,-121,-75,241,240,-9,1,233,92,91,0
85557,1156,1166,3781,781,-124,-73,239,240,-8,1,229,92,92,0
88912,1156,1166,3800,781,-124,-71,240,240,-9,2,229,91,92,0
92226,1156,1166,3781,781,-123,-73,238,240,-3,3,228,92,92,0
95560,1156,1166,3781,781,-119,-75,239,240,-7,1,235,92,92,0
98915,1156,1166,3781,781,-121,-73,239,240,-8,0,224,92,92,0
102488,1156,1166,3781,781,-121,-74,240,240,-8,0,230,92,92,0
105563,0,0,0,0,-120,-78,239,240,-8,0,230,92,92,0
108916,0,0,0,0,-121,-75,242,240,-10,1,234,92,92,0
112233,0,0,0,0,-121,-79,241,240,-8,0,234,92,92,0
115566,0,0,0,0,-121,-76,243,240,-11,2,227,92,92,0
118917,0,0,0,0,-119,-75,242,240,-11,2,232,92,92,0
122235,0,0,0,0,-119,-75,240,240,-6,1,230,92,92,0
125571,0,0,0,0,-122,-77,242,240,-8,3,228,92,91,0
128917,0,0,0,0,-119,-75,240,240,-10,5,231,91,92,0
132239,0,0,0,0,-122,-75,240,240,-8,0,231,92,92,0
135573,0,0,0,0,-119,-75,241,240,-3,1,228,92,92,0
138917,0,0,0,0,-122,-74,240,240,-10,0,227,92,92,0
142242,0,0,0,0,-119,-73,241,240,-9,1,226,92,91,0
145576,0,0,0,0,-121,-77,240,240,-7,0,229,92,92,0
148917,0,0,0,0,-120,-77,242,240,-9,3,231,92,92,0
152245,0,0,0,0,-119,-73,241,240,-6,1,225,92,92,0
155580,0,0,0,0,-118,-76,240,240,-5,0,227,92,92,0
158917,0,0,0,0,-119,-76,242,240,-7,1,230,92,92,0
162248,0,0,0,0,-119,-76,241,240,-4,1,230,92,92,0
165582,0,0,0,0,-119,-76,240,240,-10,2,230,92,92,0
168939,0,0,0,0,-121,-76,241,240,-8,0,232,92,92,0
172251,0,0,0,0,-122,-78,242,240,-7,2,228,92,92,0
175586,0,0,0,0,-122,-75,241,240,-6,0,230,92,92,0
178939,0,0,0,0,-119,-75,241,240,-10,2,231,92,92,0
182255,0,0,0,0,-120,-73,242,240,-8,0,229,92,92,0
185589,0,0,0,0,-119,-73,239,240,-6,1,231,92,91,0
188942,0,0,0,0,-120,-72,239,240,-12,1,233,92,92,0
192258,0,0,0,0,-123,-72,240,240,-4,3,231,92,91,0
195592,0,0,0,0,-120,-74,239,240,-8,1,230,92,92,0
198942,0,0,0,0,-120,-76,241,240,-6,-1,227,92,92,0
202262,0,0,0,0,-121,-75,241,240,-8,2,226,92,92,0
205595,1,0,2693,3012,-121,-75,238,240,-6,10,181,92,91,0
208945,1,0,875,1343,-115,-224,275,241,-137,-14,253,221,212,0
212264,2,1,650,1006,-514,-412,411,247,-116,33,218,233,230,0
215599,2,2,687,987,-961,-659,480,254,62,-93,330,247,247,0
218946,3,2,725,1550,-897,-900,873,274,-193,-112,345,261,233,0
222267,4,3,668,1718,-1515,-1394,861,293,57,32,392,264,224,0
225602,4,3,987,2000,-1094,-1723,654,306,-55,-96,389,263,225,0
228946,5,4,1175,2318,-799,-2012,832,325,-44,-30,410,269,224,0
232270,6,4,650,2000,-671,-2358,986,348,-8,134,354,275,235,0
235605,6,5,1343,1793,-405,-2699,1911,400,-12,-62,438,254,246,0
238946,7,5,1193,1925,-440,-3524,2591,473,65,387,400,262,255,0
242274,8,6,931,1887,-1234,-3697,3170,565,17,202,183,276,257,0
245608,9,7,1081,1662,-791,-3209,4092,685,-15,292,304,268,269,0
248947,9,8,1793,1831,-709,-2857,4241,810,-431,260,66,262,276,0
252277,10,8,1081,2056,-2305,-2133,4684,949,-119,271,146,300,280,0
255612,11,9,631,1887,-3252,-1618,5024,1099,237,193,233,324,289,0
258995,12,10,1343,2243,-3097,-1829,4899,1244,-46,43,73,324,308,0
262280,13,11,1268,1831,-3336,-2710,4645,1382,103,178,96,328,330,0
265615,14,12,1081,1418,-2280,-3060,4349,1510,-110,-44,148,338,352,0
268971,15,13,687,950,-1472,-2748,4609,1647,329,-162,-135,359,377,0
272283,16,14,743,912,-305,-3209,5358,1807,-46,-94,-187,372,395,0
275619,17,16,500,593,-346,-3115,5701,1977,149,369,-17,385,396,0
278972,19,17,68,612,1322,-1924,4678,2116,-3,156,270,392,395,0
282286,20,18,106,312,2225,-1010,2615,2190,-456,-331,-272,390,411,0
285621,21,20,256,237,1232,-2681,3529,2293,562,-95,-182,398,415,0
288972,22,21,518,293,1991,-2993,3841,2405,-20,261,100,379,407,0
292290,24,22,0,331,1623,-1423,3052,2493,-356,-399,4,404,405,0
295624,25,24,331,912,309,-2518,3188,2585,425,108,298,389,374,0
298972,26,25,556,1456,831,-2852,3366,2683,81,405,303,377,345,0
302293,27,26,800,1512,1623,165,2529,2755,-76,209,309,364,342,0
305627,28,27,1250,1681,354,1391,2689,2831,-108,322,317,356,349,0
308972,29,28,1437,1475,-1720,2555,2573,2904,339,227,484,346,360,0
312296,30,29,1662,1287,-576,2811,4056,3023,-57,244,479,334,370,0
315630,31,30,2056,1868,-903,3668,4627,3159,-28,512,499,334,360,0
318973,32,31,2168,1887,-821,4793,4879,3299,218,284,425,328,359,0
322299,33,33,2075,1681,360,6081,4714,3431,156,585,377,333,370,0
325634,34,34,2037,1400,1762,7280,4088,3532,228,-79,-53,351,385,0
328973,35,35,1887,743,2330,7207,2798,3592,-294,227,-8,359,420,0
332302,36,36,1737,893,932,6468,2439,3648,-182,49,97,367,412,0
335663,38,38,1606,500,-18,5826,2063,3687,623,342,-139,358,417,0
338994,39,39,2243,743,1215,4699,674,3677,454,152,275,340,420,0
342307,40,41,1681,0,4482,3045,-237,3610,-221,251,118,348,443,0
345664,41,42,1100,0,4242,1879,-785,3504,-292,332,-95,379,439,0
348998,42,43,950,0,3235,954,-1812,3348,-545,281,-450,387,424,0
352309,43,45,631,12,-1906,2884,-1516,3173,-216,192,210,404,405,0
355668,45,46,425,893,-2433,3518,-1033,3008,107,-333,235,415,374,0
358998,46,47,556,1362,-2981,2224,-1156,2826,-363,-4,253,408,349,0
362312,47,48,593,1118,-6702,632,-1091,2635,280,-341,436,406,362,0
365670,49,49,875,1043,-5367,383,-103,2478,-68,-74,323,375,366,0
369026,50,50,2000,1756,-4086,962,410,2346,504,54,353,353,366,0
372316,51,51,2037,1456,882,1729,2119,2276,794,-833,488,351,382,0
375674,52,53,2637,706,3071,157,2158,2200,-1,-63,199,319,406,0
378998,53,54,2018,425,2346,20,2556,2112,302,-293,406,352,421,0
382319,54,55,2000,818,6027,1271,4297,2068,588,-223,128,369,416,0
385677,55,57,650,125,9545,-92,4318,2057,-284,217,244,441,437,0
388999,57,58,0,387,9625,-1757,2545,2055,-687,-5,31,465,423,0
392322,58,59,12,612,3992,-2455,1156,1981,-609,182,-78,459,411,0
395680,60,61,50,1100,1835,-1129,1438,1906,247,-11,-15,457,385,0
398999,61,62,462,743,3176,-149,1442,1855,137,101,194,430,399,0
402326,62,63,893,1006,2065,-434,790,1780,-130,-61,390,407,385,0
405682,64,65,743,687,381,-781,472,1690,-815,256,155,415,402,0
408999,65,66,275,1025,-1605,-50,-376,1599,-644,-76,-78,440,384,0
412328,66,67,368,1306,-8121,878,-1568,1466,-216,-254,-124,435,369,0
415686,68,68,350,1325,-10741,967,-1569,1337,62,-16,63,436,384,0
419021,69,69,556,1081,-10468,546,-2202,1141,515,82,32,425,397,0
422331,70,71,856,481,-8641,101,-1676,944,601,147,270,409,413,0
425689,72,72,1606,593,-4393,873,-1514,744,765,276,617,374,428,0
429024,73,73,2300,687,-541,411,-1743,543,403,-398,659,337,423,0
432334,74,75,2281,593,4510,-1656,-324,405,662,137,964,338,412,0
435690,75,76,2450,1118,7807,-2134,246,325,-481,222,546,345,400,0
439024,76,77,2131,1287,6833,-2649,826,275,504,277,514,362,391,0
442338,77,79,2075,743,5848,-1921,59,212,1009,66,306,365,420,0
445690,78,80,1531,0,11151,-334,783,215,193,209,-361,394,445,0
449025,79,81,1418,443,10923,1139,236,230,-593,-655,-113,416,436,0
452341,81,83,1006,181,4613,-2937,-517,239,-651,-182,-28,400,412,0
455690,82,84,612,218,-178,-3803,-944,266,-426,120,251,421,410,0
459025,83,85,593,481,-2860,-1617,-378,301,-117,-466,152,422,396,0
462344,85,87,575,312,-2306,-3226,889,361,-822,-197,351,407,389,0
465690,86,88,406,800,-5922,-3792,306,407,-874,27,-528,432,379,0
469025,87,89,162,818,-11919,-2940,-240,434,295,169,131,445,378,0
472347,89,90,125,1137,-10135,118,227,444,86,-59,205,431,361,0
475691,90,91,331,743,-8402,-1,458,445,101,-66,-132,420,382,0
479053,92,93,481,931,-8276,-716,1159,415,-304,23,-112,434,394,0
482350,93,94,837,612,-8365,-1624,1380,391,859,-2,534,415,411,0
485691,94,95,1193,537,-3214,-1377,1087,345,10,209,103,396,415,0
489026,95,97,1400,162,-1658,-1639,1462,257,-22,183,268,385,419,0
492354,97,98,1850,350,-1340,-2046,750,145,659,95,186,377,425,0
495712,98,99,1362,668,1151,-2416,472,80,904,190,20,387,408,0
499026,99,101,1400,68,5020,-2008,-153,39,43,137,369,385,424,0
502358,100,102,1306,0,7565,-1767,-398,-17,-289,-98,85,390,445,0
505716,101,103,1606,350,6541,-1642,-486,-77,75,38,97,390,425,0
509047,103,105,818,406,5901,-1382,-186,-108,50,-153,184,411,401,0
512361,104,106,481,237,5937,-1628,-773,-147,109,-218,364,429,410,0
515716,106,107,387,1043,7121,-1598,-424,-148,265,13,318,434,383,0
519051,107,109,725,1362,8260,-871,-1098,-133,-601,259,443,416,350,0
522364,108,109,1081,2000,5076,120,-2410,-160,-739,256,174,397,332,0
525716,109,110,1006,2431,755,1431,-2284,-162,-535,319,316,417,325,0
529051,111,111,631,2056,-2548,3305,-1601,-160,-427,79,359,421,345,0
532367,112,112,650,2037,-6632,4074,-1491,-159,-84,289,115,420,346,0
535717,113,113,1418,1962,-8459,4663,-499,-120,69,431,326,400,371,0
539051,115,115,1437,1512,-7912,5715,441,-96,226,125,461,383,379,0
542370,116,116,2000,1568,-5158,5716,1333,-62,726,-295,861,353,376,0
545717,117,117,2468,875,-209,3236,849,-62,1105,-556,728,344,429,0
549052,118,119,2525,425,6676,-1068,1184,-27,-760,-228,401,341,437,0
552374,119,120,2075,762,7479,-3413,1351,-9,-525,-233,412,365,419,0
555717,120,121,1437,1025,4422,-5923,1201,20,635,459,-137,399,405,0
559052,121,123,1418,1156,5124,-4121,-178,31,833,624,-223,416,398,0
562376,123,124,237,312,9040,-1064,-235,53,-69,-277,6,441,421,0
565718,124,125,687,125,8075,-1054,-190,59,508,-276,-140,417,431,0
569052,125,127,537,0,6506,-2516,-253,23,584,-346,56,425,427,0
572379,127,128,181,462,9850,-3700,143,18,-782,83,-97,444,397,0
575718,128,129,556,612,6329,-3736,-314,16,-760,246,13,424,405,0
579052,129,131,443,537,148,-1493,-222,2,-562,133,436,430,393,0
582383,131,132,0,1156,-3749,-1541,-1413,-56,-651,-436,39,450,360,0
585742,132,133,237,1381,-8397,-2464,-2440,-168,-621,594,240,425,348,0
589103,133,134,687,2056,-11017,813,-3128,-309,108,306,40,439,350,0
592386,135,135,762,1568,-8793,2583,-2934,-435,-239,81,314,419,376,0
595742,136,136,893,1531,-8622,3070,-2734,-566,-187,-99,-116,412,378,0
599076,137,137,500,1062,-8259,3022,-1802,-646,-86,186,-62,433,403,0
602389,139,139,593,762,-8327,1925,-1431,-705,570,65,276,428,419,0
605742,140,140,462,762,-6557,1638,-769,-724,301,13,-176,435,419,0
609076,142,141,181,818,-4081,1494,-1078,-745,60,-18,14,434,416,0
612392,143,143,668,518,-2999,1478,-1347,-772,-47,-9,347,408,416,0
615743,144,144,875,875,-3049,1419,-1727,-821,500,-45,-31,413,413,0
619076,146,146,31,0,-1004,1798,-1776,-852,-360,11,-116,437,439,0
622395,147,147,200,200,942,2134,-1978,-900,-566,23,163,428,428,0
625743,148,148,0,631,-2406,2537,-3104,-963,105,-129,423,457,421,0
629076,150,150,68,462,-3390,2057,-3566,-999,126,-347,193,435,414,0
632399,151,151,425,481,-2627,481,-3365,-1033,-265,-248,417,416,413,0
635743,152,152,1250,1400,-3426,-681,-3061,-1079,341,-315,287,388,380,0
639077,153,153,1568,1606,-380,332,-790,-1057,697,-30,871,371,369,0
642402,154,155,1850,1662,3495,1231,158,-1036,335,-495,978,356,366,0
645744,156,156,2056,968,3551,62,1724,-996,-44,-108,675,350,408,0
649077,157,157,2150,1400,1861,-1586,2650,-955,230,-686,808,345,385,0
652405,158,158,2375,1100,1136,-2096,4366,-845,788,-47,818,333,401,0
655744,159,160,2712,893,2255,-1736,5547,-709,1124,-294,621,331,412,0
659077,160,161,2281,368,5200,-2182,6335,-553,239,177,407,354,440,0
662409,161,162,1793,462,6984,-2375,6593,-384,64,-216,423,380,435,0
665765,162,164,1081,350,8814,-2348,6140,-187,337,-101,-121,418,425,0
669101,164,165,1025,800,8310,-2835,6504,23,-421,29,-298,421,417,0
672411,165,167,556,237,6385,-3811,5218,192,-127,293,47,424,425,0
675769,166,168,293,0,7153,-3230,5042,357,-152,392,189,438,432,0
679102,168,169,218,331,5647,48,4661,498,37,279,385,426,404,0
682415,169,170,125,518,5306,1925,4046,634,-478,246,111,431,394,0
685769,170,172,237,406,2957,3248,2778,728,-996,127,-396,441,400,0
689105,172,173,256,256,-3547,5561,2625,854,-386,338,85,424,408,0
692418,173,174,237,687,-4388,6805,2583,1011,207,-46,291,425,385,0
695769,174,175,0,650,-2964,6480,2384,1184,-210,-121,18,442,387,0
699139,176,177,668,1437,-2551,5346,1986,1337,-399,-338,89,424,367,0
702422,177,178,762,1531,-4863,3136,2913,1514,-70,-317,140,419,362,0
705769,178,179,1043,1606,-6537,387,3591,1682,-295,106,98,404,358,0
709111,180,180,950,1381,-7537,-438,4212,1859,-354,-94,19,393,370,0
712424,181,181,1025,1156,-7289,173,4204,2014,986,312,42,405,398,0
715769,182,183,631,387,-4561,1306,4974,2203,-438,90,-94,426,423,0
719111,184,184,87,12,-4932,2316,4211,2377,227,58,31,439,443,0
722427,185,185,481,256,-5230,2854,3595,2543,286,-440,-70,418,430,0
725770,186,187,406,0,-4656,2662,2894,2689,351,-149,78,438,448,0
729112,188,188,162,293,-2871,1641,3320,2855,-213,-179,-80,430,423,0
732430,189,190,31,0,-3273,1055,3024,3046,-192,-170,-58,437,425,0
735770,190,191,143,425,-3971,-191,2974,3251,7,-154,151,447,416,0
739112,192,192,331,500,-3403,-846,2647,3439,-103,230,25,421,412,0
742434,193,194,293,406,-2582,-495,2408,3609,273,-170,31,423,401,0
745791,195,195,237,1100,-2234,-406,2495,3712,389,60,46,426,380,0
749112,196,196,575,781,-1669,312,2430,3783,676,-350,590,408,397,0
752437,197,198,1306,162,1368,-1080,2379,3804,745,-362,412,369,414,0
755795,198,199,2337,837,3689,-3869,2106,3787,132,-556,159,383,447,0
759113,199,201,2056,537,4843,-7587,1971,3712,-84,-230,244,398,447,0
762440,201,202,1475,500,5524,-10183,2045,3602,438,-137,451,413,449,0
765795,202,203,2037,631,6959,-12198,2400,3479,566,150,194,399,458,0
769112,203,205,1962,218,10953,-11028,3207,3373,32,584,162,403,464,0
772443,205,207,1250,1025,11043,-8718,3915,3304,135,582,-85,425,421,0
775796,206,208,1287,50,10175,-5749,3313,3204,-123,60,300,423,457,0
779136,207,209,1718,1137,8130,-4623,2837,3130,-1387,1023,877,416,415,0
782448,209,211,762,406,2193,-1302,871,2999,-1124,1091,998,429,416,0
785796,210,212,1100,1212,-1009,5348,-2616,2772,-1148,-272,262,411,373,0
789138,211,213,931,1868,-5189,8724,-5343,2479,-1249,-92,839,420,338,0
792450,213,214,387,1700,-10860,7103,-6175,2199,183,-707,110,433,347,0
795796,214,215,781,1850,-11752,5297,-4933,1963,66,303,70,428,355,0
799138,215,216,706,1625,-10042,6147,-3718,1766,-493,637,-575,432,367,0
802453,217,217,781,1325,-12735,7316,-4196,1560,683,268,376,428,383,0
805796,218,219,931,631,-6884,7655,-1518,1451,627,-111,265,404,404,0
809166,219,220,1943,931,-2683,5289,-1726,1306,149,-170,462,388,426,0
812456,220,221,1831,668,452,4825,-616,1174,548,-119,392,394,440,0
815796,222,223,2356,1287,2818,4681,31,1044,-623,-132,414,350,391,0
819139,223,224,1812,1568,1543,2252,1709,966,71,-346,360,379,376,0
822460,224,225,2150,1868,369,-916,1941,871,-46,-196,-140,377,376,0
825818,225,226,1756,1268,-1951,-1906,2113,805,691,102,-386,398,408,0
829139,226,228,1400,462,2023,408,2156,760,843,-59,-275,417,435,0
832462,228,229,968,125,5471,725,2728,755,101,-496,443,424,453,0
839139,231,232,237,0,4013,1065,1951,720,120,-93,297,458,464,0
842466,232,233,143,537,4193,385,914,656,467,-198,27,463,426,0
849139,235,236,462,912,7132,-717,1401,566,-294,-13,-42,446,406,0
852469,237,238,0,837,5693,-341,835,515,474,-171,38,468,410,0
855821,238,239,387,818,6564,-408,1030,471,-224,149,-215,450,411,0
859140,240,240,237,650,6333,-468,1193,434,-134,295,-72,442,420,0
862472,241,242,800,218,5582,-869,465,382,1,-45,88,412,427,0
865822,242,243,800,687,5566,-1604,629,340,68,177,-139,433,423,0
869164,244,245,631,312,4394,-1730,571,294,-610,73,-32,426,427,0
872475,245,246,931,387,2706,-1863,37,221,-28,-185,-94,410,423,0
875822,246,247,950,893,1339,-2119,-426,107,-151,-23,-156,425,412,0
879168,248,249,668,837,-1686,-1604,-1012,-46,-407,3,6,424,399,0
882479,249,250,256,837,-3211,-1960,-943,-179,-8,-292,-10,446,399,0
885823,250,251,687,762,-3227,-3410,-1057,-301,-833,-75,-178,423,403,0
889169,252,253,218,893,-8335,-3606,-1825,-385,-807,169,37,448,396,0
892482,253,254,12,462,-11940,-2403,-2285,-375,-14,-35,53,437,397,0
895823,255,255,0,556,-10063,-2614,-2353,-281,-746,-175,201,441,392,0
899168,256,256,0,1043,-13398,-2961,-2750,-174,671,-74,403,430,366,0
902485,258,257,218,1662,-11529,-3138,-2915,-111,1582,-283,1489,410,333,0
905844,259,258,293,1925,-5922,-3750,-2076,-60,1185,-1149,1432,406,335,0
909169,260,259,1250,1775,2093,-5148,-263,62,61,-372,1114,355,343,0
912488,261,260,2131,1550,2508,-4407,1382,153,-162,-239,1070,308,355,0
915846,262,261,1381,2056,318,-3159,2776,294,104,-229,1155,348,328,0
919197,263,262,2056,2787,1015,-2038,3362,418,70,215,864,350,327,0
922491,264,263,1925,2300,-301,-1550,3207,517,-334,85,192,357,353,0
925846,265,264,2262,2225,-3281,-858,3008,558,18,-71,564,339,357,0
929169,266,265,2375,2337,-4311,-1037,3962,621,129,342,92,333,351,0
932494,267,266,2600,2337,-3383,-1257,4073,682,407,199,273,337,367,0
935846,268,267,2056,1850,-1495,-1469,3942,738,272,237,11,366,393,0
939169,269,269,1512,987,1275,-806,4500,793,-728,291,77,395,423,0
942498,270,270,1193,443,-744,-1818,4665,836,315,-769,-39,412,452,0
945847,272,272,612,631,-449,-2161,4025,901,177,10,-334,443,442,0
949170,273,273,387,331,2842,-1373,4601,1017,-395,524,344,450,453,0
952501,275,275,0,500,2506,-352,2155,1059,803,-420,241,476,444,0
955847,276,276,181,706,3737,-2370,2290,1087,630,-301,-132,461,433,0
959171,278,277,0,425,5173,-4772,3192,1161,-501,352,-177,457,448,0
965847,281,280,275,706,2497,-2931,2125,1236,447,-77,97,440,433,0
969173,282,282,387,462,3741,-2893,2696,1306,-2,225,-156,434,430,0
975848,285,285,1250,518,2199,-2708,2236,1389,55,33,233,393,432,0
979176,286,286,1231,87,3341,-4432,2038,1452,-13,381,-101,394,455,0
982510,287,288,781,443,3286,-4306,1782,1521,-187,29,-81,418,436,0
985848,289,289,556,256,1655,-4419,2846,1641,-32,307,15,430,446,0
989180,290,290,931,500,942,-3625,2485,1748,-42,35,161,410,433,0
992514,291,292,1718,275,1799,-3787,2562,1861,491,350,232,368,429,0
995871,292,293,1662,593,2822,-3394,2021,1982,555,488,129,371,412,0
999183,293,295,1756,425,4999,-1722,1647,2104,-111,170,189,382,421,0
1002517,295,296,1437,0,6357,-2093,1678,2230,-288,225,245,377,428,0
1005875,296,297,1118,143,3972,-1266,1421,2361,-8,620,145,378,414,0
1009186,297,299,1006,162,1790,1866,978,2482,221,513,326,384,397,0
1012520,298,300,987,425,2525,3866,631,2567,-509,300,107,385,383,0
1015876,299,301,893,1212,456,5089,608,2594,-784,284,116,406,357,0
1019189,301,302,818,1418,-4546,5652,425,2564,-100,227,48,394,346,0
1022523,302,303,500,1400,-5756,5895,580,2496,-362,230,1,411,347,0
1025881,303,304,331,1437,-7398,6522,214,2397,-39,170,72,420,345,0
1029200,305,305,443,2056,-9197,6627,-151,2292,454,46,38,436,350,0
1032527,306,306,818,1700,-9214,6735,600,2217,-344,451,92,416,369,0
1035882,307,307,1625,1343,-7438,7988,1103,2128,292,-38,-127,373,388,0
1039196,308,309,1118,725,-7906,6756,1925,2061,-135,-553,-160,400,405,0
1042530,310,310,743,275,-7152,7297,3509,2047,328,288,-131,436,445,0
1045881,311,312,462,200,-4702,7345,2434,1983,-1,15,367,435,433,0
1049198,313,313,0,0,-5717,7148,920,1866,267,-225,284,473,454,0
1052533,314,314,12,425,-5083,6324,434,1753,1288,-224,562,443,421,0
1055882,315,316,1006,0,1073,4742,466,1624,535,198,331,406,456,0
1059202,317,317,987,143,5047,4691,-255,1549,302,-243,352,386,431,0
1062537,318,319,893,0,5529,4913,-1023,1445,-150,-92,35,391,439,0
1065882,319,320,818,275,4764,4589,-1052,1313,-151,-604,327,411,424,0
1069205,320,321,631,781,4201,2657,-1702,1181,-213,-351,140,421,397,0
1072540,322,322,443,2037,2847,1468,-1444,1069,-447,-599,618,431,330,0
1075882,323,323,1081,2431,2349,-1518,-48,984,29,-622,460,397,325,0
1079208,324,324,1118,2018,1813,-4482,230,940,81,-397,483,395,347,0
1082543,325,325,1212,1906,2372,-6919,1118,905,238,-242,259,390,353,0
1085882,327,327,1287,1381,3620,-9597,2492,919,32,-305,225,391,386,0
1089211,328,328,1400,1212,2524,-10861,3814,983,319,-211,265,385,395,0
1092546,329,329,1550,950,3043,-11331,6458,1096,874,252,607,377,409,0
1095883,330,331,2487,406,5711,-8968,7926,1266,-62,227,373,343,438,0
1099215,331,332,2525,350,5792,-6416,9113,1470,646,267,621,341,441,0
1102549,332,333,2262,500,6995,-4761,9493,1704,-118,-48,134,355,433,0
1105907,333,335,2187,275,5197,-3695,9117,1937,-173,178,461,359,429,0
1109218,334,336,2412,518,-18,-2840,7723,2126,30,563,385,363,432,0
1112552,336,337,1287,612,1511,-565,5722,2261,136,448,296,385,405,0
1115909,337,339,1737,50,547,1647,3366,2335,-883,140,239,361,419,0
1119222,338,340,1700,406,-1830,1488,1106,2350,-638,200,114,363,400,0
1122556,339,341,1212,350,-4212,2106,-738,2308,12,249,119,389,403,0
1125909,340,343,1043,781,-5147,3318,-1971,2233,-640,67,-204,414,380,0
1129225,342,344,800,537,-8029,3576,-2166,2147,-112,-134,-247,411,393,0
1132558,343,345,387,612,-8070,2866,-1909,2081,489,-226,535,433,389,0
1135909,344,346,218,668,-4641,2067,-1558,2037,282,-83,488,442,386,0
1139227,346,347,968,1475,-1612,1909,-1729,1964,475,-412,149,424,381,0
1142562,347,349,1381,743,1298,1385,-519,1914,249,22,542,402,404,0
1145909,348,350,1700,856,5420,1428,-50,1852,-298,18,-92,385,398,0
1149230,349,351,1681,1100,5005,1792,581,1760,125,-103,104,386,385,0
1152565,351,353,1550,1081,5808,2304,1266,1724,-4,-240,228,393,402,0
1155910,352,354,1362,875,5551,22,989,1726,275,-290,92,403,397,0
1159234,353,355,1381,1043,5033,-1538,168,1718,-811,75,173,402,388,0
1162568,354,356,1250,1137,3124,-1594,34,1704,-247,-167,25,409,383,0
1165910,356,357,462,1493,-293,-1401,453,1726,-610,-22,21,451,380,0
1169238,357,359,218,1043,-849,-834,-348,1747,-625,205,513,459,383,0
1172571,359,360,237,1212,-1498,-1157,-1299,1740,-325,-278,474,442,374,0
1175910,360,361,1025,1325,-1618,-1501,-1943,1732,-426,-167,137,416,384,0
1179240,362,362,706,1568,-4287,-629,-3279,1675,-628,-11,59,433,371,0
1182575,363,363,462,1081,-7057,-611,-3769,1559,-122,-163,-17,430,397,0
1185910,364,365,593,968,-9252,-1898,-3663,1437,-336,-294,-187,439,403,0
1189244,366,366,237,668,-11539,-2796,-3441,1294,608,168,-106,442,419,0
1192578,367,367,781,875,-10238,-2050,-4058,1090,1055,318,519,413,408,0
1195935,368,369,1756,593,-2856,-1825,-3598,858,639,-502,583,382,428,0
1199246,369,370,2712,312,1211,-2621,-2972,563,890,-395,844,331,443,0
1202581,370,371,2731,443,4791,-3718,-1458,270,168,46,736,330,436,0
1205939,371,373,3087,575,6193,-3943,-31,-15,-735,311,452,327,429,0
1209250,372,374,3012,950,2372,-4953,829,-285,511,-288,391,331,409,0
1212584,373,375,2412,931,1541,-6335,1272,-530,918,144,52,363,410,0
1215943,374,377,1456,387,8361,-6289,2265,-701,116,620,37,414,423,0
1219253,375,378,2525,1006,8866,-2921,2515,-801,255,251,233,373,406,0
1222588,376,379,2225,837,7135,-74,1408,-862,88,47,227,367,393,0
1225944,378,381,1437,350,6861,-269,1698,-844,-297,245,161,393,403,0
1229257,379,382,1493,68,6408,-778,2381,-746,-476,-409,-182,390,418,0
1232591,380,383,1325,368,5921,-2709,1764,-630,-523,73,-392,399,402,0
1235947,381,385,1925,556,-559,-3343,1028,-530,-193,262,425,383,392,0
1239260,383,386,1118,518,-1791,-2564,869,-443,-105,26,315,410,394,0
1242594,384,387,1081,1006,-1575,-1720,1022,-362,-697,51,-282,412,368,0
1245947,385,388,725,1437,-5401,-1473,491,-293,-857,293,-243,431,345,0
1249263,387,389,687,2262,-10050,-1319,-2,-277,540,344,365,455,339,0
1252598,388,390,931,1850,-10658,-384,193,-269,90,374,367,442,361,0
1255948,390,391,162,1737,-9739,55,113,-284,-339,103,46,467,367,0
1259266,391,392,950,1756,-9250,-66,-366,-335,123,-80,305,425,366,0
1262600,392,394,1531,1906,-8311,-601,-157,-371,-179,241,80,410,374,0
1265948,394,395,1193,1625,-7104,555,777,-352,-330,20,-260,412,373,0
1269270,395,396,481,1418,-8962,517,1329,-311,-122,92,-134,450,384,0
1272604,396,397,612,1193,-9788,-209,1017,-294,882,-178,110,443,396,0
1275949,398,398,931,1268,-7367,-819,668,-262,177,168,173,426,408,0
1279272,399,400,537,518,-5991,-1181,1290,-181,857,13,315,442,427,0
1282608,401,401,518,125,-2184,-1738,689,-99,574,180,254,443,448,0
1285949,402,403,762,406,2317,-2670,693,24,-198,53,231,430,433,0
1289275,403,404,593,68,1832,-3111,795,167,39,59,-20,439,451,0
1292611,405,405,87,687,1373,-1933,449,296,229,310,214,450,418,0
1295949,406,407,875,931,2320,-576,-1121,368,231,-331,14,424,405,0
1299279,408,408,0,500,2557,-971,-483,480,230,-13,-85,458,428,0
1302613,409,409,368,500,3313,-1438,-758,568,240,-99,32,435,428,0
1305970,410,411,2000,818,2927,-1567,-320,651,614,66,434,417,464,0
1309282,412,413,1643,743,6238,-276,1089,731,-368,492,197,420,468,0
1312616,413,414,1962,443,6191,2420,1483,778,413,-30,189,403,468,0
1315974,414,415,2506,818,5810,4489,1224,791,656,265,435,390,464,0
1319285,415,417,2318,275,7610,5429,1951,812,-137,457,564,400,477,0
1322619,417,419,2187,612,7784,6298,2456,818,-345,220,354,407,459,0
1325974,418,420,2112,368,6337,5811,2545,819,229,214,65,395,456,0
1329288,419,422,1981,406,7149,5170,2389,849,591,200,-96,418,454,0
1332623,421,423,1231,0,8713,4548,1625,847,242,158,-300,436,466,0
1335974,422,425,1400,0,8950,4727,587,791,-663,353,-262,411,453,0
1339291,423,426,1325,0,6518,5586,514,752,-381,339,48,415,455,0
1342626,425,428,912,106,5222,5972,330,730,-35,-124,-4,437,432,0
1345974,426,429,1100,631,2442,5731,304,713,-692,298,-92,427,404,0
1349295,427,430,950,1193,-798,6547,26,681,-647,301,-135,435,374,0
1352629,429,431,556,1456,-2388,7492,162,671,-903,153,108,440,360,0
1355975,430,432,425,2412,-7273,7479,266,679,-456,-517,842,447,309,0
1359298,432,433,1231,3125,-10879,4720,1588,723,-561,-530,988,426,309,0
1362632,433,434,1643,2431,-11491,1142,3887,841,1653,-732,1712,404,346,0
1365975,434,435,2450,2000,-4326,-3555,5058,1011,1004,-241,1057,361,369,0
1369301,435,436,2375,1081,1436,-5563,5627,1191,790,-239,574,365,418,0
1372635,436,437,2450,1268,4733,-5831,6608,1373,23,415,63,377,424,0
1375975,438,439,1681,837,5804,-3494,7406,1563,-305,296,-288,402,431,0
1379304,439,440,950,706,4674,-3323,5422,1701,-448,100,87,441,438,0
1382639,441,442,837,1006,4315,-3138,5354,1847,-535,31,-145,447,422,0
1385996,442,443,800,687,1789,-2557,4707,1954,110,-286,171,449,439,0
1389307,443,444,725,987,2090,-3513,5208,2095,162,-217,147,448,418,0
1392642,445,446,481,1025,1726,-4027,3760,2191,164,-212,577,445,416,0
1395999,446,447,987,762,1387,-4243,1615,2217,-184,178,327,434,430,0
1399311,448,448,312,1043,504,-4029,111,2206,-411,40,88,454,415,0
1402645,449,450,781,1025,-1370,-4604,126,2245,-83,187,-385,429,416,0
1406000,450,451,331,818,-3999,-3595,274,2269,-330,-352,-302,469,427,0
1409314,452,452,200,1193,-7829,-2392,1174,2329,42,357,377,460,407,0
1412648,454,453,406,1343,-7372,1,357,2351,604,235,170,449,399,0
1416000,455,455,537,1118,-5619,2802,-14,2316,204,-174,623,447,416,0
1419317,456,456,1006,1268,-4107,3483,607,2289,497,-270,430,422,408,0
1422651,458,458,1493,1175,-2003,3847,1815,2307,-363,-35,-83,396,413,0
1426000,459,459,1606,575,-3377,4250,1380,2289,-719,-251,168,390,445,0
1429321,460,460,1700,781,-5680,3452,1765,2268,-56,82,109,385,434,0
1432654,461,462,1606,143,-5947,2534,2094,2254,493,271,72,390,452,0
1436001,462,463,1418,537,-2162,3485,1990,2241,971,351,128,400,431,0
1439323,464,465,1606,462,1329,4485,1447,2236,-251,293,-130,390,435,0
1442658,465,466,1250,0,2295,5031,628,2237,272,-228,72,387,438,0
1446001,466,468,1568,0,2275,3283,-25,2220,430,-198,39,370,436,0
1449326,467,469,1531,12,3191,1777,-347,2199,164,131,244,372,421,0
1452661,468,470,1775,500,4165,1025,-355,2178,113,-30,21,375,411,0
1456001,470,472,1456,218,6303,248,-984,2147,511,-19,-4,376,410,0
1459330,471,473,1643,218,8255,-102,-781,2117,332,-25,214,366,410,0
1462689,472,474,912,443,8834,25,-186,2103,-869,-9,-174,405,398,0
1466022,473,475,762,1137,6792,-228,440,2067,-1102,-141,51,413,361,0
1469334,475,476,1568,2431,1180,-1391,779,1970,-935,58,545,408,330,0
1472691,476,477,1418,1925,-4465,-3101,1014,1844,-66,690,294,400,357,0
1476025,477,478,1268,1831,-5564,-548,1349,1710,396,282,296,408,362,0
1479337,479,479,800,1681,-4279,27,2607,1585,1028,284,994,433,370,0
1482695,480,481,987,1325,-166,406,1649,1405,-607,569,533,423,389,0
1486026,481,482,1568,762,651,350,1141,1271,397,263,412,392,419,0
1489339,482,483,1887,631,3844,785,985,1135,292,71,432,375,426,0
1492698,483,485,2112,1156,4088,1372,1281,1028,-489,189,91,379,398,0
1496028,485,486,1456,818,2100,2093,1139,901,-309,-11,28,398,416,0
1499342,486,487,1025,1118,1462,1838,-188,777,-191,-424,-78,416,395,0
1502701,487,488,987,2056,264,1416,-1409,683,-125,-109,149,434,361,0
1506027,489,489,612,2000,-1233,921,-1690,626,-573,-403,472,438,364,0
1509346,490,491,856,2450,-3639,595,-2376,548,-493,-454,318,425,324,0
1512704,492,491,837,2806,-4703,181,-2838,451,-660,-173,309,426,337,0
1516027,493,492,781,3612,-7162,302,-3352,310,540,610,1198,429,294,0
1519349,494,493,725,0,-5254,2353,-3242,197,-256,219,205,432,699,0
1522738,495,494,1868,0,-6161,3650,-3760,80,62,-407,292,392,529,0
1526027,496,495,2825,2037,-5691,1686,-2513,-16,609,-230,678,341,399,0
1529353,497,496,3237,1362,-2442,55,-851,-100,647,-468,776,319,435,0
1532710,498,498,2937,1250,3671,-1310,1599,-93,729,-452,459,335,425,0
1536027,499,499,2993,1962,6312,-3090,1874,-90,161,44,397,348,403,0
1539355,500,500,2731,1756,6121,-4793,3088,-58,-90,-25,295,362,414,0
1542710,501,502,2375,556,5185,-6350,3771,-3,447,-252,-69,381,462,0
1546049,503,503,1550,856,5267,-7226,4084,79,784,29,13,409,446,0
1549358,504,505,1493,743,5783,-7259,3502,168,-1,685,-163,428,452,0
1552718,505,506,12,387,7091,-6467,3346,274,-616,-586,0,485,449,0
1556049,507,508,68,368,5815,-6079,3247,386,-313,167,74,466,434,0
1559362,508,509,612,0,2847,-4338,1281,437,24,58,350,437,454,0
1562718,510,511,987,387,3162,-3110,904,496,-637,-117,59,417,433,0
1566053,511,512,1006,218,-214,-2335,741,544,-634,403,53,416,442,0
1569365,512,513,668,725,-4777,341,-391,537,-286,-41,-9,434,415,0
1572718,514,515,293,762,-9186,3032,-967,493,-207,244,58,438,397,0
1576053,515,516,256,931,-10266,3943,-595,450,-198,371,94,440,388,0
1579369,517,517,425,1456,-10755,5179,-958,389,60,131,-23,453,398,0
1582719,518,518,1006,1062,-12068,5989,-369,335,131,-9,-54,422,419,0
1586053,519,520,1081,556,-10168,5639,33,255,758,-294,155,418,430,0
1589371,521,521,575,743,-6307,3865,718,226,824,-97,446,429,420,0
1592719,522,523,1456,293,-1613,2886,499,206,-906,53,-227,398,444,0
1596053,523,524,1156,368,-2721,4003,876,202,-380,-108,-172,414,440,0
1599375,525,526,293,518,-6166,4440,337,173,639,-300,-99,444,432,0
1602719,526,527,762,706,-4950,4574,449,151,598,152,-254,435,422,0
1606054,527,528,875,350,-1087,4616,1006,188,-354,188,102,429,441,0
1609378,529,530,368,0,-360,4988,779,257,481,-22,94,435,446,0
1612720,530,531,612,181,-540,5466,-307,300,173,-268,86,438,445,0
1616054,532,533,500,312,-180,5028,-363,363,-139,283,126,428,422,0
1619381,533,534,518,87,733,4936,-940,422,238,-278,368,427,434,0
1622720,534,535,1062,856,3149,3678,-2170,459,842,-331,181,414,409,0
1626054,536,537,1137,387,5837,2447,-2522,482,651,47,545,394,418,0
1629384,537,538,1250,12,9579,2084,-3031,504,329,-317,330,388,438,0
1632772,538,539,1887,612,12284,-229,-3610,470,599,-233,160,375,427,0
1636075,539,541,2018,331,13782,-1948,-3428,390,270,-38,318,368,426,0
1639387,540,542,2150,293,14521,-3128,-2879,250,-314,-371,108,361,428,0
1642744,541,543,1906,725,9527,-5341,-2003,129,396,-147,371,374,405,0
1646079,542,545,2168,856,8918,-5903,-2023,-30,-51,-49,360,376,398,0
1649391,544,546,2318,387,7782,-4804,-1739,-202,-593,-690,226,352,423,0
1652745,545,547,2356,706,3473,-5856,-1115,-365,-888,27,567,350,406,0
1656079,546,549,2056,931,-861,-5468,-1173,-511,-883,242,559,366,378,0
1659395,547,550,1062,1287,-4933,-3118,-2171,-683,281,2,333,435,375,0
1662745,548,551,856,256,-4543,-2405,-3400,-891,273,-48,-159,424,408,0
1666080,550,552,781,312,-2360,-3481,-3003,-1025,-72,170,347,412,405,0
1669397,551,554,1418,687,-2423,-3524,-3782,-1171,259,-78,541,378,385,0
1672745,552,555,1531,837,-2655,-3646,-3244,-1296,-279,320,27,388,377,0
1676079,553,556,1006,968,-2411,-2527,-2064,-1348,-161,191,307,416,370,0
1679400,555,557,912,1381,-2359,-1728,-781,-1342,244,-35,560,405,348,0
1682745,556,558,950,1512,-2990,-1434,-426,-1337,-391,433,13,403,341,0
1686080,557,559,968,1475,-3752,-282,535,-1290,14,448,244,402,343,0
1689403,558,560,2150,2337,-3727,698,1549,-1231,209,108,658,377,335,0
1692746,560,561,1475,2056,-1521,1046,2583,-1151,70,99,510,397,350,0
1696080,561,562,1568,1850,-86,651,3789,-1055,-54,46,383,392,361,0
1699407,562,563,1700,1568,1215,1361,4144,-941,28,298,131,385,376,0
1702746,563,564,1887,1493,2534,2839,4966,-813,-493,352,252,391,396,0
1706081,565,566,1400,1550,2416,2098,4643,-679,138,359,339,401,377,0
1709411,566,567,1606,1062,4066,1921,4928,-539,86,344,-14,390,403,0
1712767,567,568,1400,1212,6198,2249,5499,-398,355,-141,-278,417,411,0
1716103,569,569,593,818,7842,1995,5412,-253,229,-190,-226,444,432,0
1719413,570,571,256,443,7580,3160,5712,-65,-205,45,-281,457,431,0
1722771,572,572,0,462,7448,3693,3468,53,84,73,205,478,446,0
1726104,573,574,218,631,6488,2389,2530,162,-22,-478,488,459,421,0
1729416,574,575,706,1043,6098,300,2700,314,-518,-463,316,433,399,0
1732771,576,576,837,1943,3419,83,1073,426,-720,-33,123,426,367,0
1736104,577,577,706,2393,-1180,1180,-98,518,-983,-339,242,433,343,0
1739420,578,578,462,1850,-6268,55,-247,623,-234,-148,4,446,372,0
1742802,580,580,743,1550,-10852,-628,-1632,679,-519,-307,-95,436,393,0
1746104,581,581,631,1268,-11377,-487,-2224,700,599,150,41,442,408,0
1749422,583,582,0,1681,-8984,186,-1600,712,-566,-95,-129,463,386,0
1752771,584,584,856,781,-11269,294,-2490,698,-41,88,-318,414,418,0
1756104,585,585,1156,1193,-11911,265,-2600,671,-72,-161,176,414,412,0
1759426,587,586,1456,968,-11627,-1399,-2098,640,357,38,428,382,424,0
1762772,588,588,2262,87,-8654,-4340,-2332,604,311,29,364,339,455,0
1766105,589,589,1737,218,-6429,-6102,-2100,606,455,221,700,367,448,0
1769429,590,591,1400,593,-3254,-6165,-1347,670,-174,344,283,401,428,0
1772772,591,592,331,368,-1803,-3613,-545,747,433,354,137,436,418,0
1776105,593,593,312,537,-771,-1202,19,866,636,-68,434,421,409,0
1779432,594,595,556,293,1768,-427,1286,1007,-43,-105,24,408,422,0
1782772,595,596,1006,68,3381,-2348,1056,1105,74,447,-77,400,434,0
1786105,596,597,893,387,3581,-2655,178,1135,69,203,-128,406,417,0
1789435,598,599,818,87,3076,-1187,696,1170,218,167,47,394,417,0
1792794,599,600,593,0,4550,1,1927,1213,100,-119,315,406,430,0
1796105,600,601,462,350,4524,521,2655,1248,-489,8,-25,413,403,0
1799438,602,602,1231,1193,1687,1320,2770,1254,-618,-293,63,410,396,0
1802797,603,604,725,1306,1373,183,4999,1292,546,-255,261,421,374,0
1806130,604,605,462,1250,3680,-1587,5262,1327,-750,-67,-94,435,377,0
1809442,606,606,0,1156,2821,-1128,5456,1342,358,82,502,445,382,0
1812797,607,607,612,1550,5143,-454,7046,1417,179,-82,659,427,377,0
1816133,608,608,612,1437,4270,-2142,7103,1485,-1113,292,29,427,383,0
1819445,610,610,87,1100,-539,-1211,6690,1522,712,17,-109,439,401,0
1822797,611,611,893,912,507,1424,4847,1505,256,212,417,412,411,0
1826137,612,612,837,893,1989,2523,5013,1483,-459,176,902,415,412,0
1829449,614,614,0,593,1810,5038,4484,1514,105,197,-97,443,407,0
1832798,615,615,368,1043,1852,4211,2629,1518,33,-94,448,435,399,0
1836139,616,616,350,1362,1572,3715,1414,1477,-49,-214,341,436,382,0
1839451,618,617,0,1587,-40,3099,1162,1480,174,-172,229,445,370,0
1842798,619,618,706,1625,-501,2701,621,1503,-438,-9,439,417,384,0
1846140,620,620,556,1343,-2348,2487,-395,1498,148,-413,157,425,383,0
1849454,622,621,650,1250,-2548,2237,-128,1545,-165,123,264,404,388,0
1852830,623,622,2225,2843,-1457,2638,1039,1647,963,-495,762,389,372,0
1856139,624,623,2393,2131,1753,881,807,1722,180,-444,739,380,410,0
1859458,625,625,2393,2206,3218,-1333,594,1819,-463,-660,1077,380,406,0
1862798,626,626,2431,2168,4431,-4805,1154,1936,381,-255,629,378,392,0
1866140,628,627,2337,2506,5453,-6110,1300,2042,-303,84,370,383,390,0
1869461,629,628,2000,1793,5641,-6914,695,2137,-231,130,395,401,428,0
1872819,630,629,1681,1231,3635,-8190,2178,2270,499,-13,-241,418,458,0
1876140,632,631,837,556,3886,-8781,2842,2401,-769,220,-76,447,478,0
1879465,633,633,912,1512,3046,-8109,2495,2496,670,126,544,459,443,0
1882820,635,634,368,837,5256,-7142,955,2525,475,-9,176,450,441,0
1886141,636,635,162,762,7069,-6483,1466,2531,-452,272,-261,461,445,0
1889467,637,637,537,350,4960,-4941,1297,2539,-327,47,136,441,451,0
1892823,639,638,575,931,3370,-5006,1758,2588,-95,40,112,439,436,0
1896140,640,640,406,818,456,-4347,1980,2628,-349,430,96,448,426,0
1899470,642,641,0,1006,-2339,-2259,1687,2621,-570,326,-98,462,416,0
1902823,643,643,125,1062,-4478,587,1654,2589,-50,193,-40,447,397,0
1906141,645,644,0,1306,-5109,739,1831,2560,123,-28,35,440,384,0
1909474,646,645,1100,1756,-5185,1590,1472,2450,6,405,2,417,398,0
1912824,647,646,1512,1662,-6392,3563,2142,2352,47,-34,281,395,403,0
1916168,648,648,1175,1362,-5889,3944,3050,2277,223,-342,-130,413,403,0
1919477,650,649,331,1512,-5106,3656,3700,2173,-212,9,-229,442,395,0
1922824,651,650,631,1625,-3118,3162,3378,2056,-35,273,201,442,405,0
1926167,653,652,0,1493,-1835,2585,2873,1937,210,-151,207,470,396,0
1929480,654,653,218,1625,-680,1972,2890,1876,-346,651,99,448,389,0
1932824,655,654,537,1418,-299,2812,2115,1785,414,370,120,447,416,0
1936167,657,655,687,1268,2438,2921,1372,1688,624,83,48,423,424,0
1939484,658,657,181,950,6283,2618,1106,1640,-639,218,67,445,420,0
1942825,660,658,350,556,6138,2584,157,1601,167,27,89,436,457,0
1946167,661,660,181,443,6702,1685,-723,1542,187,-217,47,445,447,0
1949486,662,661,143,200,7113,262,-1526,1475,597,-183,-57,447,460,0
1952825,664,663,275,668,8448,-113,-1600,1437,-348,208,-258,440,435,0
1956167,665,664,162,1212,7568,-119,-1798,1385,-914,68,90,446,406,0
1959490,667,665,0,1981,3314,-709,-3160,1254,-602,-168,389,448,365,0
1962877,668,666,987,3031,-1712,-1797,-3124,1131,-1637,116,439,407,330,0
1966167,669,667,743,2468,-6582,-1489,-3909,990,-426,207,391,420,360,0
1969493,671,668,68,2431,-10125,-1625,-4573,811,-54,219,98,440,362,0
1972850,672,669,425,2037,-12227,-29,-5219,608,200,38,-338,421,383,0
1976168,673,670,687,2093,-11348,267,-4572,443,-213,287,-232,423,396,0
1979496,675,672,650,1381,-12677,-48,-4669,229,394,-77,135,425,418,0
1982850,676,673,481,1156,-12235,-532,-4004,15,-334,329,339,418,430,0
1986168,677,675,500,1043,-12296,713,-2871,-152,336,413,686,417,420,0
1989499,678,676,1268,1418,-11224,1507,-1982,-243,1023,-232,634,392,416,0
1992850,680,677,537,518,-4071,1324,87,-286,524,107,598,393,442,0
1996192,681,679,668,200,646,1274,783,-302,653,380,725,386,443,0
1999503,682,680,800,0,5834,1673,1966,-296,464,-66,102,379,462,0
2002851,683,682,987,181,8633,2125,2268,-287,-220,-139,-70,385,444,0
2006196,684,683,650,143,7518,1796,1826,-283,-656,10,-64,403,446,0
2009506,686,685,612,50,5476,3316,1524,-287,326,646,348,389,435,0
2012851,687,686,968,350,7717,6089,2017,-281,65,-226,-101,370,419,0
2016196,688,687,668,725,7382,5146,2138,-260,-442,230,13,386,399,0
2019509,689,688,1250,2056,4733,4751,2226,-257,-851,-61,354,393,366,0
2022852,691,689,743,2318,898,3854,2812,-265,217,-387,498,404,352,0
2026196,692,691,1025,2112,-280,1542,3611,-268,-711,133,438,389,347,0
2029513,693,692,968,2131,-3261,-702,3992,-248,123,77,354,392,362,0
2032851,694,693,1006,1812,-2438,-1356,3738,-221,756,156,262,406,379,0
2036197,695,694,556,1287,-94,-1724,4062,-185,316,32,-56,430,407,0
2039516,697,695,350,1043,1291,-1764,3705,-135,-13,46,20,425,420,0
2042873,698,697,556,1118,-519,-1174,2965,-85,-201,58,-310,430,416,0
2046197,700,698,0,893,-1564,-20,1472,-74,-417,-44,-144,449,428,0
2049519,701,699,200,1100,-3315,280,478,-64,-216,-202,305,428,412,0
2052875,702,701,293,1118,-5795,330,-823,-67,-180,-371,147,439,411,0
2056198,704,702,237,800,-7533,-188,-1319,-61,-59,-196,53,426,428,0
2059522,705,703,425,1062,-7898,-742,-1635,-62,604,-24,206,416,414,0
2062874,706,705,668,818,-5473,-558,-2320,-78,-504,-316,-17,419,427,0
2066198,708,706,556,650,-6672,-769,-2755,-65,-111,-35,35,409,436,0
2069525,709,707,687,950,-7574,-1397,-1509,-15,279,545,492,402,420,0
2072906,710,709,1250,800,-5338,167,-2092,41,185,327,572,393,433,0
2076197,711,710,1981,1043,-3156,937,-1387,141,407,-56,930,354,420,0
2079528,712,712,2281,950,685,-1343,-287,295,592,-35,786,338,425,0
2082875,713,713,2225,368,5238,-2130,433,451,68,385,786,341,440,0
2086198,714,714,2318,1006,5974,-1827,1136,632,9,146,422,352,422,0
2089532,716,716,1812,275,6821,-1415,1322,799,352,144,522,363,445,0
2092876,717,717,1137,425,7768,-1036,1299,929,448,-98,44,399,437,0
2096200,718,719,1193,87,8482,-908,1528,1039,-110,314,-138,396,439,0
2099535,719,720,1437,256,8228,452,1181,1073,231,249,-273,399,446,0
2102876,721,721,125,0,9140,991,1221,1087,238,-193,-84,431,443,0
2106204,722,723,181,0,10224,261,1311,1066,-1154,-242,-66,428,444,0
2109538,723,724,143,0,7467,-1322,1841,1053,-284,436,-209,430,429,0
2112876,725,726,368,106,7673,-1097,2236,1066,116,-50,-187,418,416,0
2116206,726,727,500,218,7302,-296,2297,1090,-596,-31,-227,411,410,0
2119541,727,728,481,425,3822,506,2128,1093,-329,218,54,412,399,0
2122876,729,729,0,1081,2817,1321,1668,1079,111,130,291,422,364,0
2126210,730,731,237,912,2804,2523,1727,1063,-732,57,249,409,357,0
2129544,731,732,1175,1756,-672,4837,1771,1031,-908,152,438,397,350,0
2132900,733,733,687,1850,-5571,4745,1783,973,-686,-226,327,407,345,0
2136214,734,734,762,1812,-10461,3586,1023,881,-47,-442,143,403,347,0
2139547,735,735,668,1437,-9134,1273,1657,816,1130,-233,228,408,367,0
2142903,736,736,800,837,-3553,681,1940,749,1125,-297,310,417,415,0
2146217,738,737,162,650,1605,1061,2776,720,-401,-345,-16,435,425,0
2149551,739,739,350,218,-544,2020,1242,666,-274,-90,157,425,432,0
2152909,741,740,425,668,-1282,2184,1631,671,-50,-87,111,421,424,0
2156220,742,742,406,743,-1168,2348,1315,698,-248,2,-143,422,404,0
2159554,743,743,312,762,-3861,2016,693,745,-158,98,290,422,398,0
2162910,745,744,237,1043,-4502,1837,283,795,985,-92,593,426,399,0
2166222,746,745,331,856,50,1726,366,858,591,91,289,421,409,0
2169557,747,747,443,462,4756,2030,229,937,-893,87,-1,415,414,0
2172910,749,748,368,987,369,2268,-139,1019,-662,-201,-12,419,402,0
2176226,750,749,537,1437,-4568,2228,-402,1054,278,-199,-153,410,378,0
2179560,751,751,987,1962,-4827,2389,-299,1110,319,-140,566,386,350,0
2182941,752,751,2112,2393,-2193,2053,-464,1138,570,-420,541,347,348,0
2186229,753,753,2281,1212,79,356,-869,1120,293,-422,781,338,395,0
2189563,754,754,1943,725,2358,-3425,-650,1086,256,-334,476,356,421,0
2192911,755,755,1343,668,2857,-6756,528,1067,19,59,95,388,424,0
2196232,757,757,1212,931,3365,-8845,1050,1059,140,-139,123,395,410,0
2199567,758,758,1081,1043,4121,-9258,744,1042,-61,62,-114,402,404,0
2202911,759,759,368,350,4236,-8812,1102,1028,-24,247,52,440,441,0
2206235,761,761,275,50,3298,-8077,1392,1035,-48,-164,214,429,441,0
2209570,762,762,556,631,2297,-6205,341,1007,-1743,539,267,430,426,0
2212911,763,764,0,593,-4532,-3285,-1604,916,-153,802,620,441,390,0
2216239,765,765,0,743,-6163,602,-2795,771,278,113,577,423,382,0
2219573,766,766,68,837,-3594,3922,-1560,653,-1036,278,-118,418,377,0
2222911,767,767,856,1006,-5106,5043,-1322,540,-193,108,-95,392,384,0
2226242,769,768,593,818,-6535,6020,-1786,417,-107,-123,-54,390,394,0
2229577,770,770,1493,312,-6378,6670,-973,335,778,-50,556,358,405,0
2232936,771,771,1362,481,-2270,5840,475,296,810,-310,867,349,396,0
2236245,772,772,1437,706,1386,5696,1317,282,-14,-399,485,345,384,0
2239579,773,773,2018,2131,4941,4463,3827,345,-332,-736,625,352,346,0
2242937,774,774,1306,2075,3815,910,4336,449,-1179,-487,586,390,349,0
2246249,775,775,1381,2112,442,-1431,5892,581,208,79,248,386,347,0
2249583,776,776,1137,1850,751,-1962,6823,734,-50,268,90,399,361,0
2252937,778,778,706,1475,2251,-762,7061,868,324,62,-118,422,381,0
2256251,779,779,387,893,1500,-1084,7049,1049,393,172,201,439,412,0
2259586,780,780,462,500,1464,-1102,6516,1202,218,-239,113,435,433,0
2262937,782,782,818,612,2613,-1414,6468,1363,-53,-125,104,416,427,0
2266255,783,783,687,0,4308,-1275,6880,1556,-64,-168,158,423,461,0
2269589,784,785,425,256,3647,-2286,7345,1777,449,79,262,432,441,0
2272938,786,786,350,293,4559,-2017,6446,1967,83,-283,20,436,439,0
2276258,787,787,350,631,4971,-2641,5485,2131,-193,-65,-70,436,421,0
2279592,789,789,0,256,3655,-3864,5322,2302,165,-199,178,458,425,0
2282938,790,790,537,875,3955,-4351,5873,2498,-539,216,-117,426,408,0
2286262,791,791,462,1231,3107,-3349,5321,2674,59,260,-104,430,389,0
2289595,793,793,0,1062,2099,-1957,4792,2838,204,104,121,446,398,0
2292969,794,794,800,631,2793,-1045,4694,3012,91,131,-178,417,426,0
2296264,795,795,687,650,2527,-274,4047,3158,-133,170,-1,423,425,0
2299599,797,797,237,350,822,-1077,3812,3261,-254,-73,154,431,425,0
2302938,798,798,593,125,-242,-2057,4149,3358,-64,-127,-107,412,437,0
2306267,799,800,706,237,-590,-2696,4415,3473,-180,-164,-121,422,431,0
2309602,801,801,0,218,-1546,-3686,4634,3583,-290,-253,9,445,432,0
2312939,802,802,406,218,-2831,-3843,4663,3685,178,330,36,422,432,0
2316271,803,804,387,331,-2092,-3003,4086,3802,547,215,220,423,410,0
2319605,805,805,893,443,970,-1680,3994,3977,277,105,231,412,420,0
2322963,806,806,481,162,2046,-903,3716,4181,-779,251,55,396,413,0
2326274,807,808,387,12,746,-514,2765,4316,-753,352,347,401,405,0
2329608,808,809,425,425,-4298,1112,1428,4402,-30,383,442,399,383,0
2332967,810,810,425,668,-4837,3827,684,4479,-40,296,177,399,386,0
2336277,811,811,387,725,-4260,5065,728,4532,-327,71,89,401,383,0
2339612,812,813,406,893,-6989,5905,-1091,4483,-839,372,-131,400,374,0
2342967,813,814,293,950,-10516,7601,-1628,4391,849,125,399,406,355,0
2346280,815,815,293,1043,-6718,8886,-1742,4217,1438,-3,1294,390,350,0
2349614,816,816,1512,1643,2854,9673,-684,4060,-145,-202,415,363,356,0
2352972,817,817,1625,781,4227,8976,-1220,3838,45,-256,126,357,402,0
2356283,818,818,968,706,3289,7873,344,3636,-423,-535,97,392,406,0
2359618,819,820,725,1100,3402,5252,1605,3465,-407,-459,230,405,385,0
2362976,821,821,725,1231,3071,1549,2871,3334,-1315,-254,-85,405,378,0
2366287,822,822,856,1437,-3109,-1113,2749,3217,164,21,-172,398,367,0
2369622,823,823,650,1512,-2019,-1172,2212,3084,279,-87,347,409,363,0
2372976,824,824,856,1700,-417,-608,2639,2951,-399,94,14,414,369,0
2376290,826,825,856,1643,-1671,1069,733,2745,434,-442,314,398,372,0
2379624,827,827,687,1625,-1132,1272,546,2560,-293,-421,660,402,368,0
2382975,828,828,875,1493,-704,2326,216,2396,-988,-516,124,408,375,0
2386293,830,829,556,1400,-5204,1314,-282,2220,-478,208,218,425,380,0
2389627,831,830,331,1662,-8746,932,-1493,1990,-165,-131,163,421,366,0
2392976,832,831,631,1568,-10458,269,-1686,1771,-142,-410,241,421,387,0
2396296,834,832,1156,1456,-12257,-710,-1926,1561,483,199,590,393,393,0
2399630,835,834,518,1212,-8758,-1524,-2135,1348,567,-372,325,411,406,0
2403009,836,835,2712,2018,-5879,-2884,-1235,1183,708,71,444,363,416,0
2406299,837,837,2262,1475,-3065,-3558,-633,1044,817,119,795,387,445,0
2409634,838,838,2243,1175,5267,-3388,66,916,443,-154,341,388,445,0
2412977,839,839,2093,575,8207,-4085,850,805,585,-86,274,396,477,0
2416302,841,841,2600,293,10706,-5579,1722,714,4,37,329,369,492,0
2419637,842,843,2618,593,12178,-7302,3162,667,-379,81,219,368,476,0
2422977,843,844,2375,631,11433,-8325,4166,670,48,-77,50,381,458,0
2426306,844,846,2093,143,10772,-9325,5129,705,159,-137,-324,396,468,0
2429640,845,847,1756,293,10578,-8375,4431,727,536,367,225,430,476,0
2432998,847,849,406,0,13021,-6891,4570,784,-79,297,281,464,461,0
2436309,848,850,781,0,13413,-5742,3741,856,-885,155,469,444,456,0
2439643,850,852,1118,0,6290,-5194,2234,904,-1112,554,321,410,451,0
2443002,851,853,1793,781,821,-2227,1554,930,-250,477,411,390,412,0
2446312,852,855,1268,987,-347,980,996,996,-682,32,64,418,401,0
2449646,854,856,1062,1006,-4649,884,376,1058,-1443,346,-589,429,384,0
2453002,855,857,406,1381,-10542,1497,-224,1106,-253,276,58,448,364,0
2456315,856,858,275,1475,-12945,2843,482,1142,570,-130,92,455,359,0
2459650,858,859,781,1568,-10527,2065,752,1204,-66,-162,-21,450,392,0
2463002,859,860,631,1512,-10836,1277,860,1220,-44,395,118,458,395,0
2466319,861,862,331,818,-10965,1397,945,1199,460,51,-57,458,416,0
2469654,862,863,743,500,-10865,1444,1448,1155,74,-301,-142,436,433,0
2473003,864,864,950,593,-8680,497,2059,1133,35,341,375,425,444,0
2476322,865,866,1268,443,-4753,306,1975,1126,190,7,176,408,436,0
2479656,866,867,1456,368,-3835,228,1127,1078,567,44,24,398,440,0
2483003,868,869,1081,106,-1340,52,928,1085,386,-24,205,418,454,0
2486325,869,870,462,237,1101,139,1207,1105,219,97,295,451,447,0
2489659,870,872,706,50,3398,904,641,1118,307,-166,169,433,436,0
2493003,872,873,200,293,3893,1317,-5,1127,-177,216,-97,460,439,0
2496328,873,875,125,200,2813,1492,-325,1164,-248,70,110,464,428,0
2499662,875,876,350,462,4119,1355,-445,1202,509,-128,171,436,414,0
2503003,876,877,612,725,5393,1233,-854,1236,218,-302,-149,438,416,0
2506331,878,879,481,331,5316,654,-748,1279,-411,141,-34,429,421,0
2509666,879,880,500,350,4682,160,-633,1298,78,-34,54,428,420,0
2513056,880,881,425,743,4788,-293,-559,1300,137,-122,-28,453,420,0
2516334,882,883,368,462,3959,-187,-726,1276,-115,211,-163,440,419,0
2519669,883,884,687,537,2685,208,-1054,1216,40,39,263,423,415,0
2523024,884,885,1887,143,3691,-1117,-1466,1117,168,-238,230,359,436,0
2526338,885,887,2600,181,4912,-4794,-1003,986,298,116,674,337,434,0
2529673,886,888,2450,293,7761,-6484,-1362,814,287,152,446,345,428,0
2533028,888,890,1906,387,9021,-6732,-1287,613,145,481,-94,358,407,0
2536341,889,891,1981,275,8664,-5686,-1622,424,-88,27,141,354,413,0
2539675,890,892,1700,518,7844,-4517,-1432,236,-572,669,221,385,416,0
2543028,891,893,575,893,4720,-1380,-1131,84,-638,644,407,423,374,0
2546344,893,895,387,1062,-26,2759,-2641,-67,-359,444,408,433,365,0
2549679,894,896,462,1118,-2653,5424,-2563,-196,-217,265,174,413,362,0
2553029,895,897,1062,987,-3277,7257,-2500,-305,-608,451,185,397,369,0
2556347,896,898,1100,1062,-6519,7977,-2969,-410,111,147,-17,395,365,0
2559682,898,899,612,1193,-8730,8956,-2479,-480,-12,-8,304,405,358,0
2563029,899,900,500,1212,-7151,8213,-1163,-532,636,-173,934,411,357,0
2566351,900,901,687,1718,-3120,5602,327,-545,-556,-433,335,401,330,0
2569685,901,902,2168,2431,-1763,3672,1889,-513,-275,-390,816,360,330,0
2573030,902,903,1587,2375,-1237,338,3791,-424,-20,-464,744,391,333,0
2576355,904,904,1231,2075,749,-2772,6078,-279,-640,333,143,394,349,0
2579689,905,905,1456,1718,-423,-3153,6863,-129,262,239,377,398,384,0
2583030,906,906,1400,1343,-47,-2291,6190,2,78,241,55,401,404,0
2586357,907,908,1081,856,2224,-456,5856,150,373,420,86,418,414,0
2589692,909,909,987,1137,3955,240,5798,302,-245,105,-67,423,415,0
2593030,910,911,1212,331,3284,850,6007,452,286,75,187,411,442,0
2596361,912,912,518,387,5243,1665,6445,633,-235,-390,-178,448,439,0
2599719,913,913,631,556,6261,834,5914,818,299,-56,259,437,441,0
2603051,914,915,0,556,6808,527,5770,1009,560,-34,384,474,425,0
2606363,916,916,275,650,8774,-75,5034,1180,12,-139,92,440,420,0
2609722,917,918,0,612,8272,-334,3861,1327,-534,433,-69,458,406,0
2613054,919,919,293,1831,7468,783,2049,1415,-693,46,211,439,357,0
2616366,920,920,537,2168,3816,3676,-566,1417,-891,-10,17,426,339,0
2619725,922,921,12,1831,115,5303,-2479,1357,320,-74,207,438,357,0
2623085,923,922,462,1456,513,4782,-3003,1286,189,47,-68,435,398,0
2626370,924,923,631,950,2756,3888,-3780,1200,-122,69,-303,426,425,0
2629728,926,925,312,106,1343,4200,-3660,1132,-402,158,-102,427,454,0
2633055,927,926,312,181,-492,4162,-4102,1035,105,-20,284,427,450,0
2636373,928,928,743,443,-995,3646,-3851,957,-281,-89,65,420,436,0
2639732,930,929,293,593,-1575,3319,-3865,877,-472,158,-67,428,428,0
2643055,931,930,237,818,-3212,3525,-3578,815,-281,141,94,431,416,0
2646376,932,932,331,687,-5690,4221,-3820,741,-260,-191,-308,426,407,0
2649735,934,933,312,931,-8184,4122,-3732,660,-184,-166,-194,427,410,0
2653057,935,935,0,0,-10301,3137,-3082,646,304,-360,227,423,423,0
2656379,936,936,143,0,-8514,1481,-2065,661,-176,-279,-95,414,423,0
2659738,937,937,500,350,-6120,188,-1982,678,-513,-228,-64,411,419,0
2663056,939,939,537,181,-6361,-762,-1849,713,-327,-849,885,393,412,0
2666382,940,940,556,762,-6990,-4117,-187,784,35,-753,535,392,381,0
2669738,941,941,875,893,-6696,-6823,997,852,536,-375,993,375,374,0
2673055,942,942,1175,781,-3840,-8559,2188,910,244,-496,382,359,380,0
2676386,943,943,1456,1025,-756,-8019,3455,959,697,-455,421,344,367,0
2679743,944,945,1962,1175,3179,-8271,3472,949,-98,-183,528,355,381,0
2683077,946,946,1175,1137,4508,-7615,3707,875,-607,249,499,381,383,0
2686390,947,947,743,1006,2170,-5253,2346,734,-260,222,746,404,390,0
2689746,948,948,1137,1437,619,-4285,1779,596,-5,380,558,399,383,0
2693080,949,949,987,1493,1976,-2289,1403,457,273,210,451,407,380,0
2696393,951,951,968,1400,4299,-853,2257,346,29,70,423,408,385,0
2699747,952,952,1062,912,5325,-420,1927,218,157,141,24,403,411,0
2703080,953,953,762,837,7108,-52,1842,75,-396,68,-210,419,415,0
2706395,955,954,312,537,6876,-297,1716,-56,95,-60,49,443,431,0
2709747,956,956,575,518,5595,-765,1323,-195,194,-172,-10,424,427,0
2713081,957,957,500,1081,5912,-772,1938,-291,653,300,199,428,397,0
2716399,959,959,0,950,9465,-233,459,-398,-225,-179,160,446,404,0
2719747,960,960,331,818,7640,-1024,-102,-465,-625,-56,-34,421,395,0
2723081,961,961,631,1737,4724,-1064,-829,-473,-679,450,167,421,362,0
2726402,963,962,331,2056,263,1307,-3013,-490,-733,86,179,437,345,0
2729748,964,963,443,2243,-3062,2862,-4381,-533,-496,34,24,415,335,0
2733113,965,964,856,2375,-5138,3390,-4527,-556,-206,63,11,414,349,0
2736405,966,965,950,2300,-6240,2389,-4998,-598,-204,-142,-73,409,353,0
2739748,968,966,537,2037,-8077,1065,-4073,-597,-252,101,-208,415,367,0
2743082,969,967,650,1850,-9167,127,-3104,-574,93,266,214,409,377,0
2746408,970,968,1137,2112,-9679,887,-2339,-526,299,253,205,399,379,0
2749748,971,970,1512,1156,-9877,1855,-2266,-485,496,292,246,379,414,0
2753082,973,971,1475,481,-7656,3253,-3271,-468,1197,-25,394,365,450,0
2756411,974,973,1212,0,-3588,5328,-2118,-418,-1421,188,188,379,462,0
2759770,975,974,1062,931,-8340,5334,-1541,-369,72,-45,-7,403,426,0
2763104,976,975,350,368,-9963,4383,-2021,-368,1020,140,-134,419,434,0
2766415,978,977,181,0,-5225,5552,-2058,-370,-221,208,-219,412,439,0
2769772,979,978,237,312,-4648,6536,-2255,-383,-642,-358,-100,425,437,0
2773107,980,980,162,143,-9031,4989,-1626,-428,558,-230,-293,429,430,0
2776418,982,981,218,143,-7011,3858,273,-451,131,-44,-398,410,430,0
2779772,983,983,237,237,-6892,3252,610,-500,-619,-444,30,409,409,0
2783107,984,984,106,1006,-10315,933,867,-581,-343,23,-208,416,368,0
2786421,986,985,0,1231,-11269,-614,707,-667,829,-189,317,408,356,0
2789773,987,986,1437,1643,-8216,-842,1795,-727,996,-62,784,367,372,0
2793108,988,987,1662,893,-2853,-830,2533,-721,583,-268,260,355,412,0
2796424,989,989,1381,275,1734,-627,3233,-676,123,-226,612,370,429,0
2799773,990,990,2187,837,4671,-476,3051,-624,-307,-149,161,343,415,0
2803108,991,991,1718,912,6122,-273,2678,-611,80,-131,121,368,411,0
2806428,992,993,1306,931,4664,-1746,2795,-584,-183,-106,170,390,394,0
2809773,994,994,1193,1137,2683,-3006,2303,-570,163,-114,120,396,399,0
2813108,995,995,875,1006,2469,-4387,1126,-588,800,-230,180,413,406,0
2816431,996,997,1081,312,5011,-4568,1023,-597,26,-217,143,402,427,0
2819774,997,998,1475,443,6834,-3681,1612,-608,-226,-172,-229,392,431,0
2823108,999,999,1287,312,5734,-3411,1310,-581,-108,-423,30,386,438,0
2826434,1000,1001,1737,50,5410,-3736,2175,-510,22,-866,242,362,436,0
2829774,1001,1002,2225,387,5872,-2920,2945,-392,83,-1739,322,336,418,0
2833109,1002,1004,2543,650,5154,-2770,3813,-179,233,-1313,381,335,404,0
2836437,1003,1005,2206,1437,2371,-2492,4699,104,100,-748,577,353,362,0
2839795,1004,1006,1362,2131,722,-2933,5593,420,-831,-658,356,398,325,0
2843160,1005,1006,1456,2768,-1086,-3564,6243,772,-186,-126,438,414,328,0
2846440,1007,1007,781,2281,-2257,-3520,6085,1089,612,13,421,434,354,0
2849799,1008,1009,1250,1606,-397,-3350,5851,1369,-136,244,111,409,374,0
2853132,1009,1010,1287,856,1411,-3712,6030,1631,-407,287,203,407,414,0
2856444,1010,1011,1962,1325,1208,-5350,5637,1878,-492,362,223,387,405,0
2859799,1012,1012,1662,1775,-720,-5809,5044,2137,-387,479,297,387,381,0
2863133,1013,1013,1606,1793,-901,-6069,5012,2360,1165,1005,280,390,380,0
2866446,1014,1015,1550,1418,2165,-5082,4139,2538,-311,125,-170,393,384,0
2869799,1015,1016,1606,1981,3332,-4775,3004,2695,197,622,-115,406,370,0
2873132,1017,1017,818,1325,6378,-4357,300,2768,-229,-229,234,410,383,0
2876450,1018,1018,987,1287,6173,-4259,-2249,2769,-1098,41,316,401,385,0
2879799,1019,1019,1700,1643,1941,-3889,-4294,2685,-596,-69,551,379,382,0
2883133,1020,1020,1512,1362,-1775,-3763,-5181,2515,-549,218,372,389,397,0
2886453,1022,1022,856,725,-5161,-3210,-5714,2317,189,560,168,408,415,0
2889800,1023,1023,1231,762,-4620,-1310,-5511,2118,352,571,401,388,413,0
2893133,1024,1024,837,931,-3381,1220,-4793,1946,-202,446,231,409,404,0
2896456,1025,1026,518,1268,-5572,3251,-5544,1717,704,130,149,426,386,0
2899800,1027,1027,818,1287,-5973,2894,-5665,1460,-151,-279,-18,432,407,0
2903133,1028,1028,931,1437,-3811,1096,-5207,1197,48,456,58,426,399,0
2906459,1030,1029,68,1831,-3790,2088,-3984,977,-527,34,-60,456,378,0
2909801,1031,1030,781,2750,-6804,493,-3232,792,-14,-46,738,434,345,0
2913133,1032,1031,1437,2262,-6497,-1183,-2334,632,-94,143,412,399,371,0
2916463,1033,1033,2112,2337,-5711,-2997,-1367,517,139,333,565,363,367,0
2919822,1034,1034,2525,1943,-2705,-1638,-896,454,945,202,468,357,388,0
2923134,1036,1035,1812,2131,1333,-984,117,426,-282,447,200,379,378,0
2926466,1037,1036,1793,1643,3302,-179,208,382,-494,68,-27,380,404,0
2929822,1038,1037,1700,1906,1699,-429,281,350,262,-169,-161,396,401,0
2933158,1039,1039,912,1325,1836,-292,1749,336,3,487,142,438,416,0
2936469,1041,1040,406,1325,4602,239,2189,313,157,81,401,449,416,0
2939825,1042,1041,218,500,5667,-175,2376,268,-295,148,94,459,460,0
2943161,1044,1043,406,181,4883,-328,2198,190,-308,-118,-32,449,477,0
2946472,1045,1045,781,406,5999,-959,2551,95,-59,-84,372,429,465,0
2949826,1046,1046,1156,143,7230,-1214,2411,-24,335,-313,8,409,463,0
2953198,1048,1048,1493,762,7609,-1935,2474,-137,365,-426,-226,444,483,0
2956476,1049,1049,1475,256,8204,-2828,2553,-240,226,-38,147,445,510,0
2959826,1051,1051,500,50,7984,-3573,2441,-352,188,-28,220,481,505,0
2963167,1052,1053,143,87,7555,-4587,2039,-465,-203,-273,62,500,487,0
2966479,1054,1054,762,237,7491,-5131,2043,-558,-474,49,-304,467,495,0
2969827,1056,1056,743,387,6248,-5065,2330,-642,-106,272,-207,452,471,0
2973168,1057,1057,818,987,4332,-3807,647,-751,-23,54,313,448,439,0
2976482,1058,1059,1587,1137,2731,-3103,-588,-864,-153,-248,662,407,415,0
2979826,1060,1060,1662,2075,1772,-3239,-1853,-931,-731,-206,282,403,381,0
2983168,1061,1061,1043,1625,-1073,-2711,-3973,-985,-488,75,392,414,383,0
2986485,1062,1062,1381,1606,-5829,-1693,-5593,-1025,-365,13,239,396,384,0
2989827,1063,1063,1550,1437,-7521,-690,-6453,-1065,224,371,313,403,409,0
2993168,1065,1065,1381,912,-6862,1320,-6074,-1076,-109,434,276,396,421,0
2996488,1066,1066,1343,575,-6651,3378,-4955,-1059,-277,330,23,398,439,0
2999827,1067,1067,1025,1006,-8578,4817,-5188,-1071,420,316,75,415,416,0
